"Time (s)","Linear Acceleration x (m/s^2)","Linear Acceleration y (m/s^2)","Linear Acceleration z (m/s^2)","Absolute acceleration (m/s^2)"
5.492458586E-3,-2.661541468E-1,3.202069046E-1,-4.403128803E-1,6.060081882E-1
1.548045827E-2,-1.563859022E-1,2.369627266E-1,-2.523862928E-1,3.798772500E-1
2.546845842E-2,-5.633941202E-2,1.474685329E-1,-2.317216480E-1,2.803854841E-1
3.545645857E-2,-2.465857087E-1,7.813758530E-2,-3.866851419E-1,4.652261740E-1
4.544445826E-2,-5.144955551E-1,2.724144682E-2,-5.057040471E-1,7.219309911E-1
5.543245841E-2,-3.960096602E-1,1.005256969E-1,-4.599045610E-1,6.151758057E-1
6.541945832E-2,-2.209449737E-1,1.183111363E-1,-3.204484677E-1,4.068186658E-1
7.540745847E-2,-8.404625153E-2,1.557941640E-1,-2.133450186E-1,2.772213753E-1
8.539545862E-2,8.611453962E-2,1.924878542E-1,-2.245687491E-1,3.080558570E-1
9.538345831E-2,1.787975307E-1,1.838833109E-1,-2.541141450E-1,3.610479576E-1
1.053714585E-1,1.525722203E-1,8.221484877E-2,-7.857079089E-2,1.902917049E-1
1.153584584E-1,9.363069680E-2,-3.158673204E-2,1.727442920E-1,1.990100989E-1
1.253464585E-1,1.153714851E-1,-7.922173217E-2,2.495884001E-1,2.861486186E-1
1.353344587E-1,-4.871742938E-2,-1.117434705E-1,2.413338858E-1,2.703738811E-1
1.453224584E-1,-1.862337454E-1,-4.526603725E-2,2.852862364E-1,3.436862796E-1
1.553104585E-1,-5.717323411E-2,3.024062991E-2,2.824392271E-1,2.897502224E-1
1.652984587E-1,-4.624420334E-2,7.927492356E-2,2.275689554E-1,2.453786244E-1
1.752854586E-1,6.020720813E-2,1.691584139E-1,1.300970399E-1,2.217311812E-1
1.852734587E-1,1.506896544E-1,2.044628788E-1,9.687666893E-2,2.718410008E-1
1.952614584E-1,2.403775006E-1,1.643545791E-1,1.581443793E-1,3.313659837E-1
2.052494586E-1,2.387754366E-1,3.830297185E-2,2.567793059E-1,3.527271449E-1
2.152374587E-1,2.246633643E-1,8.931499483E-2,3.244239897E-1,4.046006928E-1
2.252244586E-1,3.645686334E-1,2.071895085E-1,2.888811046E-1,5.092053353E-1
2.352124583E-1,3.914496360E-1,3.348326913E-1,2.205610675E-1,5.603507233E-1
2.452004584E-1,4.253085229E-1,2.981655694E-1,1.226552886E-1,5.336987599E-1
2.551884586E-1,3.064746456E-1,2.632158844E-1,4.827578187E-2,4.068659009E-1
2.651764583E-1,3.027556702E-2,2.684400792E-1,-2.961614728E-3,2.701582078E-1
2.751644584E-1,-2.049032472E-2,2.308367084E-1,-7.922392488E-2,2.449119630E-1
2.851514583E-1,8.376940414E-2,2.600354376E-1,-1.414646119E-1,3.076491155E-1
2.951394585E-1,1.532226317E-1,2.942887193E-1,-1.426890188E-1,3.611691864E-1
3.051274586E-1,1.613304905E-1,2.677174182E-1,-1.937317032E-1,3.677391956E-1
3.151154583E-1,7.395459685E-2,1.804448192E-1,-2.335582584E-1,3.042680977E-1
3.251034585E-1,1.436887465E-2,1.325978210E-1,-2.740619212E-1,3.047926892E-1
3.350904584E-1,6.616584979E-2,1.716703960E-1,-3.342549133E-1,3.815429093E-1
3.450784585E-1,7.758458488E-2,1.451932351E-1,-3.571432543E-1,3.932578638E-1
3.550664587E-1,7.964342605E-2,7.292245366E-2,-3.357547241E-1,3.526924926E-1
3.650544584E-1,4.482800771E-2,-1.070435151E-2,-2.656898779E-1,2.696576434E-1
3.750424585E-1,4.969252568E-2,-5.892652173E-2,-2.320023143E-1,2.444724032E-1
3.850304587E-1,3.552311417E-2,-1.302317817E-1,-2.072662532E-1,2.473489607E-1
3.950174586E-1,-3.607457969E-2,-1.803693536E-1,-2.482528961E-1,3.089724574E-1
4.050054583E-1,-2.652995031E-2,-1.755073207E-1,-2.727240783E-1,3.253998782E-1
4.149934584E-1,-1.124810968E-1,-1.975633836E-1,-3.096708798E-1,3.841605673E-1
4.249814586E-1,-2.353670580E-1,-2.660153485E-1,-2.127141041E-1,4.140158303E-1
4.349694583E-1,-2.286068727E-1,-3.711515385E-1,-3.933831275E-2,4.376780433E-1
4.449564586E-1,-1.391006191E-1,-4.473413431E-1,2.169083118E-2,4.689709497E-1
4.549444583E-1,-2.274778850E-2,-3.788337931E-1,2.808300734E-2,3.805537544E-1
4.649324585E-1,8.056520306E-2,-3.683315360E-1,-4.886342704E-2,3.801927233E-1
4.749204586E-1,-5.450814631E-2,-4.318328096E-1,-5.742082715E-2,4.390305967E-1
4.849084583E-1,-2.049774703E-1,-5.845136236E-1,-2.156511605E-2,6.197878619E-1
4.948964585E-1,-4.726039825E-1,-7.696695080E-1,1.063976902E-1,9.094317700E-1
5.048834584E-1,-6.338454127E-1,-8.179989380E-1,2.067136914E-1,1.055278551E0
5.148714585E-1,-5.355357008E-1,-7.919275191E-1,2.273491001E-1,9.826674390E-1
5.248594587E-1,-3.138567188E-1,-7.357897172E-1,3.401869136E-1,8.692638748E-1
5.348474584E-1,-2.181391964E-2,-6.721012596E-1,5.823078346E-1,8.895382873E-1
5.448354585E-1,4.562725813E-2,-7.603989668E-1,7.995792586E-1,1.104362000E0
5.548224584E-1,-6.614201508E-1,-1.111317860E0,8.875558805E-1,1.568521419E0
5.648104586E-1,-1.053152025E0,-1.645987698E0,1.213620599E0,2.300278167E0
5.747984583E-1,-7.687487908E-1,-1.836870638E0,1.289878816E0,2.372520980E0
5.847864584E-1,-9.353243434E-1,-1.714239176E0,7.777761608E-1,2.101995085E0
5.947744586E-1,-8.339093580E-1,-1.177290532E0,2.882396650E-1,1.471223953E0
6.047624587E-1,-4.513710249E-1,-6.360598263E-1,-1.616035920E-1,7.965071410E-1
6.147494586E-1,-5.863887526E-2,-5.604816404E-1,-4.692390561E-2,5.654909724E-1
6.247374583E-1,3.331570986E-1,-5.366961904E-1,3.888924658E-1,7.418044238E-1
6.347254585E-1,7.302048223E-1,-4.459453569E-1,6.949544442E-1,1.102283096E0
6.447134586E-1,1.174986583E0,-3.516610511E-1,8.543156290E-1,1.494695340E0
6.547014583E-1,1.130935707E0,-3.304517381E-1,8.013182205E-1,1.424894668E0
6.646884587E-1,7.935841084E-1,-5.817046943E-1,6.776168650E-1,1.194705279E0
6.746764584E-1,7.137206443E-1,-6.005625495E-1,-1.236095542E-1,9.409313768E-1
6.846644585E-1,1.131937627E-1,-3.968038948E-1,-6.748850459E-1,7.910347552E-1
6.946524587E-1,-5.397088221E-1,-7.577995871E-1,-1.013531218E0,1.375787541E0
7.046404583E-1,-1.063806090E0,-1.316352670E0,-3.295707089E-1,1.724263495E0
7.146284585E-1,-1.249218594E0,-1.890545154E0,-5.473753989E-2,2.266650452E0
7.246154584E-1,-6.929699723E-1,-1.621594868E0,-2.778883392E-1,1.785216858E0
7.346034585E-1,6.080753446E-2,-1.147927423E0,-3.725600231E-1,1.208402208E0
7.445911253E-1,1.411091743E-1,-9.642454760E-1,-1.595816249E-1,9.874955352E-1
7.545791250E-1,1.066787951E-1,-6.484135312E-1,-4.200522780E-2,6.584716485E-1
7.645671251E-1,1.150037684E-2,-5.536632022E-1,1.485970455E-1,5.733727253E-1
7.745541250E-1,-2.833054921E-1,-6.116988641E-1,8.401922643E-2,6.793355081E-1
7.845421252E-1,-5.069452648E-1,-5.407873410E-1,-1.245486170E-1,7.516360873E-1
7.945301253E-1,-7.313203248E-1,-3.749646905E-1,-9.766779721E-2,8.276272925E-1
8.045181250E-1,-7.267695831E-1,8.101902008E-3,2.976291239E-1,7.853933811E-1
8.145061252E-1,-6.239837180E-1,2.669297799E-1,1.367956102E-1,6.923295651E-1
8.244941253E-1,-3.977790642E-1,-7.714681846E-1,-7.851565164E-1,1.170411081E0
8.344811252E-1,-1.935559943E-2,-1.247767461E0,-5.997915941E-1,1.384575109E0
8.444691254E-1,2.257900862E-1,-1.383325654E0,-5.744409907E-1,1.514778360E0
8.544571251E-1,2.261964677E-1,-1.391864490E0,-4.296428812E-1,1.474125030E0
8.644451252E-1,3.026428921E-1,-1.325899711E0,-3.611947900E-1,1.407147626E0
8.744331254E-1,2.141275223E-1,-1.236940464E0,-4.785115707E-1,1.343445433E0
8.844201253E-1,3.068752529E-1,-1.079316926E0,-5.678552717E-1,1.257599720E0
8.944081250E-1,2.081904788E-1,-1.043860287E0,-6.974272317E-1,1.272553464E0
9.043961251E-1,-1.570586975E-1,-1.146562976E0,-8.385562134E-1,1.429143315E0
9.143841253E-1,-2.318180539E-1,-1.445606833E0,-1.157595502E0,1.866426016E0
9.243721250E-1,-1.939332128E-1,-1.720861440E0,-1.898352356E0,2.569575034E0
9.343601251E-1,-1.864199427E-1,-1.806997505E0,-2.252065634E0,2.893404914E0
9.443471250E-1,-2.112864333E-1,-1.713400686E0,-2.569022144E0,3.095199290E0
9.543351252E-1,-2.709905250E-1,-1.421478590E0,-2.611499827E0,2.985627002E0
9.643231253E-1,-1.260513514E-1,-8.906147783E-1,-2.933735204E0,3.068531550E0
9.743111250E-1,3.798330092E-1,-3.747077054E-1,-2.935686420E0,2.983778432E0
9.842991251E-1,7.587995341E-1,1.240013176E-1,-2.877587315E0,2.978533501E0
9.942861251E-1,1.489707996E0,5.385136512E-1,-2.870562471E0,3.278621015E0
1.004274125E0,2.773626745E0,8.591036215E-1,-2.954900370E0,4.142764844E0
1.014262125E0,3.586725351E0,1.384147627E0,-3.086255146E0,4.930054180E0
1.024250125E0,3.310023996E0,1.259782905E0,-2.835762767E0,4.537054363E0
1.034238125E0,2.698729175E0,6.277082482E-1,-2.318223370E0,3.612660571E0
1.044225125E0,2.204710788E0,5.053701711E-1,-1.897896273E0,2.952652864E0
1.054213125E0,2.046013408E0,1.120006676E0,-1.510098991E0,2.778666008E0
1.064201125E0,2.167453499E0,1.583906055E0,-1.150536743E0,2.920675925E0
1.074189125E0,2.266995622E0,1.792219545E0,-3.976773226E-1,2.917099124E0
1.084177125E0,2.158383591E0,1.696924548E0,6.546156728E-1,2.822533317E0
1.094165125E0,1.887501970E0,1.464356807E0,1.787458157E0,2.983623839E0
1.104152125E0,1.543884057E0,1.553387098E0,2.912537878E0,3.644100210E0
1.114140125E0,1.187459425E0,1.468591361E0,3.808661098E0,4.251202164E0
1.124128125E0,9.446885861E-1,1.207523707E0,4.592570404E0,4.841720040E0
1.134116125E0,3.150437401E-1,3.672402263E-1,5.130538802E0,5.153304410E0
1.144104125E0,-3.751659809E-1,-7.507070607E-1,5.544148033E0,5.607306664E0
1.154091125E0,-5.873738623E-1,-8.733220035E-1,6.025546959E0,6.116773294E0
1.164079125E0,-2.524171369E-1,-4.645723933E-1,6.266814187E0,6.289077990E0
1.174067125E0,3.092212290E-2,-5.462270057E-1,6.222190576E0,6.246196897E0
1.184055125E0,2.246244073E-1,-8.074624747E-1,5.898672320E0,5.957918001E0
1.194043125E0,1.537939046E-1,-1.073445883E0,5.399699003E0,5.507511956E0
1.204031125E0,-3.741864261E-1,-1.376079054E0,4.830549742E0,5.036647680E0
1.214018125E0,-1.146694246E0,-1.537207852E0,4.311334534E0,4.718635516E0
1.224006125E0,-1.929402971E0,-1.397178732E0,3.709684110E0,4.408680123E0
1.233994125E0,-2.337275207E0,-1.108039765E0,3.020445319E0,3.976643992E0
1.243982125E0,-2.209183323E0,-9.267649698E-1,2.281225698E0,3.308077229E0
1.253970125E0,-1.841594018E0,-9.618932873E-1,1.466959988E0,2.543359752E0
1.263957125E0,-1.372989531E0,-9.340774977E-1,7.120517027E-1,1.806825573E0
1.273945125E0,-8.522373824E-1,-8.155760711E-1,9.558911204E-2,1.183473769E0
1.283933125E0,-3.981664422E-1,-6.643752605E-1,-2.793893194E-1,8.234011138E-1
1.293921125E0,-8.463157609E-2,-3.676910466E-1,-3.459967071E-1,5.119305917E-1
1.303909125E0,-1.861287879E-1,-1.063544208E-1,-3.026185530E-1,3.708546577E-1
1.313896125E0,-6.893887720E-1,3.007696635E-1,-4.614464718E-1,8.824126675E-1
1.323884125E0,-1.130814158E0,2.967590582E-1,-7.540399736E-1,1.391180391E0
1.333872125E0,-1.134638018E0,6.715000927E-2,-8.493875957E-1,1.418933347E0
1.343860125E0,-1.032782299E0,4.389914095E-2,-9.005483937E-1,1.370968205E0
1.353848125E0,-8.264752811E-1,1.196620989E-1,-1.000673776E0,1.303352759E0
1.363836125E0,-4.230408631E-1,1.588822979E-1,-1.008874496E0,1.105456876E0
1.373823125E0,1.723082359E-1,9.715499640E-2,-9.021043378E-1,9.235374696E-1
1.383811125E0,8.102336895E-1,-1.994450176E-1,-8.245036000E-1,1.173057174E0
1.393799125E0,1.483899518E0,-7.265153754E-1,-6.185348439E-1,1.764190387E0
1.403787125E0,2.452431149E0,-9.911287808E-1,-5.664133483E-1,2.705102379E0
1.413775125E0,3.568576763E0,-6.996649611E-1,-6.910631222E-1,3.701599574E0
1.423762125E0,-1.564087502E0,-5.757285476E-1,3.514422190E-1,1.703333411E0
1.433750125E0,-8.530223711E-1,1.396788722E-1,1.985115681E0,2.165142401E0
1.443738125E0,-2.917029709E-3,2.555817962E-2,9.958018756E-1,9.961340799E-1
1.453726125E0,1.047018076E0,-3.249309433E-1,-3.171360201E-1,1.141228384E0
1.463714125E0,1.169003858E0,-1.646201706E-1,-1.682828665E-1,1.192471779E0
1.473702125E0,4.362417564E-1,2.224427015E-1,8.167683184E-2,4.964461001E-1
1.483689125E0,-5.860385044E-1,8.246012485E-1,9.856592953E-2,1.016426874E0
1.493677125E0,-1.358495599E0,1.155844261E0,-2.984664452E-1,1.808471307E0
1.503665125E0,-1.909503142E0,1.162984296E0,-5.565859330E-1,2.304023139E0
1.513653125E0,-1.829820065E0,5.374175906E-1,-2.067364955E-1,1.918280249E0
1.523641125E0,-9.880582617E-1,-3.776792604E-1,3.755906349E-1,1.122483442E0
1.533628125E0,-3.184183145E-1,-1.002497522E0,3.916435808E-1,1.122397523E0
1.543616125E0,-5.803668514E-1,-8.522404522E-1,-4.403380233E-1,1.121176634E0
1.553604125E0,-7.077209625E-1,2.210440475E-1,-9.173796040E-1,1.179540067E0
1.563592125E0,8.350482677E-2,5.100122756E-1,2.870228595E-1,5.911579308E-1
1.573580125E0,8.861364689E-1,3.556451976E-1,1.316484817E0,1.626300594E0
1.583567125E0,6.839222100E-1,1.178073621E-1,8.686047623E-1,1.111801420E0
1.593555125E0,4.244977699E-1,-1.040389234E-1,3.089931875E-2,4.381520537E-1
1.603543125E0,-1.729460666E-2,-1.259098488E-1,-1.921643570E-1,2.303899597E-1
1.613531125E0,-3.682424390E-1,-4.438861138E-1,4.964911741E-1,7.610130497E-1
1.623519125E0,-4.463647485E-1,-8.767069566E-1,8.445443469E-1,1.296576928E0
1.633507125E0,-4.735547398E-1,-1.306198980E0,1.120734947E0,1.785064897E0
1.643494125E0,-4.705695900E-1,-1.371049864E0,6.902892432E-1,1.605525679E0
1.653482125E0,-4.083793353E-1,-9.165551466E-1,-2.936074090E-1,1.045491429E0
1.663470125E0,-3.115580687E-1,-4.274086601E-1,-6.489988375E-1,8.372252289E-1
1.673458125E0,3.446452694E-1,1.128606176E-1,-9.320315570E-1,1.000100347E0
1.683446125E0,1.075168473E0,1.048494059E0,-1.004063114E0,1.806507618E0
1.693433125E0,-2.624742016E-1,3.691171825E-2,-9.487171715E-1,9.850479445E-1
1.703421125E0,-1.220956954E0,-6.324617422E-1,1.136078918E-1,1.379728413E0
1.713409125E0,-3.418731044E-1,-6.409209090E-1,2.390467474E-1,7.647222886E-1
1.723397125E0,-4.708856320E-1,-6.933049446E-1,-5.063390547E-1,9.791752974E-1
1.733385125E0,-8.396066657E-1,-7.226532894E-1,-2.543720073E-1,1.136605581E0
1.743372125E0,-1.475053704E-1,-6.150575048E-1,2.357036018E-1,6.749887083E-1
1.753360000E0,4.115169512E-1,-3.904256058E-1,7.082983750E-1,9.074496916E-1
1.763348000E0,4.526870504E-1,4.308053076E-2,5.801572287E-1,7.371322186E-1
1.773336000E0,5.152295999E-1,4.996270359E-1,8.094300628E-2,7.222468317E-1
1.783324000E0,5.475939386E-1,6.885464805E-1,-3.916856807E-1,9.630021028E-1
1.793312000E0,1.564782152E-1,5.819429684E-1,-5.888795203E-1,8.425687744E-1
1.803299000E0,-1.662344407E-1,3.592681324E-1,-4.754499686E-1,6.186761292E-1
1.813287000E0,-1.216881500E-1,2.200260472E-1,-3.986377278E-1,4.713082912E-1
1.823275000E0,-1.785273345E-1,1.123641890E-1,-4.200616336E-1,4.700526525E-1
1.833263000E0,3.839517148E-1,-1.344093615E-1,-4.031479776E-1,5.727242684E-1
1.843251000E0,1.130668489E0,-1.220734906E-1,-1.084649733E-1,1.142400026E0
1.853238000E0,1.007460493E0,1.375966787E-2,-1.504742941E-1,1.018728858E0
1.863226000E0,5.778926021E-1,1.529602379E-1,-3.613187510E-1,6.985040685E-1
1.873214000E0,2.110343452E-1,3.428877425E-1,-1.731003875E-1,4.382593330E-1
1.883202000E0,-7.878903821E-1,4.686555040E-1,1.242264354E-1,9.251169888E-1
1.893190000E0,-1.530413972E0,1.055953937E0,-2.799383730E-2,1.859566965E0
1.903177000E0,-9.362400904E-1,6.700792193E-1,-4.846727818E-1,1.249183482E0
1.913165000E0,-4.393643157E-1,7.248524272E-1,-3.238114938E-1,9.073620704E-1
1.923153000E0,-3.449598496E-1,9.868778551E-1,-2.263188207E-1,1.069647328E0
1.933141000E0,1.314717112E-1,1.084309425E0,-1.579856274E-1,1.103617324E0
1.943129000E0,8.485849191E-1,1.149438636E0,2.778400996E-1,1.455507013E0
1.953117000E0,1.899675581E0,9.073153764E-1,3.565848452E-1,2.135214569E0
1.963104000E0,1.676882339E0,6.758463281E-1,1.044725237E0,2.088098048E0
1.973092000E0,9.916665785E-1,4.432212853E-1,1.347024532E0,1.730411165E0
1.983080000E0,2.005748458E-1,9.760055423E-2,1.465588816E0,1.482466429E0
1.993068000E0,-1.539174855E0,-1.691856766E-1,1.934308932E0,2.477747782E0
2.003056000E0,-2.127822241E0,-3.782727528E-1,1.974113852E0,2.927087847E0
2.013043000E0,-9.061739999E-1,3.592336339E-1,1.364944493E0,1.677281608E0
2.023031000E0,3.160757737E-1,1.162175626E0,2.743531126E-1,1.235243179E0
2.033019000E0,1.005313687E0,1.420343061E0,1.059679198E-1,1.743347132E0
2.043007000E0,2.291832109E0,8.792522496E-1,1.618892285E-1,2.460038019E0
2.052995000E0,3.430084583E0,9.926940805E-1,-2.308129907E-2,3.570917883E0
2.062983000E0,2.295659550E0,9.991108149E-1,2.655931064E-1,2.517700317E0
2.072970000E0,2.170710106E-1,7.831538451E-1,2.019347620E-1,8.373932271E-1
2.082958000E0,-9.913270015E-1,6.470119536E-1,-2.364029288E-3,1.183790218E0
2.092946000E0,-1.011519045E0,4.055003124E-1,-3.214848867E-1,1.136201485E0
2.102934000E0,-1.368172303E0,2.147115129E-1,4.621873140E-2,1.385688513E0
2.112922000E0,-1.839884877E0,-2.674528134E-1,9.438449791E-1,2.085078107E0
2.122909000E0,-1.239522887E0,-4.411361682E-1,1.059102370E0,1.688998501E0
2.132897000E0,-1.355921509E0,-2.729129434E-2,1.213843963E0,1.820078328E0
2.142885000E0,-1.281677073E0,2.036047268E-1,9.679638666E-1,1.618982721E0
2.152873000E0,-6.155532025E-1,-1.577923769E-1,7.595691007E-1,9.903279245E-1
2.162861000E0,-9.836722653E-1,-5.810389888E-1,5.652126226E-1,1.274630433E0
2.172848000E0,-8.982440060E-1,-1.598594846E0,7.958879113E-2,1.835397001E0
2.182836000E0,-1.983957347E-1,-2.593419067E0,3.625899357E-1,2.626148279E0
2.192824000E0,8.028124765E-2,-1.666524289E0,-8.154000700E-2,1.670448160E0
2.202812000E0,5.287635653E-1,-1.616151695E0,-1.068163508E-1,1.703803669E0
2.212800000E0,9.422314399E-1,-1.324164550E0,-7.385504070E-1,1.785124238E0
2.222787000E0,1.181356540E0,-4.224040282E-1,-6.311180520E-1,1.404399670E0
2.232775000E0,1.402981216E0,-9.066224813E-2,-4.307281244E-1,1.470409009E0
2.242763000E0,1.991017860E-1,-5.736060083E-2,-3.095580286E-1,3.725022588E-1
2.252751000E0,-7.108672030E-1,-3.201508445E-1,-4.235983220E-1,8.872791454E-1
2.262739000E0,-9.090087301E-1,-5.935684025E-2,-1.717929500E-1,9.270021162E-1
2.272727000E0,-1.039290542E0,7.863920331E-2,1.447706276E-1,1.052267784E0
2.282714000E0,-1.203200934E0,4.525160193E-2,6.099391446E-1,1.349728104E0
2.292702000E0,-1.688425035E0,3.067724150E-1,1.181186678E0,2.083288358E0
2.302690000E0,-1.685031896E0,6.853164786E-1,1.221435403E0,2.191094614E0
2.312678000E0,-1.228244924E0,9.614980155E-1,1.190324415E0,1.962125439E0
2.322666000E0,-9.326341856E-1,1.059072842E0,1.429538392E0,2.008736375E0
2.332653000E0,-8.757595615E-1,1.241839846E0,1.222258398E0,1.950137586E0
2.342641000E0,-1.513438043E0,1.255251020E0,8.712889266E-1,2.150649722E0
2.352629000E0,-1.553857214E0,7.044117308E-1,5.638478824E-1,1.796828473E0
2.362617000E0,-5.825665739E-1,3.015298015E-1,5.580025671E-1,8.612031695E-1
2.372605000E0,2.123604937E-1,1.359828472E-2,1.477484684E-1,2.590588785E-1
2.382592000E0,4.462619837E-1,9.094583809E-2,3.760309303E-1,5.906099932E-1
2.392580000E0,7.985217896E-1,5.413457501E-1,4.232039273E-1,1.053467529E0
2.402568000E0,1.642249281E0,4.777198577E-1,-2.200102597E-1,1.724413952E0
2.412556000E0,2.744497378E0,1.940059376E-1,-5.601474720E-1,2.807787270E0
2.422544000E0,3.133326986E0,1.739026254E-1,-6.012177300E-1,3.195221884E0
2.432531000E0,3.270143647E0,-5.500943542E-1,-7.809102684E-1,3.406796753E0
2.442519000E0,2.648709168E0,-9.535726994E-1,-5.948192681E-1,2.877285372E0
2.452507000E0,1.488964230E0,-5.301360530E-1,-2.005935569E-1,1.593203216E0
2.462495000E0,1.340056989E0,-6.702242303E-1,-4.376028420E-1,1.560913035E0
2.472483000E0,1.527691216E0,-5.921001667E-1,-2.048747420E-1,1.651180402E0
2.482471000E0,6.509158471E-1,-9.412379980E-2,2.450649210E-1,7.018600610E-1
2.492458000E0,-2.203435510E-1,5.080569667E-1,3.511854532E-1,6.557471955E-1
2.502446000E0,-2.547009131E-1,5.330994219E-1,1.160835298E-1,6.021153832E-1
2.512434000E0,-3.282737964E-1,6.377563959E-1,-1.965665795E-2,7.175536845E-1
2.522422000E0,-1.793688950E-1,7.221703094E-1,-9.045130983E-3,7.441673002E-1
2.532410000E0,-1.139826983E-2,9.016026467E-1,3.537969659E-1,9.686018512E-1
2.542397000E0,2.242453980E-1,1.054205035E0,1.189186912E0,1.604929832E0
2.552385000E0,2.361760569E-1,8.714462167E-1,2.005672737E0,2.199527396E0
2.562373000E0,9.959182352E-2,5.312166184E-1,1.530957763E0,1.623558222E0
2.572361000E0,7.319807678E-2,8.335170829E-1,9.273965422E-1,1.249068866E0
2.582349000E0,1.370637050E-1,1.124023129E0,6.696704990E-1,1.315550467E0
2.592336000E0,3.045411175E-1,1.046594299E0,2.621452957E-1,1.121082100E0
2.602324000E0,1.432234544E-1,1.277107912E0,-2.986933172E-2,1.285460911E0
2.612312000E0,-4.379009038E-2,1.096036600E0,1.488536652E-1,1.106964866E0
2.622300000E0,6.634250879E-3,4.587930053E-1,4.599583554E-1,6.496897135E-1
2.632288000E0,5.698067799E-1,-1.385760874E-1,3.339682536E-1,6.748465698E-1
2.642276000E0,1.045807264E0,-1.953157139E-1,1.872985965E-1,1.080250816E0
2.652263000E0,9.943596599E-1,-1.123349530E-1,6.236551776E-1,1.179116642E0
2.662251000E0,6.579693434E-1,-6.439813417E-1,9.251944077E-1,1.305228071E0
2.672239000E0,5.108545670E-1,-1.159796394E0,6.654056130E-1,1.431385585E0
2.682227000E0,4.932632187E-1,-1.432875983E0,4.300675352E-1,1.575246098E0
2.692215000E0,-7.692012191E-4,-7.362790561E-1,1.812436585E-1,7.582589952E-1
2.702202000E0,1.350560635E-2,1.312390012E-1,-3.335334400E-1,3.586790103E-1
2.712190000E0,-2.747624177E-1,9.954305774E-1,-2.342616785E-1,1.058893269E0
2.722178000E0,-1.121525198E-1,9.239167911E-1,-1.290131854E-1,9.395982261E-1
2.732166000E0,3.350454569E-4,6.746043795E-1,-1.150418483E-1,6.843433407E-1
2.742154000E0,9.270877361E-2,4.889260465E-1,-1.591962934E-2,4.978925891E-1
2.752141125E0,1.317377687E-2,6.602979970E-1,6.066989100E-1,8.968001788E-1
2.762129125E0,-2.407675830E-1,8.882201242E-1,1.090990015E0,1.427292272E0
2.772117125E0,-4.312309849E-1,9.423220718E-1,6.017667836E-1,1.198354835E0
2.782105125E0,-3.256866959E-1,1.179865792E0,2.725381368E-1,1.253966566E0
2.792093125E0,-2.582794091E-1,1.673803487E0,4.217226814E-1,1.745329879E0
2.802080125E0,-5.920799938E-1,2.075709516E0,6.959588496E-1,2.267925800E0
2.812068125E0,-1.328303209E0,1.898605540E0,9.353995532E-1,2.498812665E0
2.822056125E0,-9.874634537E-1,3.696691597E-1,1.233310074E0,1.622588395E0
2.832044125E0,2.965643460E-1,-1.167697152E0,7.603204679E-1,1.424624254E0
2.842032125E0,3.641947040E-1,-1.450245137E0,-1.640187845E-1,1.504244296E0
2.852019125E0,6.563587278E-2,-1.126928610E0,-9.707486030E-1,1.488834783E0
2.862007125E0,-7.055601239E-2,-6.736705792E-1,-1.474163758E0,1.622334424E0
2.871995125E0,-4.010587674E-1,-6.483509660E-2,-9.318309975E-1,1.016543522E0
2.881983125E0,-9.790724069E-1,2.627580839E-1,-2.763958374E-1,1.050723202E0
2.891971125E0,-1.555688854E0,4.243733704E-2,4.184869784E-1,1.611552075E0
2.901959125E0,-1.793796539E0,-1.093877808E0,1.253010367E0,2.446284869E0
2.911946125E0,-1.336133508E0,-2.145083222E0,7.236926320E-1,2.628757464E0
2.921934125E0,-9.356635550E-1,-2.300998058E0,2.574321476E-1,2.497264435E0
2.931922125E0,-8.222193852E-1,-1.910771257E0,-2.415718675E-2,2.080306488E0
2.941910125E0,-6.401347509E-1,-1.469262621E0,-1.079011555E-1,1.606283851E0
2.951898125E0,-3.087139830E-1,-1.163874242E0,-3.073992366E-1,1.242739661E0
2.961885125E0,9.220065057E-2,-8.406904471E-1,-1.297726656E-1,8.556297871E-1
2.971873125E0,1.382486433E-1,-5.717939562E-1,9.042338938E-2,5.951784648E-1
2.981861125E0,-1.717072883E-1,-8.607259315E-1,4.743460143E-1,9.976656070E-1
2.991849125E0,-6.062735251E-1,-1.168231003E0,7.830216980E-1,1.531487591E0
3.001837125E0,-6.595688492E-1,-1.416886772E0,9.981657587E-1,1.854436322E0
3.011824125E0,-2.021230423E-1,-1.385173813E0,9.473821060E-1,1.690293783E0
3.021812125E0,9.750846058E-2,-8.603961486E-1,7.577826302E-1,1.150662395E0
3.031800125E0,2.438417566E-1,-3.327591956E-1,3.643060935E-1,5.503693435E-1
3.041788125E0,2.891076842E-1,-1.826231629E-1,2.346342923E-1,4.147140265E-1
3.051776125E0,1.991894943E-1,-1.817606986E-2,5.376653664E-1,5.736644231E-1
3.061763125E0,1.775039256E-1,4.035414952E-1,1.022943481E0,1.113897099E0
3.071751125E0,5.889315605E-2,7.835467780E-1,1.305342363E0,1.523592019E0
3.081739125E0,2.216696995E-1,8.074922955E-1,1.437516918E0,1.663621397E0
3.091727125E0,4.482276714E-1,1.950578517E-1,2.774662871E0,2.817394126E0
3.101715125E0,9.828614026E-2,-5.192152083E-1,3.401493745E0,3.442296369E0
3.111703125E0,-3.461545819E-1,-7.578114277E-1,2.811391572E0,2.932238688E0
3.121690125E0,-2.007840300E-1,-5.801917273E-1,1.841862552E0,1.941492809E0
3.131678125E0,-8.676771015E-1,2.732035500E-1,4.601776260E-1,1.019444545E0
3.141666125E0,-1.002700128E0,3.636301553E-1,7.334848179E-1,1.294462983E0
3.151654125E0,3.490945619E-1,-1.544167793E-1,7.107114478E-1,8.067355930E-1
3.161642125E0,2.723972189E-1,-1.003334844E0,2.368578422E-1,1.066293904E0
3.171629125E0,-1.017375178E0,-7.718769050E-1,2.988026601E-1,1.311536976E0
3.181617125E0,-1.304372017E0,-3.569614059E-1,7.820586616E-1,1.562185506E0
3.191605125E0,-1.610113860E0,-4.196920896E-1,1.382682461E0,2.163427577E0
3.201593125E0,-2.291617662E0,-8.510470355E-1,1.791410290E0,3.030667153E0
3.211581125E0,-2.759047882E0,-1.252584105E0,2.034096052E0,3.649501186E0
3.221568125E0,-2.640788238E0,-1.137822558E0,2.090815213E0,3.555265243E0
3.231556125E0,-2.112184448E0,-5.995214528E-1,1.932290180E0,2.924806738E0
3.241544125E0,-1.688213073E0,4.424412668E-2,1.734733229E0,2.421016377E0
3.251532125E0,-1.349185663E0,4.577422607E-1,1.673062645E0,2.197491421E0
3.261520125E0,-1.195198069E0,5.227977973E-1,1.759305422E0,2.190198970E0
3.271507125E0,-1.317209871E0,2.784338844E-1,1.803835039E0,2.250863861E0
3.281495125E0,-1.526615913E0,-3.150655210E-2,1.770074970E0,2.337672819E0
3.291483125E0,-1.779812922E0,-3.395337796E-1,1.684893317E0,2.474243867E0
3.301471125E0,-2.079933545E0,-5.207688135E-1,1.689385732E0,2.729715711E0
3.311459125E0,-1.547379668E0,-3.782780153E-1,1.854368430E0,2.444618655E0
3.321446125E0,-9.462388292E-1,-3.313424152E-1,2.120754712E0,2.345795444E0
3.331434125E0,-6.671351463E-1,-6.172548884E-1,2.178888899E0,2.360853603E0
3.341422125E0,2.224222362E-2,-6.855988991E-1,2.127105373E0,2.234976025E0
3.351410125E0,1.194515991E-1,-5.550142014E-1,2.294173772E0,2.363375287E0
3.361398125E0,-1.998285949E-2,-3.672466582E-1,2.446172728E0,2.473667406E0
3.371386125E0,-9.357398611E-1,-3.677717382E-1,2.291254258E0,2.502141325E0
3.381373125E0,-2.689143249E0,-7.345640677E-1,1.250665634E0,3.055362550E0
3.391361125E0,-5.286353066E0,-1.496704189E0,6.777916968E-2,5.494565150E0
3.401349125E0,-6.204450123E0,-1.363405799E0,2.600794744E-1,6.357807644E0
3.411337125E0,-5.047811226E0,-8.099288303E-1,4.803937894E-1,5.134896403E0
3.421325125E0,-3.723686437E0,-7.387804949E-1,1.257044361E0,3.998974597E0
3.431312125E0,-2.118162641E0,-9.691683930E-1,1.873563670E0,2.989337915E0
3.441300125E0,-5.798373860E-1,-1.257288190E0,2.021615170E0,2.450288327E0
3.451288125E0,7.413977087E-1,-1.624060639E0,1.894013722E0,2.602793019E0
3.461276125E0,1.494407403E0,-1.735044885E0,1.917590865E0,2.986768984E0
3.471264125E0,1.471896792E0,-1.247202913E0,1.359413466E0,2.360084796E0
3.481251125E0,2.112003769E0,-1.773709014E0,1.329051653E0,3.061532603E0
3.491239125E0,1.431605968E0,-1.221520187E0,1.819329575E0,2.617549869E0
3.501227125E0,9.868614829E-1,-3.212770182E-1,1.537736440E0,1.855194833E0
3.511215125E0,8.101042467E-1,8.825378001E-2,1.480322045E0,1.689796135E0
3.521203125E0,1.156016169E0,-3.680190754E-1,1.391483982E0,1.846087510E0
3.531190125E0,2.487150600E0,-8.538016587E-1,1.256275452E0,2.914296380E0
3.541178125E0,4.550753456E0,-7.399084228E-1,9.136811670E-1,4.700173908E0
3.551166125E0,6.635283498E0,-4.703810173E-1,3.970107400E-1,6.663772424E0
3.561154125E0,8.656228577E0,-2.931413859E-1,-3.084569979E-1,8.666681647E0
3.571142125E0,9.918599167E0,-7.256160736E-2,-1.146077145E0,9.984856906E0
3.581129125E0,9.874803522E0,-1.108170158E-1,-1.862678493E0,1.004955701E1
3.591117125E0,9.554119996E0,-7.678741935E-1,-2.407598062E0,9.882680208E0
3.601105125E0,8.696077936E0,-1.591410079E0,-2.833705716E0,9.283547038E0
3.611093125E0,6.757287991E0,-2.310572873E0,-3.268601736E0,7.853880907E0
3.621081125E0,4.221738233E0,-2.877577083E0,-3.689197513E0,6.301880819E0
3.631069125E0,1.490485091E0,-3.102928774E0,-4.125985984E0,5.373404239E0
3.641056125E0,-8.605417442E-1,-2.869536869E0,-4.406108836E0,5.328092437E0
3.651044125E0,-2.946810163E0,-2.234224609E0,-4.262736278E0,5.643258838E0
3.661032125E0,-4.566780674E0,-1.444659877E0,-3.805082895E0,6.117285650E0
3.671020125E0,-5.092667556E0,-8.242293656E-1,-3.074396116E0,6.005541471E0
3.681008125E0,-4.800147729E0,-5.126321205E-1,-2.126984335E0,5.275250920E0
3.690995125E0,-3.905046601E0,-4.231893092E-1,-1.063701790E0,4.069390575E0
3.700983125E0,-2.701304289E0,-3.315666559E-1,-7.753378719E-2,2.722681178E0
3.710971125E0,-1.596530194E0,-1.577166554E-1,6.150846943E-1,1.718171232E0
3.720959125E0,-4.573452348E-1,-1.204602438E-1,1.051307009E0,1.152788689E0
3.730947125E0,4.331260675E-1,-2.285536265E-1,1.289774151E0,1.379620350E0
3.740934125E0,9.601397073E-1,-3.227721512E-1,1.414051457E0,1.739422790E0
3.750922209E0,1.175966284E0,-1.807160935E-1,1.001409063E0,1.555112575E0
3.760910208E0,1.059727730E0,1.236016604E-1,3.654922011E-1,1.127778694E0
3.770898208E0,6.098990911E-1,2.692192572E-1,-1.213883431E-1,6.776363624E-1
3.780886209E0,1.935147715E-1,4.109300369E-1,-3.767036524E-1,5.900992321E-1
3.790873209E0,8.698668838E-2,5.384390992E-1,-3.576092774E-1,6.522022254E-1
3.800861209E0,1.601470506E-1,6.303801334E-1,-1.036009669E-1,6.586040926E-1
3.810849208E0,1.881902969E-1,7.321345496E-1,2.798035946E-1,8.060562252E-1
3.820837209E0,2.572891831E-1,6.600570917E-1,6.498604247E-1,9.613488751E-1
3.830825209E0,3.054351568E-1,5.314902681E-1,8.584399626E-1,1.054842031E0
3.840812209E0,2.752980226E-1,5.090240961E-1,9.316263449E-1,1.096732501E0
3.850800208E0,2.395966780E-1,4.087268060E-1,8.103071451E-1,9.386489437E-1
3.860788208E0,1.587823105E-1,2.797851759E-1,4.966892485E-1,5.917700367E-1
3.870776209E0,1.810724813E-1,9.250762939E-2,1.409541500E-1,2.474125651E-1
3.880764208E0,2.946014357E-1,-1.442391157E-1,-1.983597744E-1,3.833295299E-1
3.890751209E0,2.365678203E-1,-2.031170690E-1,-4.719615197E-1,5.656576292E-1
3.900739208E0,1.722116107E-1,-1.787096214E-1,-5.456061776E-1,5.993997570E-1
3.910727208E0,1.191516370E-1,-1.079664981E-1,-4.719160576E-1,4.985565592E-1
3.920715209E0,-8.839002013E-2,-4.692975283E-2,-3.205478704E-1,3.358066923E-1
3.930703208E0,-2.956118345E-1,-4.251393557E-2,-1.255844513E-1,3.239834036E-1
3.940690209E0,-4.630012465E-1,-6.410594881E-2,4.230899066E-3,4.674372978E-1
3.950678208E0,-6.596653283E-1,-1.830628735E-1,8.959133059E-2,6.904324496E-1
3.960666209E0,-7.648064518E-1,-2.834934801E-1,1.280072451E-1,8.256411550E-1
3.970654209E0,-7.340980446E-1,-2.722434372E-1,1.599087766E-1,7.991165403E-1
3.980642208E0,-6.008487707E-1,-2.477933049E-1,1.358583015E-1,6.639866304E-1
3.990630209E0,-3.594008642E-1,-1.268606061E-1,1.275687039E-1,4.019158728E-1
4.000617208E0,-1.891147417E-1,-2.377536356E-2,1.496325874E-1,2.423212014E-1
4.010605209E0,-1.931703705E-1,1.679671168E-2,2.020879591E-1,2.800651080E-1
4.020593208E0,-2.331033450E-1,5.186772645E-2,2.642274892E-1,3.561510867E-1
4.030581208E0,-2.390265745E-1,1.145551407E-1,2.699677008E-1,3.783373403E-1
4.040569209E0,-1.305478603E-1,2.132309979E-1,2.618397787E-1,3.620362855E-1
4.050556208E0,5.241911888E-2,2.384073544E-1,2.352052729E-1,3.389798682E-1
4.060544209E0,2.200605458E-1,2.742718363E-1,2.704324083E-1,4.436049723E-1
4.070532208E0,2.813890672E-1,2.610512817E-1,3.217369017E-1,5.008415046E-1
4.080520208E0,1.971371216E-1,1.879213250E-1,3.537717497E-1,4.464660345E-1
4.090508209E0,1.249023736E-1,7.924146652E-2,3.064610508E-1,3.402913290E-1
4.100495209E0,1.302876592E-1,1.975423336E-2,2.200856888E-1,2.565205923E-1
4.110483209E0,1.290229064E-1,2.131602466E-2,1.381182504E-1,1.902049799E-1
4.120471208E0,1.347186792E-1,6.739851594E-2,6.821595669E-2,1.653635366E-1
4.130459209E0,7.916311383E-2,1.381621045E-1,6.571627200E-2,1.722619927E-1
4.140447209E0,4.148424089E-2,2.002355611E-1,1.369365281E-1,2.461033013E-1
4.150434209E0,-7.410819590E-2,2.259387517E-1,1.818080610E-1,2.993234292E-1
4.160422208E0,-2.239413428E-1,2.111452961E-1,1.641754898E-1,3.488347066E-1
4.170410208E0,-2.304492939E-1,2.380810797E-1,2.013020933E-1,3.877009290E-1
4.180398209E0,-1.384386778E-1,1.944742996E-1,2.237308431E-1,3.271712256E-1
4.190386209E0,-8.248842537E-2,6.354812443E-2,1.759583603E-1,2.044603849E-1
4.200373209E0,-2.375197470E-2,1.563545465E-2,9.467109919E-2,9.884958657E-2
4.210361208E0,1.292316520E-1,4.454233468E-2,2.739976019E-2,1.394115717E-1
4.220349208E0,1.398963886E-1,-3.500844955E-2,-9.907522202E-3,1.445501646E-1
4.230337209E0,-2.563419342E-2,-1.978493124E-1,-9.359345734E-3,1.997224566E-1
4.240325208E0,-1.556762695E-1,-2.317836285E-1,-1.087055862E-2,2.794224765E-1
4.250312209E0,-2.013669974E-1,-1.100048375E-1,2.086418107E-2,2.304019226E-1
4.260300208E0,-1.520176667E-1,7.077937603E-2,6.789319038E-2,1.809104098E-1
4.270288208E0,-8.861747682E-2,1.845246774E-1,1.253150408E-1,2.400130688E-1
4.280276209E0,-7.471864522E-2,2.682404333E-1,2.127836859E-1,3.504464339E-1
4.290264208E0,-6.556541383E-2,3.671595347E-1,3.357896613E-1,5.018561985E-1
4.300251209E0,1.195755601E-3,4.288967764E-1,3.956980401E-1,5.835501809E-1
4.310239208E0,2.279928786E-1,3.813513118E-1,4.450758760E-1,6.288895857E-1
4.320227209E0,4.030865818E-1,3.100772613E-1,4.271027045E-1,6.641110002E-1
4.330215209E0,4.805627739E-1,2.213440096E-1,3.169436467E-1,6.167552395E-1
4.340203208E0,6.357005149E-1,8.893556535E-2,2.031714481E-1,6.732780382E-1
4.350190208E0,8.912367028E-1,-1.303104633E-1,7.207599610E-2,9.035920686E-1
4.360178208E0,1.095601568E0,-2.520313668E-1,-2.084415436E-1,1.143376789E0
4.370166209E0,1.248137882E0,-3.331825340E-1,-4.964357717E-1,1.383946260E0
4.380154208E0,1.225001035E0,-3.873400301E-1,-7.997472198E-1,1.513358996E0
4.390142208E0,9.706068081E-1,-3.875294799E-1,-1.162854634E0,1.563485713E0
4.400129208E0,4.978728712E-1,-3.336397862E-1,-1.368911537E0,1.494359963E0
4.410117208E0,-1.017702037E-1,-1.834710091E-1,-1.398301689E0,1.413954172E0
4.420105209E0,-5.576524651E-1,-1.264074469E-1,-1.171684368E0,1.303763542E0
4.430093208E0,-2.013822001E-1,-5.068594569E-1,-8.964629441E-2,5.527185158E-1
4.440081208E0,-9.076486677E-1,-3.073126978E-1,-3.240725720E-1,1.011578089E0
4.450069209E0,-9.477722615E-1,-1.018731147E-1,-2.572494221E-1,9.873336094E-1
4.460056209E0,-7.137503189E-1,-4.254200220E-2,6.124069619E-1,9.414306276E-1
4.470044209E0,-6.819133991E-1,2.253639704E-1,9.230376622E-1,1.169526968E0
4.480032208E0,-5.360072422E-1,4.126988196E-1,1.465999290E0,1.614551950E0
4.490020209E0,-5.965481436E-1,5.777066606E-1,1.658370931E0,1.854672159E0
4.500008209E0,-7.369947553E-2,5.571156907E-1,6.567732954E-1,8.643845597E-1
4.509995209E0,5.092217320E-1,3.855461043E-1,-3.110065301E-1,7.104066671E-1
4.519983208E0,1.121489530E0,1.805783916E-1,5.045606241E-2,1.137054588E0
4.529971208E0,6.559453297E-1,1.681308389E-1,8.123441689E-1,1.057561016E0
4.539959209E0,3.626542550E-1,3.970171720E-1,1.282465131E0,1.390632071E0
4.549947208E0,1.115596122E-1,4.591929549E-1,2.634122412E-1,5.410080644E-1
4.559934209E0,-2.470822835E-1,4.085513896E-1,-6.634894073E-2,4.820436440E-1
4.569922208E0,-5.442874843E-1,2.854388487E-1,-4.130204165E-1,7.404796191E-1
4.579910208E0,-7.579149234E-1,6.200445950E-2,-7.890329280E-1,1.095834178E0
4.589898209E0,-8.483666718E-1,-1.385503596E-1,-8.632747328E-1,1.218263303E0
4.599886208E0,-1.200745615E0,-2.957749718E-1,-8.073496234E-1,1.476850121E0
4.609873209E0,-2.028414313E0,-2.993376803E-1,-5.495833075E-1,2.122759874E0
4.619861208E0,-2.728093892E0,7.312703311E-2,5.618514968E-1,2.786309557E0
4.629849209E0,-2.397480624E0,4.770076668E-1,1.481683862E0,2.858467548E0
4.639837209E0,-1.882629778E0,6.007862055E-1,1.426024654E0,2.436962302E0
4.649825208E0,-1.549412745E0,6.398350811E-1,1.426183552E0,2.200924422E0
4.659812208E0,-1.232909979E0,6.048079205E-1,1.248384927E0,1.855889157E0
4.669800208E0,-9.003279537E-1,4.718568546E-1,1.085056407E0,1.486804197E0
4.679788209E0,-5.768395185E-1,3.291614038E-1,9.693664674E-1,1.175058470E0
4.689776208E0,-2.392961311E-1,1.698540133E-1,8.390599510E-1,8.888951713E-1
4.699764208E0,6.541747928E-2,6.615890622E-2,7.412548904E-1,7.470711211E-1
4.709751208E0,3.290076220E-1,9.815253139E-2,6.854364927E-1,7.666179755E-1
4.719739208E0,5.609976572E-1,1.651130909E-1,6.396761830E-1,8.666985192E-1
4.729727209E0,7.484365869E-1,1.812344491E-1,6.019195421E-1,9.773998083E-1
4.739715208E0,8.052300078E-1,1.851544225E-1,5.596546979E-1,9.979433383E-1
4.749703334E0,7.552474236E-1,1.873237395E-1,5.335945348E-1,9.435104567E-1
4.759690334E0,6.243832290E-1,1.901134461E-1,5.359304975E-1,8.445229643E-1
4.769678333E0,4.807557321E-1,1.434719610E-1,5.081031597E-1,7.140581898E-1
4.779666333E0,4.206071788E-1,7.724581182E-2,4.125504465E-1,5.942013003E-1
4.789654334E0,3.828979003E-1,3.809110165E-2,2.962771015E-1,4.856355166E-1
4.799642333E0,3.755122823E-1,-4.424003363E-3,2.133473575E-1,4.319098759E-1
4.809629334E0,3.596558028E-1,-3.663280606E-2,1.890875521E-1,4.079808346E-1
4.819617333E0,3.393694729E-1,-5.650222957E-2,1.780725673E-1,3.873938310E-1
4.829605334E0,3.040493667E-1,-7.695111215E-2,2.079214337E-1,3.762961781E-1
4.839593334E0,2.914585572E-1,-1.066976523E-1,2.306925380E-1,3.867189247E-1
4.849581333E0,2.961807686E-1,-1.290527272E-1,2.220494762E-1,3.920250298E-1
4.859568333E0,3.868991500E-1,-1.645628679E-1,1.887162539E-1,4.608532459E-1
4.869556333E0,4.550139499E-1,-2.295698726E-1,1.127401650E-1,5.219677823E-1
4.879544334E0,4.351877958E-1,-2.857013887E-1,5.839248821E-2,5.238543536E-1
4.889532334E0,3.825996923E-1,-2.839817226E-1,-1.238864198E-2,4.766357328E-1
4.899520333E0,3.426035678E-1,-2.525342274E-1,-2.553128242E-2,4.263831459E-1
4.909507333E0,3.063227642E-1,-2.148910224E-1,-4.235723019E-2,3.765712712E-1
4.919495333E0,2.742338294E-1,-2.182087326E-1,-2.682410181E-3,3.504660319E-1
4.929483334E0,1.493653697E-1,-1.954461068E-1,2.492200255E-2,2.472454257E-1
4.939471333E0,2.354673743E-2,-7.909587085E-2,4.393451661E-3,8.264325772E-2
4.949459333E0,-1.910168409E-2,3.321218491E-2,-5.138269991E-2,6.409450375E-2
4.959446333E0,-5.689340830E-3,1.176857400E-1,-7.873919070E-2,1.417115456E-1
4.969434333E0,1.518872738E-2,1.130448049E-1,-5.175385192E-2,1.252528904E-1
4.979422334E0,1.018760383E-2,1.027806026E-1,-1.020836145E-2,1.037875242E-1
4.989410333E0,-1.361758053E-2,1.078097928E-1,2.693227530E-2,1.119541753E-1
4.999398333E0,-5.012817979E-3,1.626473200E-1,6.525258780E-2,1.753202192E-1
5.009385333E0,1.425960481E-2,1.862268019E-1,6.408314466E-2,1.974598883E-1
5.019373334E0,-2.668903112E-2,1.022286254E-1,2.285413474E-2,1.080986018E-1
5.029361334E0,-1.127606302E-1,-3.376357734E-2,-3.653121069E-2,1.232455607E-1
5.039349333E0,-1.568328488E-1,-9.275438190E-2,-9.337126315E-2,2.047391282E-1
5.049337334E0,-1.710421675E-1,-7.581558287E-2,-2.040713346E-1,2.768547187E-1
5.059324333E0,-2.040438527E-1,2.926063657E-2,-2.604713841E-1,3.321677597E-1
5.069312334E0,-2.332734990E-1,8.766730428E-2,-2.240863538E-1,3.351369504E-1
5.079300333E0,-2.872386217E-1,1.467791462E-1,-1.565320095E-1,3.585420667E-1
5.089288333E0,-3.611503512E-1,1.861461103E-1,-7.031408384E-2,4.123396912E-1
5.099276334E0,-3.888415951E-1,2.333588684E-1,-2.704921961E-3,4.534991335E-1
5.109263333E0,-3.541968423E-1,2.886419535E-1,7.132784486E-2,4.624470152E-1
5.119251334E0,-2.769919610E-1,2.558858514E-1,1.325011227E-1,3.996982148E-1
5.129239333E0,-1.730366528E-1,1.879657638E-1,1.681092042E-1,3.058324968E-1
5.139227333E0,-1.045201492E-1,1.621579081E-1,1.777714357E-1,2.623401077E-1
5.149215334E0,-1.356706059E-1,2.003659540E-1,1.785353744E-1,3.007123356E-1
5.159203333E0,-1.654510599E-1,2.611939538E-1,1.679448974E-1,3.518548327E-1
5.169190334E0,-2.493229365E-1,2.584410846E-1,1.549111614E-1,3.910897452E-1
5.179178333E0,-3.984596801E-1,2.168743980E-1,1.586220968E-1,4.805887959E-1
5.189166334E0,-5.104987639E-1,1.322774667E-1,1.497891466E-1,5.482181177E-1
5.199154334E0,-5.098403674E-1,1.273465097E-1,1.637493740E-1,5.504254639E-1
5.209141334E0,-4.315321165E-1,2.017815650E-1,1.873699325E-1,5.119016108E-1
5.219129333E0,-2.802810198E-1,2.517653185E-1,2.447961684E-1,4.492976627E-1
5.229117333E0,-9.596801162E-2,1.952543181E-1,3.622829568E-1,4.225908764E-1
5.239105334E0,2.058804631E-2,1.644172722E-1,4.960345066E-1,5.229790997E-1
5.249093333E0,8.386661410E-3,1.977364612E-1,5.535861652E-1,5.879010856E-1
5.259081333E0,-9.069908559E-2,2.033123660E-1,5.745648055E-1,6.161874374E-1
5.269068333E0,-1.638255340E-1,1.310197306E-1,5.567009769E-1,5.949125592E-1
5.279056333E0,-1.773016119E-1,1.557522833E-2,5.146894634E-1,5.445949807E-1
5.289044334E0,-1.457085210E-1,-1.163595915E-2,5.142659788E-1,5.346361993E-1
5.299032333E0,-9.095753253E-2,1.468411267E-2,4.826348810E-1,4.913505106E-1
5.309020333E0,-3.754497170E-2,6.171151400E-2,4.757651335E-1,4.812176203E-1
5.319007333E0,-1.471217930E-2,6.838084817E-2,4.941518493E-1,4.990775879E-1
5.328995334E0,-4.558196962E-2,5.531056702E-2,4.975993676E-1,5.027346273E-1
5.338983334E0,-8.971032143E-2,1.542495489E-2,5.429231827E-1,5.505010929E-1
5.348971333E0,-7.947184682E-2,-1.754983306E-2,5.330402188E-1,5.392176239E-1
5.358959334E0,-3.268593550E-4,-5.283310175E-2,4.735420221E-1,4.764803146E-1
5.368946333E0,7.179679155E-2,-5.863061607E-2,4.439909251E-1,4.535639646E-1
5.378934334E0,5.425689876E-2,-3.664274633E-2,3.740862925E-1,3.797723742E-1
5.388922333E0,3.945467234E-2,-1.005136371E-2,3.519390862E-1,3.542863552E-1
5.398910333E0,6.146710038E-2,-2.484306514E-2,3.353050733E-1,3.417965396E-1
5.408898334E0,6.593320370E-2,2.175865889E-2,3.395507365E-1,3.465765850E-1
5.418885333E0,9.982366562E-2,5.755531311E-2,3.856449223E-1,4.024914711E-1
5.428873334E0,1.373353082E-1,1.236551625E-1,4.397772753E-1,4.770279216E-1
5.438861333E0,2.134818435E-1,1.722408468E-1,4.585548775E-1,5.343350844E-1
5.448849333E0,2.505181074E-1,2.470021766E-1,3.940590656E-1,5.282536745E-1
5.458837334E0,2.681322598E-1,3.899367785E-1,2.740665990E-1,5.468620491E-1
5.468824334E0,2.634392846E-1,5.321065646E-1,1.379749936E-1,6.095693165E-1
5.478812334E0,2.249453098E-1,6.547811490E-1,-5.591005281E-2,6.945967748E-1
5.488800333E0,1.039599860E-1,8.851047277E-1,-2.583428514E-1,9.278788103E-1
5.498788333E0,-3.978094697E-2,1.199691947E0,-4.449684334E-1,1.280171940E0
5.508776334E0,-3.444471949E-1,1.595929685E0,-4.789666303E-1,1.701483018E0
5.518763334E0,-1.099656027E0,2.050551286E0,-4.393681164E-1,2.367920670E0
5.528751334E0,-2.132468439E0,2.641812378E0,-4.164995098E-1,3.420535941E0
5.538739333E0,-2.933251639E0,3.177166486E0,-4.191629165E-1,4.344427420E0
5.548727334E0,-3.467830991E0,3.742299294E0,-3.547771785E-1,5.114344790E0
5.558715334E0,-4.033326911E0,4.392421966E0,-2.242790195E-1,5.967528616E0
5.568702334E0,-4.597502530E0,4.620183880E0,-7.788973644E-2,6.518373678E0
5.578690333E0,-4.986134210E0,4.375674956E0,1.135654995E-1,6.634829523E0
5.588678333E0,-5.202534399E0,3.905574605E0,4.025267109E-1,6.517814428E0
5.598666334E0,-5.414409428E0,3.175550315E0,7.441361059E-1,6.320892959E0
5.608654333E0,-5.376505437E0,2.167846432E0,1.122789366E0,5.904830635E0
5.618641334E0,-5.083861649E0,1.158281381E0,1.358813396E0,5.388287192E0
5.628629333E0,-4.616630527E0,4.246382493E-1,1.548574839E0,4.887911527E0
5.638617333E0,-3.989332461E0,1.346315557E-1,1.667761559E0,4.326005982E0
5.648605334E0,-3.469464703E0,1.368061352E-1,1.675116480E0,3.855115623E0
5.658593333E0,-3.032568351E0,3.000627351E-1,1.584156170E0,3.434539157E0
5.668580334E0,-2.565862893E0,5.804712242E-1,1.593372990E0,3.075619728E0
5.678568333E0,-2.125833018E0,8.038699454E-1,1.787853136E0,2.891676287E0
5.688556334E0,-1.657684468E0,8.945111436E-1,1.921313202E0,2.690634201E0
5.698544334E0,-1.247689401E0,7.209102345E-1,2.011009490E0,2.473984555E0
5.708532333E0,-9.304586560E-1,4.434352934E-1,2.187798009E0,2.418439228E0
5.718519333E0,-6.207421678E-1,-2.631130099E-2,1.963862514E0,2.059798314E0
5.728507333E0,-1.141031510E-1,-5.318294066E-1,1.407438841E0,1.508889041E0
5.738495334E0,5.966931546E-1,-9.700244254E-1,3.906495541E-1,1.203992185E0
5.748483333E0,1.438707996E0,-9.407737291E-1,-1.032434682E0,2.005207540E0
5.758470584E0,2.478706636E0,-1.155943664E0,-2.674246298E0,3.825151710E0
5.768458583E0,3.074997502E0,-1.099137964E0,-4.131524174E0,5.266232610E0
5.778446584E0,3.642267467E0,-1.096440643E0,-5.289892970E0,6.515463301E0
5.788434584E0,4.644103670E0,-1.409018759E0,-6.263164355E0,7.923399554E0
5.798422583E0,5.439336108E0,-1.306982507E0,-6.796334528E0,8.802541882E0
5.808409583E0,6.134062511E0,-1.093146322E0,-7.093858402E0,9.441637506E0
5.818397583E0,6.681089416E0,-9.329448920E-1,-7.131951842E0,9.816928187E0
5.828385584E0,6.763467913E0,-9.165001827E-1,-7.049558727E0,9.812275426E0
5.838373583E0,6.225218849E0,-1.058051918E0,-6.884484812E0,9.341785413E0
5.848361583E0,5.554679453E0,-1.468149312E0,-6.596794785E0,8.748007068E0
5.858349584E0,4.811372629E0,-1.998362548E0,-6.316931841E0,8.188185839E0
5.868336583E0,4.209187185E0,-2.451930481E0,-6.201822385E0,7.886179096E0
5.878324584E0,3.704861911E0,-2.788399735E0,-6.253391318E0,7.784990549E0
5.888312583E0,3.159251202E0,-2.987148349E0,-6.325200389E0,7.675420730E0
5.898300583E0,2.621785079E0,-3.063696588E0,-6.292848914E0,7.473950846E0
5.908287583E0,2.311119588E0,-3.217912808E0,-6.044735767E0,7.227383142E0
5.918275584E0,2.304682388E0,-3.602618083E0,-5.402534902E0,6.890413727E0
5.928263584E0,2.259684556E0,-4.117389407E0,-4.410262406E0,6.442785446E0
5.938251583E0,1.992339916E0,-4.660137904E0,-3.368263726E0,6.085351605E0
5.948239584E0,1.431242271E0,-5.084810652E0,-2.424768995E0,5.812336749E0
5.958226583E0,7.767125523E-1,-5.292957496E0,-1.450371437E0,5.542766344E0
5.968214584E0,5.009017289E-2,-5.115694476E0,-6.361782324E-1,5.155343028E0
5.978202583E0,-6.618539411E-1,-4.524517584E0,-4.582170546E-3,4.572672196E0
5.988190583E0,-1.274640972E0,-3.831111483E0,6.529234886E-1,4.090040817E0
5.998178584E0,-1.584267413E0,-3.230831062E0,1.181360925E0,3.787319134E0
6.008165583E0,-1.509565140E0,-2.559936156E0,1.653431788E0,3.400867053E0
6.018153584E0,-1.178946025E0,-1.896102347E0,2.054480031E0,3.034140082E0
6.028141583E0,-4.584977210E-1,-1.398955700E0,2.373119662E0,2.792667926E0
6.038129583E0,4.118924886E-1,-9.145565683E-1,2.424023767E0,2.623349074E0
6.048117584E0,1.038454390E0,-4.525019860E-1,2.237383275E0,2.507793749E0
6.058104584E0,1.233077209E0,-7.955838561E-2,1.970232178E0,2.325644808E0
6.068092584E0,9.798413157E-1,2.122246921E-2,1.594353129E0,1.871497074E0
6.078080583E0,1.914197141E-1,-2.291348398E-1,1.133420774E0,1.172086572E0
6.088068584E0,-7.570121133E-1,-5.416328484E-1,5.993986613E-1,1.107118890E0
6.098056584E0,-1.252159013E0,-5.708285809E-1,2.287500930E-1,1.395017586E0
6.108043584E0,-1.246074400E0,-9.485505259E-1,3.193357426E-1,1.598256809E0
6.118031583E0,-7.679569316E-1,-2.060438928E0,1.116723465E0,2.466219317E0
6.128019583E0,-1.623257232E-1,-2.860548529E0,2.167856226E0,3.592866286E0
6.138007584E0,-1.068257064E-1,-2.617479190E0,3.239946871E0,4.166517102E0
6.147995584E0,-4.286400837E-1,-1.756674321E0,4.415412633E0,4.771321171E0
6.157982584E0,-6.889475995E-1,-9.208885181E-1,5.539714090E0,5.657836747E0
6.167970583E0,-5.137819755E-1,-5.102642906E-1,6.319571275E0,6.360921526E0
6.177958583E0,-1.382808030E-1,-5.664624649E-1,6.723271814E0,6.748509850E0
6.187946584E0,2.769171166E-1,-8.386585397E-1,6.635454821E0,6.693974299E0
6.197934583E0,4.606243533E-1,-1.156027864E0,5.896284317E0,6.026171584E0
6.207921584E0,1.977885014E-1,-1.442041494E0,4.633151835E0,4.856408126E0
6.217909583E0,-2.675674188E-1,-1.598836336E0,3.199252004E0,3.586514093E0
6.227897584E0,-6.484293187E-1,-1.532407288E0,1.917656354E0,2.538924687E0
6.237885584E0,-8.226281056E-1,-1.433505728E0,1.046874308E0,1.956425692E0
6.247873583E0,-8.091008645E-1,-1.180166924E0,6.560850781E-1,1.574130175E0
6.257860583E0,-8.372464371E-1,-9.238577342E-1,6.607195812E-1,1.411043966E0
6.267848583E0,-7.961750096E-1,-7.737977153E-1,1.172398971E0,1.614675477E0
6.277836584E0,-6.836903679E-1,-7.630230510E-1,1.957716213E0,2.209590339E0
6.287824584E0,-4.772360006E-1,-7.287215298E-1,2.600727502E0,2.742730903E0
6.297812583E0,-2.761979091E-1,-6.366600430E-1,3.052984489E0,3.130868184E0
6.307799583E0,-7.937946081E-2,-5.138047796E-1,3.338309317E0,3.378550806E0
6.317787583E0,2.482844710E-1,-3.470731795E-1,3.442485065E0,3.468833867E0
6.327775584E0,5.770248753E-1,-1.688430297E-1,3.264794614E0,3.319691182E0
6.337763583E0,5.955880308E-1,-3.899858952E-2,2.817465659E0,2.879992836E0
6.347751583E0,4.967993224E-1,6.711960375E-2,2.139145374E0,2.197102078E0
6.357738583E0,3.731394821E-1,2.107266355E-1,1.552498321E0,1.610555750E0
6.367726583E0,2.144665146E-1,3.066665804E-1,1.078355790E0,1.141442722E0
6.377714584E0,1.003376359E-1,2.660658538E-1,7.500614550E-1,8.021538917E-1
6.387702583E0,1.789639753E-1,2.864936864E-1,5.199800241E-1,6.200693206E-1
6.397690583E0,3.775459439E-1,3.557393378E-1,4.179074828E-1,6.661366829E-1
6.407677583E0,5.479636288E-1,4.373927808E-1,4.146652383E-1,8.145697287E-1
6.417665584E0,7.208067387E-1,5.306330663E-1,5.022781634E-1,1.026361125E0
6.427653584E0,8.323277593E-1,6.008136874E-1,6.718561882E-1,1.226840382E0
6.437641583E0,8.658486772E-1,6.189301157E-1,1.036098620E0,1.485351396E0
6.447629584E0,9.947055227E-1,6.352169502E-1,1.322440791E0,1.772509322E0
6.457616583E0,1.223321130E0,6.984347069E-1,1.412699581E0,1.995005196E0
6.467604584E0,1.380804774E0,7.380180180E-1,1.472011397E0,2.148978821E0
6.477592583E0,1.350896850E0,5.843531907E-1,1.406723142E0,2.035991392E0
6.487580583E0,1.252780572E0,3.737680578E-1,1.119108544E0,1.720920002E0
6.497568584E0,1.063276990E0,2.221591115E-1,6.650834314E-1,1.273675233E0
6.507555583E0,7.969877726E-1,6.446789145E-2,2.030779658E-1,8.249765323E-1
6.517543584E0,5.422023672E-1,-8.156865835E-3,-2.385348967E-1,5.924093504E-1
6.527531583E0,3.514638537E-1,-7.741128802E-3,-5.416310942E-1,6.457174365E-1
6.537519583E0,2.590573812E-1,2.090613484E-2,-6.750668943E-1,7.233692729E-1
6.547507584E0,2.640503186E-1,7.938764691E-2,-5.468561661E-1,6.124350053E-1
6.557494584E0,1.190235829E-1,2.253540301E-1,-1.543939751E-1,2.979740790E-1
6.567482584E0,-8.231827140E-2,2.745525026E-1,2.944353016E-1,4.109106002E-1
6.577470583E0,-2.907241470E-1,2.164124680E-1,5.940677547E-1,6.958961008E-1
6.587458584E0,-5.120067608E-1,1.849006534E-2,6.802066699E-1,8.515714412E-1
6.597446584E0,-6.186447716E-1,-1.906701010E-1,6.303316015E-1,9.035454436E-1
6.607433584E0,-6.136816549E-1,-2.862293923E-1,3.504785248E-1,7.624746782E-1
6.617421583E0,-6.616890496E-1,-3.994501984E-1,-6.507198192E-2,7.756463255E-1
6.627409583E0,-6.338247281E-1,-5.219844496E-1,-3.873260698E-1,9.078673009E-1
6.637397584E0,-5.787796247E-1,-5.568104661E-1,-5.567127445E-1,9.772168792E-1
6.647384583E0,-5.050883353E-1,-5.804221076E-1,-5.706730449E-1,9.579518639E-1
6.657372584E0,-4.295703757E-1,-5.792971033E-1,-4.096442342E-1,8.294119846E-1
6.667360583E0,-3.308360463E-1,-5.333233702E-1,-1.316032827E-1,6.412532501E-1
6.677348583E0,-2.715762699E-1,-3.803929532E-1,1.826693559E-1,5.018172603E-1
6.687336584E0,-2.724422425E-1,-1.663731658E-1,4.756639767E-1,5.728534058E-1
6.697323584E0,-2.439727342E-1,1.126197124E-1,6.768326803E-1,7.282227488E-1
6.707311584E0,-1.913284975E-1,3.367756480E-1,8.373084176E-1,9.225561323E-1
6.717299583E0,-8.385491967E-2,3.533618599E-1,9.231420350E-1,9.920118288E-1
6.727287584E0,1.767964125E-2,1.986264074E-1,9.339979756E-1,9.550482908E-1
6.737275584E0,5.716296494E-2,-1.225459456E-2,7.512461740E-1,7.535174806E-1
6.747262584E0,7.686106503E-2,-7.658507645E-2,4.456794548E-1,4.586971481E-1
6.757250583E0,8.868588924E-2,-7.958645225E-3,6.583847880E-2,1.107394793E-1
6.767238583E0,9.655974984E-2,4.444819450E-2,-2.897664461E-1,3.086487009E-1
6.777226584E0,1.193054187E-1,1.123618501E-1,-4.914005882E-1,5.180091759E-1
6.787214583E0,1.292158645E-1,1.856666386E-1,-5.169172891E-1,5.642449150E-1
6.797201584E0,9.915006638E-2,1.965237486E-1,-3.558978704E-1,4.184681752E-1
6.807189583E0,-4.658125877E-2,1.265606439E-1,-7.019582391E-2,1.520357325E-1
6.817177583E0,-2.553730506E-1,7.679791510E-2,2.432682178E-1,3.609608573E-1
6.827165584E0,-3.879773766E-1,6.927664161E-2,4.791185848E-1,6.203872308E-1
6.837153583E0,-3.108309674E-1,7.417426944E-2,5.752572620E-1,6.580567073E-1
6.847140584E0,-9.614225864E-2,5.706239283E-2,5.615314349E-1,5.725530569E-1
6.857128583E0,7.466485083E-2,-4.683619738E-4,4.818696266E-1,4.876201353E-1
6.867116584E0,1.226687372E-1,-8.749831975E-2,2.977857562E-1,3.337363205E-1
6.877104584E0,1.353004771E-1,-8.028811812E-2,1.351648217E-1,2.074172849E-1
6.887092583E0,9.935822725E-2,-2.564062536E-2,-1.539688826E-2,1.037620507E-1
6.897079583E0,6.370599926E-2,6.723888695E-2,-1.279914576E-1,1.579915677E-1
6.907067583E0,5.771377265E-2,1.449688482E-1,-1.429480505E-1,2.116151971E-1
6.917055584E0,7.266919613E-3,1.597114331E-1,-1.452267104E-1,2.159892298E-1
6.927043584E0,-1.467241824E-2,1.577660644E-1,-1.313161844E-1,2.057895800E-1
6.937031583E0,2.636275649E-2,7.962270498E-2,-1.642482877E-1,1.844241581E-1
6.947018583E0,2.073902142E-1,-1.060567975E-1,-2.215931010E-1,3.214999964E-1
6.957006583E0,3.291245663E-1,-2.442686033E-1,-2.590527034E-1,4.848695019E-1
6.966994584E0,3.812735438E-1,-3.328644454E-1,-1.879055375E-1,5.398858632E-1
6.976982583E0,3.638207746E-1,-4.192155415E-1,-1.602844602E-1,5.777528316E-1
6.986970583E0,2.327039802E-1,-4.899463856E-1,-2.323274195E-1,5.900632450E-1
6.996957583E0,6.329435527E-2,-5.638820887E-1,-3.377936848E-1,6.603588107E-1
7.006945584E0,-1.190341079E-1,-6.649167126E-1,-5.564585002E-1,8.751739347E-1
7.016933584E0,-3.625180149E-1,-7.654876524E-1,-7.208693039E-1,1.112224443E0
7.026921583E0,-6.097412163E-1,-8.475813907E-1,-9.055764145E-1,1.382116930E0
7.036909583E0,-6.141669738E-1,-1.043077784E0,-1.104156629E0,1.638405992E0
7.046896583E0,-4.626609385E-1,-1.195276714E0,-1.246048087E0,1.787561860E0
7.056884584E0,-2.678825837E-1,-1.263378065E0,-1.360914300E0,1.876159094E0
7.066872584E0,-2.299242139E-1,-1.160159506E0,-1.451444986E0,1.872305469E0
7.076860583E0,-3.363534790E-1,-1.075881833E0,-1.473624644E0,1.855323415E0
7.086848584E0,-3.586682081E-1,-1.051113027E0,-1.292846278E0,1.704386393E0
7.096835583E0,-3.539383954E-1,-1.252006985E0,-9.374279523E-1,1.603610004E0
7.106823584E0,-1.521831429E-1,-1.607843971E0,-4.584510163E-1,1.678838670E0
7.116811583E0,-2.334576863E-1,-1.713424221E0,1.379950203E-2,1.729310694E0
7.126799583E0,-8.619544315E-1,-1.647427282E0,3.923166684E-1,1.900235370E0
7.136786583E0,-1.620517226E0,-1.519589607E0,6.263734750E-1,2.308153458E0
7.146774583E0,-2.270774969E0,-1.075469019E0,7.626989691E-1,2.625787937E0
7.156762584E0,-2.316730576E0,-7.394880080E-1,7.434323935E-1,2.542985411E0
7.166750583E0,-1.766256738E0,-9.929671454E-1,8.099130428E-1,2.182110390E0
7.176738583E0,-1.375724713E0,-1.243026246E0,6.423411977E-1,1.962227038E0
7.186725583E0,-8.552488446E-1,-1.311033458E0,3.774681759E-1,1.610199223E0
7.196713584E0,-5.405382496E-1,-1.451278925E0,4.597443473E-1,1.615474228E0
7.206701584E0,-7.358118635E-1,-1.818874662E0,2.414549232E-1,1.976872432E0
7.216689583E0,-8.735640782E-1,-1.896398216E0,-5.115977481E-2,2.088553977E0
7.226677584E0,-8.556236511E-1,-1.660052590E0,-2.827842128E-1,1.888870918E0
7.236664583E0,-8.718403190E-1,-1.138699055E0,-5.912134364E-1,1.551217073E0
7.246652584E0,-1.976990390E-1,-1.164812136E0,-4.103798139E-1,1.250713322E0
7.256640583E0,-3.362844819E-1,-7.784760725E-1,-3.318609171E-1,9.106283087E-1
7.266628583E0,-9.819813967E-2,-1.501208299E-1,-2.664748666E-1,3.212288790E-1
7.276616584E0,6.036302912E-1,1.393426573E-1,1.098270822E-1,6.291644400E-1
7.286603583E0,1.435315441E0,-4.410595697E-1,1.032654245E0,1.822371737E0
7.296591584E0,1.800735430E0,-7.046999985E-1,1.527500012E0,2.464245617E0
7.306579583E0,1.841822060E0,-5.234421605E-1,1.108237401E0,2.212349505E0
7.316567583E0,2.922410901E0,5.070255178E-1,1.279935626E0,3.230448198E0
7.326555584E0,4.535714418E0,1.131689998E0,3.214760282E0,5.673456724E0
7.336542584E0,6.382044096E0,8.306402528E-1,4.609472658E0,7.916292583E0
7.346530584E0,7.951011100E0,5.012999243E-1,5.140294297E0,9.481165782E0
7.356518583E0,8.751028315E0,1.146138468E0,5.481689830E0,1.038956464E1
7.366506584E0,8.444232511E0,7.888022554E-1,5.448736092E0,1.008047602E1
7.376494584E0,4.471776284E0,8.983065712E-1,4.723473482E0,6.566196735E0
7.386481584E0,-5.096304524E-1,1.927981952E0,2.720078821E0,3.372783183E0
7.396469583E0,-1.431246949E0,2.249256631E0,5.277056578E-1,2.717737383E0
7.406457583E0,-5.012625021E-1,1.095420889E0,-5.334154639E-1,1.317476025E0
7.416445584E0,5.346290535E-1,1.125957388E-1,-5.327782635E-1,7.631243040E-1
7.426432583E0,2.837394140E0,2.444545448E-2,-3.839047909E-1,2.863352227E0
7.436420584E0,4.829056363E0,-1.968511927E-1,5.085197738E-1,4.859745684E0
7.446408583E0,4.057415978E0,-6.023064816E-1,1.393441776E0,4.332098510E0
7.456396583E0,2.159376740E0,-1.171967958E0,1.107486033E0,2.694984623E0
7.466384584E0,-9.810192373E-1,-2.785409469E0,-1.016132060E-1,2.954865462E0
7.476371584E0,-2.505174935E0,-2.179196463E0,-1.276785000E0,3.557383675E0
7.486359584E0,-1.476113804E0,-2.386111298E0,-1.929290997E0,3.405084851E0
7.496347583E0,-1.359765030E0,-2.685556567E0,-9.246038389E-1,3.148978766E0
7.506335584E0,-5.205657982E0,2.749699938E-1,1.350040233E0,5.384894813E0
7.516323584E0,-5.545586448E0,8.088114274E-1,3.053696972E0,6.382222981E0
7.526310584E0,-3.861759664E0,-1.027986120E0,2.215584855E0,4.569328114E0
7.536298583E0,-9.427509651E-1,-1.075190692E0,-1.280578235E-1,1.435692590E0
7.546286583E0,1.973720334E0,-5.701403636E-1,-1.227664734E0,2.393280738E0
7.556274584E0,5.074165796E0,-3.215561643E0,-8.997628203E-1,6.074254550E0
7.566262584E0,4.027513610E0,-5.374913825E0,-4.121844108E0,7.880365686E0
7.576249584E0,3.323428153E0,-4.723885419E0,-4.651197219E0,7.415787464E0
7.586237583E0,-2.918031921E0,2.653448921E-1,3.777804172E-1,2.954325007E0
7.596225583E0,-4.969820479E0,3.045787151E0,3.595080729E0,6.848396923E0
7.606213584E0,-5.193542551E0,2.548375041E0,4.547364703E0,7.358371105E0
7.616201583E0,-2.913786843E0,1.773922437E0,3.038887729E0,4.568565772E0
7.626188584E0,-7.927786544E-1,6.586444044E-1,-2.173769662E-1,1.053358055E0
7.636176583E0,-1.114420831E-2,1.657802582E-1,-1.511246215E0,1.520352725E0
7.646164584E0,9.858285722E-1,-2.116627747E-1,-2.784813345E0,2.961729980E0
7.656152584E0,1.428659556E0,-1.198000932E-1,-4.086361742E0,4.330562605E0
7.666140583E0,7.420756933E-1,1.445863819E0,-3.860188517E-1,1.670391891E0
7.676127583E0,-1.937792703E0,3.207234038E0,5.047841631E0,6.286660152E0
7.686115583E0,-3.315666267E0,5.111362858E0,5.633375959E0,8.297867061E0
7.696103584E0,-3.386556448E0,4.884063460E0,2.255635943E0,6.356943759E0
7.706091584E0,-3.833407685E0,3.203276643E0,1.286149170E0,5.158505153E0
7.716078584E0,-1.936460999E0,1.001673650E0,1.124973009E0,2.453323373E0
7.726066583E0,-3.524268901E-1,8.018111408E-2,5.788091531E-1,6.823882764E-1
7.736054583E0,-5.199455255E-1,-4.659529209E-2,1.499302107E-1,5.431330766E-1
7.746042584E0,-1.475489321E-1,-3.979439557E-2,-3.613740072E-1,3.923588337E-1
7.756030959E0,7.808050185E-2,4.020884621E-1,-4.788869619E-2,4.123894074E-1
7.766017959E0,1.467417240E-2,8.995812643E-1,3.247368157E-1,9.565123009E-1
7.776005959E0,1.186999395E-1,1.327197500E0,5.220209947E-1,1.431100555E0
7.785993958E0,4.938303986E-1,1.793922254E0,1.035176733E0,2.129229059E0
7.795981959E0,1.403390229E-2,1.797708326E0,1.155325613E0,2.136990746E0
7.805969959E0,3.496801606E-1,2.171175252E0,1.586761250E0,2.711842447E0
7.815956959E0,-1.310361028E-3,2.043420022E0,1.330286292E0,2.438283971E0
7.825944958E0,-3.671560264E-1,2.342734898E0,1.270806076E0,2.690382581E0
7.835932958E0,2.511428824E-1,2.033808954E0,1.592337448E0,2.595185958E0
7.845920959E0,7.695061514E-1,1.949422522E0,2.276090966E0,3.094022943E0
7.855908959E0,6.025681445E-1,3.124790636E0,2.095851713E0,3.810511684E0
7.865895959E0,6.446774527E-1,4.623826110E-1,9.435491100E-1,1.232757730E0
7.875883958E0,6.099090314E-1,-3.826184034E-2,-1.309109724E-1,6.249725415E-1
7.885871958E0,-6.511789718E-1,-5.842859477E-1,-1.341715260E0,1.601756523E0
7.895859959E0,-7.362194145E-1,-6.161369008E-1,-6.464579299E-1,1.157389978E0
7.905847958E0,-1.301669142E-1,-8.413962060E-1,-7.926984014E-1,1.163297794E0
7.915834959E0,3.531060442E-1,-1.911129692E0,-1.974444074E0,2.770474684E0
7.925822958E0,7.716903788E-1,-5.876663985E0,-3.803772826E0,7.042682255E0
7.935810959E0,-9.794562766E-1,-6.674792549E0,-2.114914220E0,7.070010773E0
7.945798959E0,-1.336633445E0,-5.611731906E0,2.233750400E-1,5.773042556E0
7.955786958E0,-9.393584105E-1,-4.082743485E0,9.588660376E-1,4.297745068E0
7.965773959E0,-2.237013146E-1,-2.537106872E-3,1.144682365E0,1.166338901E0
7.975761958E0,-1.026377259E0,9.761330116E-1,2.527388799E-1,1.438806059E0
7.985749959E0,-9.375428501E-1,-1.285191688E0,1.007870383E0,1.883217188E0
7.995737959E0,-1.620199138E-1,-5.254600346E-1,4.528753307E-1,7.123585934E-1
8.005724959E0,1.636343300E-2,-4.310216546E-1,-2.717668891E-2,4.321874606E-1
8.015712958E0,2.634313908E-1,-1.372727430E-1,-2.456751511E-2,2.980662115E-1
8.025700958E0,7.360936993E-1,-1.489636660E-1,1.125156319E-1,7.593970473E-1
8.035688959E0,5.741462910E-1,-8.722402686E-1,-6.181676388E-3,1.044263024E0
8.045676958E0,-5.924895912E-2,-1.427037538E0,9.790475562E-2,1.431618635E0
8.055663959E0,-1.958524883E-2,-1.395176060E0,1.690336490E-1,1.405514922E0
8.065651958E0,-7.917717639E-1,-1.432410545E0,1.040149498E-1,1.639976099E0
8.075639958E0,-9.601256740E-1,-8.040599799E-1,8.926578686E-2,1.255516683E0
8.085627959E0,-1.697566572E-1,3.547254306E-1,5.395822299E-1,6.676798908E-1
8.095615958E0,6.128823406E-1,6.853901535E-1,4.047631247E-1,1.004598235E0
8.105602959E0,5.775543407E-1,4.910567719E-1,1.911432870E-1,7.818193690E-1
8.115590958E0,9.069926101E-1,3.082055676E-1,2.351389070E-1,9.863653341E-1
8.125578959E0,9.924771488E-3,1.071081269E0,9.592497611E-1,1.437871235E0
8.135566959E0,7.020126182E-1,5.868850350E-1,4.608260822E-1,1.024507901E0
8.145554958E0,1.128131382E0,-9.650045907E-1,-5.684641130E-1,1.589674723E0
8.155541958E0,8.613334572E-1,-2.475822204E-1,-5.064975142E-1,1.029432860E0
8.165529958E0,1.204460351E0,4.071176523E-1,-1.647862315E-1,1.282039009E0
8.175517959E0,1.081907973E0,1.252912134E-1,-1.811489336E-1,1.104100397E0
8.185505958E0,1.200177558E0,-3.935907036E-1,-1.198280136E-1,1.268738966E0
8.195493958E0,-7.748320878E-2,1.214869564E0,9.221892312E-2,1.220825964E0
8.205480958E0,-1.127206061E0,2.958683519E0,5.426312605E-1,3.212296741E0
8.215468958E0,-2.065236568E-2,1.373456578E0,9.439104679E-1,1.666666272E0
8.225456959E0,-4.825803557E-1,6.812076402E-1,4.795209463E-1,9.627398333E-1
8.235444958E0,-1.538461495E0,2.068678240E0,4.702260661E-1,2.620573598E0
8.245431959E0,-8.061643928E-1,2.261416501E0,9.535392241E-1,2.583242666E0
8.255419958E0,-2.188794082E-1,1.730198713E0,1.258535986E0,2.150676314E0
8.265407959E0,-1.666684502E-1,1.021068864E0,8.139522994E-1,1.316388371E0
8.275395959E0,-2.415628043E-1,9.755202234E-1,4.423021030E-1,1.098008855E0
8.285383958E0,9.384927303E-1,1.827111635E0,5.203204782E-1,2.118924003E0
8.295370958E0,6.357876384E-1,1.523783230E0,-6.361770630E-4,1.651103164E0
8.305358958E0,1.516820365E-1,1.496183787E0,-1.950047882E-1,1.516443283E0
8.315346959E0,-1.435687324E-1,-4.618955380E-1,7.517253533E-3,4.837519799E-1
8.325334958E0,2.435040799E-1,-1.751949186E0,-3.129536529E-1,1.796262836E0
8.335322958E0,6.168645868E-1,-1.971995113E0,-3.553657738E-1,2.096561823E0
8.345309958E0,7.759407198E-1,-2.253174266E0,-8.503885659E-1,2.530225086E0
8.355297958E0,5.367542240E-1,-2.288951624E0,-8.256852492E-1,2.491818766E0
8.365285959E0,5.420518014E-1,-1.918932801E0,-1.448682761E-1,1.999277386E0
8.375273958E0,6.097189969E-1,-1.514877335E0,7.647946843E-1,1.803197578E0
8.385261958E0,5.686241806E-2,-9.896763325E-1,1.038640843E0,1.435781104E0
8.395248958E0,-4.932094243E-1,-2.116173418E0,5.152192942E-1,2.233136000E0
8.405236959E0,-4.587804338E-1,-2.864311212E0,1.339913587E-1,2.903913203E0
8.415224959E0,2.262053847E-2,-2.414062743E0,1.045049465E-1,2.416429577E0
8.425212958E0,3.680831024E-1,-2.570533649E0,-1.008118085E-1,2.598709571E0
8.435199958E0,1.076494329E0,-2.636744596E0,-7.935946333E-1,2.956527447E0
8.445187958E0,1.416989391E0,-2.969971569E0,-1.054228424E0,3.455428717E0
8.455175959E0,1.096989989E0,-1.287883161E0,-7.237952507E-1,1.840084139E0
8.465163958E0,9.474179202E-1,1.065673179E0,-7.084486485E-2,1.427683100E0
8.475151958E0,3.281667924E-1,2.017264257E0,9.979982360E-1,2.274433777E0
8.485138958E0,4.616639882E-2,2.429494715E-1,7.005725221E-1,7.429385175E-1
8.495126958E0,8.433401129E-1,-1.322680526E0,-7.720137298E-1,1.748345366E0
8.505114959E0,2.360109315E0,-1.990702111E0,-2.998313023E0,4.303822935E0
8.515102958E0,3.054202464E-1,-3.100698354E0,-1.819102776E-1,3.121009958E0
8.525090958E0,-1.612879593E0,6.656879604E-2,5.243351400E-1,1.697274087E0
8.535077958E0,-1.756688939E0,2.430552476E0,9.396523062E-1,3.142687993E0
8.545065959E0,-8.189896756E-1,1.883465930E0,6.002213645E-1,2.139732152E0
8.555053959E0,1.606923035E0,4.627357829E-1,-9.861446142E-2,1.675127117E0
8.565041958E0,-1.753215693E0,4.354040258E0,1.445145196E0,4.911199087E0
8.575028958E0,-1.644150503E0,6.357837208E0,3.041308769E0,7.237049390E0
8.585016958E0,-1.220805073E-1,4.980295765E0,1.246315305E0,5.135323885E0
8.595004959E0,8.270620492E-1,2.614532193E0,1.202151724E-1,2.744861000E0
8.604992958E0,7.436547339E-1,2.113332841E0,3.454592749E-1,2.266834835E0
8.614980958E0,1.069668581E0,3.007502507E0,1.041295552E0,3.357612043E0
8.624967958E0,1.731904930E0,3.809858608E0,1.397470508E0,4.412192326E0
8.634955958E0,9.805345032E-1,2.709871044E0,8.200228786E-1,2.996212027E0
8.644943959E0,-8.429199904E-1,2.494702864E-1,1.835732623E-1,8.980248753E-1
8.654931958E0,1.988436314E-1,1.921965752E0,5.235023868E-1,2.001885583E0
8.664919958E0,-5.300793350E-3,2.358626461E-1,-1.010273807E0,1.037454795E0
8.674906958E0,-1.033442742E-1,-3.508807694E0,-1.698523761E0,3.899665939E0
8.684894959E0,-5.460401872E-1,-2.526909912E0,-2.941417714E-1,2.601913329E0
8.694882959E0,-1.284454062E0,-3.489987845E0,-8.047172070E-1,3.804918814E0
8.704870958E0,-1.143967689E0,-2.968065376E0,-6.738923348E-2,3.181605799E0
8.714857958E0,1.346587452E0,-1.523638219E0,4.955632210E-2,2.034017457E0
8.724845958E0,-4.556129971E-1,-9.705167609E-1,7.170125536E-1,1.289803469E0
8.734833959E0,-4.816825157E-1,-2.245541310E-1,1.049577622E0,1.176459004E0
8.744821959E0,-1.168373382E0,1.489806229E-1,1.631187226E0,2.011979958E0
8.754809834E0,-1.422317666E0,2.165593500E0,1.790139105E0,3.149187318E0
8.764796834E0,-1.744815290E0,3.539426638E0,2.676386379E0,4.768119690E0
8.774784834E0,1.276796548E0,6.186827785E-1,2.950342027E-1,1.449145606E0
8.784772833E0,2.156356654E-1,-4.558214504E-1,6.394175899E-1,8.143259722E-1
8.794760833E0,-7.404022202E-1,-1.251922200E0,1.545689531E-1,1.462667496E0
8.804748834E0,2.737713146E-1,-2.375143676E0,-1.146917463E0,2.651731110E0
8.814735834E0,-6.337937379E-1,-3.018636775E-1,-3.900595701E-1,8.030956669E-1
8.824723834E0,-1.036749342E0,5.526086569E-2,-8.363974945E-1,1.333215560E0
8.834711833E0,1.735103065E0,-2.368221742E0,-1.812163228E0,3.450071366E0
8.844699834E0,2.011786585E0,-1.266667124E0,-1.977319003E0,3.092170970E0
8.854686833E0,2.139335994E0,-2.394727170E-2,-9.305457064E-1,2.333076783E0
8.864674834E0,1.735814964E0,-9.255955267E-1,5.444471133E-1,2.041127954E0
8.874662833E0,1.553134790E0,1.152538830E-1,1.007039055E0,1.854626321E0
8.884650833E0,2.944976476E-1,-1.857829982E-1,2.729152822E-1,4.424103730E-1
8.894638834E0,6.197346926E-2,-5.611935389E-1,-6.390818866E-1,8.527628960E-1
8.904625834E0,-7.840627947E-1,4.597993112E-1,-3.261576891E-2,9.095238650E-1
8.914613834E0,-1.362340436E0,2.447088987E0,1.247398210E0,3.065977538E0
8.924601833E0,-8.035781693E-1,1.369762892E0,2.582094618E-1,1.608931440E0
8.934589833E0,-2.179570100E-1,3.264152005E0,1.565491419E0,3.626700560E0
8.944577834E0,6.634467226E-1,1.262536066E0,-2.896839273E-1,1.455361003E0
8.954564834E0,1.922108716E0,2.141016483E-2,-8.754767025E-1,2.112207321E0
8.964552834E0,7.314132956E-1,4.108312190E-1,4.404438579E-1,9.474906286E-1
8.974540833E0,4.134145188E-1,-1.060398406E0,4.227303028E-2,1.138922013E0
8.984528834E0,-1.028849754E0,-2.786347362E0,-7.801366818E-1,3.070973247E0
8.994515833E0,-2.169975696E0,-2.262384800E0,-9.378138685E-1,3.272105493E0
9.004503834E0,-8.487967345E-1,-2.178353294E0,-4.530563386E-1,2.381373347E0
9.014491833E0,-1.451718928E0,-1.891600576E0,8.051499009E-1,2.516725442E0
9.024479833E0,-9.940576512E-1,-9.838092363E-1,5.703912091E-1,1.510422907E0
9.034467834E0,-6.085741121E-1,-1.094771848E0,3.050212288E-1,1.289157011E0
9.044454833E0,-2.625940695E-1,-1.155258955E0,-2.603180408E-2,1.185013313E0
9.054442834E0,1.648675078E-1,-1.140182494E0,-2.024984153E-1,1.169702109E0
9.064430833E0,6.968743774E-1,-1.137329637E0,-1.138370661E-1,1.338697680E0
9.074418833E0,9.564717489E-1,-2.132660812E-1,-5.677525800E-2,9.816028005E-1
9.084406834E0,6.673950550E-1,-3.407289505E-2,3.319651802E-1,7.461755842E-1
9.094393834E0,-1.291100299E-1,-4.622832084E-1,2.739899639E-1,5.526713896E-1
9.104381834E0,-6.637677348E-1,7.649538016E-1,1.495011420E0,1.805768831E0
9.114369833E0,-1.594583656E0,4.179139513E-1,7.385724071E-1,1.806332834E0
9.124357834E0,-1.108539994E0,-6.632771534E-1,4.293142676E-1,1.361289183E0
9.134345834E0,5.702447364E-1,6.697014892E-1,3.766331204E-1,9.568341818E-1
9.144332834E0,1.143348323E0,7.733580047E-1,-1.868418924E-1,1.392924220E0
9.154320833E0,5.970897420E-1,-1.216134902E0,3.485315116E-1,1.398919038E0
9.164308833E0,4.458940476E-3,-2.572326406E0,5.510475965E-1,2.630691254E0
9.174296834E0,-1.020526242E-1,-2.834781604E0,7.628546512E-1,2.937405096E0
9.184283833E0,-1.298431246E-1,-2.297107905E0,5.150064556E-1,2.357709824E0
9.194271834E0,1.344482455E0,-2.186800182E-1,-7.812160778E-1,1.570271499E0
9.204259833E0,4.559911658E-1,3.135520277E0,-8.725144299E-1,3.286441355E0
9.214247833E0,4.396148689E-1,4.684445364E0,-4.467178472E-1,4.726187305E0
9.224235834E0,4.030785419E-1,3.389902225E0,-1.438695351E-1,3.416812527E0
9.234222834E0,1.357305252E0,8.830459231E-1,2.978022381E-1,1.646430631E0
9.244210834E0,9.684709664E-1,-9.770697355E-1,-8.500444572E-2,1.378342133E0
9.254198833E0,-2.770513102E-2,-1.659242751E0,3.406915283E-1,1.694085239E0
9.264186834E0,-5.116473033E-1,-1.098911676E0,1.158241035E0,1.676577505E0
9.274174834E0,-1.167704899E0,-4.368063051E-1,1.284718648E0,1.790205710E0
9.284161834E0,-8.126191342E-1,9.279712504E-1,3.723565400E-1,1.288460279E0
9.294149833E0,3.087234847E-1,1.807181400E0,7.984954040E-2,1.835099657E0
9.304137833E0,9.482023242E-1,1.555861055E0,2.743408334E-1,1.842567275E0
9.314125834E0,5.459355220E-1,1.302871329E0,2.081094948E-1,1.427875645E0
9.324113833E0,1.480195161E0,1.622576616E0,-6.288282824E-1,2.284547569E0
9.334100834E0,1.735746405E0,1.811324737E0,-8.717321455E-1,2.655867056E0
9.344088833E0,1.843299651E-1,1.883144917E0,-8.267003989E-1,2.064859769E0
9.354076833E0,-5.668437034E-1,4.294059520E0,8.227546978E-1,4.408762211E0
9.364064834E0,-8.083775640E-3,4.542176760E0,1.302750877E0,4.725314266E0
9.374051834E0,2.890886807E-1,2.777797564E0,1.176482593E0,3.030485582E0
9.384039834E0,-2.043236420E-2,2.092789233E0,1.228586547E0,2.426851697E0
9.394027833E0,2.670131028E-1,1.781006924E0,1.061422253E0,2.090430305E0
9.404015834E0,5.779151139E-1,2.029375595E0,7.118909043E-1,2.226912626E0
9.414003834E0,2.058500576E-1,2.855269078E0,2.596924619E-1,2.874434889E0
9.423990834E0,1.366724971E0,7.842443508E0,1.516564257E0,8.103815426E0
9.433978833E0,2.250974982E0,8.765603669E0,3.318300145E0,9.639181081E0
9.443966833E0,1.766069627E0,9.181833622E0,1.387602016E-1,9.351167039E0
9.453954834E0,1.137135217E0,7.014964260E0,2.085263136E0,7.406154361E0
9.463942834E0,6.446137181E-1,4.808556025E0,1.496618820E0,5.077165133E0
9.473929834E0,1.208503408E0,2.464251734E0,-8.032214892E-1,2.859752062E0
9.483917833E0,1.128859215E0,4.165283951E0,-1.068346672E0,4.445815800E0
9.493905833E0,2.029376472E0,-2.440095717E-1,3.909192862E0,4.411314812E0
9.503893834E0,3.534194550E0,-1.202524338E0,-1.289676356E0,3.949665936E0
9.513881833E0,-4.269772525E0,-9.676430883E0,-1.596818023E0,1.069645268E1
9.523868834E0,-3.464408908E0,-1.780436119E1,-3.012953281E-1,1.814078789E1
9.533856833E0,-3.260110702E0,-2.178549527E1,-4.816989464E0,2.254860336E1
9.543844834E0,-2.646642762E0,-5.364966542E0,-1.649070935E0,6.205402392E0
9.553832834E0,-2.871384004E0,8.809156655E0,1.198915875E0,9.342563157E0
9.563819834E0,9.798231894E-1,7.093271926E0,1.980801605E0,7.429544744E0
9.573807834E0,3.929461066E0,-1.230686283E0,2.110915456E0,4.627225632E0
9.583795833E0,1.590436518E0,-3.177604442E0,1.160125008E0,3.737987205E0
9.593783834E0,1.050144582E0,-4.112646731E0,-1.087852399E0,4.381790686E0
9.603771834E0,9.697803041E-1,-5.857442433E0,-5.724833429E-1,5.964716495E0
9.613758834E0,3.223803878E-1,-7.230404336E0,-3.135943615E-1,7.244378331E0
9.623746833E0,-2.139230159E-1,-8.562318200E0,-5.904891126E-1,8.585320810E0
9.633734833E0,-7.419321442E-1,-7.952488106E0,-3.661093748E-1,7.995409087E0
9.643722834E0,-8.133262087E-1,-2.300342585E0,2.458144610E-1,2.452243927E0
9.653710833E0,-6.025704834E-1,6.462611711E-1,6.449911559E-1,1.093964478E0
9.663697834E0,-1.091717262E0,5.825849926E-1,-1.258304729E-1,1.243818782E0
9.673685833E0,-6.211067417E-1,3.377398539E-1,4.001892865E-2,7.081266187E-1
9.683673833E0,-5.338575134E-1,1.899631142E0,2.220269644E-1,1.985673259E0
9.693661834E0,5.196493641E-2,7.061284733E-1,-2.946923599E-1,7.669167897E-1
9.703648834E0,-4.154154360E-2,2.416543132E-1,3.225253987E-1,4.051482935E-1
9.713636834E0,-1.307642072E-2,4.219035065E-1,-1.508353597E-1,4.482464359E-1
9.723624833E0,8.885735884E-2,3.046995771E-1,-1.645514658E-1,3.575117444E-1
9.733612834E0,3.090019584E-2,1.149024653E-1,1.139645720E-1,1.647583755E-1
9.743600834E0,7.583370924E-2,-2.856598735E-2,1.749504465E-1,1.928067058E-1
9.753587209E0,9.817957476E-2,-7.159564734E-2,1.923807040E-1,2.275423057E-1
9.763575208E0,1.631093962E-1,-6.477603972E-2,2.769391899E-1,3.278657124E-1
9.773563209E0,2.664440225E-1,2.853324294E-2,3.070880185E-1,4.075654723E-1
9.783551209E0,3.224603485E-1,4.011306882E-2,3.077310660E-1,4.475356339E-1
9.793539208E0,3.837628497E-1,2.788887978E-2,3.362678173E-1,5.110066139E-1
9.803526208E0,3.520371732E-1,4.835062623E-2,3.330059481E-1,4.869917000E-1
9.813514208E0,2.553650106E-1,4.530831993E-2,3.367841265E-1,4.250737352E-1
9.823502209E0,1.496856509E-1,4.288757265E-2,3.292822950E-1,3.642416337E-1
9.833490208E0,1.063117361E-1,3.249940932E-2,2.881089798E-1,3.088125338E-1
9.843478208E0,9.288579807E-2,5.056204319E-2,2.769453295E-1,2.964506826E-1
9.853465208E0,1.555976245E-1,4.410086989E-2,2.751711380E-1,3.191781050E-1
9.863453208E0,1.912049751E-1,2.796196997E-2,2.792301290E-1,3.395742617E-1
9.873441209E0,1.777207111E-1,2.425425053E-3,3.074601938E-1,3.551370223E-1
9.883429208E0,1.789179285E-1,1.711596966E-2,3.653306718E-1,4.071499494E-1
9.893416209E0,1.267402996E-1,1.160789251E-2,3.803691258E-1,4.010966449E-1
9.903404208E0,9.707079649E-2,2.626510799E-2,4.181583649E-1,4.300802408E-1
9.913392209E0,8.864086568E-2,3.005936623E-2,4.260094213E-1,4.361706038E-1
9.923380209E0,8.918392584E-2,2.121603727E-2,4.091350879E-1,4.192796358E-1
9.933368208E0,3.339344859E-2,1.976241946E-2,3.284421962E-1,3.307264004E-1
9.943355208E0,-3.398401737E-2,1.336205721E-2,2.731526792E-1,2.755827356E-1
9.953343208E0,-1.209271440E-1,3.493068159E-2,2.193471855E-1,2.528966478E-1
9.963331209E0,-2.401034854E-1,1.808777690E-2,2.003950439E-1,3.132651034E-1
9.973319209E0,-3.393279576E-1,1.968757510E-2,2.237384444E-1,4.069274566E-1
9.983307208E0,-4.426905043E-1,3.637552857E-2,2.059820585E-1,4.896189030E-1
9.993294208E0,-4.773406658E-1,1.346087515E-2,2.286623847E-1,5.294542403E-1
1.000328221E1,-5.087755895E-1,5.123856604E-2,2.558940375E-1,5.718039432E-1
1.001327021E1,-5.741186629E-1,5.904986143E-2,2.539719115E-1,6.305559905E-1
1.002325821E1,-5.872363065E-1,5.506381452E-2,2.732490121E-1,6.500334807E-1
1.003324621E1,-5.952130781E-1,8.270828068E-2,2.849092372E-1,6.650507811E-1
1.004323321E1,-6.236856562E-1,1.427100688E-1,3.193322343E-1,7.150685543E-1
1.005322121E1,-5.556480396E-1,8.537168741E-2,3.601972550E-1,6.676639360E-1
1.006320921E1,-4.105834432E-1,8.743049204E-2,3.839841668E-1,5.689171250E-1
1.007319721E1,-2.355058198E-1,3.346595407E-2,3.862774448E-1,4.536443823E-1
1.008318421E1,-1.480573475E-2,-6.474972725E-2,3.330743605E-1,3.396325464E-1
1.009317221E1,2.107552868E-1,-9.623873770E-2,2.532440794E-1,3.432378902E-1
1.010316021E1,3.801396225E-1,-9.312217176E-2,1.847771309E-1,4.328053369E-1
1.011314821E1,4.928903125E-1,-8.743984759E-2,1.360645621E-1,5.187486406E-1
1.012313621E1,5.314953844E-1,-8.488636851E-2,1.416246794E-1,5.565524136E-1
1.013312321E1,5.548985727E-1,-2.361982763E-2,1.799245267E-1,5.838177434E-1
1.014311121E1,6.036668363E-1,4.201750696E-2,2.211118752E-1,6.442589398E-1
1.015309921E1,6.757539421E-1,-5.289040446E-2,2.352948815E-1,7.174987571E-1
1.016308721E1,7.618921995E-1,2.037988544E-2,2.492726505E-1,8.018927096E-1
1.017307521E1,8.078076066E-1,2.133064270E-3,2.106177311E-1,8.348158527E-1
1.018306221E1,7.957833923E-1,-6.090810657E-2,1.729920678E-1,8.166439007E-1
1.019305021E1,7.830595587E-1,-5.494160771E-2,1.271300165E-1,7.952124835E-1
1.020303821E1,7.166544847E-1,9.519851804E-3,7.584057972E-2,7.207191350E-1
1.021302621E1,6.620499690E-1,-1.163987678E-1,3.397626981E-2,6.730625688E-1
1.022301421E1,6.007151619E-1,-4.264491320E-2,4.612400651E-2,6.039906608E-1
1.023300121E1,4.451764481E-1,-2.794384360E-3,6.909523174E-2,4.505152934E-1
1.024298921E1,3.678167617E-1,-1.039985776E-2,1.147445905E-1,3.854395521E-1
1.025297721E1,3.593073088E-1,2.108038187E-2,1.861905491E-1,4.052320881E-1
1.026296521E1,4.307168685E-1,1.039810359E-2,2.155855255E-1,4.817699245E-1
1.027295221E1,6.036307298E-1,-5.659929335E-2,2.067287479E-1,6.405546918E-1
1.028294021E1,8.570741992E-1,-1.637711549E-1,8.753237978E-2,8.769601425E-1
1.029292821E1,9.670609103E-1,-1.669263124E-2,-4.380134627E-2,9.681962643E-1
1.030291621E1,1.015097980E0,-5.517783523E-2,-1.382585835E-1,1.025955134E0
1.031290421E1,1.077272301E0,-2.143179953E-2,-2.197214073E-1,1.099660142E0
1.032289121E1,1.028794498E0,1.532262862E-2,-2.272850731E-1,1.053713151E0
1.033287921E1,9.743022484E-1,-3.534466445E-2,-2.317064452E-1,1.002098794E0
1.034286721E1,8.487015711E-1,-6.208865941E-2,-2.576360692E-1,8.891151233E-1
1.035285521E1,7.598132220E-1,-1.082284534E-1,-2.662728453E-1,8.123612242E-1
1.036284321E1,6.550469050E-1,-1.270512253E-1,-2.107482702E-1,6.997451643E-1
1.037283021E1,5.631944561E-1,-1.728717613E-1,-1.466744810E-1,6.071128764E-1
1.038281821E1,5.220994936E-1,-2.100466043E-1,-6.848390535E-2,5.669193086E-1
1.039280621E1,5.001065075E-1,-1.727729434E-1,-5.078540683E-2,5.315413120E-1
1.040279421E1,5.600568402E-1,-8.140902936E-2,-7.183362901E-2,5.704832728E-1
1.041278121E1,6.743716604E-1,-1.368178296E-1,-1.843124235E-1,7.123674082E-1
1.042276921E1,7.477989480E-1,-2.897295356E-2,-1.865349501E-1,7.712574060E-1
1.043275721E1,8.004275434E-1,-6.117357016E-2,-2.487436236E-1,8.404164731E-1
1.044274521E1,8.181555703E-1,-6.432814300E-2,-2.669604778E-1,8.630090057E-1
1.045273321E1,7.298874646E-1,-9.855891287E-2,-3.133347452E-1,8.003925492E-1
1.046272021E1,6.338953333E-1,-8.723636448E-2,-2.770786460E-1,6.972847717E-1
1.047270821E1,5.436752808E-1,-5.752724648E-2,-2.325180387E-1,5.941017029E-1
1.048269621E1,4.001131265E-1,-6.188868463E-2,-1.752084549E-1,4.411561242E-1
1.049268421E1,3.088263957E-1,-9.701290905E-2,-1.445924337E-1,3.545309847E-1
1.050267221E1,2.453652486E-1,-1.162327069E-1,-1.099294084E-1,2.929140185E-1
1.051265921E1,1.984704329E-1,-1.456734377E-1,-5.136296555E-2,2.514943686E-1
1.052264721E1,2.026114310E-1,-1.160011572E-1,-6.628856823E-2,2.426970019E-1
1.053263521E1,2.524050039E-1,-6.166824460E-2,-6.744237006E-2,2.684394376E-1
1.054262321E1,2.934305307E-1,-3.851911783E-2,-9.708716869E-2,3.114660770E-1
1.055261121E1,2.899024670E-1,-2.147506893E-2,-9.998519495E-2,3.074112200E-1
1.056259821E1,2.213038100E-1,-1.001686513E-2,-8.369836047E-2,2.368145466E-1
1.057258621E1,2.156860976E-1,-2.021382451E-2,-1.014475836E-1,2.392084940E-1
1.058257421E1,2.053749713E-1,-6.353350639E-2,-1.048206961E-1,2.391709924E-1
1.059256221E1,1.778512502E-1,-7.774808764E-2,-1.338790190E-1,2.357953012E-1
1.060255021E1,1.058802116E-1,-7.081913710E-2,-1.211028528E-1,1.757608328E-1
1.061253721E1,4.102786571E-2,-7.047532082E-2,-1.247082460E-1,1.490040376E-1
1.062252521E1,-3.431146145E-2,-5.155256152E-2,-1.375241733E-1,1.508238748E-1
1.063251321E1,-1.135682769E-1,-3.945408762E-2,-1.685554929E-1,2.070394473E-1
1.064250121E1,-1.432335408E-1,-2.425191164E-2,-2.114670391E-1,2.565585919E-1
1.065248821E1,-2.019297919E-1,-2.351165414E-2,-1.890650403E-1,2.776220960E-1
1.066247621E1,-2.688850889E-1,-2.141835093E-2,-1.793457985E-1,3.239179714E-1
1.067246421E1,-3.211774693E-1,-4.763375759E-2,-1.529337792E-1,3.589048377E-1
1.068245221E1,-3.129251477E-1,-4.460957766E-2,-1.091850579E-1,3.344152200E-1
1.069244021E1,-2.976425725E-1,-4.278700054E-2,-5.886567414E-2,3.064098497E-1
1.070242721E1,-2.944627105E-1,-5.086668313E-2,-1.175436527E-3,2.988261852E-1
1.071241521E1,-3.033775216E-1,-4.959257483E-2,-1.938936710E-2,3.080150835E-1
1.072240321E1,-2.908403604E-1,-3.751690507E-2,-5.662575200E-2,2.986672215E-1
1.073239121E1,-2.833135320E-1,-3.639774799E-2,-7.255181327E-2,2.947119256E-1
1.074237921E1,-2.342727882E-1,-2.749770105E-2,-8.194463432E-2,2.497094030E-1
1.075236621E1,-1.748544060E-1,6.240440905E-2,-8.904622391E-2,2.059067836E-1
1.076235421E1,-1.710484533E-1,1.358156168E-1,-4.205507532E-2,2.224232104E-1
1.077234221E1,-1.800033179E-1,1.442648435E-1,-2.200833499E-2,2.317280870E-1
1.078233021E1,-2.753322288E-1,8.012965858E-2,2.794735193E-2,2.881139582E-1
1.079231721E1,4.418463126E-2,-1.357840419E-1,1.686205432E-2,1.437842709E-1
1.080230521E1,1.082879488E-1,-6.580281079E-2,-5.855124012E-2,1.395870248E-1
1.081229321E1,2.144802555E-2,2.956118345E-2,-3.399132639E-3,3.668017816E-2
1.082228121E1,5.742185041E-2,7.393219471E-3,1.474302337E-2,5.974349619E-2
1.083226921E1,1.023185264E-1,3.250233293E-2,1.624137238E-2,1.085783803E-1
1.084225621E1,1.640602997E-1,4.359157741E-2,-4.630000770E-2,1.759536822E-1
1.085224421E1,1.681233837E-1,1.102200150E-3,-4.651620850E-2,1.744432419E-1
1.086223221E1,4.225578099E-2,8.771992922E-3,-3.583875418E-2,5.609737238E-2
1.087222021E1,-1.307830645E-1,4.300042391E-3,1.899862692E-2,1.322257469E-1
1.088220821E1,-2.420313124E-1,-2.956176817E-2,6.566467032E-2,2.525171346E-1
1.089219521E1,-2.719545847E-1,-1.725805700E-2,8.946707726E-2,2.868126472E-1
1.090218321E1,-2.483696942E-1,2.462964177E-2,9.659936473E-2,2.676295229E-1
1.091217121E1,-1.686034401E-1,2.967578888E-2,4.411475703E-2,1.767876812E-1
1.092215921E1,-9.835119054E-2,1.447887540E-2,1.046505421E-3,9.941674752E-2
1.093214721E1,-1.090491101E-1,9.049150944E-3,1.117987633E-2,1.099935688E-1
1.094213421E1,-1.960208881E-1,2.389581621E-2,4.052997530E-2,2.015883863E-1
1.095212221E1,-2.685759173E-1,6.008774221E-2,8.699063525E-2,2.886363296E-1
1.096211021E1,-2.542546244E-1,5.412650585E-2,1.107233141E-1,2.825504290E-1
1.097209821E1,-2.026637636E-1,4.719872475E-2,5.297387347E-2,2.147243628E-1
1.098208521E1,-1.528773536E-1,2.398410916E-2,1.068914875E-2,1.551160231E-1
1.099207321E1,-7.385354966E-2,-6.426908612E-2,-1.131904006E-2,9.855446665E-2
1.100206121E1,-5.245961085E-2,-1.307174295E-1,-1.998125151E-2,1.422614057E-1
1.101204921E1,2.890658766E-2,-1.501483119E-1,1.703060031E-2,1.538510569E-1
1.102203721E1,-2.488282621E-3,-7.851699650E-2,2.007992327E-2,8.108214112E-2
1.103202421E1,-1.602626793E-1,2.189665318E-2,1.276477875E-1,2.060522930E-1
1.104201221E1,-2.409025075E-1,4.778636992E-2,1.434273760E-1,2.844098582E-1
1.105200021E1,-3.707507484E-1,1.190393704E-1,1.210296164E-1,4.077678962E-1
1.106198821E1,-3.069758981E-1,6.686934292E-2,1.245737600E-1,3.379709052E-1
1.107197621E1,-1.747547109E-1,-5.056028903E-2,-2.866056606E-2,1.841656316E-1
1.108196321E1,-6.346465543E-2,-5.208758175E-2,-1.932548627E-2,8.434662460E-2
1.109195121E1,3.581024900E-2,-3.153578818E-2,-1.408199564E-2,4.975120572E-2
1.110193921E1,4.212275684E-2,5.982052445E-2,-1.171080351E-2,7.409429606E-2
1.111192721E1,1.226849632E-1,6.089231908E-2,1.742631063E-2,1.380693703E-1
1.112191521E1,2.421055721E-1,2.165750206E-2,-5.002249137E-2,2.481660836E-1
1.113190221E1,2.065531853E-1,1.763461769E-2,-4.476774484E-2,2.120833541E-1
1.114189021E1,2.364171083E-1,-3.768413544E-2,-4.003924772E-2,2.427267693E-1
1.115187821E1,2.720209506E-1,-7.161786675E-2,-7.558812618E-2,2.912697740E-1
1.116186621E1,-3.609954000E-2,1.750024867E-1,2.034831047E-3,1.786985945E-1
1.117185421E1,-1.102496897E-1,1.437654912E-1,1.771608402E-1,2.533958836E-1
1.118184121E1,2.537311524E-1,-1.584139359E-1,4.286359906E-2,3.021783594E-1
1.119182921E1,5.304285599E-1,-1.339503551E-1,-1.168678607E-1,5.594240357E-1
1.120181721E1,5.386057448E-1,6.364811182E-2,-7.069985390E-2,5.469421357E-1
1.121180521E1,5.056977613E-1,4.643273950E-2,1.007723764E-2,5.079249707E-1
1.122179221E1,4.634713626E-1,-5.779621840E-2,-1.924727976E-2,4.674575538E-1
1.123178021E1,3.530620439E-1,-1.041488510E-1,-5.941721275E-2,3.728675304E-1
1.124176821E1,2.748947109E-1,-1.016175914E-1,-6.869995996E-2,3.010198025E-1
1.125175621E1,2.138911486E-1,-2.292108536E-3,-1.980568886E-2,2.148183942E-1
1.126174421E1,2.158892883E-1,5.979947448E-2,3.070679918E-2,2.261129574E-1
1.127173121E1,2.979989603E-1,2.571839333E-2,9.868287385E-2,3.149652770E-1
1.128171921E1,3.684348124E-1,-9.642877221E-2,9.925180793E-2,3.935652938E-1
1.129170721E1,4.344823292E-1,-1.927335835E-1,4.489506796E-2,4.774271627E-1
1.130169521E1,5.246265140E-1,-9.081076741E-2,-4.101748690E-2,5.340056263E-1
1.131168321E1,4.756879503E-1,3.459329724E-2,-1.124020498E-1,4.900101458E-1
1.132167021E1,2.678603643E-1,1.414915091E-1,-7.277093768E-2,3.115519720E-1
1.133165821E1,4.980570585E-2,3.246707422E-1,-5.846835583E-2,3.336319046E-1
1.134164621E1,-7.081299752E-2,2.586200094E-1,-1.450248353E-1,3.048458508E-1
1.135163421E1,-1.436776368E-1,-9.536399424E-2,-2.378502609E-1,2.937861490E-1
1.136162221E1,-1.221445343E-1,-3.839878213E-1,-4.773666859E-3,4.029748405E-1
1.137160921E1,-6.952690244E-2,-3.299367446E-1,1.210245001E-1,3.582445746E-1
1.138159721E1,-2.268912631E-1,-3.556101143E-2,2.021265507E-1,3.059401466E-1
1.139158521E1,-1.180804271E-1,-8.521088898E-2,2.451135260E-1,2.851044080E-1
1.140157321E1,1.386477157E-1,-6.960583985E-2,8.918728799E-2,1.789484126E-1
1.141156021E1,2.447569920E-1,-1.918062150E-2,-4.965937927E-2,2.504794110E-1
1.142154821E1,3.746574193E-2,8.430515528E-3,2.482096267E-1,2.511628440E-1
1.143153621E1,-1.564081948E-1,-4.067498624E-2,4.477655952E-1,4.760378200E-1
1.144152421E1,-1.635815589E-1,-8.376779616E-2,2.213064413E-1,2.876673618E-1
1.145151221E1,-2.912512735E-1,-1.318430185E-2,1.103306736E-1,3.117274252E-1
1.146149921E1,-4.266149005E-1,9.323151469E-2,9.589097455E-2,4.470877628E-1
1.147148721E1,-4.661812547E-1,2.373683041E-1,6.395114377E-2,5.270279146E-1
1.148147521E1,-4.808720917E-1,2.843255389E-1,9.724504352E-2,5.670410735E-1
1.149146321E1,-4.709859118E-1,1.811806548E-1,1.958795317E-1,5.413159426E-1
1.150145121E1,-3.526486458E-1,8.398706675E-2,2.548437314E-1,4.431255152E-1
1.151143821E1,-1.366467986E-1,-1.110386252E-2,2.052413625E-1,2.468190839E-1
1.152142621E1,6.391766846E-2,-7.138690174E-2,1.493671238E-1,1.774601244E-1
1.153141421E1,1.935633034E-1,-1.086465293E-1,8.373256668E-2,2.372381998E-1
1.154140221E1,2.331153318E-1,-1.459593666E-1,7.418318644E-2,2.848684605E-1
1.155139021E1,3.013426906E-1,-2.173398364E-1,-2.553712964E-2,3.724193424E-1
1.156137721E1,2.829005724E-1,-1.646611011E-1,-7.387606144E-2,3.355647248E-1
1.157136521E1,1.584661223E-1,-8.557341635E-2,-1.560285643E-2,1.807699384E-1
1.158135321E1,2.101869375E-2,9.484183788E-4,1.233006750E-1,1.250829382E-1
1.159134121E1,-1.173881167E-1,9.044180810E-2,1.310279167E-1,1.978080017E-1
1.160132921E1,-1.939769939E-1,6.363524795E-2,1.468867350E-1,2.514999639E-1
1.161131621E1,-1.443012424E-1,8.826781332E-2,1.152999298E-1,2.047147509E-1
1.162130421E1,2.029393137E-2,1.573649454E-1,7.227918684E-2,1.743555292E-1
1.163129221E1,1.540405110E-1,1.073712516E-1,6.330341846E-3,1.878753254E-1
1.164128021E1,1.472226575E-1,4.837518454E-2,2.468182817E-2,1.569199223E-1
1.165126721E1,1.260718167E-1,2.333097517E-2,8.342646495E-2,1.529653961E-1
1.166125521E1,1.071215755E-1,2.940330863E-2,8.387319222E-2,1.391915905E-1
1.167124321E1,1.168731232E-1,6.795458615E-2,1.189193563E-1,1.800526757E-1
1.168123121E1,1.187521259E-1,3.770050764E-2,8.606999114E-2,1.514313015E-1
1.169121921E1,5.841748506E-2,2.766960919E-2,5.342747122E-2,8.386122175E-2
1.170120621E1,-7.832871616E-2,2.129813218E-1,1.184821308E-2,2.272373459E-1
1.171119421E1,2.012231559E-2,-6.773239195E-2,-6.221437454E-2,9.414463821E-2
1.172118221E1,-2.173220024E-1,2.937641144E-2,-1.005206537E-1,2.412389440E-1
1.173117021E1,-4.985523176E-1,2.478038299E-1,7.941556737E-2,5.623770833E-1
1.174115821E1,-1.837241936E-1,-3.994817734E-3,4.077497363E-2,1.882369155E-1
1.175114521E1,2.768384716E-1,-2.197494739E-1,-8.809824407E-2,3.642673074E-1
1.176113321E1,5.493763161E-1,-2.495503932E-1,-1.942526901E-1,6.338957667E-1
1.177112121E1,2.739455616E-1,5.550060153E-2,-7.015606284E-2,2.881811248E-1
1.178110921E1,-2.630726641E-1,3.614748716E-1,1.703195979E-1,4.784141249E-1
1.179109721E1,-3.085903144E-1,1.977382153E-1,1.617926033E-1,4.006310403E-1
1.180108421E1,-1.161403209E-2,-1.161075765E-1,9.014067650E-3,1.170346465E-1
1.181107221E1,1.272104158E-1,-1.814730155E-1,-1.668926910E-2,2.222464329E-1
1.182106021E1,2.006083211E-1,-2.337453693E-1,1.271770866E-1,3.332485672E-1
1.183104821E1,3.914050144E-1,-3.104047054E-1,1.678941728E-1,5.270079883E-1
1.184103621E1,4.882580021E-1,-3.178043568E-1,1.722770995E-1,6.075153371E-1
1.185102321E1,4.834685478E-1,-1.834417731E-1,2.485569513E-1,5.737362450E-1
1.186101121E1,4.535196939E-1,-5.833650112E-2,2.394680393E-1,5.161668354E-1
1.187099921E1,3.658066352E-1,4.679351270E-2,1.499341576E-1,3.981009656E-1
1.188098721E1,2.019166356E-1,1.481169891E-1,2.548520637E-1,3.572933593E-1
1.189097521E1,1.580359134E-1,1.631630445E-1,3.071589160E-1,3.820263455E-1
1.190096221E1,3.126196307E-1,4.843073308E-2,2.577429271E-1,4.080539007E-1
1.191095021E1,5.859687763E-1,3.145802021E-4,1.838423073E-1,6.141315004E-1
1.192093821E1,6.467043900E-1,-6.867671728E-2,1.453682131E-1,6.663895085E-1
1.193092621E1,5.697911386E-1,-4.419968784E-2,2.059592544E-1,6.074823195E-1
1.194091321E1,1.468396649E-1,5.478139400E-2,1.867472041E-1,2.437978805E-1
1.195090121E1,-5.137153172E-1,3.045294231E-1,4.200923315E-1,7.301500967E-1
1.196088921E1,-4.008801350E-1,1.689365852E-1,4.071767092E-1,5.958500860E-1
1.197087721E1,-4.081239581E-2,-4.568078756E-2,3.164608128E-1,3.223349687E-1
1.198086521E1,3.798781058E-1,-1.163695318E-1,2.913866365E-1,4.927021566E-1
1.199085221E1,5.542143023E-1,-7.214587033E-2,2.716382504E-1,6.214063554E-1
1.200084021E1,6.824554360E-1,-4.934933066E-2,2.831841624E-1,7.405228210E-1
1.201082821E1,7.410445368E-1,-5.429549038E-2,2.112775894E-1,7.724850973E-1
1.202081621E1,6.493360756E-1,-1.257841337E-1,1.516228335E-1,6.785635350E-1
1.203080421E1,2.100404647E-1,3.099492073E-2,1.987948072E-1,2.908557328E-1
1.204079121E1,-6.267191917E-2,2.901739240E-2,2.693921886E-1,2.781041708E-1
1.205077921E1,-9.365865380E-2,-1.452512687E-1,1.850860101E-1,2.532325130E-1
1.206076721E1,1.265229294E-1,-2.193185341E-1,2.342049605E-1,3.449067042E-1
1.207075521E1,8.601523197E-1,-3.999600756E-1,9.809435159E-3,9.486444540E-1
1.208074321E1,3.908732101E-1,1.229540813E-1,1.130874896E-1,4.250745262E-1
1.209073021E1,7.118312627E-2,3.178546429E-1,3.016637027E-1,4.439590082E-1
1.210071821E1,1.872421709E-1,1.577555394E-1,6.715702593E-2,2.538828606E-1
1.211070621E1,4.474792278E-1,-3.429508924E-2,-5.380096212E-2,4.520048185E-1
1.212069421E1,5.409712359E-1,-1.673800564E-1,-1.426618293E-2,5.664534273E-1
1.213068221E1,4.043052877E-1,-1.389199036E-1,6.748900160E-2,4.328004975E-1
1.214066921E1,7.989416197E-2,4.418273091E-2,2.635151522E-1,2.788824596E-1
1.215065721E1,4.405058384E-1,-7.818955243E-2,2.737128425E-1,5.244785219E-1
1.216064521E1,6.619714701E-1,-1.801375115E-1,2.577686548E-2,6.865276375E-1
1.217063321E1,6.154124308E-1,-5.893642545E-2,8.836473092E-2,6.245112392E-1
1.218062121E1,4.035828643E-1,-9.571833551E-2,-6.259517446E-2,4.194750099E-1
1.219060821E1,6.765871704E-2,-6.446730673E-2,-8.077533737E-2,1.235248589E-1
1.220059621E1,-3.125234440E-1,1.157298464E-1,-4.614140198E-2,3.364421635E-1
1.221058421E1,-5.524984369E-1,2.633702874E-1,8.677852750E-2,6.181819666E-1
1.222057221E1,-4.386883776E-1,2.663757563E-1,1.378485475E-1,5.314186280E-1
1.223055921E1,-1.771560162E-1,1.564714909E-1,9.934273213E-3,2.365719158E-1
1.224054721E1,7.662761495E-2,1.272512001E-1,-2.436023131E-2,1.505260116E-1
1.225053521E1,2.407058948E-1,1.010509962E-1,-9.852192923E-2,2.790290346E-1
1.226052321E1,2.586509997E-1,1.029244441E-1,-1.723140831E-1,3.273926145E-1
1.227051121E1,3.564784259E-2,6.294761539E-2,-2.892187813E-1,2.981286206E-1
1.228049821E1,-3.011731213E-1,-5.856571198E-3,-2.235517721E-1,3.751199052E-1
1.229048621E1,-5.084569162E-1,2.419460893E-2,-4.651693940E-2,5.111532455E-1
1.230047421E1,-4.841943334E-1,-4.792202532E-2,-3.715335444E-2,4.879764797E-1
1.231046221E1,-3.020616058E-1,-1.727694350E-1,-1.194640245E-1,3.679159476E-1
1.232045021E1,-1.473369706E-1,-2.708126235E-1,-1.511750829E-1,3.433679741E-1
1.233043721E1,1.225444838E-2,-2.694905680E-1,-1.720568056E-1,3.199670016E-1
1.234042521E1,3.048647609E-1,-2.366771632E-1,-2.625072384E-1,4.667640220E-1
1.235041321E1,-6.030291975E-2,1.011884058E-1,-1.382164836E-1,1.816021253E-1
1.236040121E1,-3.999159291E-1,2.490598118E-1,4.450549722E-2,4.732275135E-1
1.237038921E1,-2.525178552E-1,4.336996794E-2,3.438104331E-2,2.585116582E-1
1.238037621E1,2.009696791E-1,-1.934732562E-1,4.785142019E-2,2.830379324E-1
1.239036421E1,2.969710198E-1,-2.095858437E-1,1.007590739E-1,3.771874911E-1
1.240035221E1,5.995676458E-2,-8.258782804E-2,3.011620116E-1,3.179844654E-1
1.241034021E1,-2.099619658E-1,1.045324284E-1,4.156772451E-1,4.772825450E-1
1.242032821E1,-4.779218790E-1,1.360857582E-1,5.256740427E-1,7.233684090E-1
1.243031521E1,-4.291625324E-1,1.272927153E-1,4.842523670E-1,6.594575570E-1
1.244030321E1,1.394800669E-1,-2.680340266E-1,3.966224849E-1,4.986043763E-1
1.245029121E1,8.129486248E-1,-4.142974484E-1,1.240773314E-1,9.208273598E-1
1.246027921E1,5.966804369E-1,-1.492601198E-1,2.809660211E-1,6.762011773E-1
1.247026721E1,2.791617166E-1,1.082114965E-1,3.523524843E-1,4.623778381E-1
1.248025421E1,-1.807621403E-1,3.023098201E-1,4.189879386E-1,5.473728815E-1
1.249024221E1,-3.011161110E-1,2.421103960E-1,4.556062728E-1,5.973821490E-1
1.250023021E1,-2.244898117E-1,2.022645450E-1,4.481213982E-1,5.404807205E-1
1.251021821E1,-1.325362059E-1,2.782181221E-1,4.302808124E-1,5.292567873E-1
1.252020621E1,-1.631724000E-2,2.872988480E-1,4.155195165E-1,5.054338225E-1
1.253019321E1,1.896406987E-1,2.091221595E-1,3.907143120E-1,4.820304408E-1
1.254018121E1,3.816885500E-1,1.262185818E-1,3.634253566E-1,5.419365917E-1
1.255016921E1,5.832224853E-1,1.258613169E-2,2.875916474E-1,6.503966741E-1
1.256015721E1,6.625114605E-1,-1.112672514E-1,1.965792972E-1,6.999608965E-1
1.257014421E1,6.176272099E-1,-1.718297875E-1,1.396243469E-1,6.561126462E-1
1.258013221E1,4.785653651E-1,-1.910881770E-1,1.281095713E-1,5.309911132E-1
1.259012021E1,4.030699173E-1,-2.142279482E-1,1.773916590E-1,4.897211172E-1
1.260010821E1,4.393327408E-1,-1.796749967E-1,1.601235156E-1,5.009350275E-1
1.261009621E1,4.219482377E-1,-1.065462095E-1,1.356111105E-1,4.558319683E-1
1.262008321E1,5.636462997E-1,-1.477117771E-1,3.404877529E-2,5.836739153E-1
1.263007121E1,5.512656976E-1,-9.773094714E-2,-1.363841124E-1,5.762341829E-1
1.264005921E1,4.689212599E-1,-5.305880427E-2,-4.748684630E-2,4.742967271E-1
1.265004721E1,4.815831131E-1,-1.178541398E-1,-4.762966454E-2,4.980767792E-1
1.266003521E1,4.799599260E-1,-1.030864120E-1,2.303802967E-3,4.909110372E-1
1.267002221E1,4.022521842E-1,-1.660936689E-1,-5.823870644E-2,4.390736538E-1
1.268001021E1,-4.811936885E-2,-2.223520696E-2,2.609977797E-2,5.908533234E-2
1.268999821E1,-5.613063902E-2,1.828734237E-1,1.671287723E-1,2.540184329E-1
1.269998621E1,1.473205984E-1,7.666810691E-2,5.989770770E-2,1.765477066E-1
1.270997421E1,2.057594258E-1,9.595456302E-2,-4.116849124E-2,2.307359186E-1
1.271996121E1,8.310969204E-2,7.780948341E-2,-2.770527720E-2,1.171713233E-1
1.272994921E1,2.912185290E-1,-1.091704398E-1,-4.939727783E-3,3.110479344E-1
1.273993721E1,4.051801774E-1,-1.581087112E-1,-5.989873096E-2,4.390412266E-1
1.274992521E1,2.432222441E-1,-1.528526491E-1,2.785613537E-2,2.886121214E-1
1.275991333E1,1.789291844E-1,-7.926251650E-2,1.130847122E-1,2.260229008E-1
1.276990033E1,1.565893123E-1,-4.948615551E-2,1.613609326E-1,2.302312812E-1
1.277988833E1,2.103924671E-1,-5.933345139E-2,1.448298307E-1,2.622234324E-1
1.278987633E1,2.453441986E-1,-1.708170497E-1,4.820444584E-2,3.028133235E-1
1.279986433E1,1.280028597E-1,-2.103383803E-1,-1.185170679E-1,2.732640878E-1
1.280985233E1,-8.608563244E-3,-2.440943563E-1,-8.543542206E-2,2.587573641E-1
1.281983933E1,-1.337231907E-1,-8.118449628E-2,-2.631551099E-1,3.061428197E-1
1.282982733E1,-4.339576878E-1,1.449548149E-1,6.249138638E-2,4.617752121E-1
1.283981533E1,-4.049465811E-1,3.507633573E-1,1.076460707E-1,5.464470175E-1
1.284980333E1,7.584452659E-2,4.741612422E-1,1.866752833E-1,5.151979593E-1
1.285979133E1,2.903785765E-2,2.904236001E-1,1.389333522E-1,3.232515136E-1
1.286977833E1,-3.368148243E-1,-4.282442272E-2,-1.102964674E-1,3.569922517E-1
1.287976633E1,-6.003073186E-1,4.534749627E-2,-3.653735027E-2,6.031254016E-1
1.288975433E1,-1.000041545E0,5.405867815E-2,8.483535156E-2,1.005088290E0
1.289974233E1,-7.323944584E-1,-2.853441238E-4,4.149761640E-1,8.417879428E-1
1.290972933E1,2.788124916E-1,-6.034560442E-2,2.148530155E-1,3.571271702E-1
1.291971733E1,6.881167102E-1,-1.646739650E-1,1.488408744E-2,7.077030858E-1
1.292970533E1,2.733318964E-1,-3.517100215E-2,1.640085518E-2,2.760730212E-1
1.293969333E1,-5.829440117E-1,1.990415597E-1,2.475968385E-1,6.638866301E-1
1.294968133E1,-5.769091004E-1,8.826898277E-2,3.469484876E-1,6.789615427E-1
1.295966833E1,-2.784872402E-1,-3.463247359E-2,1.735481380E-1,3.299598572E-1
1.296965633E1,-1.259288523E-1,1.383451223E-1,2.678973480E-1,3.267513393E-1
1.297964433E1,3.277124637E-1,1.836844325E-2,9.856008232E-2,3.427053376E-1
1.298963233E1,3.388631040E-1,-4.135618687E-2,-6.257456303E-2,3.470649988E-1
1.299962033E1,1.341849746E-1,-5.404347539E-2,4.965382442E-2,1.529438031E-1
1.300960733E1,1.921484233E-1,1.339889467E-2,5.989171430E-2,2.017115872E-1
1.301959533E1,3.325786628E-1,9.465121865E-2,6.840876862E-2,3.524871342E-1
1.302958333E1,4.252899215E-1,-1.597517788E-2,-6.690530330E-3,4.256424401E-1
1.303957133E1,-2.012121923E-1,-5.923755705E-2,-1.855638738E-1,2.800524697E-1
1.304955933E1,-9.861672722E-1,5.262242657E-1,2.190938549E-1,1.139052230E0
1.305954633E1,-6.470312494E-1,6.451770973E-1,5.260995738E-1,1.054364115E0
1.306953433E1,1.795593680E-1,3.459271252E-2,1.338595770E-1,2.266199655E-1
1.307952233E1,6.313295750E-1,-3.128897721E-1,-1.665354261E-1,7.240242330E-1
1.308951033E1,6.512715040E-1,-3.382374519E-1,-2.147379716E-1,7.646381773E-1
1.309949833E1,2.130202058E-1,-2.203184080E-1,-9.499971271E-3,3.066073359E-1
1.310948533E1,-2.683784276E-2,-6.307508469E-2,2.499990208E-1,2.592262458E-1
1.311947333E1,-5.541961759E-2,7.485371590E-2,3.649808621E-1,3.766768410E-1
1.312946133E1,-2.835607231E-2,1.494291043E-1,3.395046897E-1,3.720168792E-1
1.313944933E1,8.310647607E-3,1.815139461E-1,2.842676514E-1,3.373788333E-1
1.314943733E1,1.892730550E-1,2.708547235E-2,1.209688054E-1,2.262550863E-1
1.315942433E1,4.475166500E-1,-1.946818757E-1,-1.042054228E-1,4.990300140E-1
1.316941233E1,4.761507574E-1,-2.345248032E-1,-9.228031889E-2,5.387365630E-1
1.317940033E1,5.347525759E-1,-2.142893440E-1,-2.715417713E-2,5.767300839E-1
1.318938833E1,6.031367862E-1,-1.652306199E-1,4.965572476E-2,6.273283284E-1
1.319937633E1,6.049975164E-1,-1.419978780E-1,1.170014696E-1,6.323564945E-1
1.320936333E1,4.412823486E-1,-8.825611889E-2,1.947801089E-1,4.903657253E-1
1.321935133E1,2.906753227E-1,-1.207976282E-2,2.480880046E-1,3.823424145E-1
1.322933933E1,2.458170922E-1,-6.889014065E-2,2.129776673E-1,3.324626010E-1
1.323932733E1,1.997734849E-1,-7.954259813E-2,2.056113450E-1,2.975104963E-1
1.324931533E1,1.973965918E-1,-7.299137771E-2,1.686815004E-1,2.697157842E-1
1.325930233E1,2.362777984E-1,-3.339461803E-2,1.365862799E-1,2.749512873E-1
1.326929033E1,2.985480139E-1,1.278084397E-2,1.035366476E-1,3.162500655E-1
1.327927833E1,3.434104836E-1,1.395964265E-2,1.005475509E-1,3.580997652E-1
1.328926633E1,3.883343491E-1,1.561323524E-2,9.707839787E-2,4.005890103E-1
1.329925333E1,3.740408304E-1,-2.065587401E-2,7.593837440E-2,3.822300939E-1
1.330924133E1,2.747507232E-1,6.806159019E-4,5.501177430E-2,2.802047795E-1
1.331922933E1,1.590043585E-1,2.109616935E-2,1.247689109E-1,2.032110122E-1
1.332921733E1,7.473867193E-2,9.496462941E-3,1.303494935E-1,1.505557782E-1
1.333920533E1,4.654003590E-2,-1.249725401E-2,1.512012492E-1,1.586945937E-1
1.334919233E1,-3.528063744E-3,-4.564628899E-2,1.753280304E-1,1.812069237E-1
1.335918033E1,-2.217907369E-2,-4.250458002E-2,1.789821017E-1,1.852920488E-1
1.336916833E1,1.932285503E-2,-3.825950146E-2,1.974696819E-1,2.020679031E-1
1.337915633E1,5.597627252E-2,-6.520756423E-2,2.409280890E-1,2.557962345E-1
1.338914433E1,1.084459698E-1,-6.322009563E-2,2.240360677E-1,2.568062860E-1
1.339913133E1,1.635833131E-1,-7.605999649E-2,1.884608768E-1,2.608871892E-1
1.340911933E1,1.714593664E-1,-2.113417625E-2,1.625397313E-1,2.372006154E-1
1.341910733E1,1.690273632E-1,-8.063310385E-4,1.437055573E-1,2.218607376E-1
1.342909533E1,1.630265120E-1,-4.508787990E-3,1.066409343E-1,1.948595947E-1
1.343908333E1,1.344863985E-1,1.131436229E-3,1.087890552E-1,1.729824560E-1
1.344907033E1,1.078119855E-1,3.190884054E-2,1.088761787E-1,1.565107683E-1
1.345905833E1,9.275701314E-2,4.777876854E-2,1.056205952E-1,1.484667786E-1
1.346904633E1,1.041681468E-1,6.221554399E-2,1.243786092E-1,1.737579211E-1
1.347903433E1,1.126020245E-1,5.743661463E-2,1.308178554E-1,1.819106702E-1
1.348902233E1,1.241758570E-1,3.761981606E-2,1.512551898E-1,1.992812747E-1
1.349900933E1,1.279440951E-1,-9.740876555E-3,1.941030014E-1,2.326812225E-1
1.350899733E1,1.000853285E-1,-4.216076374E-2,2.702360880E-1,2.912424184E-1
1.351898533E1,7.706440195E-2,-4.528726995E-2,3.320702474E-1,3.438902558E-1
1.352897333E1,6.645287499E-2,-7.876608789E-2,3.790397613E-1,3.927992131E-1
1.353896133E1,5.781887636E-2,-1.124004418E-1,4.483801375E-1,4.658558033E-1
1.354894833E1,7.418947220E-2,-1.556365085E-1,5.325211322E-1,5.597370426E-1
1.355893633E1,7.985527799E-2,-1.197585779E-1,5.870088498E-1,6.043991828E-1
1.356892433E1,1.152126601E-1,-9.085052848E-2,6.454003148E-1,6.618680699E-1
1.357891233E1,1.617798856E-1,-8.746265173E-2,6.164356935E-1,6.432848600E-1
1.358890033E1,2.091940802E-1,-3.387175083E-2,6.019353296E-1,6.381501388E-1
1.359888733E1,2.124118030E-1,-6.519060731E-2,5.469964993E-1,5.904013547E-1
1.360887533E1,1.772412394E-1,-1.676659852E-1,3.969603078E-1,4.659440154E-1
1.361886333E1,6.828086078E-2,-1.850468338E-1,3.377019931E-1,3.910847003E-1
1.362885133E1,-1.035872260E-1,-1.484029180E-1,2.981998122E-1,3.488221143E-1
1.363883833E1,-2.292675716E-1,-1.804520917E-1,2.383583839E-1,3.767509734E-1
1.364882633E1,-3.756850675E-1,-1.963296211E-1,1.960869616E-1,4.670489124E-1
1.365881433E1,-4.572060710E-1,-2.038678515E-1,2.210481405E-1,5.472310049E-1
1.366880233E1,-4.983985358E-1,-2.389920759E-1,2.630136073E-1,6.121229211E-1
1.367879033E1,-4.616923472E-1,-2.677767491E-1,2.647022831E-1,5.957612857E-1
1.368877733E1,-4.119278643E-1,-2.221813309E-1,2.844693804E-1,5.476969395E-1
1.369876533E1,-2.650914153E-1,-8.171133041E-2,2.961502169E-1,4.057772184E-1
1.370875333E1,-2.513716547E-1,-6.270963371E-2,3.172089641E-1,4.095628570E-1
1.371874133E1,-3.999010187E-1,2.132947326E-2,2.501754606E-1,4.721901442E-1
1.372872933E1,-7.174650550E-2,2.896581995E-1,1.188940671E-1,3.212245831E-1
1.373871633E1,1.004211049E-1,4.416507232E-1,-5.499847189E-2,4.562505798E-1
1.374870433E1,1.770655306E-1,3.858612692E-1,-2.183324012E-1,4.773993702E-1
1.375869288E1,5.169093588E-1,4.767024422E-1,-4.083403051E-1,8.131311754E-1
1.376868088E1,2.952322040E-1,-8.198848844E-2,-3.137165684E-1,4.385228065E-1
1.377866888E1,3.027606404E-1,-4.628930730E-1,-1.227810037E-1,5.665767179E-1
1.378865588E1,3.002632946E-1,-9.530084431E-1,2.401410538E-1,1.027643355E0
1.379864387E1,3.411737774E-1,-1.344389484E0,6.013957778E-1,1.511773631E0
1.380863188E1,5.043423767E-1,-1.436193693E0,1.096396497E0,1.875926127E0
1.381861988E1,6.162134993E-1,-1.316929790E0,1.566417033E0,2.137214418E0
1.382860787E1,7.176577207E-1,-9.692321277E-1,1.743328636E0,2.119820335E0
1.383859488E1,8.023832908E-1,-4.970297027E-1,1.552738642E0,1.817100647E0
1.384858287E1,6.954798165E-1,-2.309065461E-3,9.365017533E-1,1.166504625E0
1.385857088E1,4.458779678E-1,3.655036032E-1,1.992122984E-1,6.099881851E-1
1.386855888E1,2.544863203E-1,6.675117069E-1,-3.036757296E-1,7.762435925E-1
1.387854687E1,-1.541954622E-1,8.487432325E-1,-6.056130821E-1,1.053996452E0
1.388853388E1,-5.402988061E-1,8.411219716E-1,-6.673941779E-1,1.202008303E0
1.389852188E1,-6.266515101E-1,8.442139792E-1,-6.109331712E-1,1.215988774E0
1.390850988E1,-5.122871348E-1,8.244989222E-1,-5.557024187E-1,1.118499781E0
1.391849788E1,-4.416024837E-1,8.160666525E-1,-5.159068537E-1,1.061667282E0
1.392848588E1,-5.577142994E-1,8.489847225E-1,-4.809606770E-1,1.123896557E0
1.393847287E1,-6.667865060E-1,8.822278976E-1,-3.923636654E-1,1.173405111E0
1.394846088E1,-6.464009196E-1,8.552172697E-1,-2.861142021E-1,1.109545882E0
1.395844888E1,-4.858957270E-1,8.289825672E-1,-1.998005283E-1,9.814412898E-1
1.396843688E1,-4.083547769E-1,8.280774182E-1,-5.388706237E-2,9.248619626E-1
1.397842488E1,-2.747109622E-1,8.817437482E-1,8.590846181E-2,9.275335110E-1
1.398841187E1,-2.584679818E-1,7.833468032E-1,2.179654884E-1,8.531980226E-1
1.399839988E1,-3.085676564E-1,7.866803008E-1,3.020165822E-1,8.973816971E-1
1.400838788E1,-4.403182890E-1,8.045476377E-1,3.305024627E-1,9.748892115E-1
1.401837587E1,-5.688636240E-1,7.939852273E-1,3.766273463E-1,1.046836435E0
1.402836388E1,-6.801120181E-1,6.667235023E-1,4.454850349E-1,1.051441630E0
1.403835088E1,-6.623668881E-1,5.338092738E-1,5.004231343E-1,9.869678559E-1
1.404833888E1,-5.977781054E-1,4.389721137E-1,6.154925376E-1,9.637770716E-1
1.405832688E1,-5.538108444E-1,3.911529994E-1,7.443645859E-1,1.006869285E0
1.406831488E1,-4.601742639E-1,3.841568059E-1,7.303952953E-1,9.448884019E-1
1.407830288E1,-5.813959613E-1,5.713396275E-1,7.789923817E-1,1.127510250E0
1.408828988E1,-4.498396026E-1,6.379376596E-1,9.158906105E-1,1.203401735E0
1.409827788E1,-4.700591281E-1,5.402973443E-1,1.000106011E0,1.230076761E0
1.410826588E1,-6.785994896E-1,6.375599295E-1,1.154826261E0,1.483443165E0
1.411825388E1,-8.205226694E-1,8.136394733E-1,1.303037682E0,1.741600943E0
1.412824087E1,-8.007254590E-1,9.206060976E-1,1.302406183E0,1.784639659E0
1.413822888E1,-7.962804057E-1,8.898871654E-1,1.289467464E0,1.757466356E0
1.414821688E1,-7.370340778E-1,7.482523996E-1,1.340555172E0,1.702994144E0
1.415820487E1,-5.956222370E-1,6.452519417E-1,1.414055550E0,1.664532672E0
1.416819288E1,-4.429789183E-1,6.534380436E-1,1.526315659E0,1.718386187E0
1.417817988E1,-2.239574227E-1,7.469549024E-1,1.637111040E0,1.813348039E0
1.418816788E1,1.371993604E-1,8.626186752E-1,1.705918150E0,1.916531079E0
1.419815588E1,4.374851668E-1,9.318193030E-1,1.708095068E0,1.994309216E0
1.420814388E1,7.707847913E-1,9.398095232E-1,1.745697635E0,2.127160400E0
1.421813188E1,9.472185302E-1,9.172679222E-1,1.833472236E0,2.258367513E0
1.422811888E1,8.651554897E-1,6.589993304E-1,1.877167894E0,2.169454641E0
1.423810688E1,6.429370290E-1,6.530170441E-3,2.002819296E0,2.103496089E0
1.424809488E1,4.057472111E-1,-7.342255139E-1,1.921146849E0,2.096311790E0
1.425808288E1,2.358823805E-1,-1.171960357E0,1.444949606E0,1.875369548E0
1.426807088E1,-8.320763290E-2,-1.215418618E0,7.527413070E-1,1.432056354E0
1.427805788E1,-7.346484138E-1,-1.040210894E0,2.450500837E-1,1.296840984E0
1.428804588E1,-1.406621254E0,-8.205462044E-1,2.566723019E-2,1.628661485E0
1.429803387E1,-1.969466339E0,-6.968629754E-1,2.781061479E-1,2.107548029E0
1.430802188E1,-2.092718336E0,-5.618232840E-1,6.926942030E-1,2.274849598E0
1.431800988E1,-1.901113996E0,-2.862293923E-1,9.938167459E-1,2.164216582E0
1.432799688E1,-1.532486079E0,2.510554665E-1,8.853044102E-1,1.787541980E0
1.433798488E1,-1.125368135E0,7.505129331E-1,2.868009576E-1,1.382742887E0
1.434797287E1,-8.317034228E-1,9.096694654E-1,-3.683959284E-1,1.286446532E0
1.435796088E1,-6.780397649E-1,7.832824838E-1,-7.910736063E-1,1.303482575E0
1.436794888E1,-5.334629725E-1,4.997866648E-1,-1.112383954E0,1.331077576E0
1.437793588E1,-2.704024413E-1,2.468986809E-2,-1.473092548E0,1.497908116E0
1.438792388E1,1.343963514E-1,-4.377605706E-1,-1.769074219E0,1.827380718E0
1.439791188E1,6.409507298E-1,-8.561235881E-1,-1.873856031E0,2.157568506E0
1.440789988E1,9.620445840E-1,-1.126405284E0,-1.794287412E0,2.326754384E0
1.441788788E1,1.035562065E0,-1.286175774E0,-1.606886782E0,2.304066415E0
1.442787488E1,1.089744704E0,-1.135148041E0,-1.270085406E0,2.022182369E0
1.443786287E1,1.033097317E0,-8.645207745E-1,-1.117449981E0,1.750251610E0
1.444785088E1,6.697951908E-1,-5.096216816E-1,-1.119887685E0,1.400888391E0
1.445783888E1,3.389785865E-1,-1.137757069E-1,-1.337600282E0,1.384567047E0
1.446782687E1,2.703587334E-1,1.252181232E-1,-1.653077154E0,1.679713518E0
1.447781388E1,3.123151369E-1,1.074712390E-1,-1.922991061E0,1.951149772E0
1.448780187E1,2.356122391E-1,-1.235224307E-2,-1.981348027E0,1.995346013E0
1.449778988E1,1.716745439E-1,-2.283758712E-1,-1.859187121E0,1.881011546E0
1.450777788E1,3.692428976E-2,-3.949431646E-1,-1.627094175E0,1.674747432E0
1.451776587E1,-1.276938343E-1,-5.097292703E-1,-1.455088971E0,1.547066113E0
1.452775288E1,-4.104372628E-1,-4.078742820E-1,-1.274395681E0,1.399608706E0
1.453774088E1,-4.363961229E-1,-5.718109131E-2,-1.160494552E0,1.241152230E0
1.454772888E1,-8.959764558E-1,-3.204929066E-1,-7.709436893E-1,1.224681054E0
1.455771688E1,-5.888143238E-1,-3.899145591E-1,-6.191645890E-1,9.392020335E-1
1.456770388E1,8.067432672E-2,-2.670283055E-1,-7.447411466E-1,7.952684065E-1
1.457769187E1,4.349384851E-1,-3.394314533E-1,-8.572342667E-1,1.019429147E0
1.458767988E1,7.265454885E-1,-4.088490129E-1,-9.284700179E-1,1.247831093E0
1.459766788E1,9.878319014E-1,-4.169889218E-1,-9.890363547E-1,1.458727026E0
1.460765587E1,1.232742310E0,-4.374079835E-1,-1.093747123E0,1.705069534E0
1.461764288E1,1.320889524E0,-5.073044300E-1,-1.046050216E0,1.759638592E0
1.462763087E1,1.381789445E0,-5.569285798E-1,-1.023748350E0,1.807642718E0
1.463761888E1,1.343940125E0,-4.998825592E-1,-9.605686006E-1,1.725905464E0
1.464760688E1,1.290706782E0,-3.865489018E-1,-9.584615564E-1,1.653478940E0
1.465759487E1,1.207929796E0,-2.652121603E-1,-9.480114126E-1,1.558254639E0
1.466758188E1,1.125533465E0,-1.802053392E-1,-9.124983484E-1,1.460120810E0
1.467756988E1,9.648456196E-1,-1.372873610E-1,-9.024782673E-1,1.328247685E0
1.468755788E1,8.336289109E-1,-1.915319806E-1,-8.855108169E-1,1.231158425E0
1.469754588E1,6.281266896E-1,-2.920783621E-1,-7.512131372E-1,1.021848367E0
1.470753388E1,5.755646794E-1,-2.550649023E-1,-5.136805263E-1,8.125272227E-1
1.471752087E1,3.624273831E-1,-2.713938367E-1,-2.504619741E-1,5.174354289E-1
1.472750888E1,4.878712088E-2,-3.027495307E-1,-1.555417836E-1,3.438469251E-1
1.473749688E1,2.918728325E-1,-2.016488332E-1,-7.895670712E-2,3.634366022E-1
1.474748488E1,3.221880144E-1,-1.685576856E-1,-7.313521922E-2,3.708983288E-1
1.475747275E1,4.260066439E-1,-1.091733634E-1,-2.360102883E-1,4.991005311E-1
1.476745975E1,5.365083486E-1,-1.929013985E-1,-4.170532411E-1,7.063891021E-1
1.477744775E1,5.875750065E-1,-1.732553387E-1,-5.778464091E-1,8.421212936E-1
1.478743575E1,7.000067309E-1,-2.354469091E-1,-7.772961044E-1,1.072209823E0
1.479742375E1,6.945691127E-1,-2.816884446E-1,-9.076282024E-1,1.177099650E0
1.480741175E1,5.453948008E-1,-3.020811939E-1,-9.110040924E-1,1.103918925E0
1.481739875E1,3.225898643E-1,-3.464241385E-1,-8.276286444E-1,9.534375057E-1
1.482738675E1,9.078679383E-2,-3.679342908E-1,-7.080621475E-1,8.031001737E-1
1.483737475E1,-1.161603476E-1,-3.331041813E-1,-6.000667056E-1,6.960830936E-1
1.484736275E1,-3.245069470E-1,-2.520582640E-1,-4.803763939E-1,6.321389143E-1
1.485735075E1,-4.863978566E-1,-1.442625046E-1,-3.832402548E-1,6.358204448E-1
1.486733775E1,-5.706600349E-1,-2.973659992E-2,-3.283249596E-1,6.590405297E-1
1.487732575E1,-5.383236167E-1,3.142527580E-2,-3.440226871E-1,6.396338589E-1
1.488731375E1,-4.236366212E-1,8.908174574E-2,-3.733423805E-1,5.716538090E-1
1.489730175E1,-2.731020277E-1,2.047080964E-1,-3.576497693E-1,4.943718032E-1
1.490728975E1,-1.466366934E-1,3.415072149E-1,-2.544534297E-1,4.504176346E-1
1.491727675E1,-3.874818251E-2,3.430713451E-1,-1.536657044E-1,3.779054355E-1
1.492726475E1,6.810105890E-2,2.869205332E-1,-7.402458072E-2,3.040407623E-1
1.493725275E1,2.015834174E-1,1.730173570E-1,-1.731726006E-2,2.662156410E-1
1.494724075E1,3.838904652E-1,5.682791948E-2,-1.797784925E-2,3.884900317E-1
1.495722875E1,6.353713167E-1,-1.079477870E-1,-3.862495244E-2,6.456324974E-1
1.496721575E1,8.226086636E-1,-2.698115802E-1,-2.094794244E-2,8.659804377E-1
1.497720375E1,9.562188569E-1,-3.227394068E-1,1.085097045E-1,1.015031814E0
1.498719175E1,1.025768563E0,-3.513872552E-1,2.078895664E-1,1.104034520E0
1.499717975E1,1.058788375E0,-3.525613761E-1,2.514864063E-1,1.143930837E0
1.500716775E1,1.082386568E0,-2.788279867E-1,1.975610447E-1,1.135048939E0
1.501715475E1,7.593254180E-1,-3.780236614E-1,6.921495348E-2,8.510391817E-1
1.502714275E1,5.994129869E-1,-2.293938714E-1,-1.042453301E-1,6.502188601E-1
1.503713075E1,3.367160064E-1,-1.477111924E-1,-2.543936419E-1,4.471156342E-1
1.504711875E1,3.942843296E-2,-4.638069928E-2,-4.053548630E-1,4.099003971E-1
1.505710675E1,-2.166782239E-1,7.071505666E-2,-4.560372126E-1,5.098235099E-1
1.506709375E1,-3.723536164E-1,1.734915662E-1,-5.679809868E-1,7.009628667E-1
1.507708175E1,-3.275776123E-1,2.251511317E-1,-6.913538750E-1,7.974774634E-1
1.508706975E1,-2.018593329E-1,2.023674560E-1,-7.150448924E-1,7.700577743E-1
1.509705775E1,-5.414667875E-2,1.185499585E-1,-6.960730165E-1,7.081691887E-1
1.510704575E1,1.027426688E-1,-8.044599295E-3,-5.747188796E-1,5.838857441E-1
1.511703275E1,2.997838229E-1,-1.439607882E-1,-4.340165985E-1,5.467773375E-1
1.512702075E1,7.942585847E-1,-1.284738529E-1,-3.256454730E-1,8.679845645E-1
1.513700875E1,8.187651426E-1,-4.089472461E-1,-3.851958561E-1,9.929703199E-1
1.514699675E1,9.232484543E-1,-5.700064623E-1,-4.717685616E-1,1.183157070E0
1.515698375E1,1.119112491E0,-4.473201835E-1,-5.105972895E-1,1.308899425E0
1.516697175E1,1.045392477E0,-2.152178818E-1,-4.610636254E-1,1.162645188E0
1.517695975E1,8.001871497E-1,-9.313737452E-2,-3.527199818E-1,8.794233512E-1
1.518694775E1,5.046101061E-1,-1.636109412E-2,-3.410799296E-1,6.092902125E-1
1.519693575E1,3.801621343E-1,-4.676603079E-3,-3.454140320E-1,5.136691275E-1
1.520692275E1,1.406850319E-1,-1.928645611E-2,-4.595195219E-1,4.809599116E-1
1.521691075E1,-2.228905982E-1,-1.065842164E-1,-4.293809259E-1,4.953871147E-1
1.522689875E1,-5.745158350E-1,-1.272529542E-1,-2.892149806E-1,6.556729856E-1
1.523688675E1,-7.957779837E-1,-1.560633552E-1,3.914652407E-2,8.118810384E-1
1.524687475E1,-9.089913346E-1,-2.474184984E-1,-4.126087725E-3,9.420712204E-1
1.525686175E1,-9.923852013E-1,-2.331787741E-1,-9.638930351E-2,1.023958801E0
1.526684975E1,-1.037242993E0,-2.431669879E-1,-6.343834296E-2,1.067252376E0
1.527683775E1,-1.047231646E0,-2.031299329E-1,2.290646732E-2,1.066996062E0
1.528682575E1,-9.011024174E-1,-1.412576205E-1,1.692786473E-1,9.276823500E-1
1.529681375E1,-6.313721135E-1,-1.269401282E-1,2.759897482E-1,7.006531831E-1
1.530680075E1,-3.004407576E-1,-1.794791150E-1,1.994467717E-1,4.028106457E-1
1.531678875E1,2.267842591E-3,-2.223649335E-1,-3.077623487E-2,2.244960654E-1
1.532677675E1,1.660099076E-1,-1.679273558E-1,-3.395603845E-1,4.135941742E-1
1.533676475E1,2.031493749E-1,-9.815019250E-2,-4.798327491E-1,5.302288146E-1
1.534675275E1,4.372843149E-1,-7.250488937E-2,-5.536009294E-1,7.091886350E-1
1.535673975E1,6.725670634E-1,-1.050265181E-1,-6.122955725E-1,9.155779008E-1
1.536672775E1,8.983404851E-1,-1.113555443E-1,-6.727104664E-1,1.127809849E0
1.537671575E1,1.074888391E0,-1.435748720E-1,-7.729796898E-1,1.331726848E0
1.538670375E1,1.141320801E0,-2.011576670E-1,-8.711985871E-1,1.449849839E0
1.539669175E1,9.844644168E-1,-2.841583085E-1,-8.912799722E-1,1.358048645E0
1.540667875E1,6.663361242E-1,-3.895964706E-1,-9.370227402E-1,1.214002000E0
1.541666675E1,3.684918228E-1,-4.813872313E-1,-9.181502670E-1,1.100236249E0
1.542665475E1,1.920713863E-1,-4.483715129E-1,-9.151401204E-1,1.037019706E0
1.543664275E1,1.729889980E-1,-3.901338297E-1,-9.351405215E-1,1.027918963E0
1.544663075E1,2.493356542E-1,-2.863580310E-1,-9.506066993E-1,1.023631910E0
1.545661775E1,3.340085994E-1,-2.133304006E-1,-1.042173219E0,1.114987275E0
1.546660575E1,2.587438242E-1,-2.143004537E-1,-1.245643460E0,1.290155293E0
1.547659375E1,6.509339735E-2,-2.518401629E-1,-1.395203542E0,1.419244004E0
1.548658175E1,-2.118795602E-1,-1.987433517E-1,-1.391544647E0,1.421544362E0
1.549656975E1,-4.646451911E-1,-8.818419814E-2,-1.355061237E0,1.435222130E0
1.550655675E1,-7.049229236E-1,4.911193371E-2,-1.255220615E0,1.440453783E0
1.551654475E1,-8.745072341E-1,1.699487382E-1,-1.052808428E0,1.379148673E0
1.552653275E1,-9.345873749E-1,2.156985229E-1,-9.382132334E-1,1.341724072E0
1.553652075E1,-1.086964499E0,1.368166602E-1,-9.088882774E-1,1.423477616E0
1.554650875E1,-1.053591224E0,-4.902422547E-2,-1.042395414E0,1.482918082E0
1.555649575E1,-9.247832023E-1,-3.163174099E-1,-1.362788333E0,1.677042848E0
1.556648375E1,-1.087657394E0,-6.923565263E-1,-1.579781722E0,2.039133751E0
1.557647175E1,-1.554451730E0,-7.857429922E-1,-1.398355776E0,2.233631820E0
1.558645975E1,-1.971564466E0,-4.017680347E-1,-7.434258154E-1,2.145032853E0
1.559644775E1,-2.175761662E0,4.216345346E-1,2.548690206E-1,2.230845738E0
1.560643475E1,-2.254645425E0,1.137882199E0,1.155279712E0,2.777205989E0
1.561642275E1,-2.051026080E0,1.446260260E0,1.694048887E0,3.027899990E0
1.562641075E1,-1.710097886E0,1.319603137E0,1.760255009E0,2.786446647E0
1.563639875E1,-1.333532228E0,1.017990890E0,1.568795680E0,2.296896502E0
1.564638675E1,-9.541321318E-1,7.395230913E-1,1.245889628E0,1.734792060E0
1.565637375E1,-6.245399344E-1,3.894660777E-1,8.931521045E-1,1.157348105E0
1.566636175E1,-1.641230111E-1,2.708430290E-3,5.766037296E-1,5.995127683E-1
1.567634975E1,3.961276643E-1,-3.180511093E-1,3.254326344E-1,6.033075783E-1
1.568633775E1,8.603489323E-1,-5.005672681E-1,2.811233112E-1,1.034310491E0
1.569632475E1,1.081621606E0,-5.714659274E-1,5.383788729E-1,1.336536724E0
1.570631275E1,1.028102918E0,-5.710156918E-1,9.857347244E-1,1.534512130E0
1.571630075E1,6.290794203E-1,-5.529027718E-1,1.457124971E0,1.680671168E0
1.572628875E1,1.098820460E-1,-5.819575864E-1,1.811698667E0,1.906043220E0
1.573627675E1,-2.038799845E-1,-6.951895022E-1,1.941245483E0,2.072025463E0
1.574626475E1,-4.081811146E-1,-6.536438656E-1,1.983722728E0,2.128148958E0
1.575625175E1,-5.306969471E-1,-5.231971622E-1,1.890372076E0,2.031964839E0
1.576623996E1,-4.499284802E-1,-3.425415874E-1,1.700904163E0,1.792441170E0
1.577622796E1,-2.095507604E-1,-2.752606004E-1,1.474683429E0,1.514718170E0
1.578621596E1,8.456214041E-2,-2.952019447E-1,1.380985306E0,1.414713879E0
1.579620296E1,3.284120831E-1,-2.995744926E-1,1.390727499E0,1.460041899E0
1.580619096E1,4.923808739E-1,-3.052498001E-1,1.442855718E0,1.554814777E0
1.581617896E1,5.710399577E-1,-2.941424292E-1,1.477136190E0,1.610756879E0
1.582616696E1,5.999833828E-1,-2.742192113E-1,1.457302434E0,1.599658282E0
1.583615496E1,5.796738102E-1,-2.018844759E-1,1.449689652E0,1.574286872E0
1.584614196E1,5.487204047E-1,-1.131693506E-1,1.373393720E0,1.483277349E0
1.585612996E1,5.130618909E-1,4.924408078E-2,1.242239650E0,1.344922611E0
1.586611796E1,5.040878767E-1,1.833049482E-1,1.062663471E0,1.190360846E0
1.587610596E1,5.213219601E-1,2.198845446E-1,8.869635576E-1,1.052059956E0
1.588609396E1,5.055040723E-1,3.243392050E-1,6.368296123E-1,8.753754863E-1
1.589608096E1,8.447731192E-1,6.610154504E-1,5.988225643E-1,1.228483420E0
1.590606896E1,2.732323475E-1,5.696620613E-1,4.285067672E-1,7.634060711E-1
1.591605696E1,3.160393748E-1,6.175566047E-1,3.373767418E-1,7.714143584E-1
1.592604496E1,3.179940990E-1,8.945994365E-1,2.990956056E-1,9.954328607E-1
1.593603296E1,1.429420571E-1,1.022424833E0,2.899958763E-1,1.072325780E0
1.594601996E1,-1.996455771E-1,9.073235625E-1,1.168808708E-1,9.363522529E-1
1.595600796E1,-3.668369146E-1,9.222830790E-1,-4.920110375E-2,9.937787220E-1
1.596599596E1,-3.622496277E-1,9.331957376E-1,-3.079436123E-3,1.001043735E0
1.597598396E1,-4.667898037E-1,9.030527562E-1,9.424542189E-3,1.016605048E0
1.598597196E1,-5.132241511E-1,8.813712806E-1,-2.198786974E-2,1.020145985E0
1.599595896E1,-5.731803310E-1,7.521524924E-1,1.048037392E-1,9.514477849E-1
1.600594696E1,-7.281887023E-1,6.391930568E-1,4.352892449E-1,1.062216210E0
1.601593496E1,-1.238781314E0,5.670647281E-1,6.856927469E-1,1.525226571E0
1.602592296E1,-1.597682826E0,5.311844587E-1,5.548782536E-1,1.772748493E0
1.603591096E1,-1.489366664E0,6.469166440E-1,4.634508973E-1,1.688638783E0
1.604589796E1,-1.374420784E0,7.871398920E-1,3.600352871E-1,1.624268176E0
1.605588596E1,-1.457622862E0,7.264849699E-1,-5.521753782E-1,1.719692550E0
1.606587396E1,-1.206763715E0,5.625676346E-1,-1.273804235E0,1.842644360E0
1.607586196E1,-8.268753769E-1,4.008149385E-1,-1.290208014E0,1.583986182E0
1.608584996E1,-8.499211541E-1,2.650659800E-1,-8.735193470E-1,1.247261797E0
1.609583696E1,-1.182316507E0,2.490966493E-1,-5.852910841E-1,1.342567360E0
1.610582496E1,-1.356589553E0,3.469357699E-1,-4.896367756E-1,1.483389300E0
1.611581296E1,-1.544203168E0,3.499570262E-1,-4.281804925E-1,1.640235312E0
1.612580096E1,-1.643804055E0,4.186477768E-1,-4.515483052E-1,1.755349995E0
1.613578896E1,-1.563765905E0,4.618364811E-1,-5.241853416E-1,1.712725026E0
1.614577596E1,-1.235650276E0,3.578817576E-1,-2.378214633E-1,1.308231633E0
1.615576396E1,-6.467001508E-1,2.601999271E-1,1.254062574E-1,7.082738288E-1
1.616575196E1,-2.138762382E-1,1.022104990E-1,5.804501742E-1,6.269867910E-1
1.617573996E1,7.975806803E-2,-2.511846900E-2,9.749933892E-1,9.785726319E-1
1.618572796E1,4.824562486E-1,-1.202883357E-1,1.252112089E0,1.347226038E0
1.619571496E1,8.511218798E-1,-2.147927892E-1,1.450179064E0,1.695158905E0
1.620570296E1,1.025598994E0,-3.236100572E-1,1.625082732E0,1.948709997E0
1.621569096E1,1.072977228E0,-4.406297994E-1,1.838728006E0,2.174018268E0
1.622567896E1,1.057035380E0,-4.487363791E-1,2.055357113E0,2.354396100E0
1.623566696E1,1.081783135E0,-5.098573244E-1,2.246029553E0,2.544574227E0
1.624565396E1,1.139933695E0,-5.424882960E-1,2.340289885E0,2.659078624E0
1.625564196E1,1.133607300E0,-3.218728495E-1,2.228122455E0,2.520554962E0
1.626562996E1,1.115889359E0,-5.461299419E-2,1.957140262E0,2.253572641E0
1.627561796E1,1.109910874E0,2.116902566E-1,1.733193949E0,2.068979502E0
1.628560596E1,9.553543460E-1,4.785548401E-1,1.510834863E0,1.850496864E0
1.629559296E1,7.452513161E-1,7.712038904E-1,1.238448461E0,1.638264190E0
1.630558096E1,6.471809381E-1,1.050901358E0,1.129694636E0,1.673154745E0
1.631556896E1,8.505153774E-1,1.129943435E0,1.221766209E0,1.868919806E0
1.632555696E1,1.114201268E0,9.911200100E-1,1.422444550E0,2.060852212E0
1.633554496E1,1.085603998E0,7.634756255E-1,1.681593733E0,2.142239145E0
1.634553196E1,9.252936642E-1,5.685148376E-1,1.933785752E0,2.217860415E0
1.635551996E1,6.941950370E-1,5.432560354E-1,2.050418408E0,2.231871304E0
1.636550796E1,4.932709663E-1,6.302228433E-1,1.894806897E0,2.056888489E0
1.637549596E1,2.590356003E-1,8.220278889E-1,1.519308063E0,1.746747344E0
1.638548296E1,8.651306391E-2,9.714862293E-1,1.139964685E0,1.500263139E0
1.639547096E1,2.662558883E-2,1.016886351E0,8.526477107E-1,1.327318685E0
1.640545896E1,-3.553031355E-2,1.003702633E0,6.003119963E-1,1.170066610E0
1.641544696E1,-1.427553847E-2,9.628265029E-1,4.743673566E-1,1.073435166E0
1.642543496E1,-6.908017516E-2,7.886174834E-1,5.453662956E-1,9.613084843E-1
1.643542196E1,-2.054330049E-1,5.382362008E-1,6.875124004E-1,8.969806175E-1
1.644540996E1,-3.754106869E-1,4.756516975E-1,9.346531561E-1,1.113891486E0
1.645539796E1,-6.294170970E-1,3.660970956E-1,1.345951275E0,1.530286836E0
1.646538596E1,-1.094815848E0,-1.614264214E-1,1.736349691E0,2.059026586E0
1.647537396E1,-1.574100713E0,-8.981621450E-1,2.046988870E0,2.733980930E0
1.648536196E1,-1.708763551E0,-1.518988513E0,2.102547359E0,3.106107592E0
1.649534896E1,-1.442744914E0,-1.740672830E0,2.172889656E0,3.135746202E0
1.650533696E1,-9.107887687E-1,-1.555424852E0,1.959767708E0,2.662625044E0
1.651532496E1,-3.676128401E-1,-9.660822326E-1,1.591769098E0,1.897941765E0
1.652531296E1,-1.924260199E-2,7.569220662E-3,1.326163128E0,1.326324324E0
1.653529996E1,-7.985250056E-2,1.085750763E0,9.441873336E-1,1.441083226E0
1.654528796E1,-3.719810025E-1,1.880618336E0,4.475508562E-1,1.968602794E0
1.655527596E1,-5.970222066E-1,2.318278919E0,-1.113727936E-1,2.396509245E0
1.656526396E1,-6.773701125E-1,2.265986100E0,-8.990895134E-1,2.530194701E0
1.657525196E1,-5.599606535E-1,1.607456301E0,-1.352263345E0,2.173956726E0
1.658523896E1,-3.386593285E-1,5.984841567E-1,-1.336019779E0,1.502605164E0
1.659522696E1,2.037207940E-1,-5.421590978E-1,-1.089218162E0,1.233626708E0
1.660521496E1,6.181652999E-1,-1.401419717E0,-1.106918854E0,1.889808167E0
1.661520296E1,8.370353526E-1,-1.806250523E0,-1.427569635E0,2.449719208E0
1.662519096E1,8.843295331E-1,-1.711164857E0,-1.953517620E0,2.743420307E0
1.663517796E1,9.524573430E-1,-1.250232940E0,-2.509008662E0,2.960638758E0
1.664516596E1,8.535895510E-1,-7.818335438E-1,-2.715401633E0,2.951827373E0
1.665515396E1,5.697990324E-1,-4.554653549E-1,-2.485506071E0,2.590339756E0
1.666514196E1,4.391955505E-1,-3.010228479E-1,-1.758007778E0,1.836872025E0
1.667512996E1,6.721614128E-1,-4.343393648E-1,-1.279687704E0,1.509321791E0
1.668511696E1,9.534393829E-1,-6.942317283E-1,-1.231786144E0,1.705374285E0
1.669510496E1,1.177974510E0,-9.071668571E-1,-1.131819221E0,1.868579783E0
1.670509296E1,1.039868539E0,-1.033222302E0,-9.026703483E-1,1.721536715E0
1.671508096E1,9.612106980E-1,-9.960673392E-1,-9.754193589E-1,1.693375055E0
1.672506896E1,9.428206200E-1,-9.723867005E-1,-1.148888121E0,1.776060396E0
1.673505596E1,8.113482419E-1,-8.935744196E-1,-1.283840396E0,1.762103112E0
1.674504396E1,8.081761274E-1,-6.480656219E-1,-1.307401752E0,1.668063861E0
1.675503196E1,7.864900471E-1,-4.313929528E-1,-1.110563131E0,1.427591307E0
1.676501946E1,7.869584821E-1,-2.779731238E-1,-7.866519418E-1,1.146906268E0
1.677500746E1,8.383965844E-1,-2.023733032E-1,-6.252527100E-1,1.065272143E0
1.678499446E1,7.883219066E-1,-1.674765354E-1,-4.351702541E-1,9.159000865E-1
1.679498246E1,8.128630362E-1,-1.630151099E-1,-2.253274253E-1,8.591232102E-1
1.680497046E1,9.042137209E-1,-1.721911454E-1,-1.833318454E-1,9.385429181E-1
1.681495846E1,9.511203772E-1,-1.816338140E-1,-1.924312824E-1,9.872439479E-1
1.682494646E1,1.143292043E0,-2.134730726E-1,-4.525908637E-1,1.248008790E0
1.683493346E1,1.249586822E0,-2.153137761E-1,-5.567049238E-1,1.384827650E0
1.684492146E1,1.197814113E0,-2.087871140E-1,-5.750011539E-1,1.344982169E0
1.685490946E1,1.090592916E0,-2.385675681E-1,-5.317998782E-1,1.236575312E0
1.686489746E1,9.864683307E-1,-2.193214577E-1,-4.637961754E-1,1.111903126E0
1.687488546E1,8.778541803E-1,-5.443582356E-2,-4.603115273E-1,9.927124070E-1
1.688487246E1,6.896641027E-1,5.404522955E-2,-5.128806272E-1,8.611643276E-1
1.689486046E1,4.619659238E-1,7.075189412E-2,-4.751356807E-1,6.664624974E-1
1.690484846E1,2.741633704E-1,7.113137841E-3,-3.459148461E-1,4.414444825E-1
1.691483646E1,1.954821403E-1,-1.878230917E-1,-3.119083169E-1,4.132524399E-1
1.692482446E1,1.618705174E-1,-2.055079955E-1,-2.348241806E-1,3.515366217E-1
1.693481146E1,1.037912938E-1,-2.248494154E-1,-1.539004701E-1,2.915737419E-1
1.694479946E1,4.707242489E-2,-1.818829054E-1,-8.283165693E-2,2.053248349E-1
1.695478746E1,-1.332305628E-1,-9.380805016E-2,-1.917068124E-2,1.640665967E-1
1.696477546E1,-2.341286543E-1,-7.161435843E-2,-1.280540228E-4,2.448363933E-1
1.697476346E1,-2.578396985E-1,-7.303640127E-2,-1.268611908E-2,2.682844827E-1
1.698475046E1,-2.356881067E-1,-4.702974021E-2,-7.683241367E-4,2.403357452E-1
1.699473846E1,-1.633334908E-1,2.106693327E-2,6.010703802E-2,1.753125806E-1
1.700472646E1,-9.903377987E-2,3.853315115E-2,1.217100862E-1,1.615730125E-1
1.701471446E1,3.463283904E-2,-1.692535043E-2,1.221135440E-1,1.280531869E-1
1.702470146E1,1.782346813E-1,1.529046893E-3,3.890269518E-2,1.824372750E-1
1.703468946E1,2.697916996E-1,1.019812882E-2,-5.367568552E-2,2.752683096E-1
1.704467746E1,3.799012754E-1,2.159786046E-2,-8.932996005E-2,3.908596787E-1
1.705466546E1,4.550727144E-1,-4.689466953E-2,-1.458605486E-1,4.801724535E-1
1.706465346E1,5.392276693E-1,-8.571901202E-2,-2.385390629E-1,5.958314467E-1
1.707464146E1,6.203518662E-1,-9.758125842E-2,-3.109806561E-1,7.007620911E-1
1.708462846E1,6.237546533E-1,-1.052253234E-1,-3.032330954E-1,7.014930836E-1
1.709461646E1,5.542127674E-1,-1.199889582E-1,-1.891167882E-1,5.977577279E-1
1.710460446E1,5.341557214E-1,-2.046847075E-1,-6.179805279E-2,5.753582914E-1
1.711459246E1,4.774149254E-1,-2.519062364E-1,7.553374708E-2,5.450569786E-1
1.712457946E1,4.712016740E-1,-2.110774684E-1,1.804971153E-1,5.469587954E-1
1.713456746E1,5.340787574E-1,-1.196702850E-1,2.452184835E-1,5.997442796E-1
1.714455546E1,6.026132046E-1,-5.079710126E-2,3.731247179E-1,7.105948740E-1
1.715454346E1,6.738433644E-1,1.491390824E-2,4.078064543E-1,7.877775121E-1
1.716453146E1,7.276374561E-1,7.682305813E-2,3.925140850E-1,8.303164196E-1
1.717451846E1,7.523510054E-1,1.249731249E-1,3.315190011E-1,8.315979590E-1
1.718450646E1,6.907530005E-1,1.627975935E-1,3.511735395E-1,7.918116057E-1
1.719449446E1,5.526236404E-1,1.571070832E-1,4.195415238E-1,7.114004594E-1
1.720448246E1,3.984359989E-1,1.361646956E-1,3.788200521E-1,5.663891784E-1
1.721447046E1,3.056637830E-1,1.254543507E-1,2.987903810E-1,4.454714739E-1
1.722445746E1,2.174316011E-1,1.672894245E-1,2.359775439E-1,3.618669009E-1
1.723444546E1,1.010796475E-1,1.359810930E-1,1.865022057E-1,2.519742557E-1
1.724443346E1,5.341460735E-2,1.408968472E-1,1.917255235E-1,2.438518366E-1
1.725442146E1,1.147256602E-2,1.516405213E-1,2.452180450E-1,2.885452426E-1
1.726440946E1,-1.179054491E-3,1.343485504E-1,2.806568496E-1,3.111578223E-1
1.727439646E1,-2.333240043E-2,7.877895176E-2,1.676740251E-1,1.867219935E-1
1.728438446E1,-4.883795511E-2,9.514296949E-2,-1.488131002E-2,1.079758486E-1
1.729437246E1,-3.904507488E-2,1.185312474E-1,-1.370376849E-1,1.853469761E-1
1.730436046E1,8.679606915E-3,1.043184203E-1,-1.686746299E-1,1.985164960E-1
1.731434846E1,6.444804747E-2,3.244093716E-2,-9.998651057E-2,1.233015309E-1
1.732433546E1,1.214683403E-1,-2.044303536E-2,-3.175184280E-2,1.272032033E-1
1.733432346E1,1.999218946E-1,-5.021998107E-2,1.334188432E-3,2.061373098E-1
1.734431146E1,2.812394150E-1,-5.227118433E-2,-1.576950207E-2,2.864900739E-1
1.735429946E1,3.612611924E-1,-9.362854064E-2,-8.926432505E-2,3.837239535E-1
1.736428746E1,4.310815886E-1,-1.736973882E-1,-1.735617328E-1,4.961106668E-1
1.737427446E1,4.248391011E-1,-2.254604495E-1,-2.471957195E-1,5.407646437E-1
1.738426246E1,3.583826082E-1,-2.194477576E-1,-2.524443264E-1,4.902280593E-1
1.739425046E1,3.258358364E-1,-1.885364521E-1,-2.100765713E-1,4.310999325E-1
1.740423846E1,3.382293024E-1,-1.233429211E-1,-1.518874200E-1,3.907458580E-1
1.741422646E1,2.939167267E-1,-8.735096991E-2,-5.537956417E-2,3.115832638E-1
1.742421346E1,2.476436527E-1,-8.185458720E-2,3.690470159E-3,2.608470275E-1
1.743420146E1,2.321210494E-1,-5.696649849E-2,1.731579825E-2,2.396355574E-1
1.744418946E1,2.099664974E-1,-3.044762135E-2,-2.102834165E-2,2.132022018E-1
1.745417746E1,1.942345637E-1,-8.991614342E-2,-8.436011910E-2,2.300621835E-1
1.746416546E1,2.188627437E-1,-1.742289001E-1,-1.080033356E-1,2.998688558E-1
1.747415246E1,2.168697568E-1,-1.122051448E-1,-1.122409590E-1,2.687387556E-1
1.748414046E1,2.374902917E-1,-3.957512498E-2,-1.427746806E-1,2.799150560E-1
1.749412846E1,2.648429087E-1,-2.123065531E-2,-1.754234862E-1,3.183801290E-1
1.750411646E1,2.536457100E-1,1.347783208E-3,-1.246635148E-1,2.826286515E-1
1.751410446E1,2.255405929E-1,2.656039238E-2,-8.994961873E-2,2.442640935E-1
1.752409146E1,2.196179116E-1,2.565056562E-2,-1.084295976E-1,2.462660274E-1
1.753407946E1,2.835063805E-1,1.845907509E-2,-1.448333390E-1,3.188938716E-1
1.754406746E1,3.832897369E-1,-2.878467321E-2,-2.334497926E-1,4.497092232E-1
1.755405546E1,4.279510624E-1,-3.515930772E-2,-2.953425702E-1,5.211578672E-1
1.756404346E1,3.752202138E-1,-8.862741709E-2,-3.004498208E-1,4.887894462E-1
1.757403046E1,3.117861101E-1,-9.779234290E-2,-2.776100117E-1,4.287671156E-1
1.758401846E1,2.527783486E-1,-1.161789125E-1,-2.393230283E-1,3.669740388E-1
1.759400646E1,2.221836698E-1,-1.125051069E-1,-2.382886559E-1,3.446802369E-1
1.760399446E1,2.502705509E-1,-1.236732888E-1,-2.187930156E-1,3.546841055E-1
1.761398246E1,2.938673908E-1,-1.569217265E-1,-2.037108538E-1,3.904876228E-1
1.762396946E1,3.731939343E-1,-2.120060062E-1,-2.771488126E-1,5.109126379E-1
1.763395746E1,4.143130166E-1,-2.093449384E-1,-3.878442062E-1,6.048997498E-1
1.764394546E1,4.198066950E-1,-1.941848624E-1,-4.746833986E-1,6.627742835E-1
1.765393346E1,4.128784022E-1,-1.876161003E-1,-5.149977578E-1,6.862150295E-1
1.766392146E1,4.112318263E-1,-1.373581123E-1,-4.390367255E-1,6.170349361E-1
1.767390846E1,4.342292178E-1,-1.518948752E-1,-3.456787647E-1,5.754310342E-1
1.768389646E1,4.290593290E-1,-1.732869136E-1,-3.132090300E-1,5.587666407E-1
1.769388446E1,4.075892302E-1,-1.573655301E-1,-2.771825802E-1,5.174196300E-1
1.770387246E1,3.408669448E-1,-1.612176758E-1,-2.507022947E-1,4.528057570E-1
1.771386046E1,3.033536942E-1,-1.694143027E-1,-2.472731951E-1,4.264606697E-1
1.772384746E1,3.180917475E-1,-1.125898916E-1,-2.748793620E-1,4.352212163E-1
1.773383546E1,3.711476281E-1,-3.820044458E-2,-3.115349722E-1,4.860698250E-1
1.774382346E1,4.261061928E-1,1.468820572E-2,-2.571266305E-1,4.978918909E-1
1.775381146E1,4.694751374E-1,3.010731339E-3,-1.800582817E-1,5.028289510E-1
1.776379833E1,4.529612848E-1,-5.559064865E-2,-1.236890763E-1,4.728247385E-1
1.777378633E1,4.442603356E-1,-7.650672376E-2,-4.327699721E-2,4.528724136E-1
1.778377433E1,4.793357357E-1,-8.507114053E-2,-7.561677754E-2,4.926639256E-1
1.779376233E1,5.356373327E-1,-2.199547112E-2,-5.009806663E-2,5.384245251E-1
1.780375033E1,5.633081844E-1,-4.303082943E-2,1.082670450E-2,5.650530776E-1
1.781373733E1,5.546195143E-1,-1.634021956E-1,-5.659520030E-3,5.782171853E-1
1.782372533E1,4.995277794E-1,-2.428336966E-1,-1.088333479E-1,5.659866643E-1
1.783371333E1,4.970889057E-1,-2.829356557E-1,-3.269707444E-1,6.588321738E-1
1.784370133E1,5.173730430E-1,-2.906259137E-1,-4.713072163E-1,7.578052385E-1
1.785368933E1,6.492910521E-1,-2.898751312E-1,-5.430544527E-1,8.947148152E-1
1.786367633E1,9.940437640E-1,-2.543304920E-1,-5.192757270E-1,1.149980124E0
1.787366433E1,1.377003499E0,-2.154412454E-1,-4.284149659E-1,1.458112804E0
1.788365233E1,1.546408446E0,-3.377527177E-2,-2.579908490E-1,1.568145124E0
1.789364033E1,1.352985037E0,1.266267174E-1,-1.778869182E-2,1.359014082E0
1.790362833E1,1.182246048E0,3.383245754E-1,1.834749560E-1,1.243315043E0
1.791361533E1,8.897203736E-1,3.361353779E-1,3.961183088E-1,1.030290760E0
1.792360333E1,7.205862987E-1,1.875886184E-1,5.165032697E-1,9.062062300E-1
1.793359133E1,8.036829807E-1,1.218992436E-1,5.308590612E-1,9.708641006E-1
1.794357933E1,7.573512518E-1,8.111549914E-2,3.520667017E-1,8.391135831E-1
1.795356733E1,5.144261925E-1,9.642350972E-2,3.042556272E-1,6.053951498E-1
1.796355433E1,9.506078687E-1,3.511311471E-2,1.770612913E-1,9.675944149E-1
1.797354233E1,1.271250903E0,-8.726033807E-2,4.610909611E-2,1.275076183E0
1.798353033E1,1.414849748E0,-1.651785797E-1,-6.353789181E-2,1.425875463E0
1.799351833E1,1.495648913E0,-2.990494126E-1,-3.133395691E-1,1.557105619E0
1.800350633E1,1.312602850E0,-5.038557422E-1,-4.109826618E-1,1.464822037E0
1.801349333E1,8.155159910E-1,-6.470283258E-1,-3.084146056E-1,1.085740095E0
1.802348133E1,2.186569217E-1,-7.048876941E-1,-2.452322245E-1,7.776993986E-1
1.803346933E1,-5.220524235E-1,-6.056089890E-1,-3.843798772E-1,8.871577483E-1
1.804345733E1,-1.118612115E0,-5.214336419E-1,-3.912535715E-1,1.294706710E0
1.805344533E1,-1.696148037E0,-7.627570027E-1,-1.508780444E-1,1.865872609E0
1.806343233E1,-2.107380521E0,-1.334325841E0,3.737275659E-1,2.522132115E0
1.807342033E1,-2.328235411E0,-1.551194977E0,6.305162273E-1,2.867827871E0
1.808340833E1,-2.446879072E0,-1.754337773E0,8.206153478E-1,3.120629386E0
1.809339633E1,-2.266561612E0,-1.392627259E0,8.352528289E-1,2.788253846E0
1.810338433E1,-1.714610913E0,-1.068960484E0,7.916153508E-1,2.170074184E0
1.811337133E1,-1.132569273E0,-7.366240418E-1,4.649334589E-1,1.428807635E0
1.812335933E1,-6.274305055E-1,-4.354573524E-1,1.955952108E-1,7.883841902E-1
1.813334733E1,-2.158900192E-1,-2.267649633E-1,2.564243799E-1,4.047027447E-1
1.814333533E1,4.270718604E-2,-1.563334966E-1,2.873830479E-1,3.299289047E-1
1.815332333E1,2.193049394E-1,-1.367804074E-1,3.956720200E-1,4.726096526E-1
1.816331033E1,2.621281926E-1,-2.433377266E-1,7.143014190E-1,7.988435114E-1
1.817329833E1,7.581412107E-2,-1.665322101E-1,7.680902481E-1,7.895843129E-1
1.818328633E1,2.994666114E-1,9.839343667E-2,5.451569653E-1,6.297282243E-1
1.819327433E1,6.006752546E-1,2.779602599E-1,2.766361579E-1,7.173564187E-1
1.820326233E1,5.873814636E-1,6.385428464E-1,1.798580146E-1,8.860603004E-1
1.821324933E1,2.044315231E-1,9.709307438E-1,1.259496099E-1,1.000181014E0
1.822323733E1,-1.677993017E-1,1.066309941E0,-1.949830073E-1,1.096901030E0
1.823322533E1,-5.606734291E-1,1.020858364E0,-7.435939229E-1,1.381824307E0
1.824321333E1,-9.744267941E-1,1.018631744E0,-1.303434416E0,1.919911322E0
1.825320133E1,-1.146470370E0,1.188193397E0,-1.644809484E0,2.330578490E0
1.826318833E1,-1.145330383E0,1.248630803E0,-1.651429117E0,2.366025928E0
1.827317633E1,-1.189610762E0,1.185903627E0,-1.337469304E0,2.147176126E0
1.828316433E1,-1.303674737E0,1.127092332E0,-8.729679546E-1,1.931832807E0
1.829315233E1,-1.299107476E0,1.109779311E0,-5.070056373E-1,1.782230364E0
1.830314033E1,-1.294140267E0,1.089933861E0,-2.908451843E-1,1.716783555E0
1.831312733E1,-1.304755302E0,1.051929883E0,-1.014766735E-1,1.679059377E0
1.832311533E1,-1.220580247E0,1.060068623E0,3.905998528E-2,1.617123158E0
1.833310333E1,-1.082419312E0,1.154179559E0,1.470861250E-1,1.589149568E0
1.834309133E1,-7.690965539E-1,1.360212634E0,2.397849584E-1,1.580881003E0
1.835307933E1,-3.869371569E-1,1.478519933E0,3.664274633E-1,1.571626750E0
1.836306633E1,-3.674127191E-2,1.300017888E0,5.407236063E-1,1.408466701E0
1.837305433E1,2.718279925E-1,7.981344116E-1,6.471709979E-1,1.062891950E0
1.838304233E1,4.679199243E-1,6.209392190E-2,6.023702163E-1,7.652807250E-1
1.839303033E1,6.397847950E-1,-5.901571369E-1,4.864412722E-1,9.971134045E-1
1.840301833E1,9.433526435E-1,-4.972518969E-1,4.883559430E-1,1.172887542E0
1.841300533E1,1.192493147E0,-2.568529809E-1,5.912096357E-1,1.355559734E0
1.842299333E1,-4.464349151E-4,-8.227699006E-1,3.042879331E-1,8.772352335E-1
1.843298133E1,-1.221159414E0,-3.975042450E-1,6.241616195E-1,1.427871726E0
1.844296933E1,-1.940419857E0,-1.064310193E-2,7.220214978E-1,2.070424483E0
1.845295733E1,-2.301170258E0,-3.069671273E-2,4.971864080E-1,2.354468341E0
1.846294433E1,-2.477179635E0,2.022049034E-1,6.307379830E-1,2.564202834E0
1.847293233E1,-2.342705078E0,4.326132667E-1,8.097773874E-1,2.516179790E0
1.848292033E1,-2.096124485E0,3.098673463E-1,8.813674799E-1,2.294899620E0
1.849290833E1,-1.971971432E0,2.208586907E-1,8.568489352E-1,2.161397693E0
1.850289633E1,-1.910365461E0,2.717797530E-1,7.261013925E-1,2.061694366E0
1.851288333E1,-1.651589038E0,2.030252677E-1,3.945031616E-1,1.710145711E0
1.852287133E1,-1.359478809E0,2.170761269E-1,6.196382135E-2,1.378094406E0
1.853285933E1,-1.118913832E0,1.709854496E-1,-7.730486870E-2,1.134539655E0
1.854284733E1,-8.919225812E-1,6.067070961E-3,-6.304350972E-2,8.941684317E-1
1.855283533E1,-7.075765362E-1,-1.586185884E-1,-3.274879307E-2,7.258766388E-1
1.856282233E1,-5.858471177E-1,-5.174885255E-1,1.724960777E-1,8.004786794E-1
1.857281033E1,-4.472438408E-1,-8.535385340E-1,3.884928086E-1,1.038981109E0
1.858279833E1,-1.121691113E-1,-9.187092608E-1,4.592581514E-1,1.033211820E0
1.859278633E1,2.892749146E-1,-6.742231411E-1,4.296031201E-1,8.501856626E-1
1.860277433E1,5.606603094E-1,-3.687657648E-1,3.002191481E-1,7.351596485E-1
1.861276133E1,6.522247463E-1,-2.200652236E-1,2.082500473E-1,7.191619460E-1
1.862274933E1,6.329836062E-1,-1.950736392E-1,6.122502565E-2,6.651845414E-1
1.863273733E1,5.543716655E-1,-1.415072966E-1,-1.836613360E-1,6.009024420E-1
1.864272533E1,5.412065864E-1,-6.745815754E-2,-4.200207031E-1,6.883840230E-1
1.865271333E1,5.440554229E-1,1.090786386E-1,-5.559056094E-1,7.854460511E-1
1.866270033E1,4.359412826E-1,2.807540596E-1,-5.701044032E-1,7.706404313E-1
1.867268833E1,2.067964295E-1,3.728710949E-1,-5.062630409E-1,6.618911415E-1
1.868267633E1,-9.498363286E-2,3.440782356E-1,-4.472739905E-1,5.722462279E-1
1.869266433E1,-3.859554825E-1,2.729433489E-1,-3.208849624E-1,5.713377856E-1
1.870265133E1,-5.934593520E-1,7.058290958E-2,-1.559697998E-1,6.176589091E-1
1.871263933E1,-6.681516847E-1,5.465392470E-3,-1.308162475E-1,6.808593356E-1
1.872262733E1,-7.825816950E-1,7.900406957E-2,-1.201111650E-1,7.956773494E-1
1.873261533E1,-8.445306060E-1,9.039386094E-2,-7.157430500E-2,8.523648724E-1
1.874260333E1,-6.447218916E-1,7.909177780E-2,-8.147861123E-2,6.546453932E-1
1.875259033E1,-3.410537268E-1,2.043876690E-1,-2.149439397E-1,4.519876779E-1
1.876257858E1,-1.696698260E-1,3.384368420E-1,-3.469498032E-1,5.135187551E-1
1.877256658E1,-3.119548023E-2,3.382520700E-1,-2.729801863E-1,4.357818295E-1
1.878255458E1,1.131916066E-1,3.653258479E-1,-1.661945334E-1,4.170083187E-1
1.879254258E1,2.453021718E-1,3.237574071E-1,-4.024199992E-2,4.081806373E-1
1.880252958E1,3.483528426E-1,2.537177038E-1,1.874500394E-2,4.313626680E-1
1.881251758E1,4.725681683E-1,2.522781193E-1,-5.763600469E-3,5.357220756E-1
1.882250558E1,6.018764554E-1,3.148825032E-1,-9.302481562E-2,6.856091268E-1
1.883249358E1,7.017123637E-1,4.177016973E-1,-1.901397586E-1,8.384676959E-1
1.884248158E1,6.857360163E-1,4.780052018E-1,-2.156166619E-1,8.632574367E-1
1.885246858E1,6.005239945E-1,4.867602378E-1,-2.234721038E-1,8.046765674E-1
1.886245658E1,4.600247213E-1,4.592426562E-1,-1.713222492E-1,6.722186211E-1
1.887244458E1,3.346773747E-1,3.110169089E-1,-1.162777305E-2,4.570291761E-1
1.888243258E1,2.890433648E-1,9.111014485E-2,1.157579130E-1,3.244179706E-1
1.889242058E1,3.103368777E-1,-6.252193809E-2,1.811560965E-1,3.647403209E-1
1.890240758E1,3.166430998E-1,-1.526784021E-1,1.668152153E-1,3.891026383E-1
1.891239558E1,2.353720647E-1,-1.589138728E-1,1.468563294E-1,3.197192664E-1
1.892238358E1,9.405657509E-2,-8.620550036E-2,1.856663463E-1,2.252776503E-1
1.893237158E1,3.909654865E-2,1.645172596E-2,2.803734058E-1,2.835638307E-1
1.894235958E1,2.804384926E-2,7.344921470E-2,4.946045700E-1,5.008142622E-1
1.895234658E1,1.413655016E-1,6.337329268E-2,7.865949315E-1,8.017056601E-1
1.896233458E1,4.434817788E-1,-6.211146355E-2,9.766487360E-1,1.074419227E0
1.897232258E1,7.793844375E-1,-2.343815464E-1,1.421644944E0,1.638123669E0
1.898231058E1,9.311810794E-1,-5.503446150E-1,1.488597609E0,1.840081585E0
1.899229858E1,1.131079841E0,-8.712146670E-1,1.067938975E0,1.782933049E0
1.900228558E1,1.459910585E0,-1.160161845E0,7.168806258E-1,1.997806861E0
1.901227358E1,1.487346013E0,-1.476738871E0,6.095967901E-1,2.182788149E0
1.902226158E1,1.210520405E0,-1.692049139E0,6.680970132E-1,2.185118660E0
1.903224958E1,8.539399454E-1,-1.642032641E0,4.359736615E-1,1.901461979E0
1.904223758E1,3.694463807E-1,-1.347834663E0,6.100633979E-2,1.398881940E0
1.905222458E1,-1.194235325E-1,-7.323076272E-1,-2.554063797E-3,7.419858248E-1
1.906221258E1,-6.354204333E-1,-5.398149490E-3,2.921415120E-2,6.361145602E-1
1.907220058E1,-1.175984703E0,5.996617860E-1,-1.320593655E-2,1.320116918E0
1.908218858E1,-1.650711663E0,1.146359493E0,4.697653055E-3,2.009729123E0
1.909217658E1,-1.908829105E0,1.412615966E0,1.138388568E-1,2.377408611E0
1.910216358E1,-1.935545618E0,1.626738079E0,9.497632384E-2,2.530145079E0
1.911215158E1,-1.617071170E0,1.783938133E0,-1.638345972E-1,2.413337151E0
1.912213958E1,-1.484423575E0,1.910858381E0,-5.242894220E-1,2.475837737E0
1.913212758E1,-1.397461152E0,1.945202587E0,-6.121970469E-1,2.472144009E0
1.914211558E1,-1.280310140E0,1.869841917E0,-4.430622411E-1,2.309070592E0
1.915210258E1,-1.204625827E0,1.826774250E0,-1.986199754E-1,2.197197633E0
1.916209058E1,-1.916620227E0,1.535405740E0,-9.505526125E-2,2.457628813E0
1.917207858E1,-1.952388230E0,1.398337650E0,2.326408303E-1,2.412734909E0
1.918206658E1,-2.069827802E0,1.149556165E0,2.154833454E-1,2.377414474E0
1.919205458E1,-1.853300436E0,1.184129582E0,7.290074587E-2,2.200499919E0
1.920204158E1,-1.802148702E0,9.442212474E-1,3.031032872E-1,2.056979657E0
1.921202958E1,-1.453372228E0,7.464847863E-1,5.209962702E-1,1.714924921E0
1.922201758E1,-1.053722932E0,7.366029918E-1,6.005032003E-1,1.418985581E0
1.923200558E1,-1.322803318E0,6.857912725E-1,6.118810049E-1,1.610750338E0
1.924199358E1,-1.015320174E0,5.865915048E-1,6.991012895E-1,1.365176641E0
1.925198058E1,-6.262148693E-1,4.792290241E-1,7.322886238E-1,1.076128314E0
1.926196858E1,-3.987514561E-1,3.126237237E-1,7.160506135E-1,8.771914258E-1
1.927195658E1,-2.288106117E-1,1.535174775E-1,6.880944908E-1,7.412124797E-1
1.928194458E1,-1.370566884E-1,2.138215667E-1,5.991788059E-1,6.507837119E-1
1.929193258E1,-6.039537884E-2,4.600454789E-1,5.213997281E-1,6.979592545E-1
1.930191958E1,1.263305925E-1,5.819014531E-1,4.474929687E-1,7.448615152E-1
1.931190758E1,6.669399954E-2,5.000790256E-1,8.132494640E-1,9.570275922E-1
1.932189558E1,2.957092638E-1,9.603934765E-2,1.136283571E0,1.178052578E0
1.933188358E1,9.464101526E-1,-5.910172623E-1,1.342966272E0,1.746010306E0
1.934187158E1,1.753342577E0,-1.293473684E0,1.552260047E0,2.675218798E0
1.935185858E1,2.595956758E0,-1.868853738E0,1.594405608E0,3.574036237E0
1.936184658E1,3.358340124E0,-2.100318108E0,1.585857271E0,4.266699875E0
1.937183458E1,3.853619463E0,-2.039464965E0,1.460798192E0,4.598231363E0
1.938182258E1,3.898777509E0,-1.606388015E0,1.251666092E0,4.398592562E0
1.939181058E1,3.043158243E0,-8.781751925E-1,1.251679541E0,3.405687219E0
1.940179758E1,1.741038866E0,2.424816942E-1,1.039118049E0,2.042003924E0
1.941178558E1,8.438496977E-1,1.559358859E0,1.620462263E-1,1.780432909E0
1.942177358E1,6.474332455E-1,2.397828534E0,-1.091575175E0,2.712985044E0
1.943176158E1,7.103343755E-1,2.578016331E0,-2.314448408E0,3.536582328E0
1.944174958E1,4.198289144E-1,2.545594690E0,-2.847582913E0,3.842530037E0
1.945173658E1,5.471440684E-2,2.440163544E0,-2.437092587E0,3.449175563E0
1.946172458E1,3.062808104E-3,2.019773297E0,-1.529986541E0,2.533841425E0
1.947171258E1,3.439209090E-1,1.009866768E0,-7.980975741E-1,1.332318362E0
1.948170058E1,5.194330171E-1,-1.912741184E-1,-3.086090255E-1,6.337475666E-1
1.949168858E1,4.021828946E-1,-1.242379544E0,-2.454696214E-1,1.328726213E0
1.950167558E1,1.600028437E-2,-1.886486601E0,-3.259998143E-1,1.914513929E0
1.951166358E1,-3.291126526E-1,-2.001932858E0,-3.635108721E-1,2.061113888E0
1.952165158E1,-7.405077624E-1,-1.671504362E0,-3.376153082E-1,1.859102653E0
1.953163958E1,-1.116494619E0,-9.574113965E-1,-3.947589773E-1,1.522836652E0
1.954162758E1,-1.141472170E0,-1.982206106E-4,-4.359631366E-1,1.221893044E0
1.955161458E1,-8.794579985E-1,8.234516859E-1,-2.185759377E-1,1.224456815E0
1.956160258E1,-3.385114671E-1,1.281817845E0,1.299409193E-1,1.332115476E0
1.957159058E1,4.392182815E-1,1.282597863E0,1.231388533E-1,1.361298334E0
1.958157858E1,1.130370866E0,1.067021547E0,-2.115288734E-1,1.568763125E0
1.959156658E1,1.385880741E0,1.033766677E0,-5.241280389E-1,1.806667976E0
1.960155358E1,1.570486695E0,1.004365708E0,-7.831941909E-1,2.022021779E0
1.961154158E1,1.671924192E0,9.589123768E-1,-9.207516932E-1,2.136030695E0
1.962152958E1,1.474122973E0,7.827229053E-1,-1.184214367E0,2.046474371E0
1.963151758E1,1.131373006E0,7.663413459E-1,-1.621759760E0,2.120704754E0
1.964150558E1,7.520370099E-1,6.380370623E-1,-1.811917060E0,2.062933443E0
1.965149258E1,5.779086819E-1,3.659988624E-1,-1.778504316E0,1.905521244E0
1.966148058E1,4.882135633E-1,2.175748944E-1,-1.566769620E0,1.655432983E0
1.967146858E1,3.251012434E-1,7.816440940E-2,-1.340363091E0,1.381439000E0
1.968145658E1,2.050647765E-2,-1.662433577E-1,-1.051807092E0,1.065061279E0
1.969144458E1,-4.730113873E-1,-2.190688580E-1,-6.257579094E-1,8.144347109E-1
1.970143158E1,-6.500261933E-1,-5.959599137E-2,-4.751581925E-1,8.073791191E-1
1.971141958E1,-6.840335995E-1,3.765314519E-1,-3.812799758E-1,8.689374658E-1
1.972140758E1,-2.910372654E-1,5.968311489E-1,-3.616830325E-1,7.561248085E-1
1.973139558E1,-7.174592078E-2,5.116886723E-1,-1.887615699E-1,5.500942690E-1
1.974138358E1,-2.378422210E-1,2.407041407E-1,-5.798180902E-1,6.713392757E-1
1.975137158E1,-2.986158416E-2,9.928630650E-2,-1.547868496E0,1.551336960E0
1.976135858E1,7.179050580E-1,-1.563609785E-1,-1.340908636E0,1.529010268E0
1.977134758E1,4.796577711E-1,-6.093880445E-1,-4.988780075E-1,9.221196411E-1
1.978133558E1,-4.050828212E-1,-1.055738175E0,-2.493714684E-1,1.157955662E0
1.979132358E1,-1.371532990E0,-1.411390389E0,-3.834720969E-2,1.968399370E0
1.980131158E1,-2.085795086E0,-1.462557619E0,2.335407168E-1,2.558155038E0
1.981129858E1,-2.401277221E0,-1.324020123E0,2.520173335E-1,2.753665615E0
1.982128658E1,-2.110876718E0,-1.217466313E0,-2.176392138E-2,2.436903447E0
1.983127458E1,-1.552964929E0,-1.095799788E0,-2.913714337E-1,1.922855834E0
1.984126258E1,-7.235303718E-1,-7.538487697E-1,-4.164585793E-1,1.124820837E0
1.985125058E1,1.153021225E-1,-4.601214927E-1,-4.920040208E-1,6.834283606E-1
1.986123758E1,6.869405428E-1,-4.192716748E-1,-5.392729121E-1,9.687576169E-1
1.987122558E1,5.762094811E-1,-6.083864164E-1,-4.549993318E-1,9.535071000E-1
1.988121358E1,6.375470656E-1,-7.515882361E-1,-7.151121354E-1,1.217676683E0
1.989120158E1,2.346212822E-1,-6.885739625E-1,-8.965407121E-1,1.154541682E0
1.990118958E1,-5.815488660E-1,-9.560858327E-1,-8.487274450E-1,1.404506133E0
1.991117658E1,-8.604701158E-1,-1.228336871E0,-5.620226741E-1,1.601589765E0
1.992116458E1,-1.026011223E0,-1.243551326E0,-2.873093730E-1,1.637579191E0
1.993115258E1,-1.079356248E0,-9.916082525E-1,-1.048113406E-1,1.469449643E0
1.994114058E1,-9.067999443E-1,-9.059974140E-1,-2.680246711E-2,1.282121611E0
1.995112858E1,-4.022314265E-1,-9.966538149E-1,2.058915728E-1,1.094303563E0
1.996111558E1,1.680209112E-1,-1.048381793E0,3.137651002E-1,1.107151276E0
1.997110358E1,6.846990126E-1,-8.998929209E-1,2.107699049E-1,1.150236480E0
1.998109158E1,1.028188434E0,-1.072026764E0,1.073256433E-1,1.489272181E0
1.999107958E1,9.497702551E-1,-6.555623370E-1,-7.390997529E-2,1.156411778E0
2.000106758E1,4.055900672E-1,2.464993161E-1,-1.346929514E-1,4.933633617E-1
2.001105458E1,-2.307100797E-1,7.859388739E-1,-3.276914138E-1,8.822180666E-1
2.002104258E1,-7.658148041E-1,2.169100660E-1,-1.745165831E-1,8.148486539E-1
2.003103058E1,-5.876554057E-1,-8.019573212E-2,1.602294964E-1,6.143644869E-1
2.004101858E1,-3.374591875E-1,-3.329603398E-1,5.529986662E-1,7.283878197E-1
2.005100658E1,-1.886925727E-1,-6.596279061E-1,6.446701437E-1,9.414422211E-1
2.006099358E1,-2.678726435E-2,-7.343208236E-1,5.208419037E-1,9.006780324E-1
2.007098158E1,-1.196413413E-1,-5.943963683E-1,-2.171889782E-2,6.067065219E-1
2.008096958E1,-4.707657641E-1,-7.194724041E-1,-8.730360746E-2,8.642238511E-1
2.009095758E1,-6.693886632E-1,-9.728246570E-1,1.656691611E-1,1.192440886E0
2.010094558E1,-2.902683565E-1,-7.610636491E-1,4.402836442E-1,9.259175363E-1
2.011093258E1,3.154721949E-1,-5.274393171E-1,7.374455756E-1,9.599692265E-1
2.012092058E1,6.330830088E-1,-7.532587856E-1,9.333898652E-1,1.356248331E0
2.013090858E1,3.812112710E-1,-6.039144659E-1,1.170054165E0,1.370788628E0
2.014089658E1,9.333793402E-2,-8.126840383E-1,1.177812835E0,1.434018964E0
2.015088458E1,-1.338796037E-1,-1.050673317E0,1.295981555E0,1.673740230E0
2.016087158E1,-2.530002505E-2,-8.802316582E-1,1.399196606E0,1.653238944E0
2.017085958E1,2.684298831E-1,-6.352233821E-1,1.607501909E0,1.749178589E0
2.018084758E1,6.947433597E-1,-7.679060608E-1,1.658527052E0,1.955264697E0
2.019083558E1,6.626409763E-1,-8.720280147E-1,1.406813189E0,1.782876684E0
2.020082358E1,5.835456902E-1,-1.185972624E0,1.162505994E0,1.760249080E0
2.021081058E1,6.551261348E-1,-1.418849682E0,8.408553386E-1,1.774644295E0
2.022079858E1,7.930780318E-1,-1.021882212E0,5.561263418E-1,1.408010130E0
2.023078658E1,5.933473778E-1,-1.043926799E0,4.348890030E-1,1.277095422E0
2.024077458E1,5.513266549E-1,-8.970921046E-1,2.413134205E-1,1.080262696E0
2.025076258E1,5.640051726E-1,-5.924662024E-1,-1.830704749E-2,8.182011877E-1
2.026075058E1,5.423090789E-1,-1.714409477E-1,2.877063990E-2,5.694900221E-1
2.027073758E1,5.526162583E-1,-1.576537979E-1,7.425963879E-5,5.746646452E-1
2.028072558E1,3.775085217E-1,-1.821284884E-1,-4.004722917E-1,5.797081392E-1
2.029071358E1,3.667981768E-1,-6.990872562E-2,-7.354271168E-1,8.247915958E-1
2.030070158E1,6.174864382E-2,2.136677849E-1,-8.999929082E-1,9.270674475E-1
2.031068958E1,-2.553075618E-1,3.691797477E-1,-9.029229480E-1,1.008337983E0
2.032067658E1,-4.089440301E-1,4.373193982E-1,-7.285753495E-1,9.430299654E-1
2.033066458E1,-4.258056459E-1,5.249811476E-1,-6.375622684E-1,9.291938977E-1
2.034065258E1,-2.903300446E-1,5.808852071E-1,-4.259065104E-1,7.766051211E-1
2.035064058E1,4.824625343E-2,6.647220004E-1,-1.311074388E-1,6.792438437E-1
2.036062858E1,2.806072944E-1,4.116860819E-1,4.083695412E-3,4.982394608E-1
2.037061558E1,4.744711447E-1,3.165977839E-1,1.747206509E-1,5.965604158E-1
2.038060358E1,7.307806268E-1,1.583086860E-1,1.840393585E-1,7.700470441E-1
2.039059158E1,8.875783923E-1,1.983097807E-1,1.471200389E-1,9.212852313E-1
2.040057958E1,1.133691792E0,2.083953506E-1,-1.019228160E-1,1.157183634E0
2.041056758E1,1.009379987E0,-1.095139638E-1,-3.377632427E-1,1.070011811E0
2.042055458E1,9.107918385E-1,-3.427415621E-1,-3.244918174E-1,1.025820886E0
2.043054258E1,1.001327494E0,-2.713841888E-1,-2.358708322E-2,1.037719846E0
2.044053058E1,1.071330068E0,2.645224813E-1,3.449769527E-1,1.156170124E0
2.045051858E1,1.180685280E0,2.725814062E-1,3.358798546E-1,1.257431362E0
2.046050658E1,8.102407792E-1,1.509692609E-2,-5.090118170E-2,8.119784282E-1
2.047049358E1,2.135236511E-1,1.750320151E-1,2.352030802E-1,3.626969049E-1
2.048048158E1,3.124722809E-1,4.662680858E-1,1.894924718E-1,5.924122307E-1
2.049046958E1,1.653902489E-1,5.492146406E-1,2.885641855E-1,6.420747192E-1
2.050045758E1,1.352630550E-1,4.654947916E-1,1.029221052E-1,4.955546940E-1
2.051044558E1,-5.130727082E-2,4.668478373E-1,5.008607984E-2,4.723218761E-1
2.052043258E1,-1.525009391E-1,4.587050048E-1,7.135181844E-2,4.886285909E-1
2.053042058E1,-1.644684353E-1,4.398287308E-1,1.122197628E-1,4.827964932E-1
2.054040858E1,-5.262523323E-2,4.312955967E-1,1.297520542E-1,4.534544105E-1
2.055039658E1,1.075168473E-1,4.699722970E-1,9.301224411E-2,4.910041852E-1
2.056038458E1,2.769720805E-1,5.259365827E-1,8.533309579E-2,6.005035883E-1
2.057037158E1,4.346434200E-1,5.592785758E-1,1.143879104E-1,7.174900849E-1
2.058035958E1,5.092796195E-1,5.615470031E-1,9.853669345E-2,7.644672965E-1
2.059034758E1,4.400886396E-1,5.707540289E-1,9.133467793E-2,7.264848213E-1
2.060033558E1,3.689704174E-1,5.747713584E-1,6.915618896E-2,6.865011739E-1
2.061032358E1,3.444930956E-1,5.299986434E-1,4.715662479E-2,6.338752260E-1
2.062031058E1,3.149295732E-1,4.271589839E-1,3.157613397E-2,5.316413132E-1
2.063029858E1,2.838384658E-1,2.967546728E-1,6.470821202E-2,4.157099508E-1
2.064028658E1,2.041470560E-1,2.300622082E-1,1.140949649E-1,3.280583807E-1
2.065027458E1,1.448875719E-1,1.818671179E-1,1.464499480E-1,2.748010996E-1
2.066026258E1,5.515678525E-2,1.331288213E-1,1.186692417E-1,1.866760374E-1
2.067024958E1,-1.526269466E-2,4.547525793E-2,1.245076865E-1,1.334283063E-1
2.068023758E1,-3.745989472E-2,8.751235306E-3,1.163075513E-1,1.225041808E-1
2.069022558E1,-2.057956785E-2,-5.985502303E-3,7.882222116E-2,8.168407066E-2
2.070021358E1,3.002252877E-3,-1.344508767E-2,-3.824079037E-2,4.064654909E-2
2.071020158E1,-1.583513707E-2,-1.376493037E-2,-6.810427487E-2,7.126301376E-2
2.072018858E1,-1.112081945E-2,-5.441126525E-3,-7.557701647E-2,7.658435808E-2
2.073017658E1,1.435316026E-2,-2.373150945E-2,-7.303406239E-2,7.812280089E-2
2.074016458E1,6.013510466E-2,-8.072081208E-2,-4.822315693E-2,1.116134095E-1
2.075015258E1,7.506538510E-2,-1.047581309E-1,-3.224505544E-2,1.328488676E-1
2.076014058E1,2.801313311E-2,-3.435999334E-2,-2.448170722E-2,5.064285494E-2
2.077012700E1,-2.801196367E-2,-8.558861911E-3,2.382915795E-2,3.775914451E-2
2.078011500E1,-7.243823111E-2,-3.022425771E-3,6.781366825E-2,9.927298719E-2
2.079010300E1,-5.573127419E-2,-8.735447824E-3,1.011474752E-1,1.158149158E-1
2.080009100E1,-4.857398987E-2,-3.524993956E-2,7.372403383E-2,9.506431452E-2
2.081007900E1,-4.692975283E-2,-4.858042181E-2,1.931686163E-2,7.025382713E-2
2.082006600E1,-1.856490970E-2,-5.242145777E-2,-6.191324294E-2,8.322208095E-2
2.083005400E1,7.237683535E-3,-1.100270569E-2,-1.152883816E-1,1.160381598E-1
2.084004200E1,6.745055616E-3,-1.656720847E-2,-1.287562734E-1,1.299928695E-1
2.085003000E1,3.249619335E-2,-3.461025417E-2,-9.086456180E-2,1.025194658E-1
2.086001800E1,4.263848126E-2,-1.031039536E-2,-6.498361588E-2,7.840417507E-2
2.087000500E1,7.743906230E-2,5.449780405E-2,-7.724405766E-2,1.222025509E-1
2.087999300E1,1.339620495E-1,1.383158863E-1,-9.329466462E-2,2.139649727E-1
2.088998100E1,1.810254112E-1,1.474974766E-1,-6.138523936E-2,2.414411993E-1
2.089996900E1,1.306832233E-1,2.210572037E-1,-5.707174838E-2,2.630619255E-1
2.090995700E1,8.724688947E-2,3.198643309E-1,-8.660369575E-2,3.426739121E-1
2.091994400E1,1.739371240E-1,4.133069301E-1,-1.085266614E-1,4.613618729E-1
2.092993200E1,2.225520444E-1,5.976573604E-1,-1.443677545E-2,6.379123399E-1
2.093992000E1,3.836402044E-1,4.948393357E-1,3.066747665E-2,6.268861688E-1
2.094990800E1,3.253510657E-1,6.943635830E-1,2.125141293E-1,7.957112268E-1
2.095989600E1,3.783166069E-1,7.674388683E-1,3.970738900E-1,9.432674836E-1
2.096988400E1,4.661768693E-1,7.948810208E-1,5.426204431E-1,1.069389385E0
2.097987100E1,5.305003345E-1,8.253520310E-1,5.286923754E-1,1.114518823E0
2.098985900E1,5.402315632E-1,8.144639307E-1,3.854051864E-1,1.050589736E0
2.099984700E1,4.628486341E-1,6.686349571E-1,1.846919078E-1,8.339140632E-1
2.100983500E1,5.480340877E-1,5.802022523E-1,5.569531381E-2,8.000487378E-1
2.101982300E1,6.872966382E-1,6.273503986E-1,-7.794981658E-2,9.338208422E-1
2.102981000E1,6.172692141E-1,6.359765035E-1,-1.416470450E-1,8.975250866E-1
2.103979800E1,5.020404741E-1,6.309625161E-1,-7.066594005E-2,8.094146091E-1
2.104978600E1,3.909761211E-1,5.708201024E-1,-4.135150909E-2,6.931146109E-1
2.105977400E1,2.917023861E-1,5.729803562E-1,1.620088041E-2,6.431634623E-1
2.106976200E1,3.191702664E-1,5.887877190E-1,-1.707036138E-2,6.699492774E-1
2.107974900E1,3.092095345E-1,5.093006694E-1,2.431272268E-3,5.958218016E-1
2.108973700E1,2.678203109E-1,4.893154711E-1,3.914009213E-2,5.591862802E-1
2.109972500E1,1.795027962E-1,3.968402937E-1,4.293435037E-2,4.376606345E-1
2.110971300E1,1.392134339E-1,3.526245260E-1,1.906040275E-1,4.243280945E-1
2.111970100E1,1.212624818E-1,3.725658703E-1,2.771749789E-1,4.799332100E-1
2.112968800E1,1.408816445E-1,4.041624695E-1,3.573707110E-1,5.575919337E-1
2.113967600E1,1.267652965E-1,4.451584679E-1,3.901215506E-1,6.053348876E-1
2.114966400E1,9.913954139E-3,3.596610653E-1,4.017504930E-1,5.393123650E-1
2.115965200E1,-1.357027656E-1,2.285571349E-1,4.162059796E-1,4.938431147E-1
2.116964000E1,-1.570290229E-1,2.290120482E-1,4.500180888E-1,5.287919369E-1
2.117962700E1,-3.234106672E-1,1.509967428E-1,3.716835254E-1,5.153087609E-1
2.118961500E1,-5.882047516E-1,1.522515553E-1,3.054029971E-1,6.800267323E-1
2.119960300E1,-6.316416702E-1,2.743560362E-1,3.527999425E-1,7.737636807E-1
2.120959100E1,-5.499768251E-1,3.054503596E-1,3.582477933E-1,7.239585014E-1
2.121957900E1,-5.061422959E-1,3.596189654E-1,3.138843834E-1,6.957220926E-1
2.122956600E1,-5.174078339E-1,3.059602368E-1,2.441493201E-1,6.487922808E-1
2.123955400E1,-5.134989703E-1,8.598213673E-2,2.218889701E-1,5.659583336E-1
2.124954200E1,-4.629854590E-1,-3.328819871E-2,3.215126610E-1,5.646539033E-1
2.125953000E1,-2.680138537E-1,-9.190302730E-2,4.033140385E-1,4.928892430E-1
2.126951800E1,-1.161008522E-1,-2.055898565E-1,4.488346124E-1,5.071480122E-1
2.127950500E1,-1.379425415E-1,-2.120527840E-1,3.983368886E-1,4.718758361E-1
2.128949300E1,-1.469112933E-1,-3.527087259E-1,3.687330204E-1,5.309900317E-1
2.129948100E1,-7.249699563E-2,-2.893687624E-1,3.264728540E-1,4.422381931E-1
2.130946900E1,-5.156074762E-2,-1.635875523E-1,3.223336101E-1,3.651278600E-1
2.131945700E1,6.249504089E-3,-9.797243714E-2,2.194343090E-1,2.403935746E-1
2.132944400E1,-4.412893653E-3,-4.684204459E-2,6.417903900E-2,7.957763391E-2
2.133943200E1,-2.755120307E-2,-9.906118870E-2,-6.003336310E-3,1.029962521E-1
2.134942000E1,-1.296242926E-1,-1.272207946E-1,-5.254366457E-2,1.890725376E-1
2.135940800E1,-1.698364717E-1,-1.553839087E-2,-5.770383239E-2,1.800433308E-1
2.136939600E1,-4.005301791E-1,-1.801176310E-2,-1.456190586E-2,4.011993234E-1
2.137938300E1,-3.726453924E-1,-1.120308977E-1,6.631268799E-2,3.947314063E-1
2.138937100E1,-4.073120722E-1,-1.940109077E-1,4.062060714E-3,4.511760818E-1
2.139935900E1,-2.696765095E-1,-1.744499248E-1,-4.959666789E-2,3.249892698E-1
2.140934700E1,-3.231843799E-1,-2.575201482E-1,-7.925549984E-2,4.207685877E-1
2.141933500E1,-3.817383975E-1,-3.633375022E-1,-9.723802686E-2,5.359044490E-1
2.142932200E1,-3.260708579E-1,-5.000421882E-1,-1.346777487E-1,6.119660859E-1
2.143931000E1,-1.641386524E-1,-5.808477849E-1,-2.046537173E-1,6.373451109E-1
2.144929800E1,3.064408779E-2,-5.482448798E-1,-2.812697840E-1,6.169474854E-1
2.145928600E1,3.411040494E-1,-5.225694636E-1,-3.049855059E-1,6.945840306E-1
2.146927400E1,4.619820768E-1,-5.720731607E-1,-5.815757632E-1,9.375102713E-1
2.147926100E1,1.803354397E-1,-7.637650627E-1,-7.136900926E-1,1.060759864E0
2.148924900E1,9.220854431E-2,-1.012717870E0,-7.226404256E-1,1.247521176E0
2.149923700E1,1.157052881E-1,-1.048553409E0,-5.832311100E-1,1.205408849E0
2.150922500E1,6.544963896E-2,-8.172343415E-1,-5.251787835E-1,9.736366770E-1
2.151921300E1,-4.087028325E-2,-7.226854491E-1,-5.607082200E-1,9.156081839E-1
2.152920100E1,-1.351323697E-1,-7.749466932E-1,-5.453440762E-1,9.571850897E-1
2.153918800E1,-1.648505509E-1,-7.956054908E-1,-5.028827655E-1,9.555390505E-1
2.154917600E1,-1.712684548E-1,-7.133755124E-1,-4.734332639E-1,8.731417758E-1
2.155916400E1,-1.082328388E-1,-6.904880485E-1,-4.327436596E-1,8.220432881E-1
2.156915200E1,3.774406940E-2,-7.235385579E-1,-3.821903872E-1,8.191472100E-1
2.157914000E1,1.802980176E-1,-6.491222137E-1,-4.002886891E-1,7.836440889E-1
2.158912700E1,2.416706854E-1,-5.234825063E-1,-3.848701662E-1,6.932270186E-1
2.159911500E1,2.637012398E-1,-4.428339073E-1,-4.223174894E-1,6.663274534E-1
2.160910300E1,2.390131259E-1,-4.681576136E-1,-4.641326827E-1,7.012260496E-1
2.161909100E1,1.813455462E-1,-5.186480284E-1,-4.691279590E-1,7.224700869E-1
2.162907900E1,1.283744502E-1,-4.639028871E-1,-4.063025504E-1,6.298949521E-1
2.163906600E1,9.166095257E-3,-4.084280133E-1,-3.244421160E-1,5.216897028E-1
2.164905400E1,-1.302554995E-1,-3.914801511E-1,-2.503309965E-1,4.825855486E-1
2.165904200E1,-1.664363158E-1,-4.075743198E-1,-1.907969856E-1,4.798138838E-1
2.166903000E1,-1.611662203E-1,-4.310532296E-1,-2.144203216E-1,5.076982486E-1
2.167901800E1,-1.281002158E-1,-4.071802175E-1,-1.924190032E-1,4.682205331E-1
2.168900500E1,-4.376202375E-2,-3.922505218E-1,-1.968424219E-1,4.410470787E-1
2.169899300E1,5.782428503E-2,-3.711818343E-1,-2.335512418E-1,4.423412536E-1
2.170898100E1,1.216185772E-1,-2.962234533E-1,-2.776883644E-1,4.238516725E-1
2.171896900E1,1.655867153E-1,-2.481318587E-1,-2.460601902E-1,3.866962591E-1
2.172895700E1,1.981223774E-1,-2.392408749E-1,-2.032024384E-1,3.711871544E-1
2.173894400E1,2.018835989E-1,-2.223701960E-1,-1.237691832E-1,3.248450434E-1
2.174893200E1,1.591003990E-1,-1.966196430E-1,-4.722094417E-2,2.572975681E-1
2.175892000E1,9.737046629E-2,-1.353273743E-1,3.070840716E-2,1.695214211E-1
2.176890758E1,8.361167550E-2,-9.395539999E-2,7.342231750E-2,1.456343578E-1
2.177889558E1,1.062585264E-2,-8.929429203E-2,8.358828664E-2,1.227736983E-1
2.178888258E1,-1.156053007E-2,-6.587063849E-2,7.780480564E-2,1.025971474E-1
2.179887058E1,-9.054296494E-2,-4.854621559E-2,8.533134162E-2,1.335522423E-1
2.180885858E1,-1.560826510E-1,-4.649881303E-2,7.398832798E-2,1.788804244E-1
2.181884658E1,-1.821518773E-1,-4.493848354E-2,8.516235709E-2,2.060373771E-1
2.182883458E1,-2.260369849E-1,-1.666047156E-2,9.931495786E-2,2.474545427E-1
2.183882158E1,-2.311629465E-1,2.175105751E-2,1.143194979E-1,2.588017851E-1
2.184880958E1,-2.231712645E-1,2.729772627E-2,1.340719771E-1,2.617744721E-1
2.185879758E1,-2.242103148E-1,8.233171999E-3,1.095522630E-1,2.496792917E-1
2.186878558E1,-1.790502217E-1,-1.456395239E-2,1.082606131E-1,2.097413907E-1
2.187877358E1,-1.519156328E-1,-6.189950198E-2,1.090049636E-1,1.969568225E-1
2.188876058E1,-1.180169848E-1,-5.287461698E-2,9.964941859E-2,1.632597331E-1
2.189874858E1,-1.231207269E-1,-6.160655648E-2,8.094417572E-2,1.597061075E-1
2.190873658E1,-1.305782658E-1,-4.704640478E-2,7.191256642E-2,1.563184727E-1
2.191872458E1,-1.298447326E-1,-6.330166429E-2,6.914098620E-2,1.601475297E-1
2.192871258E1,-1.398063415E-1,-7.455667734E-2,8.095762432E-2,1.779287728E-1
2.193869958E1,-1.299476436E-1,-8.180225462E-2,1.034998101E-1,1.851761584E-1
2.194868758E1,-1.416183937E-1,-7.677247971E-2,6.733828962E-2,1.745973319E-1
2.195867558E1,-1.535949531E-1,-9.569173068E-2,5.184316814E-2,1.882446042E-1
2.196866358E1,-1.654411197E-1,-7.456077039E-2,5.491646469E-2,1.895940153E-1
2.197865158E1,-1.666818988E-1,-8.970155060E-2,5.369088829E-2,1.967534881E-1
2.198863858E1,-1.510940990E-1,-1.100440139E-1,4.074632227E-2,1.913096300E-1
2.199862658E1,-1.589893019E-1,-9.576248199E-2,2.461268485E-2,1.872266950E-1
2.200861458E1,-1.731343013E-1,-6.752335399E-2,-1.610147774E-2,1.865318933E-1
2.201860258E1,-1.633638963E-1,-4.719346225E-2,-1.772641897E-2,1.709655270E-1
2.202859058E1,-1.431752148E-1,-4.286038309E-2,-2.707845569E-3,1.494773796E-1
2.203857758E1,-1.191586536E-1,-2.774211466E-2,-3.549844623E-3,1.223969405E-1
2.204856558E1,-7.617635608E-2,-3.348758876E-2,-4.070831537E-3,8.331162881E-2
2.205855358E1,-6.185243189E-2,-1.699493229E-2,-4.466395676E-2,7.816277943E-2
2.206854158E1,-4.657921225E-2,-4.288055599E-3,-4.109247744E-2,6.226236533E-2
2.207852958E1,-5.341256082E-2,1.574070454E-3,-7.289372921E-2,9.038182953E-2
2.208851658E1,-2.636304885E-2,3.610246360E-2,-8.053662479E-2,9.211159620E-2
2.209850458E1,-3.509264946E-2,7.578283846E-2,-5.846104681E-2,1.019422711E-1
2.210849258E1,4.021130204E-3,8.939164817E-2,-3.242690384E-2,9.517636442E-2
2.211848058E1,3.498330653E-2,1.200062075E-1,-1.719081402E-2,1.261778335E-1
2.212846858E1,3.721343458E-2,1.340260765E-1,-4.136905074E-3,1.391579781E-1
2.213845658E1,4.697828472E-2,1.417993650E-1,-6.733653545E-3,1.495304693E-1
2.214844358E1,5.631336451E-2,1.741148794E-1,2.745793998E-2,1.850435752E-1
2.215843158E1,7.383659273E-2,2.123796433E-1,2.452205300E-2,2.261819763E-1
2.216841958E1,6.716959745E-2,2.711710578E-1,2.574353635E-2,2.805498656E-1
2.217840758E1,1.184420773E-1,2.883507621E-1,4.938675284E-2,3.156164430E-1
2.218839558E1,1.602675033E-1,2.825441846E-1,6.785284460E-2,3.318446887E-1
2.219838258E1,1.956039816E-1,2.940433189E-1,6.566890955E-2,3.592141377E-1
2.220837058E1,2.128906900E-1,2.932214928E-1,3.194743216E-2,3.637608117E-1
2.221835858E1,1.943798670E-1,2.928308988E-1,2.369057894E-2,3.522707929E-1
2.222834658E1,1.946274966E-1,2.993794879E-1,4.619300365E-2,3.600579590E-1
2.223833458E1,1.939901501E-1,2.930343819E-1,2.497228861E-2,3.523136990E-1
2.224832158E1,1.965483069E-1,2.832072589E-1,2.696969748E-2,3.457816551E-1
2.225830958E1,2.028466353E-1,2.692826995E-1,1.705340445E-2,3.375659170E-1
2.226829758E1,1.582010972E-1,2.449498039E-1,-2.205569744E-3,2.916039406E-1
2.227828558E1,1.085722697E-1,1.806438804E-1,2.807832956E-3,2.107795844E-1
2.228827358E1,1.105872202E-1,1.160806793E-1,3.091598332E-2,1.632790721E-1
2.229826058E1,1.404825720E-1,6.475148141E-2,3.951080561E-2,1.596534094E-1
2.230824858E1,1.895471433E-1,3.886761189E-2,1.882628024E-2,1.944048343E-1
2.231823658E1,2.090154478E-1,-9.764850140E-3,-2.749945521E-2,2.110427202E-1
2.232822458E1,2.337003458E-1,-3.246666491E-2,-6.326628864E-2,2.442796742E-1
2.233821258E1,2.127611741E-1,-2.086929739E-2,-6.602675915E-2,2.237462351E-1
2.234819958E1,2.036298698E-1,-3.558995515E-2,-7.102086604E-2,2.185766049E-1
2.235818758E1,2.019891411E-1,-2.796898663E-2,-4.315479040E-2,2.084327548E-1
2.236817558E1,2.173380822E-1,-3.888924658E-2,-2.296084642E-2,2.219806657E-1
2.237816358E1,1.992929900E-1,-4.666516632E-2,-2.531668961E-2,2.062432262E-1
2.238815158E1,1.732720032E-1,-6.671176046E-2,-4.081648886E-2,1.901042657E-1
2.239813858E1,1.326516885E-1,-4.386493474E-2,-5.556375146E-2,1.503593477E-1
2.240812658E1,1.160026190E-1,-4.431897104E-2,-8.495770454E-2,1.504612587E-1
2.241811458E1,9.057512462E-2,-5.183001190E-2,-9.507923484E-2,1.411745878E-1
2.242810258E1,5.774183929E-2,-7.776679873E-2,-6.454682887E-2,1.163962547E-1
2.243809058E1,6.325664073E-2,-6.830805033E-2,-4.928559601E-2,1.053397471E-1
2.244807758E1,3.640301049E-2,-9.510788620E-2,-2.914661586E-2,1.059255135E-1
2.245806558E1,2.065031916E-2,-1.515864345E-1,-5.983514249E-2,1.642715042E-1
2.246805358E1,-1.005487204E-2,-1.744639581E-1,-4.458034158E-2,1.803501594E-1
2.247804158E1,-1.246567905E-2,-1.805175805E-1,-4.445871949E-2,1.863291919E-1
2.248802958E1,-2.284068614E-2,-1.833853474E-1,-5.127540350E-2,1.917838617E-1
2.249801658E1,-2.800348520E-2,-2.092066517E-1,-3.022601187E-2,2.132257726E-1
2.250800458E1,-1.992263317E-2,-1.960524631E-1,-1.168273687E-2,1.974081202E-1
2.251799258E1,-1.368277699E-2,-1.807599476E-1,-6.105077863E-3,1.813798473E-1
2.252798058E1,-1.754749417E-2,-1.684205684E-1,-4.419910312E-3,1.693898994E-1
2.253796858E1,-2.849640548E-2,-1.508686888E-1,5.701619983E-3,1.536421650E-1
2.254795558E1,-5.049889326E-2,-1.489192271E-1,6.686291099E-3,1.573905363E-1
2.255794358E1,-4.641344368E-2,-1.214887691E-1,2.004483998E-2,1.315884659E-1
2.256793158E1,-3.158432007E-2,-7.567671150E-2,2.028691471E-2,8.447539787E-2
2.257791958E1,-1.683998108E-2,-1.621812969E-2,1.667859793E-2,2.871912816E-2
2.258790758E1,-9.636503756E-3,1.734167218E-2,6.735992432E-3,2.095159642E-2
2.259789458E1,1.058930755E-2,3.852379560E-2,1.203240037E-2,4.172523122E-2
2.260788258E1,2.051495612E-3,6.292948902E-2,1.386959553E-3,6.297819368E-2
2.261787058E1,-4.345358312E-3,8.599733949E-2,1.676747561E-2,8.772441380E-2
2.262785858E1,-9.899920821E-3,8.547839910E-2,1.688617408E-2,8.769098026E-2
2.263784658E1,5.554854870E-4,8.292579710E-2,3.255144954E-2,8.908755949E-2
2.264783458E1,8.674636781E-3,6.540753901E-2,2.940447807E-2,7.223585546E-2
2.265782158E1,3.878545851E-2,5.380987912E-2,2.126807749E-2,6.965734709E-2
2.266780958E1,7.571033299E-2,3.172406852E-2,2.226736665E-2,8.505472746E-2
2.267779758E1,6.415535778E-2,1.361173332E-2,-1.369651794E-2,6.699838669E-2
2.268778558E1,6.382703662E-2,2.575055301E-2,-2.562717676E-2,7.344204363E-2
2.269777358E1,4.723059207E-2,4.865585089E-2,-2.612126648E-2,7.266664445E-2
2.270776058E1,2.335962653E-2,4.386054933E-2,-2.339997232E-2,5.492703018E-2
2.271774858E1,1.877219349E-2,5.934806943E-2,1.979633331E-2,6.531832366E-2
2.272773658E1,-1.719081402E-3,3.165390193E-2,3.375012875E-2,4.630330376E-2
2.273772458E1,-3.338906318E-2,4.034403384E-2,3.857408166E-2,6.504175876E-2
2.274771258E1,-4.281272829E-2,3.807356000E-2,3.887345910E-2,6.923634520E-2
2.275769958E1,-6.280289680E-2,2.977519155E-2,2.238372624E-2,7.301915556E-2
2.276768771E1,-7.815622330E-2,2.663640618E-2,1.568398654E-2,8.404689648E-2
2.277767571E1,-7.243355334E-2,2.691473365E-3,1.238323331E-2,7.353372114E-2
2.278766371E1,-5.919194877E-2,-1.146580517E-2,3.548090458E-3,6.039652667E-2
2.279765171E1,-4.244084537E-2,1.365324855E-2,8.634583354E-3,4.541137062E-2
2.280763871E1,-2.039304167E-2,1.183067143E-2,8.304215670E-3,2.499601834E-2
2.281762671E1,-7.205231488E-3,-2.415777147E-3,-7.356382012E-3,1.057675264E-2
2.282761471E1,3.898660272E-2,-5.868557990E-3,-1.966126263E-2,4.405633227E-2
2.283760271E1,6.018392891E-2,1.937767267E-2,-3.841562212E-2,7.398215676E-2
2.284759071E1,7.880731076E-2,9.180128574E-3,-5.713840663E-2,9.777353682E-2
2.285757771E1,8.278370976E-2,1.196311086E-2,-5.133562982E-2,9.814074339E-2
2.286756571E1,8.785704643E-2,3.002603710E-2,-4.434002101E-2,1.028905291E-1
2.287755371E1,8.873354405E-2,1.695253998E-2,-4.072527230E-2,9.909378515E-2
2.288754171E1,8.104533255E-2,8.507114053E-3,-2.139905512E-2,8.425340633E-2
2.289752971E1,9.254329741E-2,1.656983972E-2,-1.188037276E-2,9.476267588E-2
2.290751671E1,7.128516018E-2,9.354375601E-3,2.396188974E-3,7.193622263E-2
2.291750471E1,6.763532817E-2,1.691131711E-2,-6.242487431E-3,6.999642071E-2
2.292749271E1,6.491637290E-2,1.300274581E-2,-8.049277067E-3,6.669331098E-2
2.293748071E1,4.012856394E-2,1.703790933E-2,-8.918758035E-3,4.449872181E-2
2.294746871E1,3.682020932E-2,1.935399145E-2,-1.569217265E-2,4.445839721E-2
2.295745571E1,3.753824741E-2,3.160829365E-2,-1.784219384E-2,5.221635881E-2
2.296744371E1,9.928572178E-3,4.621697724E-2,5.179463625E-3,4.755430973E-2
2.297743171E1,1.841609806E-2,4.153920472E-2,1.631724000E-2,4.827950411E-2
2.298741971E1,1.300566941E-2,1.206280589E-2,2.224982500E-2,2.845546407E-2
2.299740771E1,1.252473593E-2,2.309650183E-4,1.028934538E-2,1.621089089E-2
2.300739471E1,2.647619247E-3,5.958020389E-3,-1.415903270E-2,1.558801147E-2
2.301738271E1,8.821986616E-3,1.449524760E-2,-2.231355965E-2,2.803274149E-2
2.302737071E1,1.489987493E-2,1.897246063E-2,3.922312260E-3,2.444064378E-2
2.303735871E1,1.205228090E-2,2.071580797E-2,9.016406536E-3,2.560659606E-2
2.304734671E1,1.138599068E-2,3.357178867E-3,1.022210240E-2,1.566533789E-2
2.305733371E1,9.399691522E-3,-2.725416452E-2,2.880689263E-2,4.075513155E-2
2.306732171E1,1.000663251E-2,-4.759458125E-2,1.724519312E-2,5.160206918E-2
2.307730971E1,5.531466007E-3,-3.472515196E-2,6.113263965E-3,3.569040895E-2
2.308729771E1,1.963495016E-2,-6.083384693E-2,9.975349903E-4,6.393186432E-2
2.309728571E1,7.633247674E-3,-6.826068789E-2,-2.845021248E-2,7.434515836E-2
2.310727271E1,1.651838422E-2,-9.299236357E-2,-4.312672377E-2,1.038284691E-1
2.311726071E1,3.873488009E-2,-1.510888365E-1,-4.169064760E-2,1.614507279E-1
2.312724871E1,8.645985425E-3,-1.635612398E-1,-7.089456618E-2,1.784742888E-1
2.313723671E1,4.331032634E-2,-1.584896573E-1,-4.035105050E-2,1.691832235E-1
2.314722471E1,2.072399408E-2,-1.508572868E-1,-2.914953947E-2,1.550390291E-1
2.315721271E1,-2.208464116E-2,-1.626212999E-1,-3.401149929E-2,1.676013146E-1
2.316719971E1,-8.892445564E-3,-1.370438245E-1,-5.209869146E-2,1.468821265E-1
2.317718771E1,-1.539805770E-2,-1.149837416E-1,-5.666536689E-2,1.291097395E-1
2.318717571E1,-6.620802283E-3,-1.094771263E-1,-6.660329461E-2,1.283163086E-1
2.319716371E1,2.821223080E-2,-1.152521288E-1,-4.773374498E-2,1.278964174E-1
2.320715171E1,6.566130817E-3,-8.324944049E-2,-5.094737470E-2,9.782238192E-2
2.321713871E1,7.325976491E-3,-5.579530120E-2,-7.586177588E-2,9.445525187E-2
2.322712671E1,-2.037637711E-2,-3.724793315E-2,-9.808762729E-2,1.068821215E-1
2.323711471E1,-3.231756091E-2,-2.487756371E-2,-6.569522202E-2,7.732515836E-2
2.324710271E1,-7.106939793E-2,-1.055568606E-2,-6.596887171E-2,9.754062674E-2
2.325709071E1,-7.981420130E-2,-2.999329269E-2,-5.282257676E-2,1.003001942E-1
2.326707771E1,-1.083518296E-1,-3.098147213E-2,-2.998101354E-2,1.166140291E-1
2.327706571E1,-9.733859897E-2,-2.028866887E-2,-4.493585229E-2,1.091130778E-1
2.328705371E1,-5.743164450E-2,1.011480600E-2,-5.190105557E-2,7.806678333E-2
2.329704171E1,-4.510922223E-2,3.767477989E-2,-8.114999771E-2,1.001975703E-1
2.330702971E1,-2.105319232E-2,5.420368910E-2,-1.076934332E-1,1.223893474E-1
2.331701671E1,-2.101255417E-2,1.047183698E-1,-1.297736889E-1,1.680734207E-1
2.332700471E1,7.612490058E-3,1.764487955E-1,-1.394870836E-1,2.250528247E-1
2.333699271E1,9.220766723E-2,2.382825163E-1,-1.176260984E-1,2.812769285E-1
2.334698071E1,1.391947228E-1,2.601458403E-1,-9.697957993E-2,3.105737723E-1
2.335696871E1,1.836768311E-1,2.929343945E-1,-5.287169337E-2,3.497758621E-1
2.336695571E1,2.573552567E-1,3.672770637E-1,1.563545465E-3,4.484714198E-1
2.337694371E1,2.592585254E-1,4.510828668E-1,7.295570970E-2,5.253696520E-1
2.338693171E1,2.280712312E-1,5.096687517E-1,1.691745669E-1,5.834370206E-1
2.339691971E1,1.658162186E-1,5.402075896E-1,2.314708024E-1,6.106537403E-1
2.340690771E1,8.809824407E-2,5.794637489E-1,2.731088251E-1,6.466281522E-1
2.341689471E1,-3.928744197E-3,6.118625861E-1,3.286006558E-1,6.945283654E-1
2.342688271E1,2.324385166E-2,6.899998060E-1,3.521473932E-1,7.750147066E-1
2.343687071E1,6.099142939E-2,7.724972945E-1,3.764098299E-1,8.614849880E-1
2.344685871E1,5.834264070E-2,7.375166193E-1,3.838317007E-1,8.334634976E-1
2.345684671E1,1.019196001E-1,6.686156613E-1,3.108450007E-1,7.443514774E-1
2.346683371E1,7.373572826E-2,6.381034282E-1,2.232735908E-1,6.800470859E-1
2.347682171E1,-5.275650322E-2,5.368776003E-1,1.323833013E-1,5.554693013E-1
2.348680971E1,-1.399583691E-1,3.960620293E-1,1.513779813E-1,4.465073005E-1
2.349679771E1,-8.079682589E-2,3.032465440E-1,1.940620708E-1,3.689805969E-1
2.350678571E1,6.313648045E-2,2.318713367E-1,2.532125044E-1,3.490946925E-1
2.351677271E1,1.852479780E-1,1.643070522E-1,2.514922535E-1,3.529333851E-1
2.352676071E1,3.054743332E-1,1.018318918E-1,2.642853767E-1,4.165705975E-1
2.353674871E1,4.016589841E-1,6.657668978E-2,2.890740627E-1,4.993257543E-1
2.354673671E1,4.922010720E-1,5.945331931E-2,3.741925657E-1,6.211414240E-1
2.355672471E1,4.679465291E-1,3.611240387E-2,4.109142494E-1,6.238017154E-1
2.356671171E1,3.586038888E-1,6.772420585E-2,3.811805731E-1,5.277138869E-1
2.357669971E1,1.917158756E-1,6.228132516E-2,2.964029628E-1,3.584531445E-1
2.358668771E1,-1.186663181E-2,-8.389585018E-3,1.868740886E-1,1.874383288E-1
2.359667571E1,-1.804079452E-1,-5.984742165E-2,9.275145829E-2,2.114984009E-1
2.360666371E1,-3.135168859E-1,-4.234904408E-2,3.202929318E-2,3.179813751E-1
2.361665071E1,-2.238814089E-1,1.452331424E-2,1.071034491E-1,2.486060351E-1
2.362663871E1,-5.244981676E-2,4.490193844E-2,1.305373353E-1,1.476724865E-1
2.363662671E1,-8.148241192E-2,2.642122865E-2,2.623060942E-3,8.569915533E-2
2.364661471E1,-3.045083731E-1,-1.288843274E-1,-1.419902766E-1,3.598579689E-1
2.365660271E1,-2.769849443E-1,-2.677141839E-1,-8.289188325E-2,3.940337650E-1
2.366659071E1,-3.369282603E-2,-3.823283815E-1,-5.826925814E-2,3.882080683E-1
2.367657771E1,8.030361325E-2,-4.369495618E-1,-2.859218287E-1,5.283227063E-1
2.368656571E1,-1.647423774E-1,-3.875803506E-1,-4.710668957E-1,6.318722967E-1
2.369655371E1,-2.700606716E-1,-3.898230502E-1,-3.445173615E-1,5.861629374E-1
2.370654171E1,-1.572608650E-1,-5.399941662E-1,-1.359208667E-1,5.786183208E-1
2.371652971E1,8.819881618E-2,-7.286355758E-1,-1.093078494E-1,7.420492163E-1
2.372651671E1,1.752235115E-1,-7.247118017E-1,-2.164153916E-1,7.763672431E-1
2.373650471E1,1.611404926E-1,-6.730975521E-1,-3.060555464E-1,7.567671838E-1
2.374649271E1,1.092104933E-1,-6.775624859E-1,-3.343309271E-1,7.634101277E-1
2.375648071E1,1.093721688E-2,-7.066167158E-1,-3.008696508E-1,7.680816054E-1
2.376646796E1,-5.794590712E-3,-7.488692808E-1,-3.390999162E-1,8.220873008E-1
2.377645496E1,-4.985102177E-2,-7.310504758E-1,-3.370680088E-1,8.065573539E-1
2.378644296E1,-6.957017183E-2,-6.981768447E-1,-3.029933596E-1,7.642616641E-1
2.379643096E1,-9.495790511E-2,-6.643854931E-1,-3.059023494E-1,7.375644613E-1
2.380641896E1,-1.454418880E-1,-6.546478325E-1,-3.180961329E-1,7.422279146E-1
2.381640696E1,-1.405755427E-1,-6.688787860E-1,-3.156677842E-1,7.528655016E-1
2.382639396E1,-9.585048258E-2,-6.524723759E-1,-3.248245239E-1,7.351316125E-1
2.383638196E1,-3.561305165E-2,-5.362270975E-1,-2.906990039E-1,6.109940265E-1
2.384636996E1,8.895749241E-2,-4.518894902E-1,-2.286179459E-1,5.141825668E-1
2.385635796E1,1.965176091E-1,-3.261635363E-1,-2.060161185E-1,4.329485699E-1
2.386634596E1,2.162361744E-1,-1.757211095E-1,-2.433003044E-1,3.699067850E-1
2.387633296E1,1.039874679E-1,-4.035719007E-2,-2.305305701E-1,2.560984968E-1
2.388632096E1,9.032603323E-2,-8.462616742E-2,-2.513536745E-1,2.801768195E-1
2.389630896E1,3.981544554E-2,-9.593058944E-2,-1.883926105E-1,2.151272261E-1
2.390629696E1,1.854152083E-2,-1.967003345E-2,-4.944054723E-2,5.634772330E-2
2.391628496E1,2.014395028E-2,7.613659501E-3,-3.754497170E-3,2.185961557E-2
2.392627196E1,4.386113405E-2,3.653252631E-2,3.526455760E-2,6.709704600E-2
2.393625996E1,3.189539194E-2,6.981517017E-2,2.166978121E-2,7.975621249E-2
2.394624796E1,2.602917284E-2,5.191742778E-2,-4.155265331E-2,7.141120460E-2
2.395623596E1,1.907507926E-2,3.963915199E-2,-5.638060749E-2,7.151149502E-2
2.396622396E1,-6.264414489E-3,3.886731952E-2,-7.733059645E-2,8.677518403E-2
2.397621096E1,-3.451260567E-2,2.624405801E-2,-5.723079264E-2,7.179995931E-2
2.398619896E1,-1.043002939E-1,1.373481721E-2,-3.105105400E-2,1.096875766E-1
2.399618696E1,-1.445683140E-1,5.096140802E-3,-1.595003486E-2,1.455347782E-1
2.400617496E1,-1.840481293E-1,5.383823812E-3,4.329512358E-2,1.891485321E-1
2.401616296E1,-1.972482187E-1,6.776338220E-3,9.725790739E-2,2.200269962E-1
2.402615096E1,-1.989848417E-1,2.220480144E-2,1.240176898E-1,2.355173196E-1
2.403613796E1,-1.755989027E-1,4.280454218E-2,8.530561388E-2,1.998605795E-1
2.404612596E1,-1.856985059E-1,3.489793718E-2,7.455258429E-2,2.031253036E-1
2.405611396E1,-1.531862327E-1,4.527119011E-2,7.548229158E-2,1.766722358E-1
2.406610196E1,-9.229946852E-2,4.504987299E-2,9.325256467E-2,1.387253537E-1
2.407608996E1,-6.978125632E-2,1.935457617E-2,1.046955657E-1,1.272995869E-1
2.408607696E1,-1.194662172E-1,6.663779318E-3,1.117952549E-1,1.637521359E-1
2.409606496E1,-1.770431650E-1,1.752410531E-2,1.001382458E-1,2.041544631E-1
2.410605296E1,-2.598906094E-1,5.302255154E-3,1.177319330E-1,2.853630158E-1
2.411604096E1,-2.587556648E-1,-2.541784644E-3,1.359957111E-1,2.923282200E-1
2.412602896E1,-2.479105416E-1,-9.278946519E-3,1.103357899E-1,2.715137603E-1
2.413601596E1,-2.477281085E-1,1.802111864E-3,5.767985880E-2,2.543608253E-1
2.414600396E1,-2.083447722E-1,-2.399054110E-2,1.518229544E-2,2.102702838E-1
2.415599196E1,-1.112906402E-1,-5.682733476E-2,1.537525356E-2,1.259021485E-1
2.416597996E1,1.959226549E-2,-2.945184052E-2,3.963652074E-2,5.312552638E-2
2.417596796E1,7.915200412E-2,2.434780598E-2,4.370735228E-2,9.363860345E-2
2.418595496E1,9.921380103E-2,4.651664704E-2,1.575766146E-2,1.107044744E-1
2.419594296E1,1.019622847E-1,7.153337449E-2,3.224680960E-2,1.286591929E-1
2.420593096E1,9.998680294E-2,8.270389527E-2,2.519682169E-2,1.321823546E-1
2.421591896E1,6.489152223E-2,5.961704135E-2,9.536224008E-3,8.863430964E-2
2.422590696E1,8.149936885E-2,6.864982009E-2,-2.987751782E-2,1.106689251E-1
2.423589396E1,9.822006673E-2,8.928815246E-2,-4.249522448E-2,1.393750328E-1
2.424588196E1,1.394771433E-1,1.148977876E-1,-6.278681695E-2,1.913048862E-1
2.425586996E1,1.699595556E-1,1.108319262E-1,-6.724064112E-2,2.137551642E-1
2.426585796E1,2.106172925E-1,1.046438178E-1,-4.738349676E-2,2.399065824E-1
2.427584596E1,2.406152630E-1,1.112619889E-1,-3.439741552E-2,2.673165112E-1
2.428583296E1,1.882274267E-1,9.398755968E-2,-5.460071504E-2,2.173579159E-1
2.429582096E1,1.436152178E-1,6.601009458E-2,-6.144546568E-2,1.695824538E-1
2.430580896E1,1.098314676E-1,1.073238891E-1,-6.171151400E-2,1.654982761E-1
2.431579696E1,7.189970255E-2,1.286942929E-1,-1.036945224E-1,1.802341317E-1
2.432578496E1,2.658261180E-2,1.052954900E-1,-1.040728372E-1,1.504158599E-1
2.433577196E1,3.759818137E-2,1.062453702E-1,-7.323462188E-2,1.344061449E-1
2.434575996E1,5.872797221E-2,1.423259068E-1,-4.728233993E-2,1.610629011E-1
2.435574796E1,9.591304779E-2,1.708512560E-1,-3.083996952E-2,1.983445692E-1
2.436573596E1,1.503860012E-1,2.378699952E-1,3.560369611E-3,2.814440623E-1
2.437572396E1,8.341813266E-2,2.621540666E-1,1.130839813E-1,2.974412989E-1
2.438571096E1,1.705691278E-2,2.779555821E-1,2.278373426E-1,3.598056400E-1
2.439569896E1,9.561074674E-2,3.566170049E-1,3.225844556E-1,4.902834222E-1
2.440568696E1,2.082374758E-1,4.340937817E-1,2.999721032E-1,5.672596587E-1
2.441567496E1,2.669867903E-1,5.151011074E-1,1.835271424E-1,6.085173038E-1
2.442566296E1,2.176710811E-1,5.971463138E-1,8.815963984E-2,6.416670022E-1
2.443564996E1,2.077319840E-1,6.897132924E-1,1.146960586E-1,7.293916566E-1
2.444563796E1,2.326168567E-1,7.389687753E-1,2.183250922E-1,8.048921038E-1
2.445562596E1,2.440873396E-1,7.024494052E-1,2.537311524E-1,7.857437839E-1
2.446561396E1,2.623505330E-1,6.596881324E-1,2.849009049E-1,7.649736988E-1
2.447560196E1,2.812390861E-1,6.861795276E-1,3.055930316E-1,8.020753510E-1
2.448558996E1,2.635568136E-1,6.506255329E-1,3.201759875E-1,7.715493769E-1
2.449557696E1,1.908428863E-1,5.662338388E-1,2.597058374E-1,6.515281187E-1
2.450556496E1,6.608143061E-2,4.559021419E-1,2.451702440E-1,5.218447729E-1
2.451555296E1,2.779766321E-3,3.863138437E-1,2.109043908E-1,4.401440389E-1
2.452554096E1,-1.274985373E-3,3.833168533E-1,1.612761480E-1,4.158646794E-1
2.453552896E1,6.984382153E-2,3.678851742E-1,1.221126670E-1,3.938643982E-1
2.454551596E1,8.245655805E-2,3.101044509E-1,8.468697846E-2,3.318670498E-1
2.455550396E1,1.187569499E-1,2.364517531E-1,8.888118625E-2,2.791281246E-1
2.456549196E1,1.972505575E-1,1.183187011E-1,1.294310421E-1,2.639308473E-1
2.457547996E1,2.028320172E-1,3.054234624E-2,1.163993526E-1,2.358441676E-1
2.458546796E1,1.243726158E-1,-2.386599541E-2,1.397075236E-1,1.885638498E-1
2.459545496E1,9.131158143E-2,-8.134412527E-2,1.883926105E-1,2.246028658E-1
2.460544296E1,5.473344684E-2,-5.260447562E-2,1.825810629E-1,1.977342297E-1
2.461543096E1,-5.760589153E-2,-3.977042198E-2,9.487867534E-2,1.179071170E-1
2.462541896E1,-1.983431098E-1,-7.003268659E-2,3.450851262E-2,2.131558205E-1
2.463540696E1,-2.360854250E-1,-8.703200430E-2,7.816265523E-2,2.634773204E-1
2.464539396E1,-2.237197334E-1,-7.016571075E-2,1.140177816E-1,2.607178563E-1
2.465538196E1,-2.207987568E-1,-5.212734282E-2,8.817952037E-2,2.434029143E-1
2.466536996E1,-2.014585063E-1,-7.341003835E-2,6.602792859E-2,2.243529604E-1
2.467535796E1,-9.777772486E-2,-7.501539141E-2,8.954426050E-2,1.523350485E-1
2.468534596E1,2.679895878E-2,-3.840246588E-2,8.295912623E-2,9.526358277E-2
2.469533296E1,8.056118309E-2,-2.493369699E-2,1.717444181E-2,8.606250588E-2
2.470532096E1,7.135649621E-2,-5.829235464E-2,-1.088605374E-1,1.426196507E-1
2.471530896E1,-8.131547391E-2,-1.340819174E-1,-2.039081973E-1,2.572328124E-1
2.472529696E1,-1.093540424E-1,-2.436142999E-1,-1.768198013E-1,3.202678189E-1
2.473528496E1,-5.553656191E-2,-3.244798306E-1,-1.859016967E-1,3.780620465E-1
2.474527196E1,-1.310244083E-2,-2.918778026E-1,-2.588398647E-1,3.903362668E-1
2.475525996E1,-7.335332036E-2,-3.370729789E-1,-3.165507138E-1,4.681914748E-1
2.476524796E1,-1.351057649E-1,-5.188146740E-1,-3.281510049E-1,6.285740336E-1
2.477523696E1,-1.464759681E-1,-5.563552603E-1,-3.122652894E-1,6.545960555E-1
2.478522496E1,-1.166440585E-1,-5.068591645E-1,-2.596859568E-1,5.813336781E-1
2.479521296E1,-9.402059644E-2,-5.273136020E-1,-2.160955489E-1,5.775783874E-1
2.480519996E1,-6.669246465E-2,-6.131931201E-1,-2.364099455E-1,6.605629036E-1
2.481518796E1,-2.563828647E-2,-6.962460941E-1,-3.392794257E-1,7.749364322E-1
2.482517596E1,1.714052796E-2,-6.857053185E-1,-4.162586045E-1,8.023445689E-1
2.483516396E1,2.075761557E-2,-6.462331045E-1,-4.411349988E-1,7.827184622E-1
2.484515196E1,-3.767653406E-2,-6.594519049E-1,-4.063200921E-1,7.754949086E-1
2.485513896E1,-3.892930001E-2,-7.006022698E-1,-3.509504682E-1,7.845541804E-1
2.486512696E1,-3.950115770E-2,-6.938440579E-1,-2.644900292E-1,7.435959210E-1
2.487511496E1,1.994719148E-2,-6.320196927E-1,-1.946064466E-1,6.616029409E-1
2.488510296E1,6.153083503E-2,-5.470380145E-1,-1.036155850E-1,5.601542845E-1
2.489509096E1,1.416394436E-1,-4.284243214E-1,-9.431441903E-2,4.609819311E-1
2.490507796E1,1.324365109E-1,-3.336769161E-1,-1.188651234E-1,3.781648203E-1
2.491506596E1,1.419616252E-1,-2.662678751E-1,-1.181312978E-1,3.240473544E-1
2.492505396E1,2.405997679E-1,-1.140622205E-1,-8.303104699E-2,2.789132360E-1
2.493504196E1,1.404606450E-1,3.627729535E-2,-1.132646602E-1,1.840492277E-1
2.494502996E1,-1.794861317E-2,8.154059172E-2,-6.530111969E-2,1.059964954E-1
2.495501696E1,-3.868137807E-2,1.009551018E-1,3.900852978E-2,1.149340985E-1
2.496500496E1,-3.514176607E-4,1.577955928E-1,8.217209101E-2,1.779095983E-1
2.497499296E1,-4.318168759E-3,2.232566339E-1,7.041567922E-2,2.341378633E-1
2.498498096E1,1.169413894E-2,2.440154189E-1,7.689380944E-2,2.561111779E-1
2.499496896E1,1.707971692E-2,2.851178366E-1,6.960876346E-2,2.939885668E-1
2.500495596E1,-2.079971552E-2,2.952165627E-1,5.538248777E-2,3.010858134E-1
2.501494396E1,-6.244826317E-3,2.418762150E-1,6.186120272E-2,2.497396838E-1
2.502493196E1,-3.156911731E-3,2.025668460E-1,9.106746018E-2,2.221183817E-1
2.503491996E1,-4.289225042E-3,1.867413568E-1,1.099329168E-1,2.167394242E-1
2.504490796E1,-5.919136405E-3,1.296520668E-1,1.058439589E-1,1.674742913E-1
2.505489496E1,2.786782980E-3,6.643314064E-2,1.049662918E-1,1.242539768E-1
2.506488296E1,-2.570202112E-2,4.474114001E-2,1.190645134E-1,1.297641008E-1
2.507487096E1,-5.922820151E-2,3.373521835E-2,1.268448186E-1,1.439987945E-1
2.508485896E1,-1.047271407E-1,1.512265384E-2,1.202655315E-1,1.601882228E-1
2.509484696E1,-1.561019468E-1,2.839758754E-2,1.213653928E-1,1.997593536E-1
2.510483396E1,-2.069890952E-1,4.136408061E-2,1.021771699E-1,2.345115067E-1
2.511482196E1,-2.185610273E-1,5.820026100E-2,1.131214035E-1,2.528886019E-1
2.512480996E1,-2.343438318E-1,6.830308020E-2,8.895486116E-2,2.597985943E-1
2.513479796E1,-2.263682297E-1,7.292764306E-2,8.429989278E-2,2.523241734E-1
2.514478596E1,-1.990702111E-1,7.613484085E-2,7.962504387E-2,2.275205717E-1
2.515477396E1,-1.400723898E-1,7.142666280E-2,7.678797483E-2,1.749812437E-1
2.516476096E1,-9.028510273E-2,8.869085938E-2,6.567241788E-2,1.425844830E-1
2.517474896E1,-4.116615236E-2,9.284910679E-2,5.913815439E-2,1.175284222E-1
2.518473696E1,2.813066214E-2,7.292793542E-2,3.801918089E-2,8.692109084E-2
2.519472496E1,9.162528455E-2,6.340369821E-2,-1.469288349E-2,1.123881779E-1
2.520471296E1,1.073165801E-1,8.436888993E-2,-4.738642037E-2,1.445006256E-1
2.521469996E1,1.285220924E-1,1.036243558E-1,-8.133126140E-2,1.840399669E-1
2.522468796E1,1.199708319E-1,1.089523387E-1,-6.745464921E-2,1.755384354E-1
2.523467596E1,1.070166180E-1,8.438146144E-2,-5.986905634E-2,1.488525830E-1
2.524466396E1,1.266153154E-1,6.621299297E-2,-5.320849299E-2,1.524688239E-1
2.525465196E1,1.540489894E-1,3.796070874E-2,-4.742676616E-2,1.655940962E-1
2.526463896E1,1.621429977E-1,-8.151018620E-4,-3.595102072E-2,1.660827865E-1
2.527462696E1,1.579979065E-1,-2.005565733E-2,-3.709532082E-2,1.635286846E-1
2.528461496E1,1.459704763E-1,-2.248751432E-2,-6.368553400E-2,1.608381655E-1
2.529460296E1,1.018389085E-1,-4.190407097E-3,-5.743076742E-2,1.169915204E-1
2.530459096E1,7.412193686E-2,-1.003236026E-2,-5.274890184E-2,9.152680712E-2
2.531457796E1,5.360318005E-2,1.453647047E-2,-3.341099024E-2,6.481438231E-2
2.532456596E1,3.341362149E-2,4.574335277E-2,-4.141582847E-3,5.679856628E-2
2.533455396E1,2.882940441E-2,7.568665177E-2,1.033495367E-2,8.164811744E-2
2.534454196E1,-2.987927198E-4,9.943073273E-2,3.397407711E-2,1.050752007E-1
2.535452996E1,-2.048104227E-2,1.228134558E-1,4.938792229E-2,1.339469480E-1
2.536451696E1,-2.366251230E-2,1.092677960E-1,5.486383975E-2,1.245367682E-1
2.537450496E1,-2.468080491E-2,1.016649538E-1,4.694495559E-2,1.146679285E-1
2.538449296E1,-3.177757055E-2,1.042617023E-1,5.636189640E-2,1.227068862E-1
2.539448096E1,-3.779932559E-3,8.912940055E-2,7.406375706E-2,1.159473072E-1
2.540446896E1,4.808750153E-3,5.974100232E-2,7.334396482E-2,9.471773124E-2
2.541445696E1,-1.535040289E-2,4.292704135E-2,4.332143605E-2,6.288968572E-2
2.542444396E1,-1.546325415E-2,2.586983621E-2,4.371963143E-3,3.045446956E-2
2.543443196E1,-1.173828542E-2,-9.308182597E-3,-1.608569026E-3,1.506708672E-2
2.544441996E1,-1.526561826E-2,-4.273788393E-2,-1.185113668E-2,4.690432031E-2
2.545440796E1,6.926026940E-4,-9.626124948E-2,3.015993834E-2,1.008777960E-1
2.546439596E1,8.312401772E-3,-1.375870308E-1,1.279955506E-2,1.384309058E-1
2.547438296E1,3.955933750E-2,-1.672847468E-1,-2.348475695E-2,1.734954221E-1
2.548437096E1,4.613453150E-2,-1.846872300E-1,-9.551426768E-3,1.906016728E-1
2.549435896E1,5.453347206E-2,-1.904037604E-1,-3.684213638E-2,2.014567809E-1
2.550434696E1,5.087194562E-2,-1.916609117E-1,-6.776513636E-2,2.095566120E-1
2.551433496E1,4.176812321E-2,-1.888065934E-1,-5.127481878E-2,2.000540249E-1
2.552432196E1,4.448649377E-2,-1.776644316E-1,-5.375286877E-2,1.908744857E-1
2.553430996E1,2.870719761E-2,-1.403153417E-1,-3.993297458E-2,1.486847025E-1
2.554429796E1,5.619758964E-3,-1.171238226E-1,-3.273856044E-2,1.217431100E-1
2.555428596E1,6.726636887E-3,-8.599909365E-2,-3.626501620E-2,9.357479977E-2
2.556427396E1,-8.908817768E-3,-7.483003467E-2,-5.580699563E-2,9.377271397E-2
2.557426096E1,-4.248294532E-3,-5.993454516E-2,-3.581244171E-2,6.994804280E-2
2.558424896E1,-6.980698407E-2,-4.677041620E-2,-4.589245677E-2,9.574238583E-2
2.559423696E1,-9.486405730E-2,-3.929679751E-2,-3.218307495E-2,1.076065889E-1
2.560422496E1,8.201012313E-3,-4.814421952E-2,-2.499216914E-2,5.486101525E-2
2.561421296E1,-2.553186715E-3,-2.850049853E-2,-2.245447755E-2,3.637307715E-2
2.562419996E1,-1.435140610E-2,-1.254754007E-2,2.989155114E-2,3.545290465E-2
2.563418796E1,7.479173541E-3,-2.007787675E-2,4.005108833E-2,4.542189833E-2
2.564417596E1,2.780731112E-2,-2.121252894E-2,2.016353846E-2,4.037061083E-2
2.565416396E1,3.081190288E-2,-1.176196665E-2,1.528520644E-2,3.635044366E-2
2.566415196E1,3.848637342E-2,1.343573213E-2,7.832345366E-3,4.150982379E-2
2.567413896E1,6.590806067E-2,2.802921295E-2,-6.455326080E-4,7.162350140E-2
2.568412696E1,8.802281499E-2,4.160761714E-2,-1.676045895E-2,9.879333351E-2
2.569411496E1,6.521370381E-2,3.406646311E-2,-1.502968311E-2,7.509488963E-2
2.570410296E1,3.549084485E-2,5.358329952E-2,-2.813095450E-3,6.433260108E-2
2.571409096E1,4.413624555E-2,7.784632087E-2,9.144460559E-3,8.995376036E-2
2.572407896E1,4.635321736E-2,8.408325344E-2,-6.075841784E-3,9.620566575E-2
2.573406596E1,4.649179637E-2,8.978224218E-2,2.100904584E-3,1.011274045E-1
2.574405396E1,5.653526634E-2,8.639027238E-2,3.748065233E-3,1.033129396E-1
2.575404196E1,5.193029165E-2,7.310539842E-2,9.588848948E-3,9.018370414E-2
2.576402996E1,3.698246956E-2,6.071573317E-2,2.369993448E-2,7.493857620E-2
2.577401721E1,2.723194510E-2,6.578673095E-2,1.078518927E-2,7.201245108E-2
2.578400421E1,3.400828332E-2,5.295969397E-2,1.914846182E-2,6.578720323E-2
2.579399221E1,1.487824023E-3,5.871452361E-2,-3.857408166E-3,5.885990572E-2
2.580398021E1,-1.693996847E-2,3.846532345E-2,-3.570309877E-3,4.218163999E-2
2.581396821E1,-3.311541349E-2,2.109499991E-2,2.345435143E-2,4.573550297E-2
2.582395621E1,-2.166714996E-2,1.999279976E-2,2.259948850E-2,3.714719787E-2
2.583394321E1,-3.041283041E-2,1.580326974E-2,2.281875908E-2,4.117498457E-2
2.584393121E1,-2.928636432E-2,2.455011964E-2,3.222575963E-2,4.998898971E-2
2.585391921E1,-3.289614290E-2,1.840528071E-2,2.654869795E-2,4.610579073E-2
2.586390721E1,-3.922955453E-2,3.767828822E-2,2.191711843E-2,5.864274407E-2
2.587389521E1,-1.699551702E-2,3.017777234E-2,7.835268974E-4,3.464331763E-2
2.588388221E1,-3.410388529E-3,2.059681714E-3,5.403996706E-3,6.713882564E-3
2.589387021E1,1.770069122E-2,2.946792036E-2,1.764104962E-3,3.442070404E-2
2.590385821E1,2.233841032E-2,4.059780300E-2,2.015593708E-2,5.053165328E-2
2.591384621E1,3.020145357E-2,2.856949568E-2,1.586758912E-2,4.449858723E-2
2.592383421E1,6.946024418E-2,2.956001401E-2,1.151959956E-2,7.636243267E-2
2.593382121E1,8.177828103E-2,1.236569166E-2,-1.784102440E-2,8.461028147E-2
2.594380921E1,7.850296319E-2,1.037763834E-2,-2.933665037E-2,8.444554258E-2
2.595379721E1,8.276850700E-2,1.333779126E-2,-2.715797782E-2,8.812535496E-2
2.596378521E1,5.563157916E-2,2.023750573E-2,-2.618032336E-2,6.472896237E-2
2.597377321E1,3.688218981E-2,-6.730437577E-3,-2.567687809E-2,4.544113537E-2
2.598376121E1,3.894859582E-2,-1.663795978E-2,-8.355086446E-3,4.316969182E-2
2.599374821E1,3.495231628E-2,-2.050793946E-2,3.031781316E-3,4.063781112E-2
2.600373621E1,1.221921891E-2,-3.518152714E-2,4.613453150E-3,3.752776455E-2
2.601372421E1,-4.347404838E-4,-4.458911240E-2,2.712991118E-2,5.219588130E-2
2.602371221E1,9.217550755E-3,-4.447743058E-2,2.684222817E-2,5.276087837E-2
2.603370021E1,2.938781351E-2,-5.820903182E-2,1.562668383E-2,6.705317454E-2
2.604368721E1,2.550789356E-2,-3.909769982E-2,-3.464475274E-3,4.681116698E-2
2.605367521E1,2.888378352E-2,-3.050843239E-2,-2.771931052E-2,5.033286772E-2
2.606366321E1,2.700536549E-2,-2.136631072E-2,-1.649324119E-2,3.818161866E-2
2.607365121E1,2.316959202E-2,-2.209867448E-2,-9.466057420E-3,3.338843589E-2
2.608363921E1,2.572833359E-2,-3.541687757E-2,4.834477901E-3,4.404173637E-2
2.609362621E1,-5.552808344E-3,-4.738992870E-2,-8.990678787E-3,4.855379828E-2
2.610361421E1,4.218766093E-3,-1.999426156E-2,-2.088625431E-3,2.054095516E-2
2.611360221E1,-7.105536461E-3,-1.390087813E-2,6.426674724E-3,1.688268963E-2
2.612359021E1,-1.512031496E-2,-7.769780159E-3,1.337082803E-2,2.162804777E-2
2.613357821E1,-8.234633803E-3,1.025280029E-2,1.746738732E-2,2.186409676E-2
2.614356521E1,-8.934545517E-3,2.650192022E-2,3.307945311E-2,4.331775730E-2
2.615355321E1,-5.070120692E-3,4.094512761E-2,-3.055754900E-3,4.137085008E-2
2.616354121E1,-1.064514846E-2,5.734510571E-2,9.044473171E-3,5.902188432E-2
2.617352921E1,-3.116858304E-3,4.994428486E-2,1.363044441E-2,5.186458725E-2
2.618351721E1,5.305178761E-3,6.123145759E-2,-1.095475852E-2,6.242950468E-2
2.619350421E1,3.607498169E-2,4.532703102E-2,-5.444927216E-3,5.818583399E-2
2.620349221E1,2.895131886E-2,2.990032196E-2,-9.785900116E-3,4.275478872E-2
2.621348021E1,1.321266085E-2,3.129429817E-2,-6.717281342E-3,3.462700353E-2
2.622346821E1,-2.157622576E-3,3.335339516E-2,2.478459299E-2,4.160985885E-2
2.623345621E1,2.317543924E-3,2.999387741E-2,2.788887978E-2,4.102186377E-2
2.624344321E1,-1.559715539E-2,1.908063412E-2,2.758248568E-2,3.698831397E-2
2.625343121E1,-1.169793963E-2,1.680782139E-2,2.916181862E-2,3.563364024E-2
2.626341921E1,-3.035406590E-2,-4.163217545E-4,2.191594899E-2,3.744130687E-2
2.627340721E1,-3.493535936E-2,-3.344314992E-3,1.628741920E-2,3.869035798E-2
2.628339521E1,-5.408352882E-2,-2.339587927E-2,1.581028640E-2,6.101114990E-2
2.629338321E1,-4.991534114E-2,-1.116087288E-2,1.884031355E-2,5.450746535E-2
2.630337021E1,-2.782163680E-2,-1.884557605E-3,7.223065495E-3,2.880568879E-2
2.631335821E1,1.805620193E-3,-3.898514092E-2,1.266273022E-2,4.102982103E-2
2.632334621E1,-2.367829978E-3,-4.767585754E-2,7.440581918E-3,4.831103674E-2
2.633333421E1,1.956653774E-2,-5.967960656E-2,-5.159583092E-3,6.301687183E-2
2.634332221E1,4.492795855E-2,-3.964412212E-2,-7.599041462E-3,6.039804061E-2
2.635330921E1,5.718343019E-2,-5.200425893E-2,-2.524067581E-2,8.131100387E-2
2.636329721E1,7.857429922E-2,-4.810387373E-2,-4.009084940E-2,1.004747698E-1
2.637328521E1,4.946364373E-2,-3.229709566E-2,-4.089834988E-2,7.185004845E-2
2.638327321E1,4.731128365E-2,-2.484598875E-2,-3.385771751E-2,6.326156616E-2
2.639326121E1,5.895309001E-2,-3.014502794E-2,-2.746144831E-2,7.168208057E-2
2.640324821E1,5.685481668E-2,-1.200550318E-2,-3.481198311E-2,6.773829385E-2
2.641323621E1,3.434508294E-2,-1.395759612E-2,-3.173751712E-2,4.880234835E-2
2.642322421E1,5.381952703E-2,2.403205633E-4,-1.372283041E-2,5.554201399E-2
2.643321221E1,4.438182861E-2,3.244093716E-2,-1.094130993E-2,5.605241634E-2
2.644320021E1,3.200064182E-2,4.486568570E-3,1.181137562E-2,3.440463586E-2
2.645318721E1,4.296592534E-2,1.563867062E-2,7.047064304E-3,4.626337508E-2
2.646317521E1,4.738934398E-2,7.972678542E-3,8.887767792E-3,4.887029713E-2
2.647316321E1,5.363358557E-2,-4.656137824E-3,-3.513591886E-3,5.394985124E-2
2.648315121E1,3.377527177E-2,-1.241539299E-2,-1.794627428E-2,4.021168645E-2
2.649313921E1,3.180008233E-2,4.768696725E-3,-2.767019391E-2,4.242199118E-2
2.650312621E1,1.983229369E-2,1.172366738E-3,-2.759476483E-2,3.400243172E-2
2.651311421E1,-7.691427469E-3,7.376262546E-3,-3.100778461E-3,1.109874465E-2
2.652310221E1,-1.366465062E-2,7.564835250E-3,2.459514320E-2,2.913538189E-2
2.653309021E1,-4.887658328E-2,1.355092227E-3,3.453891814E-2,5.986395856E-2
2.654307821E1,-4.063054740E-2,-3.735786080E-3,3.887228966E-2,5.635470152E-2
2.655306621E1,-2.572014749E-2,-2.593240142E-2,2.954831958E-2,4.697998106E-2
2.656305321E1,-3.698363900E-3,-2.512840927E-2,2.612945259E-2,3.643985648E-2
2.657304121E1,-1.812812269E-2,-3.027483612E-2,5.297577381E-4,3.529129039E-2
2.658302921E1,-7.208739817E-3,-2.558741570E-2,-1.045482159E-2,2.856545232E-2
2.659301721E1,1.326148510E-3,-3.088265419E-2,-1.918880761E-2,3.638278902E-2
2.660300521E1,-5.350202322E-5,-2.855312347E-2,-2.484364986E-2,3.784825836E-2
2.661299221E1,3.241374761E-2,-1.927710056E-2,-4.125795364E-3,3.793784163E-2
2.662298021E1,2.655512989E-2,-2.387885928E-2,1.277616620E-2,3.792895024E-2
2.663296821E1,3.498506069E-2,-1.000867903E-2,-1.544892848E-2,3.953223392E-2
2.664295621E1,2.387184262E-2,5.866219103E-3,-1.935896158E-2,3.128972340E-2
2.665294421E1,2.359117627E-2,1.416838825E-2,-1.314278662E-2,3.049622376E-2
2.666293121E1,5.875867009E-3,2.616745949E-2,-1.559803247E-2,3.102515699E-2
2.667291921E1,6.145423651E-4,3.158402771E-2,2.619552612E-3,3.169843095E-2
2.668290721E1,8.487525880E-3,2.522868901E-2,1.453676283E-2,3.032890236E-2
2.669289521E1,3.377205580E-2,2.549298316E-2,4.672510028E-3,4.257083854E-2
2.670288321E1,3.312769264E-2,6.945030391E-3,9.450269938E-3,3.514235434E-2
2.671287021E1,2.967812777E-2,-5.082107484E-3,2.129555941E-3,3.018532910E-2
2.672285821E1,3.672986984E-2,-1.757146776E-2,-9.568383694E-3,4.182575504E-2
2.673284621E1,4.028059155E-2,-4.954521239E-2,-1.161140084E-2,6.490052970E-2
2.674283421E1,2.886419535E-2,-4.330184788E-2,-2.138034403E-2,5.626109591E-2
2.675282221E1,4.552057385E-2,-5.654286772E-2,-3.518737435E-2,8.066827039E-2
2.676280921E1,4.295744687E-2,-5.232205510E-2,-2.200190306E-2,7.118302768E-2
2.677279758E1,2.316462189E-2,-2.962316394E-2,-2.210832238E-2,4.362235055E-2
2.678278558E1,1.560095608E-2,-6.199218035E-3,-1.698031425E-3,1.687315755E-2
2.679277358E1,-2.380781561E-2,1.666602641E-2,2.254744828E-2,3.678254946E-2
2.680276158E1,-3.409394503E-2,1.863098323E-2,2.412093401E-2,4.573106254E-2
2.681274858E1,-2.978337765E-2,1.680899084E-2,2.649607301E-2,4.326238137E-2
2.682273658E1,-3.087885350E-2,3.473713875E-2,3.457867920E-2,5.792976314E-2
2.683272458E1,-2.678404838E-2,4.402690262E-2,1.421165764E-2,5.345768995E-2
2.684271258E1,-1.177483052E-2,4.649501234E-2,2.017347872E-2,5.203270174E-2
2.685270058E1,2.259071767E-3,1.345122725E-2,4.376640916E-3,1.432459093E-2
2.686268858E1,8.426714838E-3,2.750530243E-3,-2.178672552E-3,9.128064070E-3
2.687267558E1,3.399454236E-2,-1.160789251E-2,-3.253156900E-2,4.846313094E-2
2.688266358E1,5.370258272E-2,-6.697985530E-3,-2.727141380E-2,6.060165354E-2
2.689265158E1,5.551580429E-2,6.769321561E-3,-1.927710056E-2,5.915602122E-2
2.690263958E1,7.106442779E-2,-8.028811812E-3,-2.719189167E-2,7.651152651E-2
2.691262758E1,6.943130046E-2,-3.389221609E-2,-2.989505947E-2,8.284384332E-2
2.692261458E1,4.096237689E-2,-2.347481668E-2,-2.097279310E-2,5.166083032E-2
2.693260258E1,4.518085063E-2,-1.281066477E-2,8.007761836E-3,4.763975908E-2
2.694259058E1,6.284587383E-2,-7.989635468E-3,2.409052849E-3,6.339748945E-2
2.695257858E1,9.522775412E-3,1.712620229E-2,-2.183174908E-2,2.933624591E-2
2.696256658E1,-1.167718202E-2,9.172527194E-3,5.232088566E-3,1.574377927E-2
2.697255358E1,5.819733739E-3,2.930624485E-3,2.930624485E-2,3.002188948E-2
2.698254158E1,-2.310819626E-2,3.186703295E-2,2.811048925E-2,4.837040551E-2
2.699252958E1,-2.074445933E-2,6.311659992E-2,1.341994464E-2,6.778003166E-2
2.700251758E1,-2.626276910E-2,3.849982202E-2,3.029617846E-2,5.558621921E-2
2.701250558E1,-3.716841102E-2,3.016753972E-2,4.671983778E-2,6.689031673E-2
2.702249258E1,-2.470682502E-2,1.274079055E-2,4.604916215E-2,5.378922086E-2
2.703248058E1,-2.598824233E-2,1.064134777E-2,1.636401772E-2,3.250243218E-2
2.704246858E1,-2.094384938E-2,2.985003591E-3,1.375382066E-2,2.523336395E-2
2.705245658E1,-1.207128435E-2,1.914115280E-2,1.199205458E-2,2.561072060E-2
2.706244458E1,-2.009980381E-3,-6.548296809E-3,4.121117592E-3,7.993986642E-3
2.707243258E1,2.450948149E-2,-2.109850824E-2,-3.331743479E-3,3.251095581E-2
2.708241958E1,4.240839332E-2,-5.843970448E-2,5.776464343E-3,7.243644403E-2
2.709240758E1,3.938596755E-2,-3.877698004E-2,4.120532870E-3,5.542461017E-2
2.710239558E1,6.608435422E-2,-3.061455935E-2,-1.660199940E-2,7.469952812E-2
2.711238358E1,6.603582233E-2,-4.154417485E-2,-2.579966962E-2,8.217220484E-2
2.712237158E1,7.630294830E-2,-3.662812829E-2,-2.604934573E-2,8.855692019E-2
2.713235858E1,7.037533343E-2,-3.400126666E-2,-2.924543381E-2,8.345099813E-2
2.714234658E1,5.417942315E-2,2.288015485E-3,-2.327835023E-2,5.901293500E-2
2.715233458E1,3.387262791E-2,1.227067441E-2,-2.984360397E-2,4.678210203E-2
2.716232258E1,1.471276402E-2,2.957814038E-2,-2.177853942E-2,3.956812597E-2
2.717231058E1,1.053902149E-2,3.772506595E-2,4.323431253E-3,3.940740581E-2
2.718229758E1,-2.100933820E-2,1.597927094E-2,2.776550353E-2,3.830995402E-2
2.719228558E1,-1.261449069E-2,1.522965789E-2,2.796840191E-2,3.425345764E-2
2.720227358E1,-6.957601905E-3,4.657599628E-3,2.396364391E-2,2.538420154E-2
2.721226158E1,-3.987508714E-3,2.221678823E-2,1.382866502E-2,2.647107632E-2
2.722224958E1,-1.254637063E-2,3.473363042E-2,1.054369926E-2,3.840580805E-2
2.723223658E1,6.781015992E-3,2.425892830E-2,2.343914866E-2,3.440743336E-2
2.724222458E1,2.230975896E-2,1.426983744E-2,2.949861825E-2,3.964242782E-2
2.725221258E1,1.662187994E-2,2.105640829E-2,2.822334051E-2,3.893862057E-2
2.726220058E1,2.308042198E-2,1.742821097E-2,-2.992604971E-3,2.907583363E-2
2.727218858E1,2.321520030E-2,1.755538791E-2,-1.659147441E-2,3.350245056E-2
2.728217558E1,3.656088531E-2,9.036579430E-3,-2.142887592E-2,4.333076073E-2
2.729216358E1,1.522965789E-2,1.273289680E-2,-1.360530138E-2,2.406602099E-2
2.730215158E1,6.194540262E-3,1.551792562E-2,1.591729045E-2,2.307679527E-2
2.731213958E1,-7.442920804E-3,1.150059611E-2,1.471100986E-2,2.010160670E-2
2.732212758E1,-1.523258150E-2,4.378687441E-3,5.893993378E-4,1.586038569E-2
2.733211558E1,-1.242153257E-2,1.091762871E-2,5.305178761E-3,1.736761382E-2
2.734210258E1,-1.851520836E-3,6.676935554E-3,1.802696586E-2,1.931271850E-2
2.735209058E1,1.127898663E-2,-2.632913500E-2,6.847674251E-3,2.945045894E-2
2.736207858E1,1.260542750E-2,-3.751748979E-2,-7.506655455E-3,4.028410008E-2
2.737206658E1,4.184501410E-2,-5.013519645E-2,4.385411739E-3,6.545055358E-2
2.738205458E1,5.561140627E-2,-6.231319249E-2,-1.110970974E-2,8.425549309E-2
2.739204158E1,4.664265454E-2,-4.814597368E-2,-1.885493159E-2,6.963533909E-2
2.740202958E1,5.837333858E-2,-6.359782577E-2,-2.057518244E-2,8.874383489E-2
2.741201758E1,4.175262809E-2,-4.861433566E-2,-1.648680925E-2,6.616986068E-2
2.742200558E1,3.019034386E-2,-3.245906353E-2,-2.063073099E-2,4.889452657E-2
2.743199358E1,1.837282866E-2,-1.311735123E-2,-1.353279591E-2,2.632037807E-2
2.744198058E1,4.013821185E-3,1.028203636E-2,1.879295111E-3,1.119655226E-2
2.745196858E1,6.462635100E-3,1.160876960E-2,1.116350412E-2,1.735376064E-2
2.746195658E1,1.278610647E-2,1.727764517E-2,1.372166097E-2,2.550069648E-2
2.747194458E1,1.244959921E-2,2.184432060E-2,1.308080614E-2,2.834209505E-2
2.748193258E1,2.055120885E-2,1.121612906E-2,-6.092798710E-3,2.419247678E-2
2.749191958E1,4.179238915E-2,1.243322700E-2,1.992731094E-3,4.364813744E-2
2.750190758E1,7.076885104E-3,7.285630703E-3,-8.166221380E-3,1.303264705E-2
2.751189558E1,3.386999667E-2,-9.588556588E-3,-1.074718237E-3,3.521749723E-2
2.752188358E1,3.838521659E-2,2.362158179E-2,-1.893328428E-3,4.511084872E-2
2.753187158E1,1.951625168E-2,4.393305480E-3,-5.795175433E-3,2.082712825E-2
2.754185958E1,2.768598139E-2,9.478336573E-3,5.565964580E-3,2.978812501E-2
2.755184658E1,3.375889957E-2,1.462008566E-2,-2.654635906E-4,3.678968165E-2
2.756183458E1,6.467312872E-3,3.285959780E-2,3.220061660E-3,3.364443640E-2
2.757182258E1,1.893416137E-2,3.554230034E-2,1.148451626E-2,4.187662467E-2
2.758181058E1,1.729635626E-2,1.417365074E-2,1.006598175E-2,2.452305657E-2
2.759179858E1,1.600090563E-3,-4.398860335E-3,-3.933421969E-3,6.114087867E-3
2.760178558E1,1.681659222E-3,1.458880305E-3,-3.707719445E-3,4.324753515E-3
2.761177358E1,6.685706377E-3,-2.797307968E-3,4.648536444E-3,8.610022805E-3
2.762176158E1,1.188388109E-2,-1.172717571E-2,3.608316779E-3,1.708137085E-2
2.763174958E1,2.082251966E-2,-3.783528596E-2,-1.567170739E-2,4.594223113E-2
2.764173758E1,2.998072118E-2,-4.180057526E-2,-2.670014083E-2,5.795713290E-2
2.765172458E1,1.884616077E-2,-3.400038958E-2,-2.854610682E-2,4.822949804E-2
2.766171258E1,2.289331108E-2,-3.036429852E-2,-6.548296809E-3,3.858723245E-2
2.767170058E1,1.925575823E-2,-4.290189832E-2,2.072253227E-3,4.707070573E-2
2.768168858E1,9.095636308E-3,-3.305021703E-2,-1.549979925E-2,3.762035649E-2
2.769167658E1,4.929787517E-3,-1.536297441E-2,1.334626973E-2,2.093911897E-2
2.770166358E1,-8.453612030E-3,1.053872913E-2,2.381278574E-2,2.737840633E-2
2.771165158E1,-2.743484348E-2,2.147974670E-2,3.013771892E-2,4.606877746E-2
2.772163958E1,-3.416966647E-2,1.033963144E-2,4.259579659E-2,5.557765713E-2
2.773162758E1,-2.946441203E-2,2.397124529E-2,4.676018357E-2,6.024356351E-2
2.774161558E1,-2.166334927E-2,1.512791634E-2,4.256539106E-2,5.009957156E-2
2.775160358E1,-3.231931508E-2,1.869705677E-2,3.907518804E-2,5.404616896E-2
2.776159058E1,-2.139817804E-2,1.747440398E-2,2.089034736E-2,3.463586913E-2
2.777157846E1,-2.051495612E-2,1.842457652E-3,3.648662567E-4,2.060075732E-2
2.778156646E1,1.231657505E-2,4.502940774E-3,6.309145689E-4,1.312907269E-2
2.779155446E1,1.285071820E-2,5.391132832E-4,-6.013861299E-3,1.419852560E-2
2.780154246E1,2.186449349E-2,7.281537652E-3,-5.816225410E-3,2.376773746E-2
2.781152946E1,4.040952265E-2,-8.184347749E-3,-9.218720198E-3,4.224805168E-2
2.782151746E1,6.061779231E-2,1.086997390E-3,-2.062956154E-2,6.404121421E-2
2.783150546E1,5.769213796E-2,-6.982744932E-3,-5.327982903E-3,5.835690971E-2
2.784149346E1,5.850607038E-2,-1.380966157E-2,-5.775879622E-3,6.039062683E-2
2.785148146E1,5.978485644E-2,-2.197091281E-2,-6.536017656E-3,6.402866230E-2
2.786146846E1,5.040767670E-2,-1.330767810E-2,-1.953203917E-2,5.567341125E-2
2.787145646E1,2.840811253E-2,-8.468522429E-3,-3.725378036E-2,4.760862192E-2
2.788144446E1,2.782631457E-2,-9.995815158E-4,-2.253750801E-2,3.582237029E-2
2.789143246E1,1.839095503E-2,5.949249566E-3,-3.722337484E-3,1.968442516E-2
2.790142046E1,1.172162086E-2,-1.440812409E-2,-1.527818978E-2,2.405022907E-2
2.791140746E1,1.753053725E-2,-3.216553330E-3,-9.806365371E-3,2.034283051E-2
2.792139546E1,1.223091334E-2,2.453520924E-2,-1.228441536E-2,3.004128150E-2
2.793138346E1,1.267500937E-2,1.502442062E-2,7.823574543E-4,1.967234507E-2
2.794137146E1,7.337963283E-3,-5.993396044E-5,-1.179792702E-2,1.389389719E-2
2.795135946E1,-7.355212569E-3,1.859122217E-3,3.406587839E-3,8.316268879E-3
2.796134746E1,4.102114141E-3,-6.346567869E-3,1.312758386E-2,1.514726781E-2
2.797133446E1,1.745920122E-2,-9.552596211E-3,8.148679733E-3,2.150527337E-2
2.798132246E1,1.085477114E-2,-1.019052744E-2,5.306932926E-3,1.580621533E-2
2.799131046E1,4.360268712E-3,-9.261697233E-3,2.078919053E-2,2.317285959E-2
2.800129846E1,3.708596528E-3,-2.087163627E-3,1.835499465E-2,1.884186214E-2
2.801128646E1,-4.767234921E-3,6.347737312E-3,2.966117084E-2,3.070513562E-2
2.802127346E1,-1.901748419E-2,-4.029608667E-3,2.307720602E-2,3.017382787E-2
2.803126146E1,-1.191399425E-2,2.452585369E-2,2.020563841E-2,3.393712690E-2
2.804124946E1,-9.799348712E-3,5.844292045E-3,2.494363725E-2,2.742932781E-2
2.805123746E1,1.886487186E-2,2.593795627E-2,6.830717325E-3,3.279206711E-2
2.806122546E1,-2.549970746E-3,3.462136388E-2,-3.313032389E-3,3.487287443E-2
2.807121246E1,-1.444554627E-3,1.960571408E-3,1.291182160E-2,1.313947166E-2
2.808120046E1,-8.315325379E-3,1.350355983E-2,2.273397446E-2,2.771866445E-2
2.809118846E1,-1.529163837E-2,2.252347469E-2,2.410339236E-2,3.636089438E-2
2.810117646E1,-1.231540561E-2,2.649753481E-2,1.369476378E-2,3.226972453E-2
2.811116446E1,4.739168286E-4,1.890521765E-2,3.609486222E-3,1.925253859E-2
2.812115146E1,1.412277997E-2,8.206567168E-3,4.492415786E-3,1.694055661E-2
2.813113946E1,1.819770455E-2,-1.908560425E-2,-9.905183315E-4,2.638935140E-2
2.814112746E1,3.132470369E-2,-3.622876346E-2,-5.030359626E-3,4.815667016E-2
2.815111546E1,3.417492896E-2,-5.671711475E-2,-1.011568308E-2,6.698569936E-2
2.816110346E1,5.335613519E-2,-5.007263124E-2,-2.995645523E-2,7.906664766E-2
2.817109146E1,6.198750257E-2,-5.415983498E-2,-4.039256573E-2,9.169131675E-2
2.818107846E1,4.289137334E-2,-4.008324802E-2,-3.372732460E-2,6.770427685E-2
2.819106646E1,4.666867465E-2,-1.089482456E-2,-3.072127104E-2,5.692502868E-2
2.820105446E1,3.122296214E-2,-6.848258972E-3,-3.179248095E-2,4.508363185E-2
2.821104246E1,2.902470142E-2,3.928451836E-3,-8.118858933E-3,3.039378056E-2
2.822103046E1,1.056182563E-2,2.570552945E-2,2.699659467E-3,2.792157887E-2
2.823101746E1,8.190194964E-3,1.668766111E-2,1.052557290E-2,2.136223330E-2
2.824100546E1,1.824331284E-4,1.297731042E-2,-7.379186153E-3,1.492971051E-2
2.825099346E1,1.069251090E-2,2.239600539E-2,-1.555885613E-2,2.929144672E-2
2.826098146E1,1.985597491E-2,1.485602081E-2,-4.275484085E-3,2.516427742E-2
2.827096946E1,3.319464326E-3,1.593483210E-2,-7.651666403E-3,1.798570866E-2
2.828095646E1,1.081442535E-3,7.117230892E-3,1.113719165E-2,1.326127940E-2
2.829094446E1,1.589273214E-2,7.026599050E-3,2.067984760E-2,2.701125924E-2
2.830093246E1,1.795241386E-2,-1.399238706E-2,8.621134758E-3,2.433926916E-2
2.831092046E1,2.345172018E-2,-1.650961339E-2,1.667625904E-2,3.317601738E-2
2.832090846E1,1.269284338E-2,-6.819899976E-3,1.276330233E-2,1.924892711E-2
2.833089546E1,-3.844544291E-3,-6.365863681E-3,1.676806033E-2,1.834318915E-2
2.834088346E1,-4.872777164E-3,-1.557873666E-2,-9.706377983E-4,1.635185406E-2
2.835087146E1,7.276859879E-4,-7.910405695E-3,1.157163978E-3,8.027644339E-3
2.836085946E1,-1.977031320E-2,-1.168332160E-2,3.286135197E-3,2.319836141E-2
2.837084746E1,-1.861899644E-2,2.856657207E-3,9.366070032E-3,2.103689109E-2
2.838083546E1,-8.058340251E-3,-2.558741570E-3,1.776267171E-2,1.967222693E-2
2.839082246E1,-6.099815369E-3,-1.211835444E-3,1.814507961E-2,1.918124623E-2
2.840081046E1,-1.656048417E-2,1.670607984E-2,1.258730114E-2,2.667925954E-2
2.841079846E1,-2.264568150E-2,2.067984760E-2,7.475665212E-3,3.156530623E-2
2.842078646E1,-1.573076427E-2,1.544775903E-2,1.146638989E-3,2.207725039E-2
2.843077446E1,3.107502759E-3,-1.131436229E-2,-1.478117645E-2,1.887205724E-2
2.844076146E1,1.666982710E-2,-2.311989069E-3,-1.625409007E-2,2.339709113E-2
2.845074946E1,4.465986371E-2,-1.966506332E-2,-1.843393207E-2,5.216347375E-2
2.846073746E1,6.165625781E-2,-2.614348590E-2,-1.342579186E-2,6.830247338E-2
2.847072546E1,6.807620823E-2,-4.087466866E-2,-2.785555065E-2,8.414891780E-2
2.848071346E1,7.820650935E-2,-2.875485241E-2,-3.874774396E-2,9.189389155E-2
2.849070046E1,6.168841749E-2,-3.084727854E-2,-2.936588645E-2,7.496246216E-2
2.850068846E1,6.662229806E-2,-2.399814248E-2,-4.128718972E-2,8.196995472E-2
2.851067646E1,4.729725033E-2,-1.460166693E-2,-1.607867360E-2,5.204577130E-2
2.852066446E1,4.518114299E-2,5.002585351E-3,3.173868656E-3,4.556791617E-2
2.853065246E1,2.843617916E-2,1.116964370E-2,4.389914095E-2,5.348375269E-2
2.854063946E1,2.829993904E-2,6.550928056E-3,1.306075019E-1,1.337988070E-1
2.855062746E1,7.404738486E-2,-3.066279888E-2,1.210005265E-1,1.451356258E-1
2.856061546E1,6.875156164E-2,-2.083187521E-2,-9.983536005E-3,7.252872013E-2
2.857060346E1,1.299251318E-3,4.128134251E-4,-8.506295443E-2,8.507387780E-2
2.858059146E1,-1.631870180E-2,5.875867009E-3,-7.169621944E-2,7.376431200E-2
2.859057946E1,-9.001496136E-3,1.719636887E-2,-3.884597719E-2,4.342524587E-2
2.860056646E1,-2.323215723E-2,2.093478620E-2,-9.416356087E-3,3.265985555E-2
2.861055446E1,-3.114519417E-2,7.797554433E-3,9.138028622E-3,3.338155991E-2
2.862054246E1,-2.091549039E-2,1.771004677E-2,1.700136423E-2,3.225135471E-2
2.863053046E1,-1.729752570E-2,1.473001331E-2,1.534543276E-2,2.741641833E-2
2.864051846E1,-3.075986266E-2,1.385322332E-2,-4.995861053E-3,3.410336604E-2
2.865050546E1,-3.406938672E-2,2.271058559E-3,-7.634124756E-3,3.498800765E-2
2.866049346E1,2.130140662E-3,3.878458142E-3,-1.092903078E-2,1.179082908E-2
2.867048146E1,1.577754200E-2,-8.192533851E-3,5.688756108E-3,1.866575443E-2
2.868046946E1,2.846570760E-2,-5.063104033E-3,2.123591781E-2,3.587332904E-2
2.869045746E1,6.410887241E-3,7.488236725E-3,1.460049748E-3,9.965184883E-3
2.870044446E1,-3.074027449E-2,2.770586193E-2,-4.098722756E-2,5.824544689E-2
2.871043246E1,-2.302399635E-2,2.399785012E-2,-2.060792685E-2,3.912400628E-2
2.872042046E1,-8.222062290E-3,9.241524339E-3,-8.963781595E-4,1.240207943E-2
2.873040846E1,1.827839613E-2,-6.822823584E-3,1.366143465E-2,2.381775563E-2
2.874039646E1,2.414695412E-2,-2.513601065E-2,3.329696953E-2,4.820355386E-2
2.875038446E1,4.880787849E-2,-2.422501445E-2,5.258985758E-3,5.474228036E-2
2.876037146E1,7.160354108E-2,-2.213288069E-2,-2.769241333E-2,7.989869372E-2
2.877035946E1,5.222236007E-2,-2.356895685E-2,-3.309407115E-2,6.616561164E-2
2.878034696E1,2.678054005E-2,-1.410436124E-2,-5.109297037E-3,3.069585065E-2
2.879033496E1,3.307711422E-2,-1.300099164E-2,-1.141084135E-2,3.732731666E-2
2.880032296E1,3.994116068E-2,-2.512256205E-2,-1.938995183E-2,5.101381844E-2
2.881030996E1,4.957941860E-2,-3.705380559E-3,-2.261469126E-2,5.461934506E-2
2.882029796E1,2.072604060E-2,3.810338080E-3,-1.996239424E-2,2.902730816E-2
2.883028596E1,2.531552017E-3,2.186741710E-2,-1.900754392E-2,2.908400612E-2
2.884027396E1,-1.329715312E-2,1.539308757E-2,-1.301473260E-2,2.414838898E-2
2.885026196E1,-2.902879447E-2,2.504245520E-2,2.182180882E-2,4.411334050E-2
2.886024896E1,-4.790360659E-2,4.755832851E-2,3.249414682E-2,7.491608448E-2
2.887023696E1,-3.142586052E-2,2.899254173E-2,5.182504177E-2,6.718621243E-2
2.888022496E1,-3.475117207E-2,8.859993517E-3,6.756048381E-2,7.648896926E-2
2.889021296E1,-2.564647257E-2,9.358468652E-4,4.075860143E-2,4.816514253E-2
2.890020096E1,-2.075878501E-2,-3.589020967E-3,2.840343475E-2,3.536330488E-2
2.891018796E1,1.348075569E-2,-1.908589661E-2,1.938118100E-2,3.035839917E-2
2.892017596E1,1.714023560E-2,-1.983521730E-2,-1.055831730E-2,2.826130899E-2
2.893016396E1,2.050209224E-2,-4.404678315E-2,-2.007407606E-2,5.256827391E-2
2.894015196E1,5.583447754E-2,-4.090419710E-2,-2.423787832E-2,7.333564596E-2
2.895013996E1,6.251199782E-2,-2.832771331E-2,-3.188720584E-2,7.567696551E-2
2.896012796E1,6.421646118E-2,-1.779132307E-2,-4.150762975E-2,7.850584940E-2
2.897011496E1,3.482601643E-2,-1.537788481E-2,-3.382263422E-2,5.092446707E-2
2.898010296E1,3.490875453E-2,1.343719393E-2,-3.639248550E-2,5.218804771E-2
2.899009096E1,3.769085974E-2,3.296163172E-2,-2.105231524E-2,5.431638841E-2
2.900007896E1,-6.341597736E-3,4.222040534E-2,-1.841639042E-2,4.649668725E-2
2.901006696E1,-5.447266102E-3,4.366554469E-2,1.732529998E-3,4.403809897E-2
2.902005396E1,-9.035117626E-3,5.848443568E-2,5.382946730E-3,5.942254355E-2
2.903004196E1,-1.811350465E-2,3.781862140E-2,3.186264753E-2,5.266474611E-2
2.904002996E1,-2.310468793E-2,1.937270254E-2,5.624962986E-2,6.382122740E-2
2.905001796E1,-1.095768213E-2,1.161841750E-2,2.579440713E-2,3.033825740E-2
2.906000596E1,8.915542066E-3,-1.034781754E-2,2.648788691E-3,1.391331376E-2
2.906999296E1,2.956352234E-2,-1.624356508E-2,-3.803029060E-3,3.394581402E-2
2.907998096E1,5.878849089E-2,-4.507033825E-2,-3.508212447E-2,8.196448931E-2
2.908996896E1,6.167087585E-2,-4.665551841E-2,-3.705439031E-2,8.574999806E-2
2.909995696E1,7.165733546E-2,-4.014025837E-2,-1.977177501E-2,8.448039509E-2
2.910994496E1,6.794464588E-2,-4.389417082E-2,-1.913501322E-2,8.312233074E-2
2.911993296E1,6.045991749E-2,-5.382040411E-2,-4.538725734E-2,9.280108108E-2
2.912991996E1,5.146631509E-2,-3.205531329E-2,-2.578212798E-2,6.588659061E-2
2.913990796E1,4.990715504E-2,-1.056357980E-2,-3.556393504E-2,6.218606611E-2
2.914989596E1,2.368180811E-2,2.081608772E-3,-1.684115052E-2,2.913392321E-2
2.915988396E1,5.342016220E-3,2.396276683E-2,7.430641651E-3,2.565084339E-2
2.916987196E1,-1.068110883E-2,4.553168356E-2,-1.333165169E-3,4.678672486E-2
2.917985896E1,-2.458695710E-2,5.387361377E-2,2.324034333E-2,6.361602219E-2
2.918984696E1,-4.816234589E-2,3.197842240E-2,3.058503091E-2,6.540393854E-2
2.919983496E1,-5.063250214E-2,1.990538388E-2,3.611591220E-2,6.530110025E-2
2.920982296E1,-5.425543696E-2,2.434078932E-2,4.901311576E-2,7.706109252E-2
2.921981096E1,-6.574521571E-2,1.846433759E-2,4.684496820E-2,8.281193270E-2
2.922979796E1,-4.254463345E-2,1.037705362E-2,3.162057281E-2,5.401471745E-2
2.923978596E1,-3.568263352E-2,-5.532343090E-3,3.771454096E-2,5.221344419E-2
2.924977396E1,-2.526260287E-2,-1.222682029E-2,3.788820326E-2,4.715092984E-2
2.925976196E1,8.127629757E-5,-2.427354634E-2,1.601318479E-2,2.907978240E-2
2.926974996E1,2.772018760E-2,-1.863829225E-2,4.003003836E-3,3.364251445E-2
2.927973796E1,2.721089512E-2,-1.830529332E-2,-1.380176783E-2,3.558096924E-2
2.928972496E1,6.391152889E-2,-5.877036452E-3,-2.919807136E-2,7.051064071E-2
2.929971296E1,5.401482403E-2,-7.654590011E-3,-3.490904689E-2,6.476754989E-2
2.930970096E1,6.323822200E-2,-2.281349659E-2,-2.267257869E-2,7.094768617E-2
2.931968896E1,8.519188553E-2,-1.372663110E-2,-2.071083784E-2,8.874129008E-2
2.932967696E1,9.159254014E-2,-4.367870092E-4,-4.118954122E-2,1.004288928E-1
2.933966396E1,8.336346120E-2,6.283417940E-3,-5.682850420E-2,1.010862349E-1
2.934965196E1,7.631230384E-2,-1.457710862E-3,-4.326237917E-2,8.773440653E-2
2.935963996E1,7.228795767E-2,3.512422442E-3,-2.597859442E-2,7.689455965E-2
2.936962796E1,7.301476657E-2,-7.518934608E-3,-1.816963792E-2,7.561630947E-2
2.937961596E1,6.467078984E-2,-1.975306392E-2,-2.841688335E-2,7.334857771E-2
2.938960296E1,3.790223658E-2,-1.307349712E-2,-3.054234624E-2,5.040169420E-2
2.939959096E1,3.441495717E-2,1.194410741E-2,-1.091675162E-3,3.644506459E-2
2.940957896E1,1.234844238E-2,5.570057631E-3,2.405193686E-2,2.760444236E-2
2.941956696E1,-4.366291344E-2,-4.021714926E-3,2.580025434E-2,5.087511499E-2
2.942955496E1,-6.982101738E-2,-2.203523219E-3,6.023918509E-2,9.224201539E-2
2.943954196E1,-7.946219891E-2,-2.179257274E-2,9.510028481E-2,1.258301294E-1
2.944952996E1,-7.597901255E-2,-1.177980065E-2,6.411355019E-2,1.001105457E-1
2.945951796E1,-6.787097096E-2,-6.816099286E-3,6.748563945E-2,9.595436124E-2
2.946950596E1,-6.512599558E-2,-2.944657803E-3,3.150889099E-2,7.240771037E-2
2.947949396E1,-3.318879604E-2,8.045768738E-3,1.951449752E-2,3.933250807E-2
2.948948196E1,-2.743221223E-2,2.806195736E-2,4.994691610E-3,3.955940676E-2
2.949946896E1,-2.837595284E-2,2.701705992E-2,1.458295584E-2,4.180644481E-2
2.950945696E1,3.221231103E-3,4.265251458E-2,3.840509713E-2,5.748534435E-2
2.951944496E1,9.074878693E-3,3.391326606E-2,2.610489428E-2,4.374846904E-2
2.952943296E1,-1.286387444E-3,1.948292255E-2,1.023555100E-2,2.204553397E-2
2.953942096E1,7.852225900E-3,2.083830714E-2,1.109158337E-2,2.487801676E-2
2.954940796E1,4.419120938E-2,6.380189359E-3,4.218181372E-3,4.484822021E-2
2.955939596E1,6.327856779E-2,-1.380907685E-2,-2.879753709E-2,7.088135077E-2
2.956938396E1,5.770500183E-2,-7.717447579E-3,-5.590055108E-2,8.071120024E-2
2.957937196E1,7.213008285E-2,-2.526289523E-3,-6.884394765E-2,9.974276975E-2
2.958935996E1,9.921321630E-2,-9.355545044E-3,-6.862409234E-2,1.209960932E-1
2.959934696E1,9.296371222E-2,-3.052538931E-3,-7.084895790E-2,1.169236700E-1
2.960933496E1,7.478354931E-2,-1.038202375E-2,-5.117073834E-2,9.120751135E-2
2.961932296E1,5.257436246E-2,-1.594097167E-2,-3.636558831E-2,6.588348942E-2
2.962931096E1,2.520442307E-2,-1.037793070E-2,-3.189714611E-2,4.195702942E-2
2.963929896E1,2.753453851E-3,1.919553190E-2,-9.123995304E-3,2.143122123E-2
2.964928696E1,-1.804626167E-2,-8.158912361E-3,-4.397106171E-4,1.980981465E-2
2.965927396E1,-4.063522518E-3,-1.078957468E-2,2.103243470E-2,2.398521308E-2
2.966926196E1,-3.000001699E-2,-8.607101440E-3,2.318362534E-2,3.887883355E-2
2.967924996E1,-1.221658766E-2,-6.595951617E-3,2.936237812E-2,3.247923707E-2
2.968923796E1,-2.036263615E-2,-5.145549774E-5,3.167553663E-2,3.765606484E-2
2.969922596E1,-8.493957818E-3,-9.882671535E-3,2.455655158E-2,2.779997736E-2
2.970921296E1,-3.542447895E-2,-1.491390824E-2,1.595061958E-2,4.161418788E-2
2.971920096E1,-2.302750468E-2,1.294573545E-2,7.934671640E-3,2.758291233E-2
2.972918896E1,-1.544600487E-2,1.481099725E-3,1.567580044E-2,2.205682303E-2
2.973917696E1,-2.809557885E-2,-4.892950058E-3,8.534011245E-3,2.976796700E-2
2.974916496E1,-2.302341163E-2,-1.519048154E-2,2.189782262E-2,3.521850150E-2
2.975915296E1,-2.400135845E-2,-8.461505771E-3,8.848006725E-3,2.694345023E-2
2.976913996E1,-7.968585491E-3,4.362315238E-3,-4.274899364E-3,1.004006541E-2
2.977912846E1,2.993189692E-3,-9.449100494E-3,-3.780809641E-3,1.060844976E-2
2.978911646E1,-1.490776867E-2,6.501811445E-3,-6.500934362E-3,1.751505827E-2
2.979910446E1,1.319804281E-2,1.871956855E-2,1.319833517E-2,2.643495096E-2
2.980909246E1,2.227993816E-2,7.238268256E-3,2.907001734E-2,3.733435522E-2
2.981907946E1,1.677653879E-2,2.200190306E-2,2.150372028E-2,3.504206013E-2
2.982906746E1,3.880533904E-2,2.411099374E-2,-5.227410793E-4,4.568881280E-2
2.983905546E1,2.093566328E-2,1.125530541E-2,-1.007007480E-2,2.581453667E-2
2.984904346E1,5.086025119E-2,2.481295198E-2,-1.379942894E-4,5.659034175E-2
2.985903146E1,2.695888013E-2,2.769533694E-2,-1.360062361E-2,4.097303831E-2
2.986901846E1,3.171851367E-2,4.771708041E-2,-2.862504423E-2,6.404980117E-2
2.987900646E1,1.114128470E-2,7.042211115E-2,-2.042081594E-2,7.416476042E-2
2.988899446E1,9.205563962E-3,5.023781508E-2,1.550564647E-2,5.337607652E-2
2.989898246E1,8.007761836E-3,3.252689123E-2,3.742568851E-2,5.022753292E-2
2.990897046E1,-2.323683500E-3,1.202772260E-2,4.411665738E-2,4.578586107E-2
2.991895746E1,1.605382293E-2,3.464153677E-2,2.024013698E-2,4.321370669E-2
2.992894546E1,1.204146355E-2,9.444422722E-3,1.892802179E-2,2.434058286E-2
2.993893346E1,3.256577522E-2,-1.727033615E-2,2.121779144E-2,4.253221014E-2
2.994892146E1,5.142772347E-2,-6.951608509E-2,1.987468600E-3,8.649420130E-2
2.995890946E1,5.168617040E-2,-1.067646030E-1,-1.625818312E-2,1.197266435E-1
2.996889746E1,2.035883546E-2,-9.207932085E-2,-3.571713209E-2,1.008404534E-1
2.997888446E1,-4.247709811E-3,-6.046664178E-2,-1.782932997E-2,6.318340616E-2
2.998887246E1,-2.518834323E-2,-6.058270901E-2,-6.574024558E-3,6.593887370E-2
2.999886046E1,-5.306260496E-2,-5.287754059E-2,2.029919386E-2,7.761270267E-2
3.000884846E1,-5.686914235E-2,-1.984632701E-2,-3.954471946E-3,6.036235496E-2
3.001883646E1,-8.019046962E-2,5.891069770E-4,1.628098726E-2,8.182865642E-2
3.002882346E1,-1.025192320E-1,3.863606215E-2,2.286202848E-2,1.119178743E-1
3.003881146E1,-1.170881546E-1,5.988659799E-2,3.313617110E-2,1.356246526E-1
3.004879946E1,-1.127378261E-1,6.992860615E-2,4.798400581E-2,1.410754841E-1
3.005878746E1,-9.727720320E-2,5.054128557E-2,6.663662374E-2,1.282876278E-1
3.006877546E1,-4.199119449E-2,2.589761049E-2,3.569842100E-2,6.089600894E-2
3.007876346E1,3.357208103E-2,1.755714208E-2,-3.873780370E-3,3.808338269E-2
3.008875046E1,1.113239694E-1,-7.355797291E-3,-4.132870495E-2,1.189756099E-1
3.009873846E1,1.825184977E-1,-9.442376196E-3,-7.533377230E-2,1.976798870E-1
3.010872646E1,2.338418484E-1,-3.333556116E-2,-8.854321718E-2,2.522561615E-1
3.011871446E1,2.695464090E-1,-5.067167848E-2,-9.457988262E-2,2.901176309E-1
3.012870246E1,2.400545150E-1,-5.318334997E-2,-8.963079929E-2,2.617027303E-1
3.013868946E1,2.321236441E-1,-2.589877993E-2,-8.967757702E-2,2.501883306E-1
3.014867746E1,1.943570629E-1,-2.113709986E-2,-8.084945083E-2,2.115610517E-1
3.015866546E1,1.613603479E-1,-2.719540000E-3,-6.285873771E-2,1.731928944E-1
3.016865346E1,1.183301032E-1,1.764806628E-2,-3.509089530E-2,1.246789416E-1
3.017864146E1,7.400908560E-2,7.051800549E-2,-7.119569778E-3,1.024735191E-1
3.018862846E1,2.940477043E-2,4.637719095E-2,-2.102074027E-3,5.495364483E-2
3.019861646E1,1.546851665E-2,1.751299560E-2,-2.123942614E-2,3.157678332E-2
3.020860446E1,2.458754182E-4,2.217030287E-2,-2.647209942E-2,3.453049134E-2
3.021859246E1,-5.248606950E-2,1.207011491E-2,-1.636752605E-2,5.628828541E-2
3.022858046E1,-4.952650130E-2,1.665140837E-2,-2.349879026E-2,5.729168243E-2
3.023856846E1,-7.277093768E-2,-3.146386743E-3,2.382155657E-3,7.287786897E-2
3.024855546E1,-9.892027080E-2,-2.597040832E-3,1.412687302E-2,9.995765672E-2
3.025854346E1,-7.233181179E-2,-5.387624502E-3,3.502423704E-2,8.054573033E-2
3.026853146E1,-8.404553890E-2,-2.623674899E-2,4.591116786E-2,9.929680227E-2
3.027851946E1,-7.578254610E-2,-3.551306427E-2,5.430660009E-2,9.976662188E-2
3.028850746E1,-5.730125159E-2,-3.895327359E-2,4.261860073E-2,8.134578099E-2
3.029849446E1,-4.374448210E-2,-4.319747508E-2,3.553060591E-2,7.100722163E-2
3.030848246E1,-1.695341706E-2,-5.904781491E-2,2.363210678E-2,6.582202721E-2
3.031847046E1,-2.472845972E-2,-5.483197242E-2,3.149251878E-2,6.789566009E-2
3.032845846E1,-2.437090248E-2,-3.390478760E-2,3.396589100E-2,5.382524744E-2
3.033844646E1,-1.863069087E-2,-1.475164801E-2,3.135393977E-2,3.934187719E-2
3.034843346E1,-4.368220925E-2,-2.677440047E-3,4.749693274E-2,6.458531343E-2
3.035842146E1,-4.927887172E-2,1.511622190E-2,5.264832973E-2,7.368007862E-2
3.036840946E1,-5.060151190E-2,3.474123180E-2,3.055111706E-2,6.856264979E-2
3.037839746E1,-2.031439662E-2,4.134917021E-2,2.438932121E-2,5.212741674E-2
3.038838546E1,-2.765499115E-2,6.613347083E-2,7.531213760E-3,7.207741450E-2
3.039837346E1,-2.199196279E-2,7.616319984E-2,3.673220873E-3,7.935976304E-2
3.040836046E1,2.286846042E-3,7.124422967E-2,2.780701876E-2,7.651274547E-2
3.041834846E1,8.981615603E-3,6.645594478E-2,8.808245659E-3,6.763613832E-2
3.042833646E1,3.447401404E-2,6.427317917E-2,3.136446476E-3,7.300230477E-2
3.043832446E1,6.256316096E-2,2.329296827E-2,3.260407448E-3,6.683817574E-2
3.044831246E1,6.424569726E-2,-1.091675162E-2,-1.862864435E-2,6.777692434E-2
3.045829946E1,7.344541401E-2,-4.628422022E-2,-4.577960551E-2,9.814392574E-2
3.046828746E1,8.049832553E-2,-7.049286246E-2,-5.178235710E-2,1.188723541E-1
3.047827546E1,6.452431709E-2,-8.130524129E-2,-3.534641862E-2,1.096508051E-1
3.048826346E1,6.580895036E-2,-1.002510971E-1,-5.987373412E-2,1.340371756E-1
3.049825146E1,4.345329076E-2,-9.247283846E-2,-3.876820922E-2,1.092812352E-1
3.050823846E1,4.784133375E-2,-8.680074692E-2,-3.430327535E-2,1.048803012E-1
3.051822646E1,4.857369751E-2,-8.108830959E-2,-2.568038642E-2,9.794998871E-2
3.052821446E1,3.330690980E-2,-5.308540910E-2,-2.750413299E-2,6.843893798E-2
3.053820246E1,3.857115805E-2,-2.366514355E-2,-2.259071767E-2,5.057779926E-2
3.054819046E1,2.771258622E-2,7.110214233E-3,-1.634355247E-2,3.294926841E-2
3.055817846E1,1.019462049E-3,5.595376074E-2,1.194001436E-3,5.597578301E-2
3.056816546E1,-2.228169233E-2,8.151164800E-2,3.021490216E-2,8.974164521E-2
3.057815346E1,-3.943713069E-2,1.184113795E-1,2.566635311E-2,1.274178313E-1
3.058814146E1,-5.073979855E-2,9.746255994E-2,3.551247954E-2,1.154755989E-1
3.059812946E1,-1.178681731E-2,8.498898715E-2,4.616786063E-2,9.743473895E-2
3.060811746E1,-2.351223886E-2,5.440249443E-2,4.303667665E-2,7.324351380E-2
3.061810446E1,-9.629779458E-3,2.561314344E-2,3.084640145E-2,4.123428491E-2
3.062809246E1,-1.231072783E-2,1.606317848E-2,-3.687254190E-3,2.057123152E-2
3.063808046E1,-7.904850841E-3,-1.397075236E-2,-2.230829716E-2,2.748324417E-2
3.064806846E1,5.955973864E-3,-2.122714698E-2,-3.055521011E-2,3.767872422E-2
3.065805646E1,3.597411722E-2,-3.544085115E-2,-2.568389475E-2,5.665556892E-2
3.066804446E1,6.063328743E-2,-2.035152644E-2,-1.158391893E-2,6.499821037E-2
3.067803146E1,5.658467531E-2,-2.886594951E-2,-1.690196157E-2,6.573237274E-2
3.068801946E1,3.423135459E-2,2.085321754E-2,-2.071434617E-2,4.511902544E-2
3.069800746E1,1.553780615E-2,3.930907667E-2,-6.643021703E-3,4.278734235E-2
3.070799546E1,8.851807415E-3,5.669109464E-2,6.976897717E-3,5.780062117E-2
3.071798346E1,-1.050598472E-2,6.901907176E-2,3.109900117E-2,7.642745485E-2
3.072797046E1,-1.564247131E-2,4.875759244E-2,4.530656576E-2,6.837159228E-2
3.073795846E1,-3.093674093E-2,3.943186820E-2,4.786530733E-2,6.930398123E-2
3.074794646E1,-8.798890114E-3,4.709172070E-2,2.354615271E-2,5.338044523E-2
3.075793446E1,1.812578380E-2,4.450871319E-2,-5.850723982E-3,4.841281400E-2
3.076792246E1,3.903952003E-2,-1.853567362E-4,-7.394973636E-3,3.973416812E-2
3.077790908E1,4.540918440E-2,-4.322905004E-2,-2.353270411E-2,6.696665557E-2
3.078789708E1,2.442586631E-2,-1.094815117E-1,-1.949871004E-2,1.138552768E-1
3.079788508E1,1.918997705E-2,-1.750510186E-1,-4.783490181E-2,1.824809364E-1
3.080787308E1,1.908794314E-2,-1.738710505E-1,-7.065892339E-2,1.886482844E-1
3.081786108E1,5.387624502E-3,-1.378592187E-1,-5.674430430E-2,1.491781041E-1
3.082784908E1,3.256314397E-3,-9.646882564E-2,-6.441292763E-3,9.673845231E-2
3.083783608E1,-3.257074535E-2,-9.295494139E-2,1.960162103E-2,1.004275765E-1
3.084782408E1,-3.443893075E-2,-6.326044142E-2,3.769816875E-2,8.129621964E-2
3.085781208E1,-4.201282918E-2,-1.372516930E-2,5.450657487E-2,7.017424593E-2
3.086780008E1,-4.664937884E-2,3.735201359E-3,4.320683062E-2,6.369416368E-2
3.087778808E1,-6.309788883E-2,2.267140925E-2,3.271341741E-2,7.460230593E-2
3.088777508E1,-4.751301259E-2,3.143784732E-2,2.565115035E-2,6.248044593E-2
3.089776308E1,-2.981641442E-2,3.953536391E-2,1.457009196E-2,5.161735317E-2
3.090775108E1,3.489033580E-3,4.461513251E-2,1.843510151E-2,4.839975591E-2
3.091773908E1,4.527791440E-2,8.099212289E-2,4.192219734E-2,1.018198612E-1
3.092772708E1,9.741139680E-2,7.741596580E-2,7.043555975E-3,1.246267374E-1
3.093771508E1,1.494299814E-1,7.721891463E-2,-1.895316482E-2,1.692669565E-1
3.094770208E1,1.251198900E-1,4.818047225E-2,-5.007380068E-2,1.431213831E-1
3.095769008E1,1.128667572E-1,4.218356788E-2,-7.826147318E-2,1.436774738E-1
3.096767808E1,1.125206020E-1,1.862396657E-2,-6.662960708E-2,1.320880106E-1
3.097766608E1,1.060222989E-1,2.408175766E-2,-5.454165816E-2,1.216365545E-1
3.098765408E1,9.023277014E-2,1.790125072E-2,-4.423535585E-2,1.020743567E-1
3.099764108E1,5.646597683E-2,-6.809667349E-3,-2.477114439E-2,6.203537462E-2
3.100762908E1,4.746214181E-2,-4.038379490E-3,-2.347247779E-2,5.310292485E-2
3.101761708E1,3.226785958E-2,-1.070508242E-2,-2.842156112E-2,4.431251164E-2
3.102760508E1,1.162163347E-2,-8.959103823E-3,-1.820179760E-2,2.338019123E-2
3.103759308E1,-3.935176134E-4,-8.540735543E-3,-2.207557797E-2,2.367340623E-2
3.104758008E1,-2.830373973E-2,-1.818162471E-2,-3.134107590E-2,4.597756190E-2
3.105756808E1,-3.900940686E-2,-9.245325029E-3,8.505944610E-3,4.098244688E-2
3.106755608E1,-5.842420936E-2,-9.066400230E-3,3.538734913E-2,6.890466117E-2
3.107754408E1,-4.395615131E-2,-3.117033720E-2,6.360191882E-2,8.336028572E-2
3.108753208E1,-5.738282025E-2,-3.708888888E-2,5.073278189E-2,8.510105109E-2
3.109752008E1,-4.845646083E-2,-2.527692854E-2,3.533355474E-2,6.508004152E-2
3.110750708E1,-3.154338956E-2,-2.701150507E-2,3.745024681E-2,5.592072797E-2
3.111749508E1,-1.496010125E-2,-1.488057911E-2,2.321520030E-2,3.137167176E-2
3.112748308E1,2.533306181E-2,1.415026188E-4,-1.440227687E-2,2.914120147E-2
3.113747108E1,4.032941580E-2,2.028135985E-2,-2.703460157E-2,5.261810542E-2
3.114745908E1,5.256120622E-2,2.237524778E-2,-2.135870934E-2,6.098792157E-2
3.115744608E1,4.408479005E-2,2.974537075E-2,-9.497047663E-3,5.402267773E-2
3.116743408E1,1.183330268E-2,3.790252894E-2,-2.040093541E-3,3.975915912E-2
3.117742208E1,-1.125296652E-2,3.918745458E-2,-1.900345087E-4,4.077158282E-2
3.118741008E1,-3.550692469E-2,3.667666018E-2,2.617739975E-2,5.736876642E-2
3.119739808E1,-3.664040744E-2,2.943605304E-2,3.430093646E-2,5.818552155E-2
3.120738608E1,-3.410563946E-2,1.144826353E-2,2.891857445E-2,4.615778731E-2
3.121737308E1,-4.090361238E-2,-3.989555240E-3,1.272821903E-2,4.302359371E-2
3.122736108E1,-1.047762573E-2,-1.285218000E-2,1.122665405E-2,2.002490781E-2
3.123734908E1,-3.130306900E-3,-4.784045666E-2,-9.769527912E-3,4.892802664E-2
3.124733708E1,9.207318127E-3,-5.187825143E-2,-1.846141398E-2,5.582966492E-2
3.125732508E1,3.634541541E-2,-5.592160106E-2,-2.216387093E-2,7.028123406E-2
3.126731208E1,3.775313258E-2,-4.120357454E-2,-3.484180391E-2,6.585578846E-2
3.127730008E1,4.601232469E-2,-2.782572985E-2,-3.245672464E-2,6.280799503E-2
3.128728808E1,5.307108343E-2,-1.955952108E-2,-2.102892637E-2,6.034343796E-2
3.129727608E1,6.531690717E-2,-2.220100075E-2,-3.186674058E-2,7.599126234E-2
3.130726408E1,5.354909331E-2,-2.175310403E-2,-3.327358067E-2,6.669208423E-2
3.131725208E1,5.903495103E-2,-3.310108781E-3,-3.042949498E-2,6.649839418E-2
3.132723908E1,6.561189920E-2,1.247474223E-2,-3.162758946E-2,7.389752990E-2
3.133722708E1,5.807922363E-2,1.244521379E-2,-3.855244696E-2,7.081222162E-2
3.134721508E1,5.526700526E-2,1.947795242E-2,-2.671475887E-2,6.440117113E-2
3.135720308E1,3.692399740E-2,3.437198013E-2,3.426468372E-4,5.044731915E-2
3.136719108E1,3.212840348E-2,3.133727521E-2,1.040219665E-3,4.489255155E-2
3.137717808E1,1.656983972E-2,4.099219769E-2,2.860457897E-3,4.430690781E-2
3.138716608E1,4.148014784E-3,2.563711703E-2,4.377225637E-3,2.633681644E-2
3.139715408E1,1.928704083E-3,2.410397708E-2,1.863916934E-2,3.053097188E-2
3.140714208E1,6.516429484E-3,1.996180952E-2,4.209995270E-4,2.100273632E-2
3.141713008E1,-7.568051219E-3,-3.587851524E-3,-1.230897367E-2,1.488821382E-2
3.142711708E1,9.082480073E-3,-2.085994184E-2,3.061017394E-3,2.295644671E-2
3.143710508E1,-1.260279626E-2,-2.408234239E-2,4.455578327E-4,2.718433759E-2
3.144709308E1,-7.228327990E-3,-2.388236761E-2,7.129510045E-3,2.595084048E-2
3.145708108E1,-4.010897577E-3,-1.847164661E-2,1.300245345E-2,2.294238051E-2
3.146706908E1,-3.768238127E-3,-3.678074062E-2,6.388083100E-3,3.752106215E-2
3.147705708E1,1.029577732E-2,-2.191361010E-2,-4.848511219E-3,2.469245632E-2
3.148704408E1,8.597745895E-3,-1.085067809E-2,2.162300348E-3,1.401192322E-2
3.149703208E1,-8.338714242E-3,-6.452110112E-3,-4.419910312E-3,1.143238765E-2
3.150702008E1,-1.049458265E-2,-1.271330863E-2,4.505279660E-3,1.708982230E-2
3.151700808E1,-1.726390421E-2,-1.998929143E-2,2.901680768E-2,3.923760044E-2
3.152699608E1,-6.884511709E-3,-1.607633471E-2,2.608618319E-2,3.140595473E-2
3.153698308E1,-1.543986529E-2,-4.297674268E-2,7.374508381E-3,4.625768288E-2
3.154697108E1,-1.008849353E-2,-1.025864750E-2,-1.955016553E-2,2.427398860E-2
3.155695908E1,1.091967523E-2,-8.486064076E-3,-2.682644069E-2,3.018129406E-2
3.156694708E1,-3.256899118E-4,-1.815355808E-2,-3.006345928E-2,3.512078200E-2
3.157693508E1,5.140872002E-3,-3.086745143E-3,-9.750816822E-3,1.144705155E-2
3.158692308E1,1.123220891E-2,3.166851997E-3,-1.144475520E-2,1.634545472E-2
3.159691008E1,1.934054285E-2,1.604826808E-2,1.320827544E-2,2.839123185E-2
3.160689808E1,2.771346331E-2,2.199459404E-2,-1.213414192E-2,3.740368452E-2
3.161688608E1,3.287158459E-2,3.846649289E-2,-1.921395063E-2,5.412382145E-2
3.162687408E1,5.413439959E-2,5.944981098E-2,3.252221346E-3,8.046980918E-2
3.163686208E1,7.834421128E-2,5.312838614E-2,-1.116642773E-2,9.531594811E-2
3.164684908E1,5.267727345E-2,2.740268379E-2,-7.276859879E-3,5.982269559E-2
3.165683708E1,5.900951564E-2,2.642005920E-2,-1.123016238E-2,6.562209241E-2
3.166682508E1,7.903242856E-2,4.774543941E-3,-3.213688195E-2,8.544998663E-2
3.167681308E1,7.815008372E-2,-4.131934941E-3,-3.108496785E-2,8.420679128E-2
3.168680108E1,7.173948884E-2,1.091909051E-2,-2.612652898E-2,7.712571759E-2
3.169678908E1,2.222468197E-2,-5.619174242E-4,-2.665394783E-2,3.470857495E-2
3.170677608E1,2.721528053E-2,1.545623749E-2,-1.036360502E-2,3.296924447E-2
3.171676408E1,1.001218736E-2,9.588556588E-3,3.037628531E-3,1.419195196E-2
3.172675208E1,-1.485543609E-2,3.490787745E-4,2.936997950E-2,3.291506544E-2
3.173674008E1,-2.579703838E-2,-1.982790828E-3,1.215285301E-2,2.858514448E-2
3.174672808E1,-5.433642089E-2,-3.346361518E-3,8.793042898E-3,5.514492156E-2
3.175671508E1,-5.527314484E-2,5.084154010E-3,6.697985530E-3,5.590914212E-2
3.176670308E1,-3.847731024E-2,-1.843042374E-3,6.326687336E-3,3.903750993E-2
3.177669133E1,-1.970599383E-2,-1.065947413E-2,2.235098183E-2,3.164675292E-2
3.178667933E1,-2.856686443E-2,4.581585824E-3,1.848655701E-2,3.433379475E-2
3.179666733E1,-4.588310122E-3,9.425419271E-3,1.452097535E-2,1.790949032E-2
3.180665533E1,1.242240965E-3,-1.952385306E-3,9.505818486E-3,9.783432736E-3
3.181664233E1,-1.207830101E-2,-7.383571565E-3,3.503066897E-3,1.458334537E-2
3.182663033E1,-8.089622855E-4,-4.426342249E-3,2.008635521E-2,2.058418304E-2
3.183661833E1,-2.186683238E-2,-1.443092823E-3,5.594031215E-3,2.261711874E-2
3.184660633E1,-1.476480424E-2,-2.193699896E-2,-9.730936289E-3,2.817663019E-2
3.185659433E1,4.390089512E-3,8.641015291E-3,-8.087868690E-3,1.262353560E-2
3.186658133E1,-8.960857987E-3,1.456716835E-2,6.006844640E-3,1.812681859E-2
3.187656933E1,-5.303424597E-3,1.189499080E-2,-1.281124949E-2,1.826869542E-2
3.188655733E1,1.153421760E-2,6.382235885E-3,2.664576173E-3,1.344883179E-2
3.189654533E1,9.692344666E-3,1.318547130E-3,5.178294182E-3,1.106773881E-2
3.190653333E1,1.541442990E-2,5.204021931E-4,7.023675442E-3,1.694719695E-2
3.191652033E1,1.944053024E-2,-1.102492511E-2,-9.647905827E-3,2.434266371E-2
3.192650833E1,4.200990558E-2,-1.866606653E-2,8.048692346E-3,4.666942955E-2
3.193649633E1,5.157975107E-2,-3.170272619E-2,-2.130140662E-3,6.058111148E-2
3.194648433E1,6.019182265E-2,-3.561889887E-2,-6.030818224E-3,7.020065697E-2
3.195647233E1,8.293398321E-2,-3.323118836E-2,-2.575873911E-2,9.298317101E-2
3.196646033E1,7.858453184E-2,-1.753463030E-2,-4.259170353E-2,9.108811731E-2
3.197644733E1,8.955244660E-2,-1.972441256E-2,-3.878984392E-2,9.956578295E-2
3.198643533E1,7.936688930E-2,-2.307457477E-2,-2.546871722E-2,8.648811869E-2
3.199642333E1,5.561783820E-2,-2.532721460E-3,-1.588103771E-2,5.789616536E-2
3.200641133E1,3.981895387E-2,6.397731006E-3,-1.136523306E-2,4.190046028E-2
3.201639933E1,1.103486538E-2,1.940749347E-2,3.917634487E-5,2.232533520E-2
3.202638633E1,-1.833774537E-2,1.107930422E-2,2.659313679E-3,2.158925280E-2
3.203637433E1,-3.225762695E-2,1.241714716E-2,-5.788743496E-5,3.456506026E-2
3.204636233E1,-4.232097745E-2,-2.132479548E-3,2.291699231E-2,4.817469396E-2
3.205635033E1,-3.793205738E-2,-1.220313907E-3,3.861852050E-2,5.414536239E-2
3.206633833E1,-5.885017902E-2,-6.976312995E-3,3.415767968E-2,6.840145901E-2
3.207632633E1,-3.253390789E-2,-2.472816736E-2,4.410145462E-2,6.012383656E-2
3.208631333E1,-3.746252596E-2,-2.766551614E-2,2.489627481E-2,5.280763329E-2
3.209630133E1,-2.845225900E-2,-4.192950636E-2,1.140031636E-2,5.193824948E-2
3.210628933E1,-1.526210994E-2,-5.039247394E-2,2.827128768E-3,5.272879750E-2
3.211627733E1,9.541194141E-3,-3.264675915E-2,-1.417715907E-2,3.684884134E-2
3.212626533E1,2.882209539E-2,-4.645028114E-2,1.200082541E-2,5.596750496E-2
3.213625233E1,1.161958694E-2,-2.065002680E-2,-2.191770315E-2,3.227730037E-2
3.214624033E1,3.507715434E-2,2.482143044E-4,-1.889001489E-2,3.984094664E-2
3.215622833E1,3.572005570E-2,1.486829996E-2,-2.482201517E-2,4.596869761E-2
3.216621633E1,3.579197645E-2,1.025689334E-2,-1.703995585E-2,4.094666696E-2
3.217620433E1,3.865886629E-2,1.498524427E-2,-1.921395063E-2,4.569727987E-2
3.218619233E1,4.629211396E-2,2.045180619E-2,-1.524486065E-2,5.285491432E-2
3.219617933E1,6.154603779E-2,1.814858794E-2,-3.227663040E-2,7.182664466E-2
3.220616733E1,7.415146530E-2,3.720203251E-2,-3.027805209E-2,8.831303113E-2
3.221615533E1,7.462187380E-2,1.528345227E-2,-1.694464624E-2,7.803287127E-2
3.222614333E1,4.173654824E-2,1.293228686E-2,-1.390467882E-2,4.585328337E-2
3.223613133E1,2.350200623E-2,1.259490252E-3,-2.575932384E-2,3.489231115E-2
3.224611833E1,4.229261845E-2,-2.279829383E-3,-3.702866256E-2,5.625819984E-2
3.225610633E1,2.984418869E-2,-7.646111548E-3,-1.916307986E-2,3.628170682E-2
3.226609433E1,4.098488867E-2,-3.061017394E-3,-1.598628759E-3,4.113011720E-2
3.227608233E1,2.658436596E-2,-1.374271095E-2,1.885960937E-2,3.537337252E-2
3.228607033E1,9.676849544E-3,-5.721500516E-3,1.280189395E-2,1.703717917E-2
3.229605833E1,1.412453413E-2,4.343311787E-3,2.815668225E-2,3.179882981E-2
3.230604533E1,-1.413476676E-2,-7.582084537E-3,3.929445863E-2,4.244212667E-2
3.231603333E1,-1.175699651E-2,-1.197539002E-2,6.267045736E-3,1.791403906E-2
3.232602133E1,-5.636423528E-3,-1.223003626E-2,7.787321806E-3,1.555588114E-2
3.233600933E1,-1.612311244E-2,-4.443883896E-3,-6.068240404E-3,1.779118884E-2
3.234599733E1,-2.444486976E-2,1.213004887E-2,-2.171655893E-3,2.737527776E-2
3.235598433E1,-1.694669276E-2,1.348923415E-2,1.090681136E-2,2.425094570E-2
3.236597233E1,-1.630437613E-2,8.529333472E-3,1.625818312E-2,2.455424054E-2
3.237596033E1,-1.609650761E-2,2.396481335E-3,3.179423511E-2,3.571713967E-2
3.238594833E1,2.352042496E-3,-1.410056055E-3,1.296269238E-2,1.324959455E-2
3.239593633E1,1.206953019E-2,1.252765954E-3,1.400642037E-2,1.853167001E-2
3.240592433E1,-4.558196962E-3,-5.954219699E-3,4.039256573E-3,8.517363760E-3
3.241591133E1,1.021713227E-2,-2.333799183E-2,8.088453412E-3,2.672966018E-2
3.242589933E1,1.008790880E-2,-1.993140399E-2,3.685500026E-3,2.264088513E-2
3.243588733E1,9.184806347E-3,-8.557400107E-3,-3.214799166E-3,1.295857623E-2
3.244587533E1,3.601066232E-2,-1.164122164E-2,-4.049781561E-3,3.806161547E-2
3.245586333E1,2.659810692E-2,-1.149065584E-2,1.034957170E-4,2.897421569E-2
3.246585033E1,1.564422548E-2,-2.677059978E-2,-1.206280589E-3,3.103001638E-2
3.247583833E1,3.725553453E-3,-2.329472244E-2,-1.318839490E-2,2.702697915E-2
3.248582633E1,1.087552875E-2,7.250547409E-4,-2.135987878E-2,2.398014286E-2
3.249581433E1,-4.510249794E-3,1.745920122E-2,9.997569323E-3,2.061837658E-2
3.250580233E1,-1.280013978E-2,7.358720899E-3,2.146863699E-2,2.605564672E-2
3.251579033E1,-1.164765358E-2,4.965455532E-3,2.452088356E-2,2.759705262E-2
3.252577733E1,2.637094259E-3,2.015242875E-2,2.157388687E-2,2.963962289E-2
3.253576533E1,1.489402771E-2,2.173293114E-2,1.103954315E-3,2.636988950E-2
3.254575333E1,2.055793315E-2,1.143920034E-2,-1.900695920E-2,3.024480812E-2
3.255574133E1,3.603346646E-2,1.805327833E-2,-1.242942631E-2,4.217608566E-2
3.256572933E1,4.969490111E-2,2.164580762E-2,-1.431924641E-2,5.606393673E-2
3.257571633E1,6.609692574E-2,1.163011193E-2,-3.158198118E-2,7.417199357E-2
3.258570433E1,7.133076847E-2,1.514721215E-2,-4.421138227E-2,8.527697748E-2
3.259569233E1,7.451457739E-2,1.392485172E-2,-3.662520468E-2,8.418865337E-2
3.260568033E1,7.351704240E-2,1.528579116E-2,-4.053406835E-2,8.533124651E-2
3.261566833E1,7.038264245E-2,2.042461663E-2,-1.476363480E-2,7.475858636E-2
3.262565633E1,4.764603674E-2,1.018994272E-2,-4.310567379E-3,4.891380931E-2
3.263564333E1,2.824848354E-2,1.042003065E-2,3.339929581E-3,3.029371206E-2
3.264563133E1,8.682822883E-3,-6.693600118E-3,-1.218969047E-2,1.639464088E-2
3.265561933E1,9.161125124E-3,-2.873701841E-2,6.033741832E-3,3.075952667E-2
3.266560733E1,5.946618319E-4,-2.932378650E-2,-1.132137895E-2,3.143901555E-2
3.267559533E1,5.858033001E-3,-2.954831958E-2,2.214340568E-3,3.020468581E-2
3.268558233E1,-4.662277400E-3,-2.266877800E-2,1.350589871E-2,2.679588824E-2
3.269557033E1,-7.955136895E-3,-4.938850701E-3,2.655571461E-2,2.815816804E-2
3.270555833E1,-3.403079510E-2,-8.305969834E-3,3.760402858E-2,5.139209195E-2
3.271554633E1,-1.569831222E-2,-5.565672219E-3,4.693618476E-2,4.980380662E-2
3.272553433E1,-2.168235272E-2,-2.050326169E-3,4.800914884E-2,5.271818120E-2
3.273552233E1,-3.715642422E-2,-2.363415331E-2,3.394659519E-2,5.560165815E-2
3.274550933E1,-3.173225462E-2,-1.808105260E-2,1.604826808E-2,3.989244734E-2
3.275549733E1,-1.137546569E-2,-2.981670678E-2,5.667706132E-3,3.241234511E-2
3.276548533E1,-7.188859284E-3,-2.887062728E-2,4.828045964E-3,3.014138095E-2
3.277547350E1,-8.018871546E-3,-1.854385972E-2,-4.161463380E-3,2.062752558E-2
3.278546150E1,1.746329427E-2,-1.306180269E-2,-8.526409864E-3,2.341531553E-2
3.279544850E1,2.428202480E-2,-1.640524060E-2,-1.231248200E-2,3.178593809E-2
3.280543650E1,4.993931472E-2,-8.180254698E-4,-2.016119957E-2,5.386165880E-2
3.281542450E1,2.784531802E-2,7.984372973E-4,-2.263340235E-2,3.589248026E-2
3.282541250E1,1.340006411E-2,8.604762554E-3,-2.805961847E-2,3.226369237E-2
3.283540050E1,1.765712947E-2,1.684582829E-2,-6.186354160E-4,2.441185904E-2
3.284538850E1,3.142118275E-2,-4.659061432E-3,-6.110925078E-3,3.234719438E-2
3.285537550E1,3.286953807E-2,-6.976312995E-3,-1.770303011E-2,3.797989930E-2
3.286536350E1,4.220695674E-2,2.494889975E-2,1.259490252E-3,4.904550042E-2
3.287535150E1,6.006669223E-2,3.857466638E-2,-3.025349379E-2,7.753248538E-2
3.288533950E1,4.142723054E-2,2.033749312E-2,-2.714160562E-2,5.353966578E-2
3.289532750E1,7.047064304E-2,2.482903183E-2,-3.745492458E-2,8.357908667E-2
3.290531450E1,7.989576995E-2,1.180202007E-2,-3.554054618E-2,8.823690927E-2
3.291530250E1,5.089855045E-2,-1.890112460E-3,-2.837419868E-2,5.830377444E-2
3.292529050E1,3.984555870E-2,9.581832290E-3,-1.109801531E-2,4.245757885E-2
3.293527850E1,2.213755846E-2,3.953302503E-3,1.935428381E-3,2.257091000E-2
3.294526650E1,1.781588137E-2,-7.654005289E-4,-5.427385569E-3,1.863995658E-2
3.295525450E1,-1.458003223E-3,-7.341179252E-3,-7.522442937E-3,1.061158960E-2
3.296524150E1,7.511625588E-3,-8.829295635E-4,1.511212885E-2,1.689912785E-2
3.297522950E1,5.634377003E-3,-1.483204722E-2,2.601601660E-2,3.047242932E-2
3.298521750E1,1.609007567E-2,-2.816106766E-2,2.326899469E-2,3.991719405E-2
3.299520550E1,1.334305376E-2,-3.747597456E-2,6.061223745E-3,4.023958482E-2
3.300519350E1,1.898064673E-2,-3.325370014E-2,-7.831760645E-3,3.908209306E-2
3.301518050E1,1.129711300E-2,-3.685646206E-2,-1.092844605E-3,3.856446379E-2
3.302516850E1,-3.934299052E-3,-2.044742078E-2,-1.623187065E-3,2.088565205E-2
3.303515650E1,-9.383611679E-3,-9.789993167E-3,1.935311437E-2,2.363131757E-2
3.304514450E1,-2.554531574E-2,8.700949252E-3,4.803546131E-2,5.509696196E-2
3.305513250E1,-2.324268222E-2,1.162777305E-2,3.448220015E-2,4.317927176E-2
3.306512050E1,-3.256051272E-2,3.630126894E-2,2.812627673E-2,5.629437412E-2
3.307510750E1,-3.058181494E-2,1.468528211E-2,1.380878448E-2,3.662768686E-2
3.308509550E1,-1.913998336E-2,1.883125037E-2,-8.822863698E-3,2.826301253E-2
3.309508350E1,-5.602509677E-3,2.720417082E-2,-1.823044896E-2,3.322355029E-2
3.310507150E1,8.929283023E-3,3.177113861E-2,-9.734444618E-3,3.440780080E-2
3.311505950E1,1.874500394E-2,1.240837634E-2,1.520217597E-2,2.713759625E-2
3.312504750E1,2.970853329E-2,-2.012903988E-2,3.484765112E-2,5.002133530E-2
3.313503450E1,6.596653283E-2,-3.099696726E-2,3.178020179E-2,7.951337408E-2
3.314502250E1,4.515453815E-2,-5.399260461E-2,5.140872002E-3,7.057309851E-2
3.315501050E1,2.383558989E-2,-8.002470106E-2,-1.857660413E-2,8.554050705E-2
3.316499850E1,6.006172210E-2,-7.222890079E-2,-3.620478988E-2,1.006737870E-1
3.317498650E1,4.769661516E-2,-7.748086989E-2,-3.519497573E-2,9.755479800E-2
3.318497350E1,1.645523429E-2,-6.453718096E-2,-2.496527195E-2,7.112726106E-2
3.319496150E1,-1.578514338E-2,-3.532361448E-2,-2.283571601E-2,4.492658920E-2
3.320494950E1,-5.088100880E-2,9.103822410E-3,-1.561498940E-2,5.399615295E-2
3.321493750E1,-8.139967382E-2,4.733730376E-2,1.784160912E-2,9.583866778E-2
3.322492550E1,-7.865148246E-2,7.899646819E-2,5.987665772E-2,1.265373930E-1
3.323491350E1,-5.741585702E-2,9.720206648E-2,7.655642509E-2,1.364027441E-1
3.324490050E1,-2.027141958E-2,7.774399459E-2,5.973924816E-2,1.001191136E-1
3.325488850E1,-6.406209469E-3,6.982101738E-2,1.687447965E-2,7.211630919E-2
3.326487650E1,3.770050764E-2,7.090216756E-2,-2.126573861E-2,8.307031527E-2
3.327486450E1,8.127542049E-2,2.235799849E-2,-4.788752675E-2,9.694735319E-2
3.328485250E1,1.171328858E-1,3.646616042E-3,-7.911341250E-2,1.413942813E-1
3.329483950E1,1.396934903E-1,-2.563419342E-2,-8.918056369E-2,1.677037747E-1
3.330482750E1,1.639679137E-1,-4.130707026E-2,-8.923084974E-2,1.911907302E-1
3.331481550E1,1.541793823E-1,-3.518123478E-2,-8.946356893E-2,1.816940598E-1
3.332480350E1,1.548909885E-1,-5.438699931E-2,-8.811052322E-2,1.863132532E-1
3.333479150E1,9.894512147E-2,-6.554962635E-2,-8.077226758E-2,1.435654895E-1
3.334477950E1,6.587853223E-2,-7.148981273E-2,-4.537614763E-2,1.072835920E-1
3.335476650E1,2.001823515E-2,-6.738302082E-2,-2.894839525E-2,7.602112089E-2
3.336475450E1,5.606895089E-3,-2.140256345E-2,-1.223354459E-2,2.528174456E-2
3.337474250E1,-3.959675968E-2,-6.105662584E-3,2.895190358E-2,4.943071124E-2
3.338473050E1,-4.676690787E-2,8.475539088E-4,5.551405013E-2,7.259250499E-2
3.339471850E1,-5.078686863E-2,-1.905139804E-2,6.132442832E-2,8.187152925E-2
3.340470550E1,-4.815971464E-2,-2.016383082E-2,5.034101844E-2,7.252693517E-2
3.341469350E1,-4.223473102E-2,5.591399968E-3,3.050667822E-2,5.239936711E-2
3.342468150E1,-3.723097622E-2,6.495087147E-3,8.214753270E-3,3.867575363E-2
3.343466950E1,-2.341868341E-2,1.773285091E-2,1.783459246E-2,3.436511927E-2
3.344465750E1,-2.179725051E-2,2.160604656E-2,6.971635222E-3,3.147292607E-2
3.345464550E1,-2.086432725E-2,1.329539895E-2,2.178555608E-2,3.296510638E-2
3.346463250E1,7.376262546E-4,4.621054530E-3,1.386199415E-2,1.463055430E-2
3.347462050E1,1.786412090E-2,-1.526327938E-2,1.595646679E-2,2.840252358E-2
3.348460850E1,2.230361938E-2,-3.505318075E-2,-8.823448420E-3,4.247387621E-2
3.349459650E1,3.288181722E-2,-4.419705659E-2,-1.530099392E-2,5.717266943E-2
3.350458450E1,1.812461436E-2,-3.300197750E-2,-2.972081244E-2,4.796831097E-2
3.351457150E1,-7.594363689E-3,-2.926706851E-2,-6.343059540E-3,3.089449891E-2
3.352455950E1,4.098898172E-4,-1.905695289E-2,1.754632473E-2,2.590770107E-2
3.353454750E1,-1.252941370E-2,1.350034386E-2,3.651410758E-2,4.089652240E-2
3.354453550E1,-3.155449927E-2,2.843851805E-2,4.262620211E-2,6.017830871E-2
3.355452350E1,-2.220626324E-2,3.045259148E-2,5.229106486E-2,6.445800120E-2
3.356451150E1,-2.488282621E-2,2.672323734E-2,3.212928057E-2,4.863719897E-2
3.357449850E1,-2.559384763E-2,3.812735438E-2,4.657424212E-2,6.540565891E-2
3.358448650E1,-2.427822411E-2,2.641011894E-2,3.049264491E-2,4.708214037E-2
3.359447450E1,-2.295616865E-3,1.774951547E-2,2.836367369E-2,3.353823402E-2
3.360446250E1,2.005653441E-2,7.813634276E-3,9.477751851E-3,2.351903980E-2
3.361445050E1,4.589830399E-2,1.216659397E-2,-9.314614534E-3,4.838845277E-2
3.362443750E1,8.925219208E-2,1.975189447E-3,-2.294213533E-2,9.217481618E-2
3.363442550E1,1.011354885E-1,-2.681883931E-2,-3.545517683E-2,1.104749145E-1
3.364441350E1,1.040623122E-1,-2.610489428E-2,-5.706999421E-2,1.215212515E-1
3.365440150E1,1.070362061E-1,-1.220430851E-2,-7.383279204E-2,1.306023574E-1
3.366438950E1,9.401445687E-2,-7.304634154E-3,-5.255418956E-2,1.079537800E-1
3.367437750E1,6.982394099E-2,-9.453193545E-3,-4.517324924E-2,8.369807675E-2
3.368436450E1,5.569911450E-2,3.044645190E-3,-1.992263317E-2,5.923320465E-2
3.369435250E1,4.521125615E-2,5.613911748E-3,-7.597287297E-3,4.618757908E-2
3.370434050E1,4.336236656E-2,9.968040884E-3,1.504079282E-2,4.696681936E-2
3.371432850E1,2.404433548E-2,3.947455287E-3,2.501088023E-2,3.491785506E-2
3.372431650E1,1.045657575E-2,-2.640017867E-4,3.432432532E-2,3.588271147E-2
3.373430450E1,-2.362713665E-2,-1.096411407E-2,1.872103035E-2,3.207694438E-2
3.374429150E1,-4.233588785E-2,-1.693061292E-2,2.325496137E-2,5.118365249E-2
3.375427950E1,-4.576791108E-2,-2.356807977E-2,2.296786308E-2,5.637090387E-2
3.376426750E1,-6.929506034E-2,-1.346672237E-2,4.190465569E-2,8.209237582E-2
3.377425550E1,-9.642906457E-2,-4.164679348E-2,4.305948079E-2,1.135215345E-1
3.378424350E1,-7.504170388E-2,-5.732230157E-2,5.507667840E-2,1.093185441E-1
3.379423050E1,-6.499647975E-2,-4.274723947E-2,4.671808362E-2,9.074386039E-2
3.380421850E1,-3.828289032E-2,-3.927487046E-2,1.166461051E-2,5.607279446E-2
3.381420650E1,-7.773346961E-2,1.239902079E-3,-4.365531206E-3,7.786583023E-2
3.382419450E1,-8.797808379E-2,3.791743934E-2,1.397543013E-2,9.681522649E-2
3.383418250E1,-7.092701823E-2,4.644180268E-2,3.796655595E-2,9.289210043E-2
3.384417050E1,-4.142547637E-2,4.848569691E-2,3.647960901E-2,7.346900552E-2
3.385415750E1,2.051086307E-2,3.128932804E-2,4.872192442E-2,6.142917444E-2
3.386414550E1,8.710392505E-2,1.806994289E-2,1.466423213E-2,9.015906110E-2
3.387413350E1,1.250310123E-1,1.904613554E-2,-1.405787587E-2,1.272522424E-1
3.388412150E1,1.709994829E-1,1.264021844E-2,-6.964150786E-2,1.850690084E-1
3.389410950E1,1.649446911E-1,5.621513128E-3,-9.205447018E-2,1.889771891E-1
3.390409650E1,1.653455177E-1,-9.694975913E-3,-9.897874296E-2,1.929505749E-1
3.391408450E1,1.720277157E-1,-1.070654422E-2,-8.838241875E-2,1.936998116E-1
3.392407250E1,1.708354685E-1,-2.209662795E-3,-7.299137771E-2,1.857885387E-1
3.393406050E1,1.319927073E-1,1.067555398E-2,-6.907608211E-2,1.493571135E-1
3.394404850E1,1.092470384E-1,2.342979312E-2,-5.002409935E-2,1.224184672E-1
3.395403650E1,3.609252334E-2,2.353913605E-2,-4.911251843E-2,6.533605921E-2
3.396402350E1,2.433961987E-2,2.237203181E-2,-3.435531557E-2,4.767821946E-2
3.397401150E1,-1.835382521E-2,2.267228633E-2,-5.449604988E-3,2.967479843E-2
3.398399950E1,-2.579703838E-2,1.648622453E-3,5.073044300E-3,2.634275846E-2
3.399398750E1,-3.089317918E-2,-1.503348380E-2,1.366201937E-2,3.697357067E-2
3.400397550E1,-1.465253770E-2,-4.810884386E-2,-2.684456706E-3,5.036232746E-2
3.401396250E1,-1.345795155E-2,-5.352161139E-2,1.080448508E-2,5.623536471E-2
3.402395050E1,-2.560320318E-2,-6.088471770E-2,-8.217676878E-3,6.655826828E-2
3.403393850E1,-2.081491828E-2,-5.936794996E-2,2.468869865E-2,6.758214370E-2
3.404392650E1,-2.106137842E-2,-4.079485416E-2,1.901339114E-2,4.969216065E-2
3.405391450E1,-2.134204477E-2,-3.615888923E-2,3.395828962E-2,5.400105165E-2
3.406390250E1,-2.729918808E-2,-3.992771208E-3,3.474532485E-2,4.436694142E-2
3.407388950E1,-5.880135477E-2,2.825813144E-2,3.838814020E-2,7.569524835E-2
3.408387750E1,-8.868179619E-2,4.901136160E-2,5.351547182E-2,1.145883077E-1
3.409386550E1,-7.382606775E-2,6.318910539E-2,6.473627865E-2,1.167644513E-1
3.410385350E1,-9.872760504E-2,6.276459754E-2,7.990512550E-2,1.416734406E-1
3.411384150E1,-7.950956136E-2,5.724950373E-2,7.484202147E-2,1.232907304E-1
3.412382950E1,-4.783168584E-2,3.737832606E-2,6.387556851E-2,8.811979166E-2
3.413381650E1,-3.070343703E-2,1.713058770E-2,3.268710494E-2,4.800630073E-2
3.414380450E1,1.448121428E-2,1.887481213E-3,-3.059263229E-3,1.492069851E-2
3.415379250E1,4.464466095E-2,-2.234016448E-2,-3.676202953E-2,6.199738313E-2
3.416378050E1,5.639639497E-2,-2.743250459E-2,-3.561831415E-2,7.212322772E-2
3.417376850E1,9.224187344E-2,-4.480516702E-2,-3.376942456E-2,1.079649955E-1
3.418375550E1,9.504795223E-2,-5.802367508E-2,-4.546619475E-2,1.202831450E-1
3.419374350E1,1.042500079E-1,-5.105145514E-2,-5.513281167E-2,1.285065840E-1
3.420373150E1,9.133409321E-2,-5.037814826E-2,-5.152040184E-2,1.163366933E-1
3.421371950E1,6.573001295E-2,-3.636207998E-2,-5.075734019E-2,9.065838652E-2
3.422370750E1,6.451963931E-2,-2.512957871E-2,-4.048319757E-2,8.020703753E-2
3.423369550E1,3.698597789E-2,-2.471442640E-2,-2.156043828E-2,4.943296401E-2
3.424368250E1,1.977732986E-2,-4.252387583E-3,-2.135403156E-2,2.941462630E-2
3.425367050E1,1.656516194E-2,1.315740466E-2,4.152692556E-3,2.155844946E-2
3.426365850E1,2.039508820E-2,2.458871126E-2,-3.779055476E-3,3.216901622E-2
3.427364650E1,1.353688896E-2,1.393537670E-2,-3.256899118E-3,1.969897151E-2
3.428363450E1,1.946596563E-2,3.377293289E-2,-4.111177325E-3,3.919740543E-2
3.429362250E1,2.171363533E-2,2.950914323E-2,-6.028479338E-3,3.712969238E-2
3.430360950E1,3.337941527E-2,2.518015712E-2,-7.290893197E-3,4.244270020E-2
3.431359750E1,2.074621350E-2,3.975404978E-2,8.484894633E-3,4.563752058E-2
3.432358550E1,-2.179841995E-3,3.132441133E-2,1.770244539E-2,3.604645654E-2
3.433357350E1,1.288200080E-2,-5.221563578E-3,9.725089073E-3,1.696431633E-2
3.434356150E1,1.622602344E-2,-1.514955103E-2,8.788365126E-3,2.387526114E-2
3.435354850E1,2.604349852E-2,-3.018888205E-2,1.253233731E-2,4.179344318E-2
3.436353650E1,-2.860457897E-3,-4.390264928E-2,3.432315588E-4,4.399707537E-2
3.437352450E1,-1.286153555E-2,-5.356692731E-2,-2.611951232E-3,5.515122018E-2
3.438351250E1,9.574815631E-4,-5.769623101E-2,2.940564752E-3,5.777905126E-2
3.439350050E1,-9.932080507E-3,-3.856063306E-2,-9.904598594E-3,4.103254463E-2
3.440348850E1,-4.170935869E-2,-4.864591062E-3,1.713234186E-2,4.535253010E-2
3.441347550E1,-6.824022263E-2,3.146737576E-2,3.255846620E-2,8.189613814E-2
3.442346350E1,-4.694320142E-2,5.493195981E-2,6.632847548E-2,9.808491743E-2
3.443345150E1,-7.476513058E-2,5.069535971E-2,5.919545710E-2,1.079997518E-1
3.444343950E1,-5.764945328E-2,4.117872387E-2,6.574960113E-2,9.665483336E-2
3.445342750E1,-3.167202830E-2,3.376737803E-2,5.024629354E-2,6.832307964E-2
3.446341450E1,8.638384044E-3,1.742207140E-2,2.829409182E-2,3.433228630E-2
3.447340250E1,2.980793595E-2,3.462136388E-3,6.624895334E-3,3.073090744E-2
3.448339050E1,5.505738258E-2,-6.333996356E-3,-3.304203093E-2,6.452294704E-2
3.449337850E1,6.247603744E-2,-1.732705414E-2,-4.008383274E-2,7.622463976E-2
3.450336650E1,8.818332106E-2,-3.663689911E-2,-5.911768913E-2,1.123096686E-1
3.451335450E1,1.037319446E-1,-1.640699476E-2,-5.147303939E-2,1.169571699E-1
3.452334150E1,9.129287034E-2,-3.550546288E-2,-6.343293428E-2,1.166994568E-1
3.453332950E1,9.885068893E-2,-4.093869567E-2,-5.319796801E-2,1.194883229E-1
3.454331750E1,6.995433390E-2,-3.141738206E-2,-3.403898120E-2,8.390061363E-2
3.455330550E1,4.022299647E-2,-3.130950093E-2,-1.086061835E-2,5.211647844E-2
3.456329350E1,2.704278767E-2,2.109383047E-3,-4.306474328E-3,2.746466062E-2
3.457328150E1,2.349060416E-2,1.556499571E-2,5.184726119E-3,2.865238140E-2
3.458326850E1,8.634875715E-3,2.943283707E-2,-4.133981466E-4,3.067611244E-2
3.459325650E1,-5.961236358E-3,1.745072275E-2,1.649031758E-2,2.473852537E-2
3.460324450E1,-1.552903533E-2,1.526006341E-2,2.973367631E-2,3.685257088E-2
3.461323250E1,-3.285901308E-2,-1.188738942E-3,3.697135985E-2,4.947736139E-2
3.462322050E1,-3.288298666E-2,-1.070157409E-2,3.714385271E-2,5.074919008E-2
3.463320750E1,-3.836007357E-2,-2.051904917E-2,3.240760803E-2,5.424739331E-2
3.464319550E1,-4.072965771E-2,7.246454358E-3,7.427718043E-3,4.203078768E-2
3.465318350E1,-3.052568167E-2,1.574947536E-2,2.499977052E-2,4.248354672E-2
3.466317150E1,-1.185230613E-2,-1.596289873E-4,2.012728572E-2,2.335830200E-2
3.467315950E1,-4.256188273E-3,9.437406063E-4,3.177844763E-2,3.207608952E-2
3.468314750E1,-4.113223851E-3,1.585297108E-2,2.497345805E-3,1.656719767E-2
3.469313450E1,1.729226321E-2,1.379445881E-2,-1.857017219E-2,2.888184128E-2
3.470312250E1,2.924309492E-2,2.146337450E-2,-2.579440713E-2,4.451052105E-2
3.471311050E1,3.704240352E-2,2.439458370E-2,-3.740990102E-2,5.802358199E-2
3.472309850E1,1.875172824E-2,8.489864767E-3,-3.102474153E-2,3.723224010E-2
3.473308650E1,2.870661288E-2,7.012273371E-3,-2.287489235E-2,3.736980467E-2
3.474307350E1,2.180631369E-2,1.014871985E-2,-4.619300365E-4,2.405670823E-2
3.475306150E1,1.754574001E-2,2.876537740E-3,1.416078687E-2,2.273005382E-2
3.476304950E1,4.030193388E-3,-1.245573878E-2,6.240733266E-3,1.450291830E-2
3.477303750E1,9.081018269E-3,-1.651516825E-2,8.673759699E-3,2.074728374E-2
3.478302508E1,5.998073816E-3,-4.428622663E-2,-2.316900730E-2,5.033934503E-2
3.479301308E1,-1.443092823E-3,-5.760004431E-2,-6.271138787E-3,5.795838855E-2
3.480300008E1,1.764397323E-2,-4.839067966E-2,1.653651059E-2,5.409643104E-2
3.481298808E1,1.283083767E-2,-5.804472506E-2,7.946366072E-3,5.997470497E-2
3.482297608E1,-3.484238863E-2,-4.931775570E-2,2.641538143E-2,6.590906955E-2
3.483296408E1,1.762877047E-2,2.214340568E-3,-3.469153047E-3,1.810281402E-2
3.484295208E1,2.119060189E-2,7.152898908E-3,1.086178780E-2,2.486330640E-2
3.485294008E1,2.136134058E-2,3.645914376E-2,1.648154676E-2,4.535655872E-2
3.486292708E1,2.148822516E-2,5.295823216E-2,1.956478357E-3,5.718519023E-2
3.487291508E1,2.746144831E-2,6.797388196E-2,4.900551438E-3,7.347513305E-2
3.488290308E1,1.371961445E-2,7.079984128E-2,-1.158684254E-2,7.304177070E-2
3.489289108E1,1.900462031E-2,5.208202690E-2,-1.657685637E-2,5.786627071E-2
3.490287908E1,-2.538627148E-2,7.046187222E-2,-6.646530032E-2,1.001347810E-1
3.491286708E1,7.616670817E-2,2.502900660E-2,5.288221836E-3,8.034789291E-2
3.492285408E1,8.002674758E-2,-4.654091299E-2,1.154591203E-2,9.329332771E-2
3.493284208E1,6.359051675E-2,-2.685392261E-2,4.706131518E-2,8.354432575E-2
3.494283008E1,6.978476465E-2,-3.845450610E-2,1.074601293E-2,8.039987071E-2
3.495281808E1,4.268233538E-2,-3.723156095E-2,-4.069662094E-2,6.974371541E-2
3.496280608E1,1.486449927E-2,-4.191781193E-2,-4.250165641E-2,6.151785996E-2
3.497279308E1,8.431100249E-3,-4.001249671E-2,-9.581832290E-3,4.199874825E-2
3.498278108E1,-1.634267539E-2,-1.423036873E-2,7.256979346E-3,2.285279375E-2
3.499276908E1,-4.295364618E-2,-9.882963896E-3,3.818816543E-2,5.831830480E-2
3.500275708E1,-4.559863418E-2,1.770712316E-2,4.961479425E-2,6.967356356E-2
3.501274508E1,-2.972929090E-2,2.365695745E-2,3.919037819E-2,5.458358834E-2
3.502273308E1,-3.368990242E-2,1.656253070E-2,3.624221206E-2,5.218069455E-2
3.503272008E1,-3.237544835E-2,2.217819661E-2,4.634503126E-3,3.951608128E-2
3.504270808E1,-1.524719954E-2,1.460751414E-2,-9.218720198E-3,2.303999490E-2
3.505269608E1,1.660609245E-4,1.776354879E-2,5.385870337E-3,1.856283494E-2
3.506268408E1,7.941395938E-3,1.323166430E-2,2.806663513E-3,1.568502693E-2
3.507267208E1,1.762906283E-2,3.655971587E-3,5.195251107E-3,1.873874645E-2
3.508266008E1,5.126721740E-2,-2.707407027E-2,-1.379065812E-2,5.959458962E-2
3.509264708E1,7.119686723E-2,-4.422863156E-2,-2.454310298E-2,8.733572955E-2
3.510263508E1,7.165470421E-2,-4.594654351E-2,-2.625399828E-2,8.907723571E-2
3.511262308E1,6.404192179E-2,-3.419744074E-2,-2.890103281E-2,7.814155359E-2
3.512261108E1,6.605336398E-2,-1.930312067E-2,-4.946042776E-2,8.474662987E-2
3.513259908E1,5.274744004E-2,-1.246158600E-2,-2.396130502E-2,5.925983205E-2
3.514258608E1,3.208542645E-2,1.119069368E-2,-5.621513128E-3,3.444281674E-2
3.515257408E1,1.295772225E-2,1.292059243E-2,1.319658101E-2,2.256089592E-2
3.516256208E1,-3.637845218E-3,2.762049258E-2,2.386365652E-2,3.668241582E-2
3.517255008E1,-2.514945924E-2,1.943146706E-2,2.018575788E-2,3.765025940E-2
3.518253808E1,-3.515316814E-2,2.857300401E-2,2.347247779E-2,5.102077030E-2
3.519252608E1,-2.173234642E-2,1.059720129E-2,2.940155447E-2,3.806634946E-2
3.520251308E1,-1.061357349E-2,8.572018147E-3,5.320966244E-4,1.365322541E-2
3.521250108E1,-1.081208646E-2,-1.747031093E-2,-7.390880585E-3,2.183433290E-2
3.522248908E1,-5.019542277E-3,-1.236919999E-2,5.495213270E-3,1.443572935E-2
3.523247708E1,-3.632875085E-3,-1.280774117E-2,1.030279398E-2,1.683400068E-2
3.524246508E1,-1.078109622E-2,-1.828102738E-2,8.120613098E-3,2.272382791E-2
3.525245208E1,2.929455042E-4,-1.775682449E-2,8.809415102E-3,1.982413750E-2
3.526244008E1,-6.604430079E-3,-1.221541822E-2,2.362041235E-2,2.739997844E-2
3.527242808E1,-3.136738837E-3,1.916717291E-3,2.834496260E-2,2.858233441E-2
3.528241608E1,-2.485592902E-2,9.685620368E-3,2.325320721E-2,3.538841752E-2
3.529240408E1,-2.052548110E-2,2.497755110E-2,4.214673042E-3,3.260271312E-2
3.530239208E1,2.993774414E-4,1.969283760E-2,-1.344333351E-2,2.384576892E-2
3.531237908E1,3.140714943E-2,2.140227109E-2,-1.073314905E-2,3.949261617E-2
3.532236708E1,5.298045158E-2,2.377156287E-2,-3.643341601E-2,6.855223741E-2
3.533235508E1,9.296049625E-2,2.506408989E-2,-4.306065023E-2,1.054707640E-1
3.534234308E1,1.026367611E-1,6.567592621E-3,-5.747286737E-2,1.178158244E-1
3.535233108E1,1.245480323E-1,-1.534894109E-4,-5.790029883E-2,1.373487550E-1
3.536231908E1,1.098732752E-1,-8.305969834E-3,-6.586069822E-2,1.283696121E-1
3.537230608E1,1.001166111E-1,-4.420495033E-4,-5.614613414E-2,1.147864086E-1
3.538229408E1,7.059957415E-2,1.875202060E-3,-1.742528737E-2,7.274240093E-2
3.539228208E1,6.461085588E-2,-5.452528596E-4,4.443883896E-5,6.461317182E-2
3.540227008E1,3.370247394E-2,-6.057715416E-4,1.260308862E-2,3.598696363E-2
3.541225808E1,-9.279531240E-4,-6.029064059E-3,2.075293779E-2,2.163088388E-2
3.542224508E1,-5.858939320E-2,2.003694624E-2,2.287664652E-2,6.601164417E-2
3.543223308E1,-8.619088233E-2,3.296952546E-2,3.217488885E-2,9.772963357E-2
3.544222108E1,-1.103919232E-1,2.105816245E-2,8.574590921E-2,1.413583526E-1
3.545220908E1,-1.014228791E-1,1.671660483E-2,8.687500656E-2,1.345857052E-1
3.546219708E1,-1.073379225E-1,1.074045807E-2,7.299897909E-2,1.302522091E-1
3.547218508E1,-5.698813319E-2,-1.982556939E-2,6.906380296E-2,9.170882948E-2
3.548217208E1,-2.625078231E-2,-2.843851805E-2,5.746643543E-2,6.928379379E-2
3.549216008E1,-6.883634627E-3,-1.320155114E-2,4.026685059E-2,4.293116158E-2
3.550214808E1,2.376513094E-2,-8.797135949E-3,-3.651001453E-3,2.560275104E-2
3.551213608E1,4.022445828E-2,-3.536980748E-3,-1.619094014E-2,4.350475628E-2
3.552212408E1,7.035048276E-2,-1.042090774E-2,-1.222418904E-2,7.216104587E-2
3.553211208E1,6.955993921E-2,-1.900315851E-2,-1.109099865E-2,7.295694228E-2
3.554209908E1,4.483820379E-2,2.300586998E-3,-1.077057123E-3,4.491010211E-2
3.555208708E1,4.467682064E-2,5.008724928E-3,-1.885376215E-2,4.875007666E-2
3.556207508E1,3.234504282E-2,3.023273617E-2,-7.433916092E-2,8.652474200E-2
3.557206308E1,3.156736314E-2,5.806840628E-2,-4.243265927E-2,7.854278323E-2
3.558205108E1,5.239397585E-2,4.690227091E-2,3.812384605E-4,7.032138413E-2
3.559203908E1,3.713712841E-2,5.560994446E-3,2.515472174E-2,4.519790915E-2
3.560202608E1,1.139622331E-2,-5.007029235E-2,1.884849966E-2,5.470076801E-2
3.561201408E1,2.065148860E-2,-3.868985653E-2,9.312860370E-3,4.483434340E-2
3.562200208E1,2.279098481E-2,-1.900023490E-2,-3.120951355E-2,4.306357684E-2
3.563199008E1,3.293210328E-2,-2.884460717E-2,-2.260592043E-2,4.927029965E-2
3.564197808E1,6.425505280E-3,-3.948741674E-2,6.774584055E-3,4.057632547E-2
3.565196508E1,-6.752072275E-3,-3.308559269E-2,5.248694658E-2,6.241094844E-2
3.566195308E1,-2.933197260E-2,-2.866597474E-2,4.404005885E-2,6.017997597E-2
3.567194108E1,-4.616522938E-2,-1.990099847E-3,4.796880305E-2,6.660476685E-2
3.568192908E1,-9.852616847E-2,3.890152574E-3,1.367137492E-2,9.954619858E-2
3.569191708E1,-9.331776112E-2,2.229484856E-2,2.569032669E-2,9.932400364E-2
3.570190508E1,-1.007548347E-1,6.547799796E-2,2.117744565E-2,1.220138891E-1
3.571189208E1,-1.029273677E-1,6.326161087E-2,3.578729868E-2,1.260031951E-1
3.572188008E1,-8.883499324E-2,7.678885192E-2,6.766748786E-2,1.355251737E-1
3.573186808E1,-8.374323785E-2,7.534868270E-2,7.285513759E-2,1.341574632E-1
3.574185608E1,-7.420642912E-2,8.353390753E-2,7.707799673E-2,1.357406550E-1
3.575184408E1,-5.492289662E-2,6.973623276E-2,5.289742112E-2,1.033334597E-1
3.576183208E1,-2.451620579E-2,3.358640671E-2,2.388821483E-2,4.795558225E-2
3.577181908E1,1.105591536E-2,-1.013848722E-2,-9.646151662E-3,1.783452913E-2
3.578180696E1,3.469854712E-2,-4.844827473E-2,-3.485408306E-2,6.903645126E-2
3.579179496E1,9.593468249E-2,-5.163266838E-2,-7.093257308E-2,1.300031756E-1
3.580178296E1,8.429082960E-2,-1.065722296E-1,-9.585925341E-2,1.662876440E-1
3.581177096E1,1.296810105E-1,-1.195705900E-1,-9.523652494E-2,2.004601860E-1
3.582175796E1,1.696122310E-1,-9.416414559E-2,-1.226406705E-1,2.295123728E-1
3.583174596E1,1.764911878E-1,-9.525962144E-2,-1.153690732E-1,2.313732005E-1
3.584173396E1,1.631171438E-1,-4.787934065E-2,-8.564767599E-2,1.903553474E-1
3.585172196E1,1.501652688E-1,-2.159405977E-2,-3.900502145E-2,1.566438734E-1
3.586170996E1,1.504801413E-1,2.007202953E-2,-3.389630914E-2,1.555510176E-1
3.587169796E1,1.075975388E-1,5.211506367E-2,-3.340923607E-2,1.241345531E-1
3.588168496E1,8.573070645E-2,5.603825301E-2,-2.819527388E-2,1.062309432E-1
3.589167296E1,7.489376932E-2,7.700899959E-2,-3.168898523E-2,1.119984575E-1
3.590166096E1,1.007659444E-1,1.485452977E-1,-5.222089827E-2,1.869398385E-1
3.591164896E1,1.341532534E-1,2.046636575E-1,-7.325157881E-2,2.554409950E-1
3.592163696E1,2.504654825E-2,8.715391874E-2,-3.523122847E-2,9.728501730E-2
3.593162496E1,5.847420305E-2,6.802943051E-3,9.250879884E-3,5.959103318E-2
3.594161196E1,8.605318040E-2,2.899400353E-2,3.007866204E-2,9.565839225E-2
3.595159996E1,3.103760540E-2,-2.918637693E-2,2.991377056E-2,5.205776807E-2
3.596158796E1,-3.399191111E-2,-9.742279887E-2,1.309074640E-2,1.040097082E-1
3.597157596E1,-3.920587331E-2,-1.401019183E-1,1.439935327E-2,1.461950388E-1
3.598156396E1,-9.044853240E-2,-1.730506861E-1,2.187852681E-2,1.964844699E-1
3.599155196E1,-9.261083275E-2,-1.757573622E-1,4.491714120E-2,2.036785858E-1
3.600153896E1,-1.129152891E-1,-1.753357780E-1,3.331275702E-2,2.111924178E-1
3.601152696E1,-1.035158899E-1,-1.468756253E-1,3.766893268E-2,1.835944913E-1
3.602151496E1,-7.683504492E-2,-1.075978312E-1,4.804189324E-2,1.406731705E-1
3.603150296E1,-4.472506016E-2,-8.411336660E-2,6.059411108E-2,1.129027712E-1
3.604149096E1,-5.414901763E-2,-6.452694833E-2,3.169658661E-2,9.000287092E-2
3.605147796E1,-5.281175941E-2,-3.794316709E-2,6.827208996E-3,6.538636436E-2
3.606146596E1,-6.395362884E-2,-2.875192881E-2,1.197919071E-2,7.113537138E-2
3.607145396E1,-6.010937691E-2,-1.999543101E-2,1.418417573E-2,6.491644857E-2
3.608144196E1,-4.699904233E-2,-5.019834638E-3,3.394717991E-2,5.819381190E-2
3.609142996E1,-4.747909874E-2,1.828248918E-2,4.161463380E-2,6.572892798E-2
3.610141796E1,-3.829780072E-2,5.048485994E-2,3.304320037E-2,7.146534625E-2
3.611140496E1,-2.318391770E-2,5.232644051E-2,2.625341356E-2,6.296659543E-2
3.612139296E1,9.788239002E-3,5.520356297E-2,1.444262266E-3,5.608323173E-2
3.613138096E1,1.822167814E-2,6.038770437E-2,-1.283697724E-2,6.436996488E-2
3.614136896E1,2.968982220E-2,2.966526389E-2,-4.267707288E-2,5.985687908E-2
3.615135696E1,5.093041778E-2,2.628849685E-2,-2.898991048E-2,6.422933466E-2
3.616134496E1,6.943246990E-2,2.721381873E-2,-2.802687407E-2,7.966784468E-2
3.617133196E1,5.456358522E-2,-3.030027151E-3,-3.815249741E-2,6.664817293E-2
3.618131996E1,4.257270008E-2,-2.393674672E-2,-1.908998966E-2,5.243882475E-2
3.619130796E1,3.982597053E-2,-9.253803492E-3,2.678024769E-4,4.088780412E-2
3.620129596E1,3.801684201E-2,1.376814634E-2,2.892617583E-3,4.053651892E-2
3.621128396E1,3.193164468E-2,1.411897928E-2,-7.693766356E-3,3.575149715E-2
3.622127196E1,9.128088355E-3,4.569715977E-2,-2.556578100E-2,5.315224893E-2
3.623125896E1,1.397455305E-2,4.276302695E-2,-1.774805367E-2,4.836277511E-2
3.624124696E1,-1.496887207E-3,3.959763676E-2,-1.010632753E-2,4.089439282E-2
3.625123496E1,1.547933400E-2,5.159700036E-2,-5.088831782E-3,5.410874639E-2
3.626122296E1,2.557689071E-2,5.472233713E-2,-1.643652320E-3,6.042692373E-2
3.627121096E1,3.179686636E-2,6.676877081E-2,-1.371990681E-2,7.521532629E-2
3.628119796E1,3.645125002E-2,4.252504528E-2,-1.605762362E-2,5.826594528E-2
3.629118596E1,7.226369172E-2,3.099930614E-2,-1.489870548E-3,7.864615589E-2
3.630117396E1,8.755854607E-2,1.501652688E-2,-2.027814388E-3,8.886004220E-2
3.631116196E1,7.068786711E-2,2.812276840E-2,-2.626861632E-2,8.048419014E-2
3.632114996E1,6.324143797E-2,6.445678174E-3,-3.736604691E-2,7.373769528E-2
3.633113796E1,4.916163504E-2,-1.634413719E-2,-3.755666614E-2,6.398828293E-2
3.634112496E1,3.599399775E-2,-2.400457442E-2,-1.395262599E-2,4.545836820E-2
3.635111296E1,1.776676476E-2,-2.833385289E-2,-1.799305201E-2,3.797650682E-2
3.636110096E1,3.420533448E-2,-2.922526091E-2,-3.156093121E-2,5.495646605E-2
3.637108896E1,1.970219314E-2,-4.140939653E-2,-3.122296214E-2,5.547781449E-2
3.638107696E1,5.717816770E-2,-5.463579834E-2,-2.806195736E-2,8.391595064E-2
3.639106496E1,6.919858128E-2,-3.542798728E-2,-1.343105435E-2,7.889219958E-2
3.640105196E1,4.716422617E-2,-6.072128803E-2,5.255477428E-3,7.706593990E-2
3.641103996E1,3.584577084E-2,-5.803946257E-2,1.145001769E-2,6.917081326E-2
3.642102796E1,5.381660342E-2,-5.149759769E-2,-9.700530767E-4,7.449275384E-2
3.643101596E1,4.438329041E-2,-4.387458265E-3,-1.920810342E-2,4.856004010E-2
3.644100396E1,3.121097535E-2,2.037491530E-2,-2.427530050E-2,4.448092142E-2
3.645099196E1,3.814021826E-2,6.760258377E-2,-2.554297686E-2,8.171431482E-2
3.646097896E1,3.499938637E-2,7.570740938E-2,-5.463638306E-3,8.358480858E-2
3.647096696E1,4.787758648E-2,7.147519469E-2,-1.091207385E-2,8.671816476E-2
3.648095496E1,4.491714120E-2,6.856912851E-2,-1.163946748E-2,8.279343067E-2
3.649094296E1,3.552271217E-2,1.123314446E-1,-1.397484541E-4,1.178144136E-1
3.650093096E1,2.207645506E-2,1.075057375E-1,-9.972426295E-3,1.102011922E-1
3.651091796E1,4.653798938E-3,8.019427031E-2,-8.134646416E-3,8.074002296E-2
3.652090596E1,6.544788480E-3,5.883176029E-2,1.803105891E-2,6.187995928E-2
3.653089396E1,2.394785643E-2,3.032716870E-2,3.522304237E-2,5.228670675E-2
3.654088196E1,1.787523061E-2,9.241816700E-3,1.789364934E-2,2.692801017E-2
3.655086996E1,1.501272619E-2,-8.959396183E-3,4.058493912E-2,4.419038370E-2
3.656085796E1,2.326987177E-2,-1.043494105E-2,3.473129153E-2,4.308871707E-2
3.657084496E1,-8.242235184E-3,-3.903601170E-2,3.983941913E-2,5.638194717E-2
3.658083296E1,-8.046675056E-2,-5.311435282E-2,2.173293114E-2,9.883497720E-2
3.659082096E1,-1.222857445E-1,-1.077788025E-1,-7.484436035E-4,1.630050115E-1
3.660080896E1,-1.437593517E-1,-1.634510198E-1,-1.061094224E-2,2.179348049E-1
3.661079696E1,-1.206312749E-1,-1.790677634E-1,-4.332786798E-4,2.159105280E-1
3.662078496E1,-7.715050220E-2,-1.680858153E-1,-8.710597157E-3,1.851510621E-1
3.663077196E1,-3.321627796E-2,-1.599540925E-1,-1.412277997E-2,1.639758694E-1
3.664075996E1,-1.661252439E-2,-1.209788918E-1,-2.091198206E-2,1.238918045E-1
3.665074796E1,-1.763578713E-2,-1.076139110E-1,-2.764622033E-2,1.124992815E-1
3.666073596E1,-7.126294076E-3,-9.475412965E-2,-4.393188536E-2,1.046859098E-1
3.667072396E1,3.803438365E-2,-8.542840540E-2,-5.423877239E-2,1.081039834E-1
3.668071196E1,7.418888748E-2,-3.326247096E-2,-4.916046560E-2,9.501123290E-2
3.669069896E1,8.136809886E-2,-6.544788480E-3,-4.576498747E-2,9.358437821E-2
3.670068696E1,9.702167988E-2,4.119714260E-2,-4.031889081E-2,1.128539936E-1
3.671067496E1,6.580427259E-2,8.779126525E-2,-4.126672447E-2,1.172196703E-1
3.672066296E1,6.405127734E-2,1.148346376E-1,-2.291933119E-2,1.334723038E-1
3.673065096E1,8.449928284E-2,1.379048270E-1,2.014950514E-3,1.617464996E-1
3.674063896E1,8.535443813E-2,1.782096845E-1,1.966594040E-2,1.985719541E-1
3.675062596E1,1.339295974E-1,2.253598773E-1,1.723934591E-2,2.627192540E-1
3.676061396E1,1.247971237E-1,2.147419184E-1,3.489969134E-2,2.508114871E-1
3.677060196E1,1.157500193E-1,2.407088184E-1,3.496751904E-2,2.693724738E-1
3.678059046E1,9.072364390E-2,2.004960546E-1,3.644744933E-2,2.230647082E-1
3.679057846E1,3.987918019E-2,1.620848179E-1,3.087739170E-2,1.697505538E-1
3.680056546E1,-2.072662532E-2,1.228844994E-1,5.446915269E-2,1.360039771E-1
3.681055346E1,-8.226857007E-2,6.625070751E-2,4.246189535E-2,1.138432537E-1
3.682054146E1,-4.265660763E-2,5.746058822E-2,6.314700544E-2,9.544029374E-2
3.683052946E1,1.290217370E-2,7.437015116E-2,6.243832290E-2,9.795881602E-2
3.684051746E1,-6.715468705E-2,3.101246238E-2,1.842866957E-2,7.623083810E-2
3.685050546E1,-6.238102019E-2,-3.771746457E-2,-5.779972672E-3,7.312596596E-2
3.686049246E1,-4.747383624E-2,-4.491334051E-2,-1.793516457E-2,6.776904464E-2
3.687048046E1,-6.086834550E-2,-6.566247761E-2,-2.303744495E-2,9.245128620E-2
3.688046846E1,-7.229409724E-2,-1.008051208E-1,-1.291299105E-2,1.247191012E-1
3.689045646E1,-6.585338920E-2,-1.021654755E-1,2.408351183E-2,1.239131502E-1
3.690044446E1,-3.934825301E-2,-9.366420865E-2,2.617155254E-2,1.049105293E-1
3.691043246E1,-3.528823882E-2,-7.932215810E-2,5.173031688E-2,1.010608245E-1
3.692041946E1,-5.229691207E-2,-7.760804683E-2,3.800690174E-2,1.010074281E-1
3.693040746E1,-4.025194019E-2,-9.805488288E-2,1.467709601E-2,1.070065227E-1
3.694039546E1,-3.361622751E-2,-9.873315990E-2,1.947415173E-2,1.061015089E-1
3.695038346E1,-4.014435142E-2,-8.851982832E-2,-1.798603535E-2,9.884749073E-2
3.696037146E1,-2.703167796E-2,-9.489767879E-2,4.918093085E-3,9.879508436E-2
3.697035946E1,4.074924588E-3,-9.335547566E-2,-4.512881041E-3,9.355327863E-2
3.698034646E1,4.743261337E-2,-1.023973176E-1,-1.081033230E-2,1.133663387E-1
3.699033446E1,8.401162505E-2,-8.382451415E-2,-5.033809483E-2,1.289124746E-1
3.700032246E1,1.071125123E-1,-7.174796730E-2,-6.435094714E-2,1.440899216E-1
3.701031046E1,1.044125605E-1,-3.535402000E-2,-5.102572739E-2,1.214722782E-1
3.702029846E1,8.055972129E-2,-5.601632595E-3,-5.194490969E-2,9.601833484E-2
3.703028646E1,5.446856797E-2,-1.404501200E-3,-3.212694168E-2,6.325296753E-2
3.704027346E1,3.201292098E-2,-1.286884457E-2,-3.683745861E-5,3.450269014E-2
3.705026146E1,2.082895160E-2,-4.393597841E-3,1.253526092E-2,2.470388012E-2
3.706024946E1,3.725816578E-2,-1.168098271E-2,3.641645908E-3,3.921578584E-2
3.707023746E1,4.367782384E-2,-2.979477972E-2,-1.509400249E-2,5.498463517E-2
3.708022546E1,5.799794734E-2,-5.486500919E-2,-3.888281465E-2,8.880205180E-2
3.709021246E1,6.033595651E-2,-6.536310017E-2,-5.443640828E-2,1.042884704E-1
3.710020046E1,4.547876626E-2,-6.936230332E-2,-5.698520958E-2,1.006318111E-1
3.711018846E1,4.307877660E-2,-6.272863716E-2,-4.526738942E-2,8.854264203E-2
3.712017646E1,4.912772119E-2,-3.228189290E-2,-3.202052236E-2,6.694002876E-2
3.713016446E1,2.797044843E-2,-3.278153747E-2,-8.978984356E-3,4.401814790E-2
3.714015246E1,7.133603096E-5,-2.072282463E-2,-7.797846794E-3,2.214152127E-2
3.715014046E1,-1.116145760E-2,2.849640548E-3,1.311062694E-2,1.745242463E-2
3.716012746E1,-2.387973636E-2,3.445471823E-3,2.576692522E-2,3.529939829E-2
3.717011546E1,-7.187397480E-3,1.098750293E-2,2.311521292E-2,2.658377271E-2
3.718010346E1,-2.694660097E-2,3.049030602E-2,6.841242313E-3,4.126233951E-2
3.719009146E1,-5.512462556E-3,3.010614395E-2,-6.607353687E-4,3.061378314E-2
3.720007946E1,-3.353378177E-3,3.507510781E-2,-2.273397446E-3,3.530830878E-2
3.721006646E1,-9.212580621E-3,5.575817138E-2,2.066406012E-3,5.655188194E-2
3.722005446E1,7.040340006E-3,4.075597018E-2,4.460256100E-3,4.159939155E-2
3.723004246E1,2.751056492E-2,2.117686093E-2,2.572540998E-2,4.320980606E-2
3.724003046E1,3.055287123E-2,3.189071417E-2,1.824097395E-2,4.778314265E-2
3.725001846E1,4.266216248E-2,3.048065811E-2,1.574304342E-2,5.474462570E-2
3.726000646E1,2.423553944E-2,1.235224307E-2,1.828599751E-2,3.277677509E-2
3.726999346E1,1.454874963E-2,1.271974057E-2,1.795095205E-4,1.932589298E-2
3.727998146E1,1.400525093E-2,2.350960761E-2,-2.608442903E-3,2.748913746E-2
3.728996946E1,1.851228476E-3,2.740882337E-2,-2.914252281E-2,4.004943547E-2
3.729995746E1,8.220892847E-3,4.136027992E-2,5.040299892E-4,4.217238291E-2
3.730994546E1,1.047937989E-2,5.108770788E-2,3.399922013E-2,6.225526700E-2
3.731993346E1,3.981953859E-4,4.550215513E-2,2.576867938E-2,5.229368526E-2
3.732992046E1,8.248082399E-3,5.088422477E-2,2.732403874E-3,5.162074413E-2
3.733990846E1,6.517014205E-3,3.354079843E-2,4.801148772E-3,3.450373404E-2
3.734989646E1,-3.426176012E-3,1.751387268E-2,1.947122812E-4,1.784691378E-2
3.735988446E1,1.319102615E-2,7.914206386E-4,1.574655175E-3,1.330823266E-2
3.736987246E1,2.842799306E-2,-2.668493807E-2,-3.362792194E-2,5.148857974E-2
3.737986046E1,4.637485206E-2,-2.934659064E-2,-2.181128383E-2,5.905574814E-2
3.738984746E1,5.786170721E-2,-5.848999053E-2,-2.794150472E-2,8.688949211E-2
3.739983546E1,4.273203671E-2,-7.476980835E-2,-2.325613081E-2,8.920425339E-2
3.740982346E1,5.184960008E-2,-7.207336485E-2,-1.916074097E-2,9.082997822E-2
3.741981146E1,4.358280659E-2,-5.725330442E-2,-3.408400476E-2,7.961859882E-2
3.742979946E1,2.973513812E-2,-4.413332194E-2,-2.029568553E-2,5.695474867E-2
3.743978746E1,7.381817400E-3,-9.622762799E-3,-6.842411757E-3,1.392506340E-2
3.744977446E1,-7.523027658E-3,-4.308228493E-3,3.104871511E-3,9.208528927E-3
3.745976246E1,-3.453716397E-2,2.545029849E-2,1.980802774E-2,4.725347978E-2
3.746975046E1,-2.019774467E-2,3.198193073E-2,3.554931700E-2,5.190902352E-2
3.747973846E1,-3.655854642E-2,4.904293656E-2,5.028079212E-2,7.918266855E-2
3.748972646E1,-1.148100793E-2,4.988873631E-2,4.705079019E-2,6.953039919E-2
3.749971446E1,1.590442657E-4,4.772731304E-2,4.764662147E-2,6.743976751E-2
3.750970146E1,-2.151249111E-2,4.144272566E-2,4.548081279E-2,6.518275167E-2
3.751968946E1,4.828923047E-3,3.692955226E-2,4.641578257E-2,5.951079901E-2
3.752967746E1,2.100407571E-2,3.323732793E-2,2.903551877E-2,4.887691187E-2
3.753966546E1,-1.220898628E-3,-1.336468846E-2,1.743405819E-2,2.200117897E-2
3.754965346E1,1.460166693E-2,-3.656147003E-2,-8.006007671E-3,4.017519044E-2
3.755964046E1,5.098772049E-3,-5.933842152E-2,-1.730191112E-2,6.201936692E-2
3.756962846E1,-5.499306321E-4,-6.253977209E-2,-2.782631457E-2,6.845311753E-2
3.757961646E1,-3.170945048E-2,-4.726012051E-2,-1.487005413E-2,5.882284208E-2
3.758960446E1,-7.964200079E-3,-5.396044493E-2,1.589273214E-2,5.681317659E-2
3.759959246E1,-6.744763255E-3,-3.622642457E-2,9.578908682E-3,3.807362815E-2
3.760958046E1,-3.568263352E-3,-4.004758000E-2,-1.620088041E-2,4.334754542E-2
3.761956746E1,8.960565627E-3,3.746018708E-3,-1.359126806E-2,1.670469874E-2
3.762955546E1,1.939229071E-3,1.537993133E-2,-2.040912151E-2,2.562879510E-2
3.763954346E1,-1.012737751E-2,5.012817979E-3,1.689611435E-2,2.032660324E-2
3.764953146E1,4.510571390E-2,5.207793385E-2,2.062722266E-2,7.191744528E-2
3.765951946E1,7.400791615E-2,5.899460524E-2,1.403039396E-2,9.567856111E-2
3.766950746E1,6.811479986E-2,1.180552840E-2,-2.397475362E-2,7.316956520E-2
3.767949446E1,9.529879779E-2,-9.443253279E-4,-8.526409864E-2,1.278777507E-1
3.768948246E1,1.375323594E-1,3.581127226E-3,-1.131184798E-1,1.781116639E-1
3.769947046E1,1.439128411E-1,-1.547524095E-2,-1.138792026E-1,1.841707406E-1
3.770945846E1,1.336363596E-1,-2.670014083E-2,-9.501725435E-2,1.661320341E-1
3.771944646E1,1.188429040E-1,-3.734382749E-2,-6.922635555E-2,1.425148609E-1
3.772943446E1,1.201491719E-1,-3.659070611E-2,-3.982713997E-2,1.317607847E-1
3.773942146E1,8.475363672E-2,-2.746144831E-2,-2.896476746E-2,9.368173693E-2
3.774940946E1,4.358631492E-2,-1.510335803E-3,-4.631696463E-2,6.361846567E-2
3.775939746E1,2.452205300E-2,6.352999806E-3,-1.337725997E-2,2.864686325E-2
3.776938546E1,-9.626563489E-3,-2.065236568E-3,1.396841347E-2,1.708954363E-2
3.777937346E1,-6.998970956E-2,5.113390088E-3,3.198777795E-2,7.712278613E-2
3.778936146E1,-8.216273546E-2,-6.379312277E-4,5.208699703E-2,9.728400339E-2
3.779934846E1,-8.187973022E-2,-1.007943034E-2,6.346100092E-2,1.040825815E-1
3.780933646E1,-6.156679541E-2,2.495884001E-3,5.339151084E-2,8.153130174E-2
3.781932446E1,-5.957143307E-2,-1.467943490E-3,4.564278066E-2,7.506113457E-2
3.782931246E1,-5.983865082E-2,-2.198962390E-2,2.789531171E-2,6.958703979E-2
3.783930046E1,-3.995928705E-2,-2.077866554E-2,4.582229018E-2,6.425091315E-2
3.784928846E1,-8.580204248E-3,-1.231043547E-2,5.638060749E-2,5.834329119E-2
3.785927546E1,-4.202101529E-3,-1.465721548E-2,4.470196366E-2,4.723089220E-2
3.786926346E1,4.488030374E-3,-1.769338220E-2,3.365832746E-2,3.828943977E-2
3.787925146E1,2.131953299E-2,-1.518931210E-2,2.198786974E-2,3.418631458E-2
3.788923946E1,1.564334840E-2,8.994479477E-3,5.688756108E-3,1.892027897E-2
3.789922746E1,3.642201394E-2,1.665930212E-2,-9.677141905E-4,4.006284959E-2
3.790921546E1,3.113028377E-2,1.379913658E-2,-9.228660464E-3,3.528000726E-2
3.791920246E1,1.251362622E-2,1.403390229E-2,-3.674097955E-2,4.127276139E-2
3.792919046E1,2.380109131E-2,1.184061170E-2,-1.538460910E-2,3.071446288E-2
3.793917846E1,1.646517456E-2,-4.174327254E-3,2.016704679E-3,1.710538158E-2
3.794916646E1,1.333223641E-2,-2.109587699E-2,9.305843711E-3,2.663425015E-2
3.795915446E1,1.682243943E-2,-5.074944645E-2,-2.076346278E-3,5.350525205E-2
3.796914246E1,2.723311454E-2,-2.345113546E-2,2.855195403E-3,3.605205157E-2
3.797912946E1,1.902099252E-2,-6.324348450E-3,-1.085827947E-3,2.007422631E-2
3.798911746E1,-6.541572511E-3,-2.762224674E-3,-6.332534552E-3,9.514360195E-3
3.799910546E1,1.460634470E-3,-1.022970378E-3,2.773334384E-3,3.297166216E-3
3.800909346E1,-1.800240755E-2,-6.358262300E-3,2.650484383E-2,3.266528622E-2
3.801908146E1,-1.516592324E-2,-1.804421514E-2,3.375071347E-2,4.116685059E-2
3.802906946E1,7.431811094E-4,-1.230137229E-2,1.528286755E-2,1.963267987E-2
3.803905646E1,-2.030854940E-2,-4.557904601E-4,-5.182387233E-3,2.096430445E-2
3.804904446E1,2.151190639E-3,5.127423406E-3,8.435193300E-3,1.010299846E-2
3.805903246E1,7.331531346E-2,3.365364969E-2,-2.307896018E-3,8.070334385E-2
3.806902046E1,4.116439819E-2,3.032307565E-2,-1.144241631E-2,5.239203648E-2
3.807900846E1,6.566540122E-2,3.649188817E-2,-8.121782541E-4,7.512830660E-2
3.808899546E1,5.571022421E-2,1.865261793E-2,-2.552835882E-2,6.405658702E-2
3.809898346E1,6.841008425E-2,3.002720654E-2,-4.196488202E-2,8.568911297E-2
3.810897146E1,6.197990119E-2,1.427773118E-2,-6.526135862E-2,9.112851743E-2
3.811895946E1,4.703968048E-2,-9.054998159E-3,-3.114928722E-2,5.714020149E-2
3.812894746E1,2.534300208E-2,-6.816976368E-3,-3.005118012E-2,3.989752308E-2
3.813893546E1,1.168449104E-2,-5.583506227E-3,-1.559920192E-2,2.027407145E-2
3.814892346E1,-0.000000000E0,1.280891061E-2,9.809288979E-3,1.613351608E-2
3.815891046E1,-2.001648098E-2,-5.288806558E-3,2.998569131E-2,3.643861508E-2
3.816889846E1,-2.509127945E-2,5.625021458E-3,3.767653406E-2,4.561506757E-2
3.817888646E1,-4.822812706E-2,-1.673356175E-2,6.479475081E-2,8.248832682E-2
3.818887446E1,-3.805046350E-2,-1.728261530E-2,5.182094872E-2,6.657279692E-2
3.819886246E1,-2.015681416E-2,-2.794881374E-2,3.787066162E-2,5.120176127E-2
3.820884946E1,-1.638974547E-2,-1.089570165E-2,7.500223517E-3,2.106165767E-2
3.821883746E1,-7.863043249E-3,-1.924611032E-2,-6.960525513E-3,2.192462376E-2
3.822882546E1,7.792291939E-3,-1.949695587E-2,-9.036287069E-3,2.285838109E-2
3.823881346E1,2.244629145E-2,-3.341303676E-2,-7.283291817E-3,4.090615315E-2
3.824880146E1,3.865184963E-2,-1.345912099E-2,-6.613785625E-3,4.145908317E-2
3.825878946E1,2.156131536E-2,-1.440987825E-2,-1.360296249E-2,2.928439004E-2
3.826877646E1,2.275151610E-3,6.357677579E-3,-2.143647730E-2,2.247485124E-2
3.827876446E1,-2.049887627E-2,2.774269938E-2,-2.400048137E-2,4.202242739E-2
3.828875246E1,1.521445513E-2,2.230595827E-2,-3.000264823E-2,4.036327936E-2
3.829874046E1,3.022133410E-3,2.302984357E-2,-9.122241139E-3,2.495440379E-2
3.830872846E1,-9.829169512E-4,2.881800234E-2,1.604885280E-2,3.300013729E-2
3.831871646E1,1.778021336E-2,1.769689053E-2,3.494296074E-3,2.532836407E-2
3.832870346E1,1.568720251E-2,8.705042303E-3,5.427385569E-3,1.874360153E-2
3.833869146E1,2.350726873E-2,-4.449731112E-4,7.728849649E-3,2.474923839E-2
3.834867946E1,1.952443779E-2,-1.592255294E-2,-1.140733302E-2,2.765607726E-2
3.835866746E1,3.488127261E-2,-1.638477534E-2,2.327191830E-4,3.853852878E-2
3.836865546E1,2.088186890E-2,2.648203969E-3,-1.662772715E-2,2.682436846E-2
3.837864346E1,2.369671851E-2,-1.035805017E-2,-6.274647117E-3,2.661193093E-2
3.838863046E1,3.916114211E-2,-2.085731059E-2,-1.775974810E-2,4.779153805E-2
3.839861846E1,4.426137596E-2,5.178878903E-3,-8.384907246E-4,4.457121555E-2
3.840860646E1,4.027445197E-2,-1.033875436E-2,-1.759661078E-2,4.515043781E-2
3.841859446E1,3.819079667E-2,-7.028645575E-3,-2.453257799E-2,4.593240895E-2
3.842858246E1,2.545936167E-2,-1.303227425E-2,-4.234670520E-2,5.110051575E-2
3.843857046E1,4.137402087E-2,-3.884685427E-2,-1.980919719E-2,6.011066447E-2
3.844855746E1,4.211954087E-2,-2.614056230E-2,-3.683161139E-3,4.970865514E-2
3.845854546E1,2.901973128E-2,-2.278221399E-2,-1.586934328E-2,4.016229742E-2
3.846853346E1,1.189323664E-3,-1.802667350E-2,-1.161783278E-2,2.147904762E-2
3.847852146E1,-4.934757650E-3,7.813634276E-3,1.110386252E-2,1.444646935E-2
3.848850946E1,-2.129848301E-2,3.272394240E-3,1.859180689E-2,2.846030966E-2
3.849849746E1,-2.594643474E-2,2.507753849E-2,1.726039588E-2,4.000027098E-2
3.850848446E1,-2.860837966E-2,2.614787132E-2,2.612945259E-2,4.674290164E-2
3.851847246E1,-2.469630003E-2,2.008372396E-2,4.717942894E-2,5.691363385E-2
3.852846046E1,-8.283750415E-3,2.697028220E-2,5.035037398E-2,5.771634780E-2
3.853844846E1,-4.115387321E-2,1.204701841E-2,5.834351778E-3,4.327599326E-2
3.854843646E1,-2.394083977E-2,7.555187345E-3,2.531668961E-2,3.565360343E-2
3.855842446E1,1.984837353E-2,7.962153554E-3,5.382362008E-3,2.205274681E-2
3.856841146E1,6.328149140E-3,-6.452110112E-3,-2.483429432E-2,2.642758730E-2
3.857839946E1,-1.190376163E-2,6.328441501E-3,-3.062946975E-2,3.346510317E-2
3.858838746E1,-2.093010843E-3,1.511037469E-2,-1.815092683E-2,2.370991907E-2
3.859837546E1,-1.476977438E-2,1.145177186E-2,-2.033837020E-2,2.762134349E-2
3.860836346E1,-2.010974407E-2,-2.898464799E-3,-6.467020512E-4,2.032784121E-2
3.861835146E1,-5.743427575E-3,6.590396762E-3,7.328900099E-3,1.140758811E-2
3.862833846E1,1.851140767E-2,1.219144464E-3,9.677726626E-3,2.092407513E-2
3.863832646E1,1.540419728E-2,-1.251421094E-2,4.534398794E-2,4.949719196E-2
3.864831446E1,1.629794419E-2,-1.088605374E-2,2.914603114E-2,3.512293100E-2
3.865830246E1,3.162758946E-3,-2.413964510E-2,8.924020529E-3,2.592997594E-2
3.866829046E1,-4.149301171E-2,-2.091987580E-2,-3.832323611E-2,6.023272906E-2
3.867827846E1,3.947864592E-2,-1.169998616E-2,-1.671309650E-2,4.443850531E-2
3.868826546E1,8.384059399E-2,-1.336030304E-2,-2.648730218E-2,8.893435824E-2
3.869825346E1,6.384954840E-2,-2.446416557E-2,-4.629240632E-3,6.853240180E-2
3.870824146E1,8.076145023E-2,-1.198533028E-2,1.626110673E-2,8.324952599E-2
3.871822946E1,8.603446931E-2,-2.903785765E-2,-1.363278329E-2,9.182036738E-2
3.872821746E1,6.885213375E-2,-3.309582531E-2,-1.691131711E-2,7.824284390E-2
3.873820546E1,7.178305060E-2,-4.875613064E-2,-2.177503109E-2,8.946573985E-2
3.874819246E1,8.000218928E-2,-5.776435107E-2,-3.106859565E-2,1.034520574E-1
3.875818046E1,5.415544957E-2,-3.477777690E-2,-3.279703259E-2,7.223539182E-2
3.876816846E1,3.853373587E-2,-1.295918405E-2,-2.227029026E-2,4.635466621E-2
3.877815646E1,2.985822201E-2,-7.355797291E-4,-1.522614956E-2,3.352447061E-2
3.878814433E1,6.838026345E-3,2.420454919E-2,1.569100320E-2,2.964500611E-2
3.879813233E1,-4.212129503E-2,4.604594618E-2,2.106108606E-2,6.586351039E-2
3.880811933E1,-6.302362919E-2,6.304877222E-2,3.053240597E-2,9.423032064E-2
3.881810733E1,-7.609127909E-2,6.285873771E-2,3.702690840E-2,1.054139251E-1
3.882809533E1,-7.646433145E-2,4.664353162E-2,5.053806961E-2,1.028421582E-1
3.883808333E1,-4.947504580E-2,2.380693853E-2,6.100458562E-2,8.207380792E-2
3.884807133E1,-2.280443341E-2,1.181225270E-2,3.686961830E-2,4.493261900E-2
3.885805933E1,-2.536785275E-2,-1.922125965E-2,1.558458388E-2,3.543817194E-2
3.886804633E1,-8.764976263E-4,-1.804392278E-2,-1.601026118E-2,2.413876261E-2
3.887803433E1,1.228733897E-2,-2.092250705E-2,-1.883914411E-2,3.071877848E-2
3.888802233E1,1.962998003E-2,-2.917702138E-2,-1.448472261E-2,3.803211645E-2
3.889801033E1,2.358532906E-2,-3.140130222E-2,-2.616219699E-2,4.718866473E-2
3.890799833E1,3.930761486E-2,1.244579852E-3,-1.403156340E-2,4.175550666E-2
3.891798633E1,2.901651531E-2,1.846784592E-2,1.716742516E-2,3.844138369E-2
3.892797333E1,4.492708147E-3,2.197734475E-2,6.422581673E-3,2.333318804E-2
3.893796133E1,1.352665633E-2,2.694513917E-2,3.556042671E-2,4.662139964E-2
3.894794933E1,1.173623890E-2,1.226541191E-2,3.539144218E-2,3.925218226E-2
3.895793733E1,-6.024971008E-3,-1.663532853E-2,1.792639375E-2,2.518710034E-2
3.896792533E1,5.088831782E-3,-1.822313994E-2,2.930916846E-2,3.488561873E-2
3.897791333E1,7.663945556E-3,-2.698256135E-2,7.341763973E-3,2.899476119E-2
3.898790033E1,1.818191707E-2,-3.916114211E-2,1.309776306E-4,4.317631660E-2
3.899788833E1,4.435697794E-3,-3.728886366E-2,1.728320003E-2,4.133816361E-2
3.900787633E1,-2.228461593E-2,-3.225177974E-2,1.891515791E-2,4.352659649E-2
3.901786433E1,-4.780332685E-2,-1.076180041E-3,3.536980748E-3,4.794607861E-2
3.902785233E1,-6.422172368E-2,3.445471823E-3,1.101147652E-2,6.524993244E-2
3.903784033E1,-8.308484137E-2,2.088128418E-2,2.611191094E-2,8.955976098E-2
3.904782733E1,-8.694955856E-2,-7.314866781E-4,2.303101301E-2,8.995103316E-2
3.905781533E1,-1.331185886E-1,-1.331060171E-2,4.500601888E-2,1.411498229E-1
3.906780333E1,-1.278207189E-1,3.788995743E-3,1.944316149E-2,1.293465469E-1
3.907779133E1,-8.872331142E-2,3.611152679E-2,8.674929142E-3,9.618275704E-2
3.908777933E1,1.068052411E-2,3.075927794E-2,1.778956890E-2,3.710357848E-2
3.909776733E1,2.123270184E-2,1.055276245E-2,-4.174911976E-4,2.371418819E-2
3.910775433E1,9.351656646E-2,-4.587433040E-3,5.646656156E-3,9.379913363E-2
3.911774233E1,1.898839429E-1,-1.144066215E-2,-7.015489340E-3,1.903576046E-1
3.912773033E1,2.603051770E-1,-2.302925885E-2,-6.883225322E-2,2.702351032E-1
3.913771833E1,2.927753502E-1,-4.347551018E-2,-1.088120055E-1,3.153531009E-1
3.914770633E1,2.833285886E-1,-5.099181354E-2,-1.390771937E-1,3.197150606E-1
3.915769433E1,2.404822388E-1,-2.464309037E-2,-1.418452656E-1,2.802839069E-1
3.916768133E1,2.248476613E-1,-9.579493403E-3,-1.226593816E-1,2.563075523E-1
3.917766933E1,1.717625445E-1,2.082368910E-2,-8.770238757E-2,1.939786239E-1
3.918765733E1,1.344160858E-1,5.213874489E-2,-3.011433005E-2,1.472854565E-1
3.919764533E1,8.354560196E-2,7.765599400E-2,-2.740473032E-2,1.173087390E-1
3.920763333E1,5.085791230E-2,9.249885857E-2,-1.308022141E-3,1.055664578E-1
3.921762133E1,-6.510582268E-3,9.279151171E-2,6.652377248E-3,9.325720589E-2
3.922760833E1,-5.900600731E-2,5.950272828E-2,9.682989120E-4,8.380466082E-2
3.923759633E1,-8.158327639E-2,3.633108974E-2,1.407775640E-2,9.040996789E-2
3.924758433E1,-1.174346021E-1,4.891195893E-3,1.657100916E-2,1.186988117E-1
3.925757233E1,-1.260460889E-1,-1.809245467E-2,2.808066845E-2,1.303973826E-1
3.926756033E1,-1.326829711E-1,-5.273896158E-2,6.074730814E-2,1.551657318E-1
3.927754833E1,-1.201880559E-1,-6.395859897E-2,7.518115997E-2,1.555251683E-1
3.928753533E1,-1.059445310E-1,-7.896138489E-2,8.907531381E-2,1.593535549E-1
3.929752333E1,-9.797565311E-2,-7.542557359E-2,8.496706009E-2,1.500254880E-1
3.930751133E1,-5.329912484E-2,-5.773336083E-2,4.581585824E-2,9.095620115E-2
3.931749933E1,-4.694700211E-2,-5.492815912E-2,3.535986722E-2,8.044528501E-2
3.932748733E1,-3.598464221E-2,-3.873926550E-2,8.771408200E-3,5.359629435E-2
3.933747533E1,-9.852558374E-3,-3.887696743E-2,7.806617618E-3,4.085871733E-2
3.934746233E1,-2.047958046E-2,-5.989887714E-3,1.125062764E-2,2.412195251E-2
3.935745033E1,6.788909733E-3,4.156493247E-3,1.115648746E-2,1.370521594E-2
3.936743833E1,1.358600557E-2,1.807374358E-2,2.008050799E-2,3.024014808E-2
3.937742633E1,1.591056615E-2,4.046156287E-2,2.447176695E-2,4.989139768E-2
3.938741433E1,7.873568237E-3,4.657687336E-2,8.344561458E-3,4.796905164E-2
3.939740233E1,3.487571776E-3,5.251530558E-2,1.936188519E-2,5.607943540E-2
3.940738933E1,7.787614167E-3,4.486510098E-2,8.347485065E-3,4.629475918E-2
3.941737733E1,-2.061143517E-4,2.428816438E-2,3.388461471E-3,2.452425500E-2
3.942736533E1,1.547670275E-2,3.312740028E-3,-2.566576838E-2,3.015351126E-2
3.943735333E1,4.029462487E-2,-1.885288507E-2,-3.734090388E-2,5.808124629E-2
3.944734133E1,5.912850648E-2,-3.060608089E-2,-2.355199993E-2,7.062300735E-2
3.945732933E1,6.021345735E-2,-5.012116313E-2,-2.927466989E-2,8.363490740E-2
3.946731633E1,5.824206859E-2,-4.319308966E-2,-2.063131571E-2,7.538854513E-2
3.947730433E1,4.986008495E-2,-4.384651601E-2,-3.610129416E-2,7.557677208E-2
3.948729233E1,4.118018568E-2,-4.722445250E-2,-3.371855378E-2,7.115404047E-2
3.949728033E1,2.249745458E-2,-3.697282165E-2,-1.167688966E-2,4.482716538E-2
3.950726833E1,-4.019376040E-3,-2.193495244E-2,-3.383198977E-3,2.255534432E-2
3.951725633E1,5.687586665E-3,-2.880923152E-3,-7.917129993E-4,6.424575453E-3
3.952724333E1,1.750627130E-2,9.947867990E-3,-1.237270832E-3,2.017326081E-2
3.953723133E1,1.979282498E-2,1.866782069E-2,-8.752112389E-3,2.858046398E-2
3.954721933E1,1.467651129E-2,4.952825546E-2,-1.869354844E-2,5.493538774E-2
3.955720733E1,1.926511377E-2,3.938158214E-2,-2.080731690E-2,4.852832222E-2
3.956719533E1,4.230021983E-2,2.841717571E-2,-7.323052883E-3,5.148273086E-2
3.957718333E1,4.406140119E-2,2.603999019E-2,1.778723001E-3,5.121183476E-2
3.958717033E1,3.636091053E-2,-9.118148088E-3,1.134593725E-2,3.916614267E-2
3.959715833E1,6.143055528E-2,-3.732599348E-2,-1.889118433E-2,7.432240414E-2
3.960714633E1,6.243452221E-2,-4.450491250E-2,-1.552669644E-2,7.822937493E-2
3.961713433E1,3.479268730E-2,-3.304846287E-2,-2.372273862E-2,5.353036816E-2
3.962712233E1,7.806909978E-3,-2.999913990E-2,-3.476871371E-2,4.658067938E-2
3.963711033E1,-1.602429450E-2,-3.903981239E-2,-2.210247517E-4,4.220111156E-2
3.964709733E1,-5.166161209E-2,-1.575766146E-2,4.899966717E-3,5.423316082E-2
3.965708533E1,-7.342465639E-2,-4.521067142E-3,3.645154238E-2,8.209954419E-2
3.966707333E1,-6.021462679E-2,1.265045106E-2,5.224136353E-2,8.071552053E-2
3.967706133E1,-7.228503406E-2,3.272043407E-2,4.718936920E-2,9.231787216E-2
3.968704933E1,-7.017652810E-2,3.589430273E-2,5.103449821E-2,9.390242847E-2
3.969703733E1,-5.120962232E-2,2.748600662E-2,3.372264683E-2,6.719466413E-2
3.970702433E1,-1.432684779E-2,2.346312225E-2,1.955191970E-2,3.373505947E-2
3.971701233E1,1.020280659E-2,1.695692539E-4,5.653672814E-3,1.166576326E-2
3.972700033E1,2.933226496E-2,-9.115224481E-3,-1.756912887E-2,3.538563797E-2
3.973698833E1,5.330087900E-2,-3.139954805E-4,-1.112315834E-2,5.445004083E-2
3.974697633E1,7.086211413E-2,1.454845726E-2,-2.568214059E-2,7.676372303E-2
3.975696433E1,9.855335802E-2,-3.563293219E-3,-3.371855378E-2,1.042228492E-1
3.976695133E1,9.627528280E-2,-2.018780440E-2,-3.779464781E-2,1.053798507E-1
3.977693933E1,1.068178126E-1,-3.003393084E-2,-3.211934030E-2,1.155150818E-1
3.978692796E1,9.366859406E-2,-3.764291257E-2,-4.008207858E-2,1.086156867E-1
3.979691596E1,8.142978698E-2,-4.100213796E-2,-4.355649412E-2,1.010403568E-1
3.980690396E1,5.171072870E-2,-4.354363024E-2,-4.621229947E-2,8.188787346E-2
3.981689196E1,3.423369348E-2,-2.116809011E-2,-3.888866186E-2,5.596750691E-2
3.982687896E1,3.704211116E-4,5.527957678E-3,-3.028857708E-3,6.314230508E-3
3.983686696E1,-3.524643123E-2,1.492209435E-3,1.229084730E-3,3.529940868E-2
3.984685496E1,-4.171403646E-2,2.505093366E-2,2.037052989E-2,5.275005785E-2
3.985684296E1,-6.292159528E-2,2.969303817E-2,2.001560390E-2,7.239770761E-2
3.986683096E1,-6.821771085E-2,2.560349554E-2,5.002643824E-2,8.838461167E-2
3.987681896E1,-6.211614132E-2,1.230838895E-3,5.344472051E-2,8.195284087E-2
3.988680596E1,-3.699387163E-2,-1.103954315E-2,3.545751572E-2,5.241806437E-2
3.989679396E1,-1.747498870E-2,-1.974897087E-2,2.152593970E-2,3.404061046E-2
3.990678196E1,-1.572316289E-2,-2.230186522E-2,8.838651180E-3,2.868297053E-2
3.991676996E1,7.584131062E-3,-3.346186101E-2,5.985794663E-3,3.482879447E-2
3.992675796E1,2.007056773E-2,-1.570942193E-2,3.078559041E-3,2.567277064E-2
3.993674596E1,2.393119186E-2,-1.758608580E-2,-4.361438155E-3,3.001657043E-2
3.994673296E1,1.758345455E-2,-1.386667192E-3,-1.628449559E-3,1.771306207E-2
3.995672096E1,-6.674596667E-3,-8.504775167E-4,3.551014066E-3,7.608104466E-3
3.996670896E1,-9.020791948E-3,-3.189071417E-3,5.981701612E-4,9.586588101E-3
3.997669696E1,-1.586349607E-2,-2.707845569E-3,3.668543100E-3,1.650579121E-2
3.998668496E1,1.003411442E-2,4.152809501E-2,-1.012796223E-2,4.390719470E-2
3.999667296E1,2.512548566E-3,2.859697759E-2,8.463259935E-3,2.992869520E-2
4.000665996E1,6.683659852E-3,5.032610804E-2,3.249297738E-3,5.087186251E-2
4.001664796E1,1.770390719E-2,4.873157233E-2,-7.454615235E-3,5.238096754E-2
4.002663596E1,3.094580412E-2,2.084766269E-2,9.281285405E-3,3.845009871E-2
4.003662396E1,4.893505543E-2,-4.073170424E-3,-1.619678736E-4,4.910454766E-2
4.004661196E1,3.607907474E-2,8.334036469E-3,-1.040102720E-2,3.846215237E-2
4.005659996E1,5.075967908E-2,-2.223257571E-2,-2.385956347E-2,6.033333417E-2
4.006658696E1,6.077654421E-2,-3.411177903E-2,-2.941851139E-2,7.564952484E-2
4.007657496E1,6.249094784E-2,-2.088450015E-2,-3.693101406E-2,7.553264664E-2
4.008656296E1,4.079046875E-2,-6.374634504E-3,-3.223453045E-2,5.237903454E-2
4.009655096E1,4.958994359E-2,5.323305130E-3,-2.818884194E-2,5.728971018E-2
4.010653896E1,4.313140154E-2,6.129928529E-3,-2.315731287E-2,4.933715600E-2
4.011652696E1,2.037462294E-2,-3.430269063E-3,-1.954490304E-2,2.844108368E-2
4.012651396E1,2.955095083E-2,1.081325591E-2,2.983249426E-3,3.160830548E-2
4.013650196E1,2.324589819E-2,1.229552507E-2,3.156327009E-3,2.648611182E-2
4.014648996E1,2.784210205E-2,9.519559443E-3,-8.358594775E-3,3.058873592E-2
4.015647796E1,2.052694291E-2,1.555096239E-2,1.166227162E-2,2.827006183E-2
4.016646596E1,7.955429256E-3,-1.512323856E-2,4.352667332E-3,1.763368686E-2
4.017645396E1,7.173948884E-3,-2.317894757E-2,-2.010331213E-2,3.150987642E-2
4.018644096E1,5.643440187E-3,-2.421595126E-2,-7.374508381E-3,2.593538291E-2
4.019642896E1,-2.849348187E-3,-3.281048119E-2,1.291942298E-2,3.537736496E-2
4.020641696E1,6.660270989E-3,-5.029921085E-2,1.897947729E-2,5.417185966E-2
4.021640496E1,5.032990873E-3,-3.484501988E-2,2.697320580E-3,3.530979957E-2
4.022639296E1,-9.090666175E-3,-1.239054233E-2,6.997947693E-3,1.688600079E-2
4.023638096E1,-9.633872509E-3,-3.383491337E-3,1.163420498E-2,1.547947799E-2
4.024636896E1,-2.536580622E-2,1.656983972E-2,1.399472594E-2,3.337418265E-2
4.025635596E1,-2.203523219E-2,-1.336965859E-3,2.473664582E-2,3.315479726E-2
4.026634396E1,-8.888352513E-3,1.850439101E-2,1.524252176E-2,2.556853079E-2
4.027633196E1,6.563791931E-3,2.436505526E-2,6.029648781E-3,2.594409272E-2
4.028631996E1,4.648244083E-3,2.564121008E-2,2.333506823E-2,3.498004054E-2
4.029630796E1,1.482795417E-2,2.365023315E-2,-6.312654018E-3,2.861907325E-2
4.030629596E1,1.685547620E-2,2.613442272E-2,-1.541326046E-2,3.470855409E-2
4.031628296E1,1.586174190E-2,2.856715679E-2,-1.253759980E-2,3.499812441E-2
4.032627096E1,2.464659870E-2,2.579382241E-2,-1.264226496E-2,3.784974194E-2
4.033625896E1,2.427646995E-2,1.501477271E-2,-6.627818942E-3,2.930389695E-2
4.034624696E1,4.705020547E-2,9.852558374E-4,-1.696452677E-2,5.002487114E-2
4.035623496E1,6.927459508E-2,-2.355199993E-2,-2.464952230E-2,7.720922985E-2
4.036622296E1,4.828513741E-2,-3.882229596E-2,-3.299817681E-2,7.019618816E-2
4.037620996E1,4.866491407E-2,-3.925996006E-2,-3.698363900E-2,7.264576986E-2
4.038619796E1,5.605345577E-2,-2.440803230E-2,-3.805777252E-2,7.201483176E-2
4.039618596E1,5.573478252E-2,-4.550040096E-2,-1.137341917E-2,7.284234437E-2
4.040617396E1,3.744293779E-2,-4.851581007E-2,-3.805952668E-3,6.140230202E-2
4.041616196E1,1.923997074E-2,-3.691464186E-2,-5.700450540E-3,4.201621585E-2
4.042614996E1,9.357006848E-3,-4.383832991E-2,-1.981504440E-2,4.901008806E-2
4.043613696E1,-2.503982395E-2,-8.730477691E-3,-1.604826808E-2,3.099614383E-2
4.044612496E1,-3.685558498E-2,3.813554049E-3,1.035424948E-2,3.847190950E-2
4.045611296E1,-7.332174540E-2,3.626326203E-2,4.424705029E-2,9.299948376E-2
4.046610096E1,-6.133056790E-2,3.837235272E-2,5.217470527E-2,8.919683784E-2
4.047608896E1,-3.975404978E-2,4.493702173E-2,6.750961304E-2,9.031759656E-2
4.048607696E1,-2.782777637E-2,4.425962180E-2,4.824011385E-2,7.113654366E-2
4.049606396E1,-4.856112599E-3,1.395935029E-2,1.554306865E-2,2.144836294E-2
4.050605196E1,4.074632227E-3,5.741673410E-3,2.292283952E-2,2.397970002E-2
4.051603996E1,3.741837949E-2,-8.228201866E-3,-2.018868148E-2,4.330613455E-2
4.052602796E1,3.259501129E-2,-2.093624800E-2,-3.633752167E-2,5.311475052E-2
4.053601596E1,6.195563525E-2,-3.552241981E-2,-4.277530611E-2,8.324704115E-2
4.054600396E1,6.739120692E-2,-4.124625921E-2,-5.148473382E-2,9.430538948E-2
4.055599096E1,6.867525548E-2,-4.151961654E-2,-4.209585965E-2,9.062135881E-2
4.056597896E1,6.688717693E-2,-2.372858584E-2,-3.548675179E-2,7.934891163E-2
4.057596696E1,4.741887242E-2,-4.569014311E-3,-3.672986984E-2,6.015404136E-2
4.058595496E1,3.002866834E-2,-1.433064848E-2,-2.960152924E-2,4.453469369E-2
4.059594296E1,3.532946169E-2,1.143920034E-2,1.654762030E-4,3.713561027E-2
4.060593096E1,-1.917740554E-2,-1.073139489E-2,3.044469774E-2,3.754750777E-2
4.061591796E1,7.143835723E-3,4.600355387E-2,3.547271848E-2,5.852926715E-2
4.062590596E1,-1.846199870E-2,4.779309422E-2,2.641421199E-2,5.764317692E-2
4.063589396E1,-9.634749591E-3,3.717688948E-2,2.585580289E-2,4.629764631E-2
4.064588196E1,-1.131523937E-2,4.325799376E-2,1.033495367E-2,4.589226442E-2
4.065586996E1,3.339637220E-3,1.614270061E-2,1.233820975E-2,2.059056531E-2
4.066585796E1,6.970173419E-3,1.477474451E-2,-2.150605917E-3,1.647730253E-2
4.067584496E1,1.679524988E-2,7.481220067E-3,-3.699533343E-3,1.875461594E-2
4.068583296E1,4.776034981E-2,-1.633098096E-2,-1.369300961E-2,5.229962204E-2
4.069582096E1,5.272492826E-2,-2.356486380E-2,-1.476538897E-2,5.960903939E-2
4.070580896E1,3.062771559E-2,-2.721060276E-2,-3.098790407E-2,5.136851237E-2
4.071579696E1,3.041692346E-2,-2.687760383E-2,-2.570962250E-2,4.804767955E-2
4.072578496E1,2.154406607E-3,-1.931627691E-2,-1.304513812E-3,1.947977869E-2
4.073577296E1,-3.730523586E-3,-3.764437437E-3,9.683573842E-3,1.103899442E-2
4.074575996E1,-3.576186329E-2,1.188329637E-2,2.504537880E-2,4.524814469E-2
4.075574796E1,-3.798526704E-2,2.365841925E-2,2.261410654E-2,5.013979585E-2
4.076573596E1,-2.566226006E-2,2.693169057E-2,3.286486030E-2,4.963835806E-2
4.077572396E1,-2.023136616E-2,4.355590940E-3,1.553254366E-2,2.587545674E-2
4.078571113E1,-2.186069280E-2,-1.209876627E-2,-2.382155657E-3,2.509869918E-2
4.079569913E1,6.513798237E-3,-8.539566100E-3,-1.555534780E-2,1.890297865E-2
4.080568613E1,2.227672219E-2,-8.222354650E-3,-2.511613011E-2,3.456413545E-2
4.081567413E1,3.067390859E-2,-2.971204162E-2,-2.453023911E-2,4.924862146E-2
4.082566213E1,5.932204932E-2,-5.589704275E-2,-1.400408149E-2,8.270247410E-2
4.083565013E1,6.366682291E-2,-7.604450136E-2,-4.391258955E-4,9.917874449E-2
4.084563813E1,5.337484628E-2,-6.672199309E-2,-1.153597176E-2,8.621935526E-2
4.085562613E1,6.226495296E-2,-5.943314642E-2,-2.950505018E-2,9.099324835E-2
4.086561313E1,5.051146477E-2,-2.025826335E-2,-2.921795189E-2,6.176968529E-2
4.087560112E1,2.645835847E-2,2.128240317E-2,-4.517851174E-2,5.651622192E-2
4.088558913E1,4.953176379E-3,4.925138980E-2,-2.199137807E-3,4.954865852E-2
4.089557713E1,-1.409383625E-2,7.085714400E-2,3.580717921E-2,8.063203556E-2
4.090556512E1,-2.031819731E-2,9.736841977E-2,2.976408184E-2,1.038235950E-1
4.091555313E1,-1.096557587E-2,1.155936062E-1,1.910694659E-2,1.176741308E-1
4.092554012E1,7.823574543E-3,1.210996369E-1,3.670004904E-2,1.267802191E-1
4.093552813E1,1.923441589E-2,7.944582671E-2,1.780594110E-2,8.365795643E-2
4.094551613E1,2.033544660E-2,5.353535235E-2,1.067233801E-2,5.825343885E-2
4.095550412E1,4.065510571E-2,4.315859109E-2,4.053874612E-3,5.943008922E-2
4.096549213E1,4.413975388E-2,1.422101319E-2,-2.414900064E-4,4.637470653E-2
4.097548013E1,4.356087953E-2,-2.674808800E-2,-1.952853084E-2,5.472087311E-2
4.098546713E1,2.950709671E-2,-5.030915111E-2,-4.651109219E-2,7.459866713E-2
4.099545513E1,7.789368331E-3,-6.954385936E-2,-2.428465605E-2,7.407271531E-2
4.100544313E1,9.199716747E-3,-6.038098007E-2,1.591787517E-2,6.311795539E-2
4.101543113E1,1.369768739E-2,-5.602275789E-2,5.457908034E-2,7.940435789E-2
4.102541913E1,-6.065901518E-3,-2.924514145E-2,2.305206299E-2,3.772891554E-2
4.103540713E1,-2.476295829E-2,4.714112967E-2,-1.164940774E-2,5.450870491E-2
4.104539412E1,-1.296386182E-1,4.155031443E-2,-3.073764324E-2,1.395614656E-1
4.105538213E1,-1.579637003E-1,-9.289471507E-3,3.411382556E-2,1.618721038E-1
4.106537013E1,-1.388009128E-1,2.983337134E-2,2.526815772E-2,1.442019529E-1
4.107535813E1,-1.202561760E-1,4.169941843E-2,3.339227915E-2,1.315881213E-1
4.108534613E1,-9.644192845E-2,2.350463748E-2,5.750970483E-2,1.147208773E-1
4.109533413E1,-3.742422670E-2,1.171021879E-2,3.997215092E-2,5.599531067E-2
4.110532213E1,4.641022772E-2,1.075156778E-2,9.444422722E-3,4.856647575E-2
4.111530913E1,8.224284232E-2,6.368494928E-3,-2.210598350E-2,8.539975027E-2
4.112529712E1,1.082901415E-1,1.497004151E-2,-3.638488412E-2,1.152159567E-1
4.113528513E1,1.274605304E-1,-2.349703610E-2,-6.444216371E-2,1.447449135E-1
4.114527313E1,1.395347384E-1,-3.330515563E-2,-5.842303991E-2,1.548948940E-1
4.115526112E1,1.374192157E-1,-3.423457056E-2,-4.473412335E-2,1.485166269E-1
4.116524913E1,1.318626067E-1,-2.006091982E-2,-4.763317287E-2,1.416301758E-1
4.117523613E1,1.000210091E-1,-2.032784522E-3,-2.085643351E-2,1.021925893E-1
4.118522413E1,1.087938792E-1,-8.145171404E-3,-1.753872335E-2,1.104991347E-1
4.119521213E1,9.969678104E-2,1.012065321E-2,-1.252298176E-2,1.009886174E-1
4.120520012E1,9.542012751E-2,-1.049779862E-2,-2.447410583E-2,9.906657543E-2
4.121518813E1,8.763543695E-2,-1.856227845E-2,-1.520509958E-2,9.086100948E-2
4.122517613E1,8.496852189E-2,-3.476695955E-2,-1.168741465E-2,9.254721417E-2
4.123516313E1,6.188225269E-2,-3.196614325E-2,-1.667333543E-2,7.161876589E-2
4.124515113E1,3.608579904E-2,-6.289323628E-2,-4.190290153E-2,8.374722215E-2
4.125513913E1,6.175829172E-3,-7.983378947E-2,-1.709316552E-2,8.187643809E-2
4.126512713E1,-1.694055319E-2,-9.717546165E-2,-4.308228493E-3,9.873506734E-2
4.127511513E1,-5.158033580E-2,-9.806365371E-2,-3.463890553E-3,1.108558061E-1
4.128510313E1,-8.430427819E-2,-1.015936178E-1,-8.159204721E-3,1.322688441E-1
4.129509012E1,-1.240685606E-1,-8.761292517E-2,2.841746807E-4,1.518851972E-1
4.130507813E1,-1.361436456E-1,-7.027329952E-2,2.772457302E-2,1.556986860E-1
4.131506613E1,-1.296859807E-1,-4.267181039E-2,3.681348503E-2,1.414021558E-1
4.132505412E1,-1.260548598E-1,-5.932468057E-2,4.301971972E-2,1.458078931E-1
4.133504213E1,-9.882203758E-2,-6.282511622E-2,3.306658924E-2,1.216806873E-1
4.134503013E1,-6.816713244E-2,-5.237058699E-2,3.489852190E-2,9.277576816E-2
4.135501713E1,-5.221797466E-2,-4.188448280E-2,2.384669960E-2,7.106118391E-2
4.136500513E1,-4.077205002E-2,-3.346010685E-2,-3.462721109E-3,5.285763191E-2
4.137499312E1,-1.771384746E-2,-2.425308108E-2,-6.296281815E-3,3.068607988E-2
4.138498113E1,-2.004951775E-2,-4.983581901E-3,-1.397309124E-2,2.494126159E-2
4.139496913E1,-1.928353250E-2,3.562971622E-2,-7.373338938E-3,4.117884688E-2
4.140495712E1,9.892611802E-3,5.338157058E-2,9.761341810E-3,5.516103371E-2
4.141494413E1,3.525958747E-2,7.177194089E-2,1.143539965E-2,8.077882379E-2
4.142493213E1,6.293475151E-2,1.001885319E-1,-9.864252806E-3,1.187258538E-1
4.143492013E1,6.275494963E-2,9.142764866E-2,-1.188505054E-2,1.115278130E-1
4.144490813E1,7.272737592E-2,1.037234661E-1,1.906192303E-3,1.266943653E-1
4.145489613E1,8.705802441E-2,9.747483909E-2,7.968000770E-3,1.309348422E-1
4.146488413E1,7.371614009E-2,7.564133584E-2,8.537519574E-3,1.059649482E-1
4.147487213E1,5.895221293E-2,3.908629775E-2,1.213881969E-3,7.074302503E-2
4.148485913E1,4.318461120E-2,1.435900748E-2,7.809541225E-3,4.617445911E-2
4.149484713E1,5.226153642E-2,-1.038085431E-2,-1.194586158E-2,5.460525555E-2
4.150483513E1,4.543198854E-2,-1.451512814E-2,-2.804733932E-2,5.532998979E-2
4.151482313E1,4.051155657E-2,-3.733710319E-2,-2.564530313E-2,6.076945830E-2
4.152481113E1,4.218473732E-2,-5.355406344E-2,-2.790934503E-2,7.366492594E-2
4.153479913E1,2.962316394E-2,-4.787261635E-2,-2.687965035E-2,6.238457214E-2
4.154478612E1,2.100846112E-2,-4.340739012E-2,-1.400758982E-2,5.021722342E-2
4.155477413E1,6.532509327E-3,-3.714736104E-2,-5.912704468E-3,3.817800655E-2
4.156476213E1,-2.242056370E-2,-2.355550826E-2,-2.092133760E-3,3.258712429E-2
4.157475012E1,-1.655726820E-2,-6.799142361E-3,1.561674356E-2,2.375403433E-2
4.158473813E1,-2.188495874E-2,3.570894599E-3,3.281048119E-2,3.960088867E-2
4.159472613E1,-1.828453571E-2,1.266536146E-2,5.319212079E-3,2.286984137E-2
4.160471313E1,4.697360694E-3,4.722796082E-3,7.595533133E-3,1.010258006E-2
4.161470113E1,-1.338456899E-2,-2.751114964E-4,1.494314432E-2,2.006289948E-2
4.162468912E1,9.093882143E-3,1.436777830E-2,1.413798273E-2,2.211366775E-2
4.163467713E1,4.025223255E-2,2.884139121E-3,4.584217072E-4,4.035803061E-2
4.164466513E1,4.579305410E-2,-1.452097535E-2,-2.242991924E-3,4.809255184E-2
4.165465312E1,3.649393469E-2,-8.253637254E-3,-1.317319214E-2,3.966689789E-2
4.166464013E1,4.689291537E-2,-2.339646399E-2,-1.359536111E-2,5.414031661E-2
4.167462813E1,2.526464939E-2,-8.626981974E-3,-1.996590257E-2,3.333713533E-2
4.168461613E1,3.478771716E-2,-1.716187030E-2,-1.845498204E-2,4.295697173E-2
4.169460413E1,2.314269483E-2,3.976691365E-3,-1.457301557E-2,2.763641042E-2
4.170459213E1,3.272569656E-2,1.164882302E-2,6.112094522E-3,3.527072430E-2
4.171458013E1,2.356252491E-2,3.222049713E-2,4.856989682E-2,6.286801963E-2
4.172456813E1,1.747703522E-2,2.872327745E-2,5.569589853E-2,6.505771700E-2
4.173455513E1,2.203406274E-2,-8.631659746E-3,3.258068562E-2,4.026793447E-2
4.174454312E1,1.731360555E-2,-4.071620911E-2,-1.116818190E-4,4.424458266E-2
4.175453113E1,3.560135722E-2,-3.459505141E-2,-3.307769895E-2,5.965239631E-2
4.176451913E1,5.204665124E-2,-7.322526634E-2,-6.592150927E-2,1.114290757E-1
4.177450713E1,3.925820589E-2,-1.200252110E-1,-9.129082382E-2,1.558244927E-1
4.178449513E1,5.690217912E-2,-1.401118585E-1,-7.090626061E-2,1.670236172E-1
4.179448200E1,9.436412036E-2,-1.483953166E-1,-5.399728239E-2,1.839604950E-1
4.180447000E1,8.064538300E-2,-1.340675917E-1,-6.290259182E-2,1.686254222E-1
4.181445800E1,4.098985881E-2,-1.060275614E-1,-4.010722160E-2,1.205429448E-1
4.182444600E1,-2.760295093E-2,-5.915160298E-2,-5.214079142E-2,8.354338493E-2
4.183443400E1,-1.138850498E-1,-9.843349010E-2,-4.505864382E-2,1.571280940E-1
4.184442200E1,-6.795137018E-2,-4.907451153E-2,-2.406713963E-3,8.385397226E-2
4.185440900E1,-1.005896509E-2,1.143016639E-1,3.131827176E-2,1.189406882E-1
4.186439700E1,-3.785253525E-2,1.203924161E-1,3.388929248E-2,1.306737634E-1
4.187438500E1,-5.479864329E-2,8.428205878E-2,4.887512147E-2,1.117816364E-1
4.188437300E1,5.075909436E-2,1.012600341E-1,6.971459806E-2,1.330045313E-1
4.189436100E1,9.779877484E-2,1.643897903E-1,1.981387496E-2,1.923049483E-1
4.190434900E1,7.171405345E-2,1.767432028E-1,-3.501312733E-3,1.907703446E-1
4.191433600E1,2.951499045E-2,1.756983054E-1,-1.799422145E-2,1.790665272E-1
4.192432400E1,5.299623907E-3,1.449027747E-1,-6.161795855E-3,1.451305201E-1
4.193431200E1,-3.049907684E-3,1.381562573E-1,2.692876697E-2,1.407892462E-1
4.194430000E1,-1.108924448E-3,1.401542509E-1,6.092915654E-2,1.528293357E-1
4.195428800E1,-6.871647835E-3,1.243544894E-1,7.153425157E-2,1.436259299E-1
4.196427600E1,-2.292225480E-2,9.244477183E-2,6.894101143E-2,1.175769053E-1
4.197426400E1,-3.689359188E-2,7.088228703E-2,5.815465271E-2,9.883015414E-2
4.198425100E1,-5.624319792E-2,3.933100373E-2,4.242213428E-2,8.068371981E-2
4.199423900E1,-6.810866028E-2,2.592216879E-2,3.839106381E-2,8.236881825E-2
4.200422700E1,-7.432220399E-2,-4.044811428E-3,3.591067493E-2,8.264216285E-2
4.201421500E1,-7.501422197E-2,-2.360550195E-2,3.556978226E-2,8.631084885E-2
4.202420300E1,-9.490294129E-2,-2.003606915E-2,6.003336310E-3,9.718051440E-2
4.203419100E1,-1.142864612E-1,-3.841971517E-2,1.684115052E-2,1.217419158E-1
4.204417800E1,-1.149299473E-1,-5.549767792E-2,2.172357559E-2,1.294635036E-1
4.205416600E1,-9.555344403E-2,-5.189140767E-2,2.370812058E-2,1.112890553E-1
4.206415400E1,-4.986914814E-2,-5.353155166E-2,1.476012647E-2,7.463524832E-2
4.207414200E1,-3.155683815E-2,-6.282803982E-2,-4.402953386E-4,7.030924891E-2
4.208413000E1,8.178792894E-3,-8.442005306E-2,-1.470574737E-2,8.608075870E-2
4.209411800E1,3.316131413E-2,-7.711074114E-2,-4.884939373E-2,9.711849680E-2
4.210410500E1,5.064361185E-2,-9.606858373E-2,-6.195768178E-2,1.250308063E-1
4.211409300E1,6.264736086E-2,-7.613454849E-2,-6.660037100E-2,1.189822286E-1
4.212408100E1,9.291810393E-2,-3.858226776E-2,-5.961821079E-2,1.169474090E-1
4.213406900E1,1.072838357E-1,-3.339110970E-2,-6.129226863E-2,1.279903504E-1
4.214405700E1,1.152155837E-1,-1.437128663E-2,-4.393539369E-2,1.241429959E-1
4.215404500E1,7.022535235E-2,-7.805448174E-3,-2.055296302E-2,7.358633992E-2
4.216403300E1,7.455199957E-2,-1.005107135E-2,-5.797514319E-3,7.544955830E-2
4.217402000E1,8.317313433E-2,8.120320737E-3,-1.590442657E-3,8.358372683E-2
4.218400800E1,5.754595757E-2,1.115999579E-2,-1.445665598E-2,6.037447839E-2
4.219399600E1,4.028468460E-2,1.154942036E-2,-9.716318250E-3,4.301920227E-2
4.220398400E1,4.431633979E-2,2.082193494E-3,-1.672829926E-2,4.741423308E-2
4.221397200E1,2.401890010E-2,-1.048844308E-2,-1.082202673E-2,2.835544502E-2
4.222396000E1,3.038768739E-2,-8.332867026E-3,-2.809587121E-3,3.163450643E-2
4.223394700E1,3.696755916E-2,-2.430424422E-2,-1.103895843E-2,4.559775565E-2
4.224393500E1,3.197549880E-2,-2.382828087E-2,1.124594986E-2,4.143296852E-2
4.225392300E1,3.092007637E-3,-1.621783733E-2,2.367654562E-2,2.886446901E-2
4.226391100E1,-1.159210503E-2,-1.674701035E-2,4.019609928E-2,4.506179815E-2
4.227389900E1,-4.165264070E-3,-1.822723299E-2,3.095808327E-2,3.616606652E-2
4.228388700E1,-2.068072468E-2,-1.350648344E-2,3.386765778E-2,4.191820263E-2
4.229387400E1,-2.492784977E-2,-1.141815037E-2,2.910510063E-2,3.998598173E-2
4.230386200E1,-1.734371871E-2,-3.116565943E-4,1.184762836E-2,2.100638013E-2
4.231385000E1,-2.453462452E-2,-6.343936622E-3,1.332346559E-2,2.863054431E-2
4.232383800E1,-9.435651898E-3,-3.884012997E-3,4.256772995E-4,1.021265317E-2
4.233382600E1,-6.756457686E-3,-1.428679436E-2,3.100193739E-3,1.610507420E-2
4.234381400E1,9.653168321E-3,-7.141789198E-3,1.365909576E-2,1.818680040E-2
4.235380100E1,2.330349326E-2,8.503021002E-3,7.857488394E-3,2.602103549E-2
4.236378900E1,4.413069069E-2,6.821361780E-3,-1.192948937E-2,4.622079136E-2
4.237377700E1,3.241637886E-2,-1.267296284E-2,-1.226745844E-3,3.482715192E-2
4.238376500E1,3.497804403E-2,5.742842853E-3,-2.637620509E-2,4.418311898E-2
4.239375300E1,2.531142712E-2,2.148851752E-4,-2.110143185E-2,3.295428567E-2
4.240374100E1,3.663923800E-2,-1.020689964E-2,-2.517109394E-2,4.560919350E-2
4.241372900E1,4.207597911E-2,3.190533221E-3,-7.326561213E-3,4.282809848E-2
4.242371600E1,4.398684919E-2,7.493791580E-3,-2.645865083E-3,4.469899793E-2
4.243370400E1,3.311219752E-2,2.957667857E-2,-1.756328166E-2,4.774585220E-2
4.244369200E1,-1.855906248E-3,2.819381207E-2,-1.650435090E-2,3.272199605E-2
4.245368000E1,-8.584004939E-3,8.086991608E-3,1.228032231E-2,1.702618249E-2
4.246366800E1,-1.450051010E-2,-5.561286807E-3,1.023262739E-4,1.553071713E-2
4.247365600E1,-1.665082365E-2,-1.840557307E-2,7.016658783E-5,2.481974963E-2
4.248364300E1,-1.681600749E-2,-2.459280431E-2,-4.143337011E-3,3.007908532E-2
4.249363100E1,-9.493539333E-3,-1.973756880E-2,-4.937388897E-3,2.245165295E-2
4.250361900E1,1.427305341E-2,-1.241919369E-2,2.092133760E-3,1.903505842E-2
4.251360700E1,-9.390628338E-4,-2.301434845E-2,3.552768230E-3,2.330588414E-2
4.252359500E1,-4.292674899E-2,-3.062713087E-2,-3.790749907E-3,5.286867417E-2
4.253358300E1,-3.747158915E-2,-2.941558778E-2,9.404076934E-3,4.855752733E-2
4.254357000E1,-1.199965596E-2,1.011948377E-2,3.262746334E-4,1.570038694E-2
4.255355800E1,-1.225722581E-2,8.892737925E-3,-6.203895807E-4,1.515603034E-2
4.256354600E1,2.290354371E-3,2.884577662E-2,3.803029060E-3,2.918540015E-2
4.257353400E1,-9.183636904E-3,3.320516825E-2,8.529918194E-3,3.549199754E-2
4.258352200E1,1.491741657E-2,1.497442693E-2,1.344157934E-2,2.504872919E-2
4.259351000E1,7.075130939E-3,1.801176310E-2,7.256394625E-3,2.066727729E-2
4.260349800E1,3.380041480E-2,7.803694010E-3,9.656091928E-3,3.600841280E-2
4.261348500E1,1.676513672E-2,4.866052866E-3,-2.205277383E-2,2.812602200E-2
4.262347300E1,3.038359433E-2,1.844913483E-2,-1.099159598E-2,3.720683489E-2
4.263346100E1,3.731342196E-2,1.607165694E-2,-3.513007164E-3,4.077904897E-2
4.264344900E1,4.691981256E-2,5.203437209E-3,-2.556636572E-2,5.368597233E-2
4.265343700E1,4.404093593E-2,-1.202012122E-2,-2.654402018E-2,5.280788160E-2
4.266342500E1,5.937525898E-2,-4.935634732E-3,-3.182054758E-2,6.754501549E-2
4.267341200E1,5.945098042E-2,9.644397497E-3,-2.422209084E-2,6.491643214E-2
4.268340000E1,2.670715749E-2,8.329651058E-3,-1.339597106E-3,2.800803221E-2
4.269338800E1,3.626033843E-2,9.285670817E-3,-2.911913395E-3,3.754350896E-2
4.270337600E1,2.083596826E-2,1.020631492E-2,4.875408411E-3,2.370814300E-2
4.271336400E1,2.592129171E-2,2.059389353E-2,-1.386374831E-3,3.313523577E-2
4.272335200E1,3.374778986E-2,2.663757563E-2,-2.656974792E-3,4.307590128E-2
4.273333900E1,5.751613677E-3,3.359225392E-2,-1.004551649E-3,3.409588989E-2
4.274332700E1,8.155696392E-3,-1.745978594E-3,1.509751081E-3,8.476035230E-3
4.275331500E1,1.638536006E-2,-3.214536041E-2,-2.777427435E-3,3.618726742E-2
4.276330300E1,1.791323751E-2,-4.626667857E-2,-1.638682187E-2,5.224956990E-2
4.277329100E1,2.830110848E-2,-4.344510466E-2,-1.771881759E-2,5.479403578E-2
4.278327900E1,3.638137579E-2,-6.765696287E-2,-1.355501533E-2,7.800517656E-2
4.279326738E1,3.468977630E-2,-6.831945240E-2,9.845541716E-3,7.725194398E-2
4.280325438E1,1.957501620E-2,-6.058037013E-2,7.432980537E-3,6.409689309E-2
4.281324237E1,2.297341794E-2,-3.016929388E-2,-1.079980731E-2,3.942841695E-2
4.282323038E1,6.264414489E-3,2.524827719E-3,-1.066941440E-2,1.262751153E-2
4.283321838E1,-1.324598998E-2,3.818202585E-2,-8.634583354E-3,4.132649729E-2
4.284320638E1,-3.304203093E-2,4.836816788E-2,1.435549915E-2,6.031032936E-2
4.285319438E1,-4.865731269E-2,5.599761486E-2,4.306474328E-2,8.577784715E-2
4.286318137E1,-5.246531188E-2,6.280728221E-2,3.638839245E-2,8.956270850E-2
4.287316938E1,-5.552340567E-2,6.390948236E-2,4.672510028E-2,9.669801192E-2
4.288315738E1,-6.072421163E-2,4.067732513E-2,4.039373517E-2,8.350885282E-2
4.289314537E1,-3.459417433E-2,7.408422232E-3,2.724042356E-2,4.465066957E-2
4.290313338E1,-1.252298176E-2,-1.235428959E-2,8.187856078E-3,1.940346698E-2
4.291312138E1,7.896372378E-3,-2.235361308E-2,-5.245537162E-3,2.428069963E-2
4.292310838E1,1.164736122E-2,-5.246911258E-2,-1.473556817E-2,5.572975657E-2
4.293309638E1,4.050775588E-2,-5.399757475E-2,-4.205492914E-2,7.953133615E-2
4.294308438E1,5.795730919E-2,-8.227880269E-2,-3.757128417E-2,1.074264979E-1
4.295307238E1,7.306183666E-2,-6.013539702E-2,-4.970308721E-2,1.068863641E-1
4.296306038E1,7.405060083E-2,-5.549709320E-2,-3.441963494E-2,9.873261926E-2
4.297304837E1,4.243324399E-2,-4.727590799E-2,-5.494511604E-2,8.399141295E-2
4.298303638E1,6.074818522E-2,-1.690342337E-2,-1.998169005E-2,6.614632012E-2
4.299302338E1,4.738378912E-2,1.617690682E-2,-8.839820623E-3,5.084346777E-2
4.300301138E1,2.828590572E-2,3.237281710E-2,-1.629385114E-2,4.597370264E-2
4.301299938E1,4.060306549E-3,4.889032423E-2,-2.083830714E-2,5.330089059E-2
4.302298738E1,-2.872152328E-3,7.671985477E-2,8.927528858E-3,7.729091892E-2
4.303297538E1,-2.507022947E-2,7.686311156E-2,1.842866957E-2,8.292207297E-2
4.304296338E1,-2.633556694E-2,7.055630475E-2,2.774679244E-2,8.025982006E-2
4.305295038E1,-2.489159703E-2,5.533629477E-2,2.412678123E-2,6.529776944E-2
4.306293837E1,-2.669897139E-2,2.761172175E-2,3.168372273E-2,4.979056676E-2
4.307292638E1,-3.249180794E-2,5.265125334E-3,1.564364076E-2,3.644396554E-2
4.308291438E1,-5.772400528E-2,-1.777495086E-2,2.367011368E-2,6.487128753E-2
4.309290237E1,-2.662412703E-2,-3.458540350E-2,1.457126141E-2,4.601430141E-2
4.310289038E1,-2.608647555E-2,-4.108575314E-2,2.355316937E-2,5.406750508E-2
4.311287838E1,-1.626052201E-2,-4.812141538E-2,3.570075989E-2,6.208558166E-2
4.312286538E1,-1.759573370E-2,-5.581225812E-2,3.802444339E-3,5.864364061E-2
4.313285338E1,-6.763181984E-3,-4.855498642E-2,-6.687460542E-3,4.947776738E-2
4.314284137E1,-9.215211868E-3,-7.296448052E-2,6.553559303E-3,7.383552456E-2
4.315282938E1,2.237057000E-2,-5.630985618E-2,-2.642122865E-2,6.610085951E-2
4.316281738E1,3.563614815E-2,-2.437002540E-2,-1.433269501E-2,4.548911232E-2
4.317280537E1,3.214126736E-2,-1.459874332E-2,-6.686291099E-3,3.592896968E-2
4.318279238E1,2.809821010E-2,-4.996445775E-4,-1.187686443E-2,3.050932585E-2
4.319278038E1,1.180523604E-2,2.910919368E-2,-1.516884685E-2,3.488269871E-2
4.320276838E1,-7.721832991E-3,3.156648606E-2,-2.250008583E-3,3.257502549E-2
4.321275638E1,1.658270359E-2,3.768881321E-2,9.602297544E-3,4.228045432E-2
4.322274438E1,1.746007830E-2,3.218132079E-2,8.062725663E-3,3.748998916E-2
4.323273238E1,2.651946187E-2,3.722542137E-2,1.671543539E-2,4.866641177E-2
4.324271938E1,5.349793017E-2,4.092349291E-2,1.853567362E-4,6.735573592E-2
4.325270738E1,6.069263667E-2,2.277636677E-2,-1.689260602E-2,6.699044086E-2
4.326269538E1,9.003513426E-2,4.433066547E-3,-8.456243277E-3,9.053996648E-2
4.327268338E1,6.959239125E-2,-4.854650795E-3,-1.564714909E-2,7.149476784E-2
4.328267138E1,7.110798955E-2,-3.306132674E-2,-2.537340760E-2,8.242091553E-2
4.329265938E1,4.982324749E-2,-5.502200693E-2,-3.910325468E-2,8.389780547E-2
4.330264738E1,3.264529735E-2,-4.169561774E-2,-2.888232172E-2,6.031938731E-2
4.331263437E1,1.438210398E-2,-2.458754182E-2,-2.351867080E-2,3.693940990E-2
4.332262238E1,7.667746246E-3,-1.417101949E-2,-1.014199555E-2,1.903870268E-2
4.333261038E1,-1.015310526E-2,-8.142247796E-3,-1.625525951E-4,1.301568934E-2
4.334259837E1,-2.185893863E-2,1.412979662E-3,2.134701490E-2,3.058602222E-2
4.335258638E1,-4.235927671E-2,1.642892182E-2,3.444010019E-2,5.701173824E-2
4.336257438E1,-4.085040271E-2,3.209185839E-2,3.628840506E-2,6.336790290E-2
4.337256138E1,-4.682947308E-2,2.742256433E-2,2.058161438E-2,5.803963674E-2
4.338254938E1,-4.302030444E-2,3.534641862E-2,2.552660465E-2,6.125131385E-2
4.339253737E1,-2.416624993E-2,3.006579816E-2,2.780994236E-2,4.755368281E-2
4.340252538E1,-8.283165693E-3,1.481099725E-2,8.409465551E-3,1.893926039E-2
4.341251338E1,1.289808065E-2,-1.405758351E-2,9.789993167E-3,2.144341635E-2
4.342250137E1,2.548333526E-2,-3.400506735E-2,-1.628449559E-3,4.252524931E-2
4.343248938E1,5.707905740E-2,-3.816039115E-2,-1.529222310E-2,7.034263525E-2
4.344247638E1,5.297694325E-2,-5.985794663E-2,-2.790817559E-2,8.466638386E-2
4.345246438E1,2.313801706E-2,-4.581351936E-2,-3.107444286E-2,5.999889490E-2
4.346245238E1,3.640242577E-2,-4.395936728E-2,-2.598385692E-2,6.271142953E-2
4.347244038E1,5.732785642E-2,-5.065735281E-2,-2.176158249E-2,7.953751937E-2
4.348242838E1,4.878624380E-2,-1.779717028E-2,-2.644812584E-2,5.827812809E-2
4.349241638E1,1.216747105E-2,-1.268787324E-2,8.887767792E-5,1.757945899E-2
4.350240338E1,1.665696323E-2,-6.233131886E-3,-1.750539422E-2,2.495486293E-2
4.351239138E1,8.978399634E-3,2.747606635E-2,2.647853136E-2,3.920023603E-2
4.352237938E1,-8.411804438E-3,3.305138648E-2,1.980510414E-2,3.943849327E-2
4.353236738E1,-5.905687809E-3,1.798194230E-2,2.797717273E-2,3.377794534E-2
4.354235538E1,-1.223237514E-3,2.218784451E-2,2.381161630E-2,3.256976858E-2
4.355234338E1,-2.088333070E-3,6.470821202E-3,-6.591566205E-3,9.470026773E-3
4.356233037E1,-3.523766041E-2,5.256939232E-3,-5.892531574E-2,6.885870283E-2
4.357231838E1,-1.524544537E-2,4.735367596E-3,7.142373919E-3,1.748887692E-2
4.358230638E1,4.833162278E-2,3.967569709E-2,1.362518191E-2,6.399806467E-2
4.359229437E1,1.530947238E-2,2.842331529E-3,3.573642790E-2,3.898141958E-2
4.360228238E1,3.548470527E-2,-4.776590466E-3,4.324074447E-2,5.614037858E-2
4.361227038E1,4.533287823E-2,-1.514048785E-2,-3.604223728E-3,4.793010171E-2
4.362225837E1,3.271546394E-2,-1.026975721E-2,-2.171597421E-2,4.058759699E-2
4.363224538E1,3.169249356E-2,-3.665736437E-2,-2.884256065E-2,5.639210774E-2
4.364223337E1,5.015975475E-2,-3.651644647E-2,-4.195201814E-2,7.489608592E-2
4.365222138E1,2.976437420E-2,-1.801000893E-2,-4.041010737E-2,5.332218273E-2
4.366220938E1,2.074533641E-2,1.534250915E-2,-4.195611119E-2,4.925522141E-2
4.367219737E1,2.705945224E-2,1.530479461E-2,-1.613656104E-2,3.502626579E-2
4.368218538E1,3.024589241E-2,-1.848977298E-2,-5.392302275E-3,3.585753248E-2
4.369217238E1,2.637298912E-2,-1.781091124E-2,1.600616813E-2,3.562247229E-2
4.370216038E1,2.297371030E-3,-4.896984637E-2,5.934923887E-4,4.902729852E-2
4.371214838E1,7.321298718E-3,-1.389181495E-2,-2.003256083E-3,1.583025497E-2
4.372213638E1,8.341053128E-3,6.910239458E-3,7.334747314E-3,1.308140263E-2
4.373212438E1,-4.212918878E-3,2.646449804E-2,2.680889904E-2,3.790561186E-2
4.374211238E1,1.226424247E-2,2.505999684E-2,3.485115945E-2,4.464323465E-2
4.375210038E1,7.376262546E-3,2.205862105E-2,1.933031023E-2,3.024322908E-2
4.376208737E1,-9.585340619E-3,2.635866344E-2,1.776384115E-3,2.810361958E-2
4.377207538E1,-7.213125229E-3,3.685675442E-2,-1.681074500E-3,3.759355708E-2
4.378206338E1,-9.135397375E-3,3.635857165E-2,-5.847215652E-6,3.748868165E-2
4.379205158E1,-1.258993238E-2,3.191878080E-2,9.291810393E-3,3.554789313E-2
4.380203958E1,-1.792697847E-2,2.531902850E-2,9.009974599E-3,3.230494395E-2
4.381202758E1,-1.169647783E-2,1.513025522E-2,1.680431306E-2,2.545814515E-2
4.382201458E1,-1.504547060E-2,-1.520977736E-2,1.976475835E-2,2.912643447E-2
4.383200258E1,2.246763378E-2,-7.936425805E-3,-8.310647607E-3,2.523585319E-2
4.384199058E1,1.469726890E-2,-3.349080473E-2,-1.850351393E-2,4.098809269E-2
4.385197858E1,2.290120482E-2,-2.810054898E-2,-1.750422478E-2,4.025548311E-2
4.386196658E1,1.814712614E-2,-2.732345402E-2,-1.431047559E-2,3.578657623E-2
4.387195458E1,1.788400143E-2,-2.703050852E-2,-1.143598437E-2,3.436957429E-2
4.388194258E1,9.340342283E-3,-3.476637483E-2,1.641898155E-3,3.603662917E-2
4.389192958E1,2.693344474E-2,-1.793019444E-2,1.250544012E-2,3.468844693E-2
4.390191758E1,3.197228283E-2,-4.369331896E-3,-7.466309667E-3,3.312195209E-2
4.391190558E1,2.651244521E-2,1.013264000E-2,-1.991678596E-2,3.467359957E-2
4.392189358E1,3.477456093E-2,2.611074150E-2,-1.566001296E-2,4.621987576E-2
4.393188158E1,2.051437140E-2,7.692012191E-3,-2.884899259E-2,3.622527927E-2
4.394186958E1,3.468217492E-2,1.538840979E-2,-6.420242786E-4,3.794823591E-2
4.395185658E1,2.022376478E-2,1.102755636E-2,-4.802084327E-2,5.325982585E-2
4.396184458E1,6.075724840E-2,4.271975756E-3,-2.441680312E-2,6.561915334E-2
4.397183258E1,8.071438015E-2,1.814098656E-3,-2.627095520E-2,8.490150295E-2
4.398182058E1,2.802014977E-2,-8.387538493E-3,-1.215285301E-2,3.167288164E-2
4.399180858E1,2.599935204E-2,-9.847588241E-3,8.011270165E-3,2.893305636E-2
4.400179658E1,2.563214689E-2,5.562748611E-3,-2.326899469E-2,3.506276145E-2
4.401178458E1,1.151579887E-2,7.040924728E-3,-1.106702507E-2,1.745472109E-2
4.402177158E1,-5.161337256E-3,-1.179091036E-3,2.032316744E-2,2.100144740E-2
4.403175958E1,-1.848597229E-2,4.511126876E-3,1.389532328E-2,2.356186423E-2
4.404174758E1,-3.046370119E-2,7.989050746E-3,2.890629530E-2,4.274851962E-2
4.405173558E1,-1.656750083E-2,1.497705817E-2,1.828190446E-2,2.886212719E-2
4.406172358E1,3.380860090E-3,1.449407816E-2,1.107462645E-2,1.855143842E-2
4.407171158E1,1.707094610E-3,3.877581060E-3,-7.823574543E-3,8.897085226E-3
4.408169858E1,2.030124038E-2,6.127004921E-3,-1.350706816E-2,2.514202539E-2
4.409168658E1,4.511214584E-2,-2.450801969E-2,-1.306501865E-2,5.297587605E-2
4.410167458E1,3.601183176E-2,-4.030485749E-2,-2.673171580E-2,6.029857539E-2
4.411166258E1,3.082272023E-2,-3.618958712E-2,-1.870173454E-2,5.108308108E-2
4.412165058E1,3.130599260E-2,-2.087455988E-2,-2.012962461E-2,4.267334308E-2
4.413163858E1,3.179862052E-2,-3.700819731E-2,-1.724928617E-2,5.175226380E-2
4.414162658E1,1.809508592E-2,-2.242261022E-2,-2.230771244E-2,3.643953372E-2
4.415161358E1,-1.532175153E-2,-1.913501322E-3,7.389126420E-3,1.711773194E-2
4.416160158E1,-2.109529227E-2,-4.600004554E-3,2.431447685E-2,3.251715212E-2
4.417158958E1,-2.834057719E-2,4.475751221E-3,4.807463765E-2,5.598563610E-2
4.418157758E1,-1.944988579E-2,4.186314046E-3,2.775030077E-2,3.414531410E-2
4.419156558E1,-1.006861299E-2,1.279458493E-2,3.034763396E-2,3.443918202E-2
4.420155358E1,-3.373931140E-2,1.172337502E-2,2.062722266E-2,4.124634493E-2
4.421154058E1,-3.049001366E-2,2.974683255E-2,5.802776814E-3,4.299054778E-2
4.422152858E1,-2.395896614E-3,2.843471736E-2,-9.770112634E-3,3.016170706E-2
4.423151658E1,9.080433547E-3,2.733222485E-2,5.905687809E-4,2.880717897E-2
4.424150458E1,5.217265874E-2,1.467358768E-2,9.047981501E-3,5.494694227E-2
4.425149258E1,4.655319214E-2,7.569220662E-3,-2.909574509E-2,5.541710189E-2
4.426148058E1,6.820777059E-2,-1.818484068E-4,-2.613413036E-2,7.304331459E-2
4.427146858E1,7.247594565E-2,-5.962405801E-3,-2.757780790E-2,7.777434326E-2
4.428145558E1,6.025643438E-2,-5.976439118E-3,-3.002954543E-2,6.758941713E-2
4.429144358E1,4.478791773E-2,-1.367371380E-2,-2.720358610E-2,5.415683817E-2
4.430143158E1,4.548724473E-2,-2.942640513E-2,-2.025475502E-2,5.783820409E-2
4.431141958E1,2.518658906E-2,-2.163440555E-2,-1.572901011E-4,3.320295939E-2
4.432140758E1,8.549506366E-3,-2.864024699E-2,9.054998159E-3,3.123060675E-2
4.433139558E1,-7.797262073E-4,-2.473489165E-2,4.712855816E-4,2.475166556E-2
4.434138258E1,-2.300908595E-2,-2.318011701E-2,1.318488657E-2,3.522182697E-2
4.435137058E1,-1.865729570E-2,-4.799394608E-3,4.560828209E-4,1.927010335E-2
4.436135858E1,-3.645417362E-2,-4.835354984E-3,-7.396727800E-4,3.678089923E-2
4.437134658E1,-1.253058314E-2,-1.700370312E-2,-1.396315098E-3,2.116816311E-2
4.438133458E1,3.737540245E-3,-1.124010265E-2,1.539454937E-2,1.942424426E-2
4.439132258E1,1.422218263E-2,-1.255280256E-2,1.199556291E-2,2.244408297E-2
4.440131058E1,3.006170511E-2,-1.916015625E-2,7.011981010E-3,3.633160579E-2
4.441129758E1,1.738932699E-2,-9.366947114E-3,4.049196839E-3,2.016244991E-2
4.442128558E1,1.552260339E-2,-6.402701139E-3,9.996984601E-3,1.954189088E-2
4.443127358E1,6.900591552E-3,4.740630090E-3,3.498389125E-3,9.073613607E-3
4.444126158E1,1.688091159E-3,5.679985285E-3,2.341809869E-2,2.415614271E-2
4.445124958E1,1.904496610E-2,3.307799131E-2,1.931101441E-2,4.277592220E-2
4.446123758E1,-6.855860353E-3,1.940690875E-2,1.144826353E-2,2.355193551E-2
4.447122458E1,1.022093296E-2,1.680314362E-2,2.116107345E-2,2.888951601E-2
4.448121258E1,9.537393451E-3,2.377127051E-2,4.157370329E-4,2.561655740E-2
4.449120058E1,1.073548794E-3,8.101902008E-3,-1.946538091E-3,8.401329282E-3
4.450118858E1,1.400145024E-2,2.676796854E-2,-1.693236709E-2,3.463047507E-2
4.451117658E1,2.389844745E-2,7.178626657E-3,-1.478176117E-2,2.900291252E-2
4.452116458E1,2.819556624E-2,1.379416645E-2,-1.351057649E-2,3.417315701E-2
4.453115258E1,3.067566276E-2,-5.859787166E-3,-8.980738521E-3,3.249595445E-2
4.454113958E1,3.778236866E-2,-1.820033580E-2,-1.169443130E-3,4.195386993E-2
4.455112758E1,3.982567817E-2,-3.918628514E-2,-1.888884544E-2,5.897828471E-2
4.456111558E1,5.002497643E-2,-5.301319599E-2,-2.460800707E-2,7.693147099E-2
4.457110358E1,5.481764674E-2,-4.408508241E-2,-3.873254120E-2,8.030366513E-2
4.458109158E1,3.063941002E-2,-3.917751431E-2,-2.678843379E-2,5.649133791E-2
4.459107958E1,2.318362534E-2,-3.193281412E-2,-2.968222082E-2,4.937832859E-2
4.460106658E1,2.558215320E-2,-9.499678910E-3,-1.337433636E-2,3.039018485E-2
4.461105458E1,1.797434092E-3,-5.203729570E-3,1.048756599E-2,1.184477147E-2
4.462104258E1,-1.613773048E-2,-2.626569271E-3,4.367811620E-2,4.663800002E-2
4.463103058E1,-1.910109937E-2,-8.258022666E-3,4.382020354E-2,4.851038213E-2
4.464101858E1,-3.661029428E-2,6.531339884E-3,2.638439119E-2,4.559723837E-2
4.465100658E1,-3.824283689E-2,1.391169548E-2,1.843802512E-2,4.467673460E-2
4.466099458E1,-4.783344001E-2,3.568643421E-2,9.414017200E-3,6.041674676E-2
4.467098158E1,-2.720914096E-2,2.042315483E-2,3.337824583E-2,4.766077947E-2
4.468096958E1,-2.619084835E-2,2.082661271E-2,2.625282884E-2,4.253139260E-2
4.469095758E1,-7.064021230E-3,1.069923520E-2,1.409237444E-2,1.905174657E-2
4.470094558E1,6.808790267E-3,7.977648675E-3,-1.143072188E-2,1.551334606E-2
4.471093358E1,3.523853749E-2,-7.643187940E-3,-2.862562895E-2,4.603910815E-2
4.472092158E1,4.539778233E-2,-2.624932051E-2,-4.215959430E-2,6.728608221E-2
4.473090858E1,6.185155481E-2,-2.947055161E-2,-3.829575419E-2,7.849008239E-2
4.474089658E1,3.330369383E-2,-2.292050064E-2,-1.208561003E-2,4.219653235E-2
4.475088458E1,3.223043740E-2,-1.378627270E-2,1.517937183E-3,3.508798289E-2
4.476087258E1,3.269616812E-2,-1.881750941E-2,8.833388686E-3,3.874489420E-2
4.477086058E1,1.429293394E-2,-4.355590940E-3,-9.650244713E-3,1.778725263E-2
4.478084858E1,7.096473277E-3,3.094931245E-3,-5.188234448E-3,9.319673228E-3
4.479083608E1,-8.206567168E-4,9.718657136E-3,-1.669321597E-2,1.933362959E-2
4.480082308E1,-5.186187923E-3,7.390880585E-3,-1.923617005E-2,2.124975057E-2
4.481081108E1,-2.978864014E-3,4.344481230E-3,-4.630994797E-3,7.013862044E-3
4.482079908E1,-2.674867272E-2,4.853188992E-4,6.099230647E-3,2.743952699E-2
4.483078708E1,-3.139662445E-3,-4.376933277E-3,-4.212918878E-3,6.838399714E-3
4.484077508E1,-6.852059662E-3,-3.388607651E-2,-1.279195368E-2,3.686259597E-2
4.485076308E1,1.022678018E-2,-2.858060539E-2,1.572901011E-3,3.039592168E-2
4.486075008E1,6.272015870E-3,-3.280200273E-2,-1.103895843E-2,3.517340145E-2
4.487073808E1,3.210559934E-2,-4.711949497E-2,-2.416011035E-2,6.192517459E-2
4.488072608E1,2.733573318E-2,-2.885980994E-2,-2.044245064E-2,4.469926986E-2
4.489071408E1,3.796041638E-2,-7.689673305E-3,-3.100427628E-2,4.961239194E-2
4.490070208E1,3.344431937E-2,1.942620456E-2,-2.197734475E-2,4.448486938E-2
4.491069008E1,2.178906441E-2,2.523307443E-2,-3.543412685E-4,3.334061983E-2
4.492067808E1,1.896632105E-2,3.575718552E-2,2.052723527E-2,4.538353268E-2
4.493066508E1,1.356144726E-2,4.178040236E-2,2.392914534E-2,5.002118421E-2
4.494065308E1,3.083266050E-2,3.969382346E-2,2.484248042E-2,5.606604505E-2
4.495064108E1,3.508709460E-2,7.579453290E-3,3.411967278E-2,4.952478562E-2
4.496062908E1,2.044566661E-2,9.926818013E-3,3.787826300E-3,2.304158474E-2
4.497061708E1,1.868770123E-3,1.428825617E-2,-7.548579991E-2,7.684889429E-2
4.498060508E1,5.575641721E-2,4.331822008E-2,-4.604740798E-2,8.429478058E-2
4.499059308E1,5.633353740E-2,-2.584937096E-2,-2.628264964E-2,6.732336212E-2
4.500058008E1,5.488722861E-2,-1.693353653E-3,-1.231423616E-2,5.627713322E-2
4.501056808E1,5.770587891E-2,-2.233519435E-2,1.465896964E-2,6.359020961E-2
4.502055608E1,2.891185015E-2,-2.210861474E-2,-7.960984111E-3,3.725672011E-2
4.503054408E1,1.851813197E-3,-1.680197418E-2,8.977814913E-3,1.913992448E-2
4.504053208E1,-1.590471894E-2,2.793214917E-3,2.364263177E-2,2.863103510E-2
4.505052008E1,-2.761990786E-2,4.339832693E-2,2.845196664E-2,5.878595493E-2
4.506050708E1,-5.061554521E-2,4.790799201E-2,3.854952335E-2,7.964405104E-2
4.507049508E1,-6.891820729E-2,4.762294024E-2,6.010469913E-2,1.031030484E-1
4.508048308E1,-3.507276893E-2,4.093928039E-2,6.621737838E-2,8.538656216E-2
4.509047108E1,-3.586477429E-2,9.438575506E-3,5.626834095E-2,6.739061459E-2
4.510045908E1,-1.796352357E-2,2.962784171E-3,3.502949953E-2,3.947824852E-2
4.511044708E1,7.530044317E-3,-1.709141135E-3,-8.671420813E-3,1.161104086E-2
4.512043508E1,3.428485662E-2,-5.416568220E-3,-2.083655298E-2,4.048397886E-2
4.513042208E1,6.678455830E-2,1.867425263E-2,-5.832539141E-2,9.061322322E-2
4.514041008E1,4.618218631E-2,2.679428101E-2,-1.164882302E-1,1.281414672E-1
4.515039808E1,3.093147844E-2,-6.048096746E-2,-8.852976859E-2,1.115895323E-1
4.516038608E1,7.095069945E-2,-2.191887259E-2,-3.676086009E-2,8.286012046E-2
4.517037408E1,6.447783172E-2,-6.678426594E-2,8.086699247E-4,9.283416886E-2
4.518036208E1,3.012894809E-2,-1.279166132E-1,1.244287491E-3,1.314228355E-1
4.519034908E1,1.679027975E-3,-1.235490355E-1,-1.006422758E-2,1.239696414E-1
4.520033708E1,-6.788208067E-2,-8.665836722E-2,1.011802197E-2,1.105442167E-1
4.521032508E1,-1.072402740E-1,-3.639131606E-2,4.497912169E-2,1.218520645E-1
4.522031308E1,-1.372344437E-1,-8.829003274E-3,8.584121883E-2,1.621109456E-1
4.523030108E1,-1.298678291E-1,1.134476781E-2,9.568851471E-2,1.617116218E-1
4.524028908E1,-1.220577031E-1,3.252659887E-2,9.189951897E-2,1.562100641E-1
4.525027708E1,-9.761020213E-2,3.917926848E-2,6.819198310E-2,1.253511595E-1
4.526026408E1,-7.245577276E-2,3.384514600E-2,3.636792719E-2,8.785191541E-2
4.527025208E1,-1.592255294E-2,2.244190603E-2,4.315245152E-3,2.785297434E-2
4.528024008E1,1.106556326E-2,1.778255224E-2,-2.325437665E-2,3.129587653E-2
4.529022808E1,5.111723632E-2,-1.577403367E-2,-2.655688405E-2,5.972486984E-2
4.530021608E1,6.997099847E-2,-2.327133358E-2,-2.304504633E-2,7.725651916E-2
4.531020408E1,1.045780367E-1,-2.413672149E-2,-4.780800462E-2,1.174936270E-1
4.532019208E1,1.196591753E-1,3.382614255E-3,-5.882065058E-2,1.333777689E-1
4.533017908E1,1.112821618E-1,1.782319039E-2,-3.411557972E-2,1.177508319E-1
4.534016708E1,1.163584220E-1,1.182804018E-2,-3.937222660E-2,1.234072816E-1
4.535015508E1,1.271184683E-1,-5.739042163E-3,-3.857408166E-2,1.329661662E-1
4.536014308E1,1.283115926E-1,-3.002662182E-2,-3.560720444E-2,1.365039773E-1
4.537013108E1,1.257572365E-1,-5.716004133E-2,-5.310324311E-2,1.479936055E-1
4.538011908E1,1.386541477E-1,-7.839946747E-2,-5.978310227E-2,1.701336783E-1
4.539010608E1,1.061173162E-1,-7.648333490E-2,-8.722057700E-2,1.572196373E-1
4.540009408E1,8.664784223E-2,-6.721023560E-2,-1.065637511E-1,1.529081338E-1
4.541008208E1,5.515678525E-2,-2.882765025E-2,-9.526634574E-2,1.137935895E-1
4.542007008E1,1.437713385E-2,-8.516469598E-4,-5.804530978E-2,5.980539497E-2
4.543005808E1,-1.294778198E-2,3.205443621E-2,-7.021921277E-3,3.527661148E-2
4.544004608E1,-3.440004677E-2,2.816720724E-2,2.530499518E-2,5.115757581E-2
4.545003408E1,-4.905960113E-2,5.838269413E-2,4.708470404E-2,8.962339422E-2
4.546002108E1,-7.247272968E-2,5.370024383E-2,5.613093138E-2,1.062388544E-1
4.547000908E1,-6.741605759E-2,4.992118835E-2,3.831329584E-2,9.222233192E-2
4.547999708E1,-4.839418799E-2,3.199508697E-2,1.550681591E-2,6.005118118E-2
4.548998508E1,-1.016918510E-2,2.576253980E-2,1.613363743E-2,3.205331558E-2
4.549997308E1,2.439136773E-2,2.066815317E-2,2.934776008E-2,4.339818426E-2
4.550996108E1,7.168101668E-3,1.515013576E-3,4.765480757E-2,4.821470348E-2
4.551994908E1,2.821076900E-2,-2.961673200E-2,4.233793437E-2,5.886848893E-2
4.552993608E1,2.727141380E-2,-4.296680242E-2,1.581262529E-2,5.329085512E-2
4.553992408E1,4.199470282E-2,-7.219557166E-2,1.451454341E-2,8.477279990E-2
4.554991208E1,2.042841733E-2,-5.800876468E-2,-6.540110707E-3,6.184747418E-2
4.555990008E1,-4.609944820E-3,-3.980082750E-2,-2.498866081E-2,4.722065894E-2
4.556988808E1,-7.870352268E-3,-1.665228546E-2,-1.063666999E-2,2.126922200E-2
4.557987608E1,-2.693519890E-3,-2.058950812E-2,1.984544992E-2,2.872324453E-2
4.558986308E1,-1.691599488E-2,-1.247912765E-2,2.360345542E-2,3.160700267E-2
4.559985108E1,-1.264898926E-2,-7.447598577E-3,1.966944873E-2,2.454283739E-2
4.560983908E1,-3.345864505E-2,2.084737033E-2,6.696231365E-3,3.998666393E-2
4.561982708E1,-2.453403980E-2,3.520608544E-2,-7.661606669E-3,4.358999630E-2
4.562981508E1,-1.129915953E-2,3.803029060E-2,-8.972552419E-3,4.067530831E-2
4.563980308E1,-1.005867273E-2,2.160078406E-2,-2.888524532E-4,2.382969167E-2
4.564979108E1,-2.684339762E-2,-7.072792053E-3,7.769195437E-3,2.882625159E-2
4.565977808E1,6.043097377E-3,-1.607955068E-2,-1.879879832E-3,1.728018878E-2
4.566976608E1,-5.873528123E-3,-2.146425158E-2,-7.893156409E-3,2.361174171E-2
4.567975408E1,-1.432275474E-2,-2.758599401E-2,2.241822481E-3,3.116334604E-2
4.568974208E1,1.177366108E-2,-3.047101021E-2,-1.107170284E-2,3.449179847E-2
4.569973008E1,5.270387828E-3,-2.063511640E-2,-1.798018813E-2,2.787242691E-2
4.570971808E1,-1.035308003E-2,-3.905384570E-2,-1.240369856E-2,4.226394289E-2
4.571970608E1,1.561820537E-2,-3.511311471E-2,2.947581410E-3,3.854279959E-2
4.572969308E1,-7.292355001E-3,-5.417737663E-3,-9.422788024E-3,1.308889823E-2
4.573968108E1,-1.358191252E-2,2.162943542E-2,-7.989050746E-3,2.676052608E-2
4.574966908E1,1.713497311E-2,5.992518961E-3,-1.266916215E-2,2.213651410E-2
4.575965708E1,7.806617618E-3,4.062996268E-2,-3.445179462E-3,4.151633905E-2
4.576964508E1,6.214362323E-2,4.883594513E-2,1.815969765E-2,8.109595590E-2
4.577963308E1,4.726859897E-2,1.745159984E-2,8.926359415E-3,5.117185436E-2
4.578962075E1,4.676310718E-2,1.281417310E-2,6.812006235E-3,4.896319694E-2
4.579960875E1,4.836758316E-2,2.195161700E-2,-4.066387653E-2,6.689430054E-2
4.580959675E1,4.307029814E-2,2.262083083E-2,-3.068969607E-2,5.752051820E-2
4.581958475E1,4.248879254E-2,-6.369664371E-3,-3.463130414E-2,5.518330674E-2
4.582957275E1,3.478040814E-2,-1.192013383E-2,-2.045005202E-2,4.207102339E-2
4.583956075E1,2.006033510E-2,-6.196294427E-3,-1.516299963E-2,2.589841051E-2
4.584954875E1,-5.030067265E-3,-4.063230157E-3,-3.357471228E-3,7.285878742E-3
4.585953575E1,6.043097377E-4,-1.142838299E-2,3.009561896E-3,1.183345220E-2
4.586952375E1,-2.631773293E-2,-8.143417239E-3,1.668561459E-2,3.220788793E-2
4.587951175E1,-3.386298001E-2,-3.689593077E-3,9.950791597E-3,3.548707885E-2
4.588949975E1,-3.276779652E-2,6.119111180E-4,1.910460770E-2,3.793532601E-2
4.589948775E1,-4.833308458E-2,1.924260199E-2,4.062177658E-2,6.600373875E-2
4.590947575E1,-4.164796293E-2,2.298043460E-2,2.382272601E-2,5.319939346E-2
4.591946375E1,-5.088919491E-2,-7.403159738E-3,3.786949217E-2,6.386403816E-2
4.592945075E1,-1.730191112E-2,4.594742060E-3,2.952376127E-2,3.452709461E-2
4.593943875E1,-1.099948972E-2,1.924318671E-2,-3.150012016E-2,3.851683501E-2
4.594942675E1,-2.366221994E-2,1.735804439E-2,-2.786549091E-2,4.046835728E-2
4.595941475E1,9.638257921E-2,4.753786325E-4,1.425609648E-2,9.743235523E-2
4.596940275E1,7.363194019E-2,-4.275425613E-2,2.820813775E-2,8.969552981E-2
4.597939075E1,7.346558690E-2,-2.753570795E-2,5.460246921E-2,9.558680513E-2
4.598937775E1,6.840014398E-2,-2.839846462E-2,6.385159492E-3,7.433587795E-2
4.599936575E1,5.957874209E-2,-1.600119799E-2,-6.835745931E-2,9.207826610E-2
4.600935375E1,3.975375742E-2,-8.394262791E-3,-7.753758788E-2,8.753800552E-2
4.601934175E1,3.613637745E-2,1.428474784E-3,-5.002585351E-2,6.172895865E-2
4.602932975E1,1.149679542E-2,9.244447947E-4,-2.456122935E-2,2.713457002E-2
4.603931775E1,-1.074338168E-2,1.942503512E-2,7.425963879E-3,2.340720357E-2
4.604930575E1,-1.617983043E-2,2.571254611E-2,1.892275929E-2,3.579095919E-2
4.605929275E1,-1.622251511E-2,1.526240230E-2,2.408935905E-2,3.280865952E-2
4.606928075E1,-9.339757562E-3,3.529788673E-2,5.215716362E-3,3.688326960E-2
4.607926875E1,-1.584010720E-2,1.812110603E-2,6.503857970E-3,2.493157934E-2
4.608925675E1,6.593612731E-3,-5.187942088E-3,2.169141591E-2,2.325742883E-2
4.609924475E1,8.960273266E-3,-1.284311682E-2,3.037043810E-3,1.595167019E-2
4.610923275E1,3.330486327E-2,-2.932086289E-2,-2.354673743E-3,4.443502455E-2
4.611922075E1,2.272754252E-2,-2.735093594E-2,-1.318079352E-2,3.792556135E-2
4.612920775E1,3.145802021E-2,-3.889158547E-2,-1.782172859E-2,5.310156745E-2
4.613919575E1,3.734645873E-2,-4.007798553E-2,-4.493526757E-2,7.085323687E-2
4.614918375E1,5.270475537E-2,-4.785887539E-2,-4.716890395E-2,8.540005089E-2
4.615917175E1,4.014727503E-2,-2.763920367E-2,-2.714569867E-2,5.579084358E-2
4.616915975E1,3.342151523E-2,-2.062312961E-2,-1.660199940E-2,4.263727875E-2
4.617914775E1,1.383568168E-2,-3.082067370E-3,-2.053542137E-3,1.432278821E-2
4.618913575E1,2.288278610E-2,1.073431849E-2,4.699407220E-3,2.570859625E-2
4.619912275E1,4.438621402E-3,1.265278995E-2,2.869813442E-3,1.371241345E-2
4.620911075E1,1.376376092E-2,4.410262406E-2,4.788869619E-3,4.644799065E-2
4.621909875E1,1.481187433E-2,2.947815299E-2,8.936884403E-3,3.417924850E-2
4.622908675E1,1.679115683E-2,3.116624415E-2,-2.716733336E-2,4.462445209E-2
4.623907475E1,-1.952970028E-3,1.229494035E-2,-1.746387899E-2,2.144683472E-2
4.624906275E1,9.765727222E-3,-7.089748979E-3,-5.054333210E-3,1.308358716E-2
4.625904975E1,1.014959693E-2,-3.052275807E-2,-3.040552139E-4,3.216746069E-2
4.626903775E1,2.944131553E-2,-3.564579606E-2,1.991444707E-2,5.033884225E-2
4.627902575E1,4.324308336E-3,-2.472992152E-2,-2.483897209E-3,2.522773090E-2
4.628901375E1,1.388713717E-4,-2.864317060E-2,-2.054653108E-2,3.525068009E-2
4.629900175E1,-1.169004589E-2,-2.154874384E-2,-1.178097010E-2,2.719920570E-2
4.630898975E1,-3.151356876E-2,-8.163590133E-3,2.694864750E-2,4.226084265E-2
4.631897775E1,-3.136037171E-2,-1.361465693E-2,4.597665668E-2,5.729471839E-2
4.632896475E1,-3.905413806E-2,-8.355963528E-3,4.448970973E-2,5.978613634E-2
4.633895275E1,-3.867845446E-2,1.825179130E-2,2.633527458E-2,5.022646127E-2
4.634894075E1,-3.687371135E-2,2.834554732E-2,9.697022438E-3,4.750971359E-2
4.635892875E1,-3.487805665E-2,1.993695885E-2,1.756386638E-2,4.384575881E-2
4.636891675E1,-1.657802582E-2,7.669500411E-3,2.824322104E-2,3.363527481E-2
4.637890475E1,1.754837126E-2,-1.151521415E-2,7.249377966E-3,2.220583192E-2
4.638889275E1,4.051126420E-2,-1.390380174E-2,-1.551090896E-2,4.555289812E-2
4.639887975E1,4.089805752E-2,-2.543626517E-2,-3.459680557E-2,5.930087394E-2
4.640886775E1,3.714151382E-3,-4.272238880E-2,-2.931267679E-2,5.194449390E-2
4.641885575E1,5.857682168E-2,2.008577049E-2,-3.890094101E-2,7.312978481E-2
4.642884375E1,6.221145093E-2,-8.281411529E-3,-3.206788480E-2,7.047833454E-2
4.643883175E1,6.746517420E-2,-1.935019076E-2,1.289311051E-3,7.019716472E-2
4.644881975E1,3.903513461E-2,-2.898991048E-2,-4.144389510E-2,6.388859902E-2
4.645880775E1,2.539065689E-2,4.379564524E-3,-3.154338956E-2,4.072900033E-2
4.646879475E1,7.237712771E-2,-7.256686985E-3,-1.110444725E-2,7.358272127E-2
4.647878275E1,3.808993220E-2,1.203649342E-3,-7.023090720E-3,3.875068400E-2
4.648877075E1,9.525991380E-3,-3.698363900E-3,3.489852190E-2,3.636384521E-2
4.649875875E1,2.968105137E-2,7.426840961E-3,-7.235929370E-3,3.144012486E-2
4.650874675E1,3.473187625E-2,3.178078651E-2,-2.591193616E-2,5.373778983E-2
4.651873475E1,3.143550843E-2,1.102317095E-2,-2.967228055E-2,4.461104932E-2
4.652872175E1,8.365903795E-3,-3.490787745E-4,-2.589790285E-2,2.721785396E-2
4.653870975E1,2.428933382E-2,1.229581743E-2,1.588746965E-2,3.152095423E-2
4.654869775E1,-1.622514635E-2,1.160701543E-2,3.370510519E-2,3.916646904E-2
4.655868575E1,-8.205397725E-3,1.737149298E-2,1.259548724E-2,2.297267113E-2
4.656867375E1,-3.543851227E-2,-2.581341058E-2,-1.654762030E-3,4.387434962E-2
4.657866175E1,-5.004427224E-2,-1.869822621E-2,1.086354196E-2,5.451668911E-2
4.658864975E1,-3.669069350E-2,-1.810239494E-2,1.916951180E-2,4.518156565E-2
4.659863675E1,-4.010839105E-2,-4.378161192E-2,4.014113545E-2,7.167163546E-2
4.660862475E1,-5.235596895E-3,-4.060131133E-2,5.703491092E-2,7.020583323E-2
4.661861275E1,1.267530173E-2,-8.952671885E-3,1.915021598E-2,2.464841537E-2
4.662860075E1,4.643273950E-3,-1.305069298E-2,1.192831993E-4,1.385261017E-2
4.663858875E1,-5.531349063E-2,4.443006814E-3,-6.969354808E-2,8.908711018E-2
4.664857675E1,2.920742691E-2,1.512820870E-2,-6.503857970E-3,3.352963843E-2
4.665856475E1,3.282539159E-2,3.054877818E-3,4.195961952E-3,3.323318685E-2
4.666855175E1,1.912097991E-2,4.016657084E-2,3.394191742E-2,5.595550950E-2
4.667853975E1,3.664128453E-2,3.697428346E-2,2.464835286E-2,5.759533547E-2
4.668852775E1,3.986777812E-2,1.188271165E-2,-1.771472454E-2,4.521559503E-2
4.669851575E1,4.415554136E-2,2.180134356E-3,-2.118387759E-2,4.902266301E-2
4.670850375E1,2.993657470E-2,-1.353630424E-2,-2.791987002E-2,4.311553292E-2
4.671849175E1,3.422696918E-2,-2.812247604E-2,-2.650367439E-2,5.162173800E-2
4.672847975E1,5.050240159E-2,-1.705808222E-2,-3.908395886E-2,6.609861251E-2
4.673846675E1,5.028020740E-2,-1.283873141E-2,-2.626803160E-2,5.816306185E-2
4.674845475E1,6.574696988E-2,-1.599067301E-2,-4.407631159E-3,6.780702680E-2
4.675844275E1,3.145655841E-2,-2.187706500E-2,-2.272695780E-2,4.454924972E-2
4.676843075E1,3.381327868E-2,-6.695354283E-3,-1.282177448E-2,3.677721420E-2
4.677841875E1,2.097893268E-2,5.326228738E-3,-1.716742516E-2,2.762616179E-2
4.678840675E1,4.213211238E-3,-2.759301066E-3,1.060217142E-2,1.173758622E-2
4.679839350E1,-1.300420761E-2,1.047528684E-3,-9.863083363E-3,1.635503425E-2
4.680838150E1,-2.818854958E-2,7.231543958E-3,5.168353915E-3,2.955674944E-2
4.681836950E1,-1.573719621E-2,1.390526354E-2,5.345524549E-3,2.167003303E-2
4.682835750E1,-1.045803756E-2,1.078460455E-2,1.394911766E-2,2.050014947E-2
4.683834550E1,-1.999718517E-2,-3.382029533E-3,7.465724945E-3,2.161163084E-2
4.684833350E1,-1.341935992E-2,5.527957678E-3,1.842457652E-3,1.462983893E-2
4.685832150E1,2.852564156E-3,7.451983988E-3,2.093887925E-3,8.249457817E-3
4.686830950E1,7.133603096E-5,-2.534709513E-2,1.306852698E-2,2.851783158E-2
4.687829650E1,2.563419342E-3,-1.883388162E-2,1.208736420E-2,2.252533216E-2
4.688828450E1,-1.365441799E-2,-1.579742253E-2,1.658972025E-2,2.666871776E-2
4.689827250E1,-3.621180654E-3,-1.389239967E-2,6.662317514E-3,1.582713469E-2
4.690826050E1,4.683912098E-3,-1.002768248E-2,9.958392978E-3,1.488835247E-2
4.691824850E1,9.352913797E-3,-4.560828209E-5,1.057176590E-2,1.411528642E-2
4.692823650E1,6.043682098E-3,-1.112725139E-3,-2.546462417E-3,6.651971240E-3
4.693822350E1,-6.210912466E-3,9.226029217E-3,6.338966489E-3,1.280146651E-2
4.694821150E1,7.921223044E-3,2.172152907E-2,-1.783400774E-4,2.312147064E-2
4.695819950E1,1.580122322E-2,1.930809081E-2,1.169443130E-6,2.494956968E-2
4.696818750E1,2.214252859E-2,1.619707972E-2,-6.444216371E-3,2.818093129E-2
4.697817550E1,2.244102895E-2,1.928207070E-2,-1.333165169E-2,3.245197941E-2
4.698816350E1,3.522333473E-2,8.812923431E-3,-1.805503249E-2,4.055040231E-2
4.699815150E1,5.196537495E-2,5.912704468E-3,-3.108730674E-2,6.084226251E-2
4.700813850E1,6.221671343E-2,-1.188446581E-3,-2.149436474E-2,6.583570119E-2
4.701812650E1,4.442042023E-2,-1.119274020E-2,-2.644929528E-2,5.289627952E-2
4.702811450E1,4.850236148E-2,-2.646069735E-2,-1.801702559E-2,5.811420467E-2
4.703810250E1,1.837809116E-2,-2.720650971E-2,-3.575572371E-3,3.302624900E-2
4.704809050E1,-4.331617355E-3,-9.176327884E-3,-8.957934380E-4,1.018677320E-2
4.705807850E1,1.385088444E-2,-5.553393066E-3,1.888943017E-2,2.407275942E-2
4.706806650E1,-1.407073975E-2,-2.931501567E-3,3.032132149E-2,3.355535658E-2
4.707805350E1,-8.096639514E-3,-1.988521099E-2,2.656273127E-2,3.415488076E-2
4.708804150E1,-1.603481948E-2,-5.054917932E-4,3.198426962E-2,3.578218077E-2
4.709802950E1,-1.940924764E-2,1.533110708E-2,1.756737471E-2,3.033767282E-2
4.710801750E1,4.730397463E-4,1.887071908E-2,6.721959114E-3,2.003777780E-2
4.711800550E1,1.918120623E-2,1.178213954E-3,-2.013781071E-3,1.932258199E-2
4.712799350E1,3.081950426E-2,7.864505053E-5,-1.941451013E-2,3.642487106E-2
4.713798150E1,3.357968241E-2,5.187065005E-3,-2.561197400E-2,4.254966423E-2
4.714796850E1,4.503817856E-2,-5.049947798E-3,-3.126623154E-2,5.505921118E-2
4.715795650E1,6.337212324E-2,-1.099013418E-2,-3.456873894E-2,7.301922189E-2
4.716794450E1,4.224408656E-2,-2.258808643E-2,-2.845079720E-2,5.571563837E-2
4.717793250E1,2.719247639E-2,-2.135637045E-2,-1.207800865E-2,3.662517746E-2
4.718792050E1,2.195307881E-2,-2.372946292E-2,-3.703041673E-3,3.253824822E-2
4.719790850E1,-1.056036383E-2,-2.471384168E-2,-9.818644524E-3,2.861295222E-2
4.720789650E1,-2.407298684E-2,8.749481142E-3,2.764212728E-2,3.768486853E-2
4.721788350E1,-4.255808204E-2,3.849163592E-2,3.206437647E-2,6.573370993E-2
4.722787150E1,-3.529759437E-2,5.018606722E-2,4.895113528E-2,7.849060553E-2
4.723785950E1,-2.460537583E-2,5.541493982E-2,5.786696970E-2,8.381423661E-2
4.724784750E1,-3.725524217E-2,1.999046087E-2,6.049295425E-2,7.380358466E-2
4.725783550E1,1.330621630E-2,2.876566976E-2,5.115436614E-2,6.017714121E-2
4.726782350E1,1.345122725E-2,2.527458966E-3,1.234230280E-2,1.842975859E-2
4.727781050E1,2.313918650E-2,-8.963489234E-3,-3.936345577E-3,2.512490612E-2
4.728779850E1,3.159338325E-2,-2.014979750E-2,-8.030565977E-3,3.832291996E-2
4.729778650E1,3.858402193E-2,-5.260564506E-2,-3.209419727E-2,7.270569537E-2
4.730777450E1,4.612693012E-2,-6.156825721E-2,-4.984692872E-2,9.166820758E-2
4.731776250E1,4.914292395E-2,-4.900142133E-2,-4.181343913E-2,8.102178694E-2
4.732775050E1,5.236824811E-2,-4.154797554E-2,-2.935711563E-2,7.301032748E-2
4.733773850E1,4.331441939E-2,-2.898289382E-2,-2.730415821E-2,5.883590840E-2
4.734772550E1,2.826836407E-2,-1.488525689E-2,-1.491156936E-2,3.525657642E-2
4.735771350E1,1.515569061E-2,-1.412482649E-2,2.280414104E-5,2.071729233E-2
4.736770150E1,-4.148599505E-4,-2.577511132E-2,8.127045035E-3,2.702919409E-2
4.737768950E1,-5.160167813E-4,-2.274186820E-2,1.226161122E-2,2.584194173E-2
4.738767750E1,7.599626184E-3,-1.110883266E-2,1.564013243E-2,2.063429726E-2
4.739766550E1,6.373465061E-3,-1.837838352E-2,1.425668120E-2,2.411719297E-2
4.740765350E1,4.322905004E-2,-2.641070366E-2,8.649201393E-3,5.139148490E-2
4.741764050E1,4.134507716E-2,7.893741131E-6,-1.134359837E-2,4.287298323E-2
4.742762850E1,2.849932909E-2,1.345678210E-2,-4.475692749E-2,5.474010688E-2
4.743761650E1,4.519429922E-2,4.312146127E-2,-4.568488061E-2,7.738923324E-2
4.744760450E1,2.851628602E-2,3.902899504E-2,-3.342209995E-2,5.876629805E-2
4.745759250E1,5.999301732E-2,4.612459123E-2,-9.468981028E-3,7.626468150E-2
4.746758050E1,2.224924028E-2,2.022785783E-2,1.271652460E-2,3.264819939E-2
4.747756850E1,1.965600014E-2,1.487765551E-2,1.262355387E-2,2.769579548E-2
4.748755550E1,3.813875645E-2,2.238167971E-2,-2.477055967E-2,5.068614167E-2
4.749754350E1,-2.999007672E-2,1.826670170E-3,7.934671640E-3,3.107572106E-2
4.750753150E1,-3.016286194E-2,8.377013505E-3,5.692264438E-3,3.181783258E-2
4.751751950E1,-1.804830819E-2,-8.848299086E-3,1.526298702E-2,2.523871229E-2
4.752750750E1,-2.079562247E-2,-1.668678403E-2,4.583106101E-2,5.302256904E-2
4.753749550E1,-3.870242804E-2,-1.802374989E-2,3.610246360E-2,5.591172842E-2
4.754748350E1,-4.712271094E-2,-2.389201552E-2,3.209945977E-2,6.182033330E-2
4.755747050E1,-5.192970693E-2,6.690676510E-3,2.325028360E-2,5.728905045E-2
4.756745850E1,-5.298571408E-2,2.048630476E-2,3.492483437E-2,6.668522051E-2
4.757744650E1,-3.736019969E-2,1.203123093E-2,3.973124564E-2,5.584896524E-2
4.758743450E1,1.140207052E-5,3.417405188E-3,3.646849930E-2,3.662827091E-2
4.759742250E1,-5.043223500E-4,2.510589749E-2,3.737657189E-2,4.502853047E-2
4.760741050E1,1.842837721E-2,8.829880357E-3,6.311484575E-3,2.138706879E-2
4.761739850E1,2.620605111E-2,7.021044195E-3,-1.020397604E-2,2.898574311E-2
4.762738550E1,3.370305866E-2,3.513708830E-2,-3.682284057E-2,6.104451429E-2
4.763737350E1,3.312740028E-2,3.093995690E-2,-3.064116418E-2,5.471367768E-2
4.764736150E1,2.675393522E-2,2.912234992E-2,-2.139145374E-2,4.496085639E-2
4.765734950E1,2.764388144E-2,2.239775956E-2,-3.108262897E-2,4.724376824E-2
4.766733750E1,3.329287648E-2,-9.977688789E-3,-1.391578853E-2,3.743820333E-2
4.767732550E1,4.419150174E-2,-2.959158897E-2,-1.214817524E-2,5.455391027E-2
4.768731350E1,4.432335645E-2,-5.101666421E-2,-7.701367736E-3,6.801890192E-2
4.769730050E1,3.452488482E-2,-7.456135511E-2,-1.942912817E-2,8.443254331E-2
4.770728850E1,9.955469370E-3,-8.609381855E-2,-2.624230385E-3,8.670722892E-2
4.771727650E1,9.921847880E-3,-7.703034192E-2,-1.471744180E-2,7.904884398E-2
4.772726450E1,-2.603472769E-3,-5.543979049E-2,-1.237504721E-2,5.686378666E-2
4.773725250E1,-1.988316447E-2,-1.348367929E-2,1.429527283E-2,2.795540487E-2
4.774724050E1,-4.322203338E-2,6.093675792E-3,2.967228055E-2,5.277993262E-2
4.775722850E1,-5.961470246E-2,8.614995182E-3,2.386716485E-2,6.479021878E-2
4.776721550E1,-9.113324136E-2,-4.962824285E-3,2.444896281E-2,9.448623755E-2
4.777720350E1,-1.183733726E-1,6.279909611E-4,3.704094172E-2,1.240349994E-1
4.778719150E1,-1.352344036E-1,9.099729359E-3,-8.347952843E-2,1.591853657E-1
4.779717908E1,1.828248918E-2,6.876559496E-2,2.279712439E-2,7.471723590E-2
4.780716708E1,1.112836236E-1,9.645566940E-3,9.187145233E-3,1.120780330E-1
4.781715508E1,1.770995906E-1,9.055582881E-3,2.799003661E-2,1.795263510E-1
4.782714308E1,2.714868075E-1,6.414395571E-4,-2.377010107E-2,2.725261745E-1
4.783713008E1,2.719262257E-1,-1.899058700E-2,-9.610834479E-2,2.890351684E-1
4.784711808E1,2.541232082E-1,-2.858382136E-2,-1.414833230E-1,2.922553173E-1
4.785710608E1,2.449348935E-1,-3.151064515E-2,-1.779488987E-1,3.043876367E-1
4.786709408E1,2.301619032E-1,-1.735044301E-2,-1.372943777E-1,2.685615120E-1
4.787708208E1,1.701902282E-1,-1.718496680E-3,-8.120496154E-2,1.885786647E-1
4.788707008E1,1.332030809E-1,4.204323471E-2,-4.472652197E-2,1.466668201E-1
4.789705808E1,1.079013017E-1,6.465997249E-2,-4.890611172E-3,1.258869375E-1
4.790704508E1,7.981683254E-2,3.960728467E-2,-7.986127138E-3,8.946084050E-2
4.791703308E1,3.031898260E-2,1.313284636E-2,-3.206145287E-2,4.603964725E-2
4.792702108E1,9.242693782E-3,6.068825126E-3,-2.776491880E-2,2.988559424E-2
4.793700908E1,-1.103925079E-2,3.858869970E-3,-2.082076550E-2,2.388012168E-2
4.794699708E1,-4.655056089E-2,-1.697856009E-2,-3.909039080E-2,6.311327020E-2
4.795698508E1,-8.745738924E-2,-1.549044371E-2,-8.278487921E-3,8.920359937E-2
4.796697308E1,-1.258978620E-1,-8.479047418E-3,2.817539334E-2,1.292904432E-1
4.797696008E1,-1.544188258E-1,-6.612616181E-3,5.394641161E-2,1.637043548E-1
4.798694808E1,-1.568319717E-1,-7.622722685E-3,7.833748698E-2,1.754740298E-1
4.799693608E1,-1.430921844E-1,-2.075381488E-2,7.895085990E-2,1.647401965E-1
4.800692408E1,-1.223372000E-1,-2.190747052E-2,5.706590116E-2,1.367583447E-1
4.801691208E1,-1.290509731E-1,-2.222438961E-2,6.248393118E-2,1.450941722E-1
4.802690008E1,-9.478541225E-2,-2.203143150E-2,5.723897874E-2,1.128980028E-1
4.803688808E1,-8.718490899E-2,-3.132879674E-2,6.049997091E-2,1.106478574E-1
4.804687508E1,-6.592852592E-2,-3.739177465E-2,7.351528823E-2,1.055898335E-1
4.805686308E1,-8.918524146E-2,-1.916044861E-2,5.910190165E-2,1.086929844E-1
4.806685108E1,-6.660329461E-2,5.916797519E-3,4.900142133E-2,8.289841156E-2
4.807683908E1,-3.558089197E-2,1.827254891E-2,4.972764552E-2,6.381790223E-2
4.808682708E1,-3.220763326E-2,4.853072047E-2,2.396481335E-2,6.298313067E-2
4.809681508E1,-2.013020933E-2,5.424958974E-2,2.222526670E-2,6.198552891E-2
4.810680308E1,-1.920342565E-2,4.823660553E-2,1.874149561E-2,5.519769313E-2
4.811679008E1,5.320381522E-3,3.157233328E-2,5.391717553E-3,3.246828154E-2
4.812677808E1,2.023399740E-2,5.349237531E-2,8.224108815E-3,5.777962300E-2
4.813676608E1,4.482417047E-2,3.880650848E-2,-8.254514337E-3,5.986057439E-2
4.814675408E1,4.616727591E-2,1.495980889E-2,-2.259656489E-2,5.353333533E-2
4.815674208E1,5.691796660E-2,3.692516685E-3,-1.628040254E-2,5.931560595E-2
4.816673008E1,6.582853854E-2,-1.757789969E-2,-2.199137807E-2,7.159608755E-2
4.817671808E1,6.190154850E-2,-1.579771489E-2,-3.834954858E-2,7.451212907E-2
4.818670508E1,7.305569708E-2,-2.581779599E-2,-4.466512620E-2,8.943526690E-2
4.819669308E1,7.574921697E-2,-3.842263877E-2,-5.507083118E-2,1.012276617E-1
4.820668108E1,8.857186854E-2,-4.737063289E-2,-2.969216108E-2,1.047405231E-1
4.821666908E1,7.844653755E-2,-4.874882162E-2,-3.690294743E-2,9.945920969E-2
4.822665708E1,7.795420200E-2,-5.969480932E-2,-3.460966945E-2,1.041064700E-1
4.823664508E1,8.977522552E-2,-6.239914656E-2,-4.906164765E-2,1.198344269E-1
4.824663308E1,8.412272215E-2,-4.876577854E-2,-3.202812374E-2,1.023744805E-1
4.825662008E1,5.475303501E-2,-6.262601852E-2,-4.159592271E-2,9.300609563E-2
4.826660808E1,2.826894879E-2,-4.257679313E-2,-3.214740694E-2,6.037692069E-2
4.827659608E1,6.828086078E-3,-5.430601537E-3,-8.498927951E-3,1.217973599E-2
4.828658408E1,-2.866685182E-2,2.175632000E-2,6.735407710E-3,3.661272416E-2
4.829657208E1,-2.478430063E-2,4.396638393E-2,2.974770963E-2,5.858524304E-2
4.830656008E1,-5.984946817E-2,4.202978611E-2,5.603445232E-2,9.213208783E-2
4.831654808E1,-6.932108045E-2,2.216474801E-2,6.865098953E-2,1.000482214E-1
4.832653508E1,-6.543355912E-2,6.464418501E-2,5.309447229E-2,1.062047282E-1
4.833652308E1,-6.456056982E-2,8.923874348E-2,5.411071837E-2,1.227175226E-1
4.834651108E1,-2.860399425E-2,6.706083924E-2,2.898406327E-2,7.845648838E-2
4.835649908E1,-4.304281622E-2,2.711032301E-2,1.546179235E-2,5.316691325E-2
4.836648708E1,2.217264175E-3,2.873848021E-2,6.444216371E-3,2.953547748E-2
4.837647508E1,2.256148160E-2,5.255477428E-3,-5.315119028E-3,2.376743539E-2
4.838646308E1,3.840158880E-2,-3.721752763E-4,-1.637220383E-3,3.843827555E-2
4.839645008E1,5.735416889E-2,2.024890780E-3,-2.222819030E-2,6.154423869E-2
4.840643808E1,3.469533116E-2,-2.078012735E-2,-1.830470860E-2,4.439191428E-2
4.841642608E1,4.146552980E-2,-2.394493282E-2,-3.560720444E-2,5.967095589E-2
4.842641408E1,2.731585264E-2,-2.837770700E-2,-4.580124021E-2,6.040863899E-2
4.843640208E1,2.957375497E-2,-1.832108080E-2,-1.511797607E-2,3.793180967E-2
4.844639008E1,3.354606092E-2,-3.211934030E-2,-8.603593111E-3,4.723359016E-2
4.845637808E1,1.798515826E-2,-3.154689789E-2,1.334919333E-3,3.633806123E-2
4.846636508E1,4.466688037E-3,-1.244609088E-2,-8.627566695E-3,1.578896410E-2
4.847635308E1,8.924312890E-3,-1.817548513E-2,2.839992642E-3,2.044644660E-2
4.848634108E1,2.202675372E-2,-2.051027834E-2,-5.518017411E-3,3.059898550E-2
4.849632908E1,1.292234659E-2,-9.288302064E-3,1.096002102E-2,1.932308613E-2
4.850631708E1,4.596203864E-3,9.969502687E-4,4.724550247E-3,6.666361439E-3
4.851630508E1,7.086825371E-4,1.970804036E-3,1.840118766E-3,2.787891059E-3
4.852629308E1,6.134606302E-3,9.720996022E-4,-1.363804579E-2,1.498581546E-2
4.853628008E1,-2.993306637E-2,2.913667560E-3,9.257896543E-3,3.146723009E-2
4.854626808E1,5.072751939E-3,-1.065742761E-2,1.546062291E-2,1.945107802E-2
4.855625608E1,1.178097010E-2,-7.428302765E-3,-3.941023350E-4,1.393291983E-2
4.856624408E1,1.331527948E-2,-4.233384132E-4,-9.540317059E-3,1.638577227E-2
4.857623208E1,1.962150156E-2,5.482934117E-3,-5.087077618E-3,2.099867255E-2
4.858622008E1,1.729723334E-2,3.231405258E-2,6.104493141E-4,3.665739931E-2
4.859620808E1,2.965152293E-2,3.500172526E-2,1.631840944E-2,4.868905493E-2
4.860619508E1,2.446065724E-2,2.662324995E-2,1.506359696E-2,3.916673517E-2
4.861618308E1,1.637454271E-2,2.612243593E-2,-1.013556361E-2,3.245361240E-2
4.862617108E1,2.739420533E-2,1.533929318E-2,-1.258262336E-2,3.382393844E-2
4.863615908E1,4.450959027E-2,2.669195473E-2,-1.747148037E-2,5.476145268E-2
4.864614708E1,5.153063446E-2,2.130286843E-2,-1.512733161E-2,5.777590028E-2
4.865613508E1,3.623928845E-2,-1.191837966E-2,-2.205218911E-2,4.406396312E-2
4.866612308E1,2.745121568E-2,1.204526424E-3,-2.404959798E-3,2.758267496E-2
4.867611108E1,4.108458370E-2,1.316032827E-2,4.462594986E-3,4.337109650E-2
4.868609808E1,2.209195018E-2,-1.071268380E-2,-5.620343685E-3,2.518738017E-2
4.869608608E1,2.995645523E-2,-4.086560547E-2,1.710895300E-3,5.069826509E-2
4.870607408E1,2.104412913E-3,-2.690450102E-2,-4.189530015E-3,2.730994124E-2
4.871606208E1,-2.949335575E-3,-2.503631562E-2,-5.774125457E-3,2.586225444E-2
4.872605008E1,-1.971447229E-2,-1.486888468E-2,-5.502229929E-3,2.529859055E-2
4.873603808E1,-1.980101109E-2,-1.540916741E-2,1.788838685E-2,3.081423152E-2
4.874602508E1,-3.683570445E-2,-5.856571198E-3,2.855487764E-2,4.697392452E-2
4.875601308E1,-2.637386620E-2,2.227789164E-3,4.607722878E-2,5.313807369E-2
4.876600108E1,-1.946362674E-2,-5.109004676E-3,4.211340129E-2,4.667411770E-2
4.877598908E1,-7.891109884E-3,-1.610323191E-3,1.334685445E-2,1.558849831E-2
4.878597708E1,-9.068154395E-3,1.694756985E-2,3.880212307E-3,1.960886522E-2
4.879596583E1,1.259870321E-2,-1.795095205E-4,8.707088828E-3,1.531577429E-2
4.880595383E1,2.931793928E-2,-1.125881374E-2,-4.779514074E-3,3.176706164E-2
4.881594083E1,3.945935011E-2,-1.090154886E-2,-3.042891026E-3,4.105049652E-2
4.882592883E1,5.721617460E-2,-2.258662462E-2,-8.959103823E-3,6.216198026E-2
4.883591683E1,4.140910417E-2,-1.721449524E-2,-2.394902587E-2,5.083904596E-2
4.884590483E1,6.971342862E-2,-4.248002172E-3,-1.725396395E-2,7.194238614E-2
4.885589283E1,7.671196103E-2,-1.932563245E-2,-1.978814721E-2,8.154615751E-2
4.886588083E1,4.492708147E-2,-1.113046736E-2,-2.220129311E-2,5.133446570E-2
4.887586883E1,3.761660010E-2,-1.086646557E-2,-2.579148352E-2,4.688591792E-2
4.888585583E1,1.544483542E-2,-9.678018987E-3,-5.785235167E-3,1.912265512E-2
4.889584383E1,-1.791294515E-3,1.508581638E-3,-2.376308441E-3,3.336374740E-3
4.890583183E1,-1.258993238E-2,1.403360993E-2,1.285218000E-2,2.281725522E-2
4.891581983E1,-3.179774344E-2,2.725621104E-2,1.528169811E-2,4.458169832E-2
4.892580783E1,-1.446045667E-2,1.275043845E-2,2.901797712E-2,3.483850576E-2
4.893579583E1,-1.961331546E-2,-1.017298579E-2,5.047842801E-2,5.510211863E-2
4.894578383E1,-1.333808362E-2,-9.781222343E-3,2.729012489E-2,3.191124726E-2
4.895577183E1,-2.098419517E-2,-2.051612556E-2,2.128503442E-2,3.625328323E-2
4.896575883E1,-8.283750415E-3,-4.761387706E-3,1.453617811E-3,9.664592002E-3
4.897574683E1,6.224068701E-3,-1.772583425E-3,-1.317026854E-2,1.467436733E-2
4.898573483E1,5.085908175E-3,1.581671834E-3,2.204400301E-3,5.764332436E-3
4.899572283E1,2.038631737E-2,-1.161461681E-2,-1.571088374E-2,2.823708780E-2
4.900571083E1,3.766747087E-2,-2.052080333E-3,6.775168777E-3,3.832691362E-2
4.901569883E1,2.651244521E-2,-1.548284233E-2,7.613074780E-4,3.071168746E-2
4.902568683E1,2.216650218E-2,-2.047110200E-3,-1.798252702E-2,2.861670416E-2
4.903567383E1,2.168849230E-2,-1.000634015E-2,-3.448278487E-2,4.194734787E-2
4.904566183E1,2.711558551E-2,-1.085944891E-2,-5.919721127E-3,2.980311571E-2
4.905564983E1,3.123348713E-2,1.198679209E-3,-6.704417467E-3,3.196743286E-2
4.906563783E1,3.590307355E-2,1.729021668E-3,-1.489285827E-2,3.890780685E-2
4.907562583E1,2.385693222E-2,1.765098989E-2,-1.390000105E-2,3.277072914E-2
4.908561383E1,2.632474959E-2,1.467768073E-2,-2.136514127E-2,3.694449911E-2
4.909560183E1,1.657977998E-3,5.506907701E-3,-9.502894878E-3,1.110765207E-2
4.910558883E1,5.098772049E-4,-2.184812129E-2,3.654509783E-3,2.215752288E-2
4.911557683E1,8.619088233E-3,-6.329610944E-4,-4.089542627E-3,9.561050183E-3
4.912556483E1,2.238898873E-3,-4.140705764E-3,-1.276213288E-2,1.360257873E-2
4.913555283E1,4.004465640E-3,-1.133190393E-3,-1.486713052E-2,1.543863450E-2
4.914554083E1,1.673239231E-2,-5.347863436E-3,-2.457701683E-2,3.020930903E-2
4.915552883E1,2.971554995E-2,-2.533773959E-2,-1.654177308E-3,3.908645876E-2
4.916551683E1,3.072799534E-2,-2.962725699E-2,1.730658889E-2,4.605976632E-2
4.917550383E1,3.680939198E-2,-3.427900940E-2,1.193241298E-2,5.169491564E-2
4.918549183E1,1.468060434E-2,-2.216270149E-2,3.510668278E-3,2.681473984E-2
4.919547983E1,2.483663321E-2,-1.701919824E-2,1.244462907E-2,3.257883132E-2
4.920546783E1,1.993228108E-2,-7.952213287E-3,1.799129784E-2,2.800393406E-2
4.921545583E1,1.765859127E-2,8.955887854E-3,9.514004588E-3,2.196702202E-2
4.922544383E1,8.943316340E-3,3.784844220E-2,3.981369138E-3,3.909397376E-2
4.923543183E1,6.414980292E-3,4.866608351E-2,1.232593060E-3,4.910253499E-2
4.924541883E1,7.634124756E-3,6.671731532E-2,-7.984372973E-3,6.762566255E-2
4.925540683E1,-1.892743707E-3,6.418605566E-2,-1.133365810E-2,6.520647227E-2
4.926539483E1,1.708556414E-3,5.020565540E-2,8.660311103E-3,5.097575882E-2
4.927538283E1,1.566089004E-2,4.630643964E-2,2.046233118E-2,5.299298846E-2
4.928537083E1,8.287551105E-3,3.027249724E-2,2.046993256E-2,3.747166571E-2
4.929535883E1,-2.461677790E-3,1.029548496E-2,3.972773731E-2,4.111386603E-2
4.930534683E1,-4.787115455E-3,-1.420873404E-4,2.451152802E-2,2.497502090E-2
4.931533383E1,1.156520784E-2,-1.589682519E-2,1.502383590E-2,2.474224583E-2
4.932532183E1,5.010771453E-3,-1.481538266E-2,8.553891778E-3,1.782617341E-2
4.933530983E1,3.133230507E-3,-3.756894529E-2,-1.070040464E-2,3.918853714E-2
4.934529783E1,5.907149613E-3,-5.936181039E-2,-2.630603850E-2,6.519759666E-2
4.935528583E1,3.904770613E-3,-4.713908315E-2,-2.477523744E-2,5.339618698E-2
4.936527383E1,1.127343178E-2,-4.947621524E-2,-4.084864855E-3,5.090846943E-2
4.937526183E1,-1.052411109E-2,-3.893076181E-2,-1.273991346E-2,4.229262967E-2
4.938524983E1,2.779766321E-3,-2.015944541E-2,-7.866843939E-3,2.181782696E-2
4.939523683E1,-2.008752465E-2,2.036585212E-3,1.607808888E-2,2.581010012E-2
4.940522483E1,-2.709716678E-2,-7.490283251E-4,2.793390334E-2,3.892454812E-2
4.941521283E1,-2.113973111E-2,6.232547164E-3,2.638263702E-2,3.437697502E-2
4.942520083E1,-1.030951828E-2,2.507373780E-2,1.614884019E-2,3.155572110E-2
4.943518883E1,-1.386287123E-2,2.144057035E-2,-2.066406012E-2,3.284631846E-2
4.944517683E1,1.307963669E-2,2.825550020E-2,-8.676683307E-3,3.232236100E-2
4.945516483E1,2.308656156E-2,1.093253911E-2,-7.328900099E-3,2.657484737E-2
4.946515183E1,2.583299875E-2,7.699028850E-3,-2.436242402E-2,3.633382135E-2
4.947513983E1,4.178069472E-2,1.732383817E-2,-1.752819836E-2,4.850752064E-2
4.948512783E1,3.680003643E-2,7.835268974E-5,5.767693520E-3,3.724936387E-2
4.949511583E1,3.343847215E-2,3.339929581E-3,6.533094049E-3,3.423401623E-2
4.950510383E1,4.232477814E-2,-3.362733722E-3,-5.678815842E-3,4.283624367E-2
4.951509183E1,2.936179340E-2,1.312816858E-2,-1.581671834E-2,3.584176755E-2
4.952507983E1,3.737423301E-2,-1.267383993E-3,-5.878790617E-3,3.785498295E-2
4.953506683E1,4.014288962E-2,1.156725436E-2,-2.033369243E-2,4.646194150E-2
4.954505483E1,1.575239897E-2,2.206593007E-2,-5.989302993E-3,2.776535779E-2
4.955504283E1,1.164356053E-2,1.385322332E-2,-2.911328673E-3,1.832921528E-2
4.956503083E1,8.170899153E-3,1.620585054E-2,4.932711124E-3,1.880757357E-2
4.957501883E1,2.531727433E-2,1.367780685E-2,1.442215741E-2,3.218765919E-2
4.958500683E1,1.895842731E-2,1.184295058E-2,-1.988053322E-4,2.235435009E-2
4.959499483E1,-9.364315867E-3,6.885096431E-4,5.136194229E-3,1.070256737E-2
4.960498183E1,1.466189325E-3,-4.025515616E-3,1.148393154E-2,1.225704576E-2
4.961496983E1,1.885317743E-2,-1.452126771E-2,2.293862700E-3,2.390755783E-2
4.962495783E1,1.940281570E-2,-2.028457582E-2,-6.444801092E-3,2.880049886E-2
4.963494583E1,3.464065969E-2,-7.335039675E-3,-1.154240370E-2,3.724251863E-2
4.964493383E1,2.107921243E-2,-5.625313818E-3,-1.280306339E-2,2.529616145E-2
4.965492183E1,1.451512814E-2,-7.647280991E-3,-1.061620474E-2,1.954158782E-2
4.966490983E1,1.975130975E-2,-1.011860669E-2,9.317538142E-3,2.406900404E-2
4.967489683E1,6.563207209E-3,-8.367950320E-3,9.139782786E-3,1.402262140E-2
4.968488483E1,-4.447392225E-3,-2.291319162E-2,-2.366368175E-3,2.346046347E-2
4.969487283E1,-2.306141853E-3,-3.269382924E-2,-9.385950565E-3,3.409253333E-2
4.970486083E1,-6.688045263E-3,-2.341166675E-2,-7.946366072E-4,2.436118915E-2
4.971484883E1,-6.566423178E-4,-2.798009634E-2,-1.029577732E-2,2.982146879E-2
4.972483683E1,-1.369768739E-2,-3.007573843E-2,1.079863787E-2,3.476761800E-2
4.973482483E1,-4.211749434E-3,-1.562492967E-2,1.092084467E-2,1.952286118E-2
4.974481183E1,-3.521193266E-3,-1.617544502E-2,8.010100722E-3,1.839036534E-2
4.975479983E1,-1.820822954E-2,8.617626429E-3,1.446718097E-2,2.480125871E-2
4.976478783E1,-3.237837195E-2,2.269918352E-2,1.538987160E-2,4.243182828E-2
4.977477583E1,-3.900969923E-3,3.045171440E-2,2.201652110E-2,3.777898460E-2
4.978476383E1,-1.205140382E-2,1.015047401E-2,2.979916513E-2,3.370843662E-2
4.979475263E1,-4.490661621E-3,2.713049591E-2,2.300060749E-2,3.585049225E-2
4.980474062E1,1.218179673E-2,4.246949673E-2,7.338840365E-3,4.478741901E-2
4.981472863E1,3.341011316E-2,2.840752780E-2,-1.483146250E-2,4.629466035E-2
4.982471563E1,4.064779669E-2,2.122714698E-2,-1.713818908E-2,4.895459804E-2
4.983470363E1,7.012302607E-2,2.756611347E-2,-2.335085571E-2,7.888213904E-2
4.984469163E1,7.822551280E-2,2.013781071E-2,-1.380469143E-2,8.194712795E-2
4.985467963E1,8.807339340E-2,5.972053707E-3,-2.123884141E-2,9.079469388E-2
4.986466763E1,6.876471788E-2,-1.328458160E-2,-2.414256871E-2,7.408056531E-2
4.987465563E1,7.072792053E-2,-2.246500254E-2,-3.445296407E-2,8.181761311E-2
4.988464363E1,6.126244783E-2,-3.275668681E-2,-2.383968294E-2,7.344670536E-2
4.989463063E1,4.721919000E-2,-2.541346103E-2,-2.504479408E-2,5.918393039E-2
4.990461863E1,3.108818382E-2,-3.237544835E-2,-2.749009967E-2,5.263411829E-2
4.991460663E1,2.149465710E-2,9.984120727E-4,-1.358483613E-2,2.544729618E-2
4.992459463E1,-1.156082243E-2,1.546763957E-2,-1.699902534E-2,2.572678277E-2
4.993458263E1,-3.153461874E-2,3.061602116E-2,-9.974765182E-3,4.506960029E-2
4.994457063E1,-4.160118520E-2,3.239006639E-2,1.410231471E-2,5.457701248E-2
4.995455863E1,-6.652231067E-2,3.670501918E-2,4.025398672E-2,8.598174048E-2
4.996454563E1,-7.113167077E-2,3.275230139E-2,6.912519872E-2,1.044543964E-1
4.997453362E1,-6.994819432E-2,3.653486520E-2,7.663945556E-2,1.100052381E-1
4.998452163E1,-5.503253192E-2,3.454622716E-2,6.411238074E-2,9.128208337E-2
4.999450963E1,-2.771638691E-2,-1.395730376E-3,6.306982219E-2,6.890536001E-2
5.000449762E1,1.843042374E-3,-1.861519575E-2,1.930282831E-2,2.687976002E-2
5.001448563E1,8.849760890E-3,-4.209147424E-2,-3.280287981E-4,4.301299890E-2
5.002447363E1,2.203084677E-2,-4.982207805E-2,-2.214749873E-2,5.880569165E-2
5.003446063E1,1.993315816E-2,-4.801938146E-2,-4.387516737E-2,6.803103778E-2
5.004444863E1,6.320576996E-2,-4.452216178E-2,-4.153803527E-2,8.776446103E-2
5.005443662E1,3.741633296E-2,-5.499715626E-2,-3.621648431E-2,7.573838462E-2
5.006442463E1,6.268010527E-2,-2.802979767E-2,-3.878458142E-2,7.885879095E-2
5.007441263E1,2.574148983E-2,-3.596066862E-2,-1.430872142E-2,4.648153929E-2
5.008440062E1,2.962842643E-2,-1.330738574E-2,-2.896125913E-3,3.260855277E-2
5.009438863E1,2.928607196E-2,3.839866519E-3,3.915295601E-3,2.979510237E-2
5.010437663E1,1.403302521E-2,7.383279204E-3,1.626695395E-2,2.271678672E-2
5.011436363E1,-2.906066179E-4,2.346750766E-2,2.674867272E-2,3.558510728E-2
5.012435163E1,-2.176596791E-2,-9.931495786E-4,3.289818943E-2,3.945927739E-2
5.013433963E1,-1.491039991E-4,1.770186067E-2,4.799511552E-2,5.115573493E-2
5.014432763E1,-6.063562632E-4,3.330924869E-2,3.485993028E-2,4.821917103E-2
5.015431563E1,1.434175819E-2,4.418477744E-2,-8.691886067E-3,4.726023137E-2
5.016430363E1,-3.140130222E-2,2.030357927E-2,-2.466881812E-2,4.479763051E-2
5.017429163E1,-3.099550545E-2,2.497404277E-2,-2.316666842E-2,4.605560439E-2
5.018427863E1,-9.580662847E-3,2.482084572E-2,7.580915093E-3,2.766466621E-2
5.019426663E1,3.430853784E-3,2.832069665E-2,4.914175451E-2,5.682204372E-2
5.020425463E1,2.496731848E-2,2.936383992E-2,3.655269921E-2,5.311969415E-2
5.021424263E1,2.427793175E-2,1.938147336E-2,1.234288752E-2,3.342762857E-2
5.022423063E1,3.855186224E-2,4.802902937E-3,-1.748785257E-2,4.260444750E-2
5.023421863E1,3.625098288E-2,-5.242613554E-3,-3.750521064E-2,5.242384554E-2
5.024420663E1,5.198964089E-2,-7.675347626E-3,-1.160964668E-2,5.382023427E-2
5.025419463E1,5.385461032E-2,-4.257679313E-2,-4.325770140E-3,6.878818688E-2
5.026418163E1,7.334016412E-2,-4.086355895E-2,-2.759184122E-2,8.837375077E-2
5.027416963E1,8.327546060E-2,-6.154837668E-2,-3.979790390E-2,1.109363699E-1
5.028415762E1,4.838570952E-2,-4.664762467E-2,-4.467915952E-2,8.070566937E-2
5.029414563E1,1.191545606E-2,-3.612292886E-2,-9.271929860E-3,3.915115280E-2
5.030413363E1,-3.686669469E-4,-1.809947133E-2,-7.523612380E-3,1.960437505E-2
5.031412162E1,-1.527818978E-2,-1.487648606E-2,6.253597140E-3,2.222252006E-2
5.032410963E1,-1.384620667E-3,1.348952651E-2,1.842808485E-2,2.287965933E-2
5.033409662E1,-2.857271165E-2,2.898903340E-2,3.307009757E-2,5.244421094E-2
5.034408463E1,-3.253127664E-2,3.521602571E-2,3.127266347E-2,5.724012498E-2
5.035407263E1,-4.882015765E-2,3.265085220E-2,1.367429852E-2,6.030317058E-2
5.036406062E1,-4.434703767E-2,3.887141258E-2,1.225927234E-2,6.023235197E-2
5.037404863E1,-2.780789584E-2,2.309504002E-2,2.256849825E-2,4.261451699E-2
5.038403663E1,-2.217585772E-2,1.476714313E-2,2.979390264E-2,3.996891062E-2
5.039402462E1,8.267670572E-3,9.557858706E-3,3.305197120E-2,3.538558802E-2
5.040401163E1,1.820355177E-2,-3.543705046E-3,2.285091877E-2,2.942943477E-2
5.041399963E1,5.122219384E-2,-1.166051745E-2,-1.280540228E-3,5.254826916E-2
5.042398763E1,6.584315658E-2,-3.363698512E-2,-1.434029639E-2,7.531541766E-2
5.043397563E1,7.051859021E-2,-4.955076724E-2,-4.290628374E-2,9.627616156E-2
5.044396363E1,6.443953246E-2,-2.996931911E-2,-3.992478848E-2,8.151442919E-2
5.045395163E1,7.177983463E-2,-4.376874804E-2,-5.730680645E-2,1.017453588E-1
5.046393963E1,4.990657032E-2,-1.777144253E-2,-3.391618967E-2,6.290308301E-2
5.047392762E1,3.270201534E-2,2.324794471E-2,-1.133424282E-2,4.169357026E-2
5.048391463E1,4.017037153E-3,4.503174663E-2,2.130608439E-2,4.997943601E-2
5.049390263E1,-4.007096887E-3,2.572804123E-2,1.935603797E-2,3.244449317E-2
5.050389063E1,-1.395408779E-2,2.799412966E-2,2.065938234E-2,3.748596991E-2
5.051387863E1,-3.283006936E-2,1.953847110E-2,8.846837282E-4,3.821449951E-2
5.052386663E1,-2.575932384E-2,4.343838036E-2,-8.104240894E-3,5.114796549E-2
5.053385463E1,-2.789092630E-2,4.332611382E-2,1.152427733E-2,5.280023557E-2
5.054384263E1,-2.683082610E-2,3.186030865E-2,1.117402911E-2,4.312576287E-2
5.055382963E1,7.671546936E-4,3.447810709E-2,1.758023858E-2,3.870908399E-2
5.056381762E1,1.746154010E-2,5.645486712E-3,1.707913220E-2,2.506937693E-2
5.057380563E1,3.303150594E-2,-2.594175696E-2,1.905432165E-2,4.612073625E-2
5.058379363E1,2.032696813E-2,-6.189482421E-2,-1.239024997E-3,6.515896009E-2
5.059378162E1,2.665277839E-2,-8.809970587E-2,-2.965064585E-2,9.670103190E-2
5.060376963E1,2.199517876E-2,-7.590767652E-2,-3.319288909E-2,8.571774104E-2
5.061375763E1,7.649035156E-3,-7.394330442E-2,-3.786890745E-2,8.342765824E-2
5.062374463E1,4.076678753E-3,-5.119003415E-2,-1.914495349E-2,5.480481868E-2
5.063373263E1,-1.484608054E-3,-3.511252999E-2,-2.790876031E-3,3.525454315E-2
5.064372062E1,-1.047674865E-2,-2.644432515E-2,6.937136650E-3,2.927778099E-2
5.065370863E1,-2.553449839E-2,1.624941230E-2,9.251464605E-3,3.164875362E-2
5.066369663E1,-2.246851087E-2,4.877922714E-2,4.578954577E-2,7.057570037E-2
5.067368462E1,-2.190600872E-2,5.428379595E-2,1.822401702E-2,6.130838864E-2
5.068367263E1,-2.010565102E-2,4.467214286E-2,5.377041042E-2,7.273991056E-2
5.069366063E1,1.356904864E-2,3.667549074E-2,2.557806015E-2,4.672737809E-2
5.070364763E1,9.203809798E-3,2.656565487E-2,1.342286825E-2,3.115473521E-2
5.071363563E1,4.317291677E-3,1.418651462E-2,-9.244447947E-3,1.747443911E-2
5.072362363E1,-1.927622348E-2,2.468372852E-2,-3.215968609E-2,4.488991707E-2
5.073361163E1,7.664822638E-3,2.187794209E-2,-1.334510028E-2,2.674856178E-2
5.074359963E1,1.578338921E-2,7.119569778E-3,-7.652835846E-3,1.893065095E-2
5.075358762E1,5.112513006E-3,-2.391511202E-2,5.796929598E-3,2.513314077E-2
5.076357563E1,1.029460788E-2,-1.696628094E-2,5.788743496E-5,1.984532668E-2
5.077356263E1,6.275407255E-2,3.491723299E-2,-2.683579624E-2,7.666450770E-2
5.078355063E1,6.586566836E-2,3.903864294E-2,-2.606630266E-2,8.088111056E-2
5.079353863E1,6.568732828E-2,4.696951389E-2,-2.194986284E-2,8.368247612E-2
5.080352583E1,7.372754216E-2,4.992995918E-2,-5.798683763E-3,8.923214684E-2
5.081351383E1,8.405898750E-2,4.012417853E-2,2.825374603E-3,9.318715482E-2
5.082350183E1,6.491988122E-2,5.596311629E-2,-3.843374848E-3,8.579762755E-2
5.083348983E1,6.387966156E-2,3.625244468E-2,-9.915708303E-3,7.411593741E-2
5.084347683E1,6.882699072E-2,7.094046682E-2,-5.735533834E-3,9.900808469E-2
5.085346483E1,4.778461576E-2,8.887095362E-2,-8.110088110E-3,1.012284023E-1
5.086345283E1,1.714403629E-2,4.151610821E-2,-7.893741131E-3,4.560500379E-2
5.087344083E1,-3.401763886E-2,4.496216476E-3,1.974020004E-2,3.958650293E-2
5.088342883E1,3.118290871E-2,6.976517648E-2,2.944248497E-2,8.189269544E-2
5.089341683E1,-1.051914096E-1,6.688980818E-2,-2.232233047E-2,1.266402998E-1
5.090340483E1,-1.482701862E-1,-1.517402163E-1,5.894285738E-2,2.201894679E-1
5.091339283E1,-5.007964790E-2,-6.462108850E-2,3.635623276E-2,8.947419669E-2
5.092337983E1,-7.481717080E-2,-5.286906213E-2,3.007924676E-2,9.642358561E-2
5.093336783E1,-1.092254037E-1,-7.893507242E-2,2.524476886E-2,1.371066476E-1
5.094335583E1,-9.274531871E-2,-1.073142412E-1,2.685509205E-2,1.443580150E-1
5.095334383E1,-3.209448963E-2,-8.800059557E-2,1.537817717E-2,9.492444057E-2
5.096333183E1,-1.169326186E-2,-1.152383879E-1,-3.191995025E-3,1.158741008E-1
5.097331983E1,1.812286019E-2,-1.435418352E-1,-6.612616181E-3,1.448323970E-1
5.098330783E1,2.700244188E-3,-1.474843204E-1,-1.530040920E-2,1.483004336E-1
5.099329483E1,3.204829663E-2,-1.351057649E-1,-2.746554136E-2,1.415451058E-1
5.100328283E1,2.275736332E-2,-1.079051024E-1,-6.384750187E-2,1.274280668E-1
5.101327083E1,3.112122059E-2,-7.541855693E-2,-5.411598086E-2,9.790315871E-2
5.102325883E1,4.030339569E-2,-5.770383239E-2,-5.245537162E-3,7.058053298E-2
5.103324683E1,7.498176992E-2,-4.492620438E-2,8.239311576E-3,8.779815440E-2
5.104323483E1,8.351899713E-2,-2.151658416E-2,7.885555029E-3,8.660582113E-2
5.105322283E1,1.287416553E-1,1.058930755E-2,-5.695188046E-3,1.293019042E-1
5.106321083E1,1.421882048E-1,2.978600889E-2,-1.992964983E-2,1.466352033E-1
5.107319783E1,1.497042158E-1,3.384134531E-2,-6.360367298E-2,1.661385449E-1
5.108318583E1,1.645918116E-1,6.216350377E-2,-6.223074675E-2,1.866210907E-1
5.109317383E1,1.277949911E-1,5.884374708E-2,-7.883157670E-2,1.612717080E-1
5.110316183E1,1.121396559E-1,6.871209294E-2,-4.717124283E-2,1.397203647E-1
5.111314983E1,6.921553820E-2,5.466561913E-2,-3.655796170E-2,9.547567862E-2
5.112313783E1,2.398235500E-2,7.418420970E-2,-4.691805840E-3,7.810546308E-2
5.113312583E1,3.075050712E-3,6.406355649E-2,2.905773818E-2,7.041269314E-2
5.114311283E1,-3.091949165E-2,7.560742199E-2,5.987139523E-2,1.012772491E-1
5.115310083E1,-4.327904373E-2,8.589092016E-2,7.008180320E-2,1.190032980E-1
5.116308883E1,-8.450951546E-2,6.221554399E-2,4.676310718E-2,1.148887301E-1
5.117307683E1,-8.915571302E-2,4.532761574E-2,5.162097394E-2,1.125524716E-1
5.118306483E1,-1.151907331E-1,2.162183404E-2,6.034618914E-2,1.318259126E-1
5.119305283E1,-1.190919954E-1,1.148276210E-2,4.625089109E-2,1.282727645E-1
5.120304083E1,-1.258993238E-1,-4.904059768E-3,6.970582724E-2,1.439916383E-1
5.121302883E1,-9.411649078E-2,-9.136859179E-3,6.416734457E-2,1.142752998E-1
5.122301583E1,-9.183227599E-2,-2.269772172E-2,4.169181705E-2,1.033758245E-1
5.123300383E1,-6.891469896E-2,-2.333272934E-2,2.561314344E-2,7.713420193E-2
5.124299183E1,-4.560185015E-2,-1.023087323E-2,1.912156463E-2,5.049587843E-2
5.125297983E1,-1.455605865E-2,-1.933060259E-2,1.642716765E-2,2.924727127E-2
5.126296783E1,-1.659088969E-2,-2.226210415E-2,6.717281342E-3,2.856537713E-2
5.127295583E1,-6.235763133E-3,1.089745581E-2,1.103486538E-2,1.671548800E-2
5.128294383E1,3.553119063E-2,1.913822919E-2,-4.737998843E-3,4.063478753E-2
5.129293083E1,3.956196874E-2,2.315380454E-2,-3.668893933E-2,5.871393621E-2
5.130291883E1,5.514304429E-2,2.283513129E-2,-3.781335890E-2,7.065443133E-2
5.131290683E1,5.414580166E-2,2.745823234E-2,-4.157136440E-2,7.357921377E-2
5.132289483E1,7.474700421E-2,4.499929458E-2,-4.715604007E-2,9.917531581E-2
5.133288283E1,8.552196085E-2,2.590258062E-2,-4.983114123E-2,1.023136946E-1
5.134287083E1,6.836447597E-2,7.687334418E-3,-5.621980906E-2,8.884516652E-2
5.135285883E1,8.095557779E-2,2.053571373E-2,-6.495671868E-2,1.058059375E-1
5.136284683E1,9.294997126E-2,-5.099064410E-3,-6.807153046E-2,1.153231584E-1
5.137283383E1,8.080998212E-2,6.989761591E-3,-4.263321877E-2,9.163351636E-2
5.138282183E1,8.938200027E-2,6.086951494E-4,-3.103058875E-2,9.461717561E-2
5.139280983E1,7.351645768E-2,-6.914917231E-3,2.480388880E-3,7.388259578E-2
5.140279783E1,5.384964019E-2,5.977608562E-3,-1.650493562E-2,5.663857742E-2
5.141278583E1,3.925937533E-2,9.195623696E-3,-1.243878186E-2,4.219693521E-2
5.142277383E1,2.588737786E-2,4.131934941E-3,-5.927322507E-3,2.687679986E-2
5.143276183E1,4.738466620E-2,-1.288784802E-2,-3.532887697E-3,4.923296166E-2
5.144274883E1,9.221059084E-4,-1.377896369E-2,-1.732763886E-2,2.215755375E-2
5.145273683E1,-1.774337590E-3,-2.478488535E-2,9.509326816E-3,2.660575336E-2
5.146272483E1,-4.616084397E-3,-4.238588154E-2,3.394308686E-3,4.277139840E-2
5.147271283E1,-2.845839858E-2,-3.086335838E-2,-9.560197592E-4,4.199215777E-2
5.148270083E1,-4.140091807E-2,-9.950206876E-3,1.773518980E-2,4.612569339E-2
5.149268883E1,-4.098167270E-2,1.589390159E-2,3.064174891E-2,5.358199680E-2
5.150267683E1,-5.650690734E-2,8.315910101E-3,6.721374393E-2,8.820358446E-2
5.151266483E1,-3.466112494E-2,-1.551324785E-2,8.448700368E-2,9.262887364E-2
5.152265183E1,-6.360074937E-2,-1.174471736E-2,7.038118064E-2,9.558506314E-2
5.153263983E1,-8.337983340E-2,-1.177629232E-3,6.319202900E-2,1.046270326E-1
5.154262783E1,-6.641326010E-2,-2.515355229E-2,2.002729833E-2,7.378695677E-2
5.155261583E1,-5.270417064E-2,-1.404471964E-2,1.269781351E-2,5.600194837E-2
5.156260383E1,-3.616590589E-2,-9.942313135E-3,3.576157093E-3,3.767772869E-2
5.157259183E1,-3.612614483E-2,2.873906493E-4,2.221532643E-2,4.241110305E-2
5.158257983E1,-2.009395659E-2,2.181011438E-4,2.232466936E-2,3.003673620E-2
5.159256783E1,1.642015100E-2,1.108047366E-3,2.060909629E-2,2.637392609E-2
5.160255483E1,1.690459281E-2,-1.885434687E-3,-9.359638095E-3,1.941450353E-2
5.161254283E1,4.739051342E-2,-9.864837527E-3,-2.958047926E-2,5.672900964E-2
5.162253083E1,4.878244311E-2,-1.354156673E-2,-2.360170126E-2,5.585822309E-2
5.163251883E1,6.558909506E-2,-1.656983972E-2,-4.380850911E-2,8.059574709E-2
5.164250683E1,5.962259620E-2,-1.818717957E-2,-2.985003591E-2,6.911332811E-2
5.165249483E1,4.598688930E-2,-1.506271988E-2,-2.062137544E-2,5.260152700E-2
5.166248283E1,3.690148562E-2,-3.025057018E-3,-1.535946608E-2,4.008470792E-2
5.167246983E1,3.454505771E-2,6.026725173E-3,-2.085117102E-2,4.079771760E-2
5.168245783E1,6.248890132E-2,1.192247272E-3,-1.932095468E-2,6.541852590E-2
5.169244583E1,6.549320072E-2,6.277278364E-3,-1.863683045E-2,6.838197872E-2
5.170243383E1,6.373640478E-2,9.771282077E-3,-1.063550055E-2,6.535228473E-2
5.171242183E1,6.281693012E-2,-1.175407290E-2,-2.012962461E-2,6.700243821E-2
5.172240983E1,5.395693660E-2,-1.859940827E-2,-2.132362604E-2,6.092607014E-2
5.173239783E1,3.791129977E-2,-1.482853889E-3,-1.200901151E-2,3.979550054E-2
5.174238483E1,1.564656436E-2,1.115648746E-3,-1.288726330E-3,1.573913797E-2
5.175237283E1,-2.887939811E-3,2.184578240E-2,1.132488728E-2,2.477562263E-2
5.176236083E1,-1.923821658E-2,1.136494070E-2,4.178420305E-3,2.273169705E-2
5.177234883E1,-2.179666579E-2,-2.165516317E-3,1.322347820E-2,2.558602111E-2
5.178233683E1,-5.887269080E-3,-1.196632683E-3,2.282577574E-2,2.360313338E-2
5.179232483E1,-7.209616899E-3,-5.777049065E-4,9.951961040E-3,1.230259515E-2
5.180231300E1,1.186458528E-2,-5.065442920E-3,8.950917721E-3,1.570178410E-2
5.181230100E1,-4.353252053E-4,-1.089014679E-2,4.916923642E-3,1.195662759E-2
5.182228800E1,-1.503845394E-2,-1.611726522E-2,-9.624516964E-4,2.206462437E-2
5.183227600E1,-4.034578800E-5,-2.277841330E-2,2.797307968E-3,2.294956801E-2
5.184226400E1,-1.616930544E-2,-1.475720286E-2,8.941562176E-3,2.364683930E-2
5.185225200E1,-2.601630896E-2,-1.719402999E-2,9.160832763E-3,3.250236693E-2
5.186224000E1,-2.054302275E-2,-3.051954210E-3,1.458412528E-2,2.537768544E-2
5.187222800E1,-5.301670432E-3,-4.398275614E-3,7.981449366E-3,1.054305799E-2
5.188221600E1,-1.045686811E-2,5.698111653E-4,3.069846690E-2,3.243557685E-2
5.189220400E1,1.859765410E-2,1.137838930E-2,1.333749890E-2,2.555835202E-2
5.190219100E1,2.954071820E-2,3.519906878E-2,6.755288243E-3,4.644633887E-2
5.191217900E1,3.053562194E-2,7.238736033E-2,6.870478392E-4,7.856733531E-2
5.192216700E1,1.315009564E-2,4.833747000E-2,-1.191545606E-2,5.149188396E-2
5.193215500E1,2.817451626E-2,5.092720181E-2,-1.785739660E-3,5.822861939E-2
5.194214300E1,8.718490899E-3,5.128300488E-2,1.263992608E-2,5.353247990E-2
5.195213100E1,-1.261566013E-2,4.750044107E-2,1.241597772E-2,5.069125453E-2
5.196211900E1,-5.136194229E-3,4.123602659E-2,6.826039553E-3,4.211158030E-2
5.197210600E1,2.395311892E-3,2.359117627E-2,2.135753989E-2,3.191278156E-2
5.198209400E1,-4.478967190E-3,-6.496841311E-3,3.551715732E-2,3.638321808E-2
5.199208200E1,5.304594040E-3,-8.078513145E-3,1.944433093E-2,2.171366155E-2
5.200207000E1,1.267851770E-2,-4.524312347E-2,-1.990976930E-3,4.702817264E-2
5.201205800E1,5.527636081E-2,-5.256120622E-2,-1.108398199E-2,7.707795483E-2
5.202204600E1,5.415691137E-3,-8.808771908E-2,-1.553897560E-2,8.961158255E-2
5.203203400E1,1.820384413E-2,-8.841808677E-2,-1.857777357E-2,9.216437316E-2
5.204202200E1,4.890318811E-3,-1.172825745E-1,-2.153178692E-2,1.193429317E-1
5.205200900E1,1.215373009E-2,-1.206520325E-1,-2.789238811E-2,1.244291421E-1
5.206199700E1,3.050024629E-2,-9.676966488E-2,-5.373357296E-2,1.148125861E-1
5.207198500E1,3.433806628E-2,-8.987258166E-2,-6.095020652E-2,1.138907872E-1
5.208197300E1,4.578837633E-2,-6.176647782E-2,-6.125075340E-2,9.830222776E-2
5.209196100E1,2.713985145E-2,-5.508954227E-2,-5.280035734E-2,8.098954834E-2
5.210194900E1,2.422442973E-2,-7.854535550E-2,-1.106351674E-2,8.293730927E-2
5.211193700E1,8.103363812E-3,-9.141303062E-2,-2.190893233E-2,9.435045304E-2
5.212192400E1,2.965123057E-3,-5.583330810E-2,-6.001582146E-2,8.202468576E-2
5.213191200E1,-6.489532292E-3,-3.803613782E-2,-6.925091386E-2,7.927515929E-2
5.214190000E1,-1.814332545E-2,-1.418212920E-2,-5.066027641E-2,5.564868959E-2
5.215188800E1,-3.837878466E-2,4.487445652E-3,1.594535708E-3,3.867312794E-2
5.216187600E1,-5.888146162E-4,8.441917598E-3,4.136261880E-2,4.221941390E-2
5.217186400E1,-7.313989699E-3,2.390283287E-2,4.532293797E-2,5.175913997E-2
5.218185200E1,1.099890500E-2,5.113857865E-2,4.351380944E-2,6.804102990E-2
5.219184000E1,3.551744968E-2,9.103880882E-2,7.240022421E-3,9.798965184E-2
5.220182700E1,5.974451065E-2,1.186236334E-1,-1.762350798E-3,1.328310161E-1
5.221181500E1,2.473693818E-2,1.249111444E-1,-4.270513952E-2,1.343072561E-1
5.222180300E1,9.894658327E-2,1.152720094E-1,1.613831520E-4,1.519147410E-1
5.223179100E1,1.321160835E-1,1.119271097E-1,3.807005167E-2,1.772897804E-1
5.224177900E1,1.144323492E-1,1.559645373E-1,2.954773486E-2,1.956853803E-1
5.225176700E1,6.291165501E-2,1.973043519E-1,5.698696375E-3,2.071698790E-1
5.226175500E1,-8.980153799E-3,2.125220230E-1,-5.917382240E-4,2.127124904E-1
5.227174200E1,-4.091823041E-2,1.581215751E-1,2.520851612E-2,1.652640414E-1
5.228173000E1,-5.916417450E-2,1.485669324E-1,5.391425192E-2,1.687580502E-1
5.229171800E1,-9.886940002E-2,1.325031692E-1,7.777966261E-2,1.827072084E-1
5.230170600E1,-7.707302660E-2,7.011542469E-2,5.918083906E-2,1.198281933E-1
5.231169400E1,-5.987490356E-2,-8.460921049E-4,5.869201183E-2,8.384791113E-2
5.232168200E1,-5.038633436E-2,-2.883232802E-2,4.877513409E-2,7.582281671E-2
5.233167000E1,-6.340954542E-2,-5.922790915E-2,3.299408376E-2,9.282954937E-2
5.234165800E1,-8.288954437E-2,-9.865042180E-2,-3.645738959E-3,1.289025744E-1
5.235164500E1,-8.550851226E-2,-1.132199290E-1,-2.163528264E-2,1.435219267E-1
5.236163300E1,-7.004964352E-2,-1.094092986E-1,-3.953302503E-2,1.357947247E-1
5.237162100E1,-4.519049853E-2,-1.165604433E-1,-2.475535691E-2,1.274415388E-1
5.238160900E1,-1.558750749E-2,-1.004671517E-1,-1.310068667E-2,1.025097408E-1
5.239159700E1,-2.616658241E-2,-8.693201691E-2,-1.191954911E-2,9.156386432E-2
5.240158500E1,1.169735491E-2,-8.224138051E-2,-4.843248725E-3,8.321015466E-2
5.241157300E1,4.339511096E-2,-6.205211431E-2,-1.411108553E-2,7.702417335E-2
5.242156100E1,5.882649779E-2,-3.854367614E-2,-3.314552665E-2,7.774829741E-2
5.243154800E1,7.025517315E-2,-3.258507103E-2,-2.423203111E-2,8.114658058E-2
5.244153600E1,7.101677299E-2,-1.916191041E-2,-3.766951740E-2,8.264111203E-2
5.245152400E1,8.645459175E-2,1.563545465E-3,-3.244853854E-2,9.235663898E-2
5.246151200E1,8.439988017E-2,4.791793227E-3,-4.539661288E-2,9.595391350E-2
5.247150000E1,8.326639742E-2,2.001063377E-2,-3.694270849E-2,9.326565345E-2
5.248148800E1,6.540666193E-2,3.256811410E-2,-3.237310946E-2,7.991703008E-2
5.249147600E1,4.569394380E-2,3.807005167E-2,-2.635340095E-2,6.505203360E-2
5.250146400E1,4.404181302E-2,3.530782700E-2,-1.411751747E-2,5.818615162E-2
5.251145100E1,3.293707341E-2,3.966751099E-3,7.268089056E-3,3.396190568E-2
5.252143900E1,6.608523130E-3,1.174120903E-3,2.087689877E-2,2.192934199E-2
5.253142700E1,1.393976212E-2,-1.325096011E-2,1.976183474E-2,2.757598637E-2
5.254141500E1,2.411508679E-2,-9.576569796E-3,2.327893496E-2,3.485910086E-2
5.255140300E1,-1.389298439E-3,-1.712474048E-2,4.650290608E-3,1.779921598E-2
5.256139100E1,-7.109044790E-3,-4.151552349E-2,3.553352952E-3,4.226941596E-2
5.257137900E1,-2.193378299E-2,-3.465001523E-2,1.591144323E-2,4.398736657E-2
5.258136700E1,-2.617915392E-2,-1.023964405E-2,2.290295899E-2,3.625939796E-2
5.259135400E1,-2.289857358E-2,-7.249962687E-3,3.538091719E-2,4.276348831E-2
5.260134200E1,-2.718253613E-2,1.945047051E-2,2.368765533E-2,4.096725629E-2
5.261133000E1,-2.279887855E-2,4.243324399E-3,2.341809869E-2,3.295757897E-2
5.262131800E1,-9.944652021E-3,1.012913167E-2,1.553780615E-2,2.104563690E-2
5.263130600E1,-4.309982657E-3,1.588162243E-2,2.685509205E-2,3.149599737E-2
5.264129400E1,-3.979030252E-4,2.405398339E-2,4.937973619E-3,2.455882789E-2
5.265128200E1,7.256686985E-3,1.659001261E-2,-5.701619983E-3,1.898411164E-2
5.266126900E1,2.262580097E-3,2.525003135E-2,-1.886896491E-3,2.542132432E-2
5.267125700E1,1.492209435E-3,-1.002505124E-3,1.232593060E-3,2.179676850E-3
5.268124500E1,3.439332247E-3,2.337190568E-2,-1.854152083E-2,3.003103356E-2
5.269123300E1,-4.921016693E-3,1.991532415E-2,-8.611779213E-3,2.224857934E-2
5.270122100E1,1.288492441E-2,8.853269219E-3,-1.348894179E-2,2.064832205E-2
5.271120900E1,1.628683448E-2,1.954958081E-2,6.140745878E-3,2.617548180E-2
5.272119700E1,2.662529647E-2,-2.803447545E-3,3.310693502E-3,2.697640491E-2
5.273118500E1,2.729538739E-2,-2.148793280E-2,-5.428555012E-3,3.516018541E-2
5.274117200E1,1.594711125E-2,-1.729957223E-2,-1.227272093E-2,2.653686559E-2
5.275116000E1,3.610597193E-2,-1.398770928E-2,-3.072594881E-2,4.943056899E-2
5.276114800E1,1.785827368E-2,-9.928279817E-3,-2.075176835E-3,2.053764928E-2
5.277113600E1,1.328779757E-2,3.128260374E-3,2.087455988E-3,1.380974474E-2
5.278112400E1,8.833096325E-3,1.423913956E-2,-2.251762748E-3,1.690701397E-2
5.279111200E1,1.823074132E-2,-6.230792999E-3,5.273019075E-3,1.997466998E-2
5.280109983E1,2.187443376E-2,9.148845971E-3,-1.400934398E-2,2.754004273E-2
5.281108783E1,1.815238863E-2,1.609563053E-2,-1.435257554E-2,2.818820604E-2
5.282107483E1,3.207490146E-2,1.743990541E-2,-1.076180041E-2,3.806265824E-2
5.283106283E1,1.498056650E-2,2.472524375E-2,-8.382568359E-3,3.010020770E-2
5.284105083E1,7.520981133E-3,6.545665562E-3,-3.048153520E-3,1.042603159E-2
5.285103883E1,7.194414139E-3,1.174442500E-2,-1.009346366E-2,1.707539522E-2
5.286102683E1,1.333457530E-3,1.332317322E-2,-1.288901746E-2,1.858525827E-2
5.287101483E1,-1.246158600E-2,1.387895107E-2,5.230919123E-3,1.937211716E-2
5.288100283E1,-2.034918755E-2,1.126641512E-2,1.428240895E-2,2.729484840E-2
5.289098983E1,-3.807531416E-2,3.946870565E-4,2.920450330E-2,4.798737688E-2
5.290097783E1,-4.163802266E-2,-1.412687302E-3,2.226151943E-2,4.723659454E-2
5.291096583E1,-2.572950304E-2,-7.265165448E-3,1.951508224E-2,3.310027780E-2
5.292095383E1,-1.549307495E-2,-1.490221381E-2,7.578576207E-3,2.279355535E-2
5.293094183E1,-1.241948605E-3,-1.661193967E-2,5.577659011E-3,1.756727799E-2
5.294092983E1,2.718487501E-2,-2.749653161E-2,1.278259814E-2,4.072433541E-2
5.295091783E1,2.124790460E-2,-4.891780615E-3,3.163343668E-3,2.203201558E-2
5.296090583E1,1.196340322E-2,-9.351744354E-3,-7.249962687E-3,1.682676731E-2
5.297089283E1,3.819985986E-3,1.803866029E-3,6.131390333E-3,7.445815805E-3
5.298088083E1,1.419470072E-2,-2.400866747E-2,1.352870286E-2,3.099889422E-2
5.299086883E1,2.806838930E-2,-8.672005534E-3,-7.460462451E-3,3.031000920E-2
5.300085683E1,4.113370031E-2,-1.758199275E-2,-7.253471017E-3,4.531799435E-2
5.301084483E1,2.790700614E-2,-1.043260217E-2,-2.208785713E-2,3.708791734E-2
5.302083283E1,3.398898751E-2,9.164341092E-3,-2.331986547E-2,4.222620685E-2
5.303082083E1,2.736760050E-2,1.175758123E-2,-4.766065478E-3,3.016523916E-2
5.304080883E1,2.048455060E-2,6.226699948E-3,-4.220520258E-3,2.182203924E-2
5.305079583E1,2.356106311E-2,1.197480530E-2,6.423166394E-3,2.719883680E-2
5.306078383E1,2.442703575E-2,1.945719481E-2,1.102317095E-2,3.311756034E-2
5.307077183E1,7.964492440E-3,4.129011333E-3,-3.441671133E-3,9.608692659E-3
5.308075983E1,1.385907054E-2,1.090856552E-2,-2.844670415E-3,1.786512770E-2
5.309074783E1,2.069388092E-2,3.761513829E-3,-2.423086166E-3,2.117208162E-2
5.310073583E1,1.239697427E-2,-2.319005728E-3,-1.141961217E-3,1.266360272E-2
5.311072383E1,1.631636292E-2,5.113974810E-3,7.209616899E-3,1.855680503E-2
5.312071183E1,5.030944347E-3,-8.524363339E-3,3.125336766E-3,1.037992781E-2
5.313069883E1,1.805093944E-2,-1.389824688E-2,-1.391344965E-2,2.669422713E-2
5.314068683E1,4.649998248E-3,9.288302064E-3,1.045482159E-3,1.043973524E-2
5.315067483E1,-3.572473347E-2,1.360471666E-2,1.281300366E-2,4.031771273E-2
5.316066283E1,-5.598124266E-2,8.379060030E-3,2.239191234E-2,6.087286682E-2
5.317065083E1,-5.767693520E-2,-8.415897489E-3,3.138083696E-2,6.619828633E-2
5.318063883E1,-4.960193038E-2,3.912371993E-3,1.300713122E-2,5.142804308E-2
5.319062683E1,-6.020264000E-2,7.288554311E-3,2.645748138E-2,6.616252117E-2
5.320061483E1,-5.058572441E-2,1.869296372E-2,2.872269273E-2,6.110102687E-2
5.321060183E1,-6.698511779E-2,-1.360705554E-2,2.973601520E-2,7.454118705E-2
5.322058983E1,-2.423290819E-2,-1.541910768E-3,2.059330881E-2,3.183858816E-2
5.323057783E1,9.859575033E-3,-9.316661060E-3,1.424732566E-2,1.967225665E-2
5.324056583E1,1.823132604E-2,-7.004964352E-4,2.095525146E-2,2.778478915E-2
5.325055383E1,2.032170564E-2,-9.304089546E-3,6.103323698E-3,2.316869359E-2
5.326054183E1,3.450617373E-2,7.659852505E-3,-3.006053567E-3,3.547373287E-2
5.327052983E1,4.135004729E-2,1.097230017E-3,-1.750188589E-2,4.491487876E-2
5.328051783E1,3.941900432E-2,9.363438785E-3,-2.359585404E-2,4.688599168E-2
5.329050483E1,6.495028675E-2,-8.981615603E-3,-6.490994096E-3,6.588886227E-2
5.330049283E1,6.701259971E-2,1.488993466E-3,-1.682711720E-2,6.910902614E-2
5.331048083E1,6.263303518E-2,7.762178779E-4,-1.895082593E-3,6.266650579E-2
5.332046883E1,7.346032441E-2,-1.811584353E-2,-1.777553558E-3,7.568198429E-2
5.333045683E1,7.239613116E-2,-2.688023508E-2,-2.549152136E-2,8.132382496E-2
5.334044483E1,6.233541191E-2,-3.155508399E-2,-2.839583337E-2,7.541717481E-2
5.335043283E1,6.218455374E-2,-2.700653493E-2,-3.525637150E-2,7.641520388E-2
5.336041983E1,5.786404610E-2,-3.108175188E-2,-1.778547585E-2,6.804885217E-2
5.337040783E1,2.869871914E-2,-6.040173769E-3,-5.001708269E-3,2.975092041E-2
5.338039583E1,6.212666631E-4,5.190573335E-3,1.155058980E-2,1.267849157E-2
5.339038383E1,-8.538981378E-3,-2.561080456E-3,2.263106346E-2,2.432361752E-2
5.340037183E1,-2.620575875E-2,1.000750959E-3,2.561021984E-2,3.665551329E-2
5.341035983E1,-4.944814861E-2,4.778052270E-3,3.905647695E-2,6.319301841E-2
5.342034783E1,-5.577892900E-2,3.130950093E-2,3.180417538E-2,7.143584072E-2
5.343033583E1,-7.886490583E-2,1.484783471E-2,4.400731444E-2,9.152472503E-2
5.344032283E1,-5.580933452E-2,1.793574929E-2,5.744304657E-2,8.207360429E-2
5.345031083E1,-6.068269640E-2,6.155948639E-3,3.077857375E-2,6.831987960E-2
5.346029883E1,-2.108184367E-2,1.250046998E-2,1.541735351E-2,2.895514931E-2
5.347028683E1,-3.402991802E-2,-4.191576540E-3,1.920401037E-2,3.929883775E-2
5.348027483E1,1.846930772E-2,4.049343020E-2,4.427511692E-3,4.472623477E-2
5.349026283E1,3.760052025E-2,3.453950286E-2,-9.998154044E-3,5.202633434E-2
5.350025083E1,3.041487694E-2,2.476383537E-2,-1.607107222E-2,4.238621997E-2
5.351023883E1,5.349208295E-2,3.379398286E-2,-2.487288594E-2,6.798600350E-2
5.352022583E1,6.549787849E-2,1.744107485E-2,-2.727258325E-2,7.306132339E-2
5.353021383E1,7.297178954E-2,-1.230838895E-4,-2.507636905E-2,7.716036225E-2
5.354020183E1,6.756136090E-2,-3.573818207E-3,-5.160167813E-2,8.508844133E-2
5.355018983E1,6.742775202E-2,-1.185201377E-2,-4.673445582E-2,8.289198594E-2
5.356017783E1,4.836553663E-2,-8.253637254E-3,-3.171412826E-2,5.842203003E-2
5.357016583E1,5.802309036E-2,-1.156053007E-2,-1.005077899E-2,6.001119086E-2
5.358015383E1,2.944862455E-2,-1.520597667E-2,-1.285685778E-2,3.554914916E-2
5.359014183E1,3.329170704E-2,-2.287547708E-2,-1.435023665E-2,4.286670621E-2
5.360012883E1,1.479111671E-2,-3.015818417E-2,-1.661193967E-3,3.363112801E-2
5.361011683E1,-3.529964089E-3,-1.046768546E-2,-7.373338938E-4,1.107143833E-2
5.362010483E1,-1.010398865E-3,-2.155576050E-3,7.671546936E-4,2.501187778E-3
5.363009283E1,-3.198046893E-2,-8.705919385E-3,2.627797186E-2,4.229746128E-2
5.364008083E1,-4.452245414E-2,6.168812513E-5,5.600170791E-2,7.154330169E-2
5.365006883E1,-5.340963721E-2,-8.170899153E-3,5.780674338E-2,7.912630739E-2
5.366005683E1,-6.495204091E-2,-2.009980381E-2,5.879960060E-2,8.988972557E-2
5.367004483E1,-4.297732741E-2,5.139994919E-3,4.245078564E-2,6.062622716E-2
5.368003183E1,-4.037268519E-2,3.782183737E-2,4.327699721E-2,7.023776462E-2
5.369001983E1,-3.454505771E-2,2.681650043E-2,4.078140557E-2,5.979639410E-2
5.370000783E1,-2.410105348E-2,2.253224552E-2,3.909565330E-2,5.115694453E-2
5.370999583E1,-2.407123268E-2,1.948409200E-2,3.214740694E-2,4.463753864E-2
5.371998383E1,9.818644524E-3,4.011511534E-2,6.211497188E-3,4.176375171E-2
5.372997183E1,4.659412265E-2,4.626024663E-2,-7.957475781E-3,6.613882449E-2
5.373995983E1,6.678455830E-2,4.973349273E-2,-3.491021633E-2,9.029020285E-2
5.374994783E1,5.580056369E-2,1.607194930E-2,-4.678941965E-2,7.457385771E-2
5.375993483E1,6.563938111E-2,-2.409929931E-3,-3.775371730E-2,7.576067110E-2
5.376992283E1,6.156357944E-2,-2.130725384E-2,-2.961965561E-2,7.156393909E-2
5.377991083E1,5.582073659E-2,-4.433680505E-2,-3.801742673E-2,8.079004673E-2
5.378989883E1,6.383200675E-2,-2.867825389E-2,-5.201566100E-2,8.719286852E-2
5.379988633E1,4.927419394E-2,-2.784824163E-2,-3.299057543E-2,6.551220358E-2
5.380987433E1,3.773325205E-2,-4.347989559E-2,-2.408292711E-2,6.240422268E-2
5.381986233E1,2.791489989E-2,-2.753424615E-2,-3.256899118E-3,3.934442449E-2
5.382985033E1,9.156739712E-4,-2.385839403E-2,-1.110737085E-2,2.633315613E-2
5.383983733E1,-2.760178149E-3,-3.969967067E-3,1.303929090E-2,1.390691660E-2
5.384982533E1,-3.641762853E-2,8.691886067E-4,2.297371030E-2,4.306727901E-2
5.385981333E1,-3.793088794E-2,1.225196332E-2,2.844670415E-2,4.897017298E-2
5.386980133E1,-1.363073677E-2,1.004434705E-2,3.937047243E-2,4.285697133E-2
5.387978933E1,-8.436947465E-3,3.520608544E-3,2.764154255E-2,2.911411413E-2
5.388977733E1,1.898795575E-2,4.371086061E-3,1.513434827E-2,2.467179269E-2
5.389976533E1,2.263457179E-2,5.827042758E-3,2.606688738E-3,2.351750611E-2
5.390975333E1,1.678209364E-2,1.704112530E-2,-1.535595775E-2,2.842259764E-2
5.391974033E1,3.786481440E-2,2.777076602E-2,-2.787601590E-2,5.460798364E-2
5.392972833E1,3.338906318E-2,1.816788375E-2,-1.379007339E-2,4.043596993E-2
5.393971633E1,2.899955839E-2,1.606639445E-2,-1.427246869E-2,3.609441480E-2
5.394970433E1,1.515686005E-2,6.026140451E-3,-3.311862946E-3,1.664371388E-2
5.395969233E1,1.864384711E-3,2.156657785E-2,6.858199239E-3,2.270744608E-2
5.396968033E1,-2.908902079E-2,1.696657330E-2,1.214232802E-2,3.579765174E-2
5.397966833E1,-5.496616602E-2,1.298812777E-2,4.053348362E-2,6.951930785E-2
5.398965633E1,-5.971819818E-2,9.484183788E-3,4.557846129E-2,7.572059871E-2
5.399964333E1,-5.736469388E-2,9.164341092E-3,2.681123793E-2,6.398074500E-2
5.400963133E1,-2.031673551E-2,1.362138122E-2,1.127518594E-2,2.693402284E-2
5.401961933E1,-6.837149262E-3,8.300707340E-3,1.164648414E-2,1.585209592E-2
5.402960733E1,1.979574859E-2,7.235929370E-4,3.646323681E-3,2.014177066E-2
5.403959533E1,-3.479385674E-3,-1.490279853E-2,1.878242612E-2,2.422765073E-2
5.404958333E1,3.851502478E-2,4.615967453E-2,-3.106391788E-2,6.766897132E-2
5.405957133E1,4.048699826E-2,3.240351498E-2,-1.396198153E-2,5.370401977E-2
5.406955933E1,6.845978558E-2,1.910519242E-2,-3.828055143E-2,8.072887487E-2
5.407954633E1,7.564104348E-2,1.023496628E-2,-3.516164660E-2,8.403965365E-2
5.408953433E1,9.273450136E-2,4.791208506E-3,-5.407388091E-2,1.074552373E-1
5.409952233E1,8.818595231E-2,4.630994797E-4,-6.075081646E-2,1.070870597E-1
5.410951033E1,9.573616952E-2,-1.473673761E-2,-4.241570234E-2,1.057434508E-1
5.411949833E1,9.971549213E-2,-1.739722073E-2,-3.841211379E-2,1.082651059E-1
5.412948633E1,7.331969887E-2,-1.521591693E-2,-2.466706395E-2,7.884013200E-2
5.413947433E1,5.399143517E-2,-2.730386585E-2,-1.523842871E-2,6.239219400E-2
5.414946233E1,2.045853049E-2,-2.659752220E-2,1.203824759E-2,3.564967127E-2
5.415944933E1,-3.136446476E-3,-3.778997004E-2,2.307252824E-2,4.438761868E-2
5.416943733E1,-2.788654089E-2,-2.701852173E-2,3.765197575E-2,5.408632874E-2
5.417942533E1,-3.462633401E-2,-2.060558796E-3,4.066036820E-2,5.344618276E-2
5.418941333E1,-3.436320931E-2,-9.077802300E-4,3.636032581E-2,5.003726124E-2
5.419940133E1,-5.298980713E-2,-1.146638989E-3,3.648253262E-2,6.434446073E-2
5.420938933E1,-5.441945136E-2,1.134067476E-3,5.366223693E-2,7.643558378E-2
5.421937733E1,-6.241376460E-2,1.053492844E-2,6.877378106E-2,9.346815335E-2
5.422936533E1,-6.148756564E-2,1.931042969E-2,5.203027904E-2,8.282972510E-2
5.423935233E1,-6.723070085E-2,2.261410654E-2,3.059497118E-2,7.724905962E-2
5.424934033E1,-4.576703399E-2,3.378199607E-2,4.551004887E-2,7.284922242E-2
5.425932833E1,-2.753307670E-2,3.168401510E-2,2.652647853E-2,4.965482040E-2
5.426931633E1,2.224280834E-3,2.060617268E-2,5.449020267E-3,2.143020298E-2
5.427930433E1,3.119138718E-2,1.216162384E-2,-7.261072397E-3,3.425683728E-2
5.428929233E1,4.440814108E-2,3.534641862E-4,-1.939930737E-2,4.846174839E-2
5.429928033E1,6.952514827E-2,2.110844851E-4,-3.638488412E-2,7.847069893E-2
5.430926833E1,6.452139348E-2,-5.081230402E-3,-4.053056002E-2,7.636462148E-2
5.431925533E1,7.978145689E-2,-7.297325134E-3,-4.767001033E-2,9.322425490E-2
5.432924333E1,8.920453727E-2,-1.926949918E-2,-5.847566485E-2,1.083889591E-1
5.433923133E1,9.722223938E-2,-1.918559164E-2,-5.492348135E-2,1.132997774E-1
5.434921933E1,7.955984741E-2,-6.353292167E-3,-7.211897314E-2,1.075698839E-1
5.435920733E1,4.282559216E-2,-9.036871791E-3,-5.579764009E-2,7.091595755E-2
5.436919533E1,5.117249250E-2,-2.563419342E-3,-2.434254348E-2,5.672525479E-2
5.437918333E1,2.387739748E-2,-1.197509766E-2,-8.080267310E-3,2.790741468E-2
5.438917133E1,1.499196857E-2,-2.692145795E-2,-1.964664459E-4,3.081497394E-2
5.439915833E1,-7.522442937E-3,-4.776005745E-3,-1.004844010E-2,1.343013503E-2
5.440914633E1,-1.521036208E-2,9.830046594E-3,6.875740886E-3,1.937164792E-2
5.441913433E1,-2.001180321E-2,2.232291520E-2,7.822405100E-3,3.098346062E-2
5.442912233E1,-2.015184402E-2,1.075653791E-2,3.580542505E-2,4.247150090E-2
5.443911033E1,-3.730874419E-2,3.244619966E-3,3.913015187E-2,5.416307540E-2
5.444909833E1,-1.138832957E-2,5.332660675E-4,6.334347188E-2,6.436127604E-2
5.445908633E1,-2.723603815E-2,1.922272146E-3,4.395176589E-2,5.174219390E-2
5.446907433E1,-2.587422162E-2,8.208321333E-3,1.834154606E-2,3.276071116E-2
5.447906133E1,-5.067489445E-2,2.260124266E-2,-6.274062395E-4,5.549013188E-2
5.448904933E1,-5.977199256E-2,4.601261705E-2,-1.117870688E-2,7.625493761E-2
5.449903733E1,-4.612897664E-2,2.717639655E-2,2.367537618E-3,5.359145687E-2
5.450902533E1,1.337579817E-2,1.211981624E-2,2.846833885E-2,3.370828146E-2
5.451901333E1,2.303042829E-2,1.134944558E-3,1.760362744E-2,2.900993667E-2
5.452900133E1,1.922856867E-2,-6.561160684E-3,2.940915585E-2,3.574472171E-2
5.453898933E1,1.180026591E-2,-1.289018691E-2,-1.345444322E-3,1.752750451E-2
5.454897733E1,1.487940967E-2,5.837860107E-3,-1.765157461E-2,2.381292777E-2
5.455896433E1,3.633167446E-3,9.921555519E-3,-9.553180933E-3,1.424431239E-2
5.456895233E1,3.992478848E-3,4.807288349E-3,-5.337338448E-3,8.218095298E-3
5.457894033E1,-4.220520258E-3,4.714317620E-3,7.838192582E-3,1.007347233E-2
5.458892833E1,-2.163440555E-2,-1.171782017E-2,-2.776257992E-3,2.476009737E-2
5.459891633E1,-2.915714085E-3,1.020163715E-2,5.122160912E-3,1.178182166E-2
5.460890433E1,3.803029060E-3,1.288200080E-2,8.677852750E-3,1.599106323E-2
5.461889233E1,1.457389265E-2,7.826790512E-3,1.706100583E-2,2.376415193E-2
5.462888033E1,2.386424124E-2,1.606054723E-2,3.432315588E-3,2.896936274E-2
5.463886733E1,3.122266978E-2,1.015076637E-2,-1.399180233E-2,3.568842528E-2
5.464885533E1,4.312847793E-2,4.425523639E-2,-2.807774484E-2,6.787452624E-2
5.465884333E1,5.617010772E-2,3.390098691E-2,-4.744255364E-2,8.096390437E-2
5.466883133E1,3.509469599E-2,2.147828490E-2,-1.673005342E-2,4.441676593E-2
5.467881933E1,4.666341215E-2,1.065450400E-2,-2.871392190E-2,5.581650115E-2
5.468880733E1,3.752304465E-2,1.288726330E-2,-3.614573300E-2,5.367098330E-2
5.469879533E1,2.400632858E-2,2.549093664E-3,-3.130365372E-2,3.953125885E-2
5.470878333E1,1.408535779E-2,-7.076300383E-3,-2.021967173E-2,2.563798853E-2
5.471877033E1,3.786072135E-3,-2.595315903E-2,6.262952685E-3,2.696526251E-2
5.472875833E1,9.223982692E-3,-4.196722090E-2,1.693762958E-2,4.618671652E-2
5.473874633E1,5.496382713E-5,-4.498672307E-2,1.301590204E-2,4.683184792E-2
5.474873433E1,1.621111304E-2,-3.601855606E-2,2.141893566E-2,4.493225313E-2
5.475872233E1,-1.444846988E-3,-3.447518349E-2,1.397016764E-2,3.722621983E-2
5.476871033E1,-9.167264700E-3,-1.480631948E-2,-8.209490776E-4,1.743386922E-2
5.477869833E1,-2.842974722E-2,1.544366598E-2,4.587725401E-3,3.267727912E-2
5.478868633E1,-2.376191497E-2,1.744370610E-2,1.003206789E-2,3.113766002E-2
5.479867308E1,-7.444382608E-3,4.223853171E-2,2.277958274E-2,4.856358495E-2
5.480866108E1,3.886059523E-3,4.256509870E-2,2.716148615E-2,5.064222957E-2
5.481864908E1,1.510423511E-2,3.008626342E-2,1.316149771E-2,3.614617804E-2
5.482863708E1,1.535508066E-2,4.356175661E-2,-3.788995743E-3,4.634394923E-2
5.483862508E1,2.012845516E-2,3.766600907E-2,-1.807257414E-2,4.637349332E-2
5.484861308E1,2.794384360E-2,2.164931595E-2,-3.257542312E-2,4.806983948E-2
5.485860108E1,6.586742252E-2,-3.511252999E-4,-3.804724753E-2,7.606729707E-2
5.486858908E1,8.775121182E-2,-1.711099952E-2,-5.369264245E-2,1.042878772E-1
5.487857608E1,9.210797220E-2,-4.620235920E-2,-3.490086079E-2,1.087961701E-1
5.488856408E1,8.458172858E-2,-4.734607458E-2,-3.874248147E-2,1.043872572E-1
5.489855208E1,5.377041042E-2,-4.159504563E-2,-4.539953649E-2,8.174669884E-2
5.490854008E1,5.137948394E-2,-2.365666509E-2,-2.561723650E-2,6.209454065E-2
5.491852808E1,2.221532643E-2,-4.635087848E-3,-1.786558270E-2,2.888224044E-2
5.492851608E1,-2.734187275E-2,6.509705186E-3,2.427646995E-2,3.713894533E-2
5.493850408E1,-3.635506332E-2,1.887451977E-2,2.985003591E-2,5.068493631E-2
5.494849208E1,-4.207422495E-2,4.026451170E-2,2.880455375E-2,6.497055967E-2
5.495848008E1,-5.790965438E-2,5.836398304E-2,4.506799936E-2,9.376037091E-2
5.496846708E1,-4.299369961E-2,6.132793665E-2,3.318645716E-2,8.192017431E-2
5.497845508E1,-1.173243821E-2,5.741205633E-2,3.053649902E-2,6.607777304E-2
5.498844308E1,-8.484309912E-4,6.159632385E-2,3.475584984E-2,7.073044638E-2
5.499843108E1,-5.003462434E-3,6.259795189E-2,2.016119957E-2,6.595462217E-2
5.500841908E1,-1.801351726E-2,5.769096851E-2,9.070200920E-3,6.111467252E-2
5.501840708E1,-1.339304745E-2,3.243625939E-2,1.403273284E-2,3.779420900E-2
5.502839508E1,-2.517021686E-2,1.995362341E-3,-7.965077162E-3,2.647571985E-2
5.503838308E1,-2.313421637E-2,-2.245447755E-2,1.731828332E-2,3.659670021E-2
5.504837008E1,-2.767779529E-3,-4.529633313E-2,2.853031933E-2,5.360408119E-2
5.505835808E1,1.189206719E-2,-5.783656418E-2,4.453824162E-3,5.921423789E-2
5.506834608E1,-7.292939723E-3,-6.264005184E-2,6.068240404E-3,6.335445214E-2
5.507833408E1,-1.508318514E-2,-6.793616742E-2,1.339246273E-2,7.086736467E-2
5.508832208E1,2.433611155E-3,-6.940235674E-2,1.869939566E-3,6.947018252E-2
5.509831008E1,-1.247240335E-2,-6.683455199E-2,-1.223295987E-2,6.908012371E-2
5.510829808E1,-1.711743146E-2,-7.060220540E-2,-1.079629898E-2,7.344547596E-2
5.511828608E1,-1.521328568E-2,-6.278272390E-2,4.847341776E-4,6.460146631E-2
5.512827308E1,1.211455375E-2,-5.981292307E-2,-9.157324433E-3,6.171065362E-2
5.513826108E1,2.974770963E-3,-5.745678753E-2,-2.962140977E-2,6.471135613E-2
5.514824908E1,-3.918716222E-2,-4.694261670E-2,-3.061543643E-2,6.838529004E-2
5.515823708E1,-7.428858250E-2,-4.417454481E-2,-8.590846181E-2,1.218624130E-1
5.516822508E1,-1.440052271E-2,-1.479930282E-3,-3.553762257E-2,3.837300960E-2
5.517821308E1,4.072410285E-2,-9.106453657E-3,-1.498465955E-2,4.433869725E-2
5.518820108E1,3.393197715E-2,-1.678735614E-3,2.847827911E-2,4.433068472E-2
5.519818908E1,5.863266259E-2,2.191536427E-2,4.438212097E-2,7.673229421E-2
5.520817608E1,6.625363111E-2,2.917555958E-2,1.276037872E-2,7.350907548E-2
5.521816408E1,7.195788234E-2,2.530996531E-2,-3.999904811E-2,8.613045353E-2
5.522815208E1,8.709953964E-2,1.528988421E-2,-5.002760768E-2,1.016015349E-1
5.523814008E1,8.303075463E-2,3.853665948E-2,-5.214079142E-2,1.053462978E-1
5.524812808E1,8.161017358E-2,3.212577224E-2,-3.879744530E-2,9.590374047E-2
5.525811608E1,9.226847827E-2,5.162682116E-2,-1.304981589E-2,1.065321475E-1
5.526810408E1,9.808704257E-2,5.019893110E-2,2.147273004E-2,1.122589807E-1
5.527809208E1,9.579902709E-2,4.745892584E-2,2.980910540E-3,1.069518072E-1
5.528808008E1,6.820046157E-2,1.716187030E-2,-1.537466884E-2,7.198759054E-2
5.529806708E1,4.607693642E-2,3.245438576E-2,-2.236150682E-2,6.063339189E-2
5.530805508E1,3.742393434E-2,1.241363883E-3,-3.511136055E-2,5.133127200E-2
5.531804308E1,5.378385901E-2,-7.510748506E-4,-3.716314852E-2,6.537864492E-2
5.532803108E1,5.993308336E-2,2.159289032E-2,-2.366894424E-2,6.795915181E-2
5.533801908E1,3.162612766E-2,1.373569429E-2,4.899966717E-4,3.448363880E-2
5.534800708E1,8.074420094E-3,-2.148500919E-2,3.275551736E-2,3.999657232E-2
5.535799508E1,-2.542252421E-2,-2.403497994E-2,3.183575034E-2,4.730221980E-2
5.536798308E1,-4.239933014E-2,-1.123191655E-2,3.984175801E-2,5.925558899E-2
5.537797008E1,-2.525792509E-2,-4.149213463E-2,4.172397673E-2,6.403475814E-2
5.538795808E1,-4.645759016E-2,-2.071142256E-2,4.586205125E-2,6.848794385E-2
5.539794608E1,-7.295658678E-2,1.311852068E-2,3.179715872E-2,8.065865385E-2
5.540793408E1,-8.304186434E-2,1.253526092E-2,3.819869041E-2,9.226171442E-2
5.541792208E1,-8.853152275E-2,4.125912309E-2,7.747736156E-2,1.246711166E-1
5.542791008E1,-7.990775675E-2,3.333790004E-2,7.211897314E-2,1.126845662E-1
5.543789808E1,-6.378698319E-2,2.648028553E-2,5.348214269E-2,8.735172770E-2
5.544788608E1,-5.649345875E-2,5.941618949E-2,3.581828892E-2,8.946923648E-2
5.545787308E1,-1.230751187E-2,4.556325853E-2,1.832751274E-2,5.062986371E-2
5.546786108E1,1.202596843E-2,2.721995831E-2,-9.820398688E-3,3.133672410E-2
5.547784908E1,3.147965491E-2,2.113417625E-2,-1.779015362E-2,4.188211605E-2
5.548783708E1,4.827724367E-2,-3.203426331E-2,-2.739595950E-2,6.408919472E-2
5.549782508E1,5.430981606E-2,-3.759964317E-2,-1.426779091E-2,6.757854056E-2
5.550781308E1,7.570010036E-2,-6.824928582E-2,-2.012494683E-2,1.038916921E-1
5.551780108E1,7.922012419E-2,-6.122677982E-2,-6.011171579E-2,1.167816981E-1
5.552778908E1,7.738000542E-2,-4.012008548E-2,-4.368571758E-2,9.749732518E-2
5.553777608E1,6.415711194E-2,-4.690753341E-2,-3.651001453E-2,8.746103626E-2
5.554776408E1,5.130873263E-2,-4.091589153E-2,-2.569032669E-2,7.047474093E-2
5.555775208E1,1.333457530E-2,-2.885980994E-2,-2.154465079E-2,3.840405585E-2
5.556774008E1,1.361582637E-2,4.473119974E-4,-1.906893969E-2,2.343534247E-2
5.557772808E1,3.871032178E-2,2.217848897E-2,-2.199371696E-2,4.974030530E-2
5.558771608E1,1.861724228E-2,2.031585842E-2,-1.164180636E-3,2.758062962E-2
5.559770408E1,3.549786150E-2,4.688999176E-2,-1.302759647E-2,6.023693027E-2
5.560769208E1,4.488235027E-2,3.602761924E-2,-7.366907001E-3,5.802315083E-2
5.561768008E1,2.839846462E-2,3.281106591E-2,-1.563545465E-3,4.342215464E-2
5.562766708E1,2.200102597E-2,1.817285389E-2,-1.788195491E-2,3.367583813E-2
5.563765508E1,4.333663881E-2,1.506827474E-3,-1.375089705E-2,4.549089977E-2
5.564764308E1,2.176012069E-2,9.753740430E-3,-4.550303221E-3,2.427639933E-2
5.565763108E1,1.451454341E-2,1.016012192E-2,-3.674390316E-3,1.809423091E-2
5.566761908E1,2.150839806E-2,-7.766564190E-3,3.571479321E-3,2.314489513E-2
5.567760708E1,9.757833481E-3,-7.138573229E-3,1.237270832E-3,1.215341027E-2
5.568759508E1,-9.954884648E-3,-6.223191619E-3,1.057527423E-2,1.580076793E-2
5.569758308E1,-2.203406274E-2,-6.700324416E-3,3.299934626E-2,4.024116203E-2
5.570757008E1,-3.116302818E-2,2.368122339E-5,2.906650901E-2,4.261451434E-2
5.571755808E1,-2.832449734E-2,3.132645786E-3,2.145928144E-2,3.567339876E-2
5.572754608E1,-3.058824688E-2,-7.981449366E-3,3.092241526E-2,4.422148965E-2
5.573753408E1,-4.789512813E-2,-4.149184227E-3,1.557581306E-2,5.053478981E-2
5.574752208E1,-1.877307057E-2,-9.016406536E-4,5.554270148E-3,1.959824103E-2
5.575751008E1,-2.057839841E-2,1.921979785E-2,-1.021157742E-2,2.995241933E-2
5.576749808E1,-1.928996444E-3,2.546930194E-2,-1.057995200E-2,2.764673132E-2
5.577748608E1,1.061094224E-2,1.445782542E-2,5.174201131E-3,1.866529316E-2
5.578747308E1,2.894547164E-2,1.824389756E-2,1.811467409E-3,3.426312217E-2
5.579746108E1,1.360296249E-2,-1.060889572E-2,-2.610606372E-2,3.129082645E-2
5.580744921E1,1.643856972E-2,-7.494376302E-3,-8.272640705E-3,1.987030032E-2
5.581743721E1,2.905218333E-2,-7.833222449E-3,-9.919216633E-3,3.168248079E-2
5.582742521E1,1.929318041E-2,-6.468774676E-3,-4.628071189E-3,2.086841870E-2
5.583741321E1,1.255572617E-2,7.071330249E-3,1.286095083E-2,1.931460658E-2
5.584740121E1,3.180008233E-3,2.523073554E-3,1.722999036E-2,1.770172083E-2
5.585738921E1,2.665482491E-2,-3.442840576E-3,1.096996129E-2,2.902882865E-2
5.586737721E1,2.589614868E-2,-6.941229701E-3,-1.285101056E-2,2.973112273E-2
5.587736421E1,-6.757334769E-3,8.069157600E-3,-1.226628900E-2,1.616275729E-2
5.588735221E1,-3.349694431E-2,-2.557279766E-3,2.053659081E-2,3.937431295E-2
5.589734021E1,-3.787914008E-2,-2.963953614E-3,3.861676633E-2,5.417443047E-2
5.590732821E1,-5.681125492E-2,-1.381580114E-2,5.968136072E-2,8.354794949E-2
5.591731621E1,-5.088802546E-2,1.216162384E-2,2.243810534E-2,5.692947217E-2
5.592730421E1,-2.617886156E-2,1.098077863E-2,1.505365670E-2,3.213289392E-2
5.593729221E1,2.216971815E-3,3.689651549E-2,-1.715573072E-2,4.075029958E-2
5.594728021E1,3.431438506E-2,2.401217580E-2,-1.306794226E-2,4.387291560E-2
5.595726721E1,4.016861737E-2,1.629648238E-2,-1.865612626E-2,4.719262873E-2
5.596725521E1,7.969140977E-2,-3.738709688E-3,-1.940573931E-2,8.210530713E-2
5.597724321E1,9.819433898E-2,-1.630671501E-2,-1.463967383E-2,1.006099260E-1
5.598723121E1,1.122042677E-1,-2.955767512E-3,-1.099744320E-2,1.127806633E-1
5.599721921E1,9.983155936E-2,4.067615569E-3,-4.184676826E-2,1.083237636E-1
5.600720721E1,9.467431515E-2,-7.601380348E-4,-4.199645698E-2,1.035736750E-1
5.601719521E1,9.463075340E-2,-1.178389370E-2,-3.990373850E-2,1.033738264E-1
5.602718321E1,9.415420532E-2,7.368076444E-3,-3.800690174E-2,1.018028856E-1
5.603717021E1,6.286867797E-2,1.774629951E-2,-4.656664073E-2,8.022377357E-2
5.604715821E1,1.584887803E-2,4.027591377E-2,-3.345425963E-2,5.470396378E-2
5.605714621E1,-2.907147914E-2,4.377576470E-2,-5.204606652E-3,5.280678371E-2
5.606713421E1,-5.178732723E-2,3.957980275E-2,4.207130134E-2,7.757887885E-2
5.607712221E1,-6.542917371E-2,2.132654965E-2,1.062865931E-1,1.266200551E-1
5.608711021E1,-3.521836460E-2,2.533189237E-2,1.332399184E-1,1.401246367E-1
5.609709821E1,-3.263184875E-2,1.523784399E-2,1.028595400E-1,1.089821747E-1
5.610708621E1,-5.067021668E-2,9.039795399E-4,1.687389493E-2,5.341363466E-2
5.611707421E1,-6.904275298E-2,-3.620595932E-3,-5.055502653E-3,6.932220828E-2
5.612706121E1,-5.771757334E-2,-2.642181337E-2,4.758464098E-3,6.365589898E-2
5.613704921E1,-4.520073116E-2,-5.005947500E-2,3.354839981E-2,7.532962408E-2
5.614703721E1,-1.692915112E-2,-3.536571443E-2,3.047802687E-2,4.966125287E-2
5.615702521E1,1.961156130E-3,-2.040064305E-2,1.350239038E-2,2.454275690E-2
5.616701321E1,1.166022509E-2,-2.941938847E-2,-2.612360537E-2,4.103539966E-2
5.617700121E1,1.626900047E-2,1.145528018E-2,-3.054234624E-2,3.645186873E-2
5.618698921E1,4.313490987E-2,1.464961410E-2,-6.124373674E-3,4.596454716E-2
5.619697721E1,5.493809938E-2,1.324979067E-2,1.630320668E-2,5.881790769E-2
5.620696521E1,7.631493509E-2,-8.982200325E-3,2.146805227E-2,7.978424975E-2
5.621695221E1,9.520114928E-2,-1.364710897E-2,1.886428714E-2,9.800695760E-2
5.622694021E1,7.767382801E-2,-4.209498256E-2,-2.030737996E-2,9.065098342E-2
5.623692821E1,6.505699843E-2,-4.011306882E-2,-5.966908157E-2,9.696324371E-2
5.624691621E1,3.796129346E-2,-2.234454989E-2,-5.104209960E-2,6.742132187E-2
5.625690421E1,3.001171142E-2,-8.037582636E-3,-7.611320615E-3,3.198808776E-2
5.626689221E1,-5.951003730E-3,1.151316762E-2,2.313275456E-2,2.651587841E-2
5.627688021E1,-3.879422933E-2,2.252961427E-2,8.565995514E-2,9.669645114E-2
5.628686821E1,-4.908065110E-2,2.930566013E-2,1.053282344E-1,1.198405983E-1
5.629685521E1,-6.470148772E-2,-8.097808957E-3,7.364802003E-2,9.836609109E-2
5.630684321E1,-1.166127759E-1,-1.091324329E-2,2.439633787E-2,1.196361972E-1
5.631683121E1,-1.315307772E-1,-2.978688598E-2,-4.208825827E-3,1.349270846E-1
5.632681921E1,-1.049581057E-1,-3.483858794E-2,-3.835948884E-2,1.170529006E-1
5.633680721E1,-7.752793998E-2,-1.855906248E-2,-1.185055196E-2,8.059439099E-2
5.634679521E1,-4.592256993E-2,-2.860107064E-2,1.715748489E-2,5.675634730E-2
5.635678321E1,6.854398549E-3,-3.274470001E-2,8.757374883E-3,3.458163925E-2
5.636677121E1,7.019933224E-2,-2.111634225E-2,-1.516650796E-2,7.485899492E-2
5.637675821E1,1.010404712E-1,-1.573514968E-2,-5.126253963E-2,1.143880226E-1
5.638674621E1,1.536174649E-1,-4.602343440E-3,-9.612471700E-2,1.812718078E-1
5.639673421E1,1.699765125E-1,8.729892969E-4,-1.225857067E-1,2.095710677E-1
5.640672221E1,1.728173822E-1,1.722648203E-2,-1.027110207E-1,2.017725280E-1
5.641671021E1,1.630133557E-1,2.757137597E-2,-7.315217614E-2,1.807893133E-1
5.642669821E1,1.260966673E-1,2.814791143E-2,-2.475126386E-2,1.315496085E-1
5.643668621E1,6.589607388E-2,3.150947571E-2,-1.821056843E-2,7.527791452E-2
5.644667421E1,3.774406940E-2,3.079728484E-2,-2.187443376E-2,5.340017210E-2
5.645666221E1,2.638088286E-2,3.046136230E-2,-8.117689490E-3,4.110647706E-2
5.646664921E1,-6.464857042E-2,1.199497819E-2,-1.018584967E-3,6.575982569E-2
5.647663721E1,-2.224748611E-2,-1.228032231E-2,1.513844132E-2,2.957920486E-2
5.648662521E1,6.006844640E-3,-4.129566818E-2,6.582795382E-3,4.224627307E-2
5.649661321E1,-2.015184402E-2,-1.983960271E-2,-1.132137895E-2,3.046112727E-2
5.650660121E1,-2.176976860E-2,5.084154010E-3,-4.276653528E-2,4.825710297E-2
5.651658921E1,-3.953477919E-2,2.476880550E-3,-5.226826072E-3,3.995564308E-2
5.652657721E1,-3.636237234E-2,1.499956995E-2,-9.073124528E-3,4.036744740E-2
5.653656521E1,-9.537978172E-3,3.226844430E-2,3.741984129E-2,5.032365296E-2
5.654655221E1,3.912956715E-3,4.891575962E-2,5.800671816E-2,7.597922164E-2
5.655654021E1,-1.919787079E-2,4.025223255E-2,4.769924641E-2,6.529945311E-2
5.656652821E1,-2.129263580E-2,2.122714698E-2,4.764428258E-2,5.633778280E-2
5.657651621E1,-1.183388740E-2,3.007720023E-2,6.060639024E-3,3.288480212E-2
5.658650421E1,-1.851930141E-2,1.803398252E-2,8.535765409E-3,2.722220310E-2
5.659649221E1,2.330787867E-2,2.300674707E-2,-8.600669503E-3,3.386058379E-2
5.660648021E1,5.894607335E-2,9.307890236E-3,-1.578748226E-4,5.967663956E-2
5.661646821E1,5.785118222E-2,-3.079933137E-2,-2.826076269E-2,7.137246531E-2
5.662645621E1,8.310706079E-2,-6.124285966E-2,-3.447284460E-2,1.088386348E-1
5.663644321E1,9.866533220E-2,-7.404972374E-2,-4.791676283E-2,1.323413221E-1
5.664643121E1,8.585583687E-2,-7.544779301E-2,-5.909020722E-2,1.286671939E-1
5.665641921E1,7.170557499E-2,-7.878830731E-2,-4.595794559E-2,1.160233581E-1
5.666640721E1,3.631998003E-2,-7.331648290E-2,-3.661234081E-2,8.963766571E-2
5.667639521E1,-4.677187800E-3,-5.086054355E-2,-4.487036347E-2,6.798544325E-2
5.668638321E1,-2.061377406E-2,-9.998738766E-3,-3.447576821E-2,4.139421519E-2
5.669637121E1,-4.708616585E-2,-1.837867588E-2,1.547465622E-2,5.286159027E-2
5.670635921E1,-5.988718271E-2,-2.296201587E-3,4.659178376E-2,7.591140566E-2
5.671634621E1,-7.284461260E-2,1.785593480E-2,5.274422407E-2,9.169037662E-2
5.672633421E1,-7.155471683E-2,2.535352707E-2,5.802718341E-2,9.555120538E-2
5.673632221E1,-4.065452099E-2,1.227564454E-2,5.560526669E-2,6.996732959E-2
5.674631021E1,-4.440814108E-2,5.399026573E-3,3.179891288E-2,5.488536547E-2
5.675629821E1,-7.111968398E-3,1.279283077E-2,4.123690367E-2,4.375750036E-2
5.676628621E1,1.388947606E-2,-7.263411283E-3,2.636626482E-2,3.067335341E-2
5.677627421E1,2.025066197E-2,-1.909700632E-3,2.352393329E-2,3.109841964E-2
5.678626221E1,3.024530768E-2,1.138949901E-2,1.900871336E-2,3.749440636E-2
5.679625021E1,4.029228598E-2,1.807286650E-2,8.653879166E-5,4.415998530E-2
5.680623833E1,2.904165834E-2,1.564393312E-2,-1.146755934E-2,3.492356625E-2
5.681622633E1,3.154455900E-2,1.199497819E-2,4.538024068E-3,3.405190695E-2
5.682621433E1,2.805727959E-2,1.212770998E-2,-3.451026678E-3,3.076039454E-2
5.683620233E1,2.019949883E-2,7.593778968E-3,3.066279888E-3,2.179649753E-2
5.684619033E1,1.883358926E-2,1.921365827E-2,7.978525758E-3,2.806288691E-2
5.685617833E1,6.420242786E-4,2.498018235E-2,-3.239357471E-3,2.519752254E-2
5.686616633E1,6.583087742E-3,1.126816928E-2,-8.648031950E-3,1.565557855E-2
5.687615433E1,1.157748699E-2,2.218638271E-2,-2.476880550E-3,2.514773787E-2
5.688614233E1,1.378656507E-2,1.137371153E-2,-3.674390316E-3,1.824641977E-2
5.689612933E1,1.217214882E-2,4.308813214E-3,-8.507698774E-4,1.294028159E-2
5.690611733E1,1.636460245E-2,-4.356175661E-4,6.539525986E-3,1.762825505E-2
5.691610533E1,1.735512078E-2,-2.077106416E-2,-1.673999369E-2,3.182553554E-2
5.692609333E1,2.585931122E-2,-1.771004677E-2,-1.186575472E-2,3.351336851E-2
5.693608133E1,4.970659554E-2,-2.705477446E-2,-1.277850509E-2,5.801720998E-2
5.694606933E1,4.825560898E-2,-1.877745599E-2,-2.353796661E-2,5.687910445E-2
5.695605733E1,3.958448052E-2,-2.085643351E-2,-2.231999159E-2,5.000103941E-2
5.696604533E1,5.713606775E-2,-2.959451258E-2,-3.657959640E-2,7.401643254E-2
5.697603233E1,6.093471140E-2,-1.686834008E-2,-3.384017587E-2,7.171288205E-2
5.698602033E1,5.233024120E-2,-1.184528947E-2,-2.157388687E-2,5.782903788E-2
5.699600833E1,4.124099672E-2,-1.873477131E-2,-1.972090423E-2,4.940369956E-2
5.700599633E1,1.583659887E-2,7.028937936E-3,5.788743496E-3,1.826782372E-2
5.701598433E1,1.689085186E-2,1.997876644E-2,6.641852260E-3,2.699196522E-2
5.702597233E1,-1.361290276E-2,2.232233047E-2,1.543606460E-2,3.036230640E-2
5.703596033E1,-2.080293149E-2,2.789706588E-2,2.699834883E-2,4.404451252E-2
5.704594833E1,-3.975872755E-2,1.884499133E-2,2.639374673E-2,5.130808885E-2
5.705593633E1,-5.240333140E-2,3.274908543E-2,4.541824758E-2,7.669047497E-2
5.706592333E1,-5.049538493E-2,9.495001137E-3,3.477865398E-2,6.204428836E-2
5.707591133E1,-4.510717571E-2,7.489698529E-3,3.459271252E-2,5.733592804E-2
5.708589933E1,-2.501526564E-2,-5.999243259E-4,2.721528053E-2,3.697018960E-2
5.709588733E1,-3.266342372E-2,-2.539094925E-2,1.171431184E-2,4.299796105E-2
5.710587533E1,-6.988007426E-3,-2.672996163E-2,-3.807122111E-3,2.788937567E-2
5.711586333E1,1.700165659E-2,-2.304913938E-2,-3.932837248E-3,2.890996994E-2
5.712585133E1,3.046633244E-2,1.290714383E-2,1.054252982E-2,3.472659944E-2
5.713583933E1,7.515426278E-3,1.829886138E-2,1.970511675E-3,1.987996168E-2
5.714582633E1,2.780760348E-2,9.097390473E-3,1.195755601E-2,3.160709525E-2
5.715581433E1,1.879967541E-2,1.285978138E-2,-4.987674952E-4,2.278268074E-2
5.716580233E1,1.920313329E-2,2.441504896E-2,-2.600899994E-2,4.051324501E-2
5.717579033E1,2.535586596E-2,1.540244311E-2,-3.203572512E-2,4.366283174E-2
5.718577833E1,2.412210345E-2,3.402290136E-2,-2.629258990E-2,4.930247433E-2
5.719576633E1,3.218658328E-2,2.356603324E-2,-1.479345560E-3,3.991894950E-2
5.720575433E1,3.031342775E-2,2.045209855E-2,-3.397232294E-4,3.656921723E-2
5.721574233E1,4.251949042E-2,8.548629284E-3,-3.518854380E-3,4.351285401E-2
5.722573033E1,5.030476570E-2,-8.453319669E-3,-5.913873911E-3,5.135174749E-2
5.723571733E1,5.121225357E-2,-1.332989752E-2,-1.985129714E-2,5.651951063E-2
5.724570533E1,3.550370872E-2,-2.410222292E-2,-7.257564068E-3,4.352129041E-2
5.725569333E1,2.884899259E-2,-3.469153047E-2,-1.153889537E-2,4.657158754E-2
5.726568133E1,3.471842766E-2,-4.516038537E-2,-1.524661481E-2,5.896854152E-2
5.727566933E1,3.643575490E-2,-2.061552823E-2,-2.275911748E-2,4.765020113E-2
5.728565733E1,1.279516965E-2,-8.517054319E-3,-2.757956207E-2,3.157354628E-2
5.729564533E1,-7.333285511E-3,-1.849649727E-2,7.576822042E-3,2.129097743E-2
5.730563333E1,-3.440618634E-2,-7.838777304E-3,2.029860914E-2,4.070952740E-2
5.731562133E1,-3.131008565E-2,-8.935130239E-3,4.980775237E-2,5.950605190E-2
5.732560833E1,-4.635175556E-2,-6.404162943E-3,5.090995252E-2,6.914710270E-2
5.733559633E1,-3.752012104E-2,-4.775421023E-3,4.736478567E-2,6.061342302E-2
5.734558433E1,-3.160595477E-2,7.373631299E-3,2.667032003E-2,4.200729444E-2
5.735557233E1,-3.586594373E-2,-7.321006358E-3,2.644988000E-2,4.516147923E-2
5.736556033E1,2.391218841E-3,3.147790074E-2,1.024315238E-2,3.318882844E-2
5.737554833E1,1.229903340E-2,1.930048943E-2,5.373591185E-4,2.289244132E-2
5.738553633E1,4.772234291E-2,2.966467917E-2,-9.579493403E-3,5.700159556E-2
5.739552433E1,5.515707761E-2,3.338497013E-2,-1.349595845E-2,6.587108877E-2
5.740551233E1,4.794307530E-2,5.416802108E-2,-2.064651847E-2,7.522627003E-2
5.741549933E1,4.715925604E-2,5.547692031E-2,-2.930039763E-2,7.848692514E-2
5.742548733E1,2.868000805E-2,2.884548426E-2,-3.783440888E-2,5.555220355E-2
5.743547533E1,4.956158459E-2,8.790411651E-3,-3.215091527E-2,5.972690647E-2
5.744546333E1,4.119304955E-2,6.602675915E-3,-1.369768739E-2,4.391001367E-2
5.745545133E1,4.588573247E-2,-1.379913658E-2,-1.448881567E-2,5.005838985E-2
5.746543933E1,4.437364250E-2,-2.985091299E-2,-2.447293639E-2,5.881344890E-2
5.747542733E1,1.443882197E-2,-3.919973373E-2,-3.023829103E-2,5.156988413E-2
5.748541533E1,2.381863296E-3,-2.210335225E-2,-1.352285564E-2,2.602112753E-2
5.749540233E1,-5.893408656E-3,-2.979448736E-2,1.726799726E-2,3.493747947E-2
5.750539033E1,-2.069505036E-2,-1.419587016E-2,5.324825406E-2,5.886581690E-2
5.751537833E1,-2.518658906E-2,-1.125325888E-2,4.304661691E-2,5.112740294E-2
5.752536633E1,-3.840158880E-2,-2.338769317E-2,3.335427225E-2,5.598369129E-2
5.753535433E1,-3.945642650E-2,-8.182301223E-3,1.010106504E-2,4.154264268E-2
5.754534233E1,-2.595637500E-2,-1.356904864E-2,-3.999495506E-3,2.956092774E-2
5.755533033E1,-3.839866519E-3,-1.603891253E-3,-9.769527912E-3,1.061888495E-2
5.756531833E1,-1.529046893E-2,1.350706816E-4,-1.917477429E-2,2.452526561E-2
5.757530633E1,1.272295654E-2,-1.100299805E-2,-8.691886067E-3,1.893379182E-2
5.758529333E1,3.881030917E-2,-1.232359171E-2,-3.344139576E-2,5.269191552E-2
5.759528133E1,5.942291379E-2,-1.937591851E-2,-2.681766987E-2,6.801247179E-2
5.760526933E1,8.472059995E-2,-7.547001243E-3,-3.646265209E-2,9.254221891E-2
5.761525733E1,6.877875119E-2,-1.289311051E-4,-2.926239073E-2,7.474503830E-2
5.762524533E1,4.839711159E-2,2.748191357E-4,-3.375071347E-2,5.900395407E-2
5.763523333E1,3.312301487E-2,1.424703330E-2,1.522030234E-3,3.608917632E-2
5.764522133E1,3.528005272E-2,4.169649482E-3,1.014725804E-2,3.694637929E-2
5.765520933E1,1.534894109E-2,2.304563105E-2,2.401451468E-3,2.779312995E-2
5.766519733E1,-1.393946975E-2,2.209399670E-2,5.315119028E-3,2.665903220E-2
5.767518433E1,1.226921260E-2,2.530879587E-2,2.262346208E-2,3.609556431E-2
5.768517233E1,-2.750822604E-3,2.285968959E-2,2.493369699E-2,3.393849847E-2
5.769516033E1,-1.384182125E-2,1.906572372E-2,1.188680470E-2,2.638927741E-2
5.770514833E1,2.113768458E-3,1.931920052E-2,1.549629092E-2,2.485627804E-2
5.771513633E1,2.041262984E-2,3.358202130E-2,-5.084154010E-3,3.962671111E-2
5.772512433E1,1.803485960E-2,1.096002102E-2,-1.590442657E-3,2.116383069E-2
5.773511233E1,8.229663670E-3,3.518854380E-3,-4.642689228E-4,8.962435266E-3
5.774510033E1,3.700585842E-2,-1.563574702E-2,5.221563578E-4,4.017689373E-2
5.775508733E1,3.301425666E-2,-3.465790898E-2,-9.149723053E-3,4.873221962E-2
5.776507533E1,2.534212500E-2,-2.813621700E-2,-1.978463888E-2,4.272355255E-2
5.777506333E1,3.093118608E-2,-2.998364478E-2,-3.017104805E-2,5.259324450E-2
5.778505133E1,2.486528456E-2,-1.579069823E-2,-2.874081910E-2,4.115413964E-2
5.779503933E1,8.215630352E-3,-8.678437471E-3,-2.601484716E-2,2.862837983E-2
5.780502683E1,2.065967470E-2,3.623227179E-3,-3.403371871E-2,3.997804326E-2
5.781501483E1,1.126553804E-2,-2.048572004E-3,3.150479794E-3,1.187579544E-2
5.782500283E1,-3.970844150E-3,-7.173656523E-3,-3.174453378E-3,8.792389062E-3
5.783499083E1,-1.713526547E-3,-1.249403805E-2,1.130208313E-2,1.693441003E-2
5.784497783E1,-7.726803124E-3,-2.814381838E-2,6.488070488E-3,2.989770991E-2
5.785496583E1,-7.311943173E-3,-2.738309562E-2,-3.124752045E-3,2.851425107E-2
5.786495383E1,1.895316482E-2,-2.225976527E-2,2.060149491E-2,3.576508351E-2
5.787494183E1,1.337024331E-2,-1.149854958E-3,7.146466970E-3,1.520386670E-2
5.788492983E1,1.375966787E-2,-2.037286878E-2,3.689008355E-3,2.485942527E-2
5.789491783E1,8.197796345E-3,-2.318830311E-2,7.128340602E-3,2.560692301E-2
5.790490583E1,1.455488920E-2,-7.987004220E-3,1.720250845E-3,1.669120424E-2
5.791489383E1,2.941266418E-2,7.459585369E-3,-1.472328901E-3,3.037956517E-2
5.792488183E1,2.903464168E-2,1.169092298E-2,-1.625525951E-4,3.130039171E-2
5.793486983E1,-8.408880830E-3,2.165194720E-2,2.118446231E-3,2.332389137E-2
5.794485683E1,-2.627797186E-2,3.135744810E-2,2.292810202E-2,4.689903217E-2
5.795484483E1,-3.095632911E-2,4.260135144E-2,1.457593918E-2,5.464089548E-2
5.796483283E1,-2.034246325E-2,3.496108711E-2,2.149845779E-2,4.580695483E-2
5.797482083E1,-3.044937551E-3,1.982790828E-3,1.705983639E-2,1.744250904E-2
5.798480883E1,1.211952388E-2,5.557486117E-3,1.048347294E-2,1.696088783E-2
5.799479683E1,1.705311209E-2,-1.140148580E-2,-5.718576908E-3,2.129564820E-2
5.800478483E1,4.208124161E-2,-2.322923362E-2,4.176081419E-3,4.824798282E-2
5.801477283E1,6.285347521E-2,-2.836308897E-2,-1.887247324E-2,7.149261786E-2
5.802475983E1,4.892540753E-2,-2.487844080E-2,-3.826476395E-2,6.690907621E-2
5.803474783E1,6.373874366E-2,-4.169123232E-2,-4.453999579E-2,8.823036621E-2
5.804473583E1,5.142246097E-2,-2.771024734E-2,-2.105523884E-2,6.209227313E-2
5.805472383E1,3.209741324E-2,-1.874909699E-3,-1.643944681E-2,3.611114280E-2
5.806471183E1,2.559501708E-2,1.615527213E-2,-6.570516229E-3,3.097207452E-2
5.807469983E1,2.520530015E-2,3.293619633E-2,6.593320370E-3,4.199490514E-2
5.808468783E1,1.662363410E-2,4.765071452E-2,-6.122034788E-3,5.083714306E-2
5.809467583E1,6.958186626E-5,5.542166412E-2,-1.702299893E-2,5.797713504E-2
5.810466383E1,-9.621885717E-3,3.738417327E-2,-2.606688738E-3,3.869046294E-2
5.811465083E1,-2.166101038E-3,2.101781666E-2,1.524427593E-2,2.605433859E-2
5.812463883E1,5.934631526E-3,2.484189570E-3,8.477293253E-3,1.064215909E-2
5.813462683E1,8.750358224E-3,-2.175807416E-2,2.992020249E-3,2.364180081E-2
5.814461483E1,2.744039834E-2,-2.536814511E-2,-1.248380542E-2,3.940004625E-2
5.815460283E1,1.769922942E-2,-1.306384921E-2,-5.515678525E-3,2.267927662E-2
5.816459083E1,3.144047856E-3,-2.598093331E-2,-1.602254033E-2,3.068575779E-2
5.817457883E1,-3.715613186E-3,-1.618743181E-2,-1.827605724E-2,2.469520193E-2
5.818456683E1,-5.350787044E-3,-2.012523919E-2,1.070859075E-2,2.341644914E-2
5.819455483E1,-8.764391541E-3,-3.037365407E-2,4.295072258E-2,5.333046025E-2
5.820454183E1,-2.227935344E-2,-2.986874700E-2,5.105788708E-2,6.320933056E-2
5.821452983E1,-3.211524725E-2,-7.331823707E-3,7.193829417E-3,3.371788734E-2
5.822451783E1,-4.209118187E-3,1.419411600E-3,3.046399355E-4,4.452438736E-3
5.823450583E1,1.841288209E-3,3.376767039E-4,1.215519190E-2,1.229849820E-2
5.824449383E1,2.402036190E-3,2.797424912E-2,1.408711195E-2,3.141297686E-2
5.825448183E1,3.303384483E-3,2.109967768E-2,-6.486316323E-3,2.231996969E-2
5.826446983E1,1.411868691E-2,3.105660886E-2,8.256268501E-4,3.412523895E-2
5.827445783E1,5.170108080E-3,4.295832396E-2,-1.541969240E-2,4.593380594E-2
5.828444583E1,1.486186802E-2,3.801684201E-2,-2.889810920E-2,5.001255955E-2
5.829443283E1,2.554560810E-2,4.207188606E-2,-2.907411039E-2,5.716577285E-2
5.830442083E1,2.253195316E-2,2.389523149E-2,-6.940644979E-3,3.356849049E-2
5.831440883E1,4.139477849E-2,5.814178884E-3,9.908691645E-3,4.295945219E-2
5.832439683E1,5.774417818E-3,-3.804929405E-2,5.087662339E-3,3.881980148E-2
5.833438483E1,3.045171440E-2,-4.064808905E-2,3.901847005E-3,5.093916434E-2
5.834437283E1,3.559697181E-2,-3.873429537E-2,-1.865846515E-2,5.581781401E-2
5.835436083E1,2.146162033E-2,-5.090907544E-2,-1.162017167E-2,5.645674007E-2
5.836434883E1,2.689309895E-2,-5.546376407E-2,1.308606863E-3,6.165371317E-2
5.837433683E1,3.297040254E-2,-5.031938374E-2,6.616709232E-3,6.052163799E-2
5.838432383E1,1.360325485E-2,-3.980550528E-2,1.519340515E-2,4.472545531E-2
5.839431183E1,1.352987230E-2,-1.516767740E-2,-2.626569271E-3,2.049426135E-2
5.840429983E1,-3.138493001E-3,-2.619552612E-3,1.120911241E-3,4.238942818E-3
5.841428783E1,-1.291620702E-2,5.461708724E-2,-3.526455760E-3,5.623424680E-2
5.842427583E1,-2.066756845E-2,4.682918072E-2,1.064134777E-2,5.228153435E-2
5.843426383E1,-2.135812461E-2,4.472798377E-2,2.294856727E-2,5.462049761E-2
5.844425183E1,1.151404470E-2,4.425172806E-2,1.367020547E-2,4.772486961E-2
5.845423983E1,3.056573510E-2,5.158121288E-2,-1.831347942E-3,5.998532754E-2
5.846422783E1,3.872084677E-2,3.694446266E-2,-6.984499097E-3,5.397203464E-2
5.847421483E1,6.287481755E-2,1.261858374E-2,-1.824097395E-2,6.667236660E-2
5.848420283E1,6.084671080E-2,-1.369505614E-2,-3.128026485E-2,6.977343153E-2
5.849419083E1,4.799979329E-2,-2.440043092E-3,-4.755540490E-2,6.761250255E-2
5.850417883E1,6.149399757E-2,5.323305130E-3,-2.022785783E-2,6.495394944E-2
5.851416683E1,3.047539562E-2,-1.694932401E-2,6.770491004E-3,3.552279368E-2
5.852415483E1,3.787533939E-2,-3.281866729E-2,3.691815019E-2,6.224593216E-2
5.853414283E1,1.858420551E-2,-4.007535428E-2,4.064399600E-2,6.002783626E-2
5.854413083E1,1.254403174E-2,-1.894322455E-2,9.870100021E-3,2.477130120E-2
5.855411883E1,1.102550983E-2,-2.613705397E-3,-2.354498327E-2,2.612966820E-2
5.856410583E1,-1.918529928E-2,9.242401421E-3,-2.620839000E-2,3.376947436E-2
5.857409383E1,-2.661097080E-2,9.118732810E-3,-1.549102843E-2,3.211334639E-2
5.858408183E1,-2.586135775E-2,1.430609018E-2,7.424794436E-3,3.047296528E-2
5.859406983E1,-4.675784469E-2,2.923344702E-2,1.850059032E-3,5.517529504E-2
5.860405783E1,-4.276595056E-2,3.532244503E-2,1.671952844E-2,5.793223871E-2
5.861404583E1,-5.498487711E-2,1.796293885E-2,2.844202638E-2,6.445892294E-2
5.862403383E1,-2.221181810E-2,9.987921417E-3,3.128084958E-2,3.964359958E-2
5.863402183E1,-1.003382206E-3,-1.861782700E-2,3.200181127E-2,3.703709198E-2
5.864400983E1,3.484648168E-2,-2.637737453E-2,-2.220597088E-2,4.902191669E-2
5.865399683E1,1.392397463E-2,-3.599253595E-2,-4.093986511E-2,5.626199667E-2
5.866398483E1,3.222488254E-2,-4.107815176E-2,-4.810211957E-2,7.099064385E-2
5.867397283E1,5.649696708E-2,-7.003414840E-2,-5.581693590E-2,1.058877687E-1
5.868396083E1,-2.052928180E-2,-1.269003671E-1,-7.124189079E-2,1.469712951E-1
5.869394883E1,9.097624362E-2,-4.858451486E-2,1.651838422E-2,1.044508928E-1
5.870393683E1,4.659353793E-2,-3.354489148E-2,1.612135828E-2,5.963317628E-2
5.871392483E1,-1.085067809E-2,-2.903727293E-2,3.987450242E-2,5.050620138E-2
5.872391283E1,-3.617263019E-2,1.831786484E-2,7.522910714E-2,8.546006031E-2
5.873390083E1,-2.257668436E-2,6.155919403E-2,2.772457302E-2,7.118913537E-2
5.874388783E1,-4.574189097E-2,7.137403786E-2,3.409277558E-2,9.137226722E-2
5.875387583E1,-4.738905162E-2,7.395704538E-2,3.734031916E-2,9.544457139E-2
5.876386383E1,-3.303881496E-2,5.852156550E-2,3.589839578E-2,7.619075890E-2
5.877385183E1,-1.247532696E-2,6.009680539E-2,3.418340743E-2,7.025500085E-2
5.878383983E1,1.441923380E-2,4.504373342E-2,2.354790688E-2,5.283328631E-2
5.879382783E1,2.981816858E-2,4.438738346E-2,8.432854414E-3,5.413387130E-2
5.880381533E1,4.927711755E-2,3.416791230E-2,-8.107749224E-3,6.050963678E-2
5.881380333E1,8.607306093E-2,2.345669031E-2,-4.211457074E-2,9.865305472E-2
5.882379133E1,1.097887829E-1,-6.611739099E-3,-4.388744652E-2,1.184204370E-1
5.883377833E1,1.243907422E-1,-2.155312926E-2,-5.299799323E-2,1.369174255E-1
5.884376633E1,1.071098810E-1,-1.393099129E-2,-4.222508311E-2,1.159722242E-1
5.885375433E1,7.637253016E-2,-3.137908280E-2,-2.276321054E-2,8.564796527E-2
5.886374233E1,6.066281587E-2,-2.237115473E-2,-3.329463065E-2,7.272536162E-2
5.887373033E1,3.509381890E-2,9.120194614E-3,-2.526757300E-2,4.419507122E-2
5.888371833E1,2.394961059E-2,7.608104646E-3,-1.991737068E-2,3.206507069E-2
5.889370633E1,2.061143517E-4,2.516086131E-2,1.092669189E-2,2.743180674E-2
5.890369433E1,-1.664117575E-2,3.447898418E-2,-4.157370329E-4,3.828709858E-2
5.891368233E1,-3.041283041E-2,2.568097115E-2,7.987296581E-3,4.059863839E-2
5.892366933E1,-2.183554977E-2,1.465604603E-2,2.290529788E-2,3.487468408E-2
5.893365733E1,-2.663669854E-2,3.370919824E-4,2.119849563E-2,3.404414130E-2
5.894364533E1,-6.907900572E-3,-1.224816263E-2,1.916483402E-2,2.377030587E-2
5.895363333E1,5.028605461E-3,-3.106274843E-2,5.045562387E-3,3.186909024E-2
5.896362133E1,-5.788743496E-3,-4.566207647E-2,-1.992731094E-2,5.015608139E-2
5.897360933E1,3.217284232E-2,-5.293922871E-2,-3.092943192E-2,6.924076457E-2
5.898359733E1,2.053162068E-2,-5.175399810E-2,-1.882160246E-2,5.877309322E-2
5.899358533E1,-2.098156393E-2,-5.089299560E-2,-1.926657557E-2,5.832258533E-2
5.900357333E1,-1.452740729E-3,-2.961731672E-2,-5.461299419E-3,3.015164501E-2
5.901356033E1,3.055170178E-3,-1.201047331E-2,5.780557394E-3,1.367480814E-2
5.902354833E1,-1.769513637E-2,2.941149473E-4,1.075536847E-2,2.070947381E-2
5.903353633E1,-2.823503494E-2,1.088751554E-2,2.223696113E-2,3.755313080E-2
5.904352433E1,-3.042072415E-2,5.150081366E-2,2.441154063E-2,6.460400593E-2
5.905351233E1,-4.582696795E-2,9.795898855E-2,-7.973263264E-3,1.084419077E-1
5.906350033E1,2.895044178E-2,1.261051458E-1,8.109503388E-2,1.526991827E-1
5.907348833E1,4.801733494E-3,1.232131130E-1,6.457664967E-2,1.391929292E-1
5.908347633E1,-2.792045474E-2,7.425759226E-2,8.412096798E-2,1.156290580E-1
5.909346433E1,-2.216767162E-2,7.551298946E-2,6.718684673E-2,1.034779668E-1
5.910345133E1,-3.200590432E-2,5.222908437E-2,2.875836074E-2,6.767051410E-2
5.911343933E1,-2.928373307E-2,6.514090598E-2,-1.955308914E-3,7.144716850E-2
5.912342733E1,-4.110826492E-2,3.508797169E-2,-3.214799166E-3,5.414231373E-2
5.913341533E1,-3.781423599E-2,1.895258009E-2,2.327191830E-3,4.236192344E-2
5.914340333E1,-3.216436386E-2,-2.368093103E-2,8.026472926E-3,4.074011616E-2
5.915339133E1,-4.140998125E-3,-5.104093015E-2,-4.689466953E-4,5.121078331E-2
5.916337933E1,1.730278820E-2,-7.243998528E-2,-3.939210713E-2,8.425364117E-2
5.917336733E1,3.801771909E-2,-6.543911397E-2,-5.475332737E-2,9.341066032E-2
5.918335533E1,6.781337589E-2,-8.835698336E-2,-7.230549932E-2,1.327919263E-1
5.919334233E1,1.108789963E-1,-1.144247478E-1,-5.779680312E-2,1.694923160E-1
5.920333033E1,1.607627624E-1,-1.250052845E-1,-6.070696235E-2,2.125001699E-1
5.921331833E1,1.904730499E-1,-1.258999085E-1,-7.785684586E-2,2.412311301E-1
5.922330633E1,1.857523003E-1,-1.041240004E-1,-1.066146219E-1,2.381436586E-1
5.923329433E1,1.956264934E-1,-7.872808099E-2,-1.242843229E-1,2.447742400E-1
5.924328233E1,1.739730844E-1,-6.164631754E-2,-1.147896141E-1,2.173558328E-1
5.925327033E1,1.349967143E-1,-3.054497749E-2,-1.114835984E-1,1.777236653E-1
5.926325833E1,1.083606005E-1,1.629414350E-2,-8.424902201E-2,1.382223446E-1
5.927324633E1,6.776572108E-2,3.553440660E-2,-7.519928634E-2,1.072838276E-1
5.928323333E1,4.026129574E-2,3.315751344E-2,-4.334657907E-2,6.781827592E-2
5.929322133E1,2.596748471E-3,6.275465727E-2,-1.022911906E-2,6.363587815E-2
5.930320933E1,-2.433991224E-2,5.721734405E-2,3.225324154E-3,6.226281798E-2
5.931319733E1,-5.878498256E-2,6.536280781E-2,1.773869812E-2,8.968072385E-2
5.932318533E1,-5.331783593E-2,5.705420673E-2,3.636266470E-2,8.614068445E-2
5.933317333E1,-5.655719340E-2,2.815112740E-2,4.938090563E-2,8.018526011E-2
5.934316133E1,-8.187534481E-2,3.850976229E-3,7.118985057E-2,1.085651737E-1
5.935314933E1,-7.431372553E-2,-2.055588663E-2,7.658624589E-2,1.086762501E-1
5.936313733E1,-4.648244083E-2,-3.010029674E-2,7.544779301E-2,9.358960754E-2
5.937312533E1,-6.030233502E-2,-3.438718289E-2,6.524849474E-2,9.526917667E-2
5.938311233E1,-5.345115244E-2,-2.456005991E-2,4.051594198E-2,7.142663225E-2
5.939310033E1,-3.082038134E-2,-1.140645593E-2,3.221581936E-2,4.602023642E-2
5.940308833E1,-2.371338308E-2,-2.254686356E-3,4.387282848E-2,4.992227185E-2
5.941307633E1,-2.875339061E-2,3.213629723E-3,3.961839437E-2,4.905814979E-2
5.942306433E1,-3.975346506E-2,3.448395431E-2,5.156191707E-2,7.367572450E-2
5.943305233E1,-4.120620579E-2,4.057499886E-2,4.892599225E-2,7.574981614E-2
5.944304033E1,-3.530665755E-2,5.702584773E-2,5.808507085E-2,8.872644945E-2
5.945302833E1,-3.259354949E-2,5.346577048E-2,6.183781385E-2,8.800479137E-2
5.946301633E1,-3.715467006E-2,5.745474100E-2,3.319347382E-2,7.604816549E-2
5.947300333E1,-3.557212114E-2,5.078949988E-2,1.383100390E-2,6.353145496E-2
5.948299133E1,-3.212928057E-2,4.255954385E-2,-4.376640916E-3,5.350477014E-2
5.949297933E1,1.308928460E-2,3.551247954E-2,-2.423436999E-2,4.494185425E-2
5.950296733E1,4.334921032E-2,2.856423318E-2,-4.675258219E-2,6.986324781E-2
5.951295533E1,3.114957958E-2,6.576655805E-3,-3.127558708E-2,4.462859013E-2
5.952294333E1,7.081562877E-2,-3.652463257E-3,-2.360228598E-2,7.473460824E-2
5.953293133E1,8.674169004E-2,-3.166325748E-2,-4.267005622E-2,1.017222511E-1
5.954291933E1,9.834081173E-2,-4.977910101E-2,-4.281565189E-2,1.182457365E-1
5.955290733E1,9.123176694E-2,-6.608464658E-2,-6.476259112E-2,1.299407904E-1
5.956289433E1,1.001654354E-1,-8.443934888E-2,-6.470353425E-2,1.461152471E-1
5.957288233E1,1.054811391E-1,-6.924302012E-2,-5.678698897E-2,1.383677298E-1
5.958287033E1,8.508751273E-2,-4.323138893E-2,-6.648342669E-2,1.163137302E-1
5.959285833E1,7.043731391E-2,-3.321744740E-2,-4.633918405E-2,9.062082532E-2
5.960284633E1,4.422044545E-2,-1.550038397E-2,-4.509197295E-2,6.503072907E-2
5.961283433E1,2.233227074E-2,4.266420901E-3,-2.873555660E-2,3.664239180E-2
5.962282233E1,2.025914043E-2,2.888202935E-2,9.481844902E-3,3.653094268E-2
5.963281033E1,-9.560782313E-3,2.085526407E-2,1.952151418E-2,3.012374667E-2
5.964279833E1,-4.171403646E-3,1.421984375E-2,2.075995445E-2,2.550647513E-2
5.965278533E1,-1.535361886E-2,1.264811218E-2,4.061125159E-2,4.522147841E-2
5.966277333E1,-2.352919579E-2,3.096159160E-2,4.249931753E-2,5.760586080E-2
5.967276133E1,-2.758920997E-2,3.156356245E-2,4.056447387E-2,5.833437684E-2
5.968274933E1,-3.521251738E-2,3.135657102E-2,2.371279836E-2,5.277738846E-2
5.969273733E1,-5.110466480E-2,3.076220155E-3,3.273739100E-2,6.076912591E-2
5.970272533E1,-5.006561458E-2,-6.079350114E-3,2.607448876E-2,5.677502290E-2
5.971271333E1,-3.915324837E-2,-1.391198784E-2,2.523658276E-2,4.861486782E-2
5.972270133E1,-3.334988683E-2,-9.430974126E-3,4.591818452E-2,5.752945241E-2
5.973268933E1,-1.508230805E-2,-1.129565120E-2,3.009795785E-2,3.550992564E-2
5.974267633E1,-6.048359871E-3,-3.113993168E-2,3.258302450E-2,4.547451471E-2
5.975266433E1,-5.444050133E-3,-2.385634750E-2,1.647394538E-2,2.949837071E-2
5.976265233E1,-1.103252649E-2,-1.189703733E-2,2.660483122E-3,1.644184626E-2
5.977264033E1,-3.734031916E-3,8.408296108E-3,-4.895288944E-3,1.042143424E-2
5.978262833E1,-1.848012507E-3,3.348408043E-3,-5.731440783E-3,6.890312046E-3
5.979261633E1,4.483352602E-3,1.445841014E-2,-9.835016727E-3,1.805197021E-2
5.980260433E1,5.292022526E-3,3.510814458E-2,2.584469318E-3,3.559869099E-2
5.981259183E1,2.897821605E-2,1.532847583E-3,9.248540998E-3,3.045688983E-2
5.982257983E1,5.409990102E-2,1.031711966E-2,-1.444320738E-2,5.693723288E-2
5.983256783E1,6.762889624E-2,9.051197469E-3,-3.788469493E-2,7.804384596E-2
5.984255483E1,8.158766180E-2,1.079483718E-2,-3.309348643E-2,8.870317870E-2
5.985254283E1,6.866473049E-2,1.649177939E-2,-6.213953018E-2,9.406458001E-2
5.986253083E1,7.609829575E-2,5.934923887E-4,-6.030291975E-2,9.709657553E-2
5.987251883E1,7.928765953E-2,-4.443006814E-3,-4.553460717E-2,9.154055775E-2
5.988250683E1,8.323540717E-2,-1.962091684E-2,-3.665677965E-2,9.304210272E-2
5.989249483E1,6.714533150E-2,-2.908463538E-2,-3.959091246E-2,8.319766768E-2
5.990248283E1,5.340700597E-2,-4.475751221E-2,-1.270015240E-2,7.082963403E-2
5.991247083E1,1.338135302E-2,-3.749760926E-2,-1.157924116E-2,4.146335894E-2
5.992245883E1,2.283191532E-2,-3.711257011E-2,-3.356301785E-4,4.357466999E-2
5.993244583E1,2.780351043E-4,-4.359567046E-2,8.579619527E-3,4.443275433E-2
5.994243383E1,-8.215045631E-3,-3.031576663E-2,2.975589573E-2,4.326599140E-2
5.995242183E1,-1.816437542E-2,-2.381132394E-2,2.505005658E-2,3.904393701E-2
5.996240983E1,-2.248195946E-2,-1.434585124E-2,3.113116086E-2,4.099257403E-2
5.997239783E1,-3.984935939E-2,2.280150980E-2,2.615576506E-2,5.283942031E-2
5.998238583E1,-4.469611645E-2,3.672343791E-2,3.227078319E-2,6.624014768E-2
5.999237383E1,-7.008092612E-2,2.805114001E-2,4.292967260E-2,8.683984944E-2
6.000236183E1,-8.454430640E-2,3.454301119E-2,5.737463415E-2,1.078554960E-1
6.001234983E1,-6.092097044E-2,3.225733459E-2,5.175896823E-2,8.620261636E-2
6.002233783E1,-6.679829925E-2,4.725807399E-2,5.038487256E-2,9.609356754E-2
6.003232483E1,-5.076114088E-2,2.914310753E-2,5.108653843E-2,7.769072370E-2
6.004231283E1,-1.715806961E-2,7.431811094E-4,7.317205667E-3,1.866797176E-2
6.005230083E1,1.877482474E-2,-1.751884282E-2,6.356508136E-3,2.645390507E-2
6.006228883E1,2.240068316E-2,-1.695137054E-2,-7.131848931E-3,2.898280246E-2
6.007227683E1,5.634318531E-2,-4.470722616E-2,-4.029082417E-2,8.244174376E-2
6.008226483E1,7.256979346E-2,-4.309865713E-2,-5.224194825E-2,9.926273382E-2
6.009225283E1,8.775355071E-2,-2.781140417E-2,-5.003053129E-2,1.047722002E-1
6.010224083E1,8.464020073E-2,-1.950309545E-2,-5.566256940E-2,1.031632490E-1
6.011222883E1,9.586276174E-2,1.066005886E-2,-4.661926568E-2,1.071291831E-1
6.012221583E1,7.200758368E-2,2.332658976E-2,-3.954296529E-2,8.539829039E-2
6.013220383E1,6.647699475E-2,1.620234221E-2,-3.631998003E-2,7.746513844E-2
6.014219183E1,5.470304132E-2,3.128903568E-2,-3.151006043E-2,7.045786252E-2
6.015217983E1,3.886381119E-2,2.942698985E-2,-1.576877117E-2,5.123473135E-2
6.016216783E1,2.164288402E-2,1.700808853E-2,-3.334608614E-2,4.323946074E-2
6.017215583E1,3.729763448E-2,7.543492913E-3,-3.810279608E-2,5.385017077E-2
6.018214383E1,2.630282253E-2,9.323970079E-3,-3.895532012E-2,4.791963957E-2
6.019213183E1,1.648768634E-2,5.486150086E-3,-3.169190884E-2,3.614303154E-2
6.020211983E1,8.606224358E-3,-4.876577854E-3,-2.459338903E-3,1.019296116E-2
6.021210683E1,-5.210746229E-3,-1.037939250E-2,1.249608457E-2,1.705977124E-2
6.022209483E1,-1.134535253E-2,-1.242942631E-2,6.015615463E-2,6.246575544E-2
6.023208283E1,-1.462973356E-2,-4.979196489E-3,5.432531118E-2,5.648062444E-2
6.024207083E1,-2.895745844E-2,-1.070449769E-2,3.373492599E-2,4.572926745E-2
6.025205883E1,-4.545128435E-2,-1.263144761E-2,2.369350255E-2,5.278972230E-2
6.026204683E1,-3.174628794E-2,-6.666410565E-3,1.647160649E-2,3.638106167E-2
6.027203483E1,-2.615634978E-2,4.108253717E-3,3.777769089E-2,4.613226974E-2
6.028202283E1,-3.848988175E-2,1.056825757E-2,3.999787867E-2,5.650654266E-2
6.029201083E1,-4.991358697E-2,1.249374568E-2,4.592695534E-2,6.896916030E-2
6.030199883E1,-4.429119676E-2,6.125747770E-2,3.149953544E-2,8.189267011E-2
6.031198583E1,-4.582462907E-2,5.144497275E-2,2.250827193E-2,7.247830128E-2
6.032197383E1,-5.093392611E-2,4.717475116E-2,3.353378177E-2,7.709887480E-2
6.033196183E1,-2.622183859E-2,3.784376442E-2,3.527800620E-2,5.800235380E-2
6.034194983E1,7.167516947E-3,1.765566766E-2,2.172883809E-2,2.890048969E-2
6.035193783E1,3.818670362E-2,7.425963879E-4,2.099150419E-4,3.819450022E-2
6.036192583E1,5.437091947E-2,-1.430696726E-2,-3.976223588E-2,6.886161193E-2
6.037191383E1,7.346558690E-2,-2.894371748E-2,-5.471415102E-2,9.606544416E-2
6.038190183E1,8.526497573E-2,-3.248069823E-2,-6.946492195E-2,1.146755738E-1
6.039188983E1,9.838408113E-2,-2.632913500E-2,-8.589442849E-2,1.332310160E-1
6.040187683E1,8.951502442E-2,-4.108750731E-2,-8.137862384E-2,1.277638575E-1
6.041186483E1,6.944270253E-2,-3.641382784E-2,-6.380013943E-2,1.010876530E-1
6.042185283E1,8.882388353E-2,-3.786539912E-2,-4.175906003E-2,1.052011874E-1
6.043184083E1,8.195603639E-2,-3.588026941E-2,-5.008081734E-2,1.025293807E-1
6.044182883E1,6.652231067E-2,-2.790642142E-2,-5.920305848E-2,9.332196048E-2
6.045181683E1,6.714153081E-2,-9.563121200E-3,-3.428164065E-2,7.599124510E-2
6.046180483E1,3.377147108E-2,-8.390754461E-4,-2.165340900E-2,4.012588227E-2
6.047179283E1,2.785584301E-2,8.230540752E-3,-2.878759682E-2,4.089517724E-2
6.048178083E1,1.228675425E-2,1.826699406E-2,-1.630028307E-2,2.739245572E-2
6.049176883E1,6.490409374E-5,1.983258605E-2,-1.772408009E-2,2.659847170E-2
6.050175583E1,-2.430249006E-2,4.241043985E-2,2.334910154E-2,5.417044373E-2
6.051174383E1,-3.370159686E-2,4.081034929E-2,5.467848301E-2,7.609874338E-2
6.052173183E1,-4.627778828E-2,4.023498327E-2,6.514616847E-2,8.946793187E-2
6.053171983E1,-4.869912028E-2,7.903681397E-3,9.052366912E-2,1.030951365E-1
6.054170783E1,-6.019474626E-2,-2.354089022E-2,8.630548775E-2,1.078249424E-1
6.055169583E1,-7.632867604E-2,-4.490456969E-2,6.533971131E-2,1.100534645E-1
6.056168383E1,-6.925793052E-2,-4.214731514E-2,5.198759437E-2,9.631078383E-2
6.057167183E1,-8.464838684E-2,-2.879636765E-2,1.508406222E-2,9.067584638E-2
6.058165983E1,-7.351061046E-2,-1.352636397E-2,-4.806411266E-4,7.474626003E-2
6.059164683E1,-5.977023840E-2,-4.811089039E-3,1.251421094E-2,6.125547691E-2
6.060163483E1,-7.247331440E-2,1.755480319E-2,2.759476483E-2,7.951115307E-2
6.061162283E1,-5.987110287E-2,3.117179900E-2,4.766065478E-2,8.263030937E-2
6.062161083E1,-3.796158582E-2,2.629872948E-2,4.511536181E-2,6.456083210E-2
6.063159883E1,-2.070732951E-2,2.813387811E-2,1.900228143E-2,3.976676115E-2
6.064158683E1,2.058219910E-3,3.773442149E-2,-9.333325624E-3,3.892600418E-2
6.065157483E1,3.373901904E-2,4.290686846E-2,-1.073139489E-2,5.562808286E-2
6.066156283E1,6.964677036E-2,4.401520818E-2,-2.190951705E-3,8.241851395E-2
6.067155083E1,9.052220732E-2,3.717630476E-2,-5.737872720E-3,9.802688834E-2
6.068153883E1,1.258086920E-1,4.080830276E-2,-4.349802196E-2,1.392308244E-1
6.069152583E1,1.470855403E-1,2.616512060E-2,-7.170732915E-2,1.657127356E-1
6.070151383E1,1.631191903E-1,2.151775360E-4,-8.942556202E-2,1.860237826E-1
6.071150183E1,1.779427591E-1,1.076969415E-2,-1.211619097E-1,2.155454017E-1
6.072148983E1,1.676279783E-1,-1.431164503E-2,-1.184219044E-1,2.057369917E-1
6.073147783E1,1.649762660E-1,-1.476392716E-2,-1.002762401E-1,1.936245497E-1
6.074146583E1,1.376042801E-1,-1.253643036E-3,-5.194666386E-2,1.470882912E-1
6.075145383E1,1.158102456E-1,3.126213849E-3,-4.762674093E-2,1.252601000E-1
6.076144183E1,6.714796275E-2,1.483029306E-2,-5.896624625E-2,9.058589675E-2
6.077142983E1,-3.183224201E-3,7.366322279E-3,-3.341508329E-2,3.436514821E-2
6.078141683E1,-1.962588698E-2,-2.627153993E-3,-1.629677474E-2,2.564492630E-2
6.079140483E1,-4.510074377E-2,-1.212595582E-2,2.722229719E-2,5.405709350E-2
6.080139283E1,-7.188976228E-2,-4.050015450E-2,5.767167270E-2,1.006698677E-1
6.081138196E1,-7.418596387E-2,-7.580973566E-2,6.746225059E-2,1.257053241E-1
6.082136996E1,-7.250781298E-2,-6.902404189E-2,8.431217194E-2,1.308825567E-1
6.083135796E1,-6.580017954E-2,-7.386758298E-2,6.017311156E-2,1.157881116E-1
6.084134596E1,-9.435973495E-2,-8.790499359E-2,7.039404452E-2,1.469230036E-1
6.085133396E1,-1.040605581E-1,-5.176101476E-2,4.378044248E-2,1.241955295E-1
6.086132196E1,-8.669315815E-2,-2.589790285E-2,4.182981133E-2,9.968017936E-2
6.087130996E1,-9.922491074E-2,8.068572879E-3,5.137656033E-2,1.120278346E-1
6.088129696E1,-7.738614500E-2,5.053748488E-2,4.994983971E-2,1.050601699E-1
6.089128496E1,-7.346617162E-2,6.997246027E-2,5.436916530E-2,1.151061671E-1
6.090127296E1,-4.969607055E-2,7.210260093E-2,6.073093593E-2,1.065679646E-1
6.091126096E1,-1.989836723E-2,6.846241683E-2,5.353242874E-2,8.915586612E-2
6.092124896E1,1.438765883E-2,6.374371380E-2,1.834563911E-2,6.787361969E-2
6.093123696E1,1.832605094E-2,6.470587313E-2,-1.488818049E-2,6.887925725E-2
6.094122496E1,5.183381259E-2,5.782925516E-2,-5.154963791E-2,9.321122277E-2
6.095121296E1,7.839537442E-2,3.461376250E-2,-4.770626307E-2,9.808075662E-2
6.096120096E1,1.191282481E-1,-1.621842206E-2,-2.906241596E-2,1.236899379E-1
6.097118896E1,1.031296813E-1,-5.420602798E-2,-4.869912028E-2,1.262760031E-1
6.098117596E1,1.243623832E-1,-6.059118748E-2,-4.354538441E-2,1.450292896E-1
6.099116396E1,1.160385793E-1,-8.905309439E-2,-5.308160841E-2,1.556054712E-1
6.100115196E1,8.658235341E-2,-7.625120044E-2,-7.224819660E-2,1.361269679E-1
6.101113996E1,6.646997809E-2,-6.157615095E-2,-7.391933084E-2,1.169356568E-1
6.102112796E1,4.653623521E-2,-5.842333227E-2,-4.141582847E-2,8.540595875E-2
6.103111596E1,1.750071645E-3,-3.427462399E-2,-2.131953299E-2,4.040216686E-2
6.104110396E1,-2.900102019E-2,-2.914164573E-2,1.863039851E-2,4.513741726E-2
6.105109196E1,-2.134876907E-2,-2.513513356E-2,3.005702734E-2,4.462028432E-2
6.106107996E1,-4.436516404E-2,-4.703646451E-2,2.700185716E-2,7.006994409E-2
6.107106796E1,-5.134849370E-2,-4.576469511E-2,-1.296327710E-3,6.879502590E-2
6.108105496E1,-5.583506227E-2,-4.353252053E-4,2.280414104E-4,5.583722494E-2
6.109104296E1,-5.143854082E-2,-5.410136282E-3,2.514185786E-2,5.750918251E-2
6.110103096E1,-4.932535708E-2,3.800690174E-3,1.402980924E-2,5.142248189E-2
6.111101896E1,-4.192570567E-2,1.203620106E-2,2.977869987E-2,5.281482650E-2
6.112100696E1,-2.214779109E-2,2.535411179E-2,6.269384623E-2,7.116090211E-2
6.113099496E1,-3.726430535E-2,4.003763974E-2,5.649111986E-2,7.863134027E-2
6.114098296E1,-6.757130116E-2,3.928334892E-2,1.869237900E-2,8.036458969E-2
6.115097096E1,-5.738048136E-2,3.183750451E-2,2.116341233E-2,6.894952035E-2
6.116095896E1,-1.957063079E-3,1.122235635E-1,3.800163925E-2,1.184992949E-1
6.117094596E1,-1.422159791E-2,7.593311191E-2,6.174601257E-2,9.889722645E-2
6.118093396E1,-1.863332212E-2,7.060600609E-2,7.695111215E-2,1.060843176E-1
6.119092196E1,8.617626429E-3,6.959122181E-2,5.004339516E-2,8.614837803E-2
6.120090996E1,4.699348748E-2,5.998249233E-2,5.371837020E-3,7.638811350E-2
6.121089796E1,4.985336065E-2,4.636081874E-2,-2.532896876E-2,7.263772946E-2
6.122088596E1,8.311904758E-2,4.500894248E-2,-3.477514565E-2,1.007168890E-1
6.123087396E1,9.441645294E-2,1.399209470E-2,-4.210287631E-2,1.043211268E-1
6.124086196E1,8.130641073E-2,6.324056089E-3,-4.069720566E-2,9.114268298E-2
6.125084996E1,6.256666929E-2,1.462096274E-2,-2.752927601E-2,6.990151425E-2
6.126083796E1,8.624350727E-2,1.523842871E-2,-2.413906038E-2,9.084517869E-2
6.127082496E1,7.020693362E-2,1.612165064E-2,-3.451552927E-2,7.987642273E-2
6.128081296E1,4.739665300E-2,2.907820344E-3,-4.554571688E-2,6.579749585E-2
6.129080096E1,4.791705519E-2,1.304543048E-2,-3.853198171E-2,6.285651159E-2
6.130078896E1,1.681483805E-2,1.266506910E-3,-1.266506910E-3,1.690996328E-2
6.131077696E1,-1.049575210E-4,4.020545483E-3,8.047522902E-3,8.996578623E-3
6.132076496E1,-5.231503844E-3,2.106751800E-3,-7.993728518E-3,9.782981715E-3
6.133075296E1,9.589433670E-3,-7.412222922E-3,2.456415296E-3,1.236657846E-2
6.134074096E1,1.940076917E-2,-4.090127349E-3,6.496256590E-4,1.983786782E-2
6.135072896E1,1.299572915E-2,-1.397484541E-2,-7.945196629E-3,2.067151252E-2
6.136071596E1,5.007555485E-3,-2.033690840E-2,6.285756826E-3,2.186724020E-2
6.137070396E1,-2.824848354E-2,-3.309641004E-2,4.936804175E-3,4.379179392E-2
6.138069196E1,-5.181510150E-3,-3.558703154E-2,2.008635521E-2,4.119158321E-2
6.139067996E1,-2.921561301E-3,-5.524800181E-2,3.322680295E-2,6.453601831E-2
6.140066796E1,-1.434789777E-2,-7.616232276E-2,2.733573318E-2,8.218153008E-2
6.141065596E1,-1.752059698E-2,-8.121080875E-2,1.626227617E-2,8.465594134E-2
6.142064396E1,-1.941948026E-2,-8.409231663E-2,-4.941481948E-3,8.644681702E-2
6.143063196E1,-2.565056562E-2,-6.253275543E-2,-5.798683763E-3,6.783746570E-2
6.144061996E1,-5.838591009E-2,-2.907615691E-2,1.596231401E-2,6.715007719E-2
6.145060796E1,-6.752043039E-2,6.469067037E-3,2.495533168E-2,7.227465619E-2
6.146059496E1,-5.991992712E-2,2.005916566E-2,2.886653423E-2,6.946973867E-2
6.147058296E1,-4.831086516E-2,4.766445547E-2,3.961020827E-2,7.857995042E-2
6.148057096E1,-2.552075744E-2,4.348749697E-2,3.256840646E-2,6.002643212E-2
6.149055896E1,-2.818182528E-2,4.047062606E-2,7.772703767E-3,4.992496143E-2
6.150054696E1,-1.816028237E-2,4.104774624E-2,-7.500223517E-3,4.550787492E-2
6.151053496E1,-1.530216336E-3,4.650729150E-2,-7.480927706E-3,4.712996927E-2
6.152052296E1,3.978854835E-2,3.921230525E-2,-2.435248375E-2,6.094076573E-2
6.153051096E1,8.361050606E-2,2.831046402E-2,-2.948633909E-2,9.306794985E-2
6.154049896E1,1.210446730E-1,3.199976474E-2,-4.044109762E-2,1.315723382E-1
6.155048696E1,1.610375816E-1,2.854961514E-2,-3.700468898E-2,1.676828262E-1
6.156047396E1,1.567790544E-1,1.250602484E-2,-5.142275333E-2,1.654701548E-1
6.157046196E1,1.629320794E-1,-2.450012594E-2,-6.502396166E-2,1.771305571E-1
6.158044996E1,1.495431250E-1,-2.210042864E-2,-6.460003853E-2,1.643920320E-1
6.159043796E1,1.271868807E-1,-1.961594671E-2,-6.706756353E-2,1.451183864E-1
6.160042596E1,1.412184441E-1,-2.516407728E-2,-8.338480353E-2,1.659183691E-1
6.161041396E1,1.263358185E-1,-1.114567012E-2,-6.872992694E-2,1.442524449E-1
6.162040196E1,7.995102614E-2,-8.855608106E-3,-4.378921330E-2,9.158648141E-2
6.163038996E1,2.943605304E-2,1.121028185E-2,-2.807248235E-2,4.219260483E-2
6.164037796E1,1.127840191E-2,1.404764324E-2,-6.276986003E-3,1.907719014E-2
6.165036596E1,-2.679457337E-2,8.653294444E-3,-4.736244678E-4,2.816119647E-2
6.166035296E1,-5.744567782E-2,7.603426874E-3,2.148500919E-2,6.180148558E-2
6.167034096E1,-7.966480494E-2,1.165759385E-2,3.684038222E-2,8.854148407E-2
6.168032896E1,-9.441966891E-2,-2.134526074E-3,3.361271918E-2,1.002469200E-1
6.169031696E1,-1.008872741E-1,-1.735482842E-2,3.090545833E-2,1.069325933E-1
6.170030496E1,-1.265188363E-1,-3.767945766E-3,5.927556396E-2,1.397669698E-1
6.171029296E1,-9.825193405E-2,-1.766326904E-2,6.858783960E-2,1.211186417E-1
6.172028096E1,-7.233795136E-2,-2.527312785E-2,7.937361360E-2,1.103253404E-1
6.173026896E1,-4.645729780E-2,-2.431243032E-2,8.067812741E-2,9.622024231E-2
6.174025696E1,-4.239172876E-2,-3.137908280E-2,5.017144918E-2,7.279340504E-2
6.175024396E1,-3.741925657E-2,-1.862630546E-2,2.249599278E-2,4.746798614E-2
6.176023196E1,-2.217293411E-2,-1.332989752E-2,2.938225865E-3,2.603763327E-2
6.177021996E1,-2.983775675E-2,3.049907684E-2,3.769115210E-3,4.283330066E-2
6.178020796E1,-3.364604831E-2,3.366037399E-2,4.729228020E-3,4.782721967E-2
6.179019596E1,-2.429576576E-2,3.917985320E-2,2.516758561E-2,5.252382789E-2
6.180018396E1,-3.603434354E-2,4.138571531E-2,3.787943244E-2,6.667910278E-2
6.181017100E1,-3.913921505E-2,4.530948937E-2,2.110201657E-2,6.348325043E-2
6.182015900E1,-2.288892567E-3,5.193058401E-2,1.005253315E-2,5.294410267E-2
6.183014700E1,2.860457897E-2,4.858802319E-2,1.738026381E-2,5.900077546E-2
6.184013500E1,3.156210065E-2,2.348504931E-2,1.936714768E-2,4.384974513E-2
6.185012200E1,8.411453605E-2,2.897236884E-2,-2.788537145E-2,9.323222228E-2
6.186011000E1,1.381436858E-1,1.195287824E-2,-6.189570129E-2,1.518473808E-1
6.187009800E1,1.399724025E-1,1.254227757E-4,-7.529985845E-2,1.589413661E-1
6.188008600E1,1.409579507E-1,-8.291644156E-3,-8.877652109E-2,1.667907849E-1
6.189007400E1,1.249941748E-1,-2.813036978E-2,-9.045759559E-2,1.568357040E-1
6.190006200E1,1.003154165E-1,-5.039481282E-2,-7.749139488E-2,1.364101764E-1
6.191005000E1,8.040155411E-2,-3.840860546E-2,-5.476151347E-2,1.045870653E-1
6.192003800E1,6.466757387E-2,-3.630360782E-2,-4.028146863E-2,8.439457190E-2
6.193002600E1,6.644658923E-2,-3.587325275E-2,-2.732637763E-2,8.030423649E-2
6.194001400E1,4.694817156E-2,-3.756397516E-2,-2.395545781E-2,6.472284759E-2
6.195000100E1,2.017757177E-2,-2.370051920E-2,2.634755373E-3,3.123765275E-2
6.195998900E1,-2.498807609E-2,-2.271935642E-2,1.340181828E-2,3.633430660E-2
6.196997700E1,-2.862445951E-2,-1.495425403E-2,2.670774221E-2,4.190814825E-2
6.197996500E1,-5.445745826E-2,1.797141731E-3,4.207714856E-2,6.884279853E-2
6.198995300E1,-7.990687966E-2,1.266156077E-2,5.334297895E-2,9.690664550E-2
6.199994100E1,-8.348537564E-2,3.095720619E-2,6.849077582E-2,1.123349586E-1
6.200992900E1,-9.789028376E-2,3.221669644E-2,6.379487693E-2,1.212031745E-1
6.201991700E1,-9.461847425E-2,2.565144271E-2,7.451750100E-2,1.231402052E-1
6.202990500E1,-8.500126630E-2,3.702983201E-2,7.908066809E-2,1.218612974E-1
6.203989300E1,-6.884336293E-2,3.505756617E-2,7.985074639E-2,1.111061801E-1
6.204988000E1,-7.046976596E-2,2.965503126E-2,5.271147966E-2,9.286500354E-2
6.205986800E1,-4.013411880E-2,1.659615219E-2,1.503903866E-2,4.596033554E-2
6.206985600E1,-1.120004922E-2,5.782896280E-3,7.842285633E-3,1.484535065E-2
6.207984400E1,1.806672692E-2,4.575446248E-3,-3.343964159E-2,3.828251507E-2
6.208983200E1,2.588942438E-2,5.975269675E-3,-2.304095328E-2,3.516890204E-2
6.209982000E1,4.446515143E-2,-2.324852943E-3,-2.506818295E-2,5.109763624E-2
6.210980800E1,3.344081104E-2,-5.864757299E-4,-1.065596581E-2,3.510244157E-2
6.211979600E1,4.386698127E-2,-1.812636852E-3,-1.247444987E-2,4.564219098E-2
6.212978400E1,6.476200640E-2,-8.966705203E-4,-2.397826195E-2,6.906430726E-2
6.213977200E1,7.452539474E-2,1.678618670E-2,-3.191761136E-2,8.279217620E-2
6.214975900E1,6.866677701E-2,6.416734457E-3,-6.112094522E-2,9.215243182E-2
6.215974700E1,7.088140994E-2,7.261657119E-3,-6.853053689E-2,9.886020648E-2
6.216973500E1,9.938863277E-2,8.396309316E-3,-6.005967557E-2,1.164292187E-1
6.217972300E1,8.108070821E-2,5.320089161E-3,-3.417756021E-2,8.815038408E-2
6.218971100E1,6.655008495E-2,5.896916986E-4,-3.107093453E-2,7.344837994E-2
6.219969900E1,6.461699545E-2,-1.868945539E-2,-3.195795715E-2,7.447122175E-2
6.220968700E1,5.688726872E-2,-9.001203775E-3,-2.151249111E-2,6.148146294E-2
6.221967500E1,3.096860826E-2,6.075841784E-3,-1.731419027E-2,3.599655172E-2
6.222966300E1,8.484017551E-3,1.367049783E-2,4.533346295E-3,1.671563022E-2
6.223965100E1,1.003966928E-3,1.517937183E-3,1.624824286E-2,1.634984644E-2
6.224963800E1,-2.369525671E-2,2.157037854E-3,4.177894056E-2,4.807907941E-2
6.225962600E1,-2.914076865E-2,3.851268589E-3,5.680686951E-2,6.396121552E-2
6.226961400E1,-3.817968696E-2,7.794923186E-3,4.976331353E-2,6.320472053E-2
6.227960200E1,-3.110864908E-2,-1.854444444E-3,5.196771383E-2,6.059562932E-2
6.228959000E1,-6.485643893E-2,-1.328195035E-3,3.961488605E-2,7.600961104E-2
6.229957800E1,-6.418050081E-2,-2.170194089E-3,2.642415226E-2,6.944121434E-2
6.230956600E1,-4.663446844E-2,-1.057176590E-3,2.455947518E-2,5.271678186E-2
6.231955400E1,-5.053543836E-2,-3.052831292E-3,3.627963424E-2,6.228452592E-2
6.232954200E1,-2.985968381E-2,1.190259218E-2,2.630311489E-2,4.153463941E-2
6.233953000E1,-3.071980923E-2,1.428474784E-3,3.249239266E-2,4.473815821E-2
6.234951700E1,4.023469090E-3,-8.880166411E-3,2.598034859E-2,2.774930939E-2
6.235950500E1,4.388627708E-3,-2.616248935E-2,2.455655158E-2,3.614913730E-2
6.236949300E1,1.857075691E-3,-2.082456619E-2,-5.659520030E-3,2.165967345E-2
6.237948100E1,1.731185138E-2,-2.277168900E-2,-3.375597596E-3,2.880355320E-2
6.238946900E1,1.389853925E-2,-2.107307285E-2,-1.836142659E-2,3.121515304E-2
6.239945700E1,4.899879009E-2,-7.318375111E-3,-3.297829628E-4,4.954340320E-2
6.240944500E1,5.930246115E-2,-1.748112828E-2,-1.495074570E-2,6.360736232E-2
6.241943300E1,3.801918089E-2,-6.490409374E-3,-6.338381767E-3,3.908655284E-2
6.242942100E1,2.987693310E-2,-1.316149771E-2,-7.920638323E-3,3.359453326E-2
6.243940900E1,5.050181687E-2,2.880776972E-2,-3.429976702E-2,6.750403781E-2
6.244939600E1,4.861287385E-2,4.068931192E-2,-4.363016903E-2,7.695728204E-2
6.245938400E1,1.886516422E-2,4.261713892E-2,-5.461942613E-2,7.180109095E-2
6.246937200E1,1.108281255E-2,4.899089634E-2,-3.797883511E-2,6.297085496E-2
6.247936000E1,-2.333623767E-3,3.748211414E-2,-1.736681521E-2,4.137584985E-2
6.248934800E1,6.709972322E-3,8.830172718E-3,1.713526547E-2,2.041109996E-2
6.249933600E1,2.909282148E-2,9.908106923E-3,-2.553479075E-3,3.083963521E-2
6.250932400E1,4.148804158E-2,-3.445764184E-3,-2.041730762E-2,4.636806374E-2
6.251931200E1,4.851697952E-2,-1.952151418E-2,-1.689494491E-2,5.495840227E-2
6.252930000E1,5.841543853E-2,3.915003240E-3,-1.351876259E-2,6.008700068E-2
6.253928800E1,2.631130099E-2,-5.768278241E-3,-6.526662111E-3,2.771560774E-2
6.254927500E1,2.473109096E-2,-9.364315867E-3,8.209490776E-4,2.645734736E-2
6.255926300E1,2.408088058E-2,-1.004317760E-2,3.094346523E-3,2.627411666E-2
6.256925100E1,-4.253557026E-3,-2.161335558E-2,-3.216553330E-3,2.226153863E-2
6.257923900E1,-3.093294024E-2,-2.617798448E-2,4.001834393E-3,4.072036765E-2
6.258922700E1,-5.767225742E-2,-2.547953457E-2,3.229241788E-2,7.083852208E-2
6.259921500E1,-6.701640040E-2,-1.401811481E-2,4.453297913E-2,8.167552690E-2
6.260920300E1,-7.759839892E-2,1.264255732E-2,5.307108343E-2,9.485718564E-2
6.261919100E1,-5.772049695E-2,1.303607494E-2,3.810805857E-2,7.038337266E-2
6.262917900E1,-5.821517140E-2,-8.263577521E-3,3.832849860E-2,7.018808089E-2
6.263916700E1,-3.806069613E-2,-7.575652599E-3,1.797667980E-2,4.276877504E-2
6.264915400E1,-8.592483401E-4,-1.472241193E-2,2.140373290E-2,2.599245088E-2
6.265914200E1,1.529953212E-2,1.601581603E-2,3.388461471E-3,2.240677838E-2
6.266913000E1,3.756806821E-2,-6.491871178E-3,1.812578380E-2,4.221431248E-2
6.267911800E1,5.289508224E-2,-1.091412038E-2,-1.257034421E-2,5.545287460E-2
6.268910600E1,4.876022369E-2,6.078180671E-4,-2.607448876E-2,5.529744859E-2
6.269909400E1,4.133513689E-2,-1.016304553E-2,-4.280863523E-2,6.036936547E-2
6.270908200E1,4.094337344E-2,3.239942193E-3,-2.940915585E-2,5.051490376E-2
6.271907000E1,5.356985092E-2,-9.845541716E-3,-2.407707989E-2,5.955140129E-2
6.272905800E1,5.631073326E-2,-1.259782612E-3,-2.581019461E-2,6.195685497E-2
6.273904600E1,3.813173980E-2,-8.198965788E-3,-3.187668085E-2,5.037236744E-2
6.274903400E1,2.228812426E-2,-1.795095205E-4,-2.332863629E-2,3.226481021E-2
6.275902100E1,2.651975423E-2,3.870272040E-3,-1.594243348E-2,3.118393104E-2
6.276900900E1,3.299291432E-3,3.351331651E-3,-1.169267714E-2,1.260299355E-2
6.277899700E1,-1.608276665E-3,-5.678231120E-3,5.187649727E-3,7.857516922E-3
6.278898500E1,1.192948937E-2,-3.765372992E-2,2.530441046E-2,4.690873354E-2
6.279897300E1,5.011356175E-3,-2.156891674E-2,-2.660483122E-4,2.214503650E-2
6.280896171E1,1.109216809E-3,-4.179911345E-2,-1.221132517E-2,4.356044892E-2
6.281894971E1,1.479082435E-2,-2.480593532E-2,-1.098048627E-2,3.089779913E-2
6.282893771E1,-2.794384360E-3,7.586177588E-3,-1.916132569E-3,8.308443799E-3
6.283892571E1,-3.109812409E-2,1.723671466E-2,1.339772522E-2,3.799600894E-2
6.284891271E1,-2.038339376E-2,3.071893215E-2,4.857340515E-2,6.097959676E-2
6.285890071E1,-2.685626149E-2,4.465606302E-2,5.599527597E-2,7.649113463E-2
6.286888871E1,-1.782786816E-2,5.082926095E-2,3.257951617E-2,6.295134252E-2
6.287887671E1,2.930624485E-3,4.203504860E-2,8.947409391E-3,4.307655982E-2
6.288886471E1,-9.829754233E-3,4.356789619E-2,-3.581419587E-3,4.480638585E-2
6.289885271E1,-1.269284338E-2,3.271721810E-2,4.021714926E-3,3.532278053E-2
6.290884071E1,8.071496487E-3,2.789063394E-2,1.029226899E-2,3.080531315E-2
6.291882871E1,2.504362464E-3,-4.683619738E-4,-9.081895351E-3,9.432497944E-3
6.292881671E1,1.850292921E-2,-1.764426559E-2,-4.546794891E-3,2.596828530E-2
6.293880471E1,3.097357839E-2,-2.213960499E-2,2.865135670E-4,3.807370165E-2
6.294879271E1,3.245526284E-2,-4.129800707E-2,-1.553429782E-2,5.477393434E-2
6.295877971E1,3.213746667E-2,-5.043954402E-2,-2.545176029E-2,6.499812664E-2
6.296876771E1,4.530598104E-2,-4.994867027E-2,-8.779009581E-3,6.800421008E-2
6.297875571E1,3.746925026E-2,-4.259462714E-2,1.585764885E-3,5.675175439E-2
6.298874371E1,2.539855063E-2,-2.910159230E-2,-7.056419849E-3,3.926553336E-2
6.299873171E1,1.650142729E-2,-3.722922206E-3,-1.071794629E-2,2.002577402E-2
6.300871971E1,8.082606196E-3,1.616462767E-2,-6.423166394E-3,1.918021838E-2
6.301870771E1,-2.056290329E-2,1.676922977E-2,2.562249899E-2,3.688566812E-2
6.302869571E1,-1.429322630E-2,3.782885402E-2,3.999320090E-2,5.687507919E-2
6.303868371E1,-1.202947676E-2,4.689700842E-2,3.190357804E-2,5.798168678E-2
6.304867171E1,-1.093224674E-2,2.867474556E-2,2.557338238E-2,3.994687645E-2
6.305865871E1,2.030094802E-2,3.365598857E-2,-2.485651374E-3,3.938315021E-2
6.306864671E1,4.564044178E-3,2.452117592E-2,-2.621657610E-2,3.618601153E-2
6.307863471E1,2.428407133E-2,1.625818312E-2,-3.835598052E-2,4.822059601E-2
6.308862271E1,2.374641985E-2,-1.081062466E-2,-3.084698617E-2,4.040171552E-2
6.309861071E1,3.656000823E-2,-3.771278679E-2,-9.972426295E-3,5.346342465E-2
6.310859871E1,6.374868393E-2,-3.516310841E-2,-7.116646171E-3,7.315043095E-2
6.311858671E1,6.630713314E-2,-4.611143500E-2,-2.087046683E-2,8.341748455E-2
6.312857471E1,5.425660640E-2,-2.411567152E-2,-1.662655771E-2,6.165863583E-2
6.313856271E1,2.799325258E-2,-2.882092595E-3,-1.126875401E-2,3.031358547E-2
6.314855071E1,9.382442236E-3,-9.370163083E-3,-5.430309176E-3,1.432893702E-2
6.315853771E1,-4.877747297E-3,2.063979417E-2,1.852047086E-2,2.815672855E-2
6.316852571E1,-1.634121358E-2,3.275200903E-2,4.054225445E-2,5.462054332E-2
6.317851371E1,-2.346575350E-2,3.953244030E-2,2.639667034E-2,5.301169332E-2
6.318850171E1,-2.454544187E-2,4.600355387E-2,3.657550335E-2,6.369123276E-2
6.319848971E1,-3.011813074E-2,4.053757668E-2,1.515539825E-2,5.272649257E-2
6.320847771E1,-3.976252824E-2,3.095896035E-2,2.334734738E-2,5.553930597E-2
6.321846571E1,-2.958223343E-2,4.597899556E-2,1.958057106E-2,5.807387821E-2
6.322845371E1,-4.930079877E-2,4.315040499E-2,2.373677194E-2,6.968472252E-2
6.323844171E1,-4.624942929E-2,2.377302468E-2,6.422990978E-2,8.264168271E-2
6.324842971E1,-5.965300173E-2,1.742470264E-3,6.516604900E-2,8.836362804E-2
6.325841671E1,-3.563293219E-2,-3.968446791E-2,7.091795504E-2,8.873510690E-2
6.326840471E1,-3.802912116E-2,-3.570309877E-2,1.827021003E-2,5.526957475E-2
6.327839271E1,-5.306640565E-3,-4.154125124E-2,-1.494080544E-2,4.446418397E-2
6.328838071E1,1.373189360E-2,-4.764282078E-2,-1.722355843E-2,5.248861056E-2
6.329836871E1,5.946033597E-3,-4.145412773E-2,-3.103994429E-2,5.212751829E-2
6.330835671E1,2.179812759E-2,-4.109189272E-2,-2.777661324E-2,5.417787608E-2
6.331834471E1,-1.202479899E-3,-2.467408061E-2,-2.395955086E-2,3.441389674E-2
6.332833271E1,2.088040709E-3,-3.596037626E-5,-8.193118572E-3,8.455081259E-3
6.333832071E1,4.084280133E-3,2.426126719E-2,-2.267550230E-3,2.470692643E-2
6.334830871E1,3.896964580E-2,1.480456531E-2,-1.686044633E-2,4.496757830E-2
6.335829671E1,5.079534709E-2,-1.673180759E-2,-1.341585159E-2,5.513715395E-2
6.336828371E1,9.290377825E-2,1.594214112E-2,-3.847350955E-2,1.018109759E-1
6.337827171E1,9.790227056E-2,-7.776212096E-3,-4.325594723E-2,1.073144959E-1
6.338825971E1,1.564580423E-1,7.975602150E-3,-8.527520835E-2,1.783664497E-1
6.339824771E1,1.893766969E-1,-8.253637254E-3,-6.505962968E-2,2.004106067E-1
6.340823571E1,1.947172514E-1,-2.225304097E-2,-8.215221047E-2,2.125064505E-1
6.341822371E1,1.687716937E-1,-7.371292412E-3,-8.079097867E-2,1.872575840E-1
6.342821171E1,1.478418776E-1,-7.107290626E-4,-8.167039990E-2,1.689016878E-1
6.343819971E1,8.945479810E-2,1.038670152E-2,-6.818262756E-2,1.129553681E-1
6.344818771E1,5.751759857E-2,3.785779774E-2,-3.694797099E-2,7.814499059E-2
6.345817571E1,2.581516474E-2,4.437715083E-2,-2.522956610E-2,5.720389193E-2
6.346816271E1,3.267716467E-3,1.850292921E-2,3.019092858E-2,3.556020991E-2
6.347815071E1,-1.701744407E-2,4.118193984E-3,4.170468092E-2,4.523088917E-2
6.348813871E1,-2.287343055E-2,1.925488114E-2,3.190240860E-2,4.372308255E-2
6.349812671E1,-5.424958974E-2,5.905687809E-3,8.868471980E-3,5.528602835E-2
6.350811471E1,-8.708550632E-2,9.016406536E-4,-1.126173735E-3,8.709745481E-2
6.351810271E1,-1.056860840E-1,-1.517060101E-2,1.498056650E-2,1.078151792E-1
6.352809071E1,-9.085345209E-2,-2.946938217E-2,5.280795872E-2,1.091397029E-1
6.353807871E1,-1.030641925E-1,-3.093761802E-2,5.463755250E-2,1.206839929E-1
6.354806671E1,-6.327681363E-2,-3.177201569E-2,5.054099321E-2,8.699314984E-2
6.355805471E1,-6.189453185E-2,-1.669760138E-2,5.818096519E-2,8.657232626E-2
6.356804271E1,-4.967969835E-2,-2.846483052E-2,6.776805997E-2,8.871769246E-2
6.357802971E1,-2.116809011E-2,-4.182396412E-2,5.566139996E-2,7.277034739E-2
6.358801771E1,-3.881030917E-2,-2.682410181E-2,3.110660255E-2,5.651011642E-2
6.359800571E1,-5.514859915E-2,-1.119800270E-2,-2.350580692E-4,5.627449249E-2
6.360799371E1,-7.404826194E-2,2.435803860E-2,9.908691645E-3,7.857888591E-2
6.361798171E1,-9.368175030E-2,5.235567659E-2,3.178838789E-2,1.119280520E-1
6.362796971E1,-9.393084168E-2,5.714951634E-2,6.086483717E-2,1.256725851E-1
6.363795771E1,-5.798362166E-2,6.453630388E-2,4.683795154E-2,9.859426253E-2
6.364794571E1,-3.471462697E-2,5.227264613E-2,3.669537127E-2,7.269171295E-2
6.365793371E1,-6.840949953E-3,5.180808485E-2,8.634583354E-3,5.296633158E-2
6.366792171E1,3.429479688E-2,2.723428398E-2,-2.857768178E-2,5.229266883E-2
6.367790971E1,6.282365441E-2,1.489753604E-2,-5.155256152E-2,8.262212012E-2
6.368789671E1,8.785236865E-2,-1.415844798E-2,-7.389243364E-2,1.156658639E-1
6.369788471E1,1.122525072E-1,-3.772915900E-2,-6.574258447E-2,1.354481533E-1
6.370787271E1,1.182254380E-1,-3.413107485E-2,-5.293367386E-2,1.339558072E-1
6.371786071E1,1.008866894E-1,-4.991768003E-2,-4.965455532E-2,1.230263132E-1
6.372784871E1,7.886870652E-2,-6.166415155E-2,-6.224361062E-2,1.178855696E-1
6.373783671E1,9.188139260E-2,-3.609135389E-2,-6.234359801E-2,1.167540164E-1
6.374782471E1,6.021024138E-2,-2.405486047E-2,-3.319522798E-2,7.284114661E-2
6.375781271E1,3.409745336E-2,-1.726098061E-3,-1.876956224E-4,3.414163103E-2
6.376780071E1,1.818133235E-2,1.001920402E-3,2.294798255E-2,2.929461714E-2
6.377778871E1,-8.397771120E-3,6.236347854E-3,1.547231734E-2,1.867638076E-2
6.378777571E1,-3.589284092E-2,-6.281079054E-3,7.215464115E-3,3.714580603E-2
6.379776371E1,-2.906650901E-2,-1.684875190E-2,-3.455704451E-3,3.377401782E-2
6.380775150E1,-2.806195736E-2,6.728975773E-3,8.176746368E-3,2.999352842E-2
6.381773950E1,-3.559931070E-2,-1.132985741E-2,2.997984409E-2,4.790060170E-2
6.382772750E1,-8.640722930E-3,-1.647891551E-2,5.570817769E-2,5.873344712E-2
6.383771550E1,9.284501374E-3,-1.838715434E-2,5.403879762E-2,5.783148847E-2
6.384770350E1,1.247503459E-3,2.882677317E-4,2.451679051E-2,2.455020122E-2
6.385769150E1,-2.564588785E-3,1.504108518E-2,4.760218263E-3,1.598346136E-2
6.386767950E1,-1.584887803E-3,2.873731077E-2,4.846172333E-3,2.918613174E-2
6.387766750E1,-2.730766654E-2,4.633099794E-2,-3.944531679E-3,5.392429279E-2
6.388765550E1,-2.808651567E-2,4.004114807E-2,-9.601128101E-3,4.984302922E-2
6.389764250E1,-3.891526669E-2,4.505513549E-2,1.662538826E-2,6.181235112E-2
6.390763050E1,-2.530557990E-2,3.737715662E-2,2.541609228E-2,5.180156327E-2
6.391761850E1,-3.795018375E-2,3.509469599E-2,4.219526231E-2,6.672551457E-2
6.392760650E1,-3.796947956E-2,2.913959920E-3,2.188261986E-2,4.392062832E-2
6.393759450E1,-2.550467759E-2,2.033076882E-3,2.631247044E-2,3.670106376E-2
6.394758250E1,-1.290919036E-2,-1.292205423E-2,2.023136616E-4,1.826657089E-2
6.395757050E1,-3.973183036E-3,-5.606602728E-3,-1.160204530E-2,1.348434769E-2
6.396755850E1,1.172279030E-2,-1.535449594E-2,-2.410865486E-2,3.089355268E-2
6.397754650E1,3.558498502E-2,-1.788195491E-2,-3.296543241E-2,5.169888977E-2
6.398753450E1,5.313072503E-2,-2.461356193E-2,-3.351039290E-2,6.746590106E-2
6.399752150E1,5.912675232E-2,-1.170086324E-2,-4.719521642E-2,7.655241010E-2
6.400750950E1,7.387226075E-2,-4.644443393E-3,-5.419024050E-2,9.173474766E-2
6.401749750E1,6.669860423E-2,4.095682204E-3,-3.807648361E-2,7.691096815E-2
6.402748550E1,6.731870145E-2,6.654716134E-3,-3.657374918E-2,7.690079285E-2
6.403747350E1,5.098333508E-2,1.742557973E-2,-3.700702786E-2,6.536414457E-2
6.404746150E1,5.555556536E-2,2.334617794E-2,-4.450315833E-3,6.042574102E-2
6.405744950E1,4.404415190E-2,5.155782402E-3,-7.857488394E-3,4.503564736E-2
6.406743750E1,4.951276034E-2,-2.605987072E-2,-7.627692819E-3,5.646956699E-2
6.407742550E1,4.551852733E-2,-2.465186119E-2,-1.930341303E-2,5.524737410E-2
6.408741350E1,4.784045666E-2,-3.817559391E-2,-1.543664932E-2,6.312190909E-2
6.409740150E1,2.565787464E-2,-3.038564086E-2,-5.454282761E-3,4.014178499E-2
6.410738850E1,-3.308354616E-3,-1.352636397E-2,-5.812132359E-3,1.508935436E-2
6.411737650E1,-4.320478410E-2,-5.912119746E-3,2.116692066E-2,4.847313750E-2
6.412736450E1,-6.313764989E-2,2.273222029E-2,6.006610751E-2,9.006138987E-2
6.413735250E1,-7.179971516E-2,2.914632350E-2,7.527763903E-2,1.080343936E-1
6.414734050E1,-8.717321455E-2,3.995928705E-2,6.950585246E-2,1.184355415E-1
6.415732850E1,-6.189804018E-2,4.409970045E-2,5.438904583E-2,9.345758003E-2
6.416731650E1,-5.430718482E-2,2.961293131E-2,3.005351901E-2,6.877070618E-2
6.417730450E1,-3.203426331E-2,3.576800287E-2,1.836727381E-2,5.140915096E-2
6.418729250E1,-3.103702068E-3,1.284750223E-2,1.657977998E-2,2.120331069E-2
6.419728050E1,1.415230840E-2,1.147106767E-2,9.466642141E-4,1.824196809E-2
6.420726750E1,2.893670082E-2,-3.877288699E-3,4.760802984E-3,2.958092742E-2
6.421725550E1,4.623948902E-2,-2.856335610E-2,-1.166227162E-2,5.558744675E-2
6.422724350E1,5.271761924E-2,-3.113174558E-2,-2.488048732E-2,6.608609241E-2
6.423723150E1,6.972833902E-2,-1.246860266E-2,-3.508972585E-2,7.904932748E-2
6.424721950E1,5.108887732E-2,-2.591281325E-2,-2.888583004E-2,6.415558007E-2
6.425720750E1,4.645963669E-2,-2.461210012E-2,-2.135987878E-2,5.674942938E-2
6.426719550E1,2.863820046E-2,-2.035825074E-2,-1.966535568E-2,4.026575608E-2
6.427718350E1,7.924731374E-3,-6.600044668E-3,7.304926515E-3,1.263819245E-2
6.428717150E1,-7.609858811E-3,-4.279284775E-3,9.813382030E-3,1.313486567E-2
6.429715950E1,-2.222088128E-2,1.270629197E-2,1.295742989E-2,2.868993569E-2
6.430714750E1,-4.014552087E-2,-7.380940318E-3,2.813855588E-2,4.957740869E-2
6.431713450E1,-5.396892339E-2,3.762975633E-3,2.732930124E-2,6.061101702E-2
6.432712250E1,-4.853042811E-2,-5.386455059E-3,1.372341514E-2,5.072029647E-2
6.433711050E1,-1.112578958E-2,6.962279677E-3,4.699991941E-3,1.394081979E-2
6.434709850E1,-8.820524812E-4,-1.052528054E-2,4.364361763E-3,1.142835074E-2
6.435708650E1,2.233344018E-3,2.795261443E-3,-1.330183089E-2,1.377461495E-2
6.436707450E1,1.505014837E-2,-9.614869058E-3,-1.958817244E-2,2.650753048E-2
6.437706250E1,1.497091860E-2,-7.764225304E-3,-1.163771331E-2,2.049019203E-2
6.438705050E1,3.733622611E-2,-6.744178534E-3,-7.127755880E-3,3.860417889E-2
6.439703850E1,5.071699440E-2,-1.335153222E-2,-3.377000928E-2,6.237700266E-2
6.440702650E1,5.883731514E-2,-1.684787482E-2,-4.013353407E-2,7.318730147E-2
6.441701450E1,8.279277295E-2,5.225656629E-3,-3.858285248E-2,9.149091346E-2
6.442700150E1,5.210073799E-2,-7.703121901E-3,-3.340689719E-2,6.236862806E-2
6.443698950E1,5.918580920E-2,5.972638428E-3,-3.038037837E-2,6.679520798E-2
6.444697750E1,4.559454113E-2,4.362899959E-3,-1.695575595E-2,4.884050304E-2
6.445696550E1,2.719042987E-2,5.983455777E-3,-7.712477446E-4,2.785167935E-2
6.446695350E1,2.152096957E-2,-7.714523971E-3,1.975189447E-3,2.294705612E-2
6.447694150E1,1.505950391E-3,1.584887803E-3,5.215131640E-3,5.654852249E-3
6.448692950E1,-2.933928162E-2,6.724298000E-3,2.016646206E-2,3.623114436E-2
6.449691750E1,-4.220666438E-2,-3.674975038E-3,3.954764307E-2,5.795622514E-2
6.450690550E1,-5.030242682E-2,1.428504020E-2,5.278398514E-2,7.430037419E-2
6.451689350E1,-6.207521081E-2,3.160712421E-2,6.890592813E-2,9.798147289E-2
6.452688150E1,-4.691747367E-2,5.060297370E-2,6.809901237E-2,9.695042945E-2
6.453686850E1,-6.450092822E-2,4.948937148E-2,5.399669766E-2,9.759718741E-2
6.454685650E1,-4.350825459E-2,2.076901764E-2,4.266362429E-2,6.437783119E-2
6.455684450E1,-3.650445968E-2,1.535537302E-2,2.179257274E-2,4.520264687E-2
6.456683250E1,-2.611424983E-2,2.369818032E-2,1.644120097E-2,3.890849372E-2
6.457682050E1,1.349625081E-2,-3.737540245E-3,2.894430220E-2,3.215416960E-2
6.458680850E1,4.128660500E-2,-1.680080473E-2,-4.750277996E-3,4.482650927E-2
6.459679650E1,5.445190340E-2,-3.451026678E-2,-2.261527598E-2,6.831851144E-2
6.460678450E1,7.221369803E-2,-5.046410233E-2,-4.377576470E-2,9.837561376E-2
6.461677250E1,9.311047733E-2,-3.894596457E-2,-6.332826912E-2,1.191504042E-1
6.462676050E1,8.289685339E-2,-3.308910102E-2,-6.339141905E-2,1.094771616E-1
6.463674750E1,9.223397970E-2,-1.519983709E-2,-4.859971762E-2,1.053568916E-1
6.464673550E1,6.276167393E-2,-2.596368402E-2,-3.209653616E-2,7.512208887E-2
6.465672350E1,6.266110182E-2,-1.968932927E-2,-3.060783505E-2,7.246325231E-2
6.466671150E1,4.844593585E-2,1.810005605E-3,-3.279352427E-2,5.852948021E-2
6.467669950E1,6.734822989E-3,1.603131115E-2,-2.994768441E-2,3.462982211E-2
6.468668750E1,7.373338938E-4,2.231999159E-2,-1.021274686E-2,2.455658535E-2
6.469667550E1,-2.213054180E-2,8.931621909E-3,2.289184928E-2,3.306919282E-2
6.470666350E1,-3.359342337E-2,1.922915339E-2,5.174084187E-2,6.461728214E-2
6.471665150E1,-4.119129539E-2,1.487677842E-2,4.852370381E-2,6.536506088E-2
6.472663950E1,-3.220529437E-2,-1.573485732E-3,2.818474889E-2,4.282565718E-2
6.473662750E1,-3.438192040E-2,-8.235218525E-3,2.356544852E-2,4.248841770E-2
6.474661450E1,-3.474240124E-2,-1.059749365E-2,1.591553628E-2,3.965659606E-2
6.475660250E1,-1.946245730E-2,-1.372399986E-2,3.432198644E-2,4.177480304E-2
6.476659050E1,-2.110260129E-3,-2.519740641E-2,4.496742725E-2,5.158906862E-2
6.477657850E1,-2.470448613E-3,-2.180572897E-2,3.408809781E-2,4.054123018E-2
6.478656650E1,1.066824496E-3,8.104533255E-3,1.581554890E-2,1.780317839E-2
6.479655450E1,-8.778424859E-3,3.247631282E-2,-1.938702822E-2,3.882819208E-2
6.480654250E1,-1.927242279E-3,3.606796503E-2,1.396198153E-2,3.872401442E-2
6.481653038E1,1.490689158E-2,3.443132937E-2,2.729538739E-2,4.639795288E-2
6.482651837E1,2.353562772E-2,3.275083959E-2,2.247494280E-2,4.616997206E-2
6.483650638E1,3.395975143E-2,1.974253893E-2,-1.195346296E-2,4.105992982E-2
6.484649438E1,4.492094189E-2,-2.332454324E-3,-3.968563735E-2,5.998567475E-2
6.485648138E1,8.602160543E-2,-8.249251842E-3,-5.302255154E-2,1.013861812E-1
6.486646938E1,7.101501882E-2,-2.399463415E-2,-5.642446160E-2,9.382214682E-2
6.487645738E1,3.087388337E-2,-2.272315711E-2,-3.239942193E-2,5.019224128E-2
6.488644538E1,1.984135687E-2,-2.847535551E-2,-2.983015537E-2,4.576421619E-2
6.489643338E1,1.708790302E-2,-2.996639550E-2,2.005010247E-3,3.455432469E-2
6.490642137E1,-1.810765743E-2,-1.005428731E-2,-4.353252053E-3,2.116428016E-2
6.491640938E1,-3.328615218E-2,-3.351331651E-3,2.081491828E-2,3.940127122E-2
6.492639738E1,-2.537662357E-2,8.542489707E-3,3.226201236E-2,4.192594180E-2
6.493638537E1,-4.860702664E-2,-2.603794366E-2,2.735093594E-2,6.155234557E-2
6.494637338E1,-6.129109919E-2,2.253633857E-2,2.134467602E-2,6.870284267E-2
6.495636138E1,-6.224273354E-2,4.821614027E-3,3.120951355E-2,6.979569883E-2
6.496634937E1,-3.611532748E-2,1.075186014E-2,3.508855641E-2,5.148908784E-2
6.497633638E1,-2.227906108E-2,2.545877695E-2,3.112414420E-2,4.596975352E-2
6.498632438E1,1.772408009E-2,9.538562894E-3,1.694055319E-2,2.630797482E-2
6.499631238E1,1.175202638E-2,1.328458160E-2,-1.358366668E-2,2.234068560E-2
6.500630038E1,2.202996969E-2,1.517147809E-2,-5.042054057E-3,2.721976527E-2
6.501628838E1,3.728301644E-2,2.580493212E-2,-3.272452712E-2,5.591790869E-2
6.502627638E1,4.306591272E-2,3.402494788E-2,-2.814498782E-2,6.168071219E-2
6.503626438E1,3.878224254E-2,4.028468460E-2,-8.063895106E-3,5.649729687E-2
6.504625238E1,5.437267363E-2,7.861873806E-3,-7.461047173E-3,5.544243792E-2
6.505624038E1,4.023322910E-2,-1.689845324E-3,-6.160626411E-3,4.073722645E-2
6.506622838E1,3.716197908E-2,-2.810171843E-3,-1.768958151E-2,4.125325501E-2
6.507621538E1,5.289508224E-2,-1.147954613E-2,-3.123231769E-2,6.249101833E-2
6.508620338E1,2.608413666E-2,-4.843248725E-3,-1.959752798E-2,3.298336470E-2
6.509619138E1,1.928353250E-2,-1.656633139E-2,-3.724091649E-3,2.569371168E-2
6.510617938E1,1.266331494E-2,-7.897834182E-3,-1.673765481E-2,2.242508458E-2
6.511616738E1,-2.429518104E-3,2.476880550E-3,-2.563419342E-2,2.586792160E-2
6.512615538E1,1.032822937E-2,5.857155919E-3,-2.253516912E-2,2.547179705E-2
6.513614338E1,-2.430687547E-3,-6.927196383E-3,-1.462973356E-2,1.636836570E-2
6.514613138E1,-9.036871791E-4,-7.253178656E-3,-2.093303204E-4,7.312254804E-3
6.515611938E1,-7.481804788E-3,-1.408506542E-2,1.052849650E-2,1.911061772E-2
6.516610738E1,8.044306934E-3,6.809082627E-3,1.357665002E-2,1.718720181E-2
6.517609538E1,8.911156654E-3,7.120154500E-3,2.250242472E-2,2.522824669E-2
6.518608338E1,-1.112081945E-2,8.323511481E-4,1.747732759E-2,2.073215891E-2
6.519607037E1,-2.204868078E-2,1.894380927E-2,2.399404943E-2,3.769252767E-2
6.520605838E1,-8.717029095E-3,2.517635643E-2,-5.453698039E-3,2.719518968E-2
6.521604638E1,-1.055422425E-2,3.009737313E-2,1.186224639E-2,3.402875855E-2
6.522603438E1,-2.262083083E-2,1.987030059E-2,2.125287473E-2,3.685397560E-2
6.523602238E1,-4.154446721E-3,1.008937061E-2,1.807023525E-2,2.110896087E-2
6.524601038E1,1.324715942E-2,1.360851735E-2,8.275564313E-3,2.071627239E-2
6.525599838E1,2.410865486E-2,-9.112300873E-3,-9.562536478E-3,2.749005948E-2
6.526598638E1,1.422949165E-2,-1.939053655E-2,-8.493665457E-3,2.550713024E-2
6.527597438E1,3.299291432E-2,-3.136651129E-2,-1.691424072E-2,4.856420456E-2
6.528596238E1,3.671992958E-2,-3.916465044E-2,7.782644033E-4,5.369198048E-2
6.529594938E1,3.432491004E-2,-3.101626307E-2,-1.274868429E-2,4.798684169E-2
6.530593737E1,3.775430202E-2,-1.028905302E-2,-9.499971271E-3,4.026787041E-2
6.531592538E1,-1.567053795E-4,-1.062497556E-2,8.244574070E-4,1.065806701E-2
6.532591338E1,-1.108515143E-2,9.413432479E-3,-1.135529280E-3,1.458707373E-2
6.533590137E1,-2.242962688E-2,2.550233871E-2,-5.672383904E-3,3.443302747E-2
6.534588938E1,-4.232214689E-2,3.602001786E-2,2.094648063E-2,5.939158910E-2
6.535587738E1,-5.120552927E-2,3.636821955E-2,3.259998143E-2,7.076307237E-2
6.536586538E1,-4.914730936E-2,4.325916320E-2,4.373132586E-2,7.873526580E-2
6.537585338E1,-2.839144796E-2,3.209448963E-2,5.920773625E-2,7.308684296E-2
6.538584138E1,-3.594283462E-3,2.485505193E-2,2.661652565E-2,3.659415142E-2
6.539582938E1,8.911449015E-3,2.391131133E-2,2.870982885E-3,2.567892669E-2
6.540581738E1,5.116723001E-2,1.379562825E-2,-1.430404365E-2,5.489089588E-2
6.541580437E1,5.642270744E-2,-1.179529577E-2,-4.827285826E-2,7.518590135E-2
6.542579238E1,6.982949585E-2,1.232856184E-2,-6.829723299E-2,9.845132788E-2
6.543578038E1,8.746323645E-2,7.180380821E-3,-4.500134110E-2,9.862300087E-2
6.544576837E1,8.967845410E-2,2.955709040E-2,-2.886361063E-2,9.873679528E-2
6.545575638E1,9.003016412E-2,5.217762887E-3,-2.445188642E-2,9.343741355E-2
6.546574438E1,8.849234641E-2,9.940266609E-4,-2.094589591E-2,9.094291625E-2
6.547573237E1,7.413597018E-2,6.528416276E-4,-2.473021388E-2,7.815466560E-2
6.548572038E1,3.894625694E-2,-8.422914147E-3,-2.538802564E-2,4.724730953E-2
6.549570838E1,3.233217895E-2,-1.669818610E-2,-2.675568938E-2,4.516709122E-2
6.550569637E1,2.079006761E-2,-2.462701052E-2,-1.208385587E-2,3.441999610E-2
6.551568438E1,3.986339271E-3,-3.528970063E-2,1.373277068E-2,3.807680215E-2
6.552567137E1,-2.255943507E-2,-5.960563928E-2,9.585925341E-3,6.444881930E-2
6.553565938E1,-5.803069174E-2,-7.186958939E-2,2.659898400E-3,9.241143935E-2
6.554564738E1,-7.712886751E-2,-6.582035244E-2,2.124176502E-2,1.035972663E-1
6.555563537E1,-7.375093102E-2,-3.403021038E-2,8.900631666E-3,8.170970744E-2
6.556562338E1,-6.674538195E-2,-1.925809711E-2,4.596730113E-2,8.329953835E-2
6.557561138E1,-7.401054740E-2,-1.122694641E-2,7.147168636E-2,1.034978618E-1
6.558559937E1,-7.356586665E-2,-4.234261215E-3,8.355027974E-2,1.114024908E-1
6.559558738E1,-9.896617144E-2,-1.384679139E-2,6.756808519E-2,1.206295273E-1
6.560557538E1,-7.983817488E-2,-2.994359136E-3,4.697360694E-2,9.268020341E-2
6.561556337E1,-6.328207612E-2,4.276361167E-3,5.050006270E-2,8.107505631E-2
6.562555138E1,-4.980132043E-2,1.947239757E-2,2.233051658E-2,5.794823340E-2
6.563553838E1,-1.086032599E-2,2.936442465E-2,2.253224552E-2,3.857354279E-2
6.564552638E1,-2.882677317E-4,1.604680628E-2,4.867222309E-3,1.677119384E-2
6.565551438E1,3.540372133E-2,2.896827579E-2,-5.064273477E-3,4.602424744E-2
6.566550237E1,7.508321911E-2,4.296826422E-2,-4.252913833E-2,9.639755769E-2
6.567549038E1,-2.484715819E-2,-1.195609421E-2,-1.202637774E-1,1.233843815E-1
6.568547838E1,1.323049486E-1,5.201039851E-2,-2.585229456E-2,1.444922908E-1
6.569546637E1,1.948663554E-1,3.757859319E-2,-4.348983586E-2,2.031659739E-1
6.570545438E1,1.274836269E-1,-1.205286562E-2,6.806159019E-4,1.280539337E-1
6.571544238E1,1.401244301E-1,-2.872707814E-2,-4.911076427E-3,1.431230924E-1
6.572543037E1,1.357586065E-1,-1.112140417E-2,-7.562964141E-2,1.558009227E-1
6.573541838E1,9.653694570E-2,7.539984584E-4,-1.038740319E-1,1.418089028E-1
6.574540538E1,7.862926304E-2,-3.578817576E-2,-5.786463082E-2,1.039791808E-1
6.575539338E1,2.362684429E-2,-1.521971762E-2,-3.360628724E-2,4.380924694E-2
6.576538138E1,-1.205666631E-2,8.373797536E-3,-1.181079090E-2,1.884087231E-2
6.577536938E1,-3.906524777E-2,2.287840068E-2,2.657033265E-2,5.249283169E-2
6.578535738E1,-5.769886225E-2,3.536162138E-2,6.435445547E-2,9.338682408E-2
6.579534538E1,-5.140287280E-2,3.102415681E-2,6.589051902E-2,8.914210080E-2
6.580533337E1,-5.800613344E-2,2.953487098E-2,5.595668435E-2,8.583804893E-2
6.581532208E1,-3.611503512E-2,2.830695570E-2,1.442975879E-2,4.810194841E-2
6.582531008E1,-2.518512726E-2,3.086511254E-2,-2.054711580E-3,3.988944280E-2
6.583529808E1,-1.440520048E-2,2.513747245E-2,-9.285378456E-4,2.898731627E-2
6.584528608E1,-2.308334559E-2,3.996221066E-2,2.989096642E-3,4.624666283E-2
6.585527308E1,1.081471771E-2,5.537547112E-2,4.151523113E-5,5.642165049E-2
6.586526108E1,1.550243050E-2,4.555419534E-2,-2.796138525E-3,4.820091758E-2
6.587524908E1,3.883925289E-2,1.543431044E-2,-5.526788235E-3,4.215745357E-2
6.588523708E1,7.453650445E-2,-2.871713787E-2,7.047064304E-3,8.018744053E-2
6.589522508E1,6.546337992E-2,-4.241570234E-2,-5.869435072E-3,7.822401283E-2
6.590521308E1,3.934796065E-2,-5.708665878E-2,-4.577726662E-2,8.308252979E-2
6.591520108E1,-1.285276473E-2,-8.167420059E-2,-1.161315501E-2,8.349092150E-2
6.592518908E1,-6.281546831E-2,-8.349765480E-2,1.325680733E-2,1.053251364E-1
6.593517708E1,-9.202143341E-2,-4.609096974E-2,3.928919613E-2,1.101633452E-1
6.594516508E1,-1.335018736E-1,-1.277616620E-4,7.043614447E-2,1.509437545E-1
6.595515308E1,-1.354256076E-1,2.121135950E-2,1.001768374E-1,1.697804927E-1
6.596514108E1,-1.428094715E-1,1.620029569E-2,1.045581561E-1,1.777340787E-1
6.597512808E1,-9.446761608E-2,2.427383870E-2,6.109580219E-2,1.150914714E-1
6.598511608E1,-6.491754234E-2,2.539065689E-2,3.460323751E-2,7.782259830E-2
6.599510408E1,-5.272171229E-2,2.166422635E-2,1.463908911E-2,5.884913407E-2
6.600509208E1,-2.191010177E-2,-2.911036313E-3,-4.601758718E-4,2.210742983E-2
6.601508008E1,8.953548968E-3,-1.732354581E-2,-2.573885858E-2,3.229179648E-2
6.602506808E1,2.228607774E-2,-5.235655367E-2,-5.144146442E-2,7.670790204E-2
6.603505608E1,3.732628584E-2,-5.602158844E-2,-6.156591833E-2,9.122517353E-2
6.604504408E1,1.260551521E-1,-3.001141906E-2,-6.717456758E-2,1.459555041E-1
6.605503208E1,9.092946589E-2,-5.251267433E-2,-4.428271830E-2,1.139592378E-1
6.606502008E1,1.189525393E-1,-2.577160299E-2,-7.167926252E-2,1.412508364E-1
6.607500808E1,2.038698980E-1,-8.224985898E-3,-4.666078091E-2,2.093031633E-1
6.608499508E1,1.654323488E-1,-2.364000052E-2,-5.386805892E-2,1.755804073E-1
6.609498308E1,1.414897549E-1,-9.480090737E-3,-7.260078371E-2,1.593113199E-1
6.610497108E1,1.310147604E-1,-1.106380910E-2,-8.805438995E-2,1.582430122E-1
6.611495908E1,7.813780457E-2,-7.452276349E-3,-7.404504597E-2,1.079060784E-1
6.612494708E1,5.718021423E-2,3.133522868E-3,-5.071991801E-2,7.649775126E-2
6.613493508E1,5.985560775E-2,1.917448193E-2,-3.158373535E-2,7.034121747E-2
6.614492308E1,6.616913885E-2,2.766025364E-3,-8.388415575E-3,6.675605851E-2
6.615491108E1,5.740737855E-2,1.617690682E-2,-2.653291047E-2,6.527859346E-2
6.616489908E1,4.896867692E-2,1.841229737E-2,-1.920167148E-2,5.572834289E-2
6.617488708E1,6.301105767E-2,1.677653879E-2,-3.979381084E-2,7.638974424E-2
6.618487508E1,6.978301048E-2,1.286679804E-2,-3.066923082E-2,7.730345893E-2
6.619486208E1,4.621171474E-2,5.707174838E-3,-2.239132762E-2,5.166687504E-2
6.620485008E1,4.517178744E-2,-3.515346050E-3,-5.992226601E-3,4.570289726E-2
6.621483808E1,2.919310123E-2,1.823834270E-2,-1.214817524E-2,3.650277339E-2
6.622482608E1,9.713102281E-3,5.376047015E-2,6.092798710E-4,5.463427247E-2
6.623481408E1,-5.098772049E-4,7.545773327E-2,2.289184928E-2,7.885535016E-2
6.624480208E1,-3.190767109E-2,1.140008247E-1,5.329561651E-2,1.298256918E-1
6.625479008E1,-7.125650883E-2,1.152535906E-1,7.581616759E-2,1.552706394E-1
6.626477808E1,-8.244457126E-2,1.289694044E-1,9.294383168E-2,1.790775543E-1
6.627476608E1,-9.644192845E-2,1.143417174E-1,9.010734737E-2,1.746264812E-1
6.628475408E1,-1.103740892E-1,1.142314973E-1,8.175693870E-2,1.786490178E-1
6.629474208E1,-1.239837760E-1,7.632809132E-2,7.911224306E-2,1.657006374E-1
6.630473008E1,-1.068795007E-1,4.339218736E-2,7.216224253E-2,1.360643188E-1
6.631471708E1,-8.548980117E-2,1.467154115E-2,6.465851068E-2,1.081872600E-1
6.632470508E1,-3.383783698E-2,-2.507256836E-2,3.650592148E-2,5.573432693E-2
6.633469308E1,-1.166811883E-2,-4.794892251E-2,-9.238600731E-5,4.934827963E-2
6.634468108E1,1.324423581E-2,-7.060132831E-2,-4.030719638E-2,8.236884983E-2
6.635466908E1,4.259258062E-2,-9.813498974E-2,-4.548315167E-2,1.162468117E-1
6.636465708E1,3.683658153E-2,-1.059649962E-1,-2.465887785E-2,1.148632858E-1
6.637464508E1,4.033643246E-2,-1.252268940E-1,-3.407874227E-2,1.359049795E-1
6.638463308E1,2.163235903E-2,-1.074104279E-1,-3.963944435E-2,1.165171427E-1
6.639462108E1,-4.500309527E-3,-5.878088951E-2,-4.848978996E-2,7.633285982E-2
6.640460908E1,-1.783634663E-2,-3.575747788E-2,-3.420445740E-2,5.259921474E-2
6.641459708E1,-2.649782717E-2,-1.730775833E-4,-2.157973409E-2,3.417381635E-2
6.642458508E1,-3.704532713E-2,4.610529542E-3,6.864046454E-3,3.795692794E-2
6.643457208E1,-3.982450873E-2,2.336430430E-2,1.920050204E-2,5.000541460E-2
6.644456008E1,-2.503368437E-2,2.156891674E-2,3.212226391E-2,4.608409011E-2
6.645454808E1,-4.227536917E-3,2.564296424E-3,1.640319407E-2,1.713220535E-2
6.646453608E1,2.021587104E-2,-1.601786256E-2,3.867933154E-3,2.608091773E-2
6.647452408E1,3.686757177E-2,-3.385333210E-2,-2.708839595E-2,5.691262723E-2
6.648451208E1,3.198836267E-2,-4.751301259E-2,-3.317125440E-2,6.618968069E-2
6.649450008E1,6.514324486E-2,-6.902696550E-2,-2.870924413E-2,9.915939197E-2
6.650448808E1,7.263060451E-2,-5.720974267E-2,-2.929104209E-2,9.698517677E-2
6.651447608E1,5.952757895E-2,-4.758785695E-2,-2.242582619E-2,7.944214540E-2
6.652446408E1,4.560068071E-2,-4.847692609E-2,-2.108856797E-2,6.981519994E-2
6.653445208E1,4.989078283E-2,-2.717873544E-2,-2.840928197E-2,6.352055709E-2
6.654443908E1,4.789483577E-2,2.661067843E-3,-4.531007409E-3,4.818222290E-2
6.655442708E1,4.131759524E-2,2.724217772E-2,-9.356714487E-3,5.036693389E-2
6.656441508E1,2.477406800E-2,2.514536619E-2,7.449352741E-4,3.530720627E-2
6.657440308E1,1.427100688E-2,3.769875348E-2,1.883154273E-2,4.449139976E-2
6.658439108E1,1.219319880E-2,4.515132219E-2,3.750754952E-2,5.995108225E-2
6.659437908E1,1.493378878E-3,4.592841715E-2,7.619506717E-3,4.658010911E-2
6.660436708E1,1.649207175E-3,5.442062080E-2,5.718576908E-4,5.444860764E-2
6.661435508E1,1.132108659E-2,5.008637220E-2,-8.588975072E-3,5.206325167E-2
6.662434308E1,4.720457196E-3,4.506682992E-2,-1.717327237E-3,4.534590486E-2
6.663433108E1,-1.930048943E-2,4.848481983E-2,-1.102784872E-2,5.333760487E-2
6.664431908E1,-2.499158442E-2,2.325262249E-2,1.286387444E-2,3.647935046E-2
6.665430708E1,-3.535343528E-2,-5.230334401E-4,4.333313048E-2,5.592762419E-2
6.666429408E1,-1.667245835E-2,-3.672314554E-2,4.792436421E-2,6.263629117E-2
6.667428208E1,-9.925063848E-3,-3.831007987E-2,4.936102509E-2,6.326673621E-2
6.668427008E1,-1.697739065E-3,-3.366154343E-2,1.941918790E-2,3.889841491E-2
6.669425808E1,-1.176927567E-2,-5.075324714E-2,-7.010811567E-3,5.256956747E-2
6.670424608E1,1.767613292E-3,-4.349188238E-2,-7.180965543E-3,4.411614847E-2
6.671423408E1,-1.626227617E-2,-3.590599716E-2,-2.659547567E-2,4.755020068E-2
6.672422208E1,-5.056672096E-3,-1.561440468E-2,-2.406713963E-3,1.658830426E-2
6.673421008E1,-1.635027677E-2,4.775128663E-3,1.261185944E-2,2.119415964E-2
6.674419808E1,1.406255364E-3,5.294069052E-2,1.413388968E-2,5.481296474E-2
6.675418608E1,6.129636168E-3,4.868099391E-2,3.904770613E-3,4.922051241E-2
6.676417408E1,1.227038205E-3,4.547788918E-2,-7.979110479E-3,4.618885397E-2
6.677416108E1,3.659479916E-3,6.707574964E-2,4.987674952E-4,6.717735297E-2
6.678414908E1,-7.711308002E-3,7.161523551E-2,1.282937586E-2,7.316282603E-2
6.679413708E1,1.951508224E-3,4.140793473E-2,4.033409357E-3,4.164965586E-2
6.680412508E1,4.046828717E-2,2.536697567E-2,-7.400236130E-3,4.833145162E-2
6.681411283E1,5.054157794E-2,-3.703334033E-3,-4.616376758E-3,5.088690124E-2
6.682410083E1,7.550246447E-2,-4.592812479E-2,-1.415493965E-2,8.950071008E-2
6.683408883E1,7.334338009E-2,-5.783978015E-2,-3.211758614E-2,9.877363469E-2
6.684407683E1,5.141398251E-2,-4.381552577E-2,-5.555030286E-2,8.745875625E-2
6.685406483E1,4.045396149E-2,-3.519263685E-2,-3.914652407E-2,6.638896772E-2
6.686405283E1,2.485885262E-2,-1.834797800E-2,-1.886896491E-2,3.620288230E-2
6.687404083E1,-8.241065741E-3,-1.008235395E-2,9.965994358E-3,1.639786783E-2
6.688402883E1,1.216133147E-2,-3.178312540E-2,2.721294165E-2,4.357303336E-2
6.689401583E1,-1.127372414E-2,-7.190905809E-3,1.637220383E-2,2.113894606E-2
6.690400383E1,-8.187797606E-2,3.215968609E-6,-2.704337239E-3,8.192262455E-2
6.691399183E1,1.485075831E-2,4.743582934E-2,5.672968626E-2,7.542519626E-2
6.692397983E1,-3.184744477E-2,4.008675635E-2,2.406363130E-2,5.657089467E-2
6.693396783E1,-5.251559794E-2,3.595920682E-2,7.222831607E-2,9.626984068E-2
6.694395583E1,-3.558556974E-2,3.850508451E-2,4.648653388E-2,7.007119336E-2
6.695394383E1,-1.229523271E-2,3.899011105E-2,1.008586228E-2,4.210850419E-2
6.696393183E1,-2.048279643E-3,2.167182773E-2,-2.410982430E-2,3.248302933E-2
6.697391983E1,-1.640494823E-2,1.472358137E-2,-3.229709566E-2,3.910253908E-2
6.698390783E1,5.513515055E-2,2.285384238E-2,-8.162713051E-3,6.023962834E-2
6.699389583E1,6.626035541E-2,2.402591676E-2,1.350063622E-2,7.176312809E-2
6.700388383E1,4.939435422E-2,7.031861544E-3,1.643243015E-2,5.252879274E-2
6.701387083E1,4.746184945E-2,2.774503827E-3,-7.254640460E-3,4.809318905E-2
6.702385883E1,4.575036943E-2,-1.218384326E-2,-3.670238793E-2,5.990498827E-2
6.703384683E1,3.969850123E-2,2.880338430E-3,-5.846513987E-2,7.072792892E-2
6.704383483E1,5.135141730E-2,-1.450284898E-2,-5.642796993E-2,7.766219465E-2
6.705382283E1,3.468685269E-2,-2.190162331E-2,-3.323966682E-2,5.279899908E-2
6.706381083E1,2.649490356E-2,-3.331889659E-2,-1.882511079E-2,4.654582238E-2
6.707379883E1,2.422062904E-2,-3.016140014E-2,6.278155446E-3,3.918882704E-2
6.708378683E1,3.923423231E-2,-5.733984321E-2,5.207822621E-2,8.682928221E-2
6.709377483E1,3.133405924E-2,-4.290043652E-2,1.883972883E-2,5.636671096E-2
6.710376283E1,4.478002399E-2,-4.656605601E-2,-1.577988088E-2,6.650302822E-2
6.711375083E1,3.709473610E-2,-1.185464501E-2,-6.055376530E-3,3.941090762E-2
6.712373883E1,2.435511500E-2,3.367353022E-2,-1.271009266E-2,4.345831013E-2
6.713372583E1,9.443253279E-3,3.187960446E-2,-6.034326553E-3,3.379197109E-2
6.714371383E1,-9.839109778E-3,6.098909050E-2,1.229377091E-2,6.298899939E-2
6.715370183E1,-2.479657978E-2,5.872037083E-2,2.828064322E-2,6.973340018E-2
6.716368983E1,-4.729958922E-2,3.168372273E-2,2.727375269E-2,6.312659513E-2
6.717367783E1,-6.172642440E-2,3.577472717E-2,3.998676896E-2,8.178584391E-2
6.718366583E1,-5.424228072E-2,3.945759594E-2,4.180876136E-2,7.903859451E-2
6.719365383E1,-5.908436000E-2,3.643663198E-2,2.844085693E-2,7.501647879E-2
6.720364183E1,-5.121342301E-2,1.905373693E-2,3.238948166E-2,6.352116269E-2
6.721362983E1,-3.827879727E-2,-1.013731778E-2,1.718145847E-2,4.316519486E-2
6.722361783E1,-3.334433198E-2,3.549552262E-3,2.434312820E-2,4.143708107E-2
6.723360583E1,-4.397983253E-3,1.536648273E-3,2.273397446E-3,5.183809464E-3
6.724359283E1,4.340885192E-2,-1.663591325E-2,-1.893562317E-2,5.019601438E-2
6.725358083E1,7.000666648E-2,-3.768325835E-2,-3.159659922E-2,8.555294498E-2
6.726356883E1,9.425126910E-2,-2.365198731E-2,-3.395127296E-2,1.029339942E-1
6.727355683E1,8.330177307E-2,-2.806020319E-2,-4.186489463E-2,9.736133628E-2
6.728354483E1,7.946190655E-2,-2.376483858E-2,-3.552417397E-2,9.022709727E-2
6.729353283E1,5.665571898E-2,-1.136406362E-3,-2.552485049E-2,6.215046183E-2
6.730352083E1,6.386709005E-2,9.176620245E-3,-4.058961689E-2,7.622816113E-2
6.731350883E1,4.864123285E-2,1.850468338E-2,-3.451903760E-2,6.244963408E-2
6.732349683E1,3.840246588E-2,3.195240229E-2,-2.519272864E-2,5.594978976E-2
6.733348483E1,1.236686110E-4,3.382526547E-2,-1.916132569E-3,3.387972022E-2
6.734347283E1,-1.562609911E-2,3.236141503E-2,-9.980027676E-3,3.729660988E-2
6.735346083E1,-1.512586981E-2,2.360111654E-2,-1.446191847E-2,3.154285538E-2
6.736344783E1,1.621579081E-2,-3.639599383E-3,5.437910557E-5,1.661931143E-2
6.737343583E1,2.902674794E-2,-3.334667087E-2,-1.146638989E-2,4.567308454E-2
6.738342383E1,3.231112897E-2,-3.838053882E-2,-3.912079632E-2,6.362005596E-2
6.739341183E1,4.275951862E-2,-4.695401877E-2,-1.062965333E-2,6.438979610E-2
6.740339983E1,2.754097044E-2,-4.351556361E-2,-1.219904602E-2,5.292377587E-2
6.741338783E1,5.719746351E-3,-2.845255136E-2,-1.282177448E-2,3.172792269E-2
6.742337583E1,-1.334276140E-2,-1.732149929E-2,3.385537863E-4,2.186728694E-2
6.743336383E1,-2.931179971E-2,1.653592587E-3,3.317125440E-2,4.429726954E-2
6.744335183E1,-5.637534499E-2,2.182180882E-3,5.942642212E-2,8.194169319E-2
6.745333983E1,-5.891099006E-2,1.641956627E-2,7.196285248E-2,9.443918172E-2
6.746332783E1,-4.540450662E-2,1.393654615E-2,5.646129906E-2,7.378126342E-2
6.747331583E1,-4.765071452E-2,6.632496715E-3,5.167944610E-2,7.060698093E-2
6.748330283E1,-7.299927145E-2,1.439642966E-2,2.370285809E-2,7.808954028E-2
6.749329083E1,-4.650027484E-2,1.998432130E-2,1.517352462E-3,5.063547192E-2
6.750327883E1,-6.990755618E-2,2.373355597E-2,1.683121026E-2,7.572078795E-2
6.751326683E1,-3.292245537E-2,1.816788375E-2,3.091072083E-2,4.867681922E-2
6.752325483E1,-2.863966227E-2,1.407483280E-2,4.089191794E-2,5.186983831E-2
6.753324283E1,-9.460794926E-4,1.431310683E-2,1.549804509E-2,2.111751631E-2
6.754323083E1,1.880698442E-2,1.748609841E-2,-5.587599277E-3,2.628093542E-2
6.755321883E1,2.625750661E-2,2.872327745E-2,-2.180894494E-2,4.461068706E-2
6.756320683E1,5.761232346E-2,3.341391385E-2,-3.515813828E-2,7.531111565E-2
6.757319483E1,5.330146372E-2,4.682157934E-3,-2.545936167E-2,5.925493848E-2
6.758318283E1,1.039295805E-1,2.113914639E-2,-2.690888643E-2,1.094180487E-1
6.759317083E1,1.068137196E-1,-3.424421847E-3,-2.537165344E-2,1.098390557E-1
6.760315883E1,7.391611487E-2,-1.096937656E-2,-2.117569149E-2,7.766807046E-2
6.761314583E1,8.354209363E-2,1.262413859E-3,-4.958789706E-2,9.715881140E-2
6.762313383E1,5.562134653E-2,8.235218525E-3,-4.335593462E-2,7.100204280E-2
6.763312183E1,2.491849422E-2,2.600958467E-2,-3.377000928E-2,4.937452152E-2
6.764310983E1,1.111263335E-2,1.698908508E-2,-1.482386112E-2,2.513695467E-2
6.765309783E1,2.309913307E-2,1.020865381E-2,1.101030707E-3,2.527842618E-2
6.766308583E1,3.265319109E-2,1.290480494E-2,-1.039050221E-3,3.512612282E-2
6.767307383E1,8.232002556E-3,2.024539948E-2,-4.825122356E-3,2.238132864E-2
6.768306183E1,8.535473049E-3,1.183534920E-2,2.771580219E-4,1.459474589E-2
6.769304983E1,-2.507432252E-2,1.253467619E-2,-1.695107818E-3,2.808403724E-2
6.770303783E1,-2.879695237E-2,1.310010195E-2,1.552962005E-2,3.524267634E-2
6.771302583E1,-5.023050606E-2,-1.325271428E-2,4.027912974E-2,6.573542780E-2
6.772301383E1,-4.163685322E-2,-1.801264018E-2,5.781960726E-2,7.349278696E-2
6.773300083E1,-5.391220540E-2,-2.081521064E-2,2.704921961E-2,6.380798670E-2
6.774298883E1,-5.486764044E-2,-3.630390018E-2,2.692818224E-2,7.108838256E-2
6.775297683E1,-5.773482263E-2,-3.257308424E-2,2.096694589E-2,6.952645813E-2
6.776296483E1,-4.114276350E-2,-3.162232697E-2,-5.854232311E-3,5.222040393E-2
6.777295283E1,-3.854104489E-2,-1.114800900E-2,5.023342967E-3,4.043419618E-2
6.778294083E1,-8.022379875E-4,-1.364096940E-2,2.592246115E-2,2.930347461E-2
6.779292883E1,1.412014872E-2,-1.518434197E-2,2.658787429E-2,3.371732344E-2
6.780291683E1,1.002797484E-2,-3.193456829E-2,3.063356280E-2,4.537391432E-2
6.781290421E1,2.338593900E-2,-6.798557639E-3,2.300996304E-2,3.350493886E-2
6.782289221E1,2.335962653E-2,-1.391754270E-2,1.064193249E-4,2.719156986E-2
6.783288021E1,4.609564751E-2,1.229435563E-2,-3.435706973E-2,5.879088484E-2
6.784286821E1,3.871558428E-2,6.719620228E-3,-2.684339762E-2,4.758800014E-2
6.785285521E1,5.357248217E-2,1.138014346E-2,-3.251227319E-2,6.369118007E-2
6.786284321E1,5.485302240E-2,9.083649516E-3,-3.031430483E-2,6.332711767E-2
6.787283121E1,5.787866414E-2,3.555107117E-2,-2.053191304E-2,7.096039654E-2
6.788281921E1,5.346635520E-2,3.342648536E-2,-2.041379929E-2,6.627747931E-2
6.789280721E1,4.080596387E-2,1.121466726E-2,-2.462613344E-2,4.896265820E-2
6.790279521E1,1.858245134E-2,-1.000458598E-2,-4.313958764E-2,4.802523566E-2
6.791278321E1,8.740037888E-2,3.040522903E-2,1.404442728E-2,9.359781044E-2
6.792277121E1,4.083666176E-2,7.752530873E-3,5.326813459E-3,4.190596163E-2
6.793275921E1,1.015778303E-2,4.934465289E-3,3.497745931E-2,3.675530116E-2
6.794274721E1,1.042032301E-2,-1.110970974E-4,7.779720426E-3,1.300459627E-2
6.795273521E1,1.619678736E-4,1.219319880E-2,-3.541950881E-2,3.745987100E-2
6.796272321E1,1.158918142E-2,-2.806663513E-5,-8.170899153E-3,1.418003903E-2
6.797271021E1,-8.894492090E-3,-2.009804964E-2,-1.306034088E-2,2.556591662E-2
6.798269821E1,-8.115350604E-3,-8.192533851E-3,1.120092630E-2,1.607598446E-2
6.799268621E1,-5.646071434E-3,-8.812046349E-3,5.429139733E-3,1.179007386E-2
6.800267421E1,9.358468652E-4,2.024890780E-3,8.189610243E-3,8.487974314E-3
6.801266221E1,-9.368993640E-3,1.602429450E-3,3.300987124E-2,3.435109054E-2
6.802265021E1,-1.803310543E-2,9.628902376E-3,3.137849808E-2,3.745021754E-2
6.803263821E1,-7.604888678E-3,2.268953562E-2,1.981153607E-2,3.106680415E-2
6.804262621E1,-1.394560933E-3,2.665804088E-2,7.753407955E-3,2.779768477E-2
6.805261421E1,-2.393557727E-2,2.554209977E-2,2.109207630E-2,4.086791410E-2
6.806260221E1,3.732862473E-3,1.890492529E-2,1.721303344E-2,2.583832391E-2
6.807259021E1,-1.146317393E-2,6.862877011E-3,7.756331563E-3,1.544875777E-2
6.808257821E1,7.065483034E-3,1.429731935E-2,-4.629240632E-3,1.660615127E-2
6.809256621E1,2.176801443E-2,1.046534657E-2,2.210247517E-4,2.415406349E-2
6.810255321E1,4.441749662E-2,-1.511037469E-2,-1.391169548E-2,4.893641487E-2
6.811254121E1,3.447606057E-2,-1.155497521E-2,-2.324151278E-2,4.315419007E-2
6.812252921E1,3.646879166E-2,-1.348397166E-2,-2.541082978E-2,4.644890233E-2
6.813251721E1,5.023342967E-2,-2.632065654E-2,-1.462739468E-2,5.856735517E-2
6.814250521E1,4.347609490E-2,-4.637134373E-2,-2.083947659E-2,6.689361802E-2
6.815249321E1,3.867699265E-2,-4.221748173E-2,-2.239717484E-2,6.148055762E-2
6.816248121E1,1.485134304E-2,-1.810561091E-2,-1.540448964E-2,2.802987401E-2
6.817246921E1,1.145820379E-2,8.052785397E-3,-1.183301032E-2,1.833460989E-2
6.818245721E1,-1.370762765E-2,1.810824215E-2,1.666047156E-2,2.816698071E-2
6.819244521E1,-3.285287350E-2,1.864092350E-2,2.161189377E-2,4.351860842E-2
6.820243321E1,-5.913698494E-2,4.384943962E-2,4.959666789E-2,8.876815763E-2
6.821242121E1,-4.452186942E-2,3.083178341E-2,4.193564594E-2,6.849375246E-2
6.822240821E1,-2.926005185E-2,3.516632438E-2,4.264432847E-2,6.254086468E-2
6.823239621E1,-3.133815229E-2,3.093498677E-2,3.366125107E-2,5.542682581E-2
6.824238421E1,-9.415771365E-3,2.709073484E-2,6.281663775E-3,2.936024462E-2
6.825237221E1,2.019628286E-2,2.109032214E-2,9.163171649E-3,3.060482387E-2
6.826236021E1,2.268134952E-2,1.027882040E-2,-6.153025031E-3,2.565068189E-2
6.827234821E1,2.723574579E-2,-1.665257782E-2,-1.981153607E-2,3.757114795E-2
6.828233621E1,5.205045193E-2,9.078387022E-3,-3.881440222E-2,6.556084561E-2
6.829232421E1,2.915538669E-2,-1.916132569E-2,-2.471559584E-2,4.275574409E-2
6.830231221E1,2.708488762E-2,-9.222813249E-3,-1.670140207E-2,3.312986950E-2
6.831230021E1,3.828172088E-2,-2.770995498E-3,-8.314155936E-3,3.927204805E-2
6.832228821E1,4.590298176E-2,-2.386716485E-2,-9.738537669E-3,5.264564947E-2
6.833227621E1,2.892091334E-2,-3.105426997E-2,-9.736198783E-3,4.353826453E-2
6.834226321E1,1.844825774E-2,-1.942035735E-2,-2.192004204E-2,3.461180053E-2
6.835225121E1,1.310214847E-2,-3.016695499E-2,-2.569792807E-2,4.173841127E-2
6.836223921E1,1.862659782E-2,-7.134187818E-3,-2.259013295E-2,3.013570787E-2
6.837222721E1,3.742802739E-3,-3.993063569E-3,-1.548342705E-2,1.642223012E-2
6.838221521E1,-9.190653563E-3,1.901806891E-2,2.166978121E-3,2.123324874E-2
6.839220321E1,-1.843451679E-2,2.558390737E-2,1.431866169E-2,3.463223640E-2
6.840219121E1,-3.287889361E-2,4.324542224E-2,1.480631948E-2,5.630644090E-2
6.841217921E1,-3.527859092E-2,3.735055178E-2,2.377594829E-2,5.661217548E-2
6.842216721E1,-3.311921418E-2,4.552642107E-2,5.107308984E-2,7.601314274E-2
6.843215521E1,-2.072516352E-2,5.383063674E-2,1.077875733E-2,5.868092931E-2
6.844214321E1,1.569480389E-2,1.732646942E-2,1.927827001E-3,2.345740669E-2
6.845213121E1,1.225927234E-2,-1.600382924E-3,2.625399828E-3,1.263897575E-2
6.846211821E1,4.755774379E-2,3.565047383E-3,-3.208016396E-2,5.747682556E-2
6.847210621E1,3.481490672E-2,-1.211367667E-2,-4.608541489E-2,5.901427249E-2
6.848209421E1,3.497424334E-2,-2.056962758E-2,-5.951646924E-2,7.203136391E-2
6.849208221E1,6.313677281E-2,-1.861519575E-2,-3.302799761E-2,7.364527290E-2
6.850207021E1,4.578837633E-2,-4.368016273E-2,-3.859162331E-4,6.328254858E-2
6.851205821E1,2.976642072E-2,-2.627124757E-2,-1.306852698E-3,3.972311815E-2
6.852204621E1,8.145171404E-4,-3.819401264E-3,-9.700530767E-3,1.045712969E-2
6.853203421E1,1.285539597E-2,-1.514575034E-2,8.973721862E-3,2.179868444E-2
6.854202221E1,-2.029568553E-2,1.315652758E-2,1.970511675E-2,3.119776747E-2
6.855201021E1,-4.177630931E-2,5.442705274E-2,3.535635889E-2,7.718572538E-2
6.856199821E1,-2.239746720E-2,2.469513059E-2,4.713148177E-2,5.773103658E-2
6.857198621E1,-3.852057964E-2,2.749477744E-2,4.190524042E-2,6.321271246E-2
6.858197421E1,-3.099053532E-2,4.188009739E-2,2.001969695E-2,5.581347600E-2
6.859196121E1,-3.277072012E-3,1.977791458E-2,-8.338129520E-3,2.171242755E-2
6.860194921E1,-1.446688861E-2,2.374554276E-2,-1.438531995E-2,3.130621499E-2
6.861193721E1,5.009309649E-3,2.619026363E-2,-1.124770403E-2,2.894017861E-2
6.862192521E1,2.151892304E-2,1.551090896E-2,1.494489849E-2,3.044671307E-2
6.863191321E1,4.739314467E-2,-2.456415296E-3,6.902053356E-3,4.795604736E-2
6.864190121E1,5.374936044E-2,-7.548755407E-3,3.461551666E-4,5.427796311E-2
6.865188921E1,5.111372799E-2,1.106410146E-2,-1.972382784E-2,5.589326359E-2
6.866187721E1,7.724727362E-2,-1.768782735E-3,-4.519312978E-2,8.951362384E-2
6.867186521E1,5.839731216E-2,-3.255671203E-2,-3.859454691E-2,7.719925270E-2
6.868185321E1,4.492298841E-2,-3.094668120E-2,-3.464416802E-2,6.462190297E-2
6.869184121E1,5.044743776E-2,-4.037970185E-2,-1.241597772E-2,6.579985411E-2
6.870182921E1,4.482914060E-2,-2.902879447E-2,7.725926042E-3,5.396306782E-2
6.871181621E1,3.785341233E-2,-3.036283672E-2,-4.065569043E-3,4.869611412E-2
6.872180421E1,2.636012524E-2,-3.879861474E-2,-3.241813302E-2,5.701862904E-2
6.873179221E1,1.030133218E-2,-3.726138175E-2,-1.908063412E-2,4.311146730E-2
6.874178021E1,2.344733477E-3,-1.577578783E-2,2.023136616E-3,1.607688833E-2
6.875176821E1,4.059721828E-3,-8.376428783E-3,3.869570374E-2,3.979954006E-2
6.876175621E1,4.689466953E-4,-1.352928758E-2,5.002877712E-2,5.182798543E-2
6.877174421E1,2.707436264E-2,-9.981489480E-3,6.113205492E-2,6.760014337E-2
6.878173221E1,2.444808573E-2,-1.202216774E-2,5.823242068E-2,6.429040544E-2
6.879172021E1,-2.598970413E-2,-3.756222099E-2,-3.640827298E-2,5.841187814E-2
6.880170821E1,1.960279047E-2,-3.497365862E-2,9.510496259E-3,4.120528766E-2
6.881169621E1,2.805377126E-2,2.693578362E-2,-1.002855957E-2,4.016369665E-2
6.882168413E1,-1.491595477E-2,8.452851892E-2,-8.725215197E-3,8.627679640E-2
6.883167213E1,-6.962191969E-2,6.526135862E-2,3.201701403E-2,1.006545867E-1
6.884165912E1,-1.447981095E-1,8.344678402E-2,2.737724841E-2,1.693498510E-1
6.885164713E1,-1.033553839E-1,6.582415313E-2,-9.777714014E-3,1.229258240E-1
6.886163513E1,-5.848063499E-2,4.766270131E-2,1.534250915E-2,7.698772858E-2
6.887162312E1,-2.717902780E-2,3.809753358E-2,2.994008303E-2,5.555654947E-2
6.888161113E1,-1.842253000E-2,3.375012875E-3,-9.691175222E-3,2.108789227E-2
6.889159913E1,8.803626359E-2,-4.244610786E-2,2.530850351E-2,1.009582891E-1
6.890158713E1,1.129293224E-1,-4.024316937E-2,1.346087515E-2,1.206388814E-1
6.891157513E1,9.790285528E-2,-2.936325520E-2,-2.420747280E-4,1.022116844E-1
6.892156313E1,6.069263667E-2,-1.953028500E-2,-6.166882932E-2,8.870215718E-2
6.893155113E1,3.910734773E-2,1.333691418E-2,-9.243980169E-2,1.012540116E-1
6.894153913E1,3.486285388E-2,1.151843011E-2,-6.831652880E-2,7.755798425E-2
6.895152713E1,-5.516847968E-3,1.936159283E-2,-5.489950776E-2,5.847446315E-2
6.896151513E1,2.214340568E-3,1.279780090E-2,-1.256683588E-2,1.807242031E-2
6.897150213E1,-2.990266085E-3,-1.089920998E-3,9.618085027E-3,1.013100087E-2
6.898149012E1,-1.064690262E-2,4.219935536E-3,4.121643841E-2,4.277802224E-2
6.899147813E1,-3.012924045E-2,9.334495068E-3,4.805007935E-2,5.747794406E-2
6.900146613E1,-4.787027746E-2,1.340708077E-2,4.829098463E-2,6.930607820E-2
6.901145412E1,-3.794726014E-2,6.101569533E-3,3.892725348E-2,5.470424816E-2
6.902144213E1,-3.737218648E-2,-4.478674829E-3,3.365189552E-2,5.048949319E-2
6.903143013E1,-4.089805752E-2,-1.369300961E-2,6.934797764E-3,4.368341838E-2
6.904141812E1,-8.261238635E-3,-3.370919824E-4,2.723048329E-3,8.704980585E-3
6.905140613E1,1.826611698E-2,-5.257816315E-3,-7.949289680E-3,2.060307910E-2
6.906139413E1,1.875757545E-2,-3.147556186E-2,-2.093946397E-2,4.220211822E-2
6.907138213E1,-7.551094294E-3,-2.956381470E-2,2.371279836E-2,3.864369251E-2
6.908137013E1,2.981758386E-2,1.861197978E-2,-3.063122392E-2,4.662366328E-2
6.909135813E1,-1.779600084E-2,-1.321938515E-2,-2.022727311E-2,3.000987116E-2
6.910134513E1,9.613261074E-2,4.459408253E-2,3.392846882E-2,1.112710746E-1
6.911133313E1,5.388092279E-2,-8.536934853E-4,5.342016220E-3,5.415182149E-2
6.912132112E1,2.800553173E-2,1.998549074E-2,1.578806698E-2,3.785489013E-2
6.913130913E1,2.865544975E-2,1.397659957E-2,1.425141871E-2,3.492252956E-2
6.914129713E1,3.164308459E-2,2.177356929E-2,-5.405458510E-2,6.631192421E-2
6.915128512E1,4.518611312E-2,1.276681066E-2,-2.168498397E-2,5.172054527E-2
6.916127313E1,1.880639970E-2,1.986883879E-3,3.709473610E-3,1.927144447E-2
6.917126113E1,3.592061520E-2,-1.230546534E-3,-3.836942911E-3,3.614591224E-2
6.918124912E1,2.284945697E-2,2.237203181E-2,3.552768230E-3,3.217495381E-2
6.919123713E1,1.301268607E-2,2.748396009E-2,8.102486730E-3,3.146980064E-2
6.920122513E1,4.554396272E-3,2.953954875E-2,2.676036716E-2,4.011788524E-2
6.921121313E1,-2.624581218E-2,2.142273635E-2,2.337833762E-2,4.116215446E-2
6.922120013E1,-1.629326642E-2,2.538393259E-2,5.310441256E-3,3.062703627E-2
6.923118812E1,-1.437654912E-2,2.592129171E-2,-1.524661481E-2,3.333253354E-2
6.924117613E1,-9.014360011E-3,2.273017377E-2,7.265165448E-3,2.550886346E-2
6.925116413E1,4.021422565E-3,-5.064565837E-3,2.899575770E-2,2.970817448E-2
6.926115212E1,1.142516702E-2,-1.368745476E-2,2.638439119E-2,3.184363292E-2
6.927114013E1,-9.571892023E-4,-4.024053812E-2,-3.040552139E-4,4.025306906E-2
6.928112813E1,3.030027151E-3,-5.304155499E-2,-2.316199064E-2,5.795744500E-2
6.929111612E1,1.471773416E-2,-4.091179848E-2,-2.836308897E-2,5.191196171E-2
6.930110413E1,8.715859652E-3,-4.827899784E-2,-3.598844290E-2,6.084402899E-2
6.931109213E1,-1.390555590E-2,-4.431517035E-2,-8.612363935E-3,4.723739642E-2
6.932108012E1,-1.798895895E-2,-8.020333350E-3,1.251947343E-2,2.333807204E-2
6.933106813E1,-9.076632857E-3,1.733407080E-3,1.212478638E-2,1.524468461E-2
6.934105613E1,-2.437938094E-2,1.220460087E-2,1.142370522E-2,2.956023576E-2
6.935104313E1,-5.857506752E-2,2.881858706E-2,-4.561412930E-3,6.543971259E-2
6.936103113E1,-6.755609840E-2,4.218707621E-2,-2.026352584E-2,8.218385675E-2
6.937101912E1,-6.681788743E-2,4.461133182E-2,6.579287052E-3,8.061071904E-2
6.938100713E1,-4.637105137E-2,-1.798340410E-2,5.879960060E-2,7.701344207E-2
6.939099513E1,9.636854589E-2,6.637729973E-2,2.470740974E-2,1.195963990E-1
6.940098312E1,1.476527202E-1,3.604691505E-2,5.613327026E-3,1.520927852E-1
6.941097113E1,1.967482817E-1,7.385033369E-4,-4.292031705E-2,2.013767250E-1
6.942095913E1,2.196848622E-1,-1.630174488E-2,-9.075463414E-2,2.382511053E-1
6.943094712E1,2.299788854E-1,-1.218559742E-3,-1.304882187E-1,2.644219125E-1
6.944093513E1,2.059199318E-1,6.857029796E-3,-1.164800441E-1,2.366804552E-1
6.945092313E1,1.649297807E-1,8.062433302E-3,-9.216615200E-2,1.891069405E-1
6.946091112E1,1.254873875E-1,3.374018848E-2,-6.019065320E-2,1.432075398E-1
6.947089913E1,7.222568482E-2,6.590689123E-3,-3.413779914E-2,8.015844348E-2
6.948088613E1,4.132373482E-2,-2.403497994E-3,4.239816070E-3,4.161014182E-2
6.949087413E1,-3.087622225E-3,9.181590378E-3,2.326139331E-2,2.519776640E-2
6.950086213E1,-3.808350027E-2,1.657568693E-2,9.552011490E-3,4.261862637E-2
6.951085012E1,-5.222352952E-2,3.778763115E-2,-9.971841574E-3,6.522759943E-2
6.952083813E1,-8.402712017E-2,3.015730709E-2,-2.252288997E-2,9.207225786E-2
6.953082613E1,-1.090002859E-1,3.086072713E-2,1.394443989E-2,1.141398011E-1
6.954081412E1,-9.745612800E-2,5.437910557E-4,4.261041462E-2,1.063655961E-1
6.955080213E1,-7.861259848E-2,-1.994572967E-2,6.349082172E-2,1.029993069E-1
6.956079013E1,-5.722933084E-2,-3.401763886E-2,6.137997687E-2,9.055328609E-2
6.957077812E1,-5.531495243E-2,-3.969440818E-2,4.691688895E-2,8.268364090E-2
6.958076613E1,-5.384086937E-2,-4.033087760E-2,4.693910837E-2,8.202864620E-2
6.959075413E1,-5.338741779E-2,-5.069945276E-2,2.683462679E-2,7.836292544E-2
6.960074212E1,-2.715388477E-2,-6.408782244E-2,1.505833447E-2,7.121331252E-2
6.961072913E1,-3.241842538E-2,-4.856551141E-2,1.257677615E-2,5.973054914E-2
6.962071713E1,-3.206583828E-2,-4.376319319E-2,7.373923659E-3,5.475225852E-2
6.963070513E1,-2.578358978E-2,-3.136504948E-2,9.951376319E-3,4.180418306E-2
6.964069313E1,-3.330047786E-2,6.144546568E-3,1.978697777E-2,3.921991545E-2
6.965068113E1,-3.786656857E-2,1.831523359E-2,2.799354494E-2,5.052685775E-2
6.966066913E1,-3.899654299E-2,4.087262213E-2,2.278893828E-2,6.091500072E-2
6.967065713E1,-3.625858426E-2,4.836875260E-2,3.787007689E-2,7.133276866E-2
6.968064512E1,-2.184519768E-2,4.959637552E-2,4.363367736E-2,6.957665504E-2
6.969063313E1,-1.270219892E-2,4.890435755E-2,2.654752851E-2,5.707673182E-2
6.970062113E1,7.363398671E-3,4.030105680E-2,-2.776842713E-3,4.106221712E-2
6.971060912E1,2.003694624E-2,2.272257239E-2,-2.008050799E-2,3.634585687E-2
6.972059713E1,1.507032126E-2,4.913415313E-2,-3.060140312E-2,5.981409081E-2
6.973058513E1,4.278466165E-2,2.724363953E-2,-3.013362586E-2,5.899812349E-2
6.974057213E1,5.201449156E-2,-6.739500761E-3,-3.875885367E-2,6.521638552E-2
6.975056013E1,5.898378789E-2,-2.203464746E-2,-3.625390649E-2,7.265644265E-2
6.976054813E1,8.581929177E-2,-3.627904952E-2,-4.817520976E-2,1.048902813E-1
6.977053613E1,7.864885122E-2,-3.592821658E-2,-4.695431113E-2,9.839301742E-2
6.978052413E1,5.273077548E-2,-3.150245905E-2,-3.337005973E-2,6.990350846E-2
6.979051213E1,5.804063201E-2,-1.990976930E-2,-2.732053041E-2,6.716788860E-2
6.980050013E1,3.388870776E-2,-1.616755128E-4,-2.484481931E-2,4.202065800E-2
6.981048813E1,2.396481335E-2,9.992014468E-3,2.316082120E-3,2.606754435E-2
6.982047650E1,3.658778250E-2,1.451103508E-2,2.819235027E-2,4.841533415E-2
6.983046450E1,2.899926603E-2,1.982439995E-2,2.388178289E-2,4.247709756E-2
6.984045250E1,8.532841802E-3,-2.034831047E-4,1.322172403E-2,1.573736894E-2
6.985044050E1,2.686795592E-4,8.883674741E-3,-7.324222326E-3,1.151677465E-2
6.986042850E1,3.508329391E-4,2.296903253E-2,-1.002271235E-2,2.506300664E-2
6.987041650E1,4.949375689E-3,1.008644700E-4,-2.344265699E-2,2.395964650E-2
6.988040350E1,-1.088634610E-2,2.515004396E-2,-3.080897927E-3,2.757769343E-2
6.989039150E1,8.257437944E-3,2.537633121E-2,1.327902675E-2,2.980731485E-2
6.990037950E1,2.397358418E-5,5.567134023E-3,2.767779529E-2,2.823214317E-2
6.991036750E1,-2.086871266E-2,1.519398987E-3,3.727950811E-2,4.275012827E-2
6.992035550E1,-2.422472209E-2,-1.449904829E-2,2.658319652E-2,3.877790478E-2
6.993034350E1,-3.179481983E-2,-3.300256222E-2,1.354039729E-2,4.778516548E-2
6.994033150E1,-9.961901307E-3,-3.801830381E-2,4.284254909E-3,3.953461449E-2
6.995031950E1,-2.492989630E-2,-1.888329059E-2,-4.744430780E-3,3.163207259E-2
6.996030750E1,-4.154095888E-2,4.797640443E-3,-7.753992677E-3,4.252990737E-2
6.997029550E1,-5.992314309E-2,2.093186259E-2,2.421273530E-2,6.793513450E-2
6.998028350E1,-9.679334611E-2,7.720078826E-3,5.075617075E-2,1.095661459E-1
6.999027150E1,-7.214791685E-2,3.003539264E-2,5.383356035E-2,9.489730732E-2
7.000025850E1,-2.689251423E-2,7.024757177E-2,2.863732338E-2,8.048617863E-2
7.001024650E1,2.918579221E-2,3.773909926E-2,4.158949077E-2,6.329088262E-2
7.002023450E1,7.578283846E-2,2.383705169E-2,7.384448647E-3,7.978579899E-2
7.003022250E1,1.253862306E-1,-9.222520888E-3,-2.570962250E-2,1.283267175E-1
7.004021050E1,1.759327787E-1,-3.632407308E-2,-7.495311856E-2,1.946528985E-1
7.005019850E1,1.605774057E-1,-3.823026538E-2,-1.133430129E-1,2.002331016E-1
7.006018650E1,1.365064654E-1,-4.565359801E-2,-1.363260788E-1,1.982500085E-1
7.007017450E1,1.245167497E-1,-1.788809448E-2,-1.208496684E-1,1.744392365E-1
7.008016250E1,1.150951311E-1,-2.137771279E-2,-1.015977108E-1,1.550031956E-1
7.009015050E1,1.004794309E-1,-3.320107520E-2,-6.821069419E-2,1.259012558E-1
7.010013850E1,7.156144112E-2,-2.363269150E-2,-4.326120973E-2,8.689692877E-2
7.011012650E1,3.855507821E-2,1.263583302E-3,-4.031421304E-2,5.579719053E-2
7.012011450E1,6.951754689E-3,2.208785713E-3,-2.488224149E-2,2.592935728E-2
7.013010250E1,-1.934200466E-2,5.033867955E-3,-9.137443900E-3,2.197602903E-2
7.014008950E1,-3.526982009E-2,1.080682397E-2,1.130091369E-2,3.858054308E-2
7.015007750E1,-6.150949270E-2,6.207988858E-3,4.235372186E-2,7.493860535E-2
7.016006550E1,-7.396026134E-2,2.753395379E-2,8.048049152E-2,1.127180038E-1
7.017005350E1,-7.496188939E-2,1.883271217E-2,7.895846128E-2,1.104916038E-1
7.018004150E1,-1.044023278E-1,3.518854380E-3,6.411705852E-2,1.225692685E-1
7.019002950E1,-8.003025591E-2,6.425505280E-3,8.500740588E-2,1.169289871E-1
7.020001750E1,-8.655604094E-2,1.242971867E-2,8.540735543E-2,1.222328208E-1
7.021000550E1,-7.276392102E-2,9.936758280E-3,7.123838246E-2,1.023143905E-1
7.021999350E1,-3.240994692E-2,2.113534570E-2,3.925235868E-2,5.511674118E-2
7.022998150E1,-7.622722685E-3,8.335790634E-3,3.537857831E-2,3.713805474E-2
7.023996950E1,4.895581305E-3,5.289391279E-3,1.398127735E-2,1.572960561E-2
7.024995750E1,2.092046052E-2,1.018906564E-2,1.299836040E-3,2.330605717E-2
7.025994550E1,2.623294830E-2,1.282586753E-3,-8.376136422E-3,2.756759451E-2
7.026993350E1,2.045005202E-2,9.999908209E-3,-2.335728765E-2,3.261542086E-2
7.027992050E1,5.819470614E-2,5.649199694E-2,-4.719053864E-2,9.383451646E-2
7.028990850E1,1.420814931E-2,9.751109183E-3,-3.077038765E-2,3.526715743E-2
7.029989650E1,1.289311051E-4,2.550847828E-2,-1.983609438E-2,3.231361521E-2
7.030988450E1,8.245304972E-2,4.850206912E-2,2.283337712E-3,9.568787670E-2
7.031987250E1,4.188419044E-2,3.006345928E-2,1.449524760E-2,5.355566446E-2
7.032986050E1,3.146094382E-2,1.223909944E-2,4.272209644E-2,5.444964707E-2
7.033984850E1,3.498915374E-2,-1.209087253E-2,-4.530422688E-3,3.729550654E-2
7.034983650E1,6.673222572E-2,1.608569026E-3,-7.171668470E-2,9.797479425E-2
7.035982450E1,7.089310437E-2,-6.296281815E-3,-7.529342651E-2,1.036077965E-1
7.036981250E1,5.671009809E-2,-1.855379999E-2,-5.526261985E-2,8.132795259E-2
7.037980050E1,1.016974059E-1,-2.575289190E-2,-4.037443936E-2,1.124084924E-1
7.038978850E1,9.683778495E-2,-3.590161175E-2,-8.704165220E-3,1.036448012E-1
7.039977650E1,7.436605811E-2,-4.756826878E-2,-3.200999737E-2,9.390255974E-2
7.040976350E1,6.974821955E-2,-6.588350236E-2,-3.774377704E-2,1.031020985E-1
7.041975150E1,4.099716783E-2,-2.869462609E-2,-4.894587278E-2,6.999891284E-2
7.042973950E1,3.236930877E-2,6.950585246E-3,-4.799628496E-2,5.830717070E-2
7.043972750E1,-2.195337117E-2,2.754272461E-2,2.541199923E-3,3.531302708E-2
7.044971550E1,-5.235947728E-2,4.846143097E-2,5.004982710E-2,8.714935654E-2
7.045970350E1,-9.343236655E-2,4.948060066E-2,9.947107852E-2,1.451634679E-1
7.046969150E1,-1.009746900E-1,7.171493053E-2,1.078045303E-1,1.641972473E-1
7.047967950E1,-1.129266912E-1,7.534868270E-2,1.033998227E-1,1.706498898E-1
7.048966750E1,-1.134432927E-1,5.608503073E-2,8.703229666E-2,1.535888407E-1
7.049965550E1,-1.036892599E-1,1.349420428E-2,7.185058594E-2,1.268702600E-1
7.050964350E1,-9.018862367E-2,-5.852478147E-3,7.196986914E-2,1.155331182E-1
7.051963150E1,-9.815370083E-2,-1.497647345E-2,4.279986441E-2,1.081215619E-1
7.052961950E1,-7.756243855E-2,-2.236150682E-2,1.390175521E-2,8.190987522E-2
7.053960750E1,-6.351304114E-2,-3.773208261E-2,8.221769929E-3,7.433178293E-2
7.054959450E1,-3.620420516E-2,-6.773999333E-2,-8.535765409E-3,7.728072502E-2
7.055958250E1,-5.224779546E-3,-9.708570689E-2,-1.666924238E-2,9.864479938E-2
7.056957050E1,1.584858567E-2,-1.057267222E-1,5.979947448E-3,1.070751009E-1
7.057955850E1,1.401782244E-2,-7.749753445E-2,-2.160955489E-2,8.166602754E-2
7.058954650E1,1.003262338E-1,-4.351702541E-2,-5.501586735E-2,1.224166261E-1
7.059953450E1,7.678855956E-2,-4.163568377E-2,-6.784465849E-2,1.106024897E-1
7.060952250E1,7.937273651E-2,1.204467952E-2,-1.014369124E-1,1.293620996E-1
7.061951050E1,2.036573517E-1,6.001582146E-2,-5.974918842E-2,2.205633271E-1
7.062949850E1,2.102541804E-1,5.935800970E-2,-7.491218805E-2,2.309589349E-1
7.063948650E1,2.451146954E-1,8.883002311E-2,-5.076786518E-2,2.656113007E-1
7.064947450E1,2.325715408E-1,7.800536513E-2,-7.189444005E-2,2.556230997E-1
7.065946250E1,2.225695860E-1,6.350163907E-2,-1.028010678E-1,2.532542958E-1
7.066945050E1,2.003449041E-1,6.154165238E-2,-1.192136174E-1,2.411168641E-1
7.067943750E1,1.547567949E-1,8.041383326E-2,-9.717136860E-2,1.996454984E-1
7.068942550E1,1.286557013E-1,1.082506728E-1,-8.039863050E-2,1.863717721E-1
7.069941350E1,8.738108307E-2,1.339111787E-1,-2.897353828E-2,1.625026873E-1
7.070940150E1,3.826417923E-2,1.225433144E-1,7.196753025E-3,1.285799540E-1
7.071938950E1,8.750650585E-3,7.567817330E-2,2.987985671E-2,8.183254632E-2
7.072937750E1,-1.615497977E-2,4.116615236E-2,4.211164713E-2,6.106575387E-2
7.073936550E1,-4.224817961E-2,1.407132447E-2,2.034070909E-2,4.895564625E-2
7.074935350E1,-7.326941282E-2,2.115113318E-2,1.762350798E-2,7.827110145E-2
7.075934150E1,-1.009109554E-1,-8.523135424E-2,5.943870127E-2,1.448460005E-1
7.076932950E1,-1.244655865E-1,-1.369698572E-1,6.920530558E-2,1.975899753E-1
7.077931750E1,-1.145215192E-1,-1.623274773E-1,7.346675634E-2,2.118082920E-1
7.078930550E1,-1.435815963E-1,-1.630645189E-1,6.942749977E-2,2.280918452E-1
7.079929350E1,-1.478506485E-1,-1.683992261E-1,4.973349273E-2,2.295463654E-1
7.080928050E1,-1.293614602E-1,-1.515876040E-1,6.065258324E-2,2.083072849E-1
7.081926833E1,-1.099498737E-1,-8.848269850E-2,6.383697689E-2,1.548977801E-1
7.082925633E1,-1.186408827E-1,-6.223747104E-2,5.662911415E-2,1.454510860E-1
7.083924433E1,-9.047572196E-2,-4.473119974E-2,4.534866571E-2,1.106491662E-1
7.084923233E1,-8.923494279E-2,-3.973767757E-3,5.055385709E-2,1.026370221E-1
7.085922033E1,-8.354735613E-2,1.775214672E-2,2.912556589E-2,9.024188616E-2
7.086920833E1,-5.443991661E-2,2.027112722E-2,2.134467602E-2,6.188875757E-2
7.087919633E1,-2.345990628E-2,3.580425560E-2,2.415543258E-2,4.915075630E-2
7.088918433E1,-1.906192303E-3,4.834097832E-2,1.478877783E-2,5.058845426E-2
7.089917233E1,6.390100390E-2,4.230402052E-2,-8.327604532E-3,7.708642843E-2
7.090916033E1,9.757394940E-2,5.550323278E-2,-1.980685830E-2,1.139894560E-1
7.091914833E1,1.152009657E-1,4.324717641E-2,-4.959666789E-2,1.326703065E-1
7.092913633E1,1.318643609E-1,5.142158389E-2,-5.984800637E-2,1.536690366E-1
7.093912433E1,1.318491581E-1,3.802093506E-2,-4.695431113E-2,1.450327526E-1
7.094911133E1,1.265507036E-1,5.295881689E-2,-3.140656471E-2,1.407341081E-1
7.095909933E1,1.343725240E-1,3.683541209E-2,-2.731117487E-2,1.419814180E-1
7.096908733E1,1.069935215E-1,2.306083381E-2,-4.006629109E-2,1.165535215E-1
7.097907533E1,7.903739870E-2,2.518191129E-2,-3.253917038E-2,8.910576108E-2
7.098906333E1,5.552165151E-2,1.770712316E-2,-1.346906126E-2,5.981313909E-2
7.099905133E1,1.725717992E-2,1.679641932E-2,-1.628391087E-2,2.907052999E-2
7.100903933E1,-1.574976772E-2,-3.932837248E-3,-1.686687827E-2,2.340969830E-2
7.101902733E1,-4.582609087E-2,-2.466121674E-2,-3.413019776E-3,5.215222833E-2
7.102901533E1,-6.813380331E-2,-2.603765130E-3,3.468392909E-2,7.649816784E-2
7.103900333E1,-6.935177833E-2,1.181897700E-2,3.954881251E-2,8.070604652E-2
7.104899133E1,-4.495485574E-2,1.200550318E-2,3.680939198E-2,5.932960896E-2
7.105897933E1,-3.072536409E-2,-1.939784557E-2,3.559667945E-2,5.086696373E-2
7.106896733E1,5.386747420E-3,-3.745317042E-2,1.445607126E-2,4.050598744E-2
7.107895533E1,-4.850850105E-3,-5.861921400E-2,-8.080852032E-4,5.882513067E-2
7.108894233E1,-3.693978488E-3,-6.535842240E-2,-1.767613292E-3,6.548658880E-2
7.109893033E1,8.793335259E-3,-5.049947798E-2,5.315703750E-3,5.153422870E-2
7.110891833E1,-1.921599716E-2,-2.034684867E-2,-3.110134006E-3,2.815886594E-2
7.111890633E1,-1.238118678E-2,-5.147303939E-3,2.673113108E-2,2.990554953E-2
7.112889433E1,-1.262676984E-2,1.530625641E-2,2.682644069E-2,3.336727022E-2
7.113888233E1,-1.634559900E-2,3.862641424E-2,1.469756126E-2,4.444318610E-2
7.114887033E1,-2.700185716E-2,2.448112249E-2,4.674848914E-3,3.674615437E-2
7.115885833E1,1.728933960E-2,6.836506069E-2,-2.866305113E-3,7.057562250E-2
7.116884633E1,2.332746685E-2,8.978984356E-2,-3.738709688E-3,9.284591895E-2
7.117883433E1,5.165722668E-2,7.188566923E-2,-3.042891026E-3,8.857357222E-2
7.118882233E1,4.247592866E-2,3.630419254E-2,1.764689684E-3,5.590449930E-2
7.119881033E1,4.730777532E-2,2.578037381E-3,1.792522430E-2,5.065555792E-2
7.120879833E1,4.002360642E-2,3.259822726E-4,-1.472562790E-2,4.264785402E-2
7.121878633E1,5.471005797E-2,-8.520855010E-3,-2.568798780E-2,6.103825138E-2
7.122877333E1,5.516263247E-2,-3.239737540E-2,-5.279860318E-2,8.294696167E-2
7.123876133E1,5.266616374E-2,-3.966487974E-2,-2.192062676E-2,6.948051069E-2
7.124874933E1,3.250701070E-2,-4.726830661E-2,-2.672177553E-2,6.328547892E-2
7.125873733E1,2.647853136E-2,-4.786998510E-2,4.926863909E-3,5.492651532E-2
7.126872533E1,-2.019335926E-3,-2.590141118E-2,4.381903410E-3,2.634695231E-2
7.127871333E1,-9.728597403E-3,-2.249336153E-2,-1.022385657E-2,2.655417413E-2
7.128870133E1,-2.198640794E-2,2.285968959E-3,-1.295742989E-3,2.214287104E-2
7.129868933E1,-5.021998107E-2,3.142410636E-2,1.771063149E-2,6.183192887E-2
7.130867733E1,-5.875691593E-2,1.864706308E-2,1.479579449E-2,6.339561235E-2
7.131866533E1,-7.248062342E-2,-3.599429011E-2,4.095974565E-2,9.070132555E-2
7.132865333E1,-2.558449209E-2,3.152877152E-2,3.070255995E-2,5.090458581E-2
7.133864133E1,1.478176117E-3,2.246032476E-2,1.857017219E-2,2.918051556E-2
7.134862933E1,3.773179024E-2,2.685099900E-2,-7.250547409E-4,4.631619422E-2
7.135861733E1,6.312887907E-2,4.385119379E-3,-4.057967663E-4,6.328229860E-2
7.136860433E1,8.066321701E-2,-3.246666491E-3,-1.567229211E-2,8.223573531E-2
7.137859233E1,8.156281114E-2,8.845667839E-3,-4.122930229E-2,9.181826271E-2
7.138858033E1,8.955566257E-2,-1.125822902E-2,-3.186732531E-2,9.572090076E-2
7.139856833E1,6.858608544E-2,-4.519020617E-3,-1.453500867E-2,7.025481578E-2
7.140855633E1,7.367725611E-2,-3.568848073E-3,-1.702709198E-3,7.378329054E-2
7.141854433E1,5.737960428E-2,-1.975715697E-2,-4.661400318E-3,6.086454544E-2
7.142853233E1,6.400303781E-2,-3.459505141E-2,-1.945544064E-2,7.531082659E-2
7.143852033E1,1.655814528E-2,-2.177356929E-2,-5.209752202E-2,5.884226623E-2
7.144850833E1,-8.099563122E-3,-8.011854887E-3,-1.617456794E-2,1.978406908E-2
7.145849633E1,-2.138180584E-2,-4.984751344E-3,-3.068618774E-3,2.216857659E-2
7.146848433E1,-5.551024944E-2,1.414207578E-2,4.426926970E-2,7.239581714E-2
7.147847233E1,-1.138742325E-1,2.272257239E-2,6.277921557E-2,1.320033561E-1
7.148846033E1,-9.719388038E-2,4.555624187E-2,7.624593794E-2,1.316642116E-1
7.149844833E1,-1.146779323E-1,2.833911538E-2,6.343468845E-2,1.340824124E-1
7.150843533E1,-1.334667903E-1,-4.966069490E-2,4.077380419E-2,1.481285653E-1
7.151842333E1,-1.033314103E-1,-3.593114018E-3,-2.966058612E-2,1.075641259E-1
7.152841133E1,-2.965649307E-2,-1.960600644E-2,7.315451503E-3,3.629626565E-2
7.153839933E1,2.716908753E-3,6.017369628E-3,-2.374846637E-2,2.464913762E-2
7.154838733E1,2.438522816E-2,-2.965298474E-2,-1.424791038E-2,4.095047993E-2
7.155837533E1,8.382188290E-2,-2.507432252E-2,1.706159055E-2,8.913993255E-2
7.156836333E1,1.156816068E-1,1.283434600E-2,-2.176567554E-2,1.184090336E-1
7.157835133E1,1.102811185E-1,2.302019566E-2,-5.290268362E-2,1.244610318E-1
7.158833933E1,1.126623970E-1,2.487814844E-2,-6.253012419E-2,1.312316822E-1
7.159832733E1,1.134073323E-1,5.272522062E-2,-4.314718902E-2,1.322983440E-1
7.160831533E1,9.418899626E-2,4.818865836E-2,-2.779707849E-2,1.093910023E-1
7.161830333E1,7.722037643E-2,4.740454674E-2,-2.312924623E-2,9.351545123E-2
7.162829133E1,8.094388336E-2,5.367656261E-2,-1.166344106E-2,9.782188653E-2
7.163827933E1,6.084320247E-2,6.574609280E-2,-9.109961987E-3,9.004129837E-2
7.164826633E1,3.977802336E-2,5.634026170E-2,-9.167849422E-3,6.957417404E-2
7.165825433E1,3.768530488E-3,4.869502723E-2,-9.149138331E-3,4.969018244E-2
7.166824233E1,-4.711101651E-3,3.196380436E-2,1.801644087E-2,3.699285620E-2
7.167823033E1,-3.413195193E-2,4.843833447E-3,3.696726680E-2,5.054732119E-2
7.168821833E1,-4.184589118E-2,-1.105123758E-4,4.820912361E-2,6.383737480E-2
7.169820633E1,-6.200095117E-2,-1.114333123E-2,3.666379631E-2,7.288707524E-2
7.170819433E1,-5.304477096E-2,-3.564930439E-2,1.286445916E-2,6.519290559E-2
7.171818233E1,-4.910842538E-2,-3.942952931E-2,8.796551228E-3,6.359012925E-2
7.172817033E1,-3.058386147E-2,-5.084504843E-2,3.643984795E-3,5.944636370E-2
7.173815833E1,-2.448550791E-2,-4.272911310E-2,1.326499343E-2,5.100271811E-2
7.174814633E1,-1.561674356E-2,-2.111166447E-2,1.694523096E-2,3.125261443E-2
7.175813433E1,-1.964664459E-4,-4.289458930E-2,4.552642107E-3,4.313595879E-2
7.176812233E1,1.100445986E-2,-3.893310070E-2,-2.976232767E-3,4.056775109E-2
7.177811033E1,1.507909209E-2,-1.483994097E-2,-1.857601941E-2,2.815441995E-2
7.178809833E1,6.312361658E-3,-1.077027887E-2,-1.279663146E-2,1.787732064E-2
7.179808533E1,-2.026937306E-3,-3.555107117E-3,-1.404033422E-2,1.462457680E-2
7.180807333E1,-2.371338308E-3,-1.347783208E-3,4.721041918E-3,5.452339107E-3
7.181806158E1,-1.922856867E-3,2.095729798E-2,6.048359871E-3,2.189722298E-2
7.182804958E1,1.375586718E-2,3.300957888E-2,2.689134479E-2,4.474372140E-2
7.183803758E1,2.344791949E-2,1.846082926E-2,1.604709864E-2,3.388386814E-2
7.184802558E1,2.414870828E-2,3.978533238E-2,-5.121576190E-3,4.682161175E-2
7.185801358E1,2.290149719E-2,3.375363708E-2,7.367491722E-4,4.079619331E-2
7.186800158E1,2.111692697E-2,1.720163137E-2,6.627234221E-3,2.803107133E-2
7.187798958E1,4.064691961E-2,1.258233100E-2,-1.184821308E-2,4.416862325E-2
7.188797758E1,3.710526109E-2,1.064485610E-3,-1.056182563E-2,3.859385561E-2
7.189796558E1,5.908260584E-2,-1.276447177E-2,-1.064076304E-2,6.137517324E-2
7.190795358E1,5.793362796E-2,-1.572316289E-3,-3.537565470E-2,6.789855943E-2
7.191794158E1,5.169230998E-2,-1.855906248E-3,-2.478283882E-2,5.735615397E-2
7.192792958E1,3.585103333E-2,-1.849181950E-3,-1.472913623E-3,3.592889560E-2
7.193791758E1,3.084435493E-2,-3.840451241E-3,-3.221815825E-3,3.124905429E-2
7.194790458E1,1.787289172E-2,6.269969344E-3,-7.892571688E-3,2.051939234E-2
7.195789258E1,6.710849404E-3,-7.504316568E-3,-2.938635170E-2,3.106296723E-2
7.196788058E1,5.866219103E-3,8.343976736E-4,-1.316676021E-2,1.443857058E-2
7.197786858E1,1.386521012E-2,1.067087620E-2,-8.457412720E-3,1.943294832E-2
7.198785658E1,-2.009688020E-3,1.813046157E-2,2.010214269E-2,2.714495577E-2
7.199784458E1,-6.049236953E-3,5.406920314E-3,3.626677036E-2,3.716324377E-2
7.200783258E1,5.419784188E-3,1.807608247E-2,1.734459579E-2,2.563111042E-2
7.201782058E1,1.108047366E-4,1.010194212E-2,8.096639514E-3,1.294670166E-2
7.202780858E1,-1.758667052E-2,-3.674975038E-3,-3.912371993E-3,1.838757940E-2
7.203779658E1,1.043114036E-2,-4.310275018E-3,-1.362401247E-3,1.136852221E-2
7.204778458E1,-1.446221083E-2,-8.121782541E-3,-8.753866553E-3,1.875497463E-2
7.205777258E1,-1.525392383E-2,-2.521874875E-2,2.416654229E-3,2.957207633E-2
7.206776058E1,-6.583672464E-3,-3.323177308E-2,2.256440520E-3,3.395271725E-2
7.207774858E1,-1.010574281E-2,-1.956449121E-2,-3.578495979E-4,2.202324705E-2
7.208773558E1,-1.050042987E-2,-2.165662497E-2,-4.438036680E-4,2.407208745E-2
7.209772358E1,-3.495173156E-3,-2.923315465E-3,1.545243680E-2,1.611023935E-2
7.210771158E1,-1.073841155E-3,8.761175573E-3,2.223930001E-2,2.392692620E-2
7.211769958E1,-9.401445687E-3,3.077097237E-3,1.493729711E-2,1.791587434E-2
7.212768758E1,-2.982079983E-5,1.085798711E-2,1.018701911E-2,1.488865782E-2
7.213767558E1,-1.444408447E-2,9.478628933E-3,1.439350605E-2,2.248664045E-2
7.214766358E1,-1.114800900E-2,3.393139243E-3,1.591962934E-2,1.972881387E-2
7.215765158E1,-8.465014100E-3,6.340135932E-3,9.102945328E-3,1.395411771E-2
7.216763958E1,1.287001401E-2,5.623852015E-3,-3.843374848E-3,1.456147322E-2
7.217762758E1,-6.551805139E-4,2.055179358E-2,9.952545762E-3,2.284422570E-2
7.218761558E1,2.490095258E-2,8.885428905E-3,3.324142098E-3,2.664691740E-2
7.219760358E1,4.598074973E-2,6.666410565E-3,-8.840990067E-3,4.729517397E-2
7.220759158E1,5.355581760E-2,2.580025434E-2,-3.740580797E-2,7.023583981E-2
7.221757958E1,7.601000279E-2,2.038690209E-2,-2.386891901E-2,8.223668036E-2
7.222756758E1,6.767830521E-2,2.250271708E-2,-3.203689456E-2,7.818623846E-2
7.223755458E1,6.741956592E-2,1.411868691E-2,-3.625039816E-2,7.783846450E-2
7.224754258E1,7.753027886E-2,4.790623784E-3,-2.892909944E-2,8.289021059E-2
7.225753058E1,5.566432357E-2,-1.534894109E-3,-4.432598770E-2,7.117349228E-2
7.226751858E1,5.588359416E-2,-1.917740554E-2,-3.504177868E-2,6.869261410E-2
7.227750658E1,6.878372133E-2,-2.915977210E-2,-1.756562054E-2,7.674661982E-2
7.228749458E1,3.641353548E-2,-1.395964265E-2,-8.956764936E-3,4.001300822E-2
7.229748258E1,7.475665212E-3,-4.160878658E-3,-1.532964528E-2,1.755552636E-2
7.230747058E1,-2.163265139E-2,7.437950671E-3,-4.014113545E-3,2.322515498E-2
7.231745858E1,-2.967549652E-2,2.288658679E-2,1.921278119E-2,4.211367841E-2
7.232744658E1,-3.969148457E-2,3.421059698E-2,4.776473522E-2,7.090309460E-2
7.233743458E1,-5.510240614E-2,4.705049783E-2,4.402953386E-2,8.478575565E-2
7.234742258E1,-8.592103332E-2,3.475058734E-2,5.806811392E-2,1.093706229E-1
7.235741058E1,-7.789163679E-2,1.682536304E-2,5.641569078E-2,9.763672510E-2
7.236739858E1,-5.581021160E-2,1.438590467E-2,3.314143360E-2,6.648374683E-2
7.237738658E1,-2.469191462E-2,1.382983446E-2,4.605500937E-2,5.405570142E-2
7.238737358E1,-1.833102107E-2,2.476588190E-3,4.231513023E-2,4.618149055E-2
7.239736158E1,-9.353790879E-3,-1.776939601E-2,2.059623241E-2,2.876542417E-2
7.240734958E1,5.098158091E-2,-2.443492949E-2,-2.502023578E-3,5.659017135E-2
7.241733758E1,6.112562299E-2,-4.084747910E-2,-4.807112932E-2,8.783901075E-2
7.242732558E1,7.686106503E-2,-4.596496224E-2,-4.593981922E-2,1.006522134E-1
7.243731358E1,6.360601187E-2,-5.705596089E-2,-5.253898680E-2,1.003067922E-1
7.244730158E1,6.587560862E-2,-6.665504247E-2,-4.919028640E-2,1.058403268E-1
7.245728958E1,8.360144287E-2,-6.127706587E-2,-4.268584371E-2,1.120988907E-1
7.246727758E1,6.102622032E-2,-4.013675004E-2,-3.271458685E-2,8.003375828E-2
7.247726558E1,3.784405679E-2,-1.832634330E-2,-2.595052779E-2,4.941110589E-2
7.248725358E1,1.805035472E-2,1.032033563E-2,-3.243918300E-2,3.853083475E-2
7.249724158E1,-9.746139050E-3,2.134759963E-2,-6.520814896E-3,2.435627769E-2
7.250722958E1,-4.238909751E-2,1.799626797E-2,2.085994184E-2,5.055530064E-2
7.251721758E1,-2.387388915E-2,1.198766917E-2,6.588701069E-2,7.109687035E-2
7.252720458E1,-3.014795154E-2,7.499638796E-3,4.271858811E-2,5.282065254E-2
7.253719258E1,-1.836201131E-2,-6.098061204E-3,2.401159108E-2,3.083676890E-2
7.254718058E1,-1.913618267E-2,-4.671925306E-3,1.250485539E-2,2.333220481E-2
7.255716858E1,-2.892793000E-2,1.646517456E-2,-6.485146880E-3,3.391141750E-2
7.256715658E1,-1.092142940E-2,1.580823988E-2,-1.368014574E-2,2.358653123E-2
7.257714458E1,-4.833600819E-3,1.184236586E-2,5.959482193E-3,1.411101535E-2
7.258713258E1,-1.043318689E-2,1.535244942E-2,1.644938707E-2,2.480184321E-2
7.259712058E1,-1.621783733E-2,1.112257361E-2,2.355024576E-2,3.068132929E-2
7.260710858E1,-1.191457897E-2,3.074787587E-2,2.101430833E-2,3.910230450E-2
7.261709658E1,4.468149841E-3,2.557133585E-2,-1.695692539E-4,2.595932075E-2
7.262708458E1,1.943614483E-2,3.024384588E-2,-2.201418221E-2,4.215540485E-2
7.263707258E1,4.764896035E-2,2.631217808E-2,-2.326314747E-2,5.919398760E-2
7.264706058E1,6.670094311E-2,1.022619545E-2,-3.326539457E-2,7.523415023E-2
7.265704858E1,9.470033526E-2,7.691427469E-3,-4.972939968E-2,1.072395671E-1
7.266703658E1,9.301019758E-2,2.188320458E-3,-5.545323908E-2,1.083085746E-1
7.267702358E1,9.735818714E-2,1.097522378E-3,-5.451417625E-2,1.115868118E-1
7.268701158E1,8.268898487E-2,3.817062378E-3,-5.535968363E-2,9.958279347E-2
7.269699958E1,6.907228142E-2,1.615878046E-3,-5.335116506E-2,8.729225587E-2
7.270698758E1,5.337630808E-2,-1.249257624E-3,-2.944540858E-2,6.097231335E-2
7.271697558E1,3.878925920E-2,5.590815246E-3,-9.549087882E-3,4.033669450E-2
7.272696358E1,2.481265962E-2,1.805503249E-2,1.146112740E-2,3.275682703E-2
7.273695158E1,-6.923688054E-3,1.878154904E-2,2.106050134E-2,2.905561490E-2
7.274693958E1,-7.250547409E-3,2.424255610E-2,2.377477884E-2,3.472048492E-2
7.275692758E1,-2.211767793E-2,1.168478340E-2,2.646625221E-2,3.641686897E-2
7.276691558E1,-4.441720426E-2,4.548841417E-3,2.175573528E-2,4.966781664E-2
7.277690358E1,-6.990375549E-2,-2.794969082E-4,5.174318075E-2,8.697108660E-2
7.278689158E1,-8.526731461E-2,1.005341023E-2,4.601057053E-2,9.740923262E-2
7.279687958E1,-8.467586875E-2,1.860525548E-2,6.074789286E-2,1.058605912E-1
7.280686758E1,-9.645508468E-2,1.931744635E-2,7.535306811E-2,1.239146156E-1
7.281685483E1,-1.096475726E-1,1.232300699E-2,6.406443357E-2,1.275880023E-1
7.282684183E1,-7.644415855E-2,-6.253889501E-3,5.592043161E-2,9.492057302E-2
7.283682983E1,-6.505261302E-2,-3.111975878E-2,4.999837160E-2,8.775032200E-2
7.284681783E1,-2.140431762E-2,-3.958184928E-2,2.582773626E-2,5.188390468E-2
7.285680583E1,1.317874700E-2,-4.766007006E-2,-1.086295724E-2,5.062771465E-2
7.286679383E1,2.416449577E-2,-5.274042338E-2,-3.659362972E-2,6.858985967E-2
7.287678183E1,6.551542014E-2,-4.624650568E-2,-6.523855448E-2,1.033783273E-1
7.288676983E1,8.094680697E-2,-2.923987895E-2,-6.408372939E-2,1.073036833E-1
7.289675783E1,8.273137718E-2,-4.482475519E-2,-6.009885192E-2,1.116495027E-1
7.290674583E1,9.348791510E-2,-4.316999316E-2,-4.765129924E-2,1.134649060E-1
7.291673383E1,1.012278745E-1,-3.377117872E-2,-4.892833114E-2,1.173948750E-1
7.292672183E1,8.251795381E-2,-2.148179322E-2,-3.778763115E-2,9.326620615E-2
7.293670983E1,5.806431323E-2,-6.322594285E-3,-4.471424282E-2,7.355816189E-2
7.294669783E1,5.288601905E-2,2.400808275E-2,-4.622223973E-2,7.422812468E-2
7.295668583E1,3.586272776E-2,4.222917616E-2,-2.286144376E-2,5.993399847E-2
7.296667383E1,1.163800567E-2,4.693647712E-2,-1.028466761E-2,4.943936133E-2
7.297666083E1,-9.084818959E-3,6.264706850E-2,2.547047138E-2,6.823440510E-2
7.298664883E1,-6.740085483E-3,6.917665422E-2,5.081932068E-2,8.610134491E-2
7.299663683E1,-1.332638919E-2,4.774660885E-2,3.711286247E-2,6.192492121E-2
7.300662483E1,-3.520550072E-2,5.751262844E-2,3.528209925E-2,7.610490285E-2
7.301661283E1,-2.839554101E-2,3.028945416E-2,4.051418781E-2,5.800997498E-2
7.302660083E1,-2.767516404E-2,2.722025067E-2,2.854025960E-2,4.818094197E-2
7.303658883E1,-1.531239599E-2,2.158207297E-2,3.315955997E-3,2.666928775E-2
7.304657683E1,-5.303424597E-4,5.787866414E-3,-8.605347276E-3,1.038425069E-2
7.305656483E1,5.494920909E-3,-1.439087480E-2,-9.965409636E-3,1.834668424E-2
7.306655283E1,1.700808853E-2,-9.283624291E-3,-1.223471403E-2,2.291612932E-2
7.307654083E1,2.624405801E-2,-1.420230210E-2,1.635173857E-2,3.402697930E-2
7.308652883E1,8.003668785E-3,-3.268593550E-2,3.831095695E-3,3.386895906E-2
7.309651683E1,-1.196515739E-2,-2.873029411E-2,5.636131167E-3,3.162848029E-2
7.310650483E1,-1.400261968E-2,-1.076209277E-2,8.010685444E-3,1.939244905E-2
7.311649283E1,-1.957910925E-2,6.275816560E-3,-4.987674952E-4,2.056638426E-2
7.312648083E1,-6.431937218E-3,4.625732303E-3,2.102658749E-2,2.246963723E-2
7.313646783E1,-3.081745774E-2,2.714365214E-2,1.116876662E-2,4.255860548E-2
7.314645583E1,-1.092259884E-2,4.050775588E-2,1.312115192E-3,4.197502945E-2
7.315644383E1,7.772996128E-3,3.803672254E-2,8.460921049E-4,3.883204350E-2
7.316643183E1,2.685830802E-2,4.878712088E-2,-3.269178271E-3,5.578744841E-2
7.317641983E1,2.664780825E-2,4.399737418E-2,1.606230140E-3,5.146313821E-2
7.318640783E1,3.374194264E-2,2.818270236E-2,1.838949323E-3,4.400187656E-2
7.319639583E1,3.607936710E-2,-1.122606933E-2,-1.168273687E-2,3.955036920E-2
7.320638383E1,4.190757930E-2,-1.710076690E-2,-2.597684026E-2,5.218694915E-2
7.321637183E1,4.716276437E-2,-2.021207035E-2,-3.309874892E-2,6.106047257E-2
7.322635983E1,6.780957520E-2,-3.572297931E-2,-5.204899013E-2,9.264646304E-2
7.323634783E1,5.366457582E-2,-4.353602886E-2,-5.276468933E-2,8.694472351E-2
7.324633583E1,4.404912204E-2,-4.594303519E-2,-4.153686583E-2,7.600262401E-2
7.325632383E1,4.083666176E-2,-3.757596195E-2,-9.977104068E-3,5.638376065E-2
7.326631183E1,3.559200168E-2,-2.573885858E-2,-7.543492913E-3,4.456662103E-2
7.327629983E1,1.718350500E-2,-3.432315588E-4,-8.446887732E-3,1.915047165E-2
7.328628783E1,6.517598927E-3,3.788118660E-3,7.592024803E-3,1.069896160E-2
7.329627483E1,-7.752823234E-3,4.188068211E-3,3.144924939E-2,3.266039605E-2
7.330626283E1,-4.322495699E-2,-2.218141258E-3,3.865068018E-2,5.802751189E-2
7.331625083E1,-3.800865591E-2,1.926949918E-2,4.724433303E-2,6.362388330E-2
7.332623883E1,-4.889090896E-2,5.028605461E-3,3.816770017E-2,6.222845963E-2
7.333622683E1,-3.314260304E-2,4.455870688E-3,1.268085659E-2,3.576438233E-2
7.334621483E1,-2.895716608E-2,-5.423000157E-3,4.545040727E-3,2.980912265E-2
7.335620283E1,-9.234507680E-3,-2.915334016E-2,2.770293832E-2,4.126313326E-2
7.336619083E1,-1.352314800E-2,-4.410934836E-2,3.533355474E-2,5.811170480E-2
7.337617883E1,7.557526231E-3,-4.391375899E-2,4.169883370E-2,6.102726574E-2
7.338616683E1,3.949911118E-2,-4.145792842E-2,2.572716415E-2,6.277600328E-2
7.339615483E1,6.678806663E-2,-4.040104419E-2,-7.354627848E-3,7.840268341E-2
7.340614283E1,5.746906668E-2,1.823921978E-2,-2.643935502E-2,6.583617742E-2
7.341613083E1,2.731059015E-2,3.188632876E-2,-4.150529087E-2,5.903639103E-2
7.342611883E1,3.516515493E-3,3.111537337E-2,-2.319239616E-2,3.896690366E-2
7.343610683E1,4.297995865E-3,2.075059891E-2,2.313860178E-2,3.137602613E-2
7.344609383E1,-3.417112827E-3,4.597665668E-3,1.912156463E-2,1.996119795E-2
7.345608183E1,7.439997196E-3,8.755328357E-3,-2.687380314E-2,2.922688194E-2
7.346606983E1,1.149445653E-2,1.282615989E-2,-4.120182037E-2,4.465672302E-2
7.347605783E1,3.573233485E-3,1.148451626E-2,-1.802930474E-2,2.167297720E-2
7.348604583E1,-1.063666999E-2,3.124225795E-2,8.801229000E-3,3.415668401E-2
7.349603383E1,2.347072363E-3,4.541766286E-2,2.784794927E-2,5.332711437E-2
7.350602183E1,3.084406257E-3,2.758599401E-2,4.022942841E-2,4.887645177E-2
7.351600983E1,2.734625816E-2,1.717239529E-2,2.022493422E-2,3.810192856E-2
7.352599783E1,2.593444794E-2,-1.361173332E-2,-2.033310771E-2,3.565543638E-2
7.353598583E1,3.535021931E-2,-1.211893916E-2,-4.443766952E-2,5.806214915E-2
7.354597383E1,3.227926165E-2,-1.172922224E-2,-5.702789426E-2,6.657106061E-2
7.355596183E1,4.471278101E-2,-3.538881093E-2,-5.625255346E-2,8.009962856E-2
7.356594983E1,4.380149245E-2,-3.162495822E-2,-1.326674759E-2,5.563016551E-2
7.357593783E1,4.081736594E-2,-3.422813863E-2,-1.703352392E-2,5.592641392E-2
7.358592583E1,1.685723037E-2,-5.565964580E-3,1.117344439E-2,2.097598715E-2
7.359591283E1,-1.353191882E-2,2.515676826E-2,2.932495594E-2,4.093811009E-2
7.360590083E1,-2.402006954E-2,1.396665931E-2,2.424255610E-2,3.687455544E-2
7.361588883E1,-3.567415506E-2,2.297254086E-2,1.331878781E-2,4.447216074E-2
7.362587683E1,-4.270104647E-2,3.884188414E-2,4.403362691E-2,7.260187072E-2
7.363586483E1,-5.414200097E-2,5.689750135E-2,5.237935781E-2,9.440486775E-2
7.364585283E1,-3.890795767E-2,4.770275474E-2,4.453765690E-2,7.598016098E-2
7.365584083E1,-1.649207175E-2,3.246783435E-2,2.628908157E-2,4.491396785E-2
7.366582883E1,-1.149036348E-2,2.522868901E-2,7.506655455E-3,2.872046445E-2
7.367581683E1,2.619377196E-2,1.359945416E-2,-6.692138314E-3,3.026290730E-2
7.368580483E1,4.847634137E-2,1.642541349E-2,-9.332740903E-3,5.202739599E-2
7.369579283E1,5.221037328E-2,7.085655928E-3,-1.356086254E-2,5.440612641E-2
7.370578083E1,5.972170651E-2,-1.062497556E-2,-2.349937499E-2,6.505223254E-2
7.371576883E1,7.324456215E-2,2.983834147E-3,-2.799237549E-2,7.846809693E-2
7.372575683E1,9.625861824E-2,3.436701000E-3,-4.496976614E-2,1.063005756E-1
7.373574483E1,7.736860335E-2,8.406541944E-3,-6.035788357E-2,9.848677495E-2
7.374573283E1,6.821712613E-2,8.806783855E-3,-5.678874314E-2,8.919695671E-2
7.375571983E1,6.155159265E-2,-1.679905057E-3,-4.611698985E-2,7.692982121E-2
7.376570783E1,5.187094241E-2,-8.558569551E-3,-1.821056843E-2,5.563693541E-2
7.377569583E1,4.169064760E-2,-2.441066355E-2,-1.913910627E-2,5.196437223E-2
7.378568383E1,1.260162681E-2,-2.946178079E-2,-3.298180461E-2,4.598474704E-2
7.379567183E1,3.243450522E-3,-3.288854152E-2,-3.003656209E-2,4.465838327E-2
7.380565983E1,-7.569220662E-3,-2.672762275E-3,-3.095866799E-2,3.198243086E-2
7.381564783E1,-6.162965298E-2,2.227087498E-2,-1.290889800E-2,6.678956240E-2
7.382563671E1,-5.252816945E-2,4.910140872E-2,4.710166097E-2,8.595768372E-2
7.383562471E1,-4.874677509E-2,8.608153939E-2,6.954093575E-2,1.209223770E-1
7.384561271E1,-6.463132113E-2,9.842267275E-2,8.282171667E-2,1.439571705E-1
7.385560071E1,-1.329072118E-2,1.010179594E-1,1.061217016E-1,1.471158963E-1
7.386558871E1,1.860116243E-2,7.758582741E-2,9.769294024E-2,1.261327651E-1
7.387557671E1,-1.880435318E-2,4.078900695E-2,6.218747735E-2,7.671133636E-2
7.388556471E1,-4.090829015E-2,-6.454156637E-3,5.385870337E-2,6.794044649E-2
7.389555271E1,-4.888798535E-2,-6.046313345E-3,2.579908490E-2,5.560742575E-2
7.390554071E1,-2.055471718E-2,-3.684505999E-2,1.185932279E-2,4.382577302E-2
7.391552771E1,7.285045981E-3,-7.147110164E-2,-2.893494666E-2,7.744947645E-2
7.392551571E1,5.058952510E-2,-9.408053041E-2,-5.743895352E-2,1.212834681E-1
7.393550371E1,4.776122689E-2,-8.164993465E-2,-7.838660359E-2,1.228507478E-1
7.394549171E1,3.099082768E-2,-3.399688125E-2,-6.779963493E-2,8.193295937E-2
7.395547971E1,2.932495594E-2,1.018292606E-3,-5.431887925E-2,6.173759473E-2
7.396546771E1,2.295646101E-2,2.318684131E-2,-1.089745581E-2,3.440033801E-2
7.397545571E1,3.976866782E-2,3.564550370E-2,3.933421969E-3,5.355016977E-2
7.398544371E1,2.561314344E-2,3.086657435E-2,-1.467651129E-3,4.013642397E-2
7.399543171E1,4.264345139E-2,-9.244740307E-3,-4.310567379E-3,4.384643841E-2
7.400541971E1,3.599195123E-2,-4.749225497E-2,-3.331392646E-2,6.826970435E-2
7.401540771E1,7.008180320E-2,-7.934671640E-2,-5.394114912E-2,1.188150164E-1
7.402539571E1,5.678172648E-2,-4.910930246E-2,-4.408566713E-2,8.705994542E-2
7.403538371E1,5.283836424E-2,-3.955027431E-2,-4.460314572E-2,7.965900792E-2
7.404537171E1,4.639180899E-2,-4.608599961E-2,-2.673463941E-2,7.064602073E-2
7.405535971E1,8.371107817E-2,-4.084601730E-2,-3.065636694E-2,9.805995396E-2
7.406534771E1,9.519647151E-2,-2.596660763E-2,-4.125269115E-2,1.069505373E-1
7.407533471E1,6.048301399E-2,-2.869170249E-2,-7.061097622E-2,9.730014766E-2
7.408532271E1,3.753356963E-2,-5.903933644E-3,-7.457363427E-2,8.369499513E-2
7.409531071E1,3.990900099E-2,2.001881987E-2,-6.750142694E-2,8.093160166E-2
7.410529871E1,4.147313118E-2,2.761932313E-2,-1.396899819E-2,5.174920802E-2
7.411528671E1,1.103691190E-2,5.108244538E-2,4.405760050E-2,6.835423771E-2
7.412527471E1,1.606376320E-2,4.538374901E-2,5.504861176E-2,7.313056009E-2
7.413526271E1,-1.064777970E-3,5.730329812E-2,2.593240142E-2,6.290700414E-2
7.414525071E1,-1.612954438E-3,7.061623871E-2,-4.034578800E-3,7.074978882E-2
7.415523871E1,-3.168255329E-2,5.440717220E-2,-1.693938375E-3,6.298248961E-2
7.416522671E1,-7.983203530E-3,3.180885315E-2,3.111420393E-2,4.520650798E-2
7.417521471E1,-5.299565434E-2,1.060655683E-2,5.557252228E-2,7.751995653E-2
7.418520271E1,-6.453951985E-2,-3.456289172E-3,5.088013172E-2,8.225620561E-2
7.419519071E1,-8.873588294E-2,-2.350112915E-2,2.355024576E-2,9.476800129E-2
7.420517871E1,-1.049002182E-1,-3.442635924E-2,-1.207333088E-2,1.110630241E-1
7.421516671E1,-1.140946725E-1,-2.144115508E-2,-8.353332281E-3,1.163919911E-1
7.422515471E1,-7.216692030E-2,-3.279615551E-2,2.210832238E-3,7.930031514E-2
7.423514171E1,-4.867163837E-2,-4.126146197E-2,1.164999247E-2,6.486261597E-2
7.424512971E1,-1.718964458E-2,-3.038037837E-2,9.727427959E-3,3.623636468E-2
7.425511771E1,1.409178972E-2,-2.073364198E-2,1.482152224E-2,2.912284273E-2
7.426510571E1,1.358249724E-2,1.953320861E-2,-2.778596878E-3,2.395310148E-2
7.427509371E1,3.384426892E-2,4.627544940E-2,-3.325253069E-2,6.627656111E-2
7.428508171E1,4.206253052E-2,8.606253594E-2,-2.929396570E-2,1.001706194E-1
7.429506971E1,1.152953982E-2,1.171989593E-1,-1.174764097E-2,1.183492012E-1
7.430505771E1,1.302350342E-2,9.812329531E-2,2.220538616E-2,1.014439348E-1
7.431504571E1,1.616755128E-3,4.228940248E-2,5.335935116E-2,6.810453594E-2
7.432503371E1,7.643187940E-3,-1.105211467E-2,6.669041812E-2,6.803072416E-2
7.433502171E1,7.509812951E-2,5.507492423E-3,7.719260216E-2,1.078367255E-1
7.434500971E1,-6.005002767E-2,-9.286840260E-2,1.599388897E-2,1.117423398E-1
7.435499771E1,-4.499432445E-4,-1.242220500E-1,-1.877540946E-3,1.242370529E-1
7.436498571E1,3.948858619E-2,-1.364968175E-1,-9.839343667E-2,1.728351758E-1
7.437497371E1,1.603774309E-2,-1.420695063E-1,-1.152041817E-1,1.836108856E-1
7.438496171E1,5.351108640E-2,-1.297248647E-1,-8.544887066E-2,1.642969457E-1
7.439494871E1,1.161999625E-1,-7.213417590E-2,-6.835102737E-2,1.528974609E-1
7.440493671E1,1.058837199E-1,-2.796810955E-2,-8.200486064E-2,1.368151105E-1
7.441492471E1,8.924985319E-2,-3.139954805E-4,-6.399543643E-2,1.098228154E-1
7.442491271E1,6.408840716E-2,1.651955366E-2,-4.436808765E-2,7.967902351E-2
7.443490071E1,2.032229036E-2,4.610880375E-2,-2.185279906E-2,5.492323821E-2
7.444488871E1,-2.278455287E-2,7.413801670E-2,1.312115192E-2,7.866222726E-2
7.445487671E1,-5.696503669E-2,5.665893495E-2,6.051341951E-2,1.005839165E-1
7.446486471E1,-7.411930561E-2,3.702252299E-2,7.379536986E-2,1.109508688E-1
7.447485271E1,-9.197465569E-2,1.207450032E-3,7.498878658E-2,1.186765071E-1
7.448484071E1,-5.616864592E-2,-6.001582146E-3,5.338800251E-2,7.772525063E-2
7.449482871E1,-4.273028255E-2,-1.941129416E-2,3.144866467E-2,5.649507852E-2
7.450481671E1,-9.771282077E-3,-2.905189097E-2,3.154338956E-2,4.398267553E-2
7.451480471E1,-9.729766846E-3,-3.405944645E-2,1.773986757E-2,3.961587001E-2
7.452479271E1,3.502774537E-3,-1.213531137E-2,1.236042917E-2,1.767244806E-2
7.453478071E1,2.635340095E-3,4.756709933E-3,1.938761294E-2,2.013580995E-2
7.454476871E1,-4.029082417E-2,2.428260952E-2,3.509323418E-2,5.869012458E-2
7.455475671E1,-5.880778670E-2,4.724901080E-2,2.429751992E-2,7.925398585E-2
7.456474371E1,-8.002587050E-2,6.441935956E-2,3.544289768E-2,1.086747111E-1
7.457473171E1,-7.071710318E-2,5.823359013E-2,5.405166149E-2,1.063656045E-1
7.458471971E1,-7.820972532E-2,6.108001471E-2,4.899206579E-2,1.106695615E-1
7.459470771E1,-5.507609367E-2,6.776162803E-2,3.962365687E-2,9.589081557E-2
7.460469571E1,-3.836065829E-3,4.101938725E-2,4.891195893E-2,6.395064705E-2
7.461468371E1,5.333654702E-2,4.065656751E-2,1.014316499E-2,6.782792585E-2
7.462467171E1,8.142657101E-2,2.226999789E-2,-3.169190884E-2,9.016993046E-2
7.463465971E1,1.127965906E-1,7.364568114E-3,-6.760024488E-2,1.317083932E-1
7.464464771E1,8.432035804E-2,-6.176413894E-3,-6.902813494E-2,1.091464808E-1
7.465463571E1,8.102311313E-2,-1.518200308E-2,-6.898252666E-2,1.074887299E-1
7.466462371E1,6.215970308E-2,-1.681308389E-2,-6.279792666E-2,8.994491686E-2
7.467461171E1,7.112699300E-2,-2.239834428E-2,-7.462041199E-2,1.054937953E-1
7.468459971E1,5.890368104E-2,-4.438212097E-2,-4.227829278E-2,8.501100130E-2
7.469458771E1,6.139020950E-2,-4.778812408E-2,-2.596456110E-2,8.201598051E-2
7.470457571E1,3.293941230E-2,-5.246355772E-2,-1.719373763E-2,6.428883561E-2
7.471456371E1,3.017777234E-2,-5.491354108E-2,-1.864209294E-2,6.537371465E-2
7.472455071E1,2.180982202E-2,-4.892043740E-2,-3.377585649E-2,6.332208156E-2
7.473453871E1,2.776374936E-2,-3.083587646E-2,-2.839641809E-2,5.027955466E-2
7.474452671E1,1.284896404E-2,-3.613111496E-2,-5.177124739E-3,3.869568407E-2
7.475451471E1,1.180991381E-2,-3.148199379E-2,-1.801527143E-3,3.367247389E-2
7.476450271E1,7.403159738E-3,-1.932709426E-2,-1.917886734E-4,2.069734595E-2
7.477449071E1,1.657802582E-2,-1.660638481E-2,2.853441238E-3,2.363778931E-2
7.478447871E1,3.313529402E-2,-8.428176641E-3,-6.071748734E-3,3.472532223E-2
7.479446671E1,2.472904444E-2,-1.662100285E-2,-2.165808678E-2,3.683552765E-2
7.480445471E1,1.615059435E-2,9.339757562E-3,-2.810756564E-2,3.373585653E-2
7.481444271E1,2.603092700E-2,2.315614343E-2,-8.917588592E-3,3.596302998E-2
7.482443046E1,1.701130450E-2,1.021362394E-2,2.174930334E-2,2.944035989E-2
7.483441846E1,1.962179393E-2,3.069700509E-2,3.495407045E-2,5.048869140E-2
7.484440646E1,6.245411038E-3,2.359351516E-2,8.150433898E-3,2.573108411E-2
7.485439446E1,1.123045474E-2,4.343516439E-2,-3.645738959E-3,4.501142113E-2
7.486438246E1,1.442917407E-2,4.458180338E-2,5.070705414E-3,4.713226401E-2
7.487437046E1,1.413798273E-2,5.317662567E-2,1.377604008E-3,5.504120153E-2
7.488435846E1,2.853675127E-2,3.719004571E-2,1.256566644E-2,4.853186218E-2
7.489434546E1,2.204254121E-2,1.304689229E-2,-1.751825809E-3,2.567418771E-2
7.490433346E1,4.129596055E-2,5.758630335E-3,-2.981495261E-3,4.180200348E-2
7.491432146E1,4.497122794E-2,6.250673532E-3,2.609612346E-3,4.547848215E-2
7.492430946E1,5.426537722E-2,-2.015389055E-2,-1.439526021E-2,5.965009628E-2
7.493429746E1,4.355064690E-2,-3.360716432E-2,-4.969782472E-2,7.413483743E-2
7.494428546E1,3.064993501E-2,-3.397787780E-2,-3.425123513E-2,5.715821728E-2
7.495427346E1,3.337415278E-2,-6.368904233E-2,-1.832926691E-2,7.420303371E-2
7.496426146E1,2.418437630E-2,-5.381017148E-2,-2.165925622E-2,6.284538163E-2
7.497424946E1,1.974633962E-2,-4.161697268E-2,-2.324443638E-2,5.159645498E-2
7.498423746E1,1.108690560E-2,-1.473819941E-2,-2.684164345E-2,3.256697439E-2
7.499422546E1,2.442674339E-3,1.862104297E-2,-2.634170651E-2,3.235112674E-2
7.500421346E1,-7.578868568E-3,2.898815632E-2,-5.881129503E-3,3.053424536E-2
7.501420146E1,-1.988491863E-2,4.319016606E-2,6.344813704E-3,4.796933493E-2
7.502418946E1,-4.210492283E-2,3.718507558E-2,1.764631212E-2,5.888078383E-2
7.503417746E1,-4.433505088E-2,3.779874086E-2,3.066221416E-2,6.583701789E-2
7.504416546E1,-5.567192495E-2,2.373998791E-2,2.764680505E-2,6.653792966E-2
7.505415346E1,-6.952514827E-2,2.502462119E-2,3.177727818E-2,8.043490111E-2
7.506414046E1,-6.386387408E-2,6.135483384E-3,2.323449612E-2,6.823547742E-2
7.507412846E1,-5.348068088E-2,1.401285231E-3,4.874940634E-2,7.237852890E-2
7.508411646E1,-3.800690174E-2,-9.860159755E-3,3.497745931E-2,5.258488367E-2
7.509410446E1,-1.458324820E-2,-6.767713577E-2,2.845898330E-2,7.485171717E-2
7.510409246E1,4.623685777E-3,-6.461699545E-2,1.362401247E-3,6.479653315E-2
7.511408046E1,5.784358084E-3,-6.600804806E-2,-1.935545325E-2,6.903010052E-2
7.512406846E1,3.015409112E-2,-5.699222624E-2,-2.771755636E-2,7.018294660E-2
7.513405646E1,4.444410145E-2,-5.430484593E-2,-3.677898645E-2,7.922744657E-2
7.514404446E1,4.504548758E-2,-7.088871896E-2,-2.649197996E-2,8.806890160E-2
7.515403246E1,5.825405538E-2,-6.423224866E-2,-3.606153309E-2,9.391352888E-2
7.516402046E1,6.527217597E-2,-3.551949620E-2,-3.120015800E-2,8.059492183E-2
7.517400846E1,6.090722948E-2,-1.064339429E-2,-3.440910995E-2,7.075987064E-2
7.518399646E1,6.245527983E-2,1.433327973E-2,-4.591935396E-2,7.883331754E-2
7.519398446E1,6.548442990E-2,4.351527125E-2,-3.908103526E-2,8.780157577E-2
7.520397246E1,4.250662655E-2,5.442822218E-2,-2.265211344E-2,7.267986594E-2
7.521396046E1,3.733388722E-2,3.695615709E-2,-8.477293253E-3,5.321128811E-2
7.522394846E1,2.389406204E-2,3.551657259E-2,2.375840664E-2,4.895727745E-2
7.523393546E1,1.039401054E-2,2.211709321E-2,7.248793244E-3,2.549012104E-2
7.524392346E1,1.276944190E-2,1.480076462E-2,-1.961565435E-2,2.769287229E-2
7.525391146E1,1.051914096E-2,3.057158232E-2,-4.573107362E-2,5.600540212E-2
7.526389946E1,1.213881969E-2,2.366192758E-2,-4.531709075E-2,5.254404319E-2
7.527388746E1,3.451289803E-2,2.478166938E-2,-1.250485539E-2,4.429043549E-2
7.528387546E1,5.834088653E-2,-1.073548794E-3,2.547281027E-2,6.366848209E-2
7.529386346E1,3.404979855E-2,-6.326979697E-3,7.880292535E-3,3.551786119E-2
7.530385146E1,7.873860598E-3,-1.877219349E-2,-6.665825844E-4,2.036755414E-2
7.531383946E1,3.368288577E-3,-2.554005325E-2,-2.198553085E-4,2.576214324E-2
7.532382746E1,-1.246041656E-3,-3.773062080E-2,9.543240666E-3,3.893874431E-2
7.533381546E1,-1.042997092E-2,-1.824126631E-2,9.944359660E-3,2.324690042E-2
7.534380346E1,-1.635203093E-2,-9.053243995E-3,-2.243576646E-2,2.920126297E-2
7.535379146E1,-1.169121534E-2,-1.486683816E-2,2.060968101E-2,2.797259988E-2
7.536377946E1,1.875552893E-2,-3.772126526E-2,4.823835969E-2,6.404375897E-2
7.537376746E1,6.387410671E-2,1.967792720E-2,5.969656348E-2,8.961474219E-2
7.538375546E1,-2.289184928E-3,4.061534464E-2,4.676836967E-2,6.198489324E-2
7.539374346E1,-6.567475677E-2,-3.884188414E-2,7.274053216E-2,1.054184550E-1
7.540373046E1,-1.104211593E-1,-3.958564997E-2,8.145580709E-2,1.428107300E-1
7.541371846E1,-1.376627523E-1,-4.131876469E-2,1.125659180E-1,1.825633029E-1
7.542370646E1,-1.243878186E-1,-4.692741394E-2,1.423259068E-1,1.947592753E-1
7.543369446E1,-1.263302636E-1,-3.469006866E-2,1.503231436E-1,1.993985553E-1
7.544368246E1,-9.809669048E-2,1.461803913E-2,9.190068841E-2,1.352123673E-1
7.545367046E1,-6.312069297E-2,2.499392331E-2,7.883216143E-3,6.834517671E-2
7.546365846E1,-6.658107519E-2,4.234641284E-2,-3.536863804E-2,8.647079744E-2
7.547364646E1,-7.069546849E-2,4.280951232E-2,-1.829418361E-2,8.464739076E-2
7.548363446E1,-4.668183088E-2,4.961157829E-2,-4.737998843E-3,6.828580136E-2
7.549362246E1,-8.697733283E-4,1.598307163E-2,7.517180443E-3,1.768397823E-2
7.550361046E1,2.342102230E-2,-2.357334226E-2,1.421282709E-2,3.614209740E-2
7.551359846E1,4.140296459E-2,-3.267511815E-2,-3.748065233E-3,5.287642968E-2
7.552358646E1,4.622691751E-2,-3.659304500E-2,-2.099384308E-2,6.258370628E-2
7.553357446E1,4.925723702E-2,-2.282986879E-2,-2.611600399E-2,6.024553072E-2
7.554356246E1,3.952776253E-2,-2.224280834E-2,-2.509040236E-2,5.183352993E-2
7.555355046E1,1.251216441E-2,-2.486411512E-2,-3.005936623E-2,4.096759667E-2
7.556353846E1,-3.314289540E-2,-1.715953141E-2,-7.674470544E-3,3.810247409E-2
7.557352646E1,-1.566089004E-2,-1.819624275E-2,1.313752413E-2,2.736715673E-2
7.558351346E1,-4.899089634E-3,-1.924757212E-2,2.124585807E-2,2.908361389E-2
7.559350146E1,-3.978445530E-3,7.639094889E-3,2.570494473E-2,2.710955520E-2
7.560348946E1,-1.501184911E-2,-1.403039396E-2,-7.456954122E-3,2.185895087E-2
7.561347746E1,-1.328633577E-2,-2.785993606E-2,-1.376142204E-2,3.379466662E-2
7.562346546E1,-4.059312522E-2,-5.047696620E-2,-2.919105470E-2,7.104817807E-2
7.563345346E1,-9.357533097E-2,-5.925743759E-2,1.325797677E-2,1.115507079E-1
7.564344146E1,-1.327160078E-1,-5.259453535E-2,6.244066179E-2,1.558157891E-1
7.565342946E1,-1.181903547E-1,-7.025721967E-2,5.440249443E-2,1.478670628E-1
7.566341746E1,-6.041547865E-2,-1.040438935E-1,4.276945889E-2,1.276886387E-1
7.567340546E1,-4.808516264E-2,-1.616655725E-1,4.894996583E-2,1.756247117E-1
7.568339346E1,-3.389543205E-2,-1.385790110E-1,4.429207385E-2,1.493814928E-1
7.569338146E1,-8.569328427E-2,-1.043257293E-1,4.111820519E-2,1.411308030E-1
7.570336946E1,-8.944339603E-2,-5.468783855E-2,7.359948814E-2,1.280928001E-1
7.571335746E1,-8.600494087E-2,-4.368630230E-2,6.594782174E-2,1.168522916E-1
7.572334546E1,-9.620716274E-2,-4.672217667E-2,5.899723649E-2,1.221452163E-1
7.573333346E1,-8.032466322E-2,-5.028400809E-2,4.285482824E-2,1.040051407E-1
7.574332146E1,-7.830561966E-2,-6.859836459E-2,2.843150139E-2,1.079159671E-1
7.575330846E1,-7.960253209E-2,-9.606127471E-2,2.027171195E-2,1.263933302E-1
7.576329646E1,-5.803887784E-2,-7.803080052E-2,-8.249251842E-3,9.759798834E-2
7.577328446E1,-9.841507137E-2,-8.749013364E-2,1.785856605E-2,1.328870879E-1
7.578327246E1,-1.284235668E-1,-7.375911713E-2,-2.440510869E-2,1.500954003E-1
7.579326046E1,-8.685074061E-2,-7.197659343E-2,-3.962716520E-2,1.195574898E-1
7.580324846E1,-8.637039185E-2,-8.466709793E-2,1.027004957E-2,1.213830135E-1
7.581323646E1,-1.000715876E-1,-9.518390000E-2,4.125795364E-2,1.441406126E-1
7.582322446E1,-1.452503917E-1,-6.358145356E-2,3.960377634E-2,1.634280778E-1
7.583321246E1,-1.496360958E-1,-1.441046298E-2,2.815902114E-2,1.529429733E-1
7.584320046E1,-1.304072347E-1,2.640544116E-2,4.292441010E-3,1.331229478E-1
7.585318846E1,-1.190156892E-1,3.373638779E-2,-5.620928407E-3,1.238324391E-1
7.586317646E1,-1.170314366E-1,5.404230595E-2,-1.640787184E-2,1.299467054E-1
7.587316446E1,-1.165031406E-1,6.910268694E-2,-2.347774029E-2,1.374749701E-1
7.588315246E1,-1.200164402E-1,8.321231067E-2,-2.767253280E-2,1.486405181E-1
7.589314046E1,-8.066117048E-2,9.964298666E-2,-2.543012559E-2,1.306967502E-1
7.590312846E1,-4.004290223E-2,8.689167112E-2,-2.219486117E-2,9.821511285E-2
7.591311646E1,1.953671694E-2,6.494502425E-2,-3.727950811E-2,7.739057571E-2
7.592310446E1,5.127628058E-2,5.608941615E-2,-7.073084414E-2,1.038177820E-1
7.593309146E1,8.569971621E-2,5.724862665E-2,-5.073512077E-2,1.148734046E-1
7.594307946E1,9.366011560E-2,3.476695955E-2,-3.052597404E-2,1.044643184E-1
7.595306746E1,1.255707103E-1,-1.985948324E-2,-7.442686915E-2,1.473151764E-1
7.596305546E1,2.270441678E-1,-6.190827280E-2,-6.809082627E-2,2.449858139E-1
7.597304346E1,2.672063532E-1,-8.379410863E-2,-1.372283041E-2,2.803729729E-1
7.598303146E1,2.509163028E-1,-5.273779213E-2,-3.793673515E-3,2.564267102E-1
7.599301946E1,1.687781256E-1,-4.822491109E-3,4.408215880E-3,1.689045425E-1
7.600300746E1,9.042514354E-2,-1.929610401E-2,3.418165326E-2,9.857703401E-2
7.601299546E1,7.575681835E-2,1.165730149E-2,2.612126648E-2,8.097721141E-2
7.602298346E1,6.418897927E-2,-2.852973461E-2,1.293404102E-3,7.025556000E-2
7.603297146E1,7.196694553E-2,-3.742539614E-2,-1.315857410E-2,8.217694079E-2
7.604295946E1,6.278038502E-2,-9.831713051E-2,2.438113511E-2,1.191724576E-1
7.605294746E1,4.495602518E-2,8.522901535E-3,1.648330092E-2,4.863520597E-2
7.606293546E1,2.034012437E-2,8.532374024E-2,-1.605470002E-2,8.917182684E-2
7.607292346E1,2.043134093E-2,1.069116604E-1,-8.335088968E-2,1.370945427E-1
7.608291146E1,4.040426016E-4,1.118095806E-1,-9.095402420E-2,1.441325088E-1
7.609289946E1,-5.414784819E-2,1.567384163E-1,-6.405215442E-2,1.777683861E-1
7.610288646E1,-4.152546376E-2,1.528087950E-1,-2.734158039E-3,1.583741380E-1
7.611287446E1,-1.045686811E-2,1.091584530E-1,2.963018060E-2,1.135907636E-1
7.612286246E1,4.237535655E-2,3.802912116E-2,1.496770263E-2,5.887203938E-2
7.613285046E1,7.184444636E-2,-3.531952143E-2,-8.629320860E-3,8.052054549E-2
7.614283846E1,1.253938320E-1,-1.044999763E-1,5.377333403E-2,1.718587490E-1
7.615282646E1,1.214364365E-1,-1.270775378E-1,7.006543100E-2,1.892212285E-1
7.616281446E1,8.035506874E-2,-1.553973573E-1,7.646228492E-2,1.909234317E-1
7.617280246E1,-7.036363900E-2,-1.206941324E-1,-1.100329041E-2,1.401398862E-1
7.618279046E1,-2.204888543E-1,-6.135921925E-2,1.315097272E-2,2.292449275E-1
7.619277846E1,-2.872713661E-1,-7.296740413E-3,4.001191199E-2,2.901362323E-1
7.620276646E1,-2.153310254E-1,-6.044091403E-2,1.006375980E-1,2.452518720E-1
7.621275446E1,-1.720572442E-1,-1.546240631E-1,2.046566409E-1,3.088634598E-1
7.622274246E1,-1.650107646E-1,-1.952046168E-1,2.849137688E-1,3.827652681E-1
7.623273046E1,-2.048270872E-1,-1.778252301E-1,2.901446879E-1,3.971899898E-1
7.624271846E1,-3.118168080E-1,-1.168355548E-1,2.426652968E-1,4.120275657E-1
7.625270646E1,-3.114256293E-1,-6.805925131E-2,1.882277191E-1,3.701994847E-1
7.626269446E1,-2.562244052E-1,-6.581333578E-2,9.441966891E-2,2.808868364E-1
7.627268246E1,-2.405597144E-1,-9.844664633E-2,5.037551701E-2,2.647610453E-1
7.628266946E1,-1.654899439E-1,-1.117628029E-1,4.600706220E-2,2.049255851E-1
7.629265746E1,-1.761508799E-1,-1.482412425E-1,5.300208628E-2,2.362494859E-1
7.630264546E1,-2.086438572E-1,-2.095074910E-1,5.925802231E-2,3.015578902E-1
7.631263346E1,-2.251271582E-1,-2.452807564E-1,8.949748278E-3,3.330540268E-1
7.632262146E1,-2.478339431E-1,-2.587410468E-1,1.958057106E-2,3.588202773E-1
7.633260946E1,-2.867845854E-1,-2.691645858E-1,1.947649062E-2,3.937947516E-1
7.634259746E1,-3.516737688E-1,-2.367850444E-1,2.657851875E-2,4.247917308E-1
7.635258546E1,-3.420074442E-1,-2.027390465E-1,2.508221626E-2,3.983733556E-1
7.636257346E1,-3.456338874E-1,-2.164855582E-1,5.280094206E-2,4.112380338E-1
7.637256146E1,-3.211700141E-1,-2.730573696E-1,9.310463011E-2,4.317163157E-1
7.638254946E1,-2.860121682E-1,-2.836405376E-1,9.377355158E-2,4.135799728E-1
7.639253746E1,-3.236501107E-1,-2.550958925E-1,2.764914393E-2,4.130227399E-1
7.640252546E1,-3.075980419E-1,-2.059900984E-1,-1.974604726E-3,3.702058550E-1
7.641251346E1,-2.413692614E-1,-1.591237879E-1,-1.293404102E-3,2.891040870E-1
7.642250146E1,-1.768221402E-1,-1.669514555E-1,9.864252806E-3,2.433848008E-1
7.643248946E1,-1.237010631E-1,-1.650385389E-1,-1.897129118E-2,2.071221432E-1
7.644247746E1,-9.237782121E-2,-1.419075385E-1,8.215922713E-3,1.695255518E-1
7.645246546E1,-9.189571828E-2,-8.928405941E-2,-2.730532765E-2,1.310039970E-1
7.646245346E1,-7.379215389E-2,-8.878119886E-2,-5.368387163E-2,1.273159115E-1
7.647244046E1,-2.239542067E-2,-7.959639251E-2,-2.088508487E-2,8.528380466E-2
7.648242846E1,2.655512989E-2,-1.093479028E-1,1.216103911E-2,1.131814015E-1
7.649241646E1,2.375636011E-2,-1.362158588E-1,4.446690559E-2,1.452461033E-1
7.650240446E1,-1.858829856E-2,-1.183970538E-1,6.643138647E-2,1.370274290E-1
7.651239246E1,-3.872026205E-2,-8.515621752E-2,5.604790092E-2,1.090513974E-1
7.652238046E1,-8.311027676E-2,-9.340897769E-2,4.566090703E-2,1.331070007E-1
7.653236846E1,-8.871220171E-2,-8.212209731E-2,3.426000595E-2,1.256488822E-1
7.654235646E1,-9.423811287E-2,-4.733642668E-2,2.852739573E-2,1.092491259E-1
7.655234446E1,-9.951259375E-2,-4.335242629E-2,3.397232294E-3,1.085989428E-1
7.656233246E1,-1.087111410E-1,-3.453043967E-2,-1.935136020E-2,1.156932954E-1
7.657232046E1,-1.119493291E-1,-7.516624957E-2,-2.211533904E-2,1.366444495E-1
7.658230846E1,-1.075022292E-1,-9.568091333E-2,2.134233713E-4,1.439152946E-1
7.659229646E1,-8.141692311E-2,-1.133339497E-1,1.324218929E-2,1.401736605E-1
7.660228446E1,-6.497952282E-2,-1.429310936E-1,-9.962486029E-3,1.573241463E-1
7.661227246E1,-4.407514215E-2,-1.404185450E-1,-4.522412002E-2,1.539649537E-1
7.662226046E1,-3.775605619E-2,-1.269103074E-1,-5.891771436E-2,1.449242663E-1
7.663224846E1,-1.138306707E-2,-1.790812120E-1,-3.440326273E-2,1.827108075E-1
7.664223646E1,3.861501217E-3,-1.514577958E-1,-2.091607511E-2,1.529439678E-1
7.665222346E1,2.356427908E-4,-1.343339324E-1,-4.423535585E-2,1.414299389E-1
7.666221146E1,2.061377406E-2,-1.438146079E-1,-1.769133568E-2,1.463576184E-1
7.667219946E1,-6.040758491E-3,-1.179307383E-1,7.862166166E-3,1.183467932E-1
7.668218746E1,3.513007164E-3,-1.046324158E-1,-3.451552927E-2,1.102343205E-1
7.669217546E1,3.760870636E-2,-1.144978380E-1,-1.025923222E-1,1.582698780E-1
7.670216346E1,2.735736787E-2,-6.523095310E-2,-1.263150609E-1,1.447722260E-1
7.671215146E1,-2.258954823E-2,-3.747655928E-2,-1.041763330E-1,1.129933119E-1
7.672213946E1,-4.970571846E-2,3.300460875E-3,-8.123361290E-2,9.529140231E-2
7.673212746E1,-6.096365511E-2,-3.277042776E-2,-4.991592586E-2,8.533503287E-2
7.674211546E1,-6.091892391E-2,-5.208290398E-2,-4.436750293E-2,9.160905793E-2
7.675210346E1,-4.268818259E-2,-4.597870320E-2,-7.021745861E-2,9.416375935E-2
7.676209146E1,-1.650435090E-2,-6.379867762E-2,-6.394281149E-2,9.182237204E-2
7.677207946E1,-2.696882039E-2,-8.484689981E-2,-6.324991643E-2,1.092101900E-1
7.678206746E1,-8.608534008E-2,-6.259882897E-2,-7.210610926E-2,1.285635647E-1
7.679205546E1,-1.196542051E-1,-3.304203093E-2,-4.366759121E-2,1.315893732E-1
7.680204346E1,-1.406036094E-1,6.579579413E-3,-1.095768213E-2,1.411833440E-1
7.681203146E1,-1.517419705E-1,2.084561616E-2,2.449398637E-3,1.531866994E-1
7.682201888E1,-1.417543414E-1,-4.417571425E-4,-2.947113633E-2,1.447861745E-1
7.683200687E1,-9.768650830E-2,-2.328565925E-2,-3.003246903E-2,1.048180568E-1
7.684199388E1,-5.237789601E-2,-5.692118257E-2,-2.410748541E-2,8.102244053E-2
7.685198188E1,-5.551463485E-2,-5.500563473E-2,-8.964366317E-3,7.866291628E-2
7.686196988E1,-6.810485959E-2,-5.177212447E-2,1.539513409E-2,8.692315529E-2
7.687195788E1,-3.820073694E-2,-6.935207069E-2,2.869813442E-3,7.922904670E-2
7.688194588E1,-1.344187170E-2,-6.417786956E-2,-4.069018900E-2,7.716977606E-2
7.689193388E1,5.015800059E-2,-6.558587909E-2,-6.286867797E-2,1.037776625E-1
7.690192188E1,9.727866501E-2,-1.224713936E-1,-4.810270429E-2,1.636345046E-1
7.691190987E1,4.388393819E-2,-1.095738977E-1,-6.860187292E-2,1.365227309E-1
7.692189788E1,5.802689105E-2,-1.135324627E-1,-9.661763728E-2,1.599740854E-1
7.693188588E1,7.624856919E-2,-1.343891886E-1,-4.646899223E-2,1.613495136E-1
7.694187387E1,1.061705258E-1,-1.876505989E-1,-8.374382257E-3,2.157662117E-1
7.695186188E1,1.331694594E-1,-2.150380799E-1,7.855149508E-3,2.530556937E-1
7.696184988E1,1.659030497E-1,-2.319780484E-1,1.265162051E-2,2.854780208E-1
7.697183787E1,1.332597989E-1,-2.397381806E-1,-1.431281447E-2,2.746587445E-1
7.698182588E1,1.044026202E-1,-2.240957093E-1,-6.795517087E-2,2.563916911E-1
7.699181388E1,7.235461593E-2,-1.866302598E-1,-1.081635493E-1,2.275201039E-1
7.700180187E1,5.025126368E-2,-1.628525573E-1,-1.535221553E-1,2.293800276E-1
7.701178988E1,4.105242401E-2,-1.099855417E-1,-1.839610058E-1,2.182287162E-1
7.702177688E1,4.273963809E-2,-9.613728851E-2,-1.687798798E-1,1.988861552E-1
7.703176488E1,2.888319880E-2,-6.066252351E-2,-1.961045033E-1,2.072948555E-1
7.704175288E1,3.986339271E-2,-3.454213411E-2,-2.231882215E-1,2.293365023E-1
7.705174088E1,2.900365144E-2,-4.766416311E-2,-2.680679405E-1,2.738129014E-1
7.706172888E1,5.441418886E-2,-5.039773643E-2,-2.694373584E-1,2.794589878E-1
7.707171688E1,4.683590502E-2,-3.112706780E-2,-2.360895181E-1,2.426947813E-1
7.708170487E1,8.041061729E-2,-1.597050011E-2,-2.272514516E-1,2.415867267E-1
7.709169288E1,7.339191198E-2,-1.644821763E-3,-2.166101038E-1,2.287116422E-1
7.710168088E1,5.655748576E-2,5.376514792E-4,-1.814601517E-1,1.900705788E-1
7.711166887E1,8.496589065E-2,7.463970780E-4,-9.445475221E-2,1.270490452E-1
7.712165688E1,1.200161478E-1,1.326177746E-2,-8.510680854E-2,1.477258249E-1
7.713164488E1,1.235639459E-1,-1.127167761E-2,-1.431468558E-1,1.894363264E-1
7.714163287E1,1.471182847E-1,-3.882492721E-2,-1.597330678E-1,2.206033037E-1
7.715162088E1,1.498062497E-1,-4.205259025E-2,-1.825483185E-1,2.398629221E-1
7.716160888E1,1.332133135E-1,-4.245049328E-2,-1.945175689E-1,2.395514891E-1
7.717159687E1,1.836782929E-1,-5.215833306E-2,-2.081480134E-1,2.824602671E-1
7.718158488E1,2.103047588E-1,-1.242916319E-1,-2.461057985E-1,3.467629816E-1
7.719157288E1,2.486081144E-1,-1.893620789E-1,-2.176526624E-1,3.808368062E-1
7.720156087E1,2.559358451E-1,-2.271552649E-1,-1.318944740E-1,3.667408124E-1
7.721154788E1,2.911010000E-1,-2.243795916E-1,-4.870555222E-2,3.707535896E-1
7.722153587E1,3.398302335E-1,-2.154237038E-1,-3.315078914E-2,4.037213576E-1
7.723152388E1,3.270376951E-1,-2.045022744E-1,-1.126723373E-1,4.018331617E-1
7.724151188E1,2.931627283E-1,-1.935706124E-1,-1.644985485E-1,3.879094478E-1
7.725149987E1,2.814203498E-1,-1.597096789E-1,-2.074849391E-1,3.843885986E-1
7.726148788E1,3.041628027E-1,-1.241246939E-1,-2.754488808E-1,4.287120667E-1
7.727147588E1,2.681328446E-1,-9.136976123E-2,-3.120963049E-1,4.214828100E-1
7.728146387E1,1.870971599E-1,-6.187202007E-2,-3.144457161E-1,3.710924447E-1
7.729145188E1,1.559224373E-1,-5.399406642E-2,-2.579212672E-1,3.061871090E-1
7.730143988E1,1.331685823E-1,-9.277952492E-2,-2.023949379E-1,2.594332716E-1
7.731142787E1,1.472153485E-1,-1.435345262E-1,-1.683249664E-1,2.657213077E-1
7.732141588E1,1.191773647E-1,-1.728550968E-1,-1.624356508E-1,2.654570952E-1
7.733140388E1,1.191981223E-1,-2.296295142E-1,-1.317950714E-1,2.903581358E-1
7.734139187E1,1.404372561E-1,-2.631720668E-1,-9.692987859E-2,3.136519743E-1
7.735137988E1,1.723013654E-1,-2.409915313E-1,-8.984831572E-2,3.095761595E-1
7.736136788E1,1.835075542E-1,-2.124439627E-1,-1.742750931E-1,3.304228621E-1
7.737135587E1,2.131649244E-1,-2.241196829E-1,-2.049870086E-1,3.710641332E-1
7.738134388E1,2.435783395E-1,-2.632170904E-1,-2.200073361E-1,4.207337306E-1
7.739133188E1,2.169100660E-1,-2.769592166E-1,-1.799129784E-1,3.951266432E-1
7.740131988E1,1.631735694E-1,-2.730597085E-1,-1.449209011E-1,3.495558406E-1
7.741130688E1,1.581715688E-1,-1.754313800E-1,-1.359214514E-1,2.725234948E-1
7.742129487E1,1.182880032E-1,-1.180544069E-1,-1.529210615E-1,2.265253755E-1
7.743128288E1,1.595360166E-1,-6.464564681E-2,-1.385100138E-1,2.209430338E-1
7.744127088E1,8.739190042E-2,-1.148352224E-1,-1.677554476E-1,2.212834444E-1
7.745125887E1,3.444185436E-2,-1.267135486E-1,-2.023733032E-1,2.412416186E-1
7.746124688E1,-1.549190551E-2,-1.356823003E-1,-1.568825501E-1,2.079947602E-1
7.747123488E1,1.180202007E-2,-1.685337120E-1,-6.828670800E-2,1.822250648E-1
7.748122287E1,7.077060521E-2,-9.441265225E-2,1.349888206E-2,1.187621458E-1
7.749121088E1,3.663514495E-2,-2.598122567E-2,1.896895230E-2,4.875427247E-2
7.750119888E1,3.599224359E-2,-9.577622294E-2,-1.391169548E-2,1.032572600E-1
7.751118687E1,-3.671934485E-2,-7.408100635E-2,-2.799296021E-2,8.729210508E-2
7.752117488E1,-9.949592918E-2,-5.312370837E-2,-3.257717729E-2,1.174003441E-1
7.753116288E1,-1.334536341E-1,-9.020996600E-2,9.254388213E-3,1.613485485E-1
7.754115087E1,-7.589744389E-2,-1.014342812E-1,2.235507488E-2,1.286432461E-1
7.755113888E1,-1.056018841E-1,-8.177418798E-2,-1.758140802E-2,1.347140737E-1
7.756112688E1,-1.271035579E-1,-5.911885858E-2,-2.007699966E-2,1.416101684E-1
7.757111488E1,-8.351548880E-2,-3.519556046E-2,5.782896280E-4,9.063056198E-2
7.758110288E1,4.564424247E-2,5.008198678E-2,8.815086901E-2,1.111853317E-1
7.759109088E1,5.006122917E-2,3.602031022E-2,6.801247358E-2,9.181114299E-2
7.760107888E1,1.296181530E-1,1.247444987E-1,6.072041094E-2,1.898658048E-1
7.761106588E1,2.143878695E-1,1.763888615E-1,4.956918597E-2,2.820147040E-1
7.762105387E1,2.519907287E-1,2.186569217E-1,4.273554504E-2,3.363577018E-1
7.763104188E1,2.308577219E-1,2.020835736E-1,1.597459316E-3,3.068152707E-1
7.764102988E1,5.546961129E-3,6.839195788E-2,-1.033021742E-1,1.240143858E-1
7.765101787E1,-1.350458309E-1,-4.685958624E-2,-1.487297773E-1,2.062855883E-1
7.766100588E1,-9.870100021E-2,-5.886538178E-2,-6.031987667E-2,1.297902467E-1
7.767099388E1,1.344181323E-1,2.900043547E-2,2.816954613E-2,1.403666017E-1
7.768098187E1,2.849073368E-1,2.162139550E-1,6.781600714E-3,3.577242723E-1
7.769096988E1,2.527420959E-1,2.208160061E-1,-5.439080000E-3,3.356603330E-1
7.770095788E1,2.237457535E-1,1.980203435E-1,4.844067335E-2,3.026891433E-1
7.771094587E1,1.928943819E-1,1.494428453E-1,8.901216388E-2,2.597394307E-1
7.772093388E1,1.081553632E-1,1.163970137E-1,3.699299455E-2,1.631389868E-1
7.773092188E1,2.696531206E-2,1.122899294E-1,-5.044977665E-3,1.155924223E-1
7.774090988E1,2.203523219E-3,5.838649482E-2,1.778606057E-2,6.107521790E-2
7.775089788E1,2.686824828E-2,8.442560792E-2,5.707057893E-2,1.053880307E-1
7.776088588E1,8.037904233E-2,1.113798103E-1,2.749068439E-2,1.400785148E-1
7.777087388E1,6.846329391E-2,1.344716343E-1,-1.562200606E-2,1.517032964E-1
7.778086188E1,5.104209960E-2,1.336211568E-1,-2.853792071E-2,1.458571986E-1
7.779084988E1,9.617880374E-2,1.787584457E-1,4.363133848E-2,2.076261975E-1
7.780083788E1,1.358454376E-1,2.925712824E-1,3.357003450E-2,3.243129437E-1
7.781082488E1,1.017669877E-1,3.213521549E-1,2.139496207E-3,3.370879777E-1
7.782081287E1,2.306492686E-2,2.715458643E-1,-2.609729290E-2,2.737703709E-1
7.783080146E1,2.470448613E-3,2.160613427E-1,1.713234186E-4,2.160755337E-1
7.784078946E1,4.734958291E-2,1.844214740E-1,4.789103508E-2,1.963334264E-1
7.785077746E1,4.870321333E-2,2.287413222E-1,1.433269501E-2,2.343075364E-1
7.786076546E1,3.488098025E-2,2.142390579E-1,-6.685121655E-3,2.171629516E-1
7.787075346E1,5.581459701E-3,1.440151674E-1,8.472030759E-3,1.443720763E-1
7.788074146E1,7.791853398E-2,1.433108702E-1,7.475489795E-2,1.794368921E-1
7.789072946E1,1.141981682E-1,1.028633407E-1,7.081621349E-2,1.692247753E-1
7.790071746E1,1.526254848E-1,8.775764376E-2,-1.143715382E-3,1.760603610E-1
7.791070546E1,1.729805195E-1,4.961479425E-2,-3.615742743E-2,1.835517570E-1
7.792069346E1,1.950730544E-1,4.556355089E-2,-3.898455620E-2,2.040816733E-1
7.793068146E1,2.186694932E-1,1.018204898E-1,-1.348134041E-2,2.415895402E-1
7.794066946E1,2.161823800E-1,9.227491021E-2,2.058278382E-2,2.359515448E-1
7.795065746E1,1.606981507E-1,9.295991153E-2,3.524058402E-2,1.889638578E-1
7.796064546E1,1.439938250E-1,8.251883090E-2,8.202240229E-2,1.851249674E-1
7.797063346E1,9.208165973E-2,4.550917178E-2,1.289047927E-1,1.648228211E-1
7.798062146E1,1.056726354E-1,-3.182259411E-2,1.180055827E-1,1.615694925E-1
7.799060946E1,5.707759559E-2,-1.004659823E-1,1.451173675E-1,1.855001775E-1
7.800059746E1,-4.132636607E-2,-7.729142010E-2,2.192933911E-1,2.361597416E-1
7.801058446E1,-2.217731953E-2,-1.510756803E-1,3.017958498E-1,3.382254124E-1
7.802057246E1,-1.674350202E-2,-3.430257368E-1,2.947160411E-1,4.525533624E-1
7.803056046E1,8.934691697E-2,-5.548580807E-1,4.523265696E-1,7.214219895E-1
7.804054846E1,-1.869559497E-2,-6.854717222E-1,8.414289504E-1,1.085460126E0
7.805053646E1,-1.188417345E-1,-6.702274463E-1,9.225257385E-1,1.146464969E0
7.806052446E1,-9.775638252E-2,-6.198937368E-1,7.483845466E-1,9.766800832E-1
7.807051246E1,-3.600042969E-2,-5.986262441E-1,6.281675470E-1,8.684721516E-1
7.808050046E1,5.792661130E-2,-5.590581357E-1,2.955855221E-1,6.350372369E-1
7.809048846E1,1.281344220E-1,-2.910925215E-1,6.671029866E-2,3.249669986E-1
7.810047646E1,-1.855175346E-2,-5.046000928E-2,6.687869847E-2,8.580874315E-2
7.811046446E1,-2.001627633E-1,3.573204249E-2,-7.564133584E-2,2.169412878E-1
7.812045246E1,-4.044156539E-1,9.284033597E-2,-9.491902113E-2,4.256535795E-1
7.813044046E1,-5.313440877E-1,3.051527363E-1,-2.534861541E-1,6.630987576E-1
7.814042846E1,-5.133329093E-1,4.613947240E-1,-3.919768721E-1,7.937516207E-1
7.815041646E1,-4.593774346E-1,4.139121169E-1,-3.958313566E-1,7.341888931E-1
7.816040446E1,-2.918532443E-1,1.988269669E-1,-3.603674090E-1,5.045544058E-1
7.817039246E1,-9.293652266E-2,4.172485381E-2,-2.924946839E-1,3.097277849E-1
7.818038046E1,-2.594029516E-2,-8.910074919E-2,-3.061800921E-1,3.199345108E-1
7.819036846E1,1.467028400E-1,-2.153579226E-1,-2.624557829E-1,3.698429343E-1
7.820035646E1,2.225195923E-1,-1.469066155E-1,-2.098951614E-1,3.393412758E-1
7.821034446E1,1.914746779E-1,3.878019601E-2,-1.267003924E-1,2.328506932E-1
7.822033246E1,2.204640037E-1,9.704185277E-2,-1.669409305E-1,2.930712753E-1
7.823031946E1,2.914629427E-1,2.261963215E-1,-1.965646791E-1,4.180348023E-1
7.824030746E1,2.639605638E-1,2.790186059E-1,-2.428296036E-1,4.544147644E-1
7.825029546E1,2.307644588E-1,3.738668758E-1,-1.496764416E-1,4.641462198E-1
7.826028346E1,2.637754995E-1,3.199833217E-1,4.980015099E-2,4.176684036E-1
7.827027146E1,2.614670187E-1,2.159537539E-1,1.686863244E-1,3.787559923E-1
7.828025946E1,2.048668483E-1,9.764850140E-2,1.569480389E-1,2.759317711E-1
7.829024746E1,1.315845716E-1,3.038213253E-2,8.881452799E-2,1.616341358E-1
7.830023546E1,8.867770314E-2,-2.610050887E-2,-1.739903337E-1,1.970218460E-1
7.831022346E1,3.823465079E-2,-3.407172561E-3,-3.479093313E-1,3.500205711E-1
7.832021146E1,-1.072677559E-1,1.087912479E-1,-4.458449310E-1,4.712956711E-1
7.833019946E1,-5.986613274E-2,5.395576715E-2,-5.111998451E-1,5.175137295E-1
7.834018746E1,-2.850722283E-2,1.520819861E-1,-5.037212563E-1,5.269503736E-1
7.835017546E1,3.365686566E-2,7.727358609E-2,-3.366113412E-1,3.470031509E-1
7.836016346E1,-1.030600995E-2,1.713511929E-1,-2.754424489E-1,3.245550612E-1
7.837015146E1,-1.849912852E-1,3.862933785E-1,-3.158677590E-1,5.321811637E-1
7.838013946E1,-3.580586359E-1,6.737916166E-1,-2.579674602E-1,8.054491541E-1
7.839012746E1,-6.900416136E-1,9.571123114E-1,-4.794477099E-1,1.273613565E0
7.840011546E1,-5.878632742E-1,9.911083156E-1,-6.334464133E-1,1.314965125E0
7.841010346E1,-5.223127708E-1,9.880478829E-1,-4.703897882E-1,1.212565793E0
7.842009146E1,-5.954979837E-1,9.573757285E-1,-2.435774624E-1,1.153480002E0
7.843007946E1,-4.294449529E-1,6.856214109E-1,-1.185142905E-1,8.176462094E-1
7.844006646E1,-2.139811957E-1,1.740821350E-1,-1.573310316E-1,3.175619551E-1
7.845005446E1,1.455898225E-2,-2.588135523E-1,1.846351898E-1,3.182555139E-1
7.846004246E1,1.269252178E-1,-5.720570809E-1,7.444522941E-1,9.474009357E-1
7.847003046E1,3.038596246E-1,-7.563934779E-1,1.263679197E0,1.503777536E0
7.848001846E1,4.513880914E-1,-4.918499467E-1,1.351549984E0,1.507433229E0
7.849000646E1,5.425672334E-1,-7.190087199E-2,5.842479408E-1,8.005589263E-1
7.849999446E1,5.923969129E-1,5.271797007E-1,-3.137189072E-1,8.528024930E-1
7.850998246E1,4.150526163E-1,8.015737438E-1,-8.666333735E-1,1.251336304E0
7.851997046E1,1.253774598E-1,9.359784275E-1,-9.867006844E-1,1.365779398E0
7.852995846E1,-1.506359696E-2,9.616208071E-1,-7.634867352E-1,1.227946857E0
7.853994646E1,6.765228510E-3,7.022029451E-1,-1.626408881E-1,7.208236975E-1
7.854993446E1,1.829646403E-1,3.444609359E-1,4.286722434E-1,5.795595639E-1
7.855992246E1,2.869485998E-1,-8.604177833E-4,7.702309138E-1,8.219464093E-1
7.856991046E1,2.276014075E-1,-2.194252458E-1,8.756813550E-1,9.310035847E-1
7.857989846E1,3.058383223E-1,-9.145630002E-2,9.076656246E-1,9.621633023E-1
7.858988646E1,3.999583215E-1,1.725639054E-1,6.979640061E-1,8.227385454E-1
7.859987446E1,3.444942650E-1,3.792603475E-1,2.222053045E-1,5.584710442E-1
7.860986246E1,3.740478471E-1,6.139102811E-1,-3.012204838E-1,7.794430094E-1
7.861985046E1,4.728543895E-1,7.430574408E-1,-5.228796583E-1,1.024269872E0
7.862983846E1,4.093796477E-1,8.864966574E-1,-3.751170105E-1,1.046030970E0
7.863982646E1,4.342680287E-1,7.754565704E-1,-4.492240369E-2,8.899099031E-1
7.864981446E1,4.749193338E-1,5.979684323E-1,1.944398010E-1,7.879856952E-1
7.865980146E1,4.766968873E-1,5.376973799E-1,3.774710995E-1,8.116913364E-1
7.866978946E1,5.066068572E-1,5.046810767E-1,4.316379511E-1,8.352633224E-1
7.867977746E1,7.014699966E-1,5.842888713E-1,4.591186953E-1,1.021882389E0
7.868976546E1,7.217215356E-1,6.860780784E-1,3.591201979E-1,1.058561487E0
7.869975346E1,6.279690340E-1,7.289299831E-1,2.593807322E-1,9.964749832E-1
7.870974146E1,5.776288927E-1,8.154617581E-1,1.470884639E-1,1.010083181E0
7.871972946E1,6.329754201E-1,7.001406321E-1,2.003449041E-1,9.648797167E-1
7.872971746E1,6.594597986E-1,8.326496485E-1,2.396855557E-1,1.088871815E0
7.873970546E1,4.791313756E-1,8.699604392E-1,1.439321369E-1,1.003550946E0
7.874969346E1,6.135009760E-1,9.463174742E-1,1.931341177E-1,1.144203215E0
7.875968146E1,4.814550591E-1,7.093456113E-1,1.388889134E-1,8.684816063E-1
7.876966946E1,2.961041701E-1,5.632166755E-1,1.327610314E-1,6.500124573E-1
7.877965746E1,4.447281128E-1,7.681621689E-1,1.280277103E-1,8.967983645E-1
7.878964546E1,2.885340723E-1,5.958444312E-1,4.058727801E-2,6.632720590E-1
7.879963346E1,3.479841757E-1,6.611932057E-1,6.895796835E-2,7.503496806E-1
7.880962146E1,3.833741561E-1,5.072667155E-1,5.827218175E-2,6.385067825E-1
7.881960946E1,3.531829351E-1,4.529133376E-1,1.208093226E-2,5.744689948E-1
7.882959750E1,3.728377658E-1,3.777307159E-1,-5.922060013E-2,5.340370519E-1
7.883958550E1,2.534013695E-1,1.122185934E-1,-6.822004974E-2,2.854106549E-1
7.884957350E1,2.109599394E-1,2.514010370E-1,2.249774694E-2,3.289570276E-1
7.885956150E1,1.713962165E-1,1.655606952E-1,5.645545185E-2,2.448963553E-1
7.886954950E1,1.277730641E-1,1.887615699E-1,-9.341687143E-2,2.463404109E-1
7.887953750E1,-2.008381167E-1,-2.194974589E-1,-2.606495780E-1,3.955417628E-1
7.888952550E1,-3.596303675E-1,-1.573421413E-1,-7.063728869E-2,3.988485642E-1
7.889951250E1,-1.063997367E-1,8.914343387E-2,1.161970389E-1,1.810226716E-1
7.890950050E1,-8.331551403E-2,2.148647100E-2,2.292704952E-1,2.448838567E-1
7.891948850E1,1.553064331E-1,2.223538238E-1,2.532394016E-1,3.710680607E-1
7.892947650E1,3.031208289E-1,-6.045845568E-2,-1.689845324E-2,3.095529349E-1
7.893946450E1,1.340102890E-1,1.494293967E-1,-3.951975185E-1,4.432482157E-1
7.894945250E1,-2.153547066E-1,-4.170561647E-1,-1.573719621E-1,4.950549754E-1
7.895944050E1,-2.701723534E-1,-4.846473464E-1,9.669248164E-2,5.632278286E-1
7.896942850E1,-6.907608211E-2,-3.205896780E-1,2.280759090E-1,3.994594686E-1
7.897941650E1,1.272354126E-3,-2.710158142E-1,1.231072783E-2,2.712982574E-1
7.898940450E1,-1.440680847E-1,-2.085956177E-1,-2.773129731E-1,3.757262698E-1
7.899939250E1,-3.623753428E-1,-4.022825897E-1,-2.150015348E-1,5.825571483E-1
7.900938050E1,-3.139829090E-1,-3.221175554E-1,-9.963304639E-2,4.607295634E-1
7.901936850E1,-1.962936607E-1,-4.713569176E-1,1.451027495E-1,5.308138590E-1
7.902935650E1,-1.754457057E-3,-4.059414849E-1,1.121045727E-1,4.211401221E-1
7.903934450E1,-6.357385218E-3,-2.630469364E-1,-9.198313415E-2,2.787382357E-1
7.904933250E1,-3.036517560E-2,-2.278344190E-1,-1.858736300E-1,2.956003598E-1
7.905932050E1,-6.662375987E-2,-2.633492374E-1,-1.640056282E-1,3.173159188E-1
7.906930850E1,2.274683833E-2,-1.735237259E-1,-9.769235551E-2,2.004287864E-1
7.907929650E1,-3.351214707E-2,-1.564647666E-1,-1.072782809E-1,1.926471301E-1
7.908928450E1,-1.432217002E-2,2.702027589E-2,-1.058012742E-1,1.101323271E-1
7.909927250E1,5.641101301E-3,8.376136422E-3,-1.435257554E-1,1.438805899E-1
7.910926050E1,1.039918533E-1,1.293807560E-1,-1.691301280E-1,2.369782391E-1
7.911924750E1,1.768855825E-1,7.517677456E-2,-2.485247916E-1,3.141729281E-1
7.912923550E1,2.082269508E-1,5.827247411E-2,-3.386531889E-1,4.017961257E-1
7.913922350E1,2.314038518E-1,1.679893363E-1,-3.191913164E-1,4.285455124E-1
7.914921150E1,1.737351027E-1,1.358436835E-1,-1.869413316E-1,2.891097607E-1
7.915919950E1,1.308606863E-1,-1.076150805E-2,-1.266302258E-1,1.824158528E-1
7.916918750E1,1.707366505E-1,1.278891313E-1,-1.867191374E-1,2.834972134E-1
7.917917550E1,1.739847788E-1,4.333488464E-2,-2.071978408E-1,2.740064976E-1
7.918916350E1,3.643341601E-1,6.674041182E-2,-2.049589419E-1,4.233223720E-1
7.919915150E1,3.517953908E-1,-6.672550142E-2,-1.224494666E-1,3.784258995E-1
7.920913950E1,2.367885527E-1,-9.480003029E-2,3.411207139E-2,2.573314941E-1
7.921912750E1,1.529119983E-1,-6.308560967E-2,1.511856079E-2,1.661037154E-1
7.922911550E1,2.913992080E-1,1.547377914E-1,1.527193326E-1,3.635663310E-1
7.923910350E1,1.731416103E-1,-7.344716817E-2,2.803506017E-1,3.375928962E-1
7.924909150E1,7.023763150E-2,-4.459174365E-2,3.075647128E-1,3.186185823E-1
7.925907950E1,-1.737514749E-1,7.239233047E-2,7.219498694E-2,2.015994561E-1
7.926906750E1,-3.237895668E-2,4.420202672E-2,1.158327574E-1,1.281383771E-1
7.927905550E1,-4.792377949E-3,-1.539832082E-1,2.262287736E-1,2.737028559E-1
7.928904350E1,-1.507014585E-1,-3.462022367E-1,3.581887364E-1,5.204479697E-1
7.929903150E1,-3.214538965E-1,-2.165221033E-1,3.636775178E-1,5.314844924E-1
7.930901950E1,-7.919550741E-1,-2.193123946E-1,3.613702065E-1,8.977077430E-1
7.931900750E1,-9.369856104E-1,-4.012540644E-1,3.703456825E-1,1.084482726E0
7.932899550E1,-8.757409966E-1,-6.233944649E-1,2.248687112E-1,1.098229889E0
7.933898250E1,-7.913159734E-1,-6.040027589E-1,7.304224849E-2,9.981660546E-1
7.934897050E1,-8.799571314E-1,-6.572401956E-1,1.035407406E-1,1.103181722E0
7.935895850E1,-9.944590625E-1,-5.464217180E-1,2.429401159E-2,1.134951858E0
7.936894650E1,-9.893029878E-1,-5.517108169E-1,-5.812132359E-2,1.134232479E0
7.937893450E1,-9.515185726E-1,-5.709636515E-1,4.791208506E-3,1.109689164E0
7.938892250E1,-8.341737252E-1,-4.940827060E-1,1.188727248E-1,9.767774818E-1
7.939891050E1,-8.341541371E-1,-3.706017905E-1,1.164057845E-1,9.201679837E-1
7.940889850E1,-7.044558772E-1,-2.181794965E-1,5.164787114E-2,7.392752385E-1
7.941888650E1,-7.481500733E-1,-4.428143191E-1,7.082966208E-2,8.722556359E-1
7.942887450E1,-5.582351401E-1,-6.435553721E-1,2.424752623E-1,8.857676001E-1
7.943886250E1,-6.976345155E-1,-8.508312732E-1,2.967520416E-1,1.139591833E0
7.944885050E1,-6.532456702E-1,-6.389539057E-1,3.527870786E-1,9.795155548E-1
7.945883850E1,-7.491859075E-1,-6.474499100E-1,3.842860293E-1,1.062142487E0
7.946882650E1,-6.748835841E-1,-6.575302175E-1,5.270235801E-1,1.079614604E0
7.947881450E1,-6.489269167E-1,-6.746999815E-1,2.003548443E-1,9.573234939E-1
7.948880250E1,-5.201647961E-1,-7.427481231E-1,1.818115693E-1,9.248251923E-1
7.949879050E1,-3.537518692E-1,-6.216759682E-1,1.413038135E-2,7.154167052E-1
7.950877850E1,-3.429950389E-1,-5.703958869E-1,1.007633132E-1,6.731644003E-1
7.951876650E1,-3.776105556E-1,-4.175888461E-1,1.451618063E-1,5.814139026E-1
7.952875450E1,-3.940090719E-1,-2.644748265E-1,1.662445271E-1,5.028193765E-1
7.953874250E1,-4.755011317E-1,-3.693779683E-1,9.140250564E-2,6.090121737E-1
7.954873050E1,-3.956842992E-1,-3.343367743E-1,3.794667542E-2,5.194103325E-1
7.955871850E1,-2.739052159E-1,-3.281644535E-1,4.422249198E-2,4.297343419E-1
7.956870550E1,-1.861502033E-1,-2.322227544E-1,-3.297595739E-2,2.994440175E-1
7.957869350E1,-2.393934873E-1,3.448512375E-2,-3.220044118E-1,4.027223693E-1
7.958868150E1,-1.562422800E-1,9.655390263E-2,-2.170825589E-1,2.843574222E-1
7.959866950E1,-1.118969965E-1,-4.621054530E-3,-7.113196313E-2,1.326727106E-1
7.960865750E1,-2.119966507E-1,-1.637629688E-1,5.972696900E-2,2.744598344E-1
7.961864550E1,-6.206000805E-2,-8.558218718E-2,1.554698628E-1,1.880070041E-1
7.962863350E1,-8.882125229E-2,-8.845404714E-2,1.843738192E-1,2.229507536E-1
7.963862150E1,-2.395855683E-1,-5.529770315E-2,3.018940830E-1,3.893573139E-1
7.964860950E1,-1.658182651E-1,2.207478860E-1,2.351223886E-1,3.626401299E-1
7.965859750E1,-5.745327920E-2,7.409006953E-2,1.046850407E-1,1.405317596E-1
7.966858550E1,2.119127432E-1,-2.248728043E-1,-1.227909440E-1,3.324942176E-1
7.967857350E1,4.839065042E-1,-4.474251410E-1,-2.134017366E-1,6.927445870E-1
7.968856150E1,4.208553931E-1,-4.112004706E-1,-2.515314299E-1,6.399008901E-1
7.969854950E1,6.913420343E-1,-1.988795918E-1,-2.650659800E-1,7.666595556E-1
7.970853750E1,7.781395653E-1,-1.594687736E-1,-4.009529328E-1,8.897722895E-1
7.971852550E1,6.870981252E-1,1.027940512E-3,-4.078462154E-1,7.990265488E-1
7.972851350E1,5.217207402E-1,1.717423716E-1,-4.550344151E-1,7.132631295E-1
7.973850150E1,3.227247888E-1,2.362906623E-1,-5.137217492E-1,6.510718869E-1
7.974848950E1,3.079523832E-1,2.266100121E-1,-5.641165620E-1,6.814794666E-1
7.975847750E1,3.406359798E-1,1.729740876E-1,-5.059800357E-1,6.340100174E-1
7.976846550E1,3.501160705E-1,6.358525425E-2,-4.729847825E-1,5.918943756E-1
7.977845350E1,4.894903028E-1,-4.939932436E-2,-5.163413018E-1,7.131965996E-1
7.978844150E1,4.933289999E-1,-9.316134810E-2,-4.555103785E-1,6.778954520E-1
7.979842950E1,5.428420526E-1,-5.553100705E-2,-3.845444763E-1,6.675594663E-1
7.980841650E1,4.666484472E-1,-1.107529888E-1,-1.105994993E-1,4.921983818E-1
7.981840450E1,4.293867731E-1,-1.129980272E-1,-3.369224131E-2,4.452827441E-1
7.982839283E1,1.218258610E-1,-8.654551595E-2,-1.074104279E-1,1.840344174E-1
7.983838083E1,1.540931359E-1,1.760421216E-1,-1.713210797E-1,2.899766120E-1
7.984836883E1,4.188261169E-1,2.334489155E-1,-1.012579876E-1,4.900682528E-1
7.985835683E1,4.052406961E-1,5.294770718E-2,-2.424723387E-1,4.752013431E-1
7.986834483E1,2.359398293E-1,-1.682828665E-1,-2.234373128E-1,3.659384634E-1
7.987833283E1,2.531622183E-1,-2.338207984E-1,-1.880102026E-1,3.925698802E-1
7.988832083E1,4.015537342E-1,-3.182557619E-1,5.902764201E-3,5.124128941E-1
7.989830883E1,3.473977000E-1,-4.737259170E-1,-7.832111478E-2,5.926513338E-1
7.990829683E1,2.384380522E-1,-3.117571664E-1,-2.310650057E-1,4.554517234E-1
7.991828483E1,2.577481896E-1,-6.490935624E-2,-1.869962955E-1,3.249845662E-1
7.992827283E1,1.646529150E-1,-2.476237357E-2,-1.774676728E-1,2.433485822E-1
7.993826083E1,9.920736909E-2,-3.257103771E-2,-1.238878816E-1,1.620221645E-1
7.994824883E1,-2.526347995E-2,4.940312505E-3,-2.592754823E-1,2.605502367E-1
7.995823683E1,1.168107042E-1,5.074330688E-2,-3.422135586E-1,3.651434560E-1
7.996822483E1,-5.770617127E-3,-1.453074020E-1,-3.653849047E-1,3.932603078E-1
7.997821283E1,1.883709759E-2,-8.996087462E-2,-3.756602168E-1,3.867407319E-1
7.998820083E1,5.579617828E-2,-4.886167288E-2,-2.681141335E-1,2.781831504E-1
7.999818883E1,1.011600468E-1,-2.669645709E-1,7.371058524E-2,2.948502799E-1
8.000817683E1,3.298092753E-2,-4.048547798E-1,7.228152573E-2,4.125769665E-1
8.001816483E1,1.022251171E-1,-3.115662548E-1,-4.587959290E-2,3.311018616E-1
8.002815283E1,1.785280654E-1,-3.377869239E-1,-5.532050729E-3,3.821032317E-1
8.003814083E1,3.443635798E-1,-4.614657676E-1,1.189686191E-1,5.879544728E-1
8.004812783E1,3.491349077E-1,-4.170827696E-1,6.722193003E-2,5.480620479E-1
8.005811583E1,1.828687459E-2,-2.109997004E-1,-7.418771803E-2,2.244083351E-1
8.006810383E1,-2.779105586E-1,3.313090861E-2,-2.837946117E-1,3.985866497E-1
8.007809183E1,-4.677386606E-1,1.545805013E-1,-4.647454709E-1,6.772465863E-1
8.008807983E1,-1.455325198E-1,7.248266995E-2,-4.994896263E-1,5.252840551E-1
8.009806783E1,1.273897791E-1,-1.609425643E-1,-3.433625364E-1,4.000356187E-1
8.010805583E1,2.966704729E-1,-1.734713933E-1,-2.217305106E-1,4.089866906E-1
8.011804383E1,2.252581358E-1,-1.529137525E-1,-6.989644647E-2,2.810860307E-1
8.012803183E1,1.673402953E-1,7.282005429E-2,5.151513934E-2,1.896294922E-1
8.013801983E1,1.081243730E-1,8.494250178E-2,1.080284786E-1,1.748606898E-1
8.014800783E1,1.547962636E-1,1.634711927E-1,-2.981319845E-2,2.270980864E-1
8.015799583E1,7.734872282E-2,2.024177420E-1,-1.597915399E-1,2.692380052E-1
8.016798383E1,-9.958509922E-2,7.762266487E-2,-1.755971485E-1,2.162795151E-1
8.017797183E1,-2.350788268E-1,4.333020687E-2,-2.683930457E-2,2.405408696E-1
8.018795983E1,-3.235895920E-1,1.231844616E-1,5.948898733E-2,3.513169157E-1
8.019794783E1,-2.725542167E-1,7.902804315E-3,1.329206604E-1,3.033416511E-1
8.020793583E1,-1.425004461E-1,-1.753758314E-1,9.240004063E-2,2.441328059E-1
8.021792383E1,-5.169815719E-2,-2.491904971E-1,7.892688632E-2,2.664546053E-1
8.022791183E1,3.103497416E-2,-2.039529285E-1,7.356206596E-2,2.190236156E-1
8.023789983E1,9.860072047E-2,-1.115657517E-1,6.116362989E-2,1.609658618E-1
8.024788783E1,2.177418324E-1,-2.035825074E-2,4.466103315E-3,2.187370797E-1
8.025787583E1,2.814253199E-1,8.656334996E-2,-9.069148421E-2,3.080882496E-1
8.026786383E1,3.915427163E-1,1.794875935E-1,-2.915690696E-1,5.201288468E-1
8.027785183E1,3.692399740E-1,9.131947517E-2,-3.444805241E-1,5.131707673E-1
8.028783983E1,3.097404617E-1,1.280727339E-1,-2.645116639E-1,4.269756423E-1
8.029782683E1,2.145857978E-1,9.878987789E-2,-2.205546355E-1,3.231885701E-1
8.030781483E1,1.581350237E-1,7.620851576E-2,-1.162800694E-1,2.105599158E-1
8.031780283E1,1.586916786E-1,-5.390109569E-2,4.369975090E-2,1.731994377E-1
8.032779083E1,1.550389230E-1,-1.588536465E-1,5.611455917E-2,2.289550009E-1
8.033777883E1,1.458935854E-1,-6.592794120E-2,-8.901918054E-2,1.831825488E-1
8.034776683E1,1.148574418E-1,1.661193967E-2,-1.912992615E-1,2.237489573E-1
8.035775483E1,1.126828623E-1,5.179989874E-2,-1.347081542E-1,1.831036422E-1
8.036774283E1,1.778661606E-1,8.175576925E-3,-1.746329427E-2,1.789082943E-1
8.037773083E1,1.998160234E-1,-7.728586525E-2,-2.901914656E-2,2.161981939E-1
8.038771883E1,1.105898514E-1,-1.405270109E-1,9.456701875E-3,1.790736866E-1
8.039770683E1,-1.514721215E-2,-1.323365235E-1,1.992380261E-2,1.346824094E-1
8.040769483E1,-7.973292500E-2,-1.056539243E-1,-5.601515651E-2,1.437281768E-1
8.041768283E1,-6.967045158E-2,-6.047131956E-2,-1.004007858E-1,1.363490744E-1
8.042767083E1,1.056884229E-2,-1.966155499E-2,-1.118513882E-1,1.140570481E-1
8.043765883E1,1.831406415E-2,-2.657267153E-2,-1.883505106E-1,1.910953340E-1
8.044764683E1,-5.373678893E-2,-6.090167463E-2,-1.913437003E-1,2.078679102E-1
8.045763483E1,-1.024025801E-1,-1.096773934E-1,-1.534549123E-1,2.146248568E-1
8.046762283E1,-7.774925709E-2,-1.105547681E-1,-5.180516124E-2,1.447448737E-1
8.047761083E1,-4.321092367E-4,-1.285498667E-1,4.689993203E-2,1.368388050E-1
8.048759883E1,4.733788848E-2,-1.936866796E-1,9.786309421E-2,2.221094117E-1
8.049758683E1,1.196328628E-1,-2.520600182E-1,8.719543397E-2,2.923171537E-1
8.050757483E1,1.454424727E-1,-2.847743127E-1,2.662763536E-2,3.208721755E-1
8.051756283E1,2.902616322E-2,-2.880265340E-1,-1.599330425E-2,2.899268670E-1
8.052755083E1,-1.446338028E-2,-2.850219423E-1,-3.497512043E-2,2.875238355E-1
8.053753883E1,-3.827879727E-3,-2.666725025E-1,-6.802358329E-2,2.752382316E-1
8.054752583E1,2.876245379E-3,-2.032997945E-1,-1.076501638E-1,2.300600726E-1
8.055751383E1,-5.753660202E-4,-1.168396479E-1,-1.349069595E-1,1.784705076E-1
8.056750183E1,-6.908192933E-3,-5.953547269E-2,-1.260355639E-1,1.395605926E-1
8.057748983E1,-8.354560196E-2,-9.928864539E-2,-1.183903295E-1,1.756541284E-1
8.058747783E1,-1.623903349E-1,-1.694552332E-1,-8.650955558E-2,2.501391616E-1
8.059746583E1,-1.880683824E-1,-2.297157606E-1,-2.711587787E-2,2.981179599E-1
8.060745383E1,-1.599929765E-1,-2.418224207E-1,6.553383887E-2,2.972717943E-1
8.061744183E1,-1.067985168E-1,-2.033296153E-1,5.147011578E-2,2.353678578E-1
8.062742983E1,-8.144732863E-2,-1.299359491E-1,-2.275443971E-2,1.550315540E-1
8.063741783E1,-6.646822393E-2,-7.772352934E-2,-5.024453938E-2,1.139450988E-1
8.064740583E1,-3.734558165E-2,-3.537390053E-2,-6.125426173E-2,7.998806091E-2
8.065739383E1,-4.359567046E-2,-6.252720058E-2,-4.588134706E-2,8.896814769E-2
8.066738183E1,-4.540596843E-2,-9.297452956E-2,-7.494785607E-2,1.277620689E-1
8.067736983E1,-4.950194299E-2,-1.091151837E-1,-7.542148054E-2,1.415802436E-1
8.068735783E1,-8.068660587E-2,-1.404580137E-1,-2.676621437E-2,1.641804258E-1
8.069734583E1,-7.819101423E-2,-1.206865311E-1,1.527994394E-2,1.446117221E-1
8.070733383E1,-7.315305322E-2,-9.007811129E-2,3.712397218E-3,1.161000311E-1
8.071732183E1,-7.162517577E-2,-9.074469388E-2,-1.213180304E-2,1.162408961E-1
8.072730983E1,-4.450374305E-2,-7.916720688E-2,-3.254326344E-2,9.647328017E-2
8.073729783E1,1.485572845E-2,-5.276118100E-2,-2.902557850E-2,6.202353662E-2
8.074728583E1,1.005153912E-1,-6.190914989E-2,-1.645991206E-3,1.180626783E-1
8.075727383E1,1.972485110E-1,-8.096288681E-2,-2.184929073E-2,2.143346814E-1
8.076726183E1,2.781298292E-1,-9.610776007E-2,-8.311817050E-2,3.057802049E-1
8.077724983E1,2.812113118E-1,-1.298222208E-1,-1.185593140E-1,3.316472853E-1
8.078723783E1,2.700732431E-1,-1.387032643E-1,-1.547424692E-1,3.407688130E-1
8.079722583E1,2.429298833E-1,-1.251333386E-1,-1.653253448E-1,3.193833907E-1
8.080721283E1,2.179266044E-1,-1.424045518E-1,-1.889480960E-1,3.216713296E-1
8.081720083E1,1.656063035E-1,-1.436801219E-1,-2.172585601E-1,3.086595327E-1
8.082718858E1,1.161292112E-1,-1.274219388E-1,-1.794048554E-1,2.488140798E-1
8.083717658E1,8.438292325E-2,-1.091406190E-1,-1.193329006E-1,1.824074934E-1
8.084716458E1,6.938335329E-2,-1.156748825E-1,-6.275348783E-2,1.487707243E-1
8.085715258E1,9.132327586E-2,-1.232031727E-1,-5.499891043E-2,1.629228119E-1
8.086714058E1,8.130845726E-2,-1.052323401E-1,-9.156856656E-2,1.614611811E-1
8.087712858E1,5.654666841E-2,-7.688620806E-2,-7.406901956E-2,1.208107378E-1
8.088711658E1,6.898808151E-2,-4.492795855E-2,-5.439957082E-2,9.867720181E-2
8.089710458E1,7.544896245E-2,-6.442169845E-3,-5.971995234E-2,9.643920466E-2
8.090709258E1,6.796277225E-2,1.784862578E-3,-5.121810079E-2,8.512002111E-2
8.091708058E1,7.091123074E-2,3.278212219E-2,-6.462459683E-2,1.013874188E-1
8.092706858E1,3.165945679E-2,5.509977490E-2,-2.504537880E-2,6.830503201E-2
8.093705658E1,-2.742402613E-2,6.054324031E-2,3.578379035E-2,7.548536817E-2
8.094704458E1,-6.037542522E-2,7.516449541E-2,7.354277015E-2,1.212577106E-1
8.095703258E1,-6.416968346E-2,8.082109183E-2,1.094598770E-1,1.504369032E-1
8.096702058E1,-8.054744214E-2,6.908923835E-2,1.111742806E-1,1.536910341E-1
8.097700858E1,-3.722805262E-2,5.390928179E-2,8.611311436E-2,1.082016961E-1
8.098699658E1,-2.782514513E-2,2.542310894E-2,5.692147493E-2,6.826878846E-2
8.099698458E1,-2.070703715E-2,1.605879307E-2,2.616219699E-2,3.702872903E-2
8.100697258E1,-1.762350798E-2,-2.852973461E-2,2.732696235E-2,4.325848659E-2
8.101696058E1,-3.677372396E-2,-8.244047821E-2,1.286445916E-2,9.118241897E-2
8.102694858E1,-6.812064707E-2,-9.917170107E-2,7.824159265E-3,1.205680983E-1
8.103693658E1,-8.173822761E-2,-1.039067763E-1,1.159444392E-2,1.327109157E-1
8.104692458E1,-1.048391148E-1,-6.269764692E-2,1.644587874E-2,1.232586786E-1
8.105691258E1,-1.039959463E-1,-5.520648658E-2,2.247377336E-2,1.198665237E-1
8.106690058E1,-1.022941142E-1,-5.316288471E-2,4.771327972E-2,1.247675245E-1
8.107688758E1,-7.290951669E-2,-5.344208926E-2,8.203175783E-2,1.220699137E-1
8.108687558E1,-6.404279888E-2,-4.732677877E-2,1.023239350E-1,1.296591368E-1
8.109686358E1,-4.972004414E-2,-1.252122760E-2,9.516226530E-2,1.080958864E-1
8.110685158E1,-7.797759086E-2,2.047870338E-2,3.131183982E-2,8.648880437E-2
8.111683958E1,-8.345233887E-2,9.113528788E-2,-2.275911748E-2,1.256499542E-1
8.112682758E1,-7.689176291E-2,1.251678371E-1,-6.017369628E-3,1.470222412E-1
8.113681558E1,-5.362101406E-2,1.643517834E-1,6.295463204E-2,1.839837154E-1
8.114680358E1,-1.574538231E-2,1.549061912E-1,1.092183870E-1,1.901906969E-1
8.115679158E1,1.277090371E-2,1.499167621E-1,9.386184454E-2,1.773363398E-1
8.116677958E1,2.080263913E-2,1.555686808E-1,5.779446423E-2,1.672559844E-1
8.117676758E1,1.502091229E-2,1.649411827E-1,4.443650007E-2,1.714812646E-1
8.118675558E1,2.804529279E-2,1.608121714E-1,4.156785607E-3,1.632922894E-1
8.119674358E1,3.272335768E-2,1.437225142E-1,-1.732997775E-2,1.484159943E-1
8.120673158E1,5.501996040E-2,1.000025904E-1,-2.658728957E-2,1.171947017E-1
8.121671958E1,9.261317164E-2,5.234690577E-2,4.085449576E-3,1.064616786E-1
8.122670758E1,1.490826568E-1,2.016763151E-2,1.441864908E-2,1.511299751E-1
8.123669558E1,1.433345515E-1,-3.256665230E-2,-1.533607721E-2,1.477855735E-1
8.124668358E1,1.146522045E-1,-1.648534745E-2,-5.168061554E-2,1.268376155E-1
8.125667158E1,8.209666193E-2,-1.858332843E-2,-9.907054424E-2,1.300006720E-1
8.126665958E1,2.376717746E-2,-2.349586666E-2,-1.048932016E-1,1.100886834E-1
8.127664758E1,-2.880163014E-2,-2.948370785E-2,-7.171025276E-2,8.271144587E-2
8.128663558E1,-6.527626902E-2,-3.607001156E-2,2.059974074E-3,7.460750984E-2
8.129662358E1,-6.421733826E-2,-3.985316008E-2,3.271107852E-2,8.235384363E-2
8.130661158E1,-7.678475887E-2,-7.812727958E-2,5.264365196E-2,1.215365176E-1
8.131659958E1,-7.084749609E-2,-5.039481282E-2,7.006367683E-2,1.116598570E-1
8.132658758E1,-8.582923204E-2,-3.771687984E-2,8.322809815E-2,1.253640156E-1
8.133657558E1,-1.238931441E-1,-3.692165852E-2,8.865840733E-2,1.567578809E-1
8.134656358E1,-1.360781568E-1,-6.775928915E-2,9.966637552E-2,1.817745099E-1
8.135655058E1,-1.475530252E-1,-5.234076619E-2,8.988573790E-2,1.805294905E-1
8.136653858E1,-1.550713751E-1,-3.491927952E-2,9.266901255E-2,1.839946557E-1
8.137652658E1,-1.656013334E-1,-2.706003696E-2,8.191364408E-2,1.867241074E-1
8.138651458E1,-1.623467731E-1,-8.515884876E-3,1.021409172E-1,1.919941718E-1
8.139650258E1,-1.465543208E-1,-3.922399968E-2,1.105433661E-1,1.877139496E-1
8.140649058E1,-1.227684322E-1,5.935800970E-3,7.579745650E-2,1.444042108E-1
8.141647858E1,-1.026692131E-1,4.391112775E-2,8.383796275E-2,1.396350904E-1
8.142646658E1,-6.742979854E-2,6.054119378E-2,5.201156795E-2,1.044854874E-1
8.143645458E1,-1.057498187E-2,7.053554714E-2,3.428047121E-2,7.913434373E-2
8.144644258E1,3.945408762E-2,7.359247148E-2,-8.333451748E-3,8.391616832E-2
8.145643058E1,5.384642422E-2,5.836076707E-2,-1.987176239E-2,8.185538146E-2
8.146641858E1,4.419676423E-2,4.083169162E-2,-2.703752518E-2,6.596672477E-2
8.147640658E1,7.292647362E-2,6.353818417E-2,-5.347629547E-2,1.105218783E-1
8.148639458E1,6.101481825E-2,6.032747805E-2,-6.558763325E-2,1.079997699E-1
8.149638258E1,5.909897804E-2,4.322466463E-2,-6.696172893E-2,9.922164068E-2
8.150637058E1,6.918484032E-2,5.968574613E-2,-6.458658993E-2,1.118944057E-1
8.151635858E1,7.529956609E-2,4.219847828E-2,-5.271966577E-2,1.011439538E-1
8.152634658E1,8.646043897E-2,4.488556623E-2,-3.455587506E-2,1.033645494E-1
8.153633458E1,8.764800847E-2,4.652892619E-2,-2.845956802E-2,1.032330440E-1
8.154632258E1,8.294158459E-2,3.558732390E-2,-1.836259604E-2,9.210292617E-2
8.155631058E1,8.405957222E-2,4.455812216E-2,-2.718896806E-2,9.894785453E-2
8.156629858E1,7.558052480E-2,4.175847530E-2,-3.464358330E-2,9.303958218E-2
8.157628658E1,9.610776007E-2,4.508524865E-2,-5.714016080E-2,1.205586130E-1
8.158627458E1,8.395461470E-2,4.910667121E-2,-5.853998423E-2,1.135199200E-1
8.159626258E1,7.676575541E-2,3.881527930E-2,-6.456437051E-2,1.075554046E-1
8.160625058E1,5.304389387E-2,5.435279310E-3,-5.725652039E-2,7.824005410E-2
8.161623858E1,1.623128593E-2,-4.553226829E-3,-4.077205002E-2,4.411968473E-2
8.162622658E1,1.700253367E-2,3.183224201E-3,-1.394210100E-2,2.221713861E-2
8.163621458E1,3.390127927E-2,-2.138443708E-2,6.337797046E-3,4.058027300E-2
8.164620158E1,1.667830557E-2,-2.236209154E-2,2.015769124E-2,3.441745968E-2
8.165618958E1,-8.061556220E-3,-1.088576138E-2,3.012485504E-2,3.303021921E-2
8.166617758E1,-6.256637692E-2,-1.876342267E-2,8.473083258E-2,1.069856604E-1
8.167616558E1,-9.955761731E-2,-4.002653003E-2,9.716201305E-2,1.447559983E-1
8.168615358E1,-1.153298968E-1,-4.646606863E-2,8.684927881E-2,1.516669966E-1
8.169614158E1,-1.116332871E-1,-7.261306286E-2,9.922900379E-2,1.660754132E-1
8.170612958E1,-1.048016927E-1,-7.519402385E-2,7.706396341E-2,1.502544191E-1
8.171611758E1,-8.066233993E-2,-5.874229789E-2,8.472498536E-2,1.309022299E-1
8.172610558E1,-8.983896017E-2,-7.372461855E-2,7.579511762E-2,1.387489027E-1
8.173609358E1,-1.046604824E-1,-7.773814738E-2,7.217101336E-2,1.490157418E-1
8.174608158E1,-1.145913935E-1,-3.247602046E-2,3.302273512E-2,1.235976553E-1
8.175606958E1,-1.220957100E-1,3.144632578E-3,3.191995025E-2,1.262384028E-1
8.176605758E1,-1.256794685E-1,4.076444864E-2,5.477203846E-2,1.430281276E-1
8.177604558E1,-1.724744430E-1,2.262170792E-2,7.441459000E-2,1.892001754E-1
8.178603358E1,-1.212987345E-1,1.385994762E-2,6.361361325E-2,1.376668912E-1
8.179602158E1,-6.164017797E-2,4.264374375E-2,4.580416381E-2,8.784088936E-2
8.180600958E1,-2.687584966E-2,5.846513987E-2,4.998550773E-2,8.148027281E-2
8.181599758E1,-4.519897699E-3,7.770774186E-2,4.315595984E-2,8.900201958E-2
8.182598533E1,4.078374445E-2,1.136657792E-1,9.723919630E-3,1.211518790E-1
8.183597333E1,7.673885822E-2,1.338015434E-1,-5.002292991E-3,1.543266935E-1
8.184596133E1,1.112637430E-1,1.159423926E-1,-5.737287998E-3,1.607954458E-1
8.185594933E1,1.358550856E-1,1.090368310E-1,-3.360160947E-2,1.774111128E-1
8.186593733E1,1.521240860E-1,7.225141257E-2,-5.593388021E-2,1.774559188E-1
8.187592533E1,1.365225452E-1,3.953331739E-2,-6.642729342E-2,1.568880934E-1
8.188591333E1,1.636480710E-1,2.857651234E-2,-6.367325485E-2,1.779089418E-1
8.189590133E1,1.434655291E-1,2.270415366E-2,-5.620460629E-2,1.557459290E-1
8.190588933E1,1.118619132E-1,-7.074546218E-3,-4.705079019E-2,1.215603294E-1
8.191587733E1,7.381758928E-2,-4.220783383E-2,-4.223034561E-2,9.494177065E-2
8.192586533E1,5.055502653E-2,-4.712154150E-2,-9.037456512E-3,6.969882353E-2
8.193585333E1,2.463139594E-3,-5.417796135E-2,-3.641061187E-3,5.435601052E-2
8.194584033E1,-5.114793420E-2,-7.678095818E-2,7.218387723E-3,9.253935289E-2
8.195582933E1,-9.421150804E-2,-5.120640635E-2,1.674642563E-2,1.085280935E-1
8.196581633E1,-1.299046665E-1,-1.719958484E-2,2.231648326E-2,1.329250674E-1
8.197580433E1,-1.449238247E-1,1.119712561E-2,5.088071644E-2,1.540036944E-1
8.198579233E1,-1.234317988E-1,4.706570059E-2,8.483432829E-2,1.569950712E-1
8.199578033E1,-1.319883218E-1,4.095623732E-2,8.311641634E-2,1.612658338E-1
8.200576833E1,-1.070850304E-1,3.411470264E-2,9.544176221E-2,1.474454022E-1
8.201575633E1,-8.754714400E-2,3.398255557E-2,6.785869181E-2,1.158624985E-1
8.202574433E1,-7.669412702E-2,2.831631124E-2,6.087185383E-2,1.019273525E-1
8.203573233E1,-5.650106013E-2,3.083996952E-2,4.933529735E-2,8.110144931E-2
8.204572033E1,-4.292148650E-2,6.278564751E-2,1.136114001E-2,7.689842026E-2
8.205570833E1,2.872824758E-2,7.394798219E-2,-5.187649727E-3,7.950174834E-2
8.206569633E1,7.080042601E-2,7.580242664E-2,-2.356778741E-2,1.063679877E-1
8.207568433E1,9.502631754E-2,4.348720461E-2,-2.840285003E-2,1.082952440E-1
8.208567233E1,1.097718260E-1,-2.072837949E-4,6.870478392E-4,1.097741717E-1
8.209566033E1,9.424571425E-2,-5.217821360E-2,-4.507033825E-2,1.167739527E-1
8.210564833E1,5.297752798E-2,-4.740513146E-2,-5.999184787E-2,9.302089427E-2
8.211563633E1,2.079386830E-2,-3.253478497E-2,-6.401063919E-2,7.475465953E-2
8.212562433E1,3.290403664E-2,-2.723106802E-2,-3.838463187E-2,5.742461716E-2
8.213561233E1,1.202362955E-2,-2.829204530E-2,4.222274423E-3,3.102958420E-2
8.214560033E1,4.045074552E-2,-1.587022036E-2,-6.256520748E-3,4.390069202E-2
8.215558833E1,2.093361676E-2,-1.538460910E-2,1.946538091E-3,2.605170855E-2
8.216557633E1,4.933003485E-3,1.037676126E-2,-3.446933627E-3,1.199554288E-2
8.217556433E1,7.867428660E-3,2.974127769E-2,1.082611978E-2,3.261356929E-2
8.218555233E1,-1.372604638E-2,1.926248252E-2,6.792710423E-3,2.460870775E-2
8.219554033E1,-2.511963844E-3,1.915489376E-2,1.990041375E-2,2.773529132E-2
8.220552833E1,-3.683073431E-2,-9.474828243E-3,2.661360204E-2,4.641722928E-2
8.221551633E1,-2.714306742E-2,-1.471100986E-2,4.248119116E-2,5.251486953E-2
8.222550433E1,-2.872853994E-2,-2.531844378E-2,2.903259516E-2,4.805459587E-2
8.223549233E1,-3.251870513E-2,-3.744323015E-2,1.197100461E-2,5.101731685E-2
8.224548033E1,-9.814259112E-3,4.897335470E-3,1.195521712E-2,1.622438884E-2
8.225546833E1,6.618171036E-3,1.630963862E-2,3.165156305E-2,3.621637673E-2
8.226545633E1,1.578426629E-2,8.741587400E-3,3.037745476E-2,3.533197094E-2
8.227544433E1,5.186451048E-2,1.518229544E-2,9.336249232E-3,5.484154531E-2
8.228543133E1,3.857642055E-2,2.057547480E-2,-1.957355440E-2,4.790213374E-2
8.229541933E1,1.597868621E-2,6.639805734E-3,-5.964744687E-3,1.830255754E-2
8.230540733E1,-3.472076654E-3,3.777769089E-2,-3.887228966E-3,3.813554502E-2
8.231539533E1,-3.553265244E-2,2.853265822E-2,1.431164503E-2,4.776510398E-2
8.232538333E1,-4.790974617E-2,1.464376688E-2,2.386248708E-3,5.015453987E-2
8.233537133E1,-5.820406169E-2,-5.364820361E-3,1.539805770E-2,6.044496898E-2
8.234535933E1,-7.338664949E-2,-1.235575140E-2,3.676670730E-2,8.300635928E-2
8.235534733E1,-6.648635030E-2,-1.352987230E-2,5.547253489E-2,8.763957067E-2
8.236533533E1,-5.311025977E-2,-1.713351130E-2,7.631668925E-2,9.454360878E-2
8.237532333E1,-5.538394958E-2,-9.655507207E-3,6.599109113E-2,8.669160743E-2
8.238531133E1,-8.445601344E-2,-7.168394029E-3,6.424335837E-2,1.063551276E-1
8.239529933E1,-1.108810428E-1,-2.708342582E-2,5.955389142E-2,1.287430914E-1
8.240528733E1,-1.723636383E-1,-7.118020266E-2,2.744624555E-2,1.884917543E-1
8.241527533E1,-7.231163889E-2,-5.718869269E-3,4.914058506E-2,8.761549912E-2
8.242526333E1,-5.773920804E-2,-5.651918650E-3,1.313927829E-2,5.948445985E-2
8.243525133E1,-1.066356719E-1,-3.130423844E-2,3.507393837E-2,1.165388476E-1
8.244523933E1,-1.007203361E-1,1.129389703E-3,5.198350132E-2,1.133496627E-1
8.245522733E1,-8.563656628E-2,3.532039851E-2,6.323471367E-2,1.121596231E-1
8.246521533E1,-5.926153064E-2,3.866997600E-2,5.858091474E-2,9.186413679E-2
8.247520333E1,-4.298609823E-2,6.567329496E-2,4.731449962E-2,9.164850346E-2
8.248519133E1,-3.765577644E-2,5.848472804E-2,2.279127717E-2,7.319742638E-2
8.249517933E1,-4.893476307E-2,5.210103035E-2,1.222185016E-2,7.251552952E-2
8.250516733E1,-5.628529787E-3,9.679276139E-2,2.771580219E-4,9.695666981E-2
8.251515533E1,3.832791388E-2,9.164896578E-2,-3.144515634E-2,1.041986553E-1
8.252514333E1,8.377919823E-2,9.405421793E-2,-8.194872737E-3,1.262232384E-1
8.253513133E1,1.172091919E-1,5.929690629E-2,-6.786278486E-3,1.315301157E-1
8.254511933E1,1.424489906E-1,4.100681573E-2,-1.574655175E-3,1.482422120E-1
8.255510733E1,1.840832126E-1,3.724734843E-2,-1.726975143E-2,1.886060403E-1
8.256509533E1,1.921172869E-1,3.032307565E-2,-6.071105540E-2,2.037507622E-1
8.257508333E1,1.870635384E-1,2.254130870E-2,-1.047025824E-1,2.155539579E-1
8.258507133E1,1.762219235E-1,1.834154606E-2,-1.480585170E-1,2.308937052E-1
8.259505933E1,1.546766880E-1,3.429742813E-2,-1.433591098E-1,2.136656869E-1
8.260504733E1,1.144209471E-1,1.975364864E-2,-8.603651583E-2,1.445151959E-1
8.261503533E1,8.015480161E-2,-7.610735893E-3,-1.095125020E-2,8.125666374E-2
8.262502233E1,4.913327605E-2,-4.082233608E-2,5.396980047E-3,6.410670270E-2
8.263501033E1,3.251928985E-3,-5.452470124E-2,1.135529280E-3,5.463339193E-2
8.264499833E1,-1.583133638E-2,-5.515473872E-2,1.553195894E-2,5.944676748E-2
8.265498633E1,-4.341820747E-2,-7.687889904E-2,3.529437840E-2,9.508521969E-2
8.266497433E1,-5.284362674E-2,-3.242778093E-2,4.806177378E-2,7.844707745E-2
8.267496233E1,-2.587188274E-2,-5.919136405E-3,4.174151838E-2,4.946458176E-2
8.268495033E1,-6.291896403E-3,-1.137283444E-3,5.284713507E-3,8.295153454E-3
8.269493833E1,-2.229338676E-2,1.590735018E-3,-8.187856078E-3,2.380265780E-2
8.270492633E1,-4.964929283E-2,1.838773906E-2,1.463733494E-2,5.493098215E-2
8.271491433E1,-5.569063604E-2,1.580326974E-2,1.471042514E-2,5.972927996E-2
8.272490233E1,-6.519470036E-2,1.818045527E-2,2.887588978E-2,7.358461061E-2
8.273489033E1,-5.675190568E-2,3.497658223E-2,1.522907317E-2,6.838175760E-2
8.274487833E1,-4.938236743E-2,2.926414490E-2,3.607205808E-2,6.779529308E-2
8.275486633E1,-6.037542522E-2,1.830997109E-2,6.497718394E-2,9.056755183E-2
8.276485433E1,-6.936756581E-2,1.293608755E-2,8.213408411E-2,1.082830057E-1
8.277484233E1,-8.986351848E-2,-1.912653476E-2,7.314282060E-2,1.174357207E-1
8.278483033E1,-1.086175856E-1,-2.984009564E-2,6.182494998E-2,1.284933292E-1
8.279481833E1,-7.931660324E-2,-2.051758736E-2,4.712329566E-2,9.451296173E-2
8.280480633E1,-4.874122024E-2,-4.039139628E-2,4.659938514E-2,7.860454274E-2
8.281479433E1,-3.797006428E-2,-1.925078809E-2,3.278124511E-2,5.373014661E-2
8.282478233E1,-1.414149106E-2,-2.196214199E-2,2.139496207E-2,3.376480197E-2
8.283477013E1,9.261989594E-3,-6.706756353E-4,-3.456873894E-3,9.908795797E-3
8.284475813E1,3.457984865E-2,6.825454831E-3,1.382749557E-2,3.786228202E-2
8.285474613E1,5.308043897E-2,-1.341468215E-2,1.751124144E-2,5.748156466E-2
8.286473413E1,6.509968311E-2,-1.564422548E-2,3.509498835E-3,6.704496337E-2
8.287472213E1,4.227916986E-2,-5.129177570E-3,-7.803109288E-3,4.329809674E-2
8.288471013E1,2.658699721E-2,-1.326323926E-2,-8.205397725E-3,3.082386232E-2
8.289469813E1,7.677394152E-4,-4.173157811E-3,-2.338009179E-2,2.376201511E-2
8.290468612E1,-4.282822341E-2,4.820620000E-2,-2.053191304E-2,6.767314011E-2
8.291467413E1,-6.257514775E-2,9.446820080E-2,1.808894634E-2,1.147479850E-1
8.292466213E1,-4.727590799E-2,1.059342983E-1,6.874396026E-2,1.348436840E-1
8.293465012E1,-3.050258517E-2,6.895036697E-2,1.095996255E-1,1.330287139E-1
8.294463813E1,-3.649393469E-2,3.067975581E-2,1.478421700E-1,1.553395053E-1
8.295462613E1,-8.810438365E-2,-1.404618144E-2,1.499383968E-1,1.744740682E-1
8.296461412E1,-1.078366899E-1,-4.627720356E-2,1.358407599E-1,1.795077806E-1
8.297460213E1,-8.028227091E-2,-2.110610962E-2,8.804152608E-2,1.210042198E-1
8.298459013E1,-5.275007129E-2,-1.178213954E-2,1.167396605E-2,5.529620526E-2
8.299457713E1,-3.109870881E-2,-2.028165221E-2,-3.116332054E-2,4.847295796E-2
8.300456513E1,-2.430044353E-2,-1.805503249E-2,-5.074213743E-2,5.908688742E-2
8.301455313E1,-2.510268152E-2,-2.939336836E-2,-2.287840068E-2,4.491698945E-2
8.302454113E1,1.024139822E-2,-3.187258780E-2,-3.137615919E-3,3.362428771E-2
8.303452913E1,-2.393674672E-2,-2.919894844E-2,3.183808923E-3,3.789040872E-2
8.304451713E1,-6.364109516E-3,-1.441806436E-2,-2.200891972E-2,2.706981745E-2
8.305450513E1,-1.460780650E-2,4.899966717E-4,-4.173801005E-2,4.422317933E-2
8.306449313E1,2.107278049E-2,3.969703943E-2,-7.100858688E-2,8.403651842E-2
8.307448112E1,5.269189149E-2,7.235081524E-2,-6.861064374E-2,1.127763110E-1
8.308446913E1,6.811801583E-2,9.229596019E-2,-7.930052340E-2,1.394531511E-1
8.309445713E1,7.706396341E-2,5.721471280E-2,-7.266568780E-2,1.203855473E-1
8.310444512E1,6.395245939E-2,5.347746491E-2,-4.885816455E-2,9.662751450E-2
8.311443313E1,3.115571916E-2,7.498527825E-2,-3.853549004E-2,8.988022465E-2
8.312442113E1,6.417026818E-2,4.336412072E-2,-4.511243820E-2,8.962924949E-2
8.313440912E1,8.172448665E-2,2.359409988E-2,-3.511896193E-2,9.202670674E-2
8.314439713E1,8.483228177E-2,-3.329463065E-2,-4.714843869E-2,1.026061583E-1
8.315438513E1,8.887826264E-2,-6.804784924E-2,-4.363016903E-2,1.201392817E-1
8.316437312E1,5.309564173E-2,-8.326318145E-2,-1.596289873E-2,1.000335878E-1
8.317436113E1,5.547896683E-2,-9.917988718E-2,-1.058346033E-3,1.136471992E-1
8.318434913E1,3.352588803E-2,-1.012030238E-1,2.427763939E-3,1.066392575E-1
8.319433712E1,-1.305741727E-2,-6.177407920E-2,7.442336082E-3,6.357610694E-2
8.320432513E1,-5.301465780E-2,-3.604749978E-2,3.919330180E-2,7.514047569E-2
8.321431313E1,-6.425563753E-2,-8.085529804E-3,7.349716187E-2,9.795915245E-2
8.322430112E1,-2.914193809E-2,2.713283479E-2,8.032963336E-2,8.965652946E-2
8.323428913E1,-2.233636379E-2,5.736498624E-2,5.596136212E-2,8.319452413E-2
8.324427713E1,-1.668590695E-2,1.040304449E-1,3.381620228E-2,1.106539132E-1
8.325426513E1,-1.224845499E-2,1.216112682E-1,6.069117486E-2,1.364651747E-1
8.326425313E1,-6.253304780E-3,1.315380862E-1,6.852761328E-2,1.484500109E-1
8.327424113E1,-2.775965631E-2,1.441224638E-1,6.629982412E-2,1.610513886E-1
8.328422913E1,-4.330564857E-2,1.386173102E-1,4.786004484E-2,1.529075596E-1
8.329421713E1,-5.256822288E-2,9.538796782E-2,7.733878255E-2,1.335798254E-1
8.330420513E1,-3.895298123E-2,3.302507401E-2,1.171056962E-1,1.277565432E-1
8.331419313E1,1.194761574E-2,-3.458043337E-3,1.255239326E-1,1.261386588E-1
8.332418113E1,1.128682190E-1,-1.056796521E-2,6.721608281E-2,1.317911930E-1
8.333416913E1,1.793919915E-1,1.097434670E-2,-2.137040377E-2,1.809934172E-1
8.334415713E1,1.519594869E-1,4.055950373E-2,-7.662191391E-2,1.749504978E-1
8.335414513E1,1.078735274E-1,2.698723912E-2,-9.424425244E-2,1.457634663E-1
8.336413313E1,9.749910504E-2,2.406187713E-2,-1.035752392E-1,1.442666960E-1
8.337412113E1,9.171386987E-2,1.413418204E-2,-8.074537039E-2,1.230082268E-1
8.338410813E1,3.821213901E-2,-3.621940792E-2,-4.925168216E-2,7.209536236E-2
8.339409613E1,-4.325185418E-2,-7.337817103E-2,6.629573107E-3,8.543436143E-2
8.340408413E1,-7.406375706E-2,-8.160929650E-2,3.426936150E-2,1.154118994E-1
8.341407213E1,-1.114561164E-1,-9.666792333E-2,4.305012524E-2,1.536895136E-1
8.342406013E1,-1.439809611E-1,-1.042049843E-1,3.389513969E-2,1.809366641E-1
8.343404813E1,-1.824530089E-1,-1.190165663E-1,2.075644612E-2,2.188261263E-1
8.344403613E1,-1.904502457E-1,-8.348596036E-2,2.785145760E-2,2.098020624E-1
8.345402413E1,-1.824916005E-1,-3.964763045E-2,3.715028465E-2,1.904081472E-1
8.346401213E1,-1.756731623E-1,1.514078021E-2,4.610061765E-2,1.822513927E-1
8.347400013E1,-1.599789432E-1,1.018906564E-2,5.731206894E-2,1.702402789E-1
8.348398813E1,-1.542510107E-1,1.501623452E-2,6.663720846E-2,1.686990787E-1
8.349397613E1,-1.455994704E-1,2.282840699E-2,8.653411388E-2,1.709049292E-1
8.350396413E1,-1.136727959E-1,4.594449699E-2,8.537227213E-2,1.494015602E-1
8.351395213E1,-8.529684305E-2,6.728741884E-2,5.260739923E-2,1.207090992E-1
8.352394013E1,-3.630039185E-2,8.681478024E-2,3.362499833E-2,9.992579761E-2
8.353392813E1,2.175368875E-2,9.115838438E-2,5.290677667E-2,1.076206348E-1
8.354391613E1,5.855577171E-2,7.745543450E-2,3.631822586E-2,1.036683957E-1
8.355390413E1,6.284002662E-2,6.692869216E-2,-1.463967383E-2,9.296579387E-2
8.356389213E1,7.446370661E-2,5.148999631E-2,-1.886194825E-2,9.247613971E-2
8.357388013E1,6.787564874E-2,6.092155516E-2,-3.520900905E-2,9.776611833E-2
8.358386812E1,7.827170581E-2,4.723556221E-2,-4.465109289E-2,1.017417238E-1
8.359385613E1,1.136347890E-1,3.938304394E-2,-3.446173489E-2,1.251059575E-1
8.360384413E1,1.097972614E-1,3.591593742E-2,-4.534223378E-2,1.241020198E-1
8.361383212E1,7.819247603E-2,2.689251423E-2,-2.138268292E-2,8.540778512E-2
8.362382013E1,6.094991416E-2,-1.009434074E-2,-2.254627883E-2,6.576566308E-2
8.363380813E1,3.914681643E-2,-1.996268660E-2,-2.067400038E-2,4.856332345E-2
8.364379612E1,2.605226934E-2,-2.926122129E-2,1.377604008E-3,3.920252035E-2
8.365378413E1,2.761025995E-2,-3.709239721E-2,-1.512908578E-2,4.865245751E-2
8.366377213E1,1.972967505E-2,-4.097260952E-2,-9.823322296E-5,4.547553692E-2
8.367376012E1,1.665170074E-2,-4.890903533E-2,-1.142604411E-2,5.291433981E-2
8.368374813E1,1.983931035E-2,-6.119842082E-2,-1.721946537E-2,6.659846045E-2
8.369373613E1,4.892657697E-3,-4.218298316E-2,-1.784687161E-2,4.606357557E-2
8.370372412E1,-1.094569534E-2,-2.164960831E-2,-2.312047541E-2,3.351223911E-2
8.371371213E1,1.858303607E-2,-3.069437385E-2,-8.396016955E-3,3.685060265E-2
8.372370013E1,1.887510449E-2,-2.352656454E-2,5.403411984E-3,3.064254672E-2
8.373368812E1,1.275306970E-2,-2.017260164E-2,-1.123250127E-3,2.389218145E-2
8.374367613E1,-2.410222292E-3,-1.725104034E-2,-9.107623100E-3,1.965594981E-2
8.375366413E1,-2.281291187E-3,-1.649207175E-3,1.947824478E-2,1.968060450E-2
8.376365213E1,-1.491624713E-3,2.487551719E-2,4.032590747E-2,4.740458958E-2
8.377364013E1,-1.303841382E-2,4.228794068E-2,1.751182616E-2,4.759132502E-2
8.378362813E1,-6.034911275E-3,5.258868814E-2,3.239357471E-2,6.205911663E-2
8.379361613E1,-4.861082733E-3,7.146817803E-2,2.814323366E-2,7.696344715E-2
8.380360313E1,3.055170178E-3,8.722700894E-2,1.888826072E-2,8.930090451E-2
8.381359112E1,3.607147336E-3,7.393891901E-2,1.741885543E-2,7.604861459E-2
8.382357913E1,-7.681779563E-3,6.483217299E-2,2.239483595E-2,6.901991792E-2
8.383356721E1,-2.135110795E-2,3.903835058E-2,4.050249338E-2,6.016905016E-2
8.384355521E1,-2.769767582E-2,2.899458826E-2,4.658652127E-2,6.146666868E-2
8.385354321E1,-3.466317147E-2,1.140850246E-2,5.242613554E-2,6.387635770E-2
8.386353121E1,-4.305860370E-2,1.412775010E-2,3.672811568E-2,5.833173371E-2
8.387351921E1,-3.880241543E-2,8.299830258E-3,6.019883931E-2,7.210003384E-2
8.388350721E1,-3.497716695E-2,3.711812496E-3,2.800290048E-2,4.495933936E-2
8.389349521E1,-4.399328113E-2,-1.554803878E-2,1.045248270E-2,4.781636424E-2
8.390348321E1,-4.263438821E-2,-2.413379788E-2,1.033670783E-2,5.006973923E-2
8.391347121E1,-3.390800357E-2,-2.420191795E-2,2.964713752E-2,5.113157832E-2
8.392345921E1,-2.404579729E-2,-2.472261250E-2,4.494053006E-2,5.664855848E-2
8.393344721E1,-2.756552875E-2,-7.816850245E-3,2.107570410E-2,3.556890252E-2
8.394343521E1,-3.254823357E-2,1.675519645E-3,1.773635924E-2,3.710489609E-2
8.395342321E1,-2.166919649E-2,2.843734860E-2,1.809771717E-2,4.007198820E-2
8.396341121E1,2.733865678E-3,3.825453132E-2,2.253809273E-2,4.448425353E-2
8.397339921E1,1.878505737E-2,3.410008460E-2,-1.721888065E-2,4.256975453E-2
8.398338721E1,2.556051850E-2,3.594049573E-2,-2.029276192E-2,4.854745643E-2
8.399337521E1,2.337424457E-2,2.995177746E-2,-2.048045754E-2,4.316148078E-2
8.400336321E1,4.615558147E-2,2.533949375E-2,-1.015836775E-2,5.362480844E-2
8.401335121E1,5.778218508E-2,2.134876907E-2,-2.912088811E-2,6.813645851E-2
8.402333921E1,7.869913727E-2,3.568087935E-2,-4.768989086E-2,9.869653008E-2
8.403332721E1,6.290259182E-2,6.085782051E-3,-3.648428679E-2,7.297174785E-2
8.404331521E1,5.153238863E-2,1.489227355E-2,-1.300479233E-2,5.519503159E-2
8.405330321E1,2.293658048E-2,3.334462434E-2,-6.631327271E-3,4.101128135E-2
8.406329121E1,2.109967768E-3,1.067146093E-2,-3.052246571E-4,1.088233451E-2
8.407327921E1,8.429346085E-3,1.315857410E-2,-5.496382713E-5,1.562705887E-2
8.408326721E1,-3.796889484E-3,1.034664810E-2,3.084230840E-2,3.275236608E-2
8.409325521E1,-2.282548338E-2,1.689845324E-3,4.029901028E-2,4.634510220E-2
8.410324321E1,-3.920821220E-2,-8.469107151E-3,3.862085938E-2,5.568285606E-2
8.411323121E1,-6.193984777E-2,-1.179412633E-2,4.023761451E-2,7.479780598E-2
8.412321921E1,-6.216262668E-2,-1.215051413E-3,3.141124249E-2,6.965870126E-2
8.413320721E1,-6.725642860E-2,-7.496715188E-3,2.908522010E-2,7.365852262E-2
8.414319521E1,-6.429072082E-2,-1.888943017E-3,3.847701788E-2,7.494895459E-2
8.415318321E1,-5.822423458E-2,-1.897889256E-2,2.449164748E-2,6.595529283E-2
8.416317121E1,-2.973279923E-2,-8.496589065E-3,9.783561230E-3,3.243377015E-2
8.417315921E1,-1.279633909E-2,6.172320843E-3,8.933376074E-3,1.678240289E-2
8.418314721E1,5.730271339E-4,1.102784872E-2,1.341643631E-2,1.737649478E-2
8.419313521E1,1.001628041E-3,1.612194300E-2,1.954607248E-2,2.535683841E-2
8.420312321E1,1.107170284E-2,1.021099269E-2,9.961316586E-3,1.805754146E-2
8.421311121E1,2.150956750E-2,1.225167096E-2,2.300294638E-3,2.486073793E-2
8.422309921E1,1.256683588E-2,4.840237409E-2,1.308256030E-2,5.169012058E-2
8.423308721E1,3.538968801E-2,2.985646784E-2,-1.703293920E-3,4.633292458E-2
8.424307521E1,3.462604165E-2,4.074164450E-2,-5.840198994E-3,5.378617184E-2
8.425306321E1,2.352071732E-2,3.273563683E-2,-4.140413404E-3,4.052146450E-2
8.426305121E1,1.081296355E-2,3.516164660E-2,1.554599226E-2,3.993669300E-2
8.427303821E1,-1.513259411E-3,3.749351621E-2,2.309650183E-2,4.406247960E-2
8.428302621E1,1.223412931E-2,7.011981010E-3,5.468316078E-3,1.512429431E-2
8.429301421E1,2.007904619E-2,3.713859022E-3,2.107921243E-2,2.934781152E-2
8.430300221E1,1.069806576E-2,-7.594071329E-3,3.524116874E-2,3.760396926E-2
8.431299021E1,-2.863966227E-3,-1.042909384E-2,1.119741797E-2,1.556760965E-2
8.432297821E1,-1.050101459E-2,-2.592070699E-2,3.007807732E-3,2.812830008E-2
8.433296621E1,1.414733827E-3,-4.001542032E-2,5.508077145E-4,4.004420962E-2
8.434295421E1,7.373046577E-3,-3.032366037E-2,9.864252806E-4,3.122273577E-2
8.435294221E1,-3.757420778E-3,-4.306035787E-2,2.271058559E-3,4.328360357E-2
8.436293021E1,-1.657685637E-4,-5.858091474E-2,1.148685515E-2,5.969672430E-2
8.437291821E1,6.892990172E-3,-5.278690875E-2,-3.978445530E-3,5.338350941E-2
8.438290621E1,4.924232662E-3,-3.388081402E-2,-1.766034544E-2,3.852331017E-2
8.439289421E1,1.595412791E-3,-1.272938848E-3,-1.640728712E-2,1.653374688E-2
8.440288221E1,-1.648710161E-2,2.353708953E-2,-1.318196297E-2,3.161618653E-2
8.441287021E1,-1.752527475E-2,5.093568027E-2,1.911220908E-2,5.715641098E-2
8.442285821E1,-3.300285459E-2,4.566119939E-2,5.015098393E-2,7.542714849E-2
8.443284621E1,-2.448316902E-2,3.138873070E-2,6.132501304E-2,7.311248324E-2
8.444283421E1,-2.345990628E-2,2.283162296E-2,3.705614448E-2,4.944500028E-2
8.445282221E1,-3.190971762E-2,2.756669819E-3,2.629375935E-2,4.143900442E-2
8.446281021E1,-1.483672500E-2,1.757497609E-2,1.542495489E-2,2.769363513E-2
8.447279821E1,5.767985880E-3,-1.514428854E-2,1.293287158E-2,2.073350679E-2
8.448278621E1,1.098165572E-2,-7.641433775E-3,6.730145216E-3,1.497608517E-2
8.449277421E1,6.097476482E-3,1.912039518E-4,-2.696268082E-2,2.764420256E-2
8.450276221E1,1.462096274E-2,-2.461093068E-3,-2.013547182E-2,2.500533455E-2
8.451275021E1,1.444730043E-2,3.199128628E-2,-2.183642685E-2,4.134000998E-2
8.452273821E1,1.215343773E-2,3.436291695E-2,-7.904266119E-3,3.729602570E-2
8.453272621E1,8.690131903E-3,4.959315956E-2,-1.924903393E-3,5.038556460E-2
8.454271421E1,1.063959360E-2,5.024746299E-2,2.010565102E-2,5.515655620E-2
8.455270221E1,2.411040902E-2,4.930927724E-2,3.191936553E-2,6.349458670E-2
8.456269021E1,8.481971025E-3,3.609018445E-2,3.694270849E-2,5.233745272E-2
8.457267821E1,9.217550755E-3,2.321052253E-2,1.921395063E-2,3.150980002E-2
8.458266621E1,2.851394713E-2,-1.110970974E-2,-7.004964352E-3,3.139331707E-2
8.459265421E1,3.170535743E-2,-2.313830942E-2,-1.401694536E-2,4.167836141E-2
8.460264221E1,2.249628514E-2,-2.341108203E-2,-2.856247902E-2,4.324322854E-2
8.461263021E1,2.931296915E-2,-4.731917739E-2,-1.819068789E-2,5.855984832E-2
8.462261821E1,1.910343826E-2,-4.751973689E-2,-1.985772908E-2,5.493083061E-2
8.463260621E1,1.428942561E-2,-4.506302923E-2,-5.526203513E-3,4.759625209E-2
8.464259421E1,1.383188099E-2,-3.975083381E-2,2.754038572E-4,4.208949474E-2
8.465258221E1,9.468103945E-3,-2.625984550E-2,2.005478024E-2,3.437177168E-2
8.466257021E1,-2.109997004E-2,-1.473849177E-2,6.826624274E-3,2.662770502E-2
8.467255821E1,-2.601806313E-2,7.296448052E-3,1.424498677E-2,3.054664321E-2
8.468254621E1,-2.864083171E-2,3.603375882E-2,3.505990505E-3,4.616298284E-2
8.469253421E1,-4.981681556E-2,5.677003205E-2,9.117563367E-3,7.607681390E-2
8.470252221E1,-4.742647380E-2,7.677481860E-2,2.226678193E-2,9.294865661E-2
8.471251021E1,-6.256579220E-2,4.606991976E-2,4.217421234E-2,8.840576931E-2
8.472249821E1,-6.835248917E-2,4.486334682E-2,3.368288577E-2,8.842691591E-2
8.473248621E1,-5.954044282E-2,5.093801916E-2,5.087603867E-2,9.342439423E-2
8.474247421E1,-3.837059855E-2,4.919233292E-2,5.490360081E-2,8.310591937E-2
8.475246221E1,-3.288678735E-2,3.673337817E-2,3.081073344E-2,5.813934253E-2
8.476245021E1,-2.060412616E-2,2.213054180E-2,1.706451416E-2,3.472014600E-2
8.477243721E1,-3.250467181E-2,1.209935099E-2,2.031498134E-2,4.019510481E-2
8.478242521E1,-2.618880183E-2,-2.971613467E-2,3.104520679E-2,5.032600585E-2
8.479241321E1,-3.411557972E-3,-3.146854520E-2,7.694935799E-3,3.257483847E-2
8.480240121E1,2.710622996E-2,-2.509741902E-2,-3.088206947E-2,4.814904318E-2
8.481238921E1,1.836756617E-2,-3.694797099E-2,-3.716139436E-2,5.552917501E-2
8.482237721E1,4.703441799E-2,-3.163665265E-2,-1.344801128E-2,5.825773145E-2
8.483236583E1,3.572590292E-2,-3.082067370E-2,4.807580709E-3,4.742749096E-2
8.484235383E1,4.209966034E-2,-1.109333754E-2,-1.524135232E-2,4.612745775E-2
8.485234183E1,3.305577189E-2,1.086617321E-2,-9.996984601E-3,3.620355613E-2
8.486232983E1,3.374281973E-2,1.558926165E-2,-1.920810342E-2,4.183962475E-2
8.487231783E1,2.839875698E-2,2.777427435E-2,2.654635906E-3,3.981139040E-2
8.488230583E1,3.470030129E-2,3.488214970E-2,-6.513798237E-3,4.963169194E-2
8.489229383E1,3.164776236E-2,2.421682835E-2,6.227284670E-3,4.033379119E-2
8.490228183E1,4.434645295E-2,2.434429765E-2,-1.135236919E-2,5.184716968E-2
8.491226983E1,2.805669487E-2,3.483303308E-2,-9.484183788E-3,4.572163670E-2
8.492225783E1,4.811410636E-2,1.112842083E-2,-9.503479600E-3,5.029040769E-2
8.493224583E1,5.982958764E-2,3.196263492E-2,-1.511563718E-2,6.949584215E-2
8.494223383E1,6.399309754E-2,2.399054110E-2,-1.481801391E-2,6.993022331E-2
8.495222183E1,4.215199292E-2,2.568389475E-3,-1.939813793E-2,4.647230236E-2
8.496220983E1,3.817764044E-2,-1.012445390E-2,-1.238323331E-2,4.139300984E-2
8.497219783E1,4.582872212E-2,-1.185406029E-2,-1.101849318E-2,4.860244550E-2
8.498218583E1,3.323294252E-2,-2.171334296E-2,-6.288095713E-3,4.019251024E-2
8.499217383E1,4.301065654E-2,-3.745609403E-2,-2.107278049E-2,6.080244759E-2
8.500216183E1,3.847994149E-2,-9.795255661E-3,-7.229497433E-3,4.035986327E-2
8.501214983E1,2.025533974E-2,-1.558458388E-2,7.438827753E-3,2.661755438E-2
8.502213783E1,-9.568383694E-3,-6.826039553E-3,9.661354423E-3,1.521481356E-2
8.503212583E1,-3.806420445E-2,4.421079755E-3,1.335737944E-2,4.058138973E-2
8.504211383E1,-7.309487343E-2,1.758930176E-2,4.365238845E-2,8.693546501E-2
8.505210183E1,-7.650935501E-2,3.941315711E-2,5.999594092E-2,1.049123028E-1
8.506208983E1,-8.530181319E-2,4.338780195E-2,8.851573527E-2,1.303607920E-1
8.507207783E1,-8.464897156E-2,5.658467531E-2,5.263546586E-2,1.146200948E-1
8.508206583E1,-5.600843221E-2,3.975638866E-2,5.444576383E-2,8.764619853E-2
8.509205383E1,-2.627943367E-2,3.661117136E-2,3.726313591E-2,5.847672871E-2
8.510204183E1,-3.453774869E-2,4.301855028E-2,3.823611259E-2,6.712266427E-2
8.511202983E1,-2.696092665E-2,2.629872948E-2,1.590501130E-2,4.088378802E-2
8.512201783E1,-2.419577837E-3,7.554310262E-3,1.574538231E-2,1.763062746E-2
8.513200583E1,-8.415312767E-3,9.923894405E-3,1.544015765E-2,2.019157343E-2
8.514199383E1,-1.971096396E-3,1.116174996E-2,-1.988053322E-3,1.150748622E-2
8.515198183E1,4.995861053E-3,9.930033982E-3,1.000166237E-2,1.495317534E-2
8.516196983E1,6.050698757E-3,8.636629879E-3,7.026014328E-3,1.267151169E-2
8.517195783E1,1.822577119E-2,1.407424808E-3,-7.390295863E-3,1.971740482E-2
8.518194583E1,1.435257554E-2,-3.228306234E-2,-1.810005605E-2,3.969640497E-2
8.519193383E1,3.491255522E-2,-3.139750153E-2,-1.355618477E-2,4.887187084E-2
8.520192183E1,4.935634732E-3,-2.996961147E-2,-2.306843519E-2,3.814040907E-2
8.521190983E1,1.974546254E-2,-3.767945766E-2,-1.276154816E-2,4.441263257E-2
8.522189783E1,2.424167901E-2,-4.250750363E-2,-6.935967207E-3,4.942321830E-2
8.523188583E1,1.418476045E-2,-5.392711580E-2,1.890989542E-3,5.579352193E-2
8.524187383E1,-1.259168655E-2,-3.621473014E-2,2.182180882E-2,4.411630752E-2
8.525186183E1,-1.308343738E-2,-3.043768108E-2,3.079962373E-2,4.523544611E-2
8.526184983E1,-5.846221626E-2,-3.257542312E-2,-1.627104700E-2,6.887478415E-2
8.527183783E1,-4.502472997E-2,-1.322406292E-2,1.206748366E-2,4.845334158E-2
8.528182583E1,5.431654036E-2,6.474563420E-2,-1.626636922E-2,8.606322369E-2
8.529181383E1,-2.210481405E-2,5.479074955E-2,8.224693537E-3,5.965144277E-2
8.530180183E1,-1.488993466E-3,8.053428590E-2,3.251051903E-4,8.054870577E-2
8.531178983E1,3.732920945E-2,1.076644894E-1,-4.083110690E-3,1.140253654E-1
8.532177783E1,2.126603097E-2,1.249818957E-1,1.186692417E-2,1.273324083E-1
8.533176583E1,2.458023280E-2,1.253830147E-1,2.882969677E-2,1.309818294E-1
8.534175383E1,2.152360082E-2,9.983740658E-2,-4.714609981E-3,1.022399173E-1
8.535174183E1,2.896798342E-2,6.666352093E-2,8.587220907E-3,7.319091098E-2
8.536172983E1,3.204361886E-2,4.116556764E-2,-9.123995304E-3,5.295889688E-2
8.537171683E1,1.681249917E-2,1.883505106E-2,2.682702541E-3,2.538929242E-2
8.538170583E1,2.118387759E-2,-5.248460770E-3,-1.272354126E-2,2.526245262E-2
8.539169383E1,4.931161612E-2,-2.892617583E-3,-2.408409655E-2,5.495494907E-2
8.540168083E1,3.944590151E-2,-1.160555363E-2,-1.120560408E-2,4.261729208E-2
8.541166883E1,3.270143062E-2,-4.212538809E-2,2.109675407E-2,5.734984672E-2
8.542165683E1,1.854444444E-2,-5.126546323E-2,1.988404155E-2,5.802946879E-2
8.543164483E1,2.136806488E-2,-4.060452729E-2,-2.076931000E-3,4.593076829E-2
8.544163283E1,-8.678729832E-3,-3.654422075E-2,-1.876313031E-2,4.198637255E-2
8.545162083E1,-1.873418659E-2,-4.639122427E-2,-1.594067931E-2,5.250924388E-2
8.546160883E1,-2.674925745E-2,-2.535732776E-2,-7.393804193E-3,3.759235541E-2
8.547159683E1,-1.717385709E-2,-3.440589398E-2,1.450986564E-2,4.110040278E-2
8.548158483E1,-2.154757440E-2,-4.813515633E-2,2.068394065E-2,5.664906565E-2
8.549157283E1,-4.109335452E-2,-2.399346471E-2,2.463841259E-2,5.358545987E-2
8.550156083E1,-2.010945171E-2,-1.972675145E-2,4.583573878E-2,5.380009034E-2
8.551154883E1,-3.067156971E-2,-1.236510694E-2,2.933957398E-2,4.420918071E-2
8.552153683E1,-3.759555012E-2,-2.467525005E-4,-1.575239897E-3,3.762934568E-2
8.553152483E1,-4.404122829E-2,2.240360677E-2,1.070742130E-2,5.055887911E-2
8.554151283E1,-2.843120903E-2,1.811175048E-2,6.565838456E-3,3.434354942E-2
8.555150083E1,-1.351613134E-2,1.265805244E-2,2.037696183E-2,2.753420911E-2
8.556148883E1,2.679194212E-3,2.350697637E-2,2.606045544E-2,3.519805900E-2
8.557147683E1,1.202479899E-2,2.213638902E-2,2.142653704E-2,3.307131686E-2
8.558146483E1,1.577198714E-2,3.394542575E-2,5.234427452E-3,3.779479777E-2
8.559145283E1,3.658690542E-2,4.392866939E-2,1.238849580E-2,5.849619194E-2
8.560144083E1,1.989485890E-2,5.401774764E-2,-1.835440993E-3,5.759419514E-2
8.561142883E1,3.891789794E-2,5.198847145E-2,3.955056667E-3,6.506186607E-2
8.562141683E1,1.647453010E-3,4.917449892E-2,-7.472741604E-3,4.976632709E-2
8.563140483E1,1.000546306E-2,4.711013943E-2,1.402747035E-3,4.818134730E-2
8.564139283E1,1.719227582E-2,2.935799271E-2,-6.554144025E-3,3.464711947E-2
8.565138083E1,2.195278645E-2,1.732149929E-2,-3.479093313E-3,2.817912810E-2
8.566136883E1,3.879773766E-2,6.609692574E-3,-3.572531819E-2,5.315308875E-2
8.567135683E1,3.051106364E-2,-3.434069753E-3,-1.533607721E-2,3.432073868E-2
8.568134483E1,3.945174873E-2,-2.935302258E-3,1.037296057E-3,3.957439147E-2
8.569133283E1,4.672334611E-2,-2.243342757E-2,-1.270366073E-2,5.336396481E-2
8.570132083E1,2.497287333E-2,-3.034558743E-2,-1.055247009E-2,4.069218234E-2
8.571130883E1,9.217843115E-3,-3.513621122E-2,9.028685689E-3,3.743045733E-2
8.572129683E1,-5.309271812E-3,-4.577902079E-2,4.237067878E-2,6.260336678E-2
8.573128483E1,-3.865418851E-2,-2.891915917E-2,3.742978156E-2,6.108561700E-2
8.574127283E1,-7.146028429E-2,-1.752176642E-2,3.756075919E-2,8.260989747E-2
8.575126083E1,-8.851631999E-2,-4.937388897E-3,5.120932996E-2,1.023812101E-1
8.576124883E1,-6.167935431E-2,1.205549687E-2,5.250916600E-2,8.189560591E-2
8.577123683E1,-6.262835741E-2,7.236514091E-3,4.317817926E-2,7.641356851E-2
8.578122483E1,-3.246081769E-2,-1.105123758E-3,3.621180654E-2,4.864381684E-2
8.579121283E1,-6.716111898E-3,2.969011456E-2,1.187101722E-2,3.267307930E-2
8.580120083E1,9.677141905E-4,3.408312768E-2,4.469611645E-3,3.438856629E-2
8.581118883E1,3.544260532E-2,1.648680925E-2,-1.908823550E-2,4.350119407E-2
8.582117683E1,3.404395133E-2,3.048153520E-2,-2.501263440E-2,5.209363195E-2
8.583116496E1,4.214088321E-2,2.683959693E-2,-2.123474836E-2,5.428749892E-2
8.584115296E1,3.194041550E-2,2.551140189E-2,-1.584010720E-2,4.383983081E-2
8.585114096E1,2.624844342E-2,2.045648396E-2,-2.257726908E-2,4.021419646E-2
8.586112896E1,1.756766707E-2,1.569948167E-2,-6.572855115E-3,2.446015280E-2
8.587111696E1,-1.101030707E-3,5.513339639E-3,8.645693064E-3,1.031296229E-2
8.588110496E1,5.354880095E-3,-1.346058279E-2,1.219729185E-3,1.453787361E-2
8.589109296E1,-2.981495261E-3,-1.566936851E-2,1.533958554E-2,2.212964771E-2
8.590108096E1,-7.490283251E-4,-2.447995305E-2,1.062322140E-2,2.669610417E-2
8.591106896E1,-2.842185348E-2,-1.447770596E-2,-1.209204197E-2,3.411192173E-2
8.592105696E1,-3.874452800E-2,-9.594111443E-3,9.946698546E-3,4.113541340E-2
8.593104496E1,-2.950037241E-2,-2.350580692E-2,1.176576734E-2,3.951238050E-2
8.594103296E1,-2.964216739E-2,-4.108546078E-3,1.554131448E-2,3.372047886E-2
8.595102096E1,-8.690131903E-3,1.002417415E-2,2.051554084E-2,2.443132980E-2
8.596100896E1,-2.064359486E-2,7.730896175E-3,2.467174172E-2,3.308503596E-2
8.597099696E1,8.145756125E-3,-1.792990208E-2,1.197100461E-2,2.304646790E-2
8.598098496E1,-1.106731743E-2,-2.006735176E-2,7.196753025E-3,2.402035336E-2
8.599097296E1,-3.165974915E-3,-5.224457949E-2,1.261302888E-2,5.383872195E-2
8.600096096E1,3.467749715E-2,2.905539930E-2,-2.784736454E-2,5.312457764E-2
8.601094896E1,4.004465640E-3,9.535346925E-3,-2.040736735E-2,2.287835720E-2
8.602093696E1,3.656556308E-3,1.474580079E-2,-1.270366073E-2,1.980383905E-2
8.603092496E1,9.952838123E-3,1.904993623E-2,2.528920770E-3,2.164149943E-2
8.604091296E1,4.152984917E-3,3.287246168E-2,4.393597841E-3,3.342378977E-2
8.605090096E1,-8.248959482E-3,3.509381890E-2,1.019637465E-2,3.746448337E-2
8.606088896E1,3.810630441E-3,2.374144971E-2,3.422960043E-3,2.428773341E-2
8.607087696E1,3.961897910E-2,6.623141170E-3,1.063491583E-2,4.155274887E-2
8.608086496E1,1.298403472E-2,-6.373465061E-4,2.041204512E-2,2.420006104E-2
8.609085296E1,-7.651374042E-3,2.889401615E-3,9.080725908E-3,1.222095534E-2
8.610084096E1,-1.656603903E-2,1.153392524E-2,1.300771594E-2,2.401386588E-2
8.611082896E1,-2.428348660E-3,2.989944488E-2,-2.158792019E-3,3.007547280E-2
8.612081696E1,-8.471738398E-3,1.736798465E-2,8.381983638E-3,2.106359162E-2
8.613080496E1,2.194898576E-2,-1.232300699E-3,1.464844465E-2,2.641691639E-2
8.614079296E1,3.042072415E-2,-2.525997162E-3,1.995303869E-2,3.646813503E-2
8.615078096E1,4.734285861E-2,-6.832763851E-3,-1.869939566E-3,4.786992372E-2
8.616076896E1,4.466395676E-2,1.436543941E-2,-1.962617934E-2,5.085687563E-2
8.617075696E1,4.455753744E-2,1.115180969E-2,-9.561367035E-3,4.691648688E-2
8.618074496E1,3.835393399E-2,2.447088987E-2,-3.593581796E-2,5.797613057E-2
8.619073296E1,1.376902342E-2,2.621336013E-2,-2.470331669E-2,3.856138108E-2
8.620072096E1,2.177006096E-2,3.371387601E-2,4.768989086E-3,4.041415899E-2
8.621070896E1,1.500103176E-3,2.610811025E-2,1.246450961E-2,2.896977270E-2
8.622069696E1,-1.602897227E-2,2.137508154E-2,2.164522290E-2,3.438513832E-2
8.623068496E1,-1.910928547E-2,2.339295566E-2,2.382974267E-2,3.847404062E-2
8.624067296E1,-5.210453868E-2,1.539425701E-2,3.700995147E-2,6.573889722E-2
8.625066096E1,-4.158481300E-2,4.621054530E-3,5.802776814E-2,7.153930872E-2
8.626064896E1,-5.823943734E-2,-2.527751327E-3,3.195269465E-2,6.647703577E-2
8.627063696E1,-5.868908823E-2,-1.496010125E-2,3.128201902E-2,6.816728262E-2
8.628062496E1,-5.524741709E-2,-1.488057911E-2,3.372323155E-2,6.641509675E-2
8.629061296E1,-4.633538336E-2,-9.882379174E-3,4.501537442E-2,6.535298848E-2
8.630060096E1,-4.451982290E-2,-7.513087392E-3,3.960202217E-2,6.005648402E-2
8.631058896E1,-5.105291694E-2,-1.066093594E-2,3.672460735E-2,6.378677503E-2
8.632057696E1,-5.858442307E-2,-1.324394345E-4,4.349743724E-2,7.296697344E-2
8.633056496E1,-5.432677299E-2,-1.738377213E-2,4.874823689E-2,7.503322196E-2
8.634055296E1,-4.836758316E-2,-2.719189167E-2,3.007983148E-2,6.311591190E-2
8.635054096E1,-1.054001552E-1,-5.207296371E-2,-1.993432760E-2,1.192399416E-1
8.636052896E1,-4.954345822E-2,-2.371835321E-2,-2.553479075E-3,5.498758757E-2
8.637051696E1,1.839037031E-2,2.386599541E-2,-2.073773503E-2,3.657656505E-2
8.638050496E1,1.055568606E-2,-7.127755880E-3,2.372156918E-2,2.692471460E-2
8.639049296E1,2.773802161E-2,2.254715592E-2,3.974527895E-2,5.345520818E-2
8.640048096E1,4.394094855E-2,5.527080595E-2,-1.153129399E-2,7.154466920E-2
8.641046896E1,6.006289154E-2,6.891411424E-2,-2.492784977E-2,9.475285629E-2
8.642045696E1,7.986565679E-2,8.418470263E-2,-3.523766041E-2,1.212735750E-1
8.643044496E1,9.167995602E-2,8.252292395E-2,-4.297995865E-2,1.306235972E-1
8.644043296E1,1.043973577E-1,9.969795048E-2,-4.422366142E-2,1.509775541E-1
8.645042096E1,8.065210730E-2,6.727426261E-2,-3.615567327E-2,1.110757468E-1
8.646040896E1,9.789817750E-2,5.068805069E-2,-3.960845411E-2,1.171416291E-1
8.647039696E1,7.574395448E-2,3.764554381E-2,-3.565515161E-2,9.179119481E-2
8.648038496E1,7.918562561E-2,3.344139576E-2,-9.232753515E-3,8.645191722E-2
8.649037296E1,8.956384867E-2,1.496653318E-2,-2.394551754E-2,9.390989253E-2
8.650036096E1,9.415245116E-2,-2.749945521E-3,-1.749136090E-2,9.580289122E-2
8.651034896E1,9.216585964E-2,-1.914027572E-2,-1.097288489E-2,9.476972112E-2
8.652033696E1,6.925997704E-2,-4.638859302E-2,-3.842088461E-2,9.178785517E-2
8.653032396E1,4.049781561E-2,-6.804638743E-2,-2.818708777E-2,8.405293468E-2
8.654031196E1,-8.428761363E-4,-1.088397798E-1,-2.848997355E-2,1.125099404E-1
8.655029996E1,4.827461243E-3,-1.108211088E-1,-2.780467987E-2,1.143578715E-1
8.656028796E1,5.777049065E-3,-1.120998949E-1,-4.147196174E-2,1.196648835E-1
8.657027696E1,5.168938637E-4,-8.144440502E-2,8.840405345E-3,8.192442282E-2
8.658026396E1,-4.369478077E-2,-5.665981203E-2,4.214906931E-2,8.304283358E-2
8.659025196E1,-7.003268659E-2,-1.290392786E-2,7.233532012E-2,1.015060938E-1
8.660023996E1,-8.154234588E-2,9.872438908E-3,6.267747402E-2,1.033203028E-1
8.661022796E1,-9.887934029E-2,2.936296284E-2,7.494785607E-2,1.275009359E-1
8.662021596E1,-1.155126223E-1,4.026597351E-2,8.661714435E-2,1.498901072E-1
8.663020396E1,-9.448720425E-2,5.669197172E-2,6.710381627E-2,1.290144704E-1
8.664019196E1,-8.291322559E-2,6.723362446E-2,6.412056684E-2,1.245247378E-1
8.665017996E1,-4.711160123E-2,5.829381645E-2,6.434919298E-2,9.878507298E-2
8.666016796E1,-3.951694518E-2,3.710730761E-2,5.138065338E-2,7.468944220E-2
8.667015596E1,-2.114967138E-2,2.775994867E-2,3.887170494E-2,5.223918830E-2
8.668014396E1,-2.296610892E-2,2.389903218E-2,1.210782945E-2,3.528746848E-2
8.669013196E1,-5.000831187E-3,2.220772505E-2,1.111555696E-2,2.533272529E-2
8.670011996E1,2.617009073E-2,2.715797782E-2,-7.156407237E-3,3.838806550E-2
8.671010796E1,2.444282323E-2,1.474433899E-2,-2.395019531E-2,3.726203155E-2
8.672009596E1,5.727172315E-2,-5.326813459E-3,-2.884197593E-2,6.434504480E-2
8.673008396E1,4.746652722E-2,4.464641511E-3,-3.041195333E-2,5.654989952E-2
8.674007196E1,2.382097185E-2,-2.453199327E-3,-1.949286282E-2,3.087763896E-2
8.675005996E1,8.106287420E-3,1.259577960E-2,6.146593094E-3,1.619092851E-2
8.676004796E1,-1.436193109E-2,1.518521905E-3,2.914310753E-2,3.252524696E-2
8.677003596E1,-1.309717834E-2,-3.763267994E-3,2.399989665E-2,2.759879174E-2
8.678002396E1,-2.083450645E-2,8.066526353E-3,1.148802459E-2,2.512210611E-2
8.679001196E1,-1.265922189E-3,-9.720996022E-4,1.301005483E-3,2.059162910E-3
8.679999996E1,2.242524147E-2,6.217929125E-3,-1.817899346E-2,2.953015240E-2
8.680998796E1,2.291816175E-2,9.067862034E-3,-5.442588329E-2,5.974650644E-2
8.681997596E1,4.170088023E-2,7.040632367E-3,-3.924475729E-2,5.769475618E-2
8.682996396E1,4.470868796E-2,9.949329793E-3,-2.591193616E-2,5.262399052E-2
8.683995163E1,5.103245169E-2,1.339743286E-2,-2.332337379E-2,5.768693178E-2
8.684993963E1,4.021744162E-2,1.090184122E-2,-1.162192583E-2,4.325924077E-2
8.685992762E1,5.657590449E-2,4.258527160E-3,-2.549970746E-3,5.679322471E-2
8.686991563E1,1.574508995E-2,1.570737541E-2,-2.613705397E-3,2.239332391E-2
8.687990363E1,1.490104437E-2,3.323440433E-2,-2.110844851E-3,3.648317996E-2
8.688989163E1,1.777904391E-2,2.723633051E-2,6.330195665E-3,3.313583376E-2
8.689987963E1,1.008264631E-2,2.171305060E-2,7.128925323E-3,2.497874896E-2
8.690986763E1,1.015895247E-2,1.001803458E-2,1.479345560E-3,1.434412059E-2
8.691985563E1,2.202002943E-2,6.573147476E-3,1.083489060E-2,2.540635389E-2
8.692984363E1,-1.510043442E-3,2.244979978E-2,1.813046157E-2,2.889614815E-2
8.693983163E1,2.250300944E-2,1.785505772E-2,-4.909322262E-3,2.914257993E-2
8.694981963E1,7.493791580E-3,2.478956312E-2,-2.009103298E-3,2.597529303E-2
8.695980763E1,2.409228265E-2,1.130383730E-2,7.735866308E-4,2.662354705E-2
8.696979563E1,2.997925937E-2,-1.268816561E-2,-2.775088549E-3,3.267180214E-2
8.697978363E1,1.020631492E-2,-1.318956435E-2,-1.567053795E-4,1.667807029E-2
8.698977163E1,1.137868166E-3,1.763520241E-3,-2.637094259E-4,2.115251820E-3
8.699975963E1,-1.648388565E-2,-1.964722931E-2,2.937641144E-3,2.581398538E-2
8.700974763E1,-3.285930544E-2,-1.426077425E-2,3.125921488E-2,4.754200407E-2
8.701973563E1,-3.086628199E-2,-1.974750906E-2,3.118437052E-2,4.811607260E-2
8.702972363E1,-4.514927566E-2,-1.646108150E-2,3.375831485E-2,5.872859711E-2
8.703971163E1,-6.537274808E-2,-2.405719936E-2,3.543003380E-2,7.815134245E-2
8.704969963E1,-5.948518664E-2,-5.968837738E-3,4.025574088E-2,7.207384496E-2
8.705968763E1,-4.464787692E-2,-5.697819293E-3,3.738534272E-2,5.851121182E-2
8.706967563E1,-4.648068666E-2,-1.195784837E-2,4.145149648E-2,6.341664554E-2
8.707966362E1,-3.706023753E-2,1.040190428E-2,3.474064708E-2,5.185145492E-2
8.708965163E1,-9.657553732E-3,-4.959023595E-3,1.566936851E-2,1.906277442E-2
8.709963963E1,-8.677268028E-3,-1.317319214E-2,1.032325923E-2,1.885199334E-2
8.710962762E1,-3.690177798E-3,1.506622821E-2,-1.026771069E-3,1.554551072E-2
8.711961563E1,1.974838614E-2,2.416391104E-2,-8.502436280E-3,3.234477972E-2
8.712960363E1,3.100135267E-2,1.656603903E-2,-2.062488377E-2,4.075418195E-2
8.713959162E1,3.150099725E-2,2.160487711E-2,-9.900505543E-3,3.946015145E-2
8.714957963E1,4.733408779E-2,3.429391980E-2,-1.730775833E-2,6.096021080E-2
8.715956763E1,3.477076024E-2,3.246724963E-2,-3.139253139E-2,5.699665862E-2
8.716955562E1,3.260641336E-2,1.991561651E-2,-1.838832378E-2,4.240212760E-2
8.717954363E1,4.537673235E-2,1.527760506E-2,7.417193055E-3,4.845067397E-2
8.718953163E1,4.176958501E-2,2.874198854E-2,-1.599739730E-2,5.316687745E-2
8.719951962E1,4.961333245E-2,9.877701402E-3,-3.750404119E-2,6.297304858E-2
8.720950763E1,4.956567764E-2,-2.023253560E-2,-3.696492791E-2,6.505780347E-2
8.721949563E1,4.242768914E-2,-1.932270885E-2,-1.812402964E-2,5.001955950E-2
8.722948362E1,5.112629950E-2,-3.123611838E-2,-3.208367229E-3,5.999906009E-2
8.723947163E1,3.051720321E-2,-3.610714138E-2,-1.973493755E-2,5.122980685E-2
8.724945963E1,9.030147493E-3,-2.813709408E-2,-3.419393241E-2,4.519363496E-2
8.725944763E1,-1.973376811E-2,3.033535480E-3,6.992685199E-3,2.115470604E-2
8.726943563E1,-4.771357208E-2,8.589559793E-3,2.562249899E-2,5.483500664E-2
8.727942363E1,-5.401219279E-2,1.727121323E-2,3.579314590E-2,6.705789341E-2
8.728941163E1,-7.390471280E-2,2.053366721E-2,6.606768966E-2,1.012347652E-1
8.729939963E1,-7.373923659E-2,2.109733880E-2,6.879716992E-2,1.030321470E-1
8.730938763E1,-4.861755162E-2,1.797814161E-2,4.800388634E-2,7.064880045E-2
8.731937563E1,-4.643157005E-2,-2.590316534E-3,2.942552805E-2,5.503146498E-2
8.732936363E1,-4.580621034E-2,1.191545606E-2,2.115814984E-2,5.184452047E-2
8.733935163E1,-3.333497643E-2,4.602343440E-3,4.744430780E-3,3.398399392E-2
8.734933963E1,-9.001788497E-4,1.267968714E-3,9.472489357E-5,1.557895833E-3
8.735932763E1,2.130228370E-2,-6.349199116E-3,-1.900929809E-2,2.924812873E-2
8.736931563E1,4.838278592E-2,1.731419027E-2,-2.498456776E-2,5.713933657E-2
8.737930363E1,2.608706027E-2,1.827547252E-2,-1.013965666E-2,3.342663978E-2
8.738929163E1,4.588368595E-2,2.665073186E-2,5.546668768E-3,5.335109820E-2
8.739927963E1,5.714308441E-2,8.226740062E-3,2.099150419E-4,5.773262000E-2
8.740926763E1,5.429549038E-2,7.735281587E-3,-2.450685024E-2,6.007013040E-2
8.741925562E1,6.587122321E-2,-2.176976860E-2,-2.213872790E-2,7.282214049E-2
8.742924363E1,7.077645242E-2,-1.324628234E-2,-4.950428188E-2,8.738102848E-2
8.743923163E1,6.109434038E-2,-1.646985233E-2,-4.648828804E-2,7.851710252E-2
8.744921962E1,5.071056247E-2,-2.981758386E-2,-3.807589889E-2,7.007441422E-2
8.745920763E1,4.639794856E-2,-3.649101108E-2,-3.145685077E-2,6.688719594E-2
8.746919563E1,3.083470702E-2,-2.249102265E-2,-3.372849405E-2,5.093364868E-2
8.747918362E1,3.139311612E-2,-9.244447947E-3,-1.622719288E-2,3.652819933E-2
8.748917163E1,2.464952230E-2,-1.721040219E-2,-7.846963406E-3,3.107043173E-2
8.749915963E1,2.977694571E-2,3.404248953E-3,-1.326616287E-2,3.277569960E-2
8.750914762E1,3.238071084E-2,2.385313153E-2,-1.361524165E-2,4.246006504E-2
8.751913563E1,3.416235745E-2,4.252153695E-2,-1.122080684E-2,5.568711051E-2
8.752912363E1,2.517811060E-3,4.107785940E-2,9.010559320E-4,4.116481273E-2
8.753911162E1,-2.666798115E-2,4.584450960E-2,4.860205650E-3,5.325900748E-2
8.754909963E1,-3.128552735E-2,5.116956890E-2,3.940146267E-2,7.176060384E-2
8.755908763E1,-2.984272689E-2,5.008315623E-2,4.270572424E-2,7.226817950E-2
8.756907562E1,-4.191401124E-2,5.460626990E-2,5.669694185E-2,8.918055991E-2
8.757906363E1,-5.149525881E-2,4.393890202E-3,5.637300611E-2,7.647864910E-2
8.758905163E1,-4.395118117E-2,-2.194021493E-2,2.889343143E-2,5.699043549E-2
8.759903963E1,-4.739636064E-2,-6.681028605E-3,1.003616095E-2,4.890578362E-2
8.760902763E1,-6.854924798E-2,-7.936718166E-3,3.000966489E-2,7.525005569E-2
8.761901563E1,-3.598581165E-2,-1.965249181E-2,2.927116156E-2,5.037856661E-2
8.762900363E1,-3.931521624E-2,-1.133804351E-2,2.400983691E-2,4.744164550E-2
8.763899163E1,-3.969177693E-2,-2.948107660E-2,3.390683413E-2,5.995201776E-2
8.764897963E1,-2.425483525E-2,-3.381707937E-2,2.019335926E-2,4.625649844E-2
8.765896763E1,-3.407552630E-2,-1.768022597E-2,2.979273319E-2,4.859360898E-2
8.766895563E1,-2.412005693E-2,2.724802494E-3,2.931618512E-2,3.806100898E-2
8.767894363E1,-2.317923993E-2,9.828000069E-3,1.075653791E-2,2.737827345E-2
8.768893163E1,-3.263886541E-2,1.140704066E-2,6.231962442E-3,3.513194369E-2
8.769891963E1,-2.196506560E-2,-3.493711352E-3,5.782896280E-3,2.298068787E-2
8.770890763E1,-3.255408078E-2,-4.754955769E-3,2.459397376E-2,4.107604320E-2
8.771889563E1,1.930809081E-2,1.452068299E-2,-2.855780125E-3,2.432710598E-2
8.772888363E1,3.891380489E-2,3.037950128E-2,-1.836551964E-2,5.267343373E-2
8.773887163E1,6.004184157E-2,3.405067563E-2,-2.748308301E-2,7.429529663E-2
8.774885963E1,7.217832237E-2,4.528463870E-2,-5.076844990E-2,9.918590741E-2
8.775884762E1,8.815116137E-2,5.393062413E-2,-3.498213708E-2,1.091003638E-1
8.776883563E1,6.572650462E-2,4.254551053E-2,-3.852379560E-2,8.725924996E-2
8.777882363E1,6.393579483E-2,2.610401720E-2,-3.057742953E-2,7.552605359E-2
8.778881162E1,7.858920962E-2,1.919377774E-2,-3.806245029E-2,8.940590078E-2
8.779879963E1,5.816517770E-2,1.553605199E-2,-1.836493492E-2,6.294305079E-2
8.780878763E1,7.296828121E-2,1.709345788E-2,-3.725085676E-2,8.369099530E-2
8.781877562E1,5.748485416E-2,5.993688405E-3,-4.133338273E-2,7.105548034E-2
8.782876363E1,4.666224271E-2,-1.738377213E-2,-4.707476377E-2,6.852440305E-2
8.783875188E1,3.818465710E-2,-2.669663250E-2,-2.944716275E-2,5.511727151E-2
8.784873988E1,4.257650077E-3,-2.853353530E-2,-1.279663146E-2,3.156016473E-2
8.785872788E1,-1.231949866E-2,-3.500728011E-2,1.314337134E-2,3.937039393E-2
8.786871588E1,-2.693607599E-2,-4.470313311E-2,2.489569008E-2,5.782488810E-2
8.787870388E1,-3.987859547E-2,-4.213123530E-2,2.756728292E-2,6.422848630E-2
8.788869188E1,-7.764400721E-2,-3.310371906E-2,4.872601748E-2,9.746113507E-2
8.789867988E1,-7.870147616E-2,-2.134292185E-2,5.985034525E-2,1.011509095E-1
8.790866787E1,-6.070199221E-2,-3.543412685E-3,5.802542925E-2,8.404902184E-2
8.791865588E1,-6.534029603E-2,3.275317848E-2,4.899615884E-2,8.799288930E-2
8.792864388E1,-6.645214409E-2,3.310664266E-2,4.306415856E-2,8.582807812E-2
8.793863187E1,-5.272785187E-2,2.990733862E-2,4.297995865E-2,7.430983859E-2
8.794861988E1,-2.170515686E-2,4.529721022E-2,4.429265857E-2,6.696857988E-2
8.795860788E1,-1.425960481E-2,3.627875715E-2,4.032941580E-2,5.608873620E-2
8.796859587E1,4.584217072E-3,2.155576050E-2,-1.910753131E-2,2.916785233E-2
8.797858388E1,3.970873386E-2,2.859142274E-2,-3.008100092E-2,5.743796319E-2
8.798857188E1,4.869795084E-2,4.450637430E-2,-1.126875401E-2,6.692751741E-2
8.799855987E1,5.105788708E-2,2.310644209E-2,-2.853499711E-2,6.288928016E-2
8.800854788E1,5.344033509E-2,2.866363585E-2,-2.896593690E-2,6.720490262E-2
8.801853588E1,4.913941562E-2,2.354907632E-2,-8.497173786E-3,5.514928037E-2
8.802852387E1,4.134800076E-2,-5.672091544E-3,-7.017243505E-3,4.232105263E-2
8.803851188E1,4.448444724E-2,-6.603552997E-3,-1.443736017E-2,4.723251345E-2
8.804849988E1,4.686104804E-2,-2.282431394E-2,-1.975891113E-2,5.574335565E-2
8.805848787E1,3.390741885E-2,-1.810941160E-2,4.200055003E-3,3.866916476E-2
8.806847588E1,3.597382486E-2,-1.255104840E-2,-4.304720163E-3,3.834286774E-2
8.807846388E1,3.323878974E-2,-5.586137474E-3,-8.957349658E-3,3.487486470E-2
8.808845188E1,2.361895055E-2,-1.347753972E-2,-2.725036383E-2,3.849780812E-2
8.809843988E1,-9.477167130E-3,-2.412356526E-2,-1.386667192E-2,2.939468809E-2
8.810842788E1,-4.211457074E-3,1.045365214E-2,7.804863453E-3,1.370879671E-2
8.811841588E1,5.554562509E-3,5.487611890E-3,3.569140434E-3,8.585208929E-3
8.812840388E1,-5.561286807E-3,3.098731935E-3,1.248965263E-2,1.401861168E-2
8.813839188E1,-2.081901133E-2,4.301211834E-3,2.190717816E-2,3.052631834E-2
8.814837988E1,-2.064827263E-2,1.744809151E-3,1.581730306E-2,2.606880507E-2
8.815836788E1,-2.797424912E-2,-5.583213866E-3,2.995645523E-2,4.136568749E-2
8.816835588E1,-3.023361325E-2,5.473578572E-3,7.570974827E-3,3.164413204E-2
8.817834388E1,-2.584030777E-2,5.302839875E-3,5.062519312E-3,2.686020697E-2
8.818833188E1,-1.767028570E-2,6.501811445E-3,3.937631965E-2,4.364638700E-2
8.819831988E1,-2.287576944E-2,3.753035367E-3,3.994233012E-2,4.618198607E-2
8.820830788E1,-2.337424457E-3,2.528628409E-3,9.387704730E-3,9.999325718E-3
8.821829588E1,-2.010886699E-2,-2.770703137E-3,1.309133112E-2,2.415421864E-2
8.822828388E1,-1.532993764E-2,-1.772583425E-3,6.643021703E-3,1.680115405E-2
8.823827188E1,-1.840323418E-2,-1.743551999E-2,6.121450067E-3,2.607965753E-2
8.824825987E1,-5.314241946E-3,-2.830812514E-2,1.933089495E-3,2.886742024E-2
8.825824788E1,7.444967330E-3,-3.386034876E-2,7.080978155E-3,3.538489803E-2
8.826823588E1,3.446348906E-3,1.295713753E-2,-1.136230946E-2,1.757460696E-2
8.827822387E1,6.474621892E-3,2.954948902E-2,-2.434312820E-2,3.882886711E-2
8.828821188E1,1.972265840E-3,4.975980520E-2,-4.355006218E-3,4.998894003E-2
8.829819988E1,6.392760873E-3,4.091179848E-2,4.050951004E-3,4.160592326E-2
8.830818787E1,2.115230262E-3,3.101801723E-2,1.889644682E-2,3.638223873E-2
8.831817588E1,2.428933382E-3,4.663856149E-2,2.586983621E-2,5.338823429E-2
8.832816388E1,1.077758789E-2,4.750891954E-2,8.034074306E-4,4.872267747E-2
8.833815187E1,1.627280116E-2,3.521865696E-2,1.347198486E-3,3.881974754E-2
8.834813988E1,2.748396009E-2,1.866138875E-2,8.954426050E-3,3.440635462E-2
8.835812788E1,4.607255101E-2,6.001582146E-3,-2.320175171E-3,4.651969645E-2
8.836811587E1,4.642513812E-2,1.449115455E-2,-1.096703768E-2,4.985542021E-2
8.837810388E1,3.190737873E-2,2.210452169E-2,-2.069972813E-2,4.399056082E-2
8.838809188E1,2.628586560E-2,2.840811253E-2,-2.626276910E-2,4.677286210E-2
8.839807987E1,3.734382749E-2,1.821466148E-2,-1.481684446E-2,4.411206438E-2
8.840806788E1,5.222528368E-2,-5.893993378E-4,-1.632074833E-2,5.471923312E-2
8.841805588E1,6.174455076E-2,-2.561869830E-2,-1.488233328E-2,6.848496985E-2
8.842804388E1,7.105273336E-2,-4.687011123E-2,-1.840177238E-2,8.708572484E-2
8.843803188E1,5.243782997E-2,-3.681582391E-2,-2.231648326E-2,6.784656460E-2
8.844802087E1,3.866208225E-2,-9.015529454E-3,-1.580560863E-2,4.273000866E-2
8.845800888E1,2.337658346E-2,-2.729772627E-2,-1.766502321E-2,4.004601801E-2
8.846799588E1,-6.557067633E-3,-3.580717921E-2,-1.494957626E-2,3.935275148E-2
8.847798487E1,-1.245895475E-2,-2.334150016E-2,-1.526298702E-2,3.054521167E-2
8.848797288E1,-3.805134058E-2,1.762672395E-2,-1.286972165E-3,4.195547895E-2
8.849796088E1,-4.659324557E-2,3.014707446E-2,2.353270411E-2,6.027905767E-2
8.850794887E1,-6.733887434E-2,4.261216879E-2,4.551238775E-2,9.176981184E-2
8.851793688E1,-7.914264858E-2,6.720146477E-2,6.712603569E-2,1.236345436E-1
8.852792488E1,-6.040641546E-2,6.108878553E-2,7.031744599E-2,1.110194486E-1
8.853791287E1,-4.737940371E-2,6.552097499E-2,4.937798202E-2,9.474170765E-2
8.854790088E1,6.753534079E-4,5.358329952E-2,9.256142378E-3,5.438108367E-2
8.855788888E1,7.004087269E-3,3.250788778E-2,4.369624257E-3,3.353973200E-2
8.856787687E1,1.616316587E-2,2.822538704E-2,-7.606642842E-3,3.340331450E-2
8.857786488E1,3.936345577E-2,9.526576102E-3,-1.637103438E-2,4.368349882E-2
8.858785288E1,3.203630984E-2,-2.956206053E-2,-8.310062885E-3,4.437677001E-2
8.859784087E1,-3.383491337E-3,-6.314525127E-2,-6.786278486E-3,6.359893354E-2
8.860782888E1,-2.529066950E-2,-1.132015103E-1,-4.958438873E-4,1.159933005E-1
8.861781688E1,-3.289351165E-2,-1.264796600E-1,1.133950531E-2,1.311780160E-1
8.862780488E1,-8.192533851E-3,-8.727320194E-2,2.780701876E-2,9.196172943E-2
8.863779288E1,1.180874437E-2,-9.489563227E-2,3.959442079E-2,1.035004620E-1
8.864778088E1,1.826056212E-2,-9.160745054E-2,1.848948061E-2,9.522202486E-2
8.865776888E1,-1.040745914E-2,-9.131538212E-2,-5.330321789E-3,9.206099363E-2
8.866775688E1,4.981827736E-4,-7.399534464E-2,-4.468442202E-2,8.644221645E-2
8.867774488E1,-1.612866729E-2,-5.267201096E-2,-6.087302327E-2,8.209750063E-2
8.868773288E1,-6.335458159E-3,-1.317786992E-2,-5.342600942E-2,5.539072818E-2
8.869772088E1,-1.842925429E-2,-3.395478129E-3,-1.532496750E-2,2.420787712E-2
8.870770888E1,-2.516144603E-2,1.806672692E-2,1.830295444E-2,3.597920412E-2
8.871769688E1,-8.522316813E-3,3.022893548E-2,7.168686390E-4,3.141547906E-2
8.872768488E1,1.593366265E-3,6.146476150E-2,-5.119822025E-3,6.169820337E-2
8.873767288E1,2.301639497E-2,9.433342248E-2,-1.564539492E-2,9.835307528E-2
8.874766088E1,1.656574667E-2,8.892153203E-2,-3.302390456E-2,9.629143832E-2
8.875764888E1,2.602946520E-2,1.034021616E-1,-2.161832571E-2,1.087974820E-1
8.876763688E1,4.978202462E-2,1.178652495E-1,-2.024306059E-3,1.279631386E-1
8.877762488E1,8.569620788E-2,9.738888502E-2,8.088453412E-3,1.299763750E-1
8.878761287E1,7.555684358E-2,5.934163749E-2,1.366260409E-2,9.704088470E-2
8.879760088E1,6.970992029E-2,3.104579151E-2,-8.269132376E-3,7.675736256E-2
8.880758888E1,5.811430693E-2,1.099744320E-2,-1.466189325E-2,6.093592980E-2
8.881757687E1,4.229524970E-2,-1.709784329E-2,-2.199781001E-2,5.064709308E-2
8.882756488E1,5.517169565E-2,-4.337669224E-2,-3.057742953E-2,7.655346254E-2
8.883755288E1,5.655046910E-2,-3.376562387E-2,-2.878116488E-2,7.187787116E-2
8.884754087E1,3.158402771E-2,-4.293844342E-2,9.576569796E-3,5.415691478E-2
8.885752888E1,-7.462508976E-3,-3.481169075E-2,-1.218852103E-2,3.763114266E-2
8.886751688E1,-1.946567327E-2,-2.795378387E-2,2.025475502E-3,3.412373103E-2
8.887750487E1,-1.242737979E-2,-2.915334016E-2,1.077875733E-2,3.347444728E-2
8.888749288E1,-3.831680417E-3,-1.918763816E-2,1.086821973E-2,2.238225711E-2
8.889748088E1,-3.657257974E-2,-7.402867377E-3,1.434205055E-2,3.997562318E-2
8.890746887E1,-2.879227459E-2,1.685255259E-2,1.846258342E-2,3.812965502E-2
8.891745688E1,-1.879295111E-3,2.866948307E-2,1.188154221E-2,3.109086770E-2
8.892744488E1,-1.579274476E-2,2.853265822E-2,7.011396289E-3,3.335690408E-2
8.893743287E1,-4.305480301E-2,3.387584388E-2,2.127217054E-3,5.482530359E-2
8.894742088E1,-6.394719690E-2,2.289477289E-2,2.331518769E-2,7.181234291E-2
8.895740888E1,-6.630537897E-2,4.333371520E-2,3.934591413E-2,8.844385288E-2
8.896739688E1,-6.656733423E-2,1.825968504E-2,4.781385183E-2,8.396898542E-2
8.897738488E1,-6.183693677E-2,2.564676493E-2,6.305929720E-2,9.196759356E-2
8.898737288E1,-5.487202585E-2,1.411254734E-2,4.026509643E-2,6.950813768E-2
8.899736088E1,-6.016989559E-2,2.943079054E-2,4.361555099E-2,7.993062026E-2
8.900734888E1,-4.592549354E-2,3.137966752E-2,3.209127367E-2,6.421591965E-2
8.901733688E1,-1.677829295E-2,7.589101195E-3,2.547164083E-2,3.143103654E-2
8.902732488E1,-2.933255732E-2,1.954139471E-3,2.684924483E-2,3.981330843E-2
8.903731288E1,-5.735241473E-3,-8.458874524E-3,1.501857340E-2,1.816598745E-2
8.904730088E1,-8.189902604E-3,2.708430290E-3,6.571685672E-3,1.084422205E-2
8.905728888E1,3.013801128E-2,7.230082154E-4,-4.963701367E-3,3.055259066E-2
8.906727688E1,6.399222046E-2,4.224613309E-4,-2.861451924E-2,7.009973940E-2
8.907726488E1,6.112650007E-2,-3.327211887E-2,-1.064017832E-2,7.040380884E-2
8.908725288E1,5.767547339E-2,-1.100504458E-2,-2.733748734E-2,6.476812064E-2
8.909724088E1,8.047639847E-2,-9.876824319E-3,-4.528551579E-2,9.286969532E-2
8.910722888E1,8.059626639E-2,-3.643984795E-3,-3.848520398E-2,8.938762614E-2
8.911721688E1,7.100917161E-2,1.145644963E-2,-4.537673235E-2,8.504469724E-2
8.912720487E1,6.454332054E-2,-9.839694500E-3,-3.489676774E-2,7.403002237E-2
8.913719288E1,4.256539106E-2,-1.011129767E-2,-3.968212903E-2,5.906540630E-2
8.914718088E1,3.374808222E-2,-7.269258499E-3,-1.828482807E-2,3.906545930E-2
8.915716887E1,5.067606390E-2,-7.777673900E-3,-1.615059435E-2,5.375311490E-2
8.916715688E1,3.902811795E-2,-2.157300979E-2,-1.968932927E-2,4.874688123E-2
8.917714488E1,9.959562421E-3,-6.638928652E-3,5.612157583E-3,1.321985514E-2
8.918713287E1,-3.201642931E-3,5.724131763E-3,-6.468774676E-3,9.212016484E-3
8.919712088E1,-5.278281569E-3,1.787172228E-2,-5.419199467E-3,1.940686570E-2
8.920710888E1,-1.594243348E-2,8.620550036E-3,-2.995528579E-3,1.836976482E-2
8.921709687E1,-1.089277804E-2,2.146366686E-2,6.212081909E-3,2.485822942E-2
8.922708488E1,9.241524339E-3,2.251178026E-3,2.052138805E-2,2.261859727E-2
8.923707288E1,3.092299998E-2,-7.332700789E-3,-1.233762503E-3,3.180444306E-2
8.924706087E1,1.717151821E-2,-7.266919613E-3,-3.023010492E-2,3.551800110E-2
8.925704888E1,2.326256275E-2,1.551412493E-2,-5.403411984E-3,2.847861933E-2
8.926703688E1,-1.132781088E-2,1.117052078E-2,2.215977788E-2,2.727921534E-2
8.927702487E1,-2.176158249E-2,1.784891814E-2,3.633518279E-2,4.596080786E-2
8.928701288E1,-3.271107852E-2,1.608861387E-2,4.400731444E-2,5.714456999E-2
8.929700088E1,-5.070646942E-2,2.703343213E-2,3.827178061E-2,6.904115935E-2
8.930698888E1,-3.013362586E-2,3.063824058E-2,2.207616270E-2,4.831246374E-2
8.931697688E1,-3.700673550E-2,3.506955296E-2,1.769835234E-2,5.396854355E-2
8.932696488E1,-1.968289733E-2,3.044001997E-2,-9.911030531E-4,3.626283977E-2
8.933695288E1,8.497173786E-3,2.123124003E-2,6.802065969E-3,2.385865917E-2
8.934694088E1,3.038797975E-3,-1.379942894E-4,7.587347031E-3,8.174421724E-3
8.935692888E1,8.305092752E-3,1.627864838E-3,1.944608510E-2,2.120789323E-2
8.936691688E1,-6.229038835E-3,-2.155868411E-3,9.164925814E-3,1.128913454E-2
8.937690488E1,6.821654141E-3,-1.423299998E-2,1.443677545E-3,1.584921003E-2
8.938689288E1,-5.955973864E-3,3.747188151E-3,-8.860870600E-3,1.131503741E-2
8.939688088E1,1.466101617E-2,-4.768404365E-3,-4.871900082E-3,1.616844104E-2
8.940686888E1,3.434859127E-2,-3.536103666E-2,-1.212244749E-2,5.076595679E-2
8.941685688E1,2.832040429E-2,-2.884402245E-2,-1.279663146E-2,4.240019702E-2
8.942684488E1,2.181566924E-2,-1.736096799E-2,4.750862718E-3,2.828245623E-2
8.943683288E1,1.114303887E-2,-4.029433250E-2,-1.280364811E-2,4.372337993E-2
8.944682088E1,2.831952721E-2,-3.671466708E-2,-2.585638762E-2,5.308968997E-2
8.945680888E1,3.354869217E-2,-3.055550247E-2,-2.169375479E-2,5.029684358E-2
8.946679688E1,2.591602921E-2,-8.544536233E-3,-4.089659572E-2,4.916483714E-2
8.947678488E1,9.554642737E-3,2.401977718E-2,-2.329998493E-2,3.480129583E-2
8.948677388E1,2.248546779E-3,1.855789304E-2,-4.929202795E-3,1.933257347E-2
8.949676188E1,-2.090964317E-3,2.744273722E-2,8.872565031E-3,2.891709474E-2
8.950674988E1,3.964412212E-4,4.487738013E-2,2.076346278E-2,4.944954803E-2
8.951673788E1,4.224145532E-2,6.343644261E-2,1.922096729E-2,7.860005332E-2
8.952672588E1,3.402436316E-2,6.503624082E-2,1.064777970E-3,7.340642792E-2
8.953671388E1,1.141610384E-2,6.618814230E-2,3.878458142E-3,6.727733679E-2
8.954670188E1,2.057079703E-2,6.912373692E-2,2.531318128E-2,7.643301539E-2
8.955668988E1,1.911162436E-3,6.426031530E-2,2.486411512E-2,6.892941959E-2
8.956667788E1,-1.449378580E-2,4.420231909E-2,2.534651041E-2,5.297509254E-2
8.957666588E1,-3.355892479E-2,1.778225988E-2,2.779941738E-2,4.706610039E-2
8.958665388E1,-4.358806908E-2,2.085877240E-2,1.031799674E-2,4.941122554E-2
8.959664188E1,-6.752423108E-2,3.711227775E-3,1.947122812E-2,7.037345891E-2
8.960662988E1,-5.276849002E-2,1.736769229E-2,2.430862963E-2,6.063876441E-2
8.961661788E1,-2.665745616E-2,-1.366377354E-2,3.001024961E-2,4.240204898E-2
8.962660588E1,-3.339140207E-2,-7.209032178E-3,1.527643561E-2,3.742092145E-2
8.963659388E1,-3.542827964E-3,-7.588516474E-3,-2.382155657E-3,8.707001655E-3
8.964658188E1,3.331743479E-3,-1.899263352E-2,1.152486205E-2,2.246426246E-2
8.965656988E1,-2.390107870E-2,-2.782806873E-2,1.091324329E-2,3.827220730E-2
8.966655787E1,-1.290188134E-3,-2.053863734E-2,-7.749899626E-3,2.199002395E-2
8.967654588E1,1.653884947E-3,-1.601552367E-3,-1.502442062E-2,1.519978685E-2
8.968653388E1,1.403039396E-3,-1.765859127E-3,-3.613579273E-3,4.259663504E-3
8.969652187E1,3.710818470E-2,-1.344625711E-2,-3.289643526E-3,3.960607221E-2
8.970650988E1,4.961304009E-2,-1.261010528E-2,-2.297195613E-2,5.610863811E-2
8.971649788E1,4.966391087E-2,-7.975602150E-3,-3.310635030E-2,6.021747838E-2
8.972648587E1,6.767070383E-2,-1.166080981E-2,-3.317476273E-2,7.626180908E-2
8.973647388E1,4.106704205E-2,-4.886225760E-3,-3.220412493E-2,5.241643642E-2
8.974646188E1,4.530598104E-2,8.293105960E-3,-4.045688510E-2,6.130389120E-2
8.975644987E1,5.221417397E-2,-3.782856166E-3,-5.589938164E-4,5.235401072E-2
8.976643788E1,5.059712648E-2,1.103603482E-2,-1.316208243E-2,5.343317029E-2
8.977642588E1,3.236170739E-2,1.188300401E-2,1.874383450E-2,3.924050485E-2
8.978641387E1,2.703810990E-2,3.274440765E-5,-3.545166850E-3,2.726955568E-2
8.979640188E1,2.534884930E-2,5.851308703E-3,-1.859473050E-2,3.197758553E-2
8.980638988E1,3.394951880E-2,-3.518854380E-3,-1.981212080E-2,3.946482349E-2
8.981637787E1,1.381521642E-2,-8.531087637E-3,-3.090311944E-2,3.490905975E-2
8.982636588E1,1.245164573E-3,-8.851515055E-3,-1.692651987E-2,1.914175615E-2
8.983635396E1,-2.663816035E-2,-2.774065286E-2,1.189031303E-2,4.025562013E-2
8.984634196E1,-2.713137299E-2,-1.514779687E-2,3.315371275E-3,3.124994139E-2
8.985632996E1,-3.838989437E-2,-7.870352268E-4,3.647610068E-2,5.296139476E-2
8.986631796E1,-5.274042338E-2,4.243032038E-3,3.987625659E-2,6.625459545E-2
8.987630596E1,-4.163159072E-2,-6.224945784E-3,4.727883160E-2,6.330266356E-2
8.988629396E1,-4.306942105E-2,-2.970970273E-3,3.077214181E-2,5.301628435E-2
8.989628196E1,-1.260396570E-2,2.805494070E-3,2.000741780E-2,2.381233956E-2
8.990626996E1,5.085615814E-3,-1.041096747E-2,-7.109629512E-3,1.359406354E-2
8.991625796E1,1.791908473E-2,-7.658098340E-3,-7.951043844E-3,2.104659511E-2
8.992624596E1,2.034129381E-2,-6.262367964E-3,-2.072721004E-2,2.970863044E-2
8.993623396E1,1.705165029E-2,-7.533845007E-3,-3.034178674E-2,3.561097613E-2
8.994622196E1,-4.531592131E-4,7.530921400E-3,-1.046066880E-2,1.289750837E-2
8.995620996E1,-9.631825984E-3,1.091616690E-2,-3.506575227E-3,1.497433943E-2
8.996619796E1,-1.376405329E-2,3.035874367E-2,6.704417467E-3,3.400076019E-2
8.997618596E1,-2.995850176E-2,4.564570427E-2,2.392856061E-2,5.961223162E-2
8.998617396E1,-2.161394030E-2,4.230197400E-2,3.065168917E-2,5.653446266E-2
8.999616196E1,-3.253683150E-3,2.400983691E-2,3.043943524E-2,3.890524310E-2
9.000614996E1,1.164589942E-2,1.764923573E-2,2.130842328E-2,3.001951694E-2
9.001613796E1,1.080916286E-2,9.590603113E-3,-2.647619247E-3,1.469107067E-2
9.002612596E1,1.382895738E-2,1.271155447E-2,9.316368699E-3,2.096707907E-2
9.003611396E1,2.568828017E-2,-2.680948377E-3,-1.002797484E-3,2.584725952E-2
9.004610196E1,3.315897524E-2,-2.481207490E-2,-1.541442990E-2,4.419005939E-2
9.005608996E1,3.476695955E-2,-6.678689718E-3,-3.302741289E-2,4.841648867E-2
9.006607796E1,3.019326746E-2,-2.711792439E-2,-1.392631352E-2,4.290637985E-2
9.007606596E1,2.789735824E-2,-3.451845288E-2,-1.662071049E-2,4.739234330E-2
9.008605396E1,3.009064883E-2,-2.071990103E-2,-1.223354459E-2,3.852818525E-2
9.009604196E1,4.170117259E-2,-9.838817418E-3,-1.228558481E-2,4.457270148E-2
9.010602996E1,6.266607195E-2,-8.405080140E-3,-7.969754934E-3,6.372753675E-2
9.011601796E1,2.272841960E-2,1.350706816E-4,-1.589799464E-2,2.773707871E-2
9.012600596E1,-4.325477779E-3,1.032472104E-2,1.246334016E-2,1.675244670E-2
9.013599396E1,-2.914866239E-2,2.345902920E-2,2.201125860E-2,4.341043740E-2
9.014598196E1,-1.501886576E-2,5.162272811E-2,1.607048750E-2,5.611357193E-2
9.015597096E1,-2.707348555E-2,4.432247937E-2,1.837078214E-2,5.509030254E-2
9.016595896E1,-2.349995971E-2,3.747480512E-2,2.221825004E-2,4.950009858E-2
9.017594696E1,-5.727932453E-3,2.669078529E-2,2.089151680E-2,3.437532115E-2
9.018593496E1,2.295032144E-4,2.949306339E-2,-2.462847233E-3,2.959660582E-2
9.019592296E1,-3.101947904E-3,3.978971779E-2,-1.293404102E-2,4.195394070E-2
9.020591096E1,9.047104418E-3,2.842009932E-2,-1.369651794E-2,3.281991388E-2
9.021589896E1,1.132664144E-2,1.313284636E-3,1.762935519E-2,2.099551589E-2
9.022588696E1,1.731272846E-2,-1.697826773E-2,1.567229211E-2,2.887235498E-2
9.023587496E1,1.589302450E-2,-3.860770315E-2,2.299768388E-2,4.766588334E-2
9.024586296E1,9.770697355E-4,-5.914926410E-2,1.688266575E-2,6.151922067E-2
9.025585096E1,-1.190522343E-2,-5.502054513E-2,1.431164503E-2,5.808457553E-2
9.026583896E1,-4.648536444E-3,-3.234884351E-2,1.625876784E-2,3.650211089E-2
9.027582696E1,-2.525617093E-2,-4.116410583E-2,1.119741797E-3,4.830746941E-2
9.028581496E1,-4.120737523E-2,-3.151561528E-2,1.600265980E-2,5.428965740E-2
9.029580296E1,-2.284974933E-2,-2.020797729E-2,2.450801969E-2,3.912948274E-2
9.030579096E1,-1.901397586E-2,1.887802809E-2,1.233762503E-4,2.679414944E-2
9.031577896E1,-6.621971726E-4,3.955729097E-2,-2.492141783E-2,4.675783187E-2
9.032576696E1,5.317428678E-2,4.214029849E-2,-2.705272794E-2,7.304217700E-2
9.033575496E1,5.230977595E-2,4.419442534E-2,-3.659713805E-2,7.764541458E-2
9.034574296E1,5.741673410E-2,2.577335715E-2,-3.354372203E-2,7.131709880E-2
9.035573096E1,3.976340532E-2,4.239845306E-2,-2.516173840E-2,6.333932667E-2
9.036571896E1,5.564151943E-2,4.638069928E-2,-4.286009073E-2,8.416730557E-2
9.037570696E1,5.050941825E-2,3.575864732E-2,-2.539387286E-2,6.689342994E-2
9.038569496E1,3.477309912E-2,1.189616024E-2,-2.676679909E-2,4.546590574E-2
9.039568296E1,4.860147178E-2,-5.493459105E-4,4.036332965E-3,4.877188559E-2
9.040567096E1,4.515278399E-2,-1.106819451E-2,-1.877540946E-3,4.652745417E-2
9.041565896E1,3.897637010E-2,-2.968572915E-2,-2.036117435E-2,5.305636024E-2
9.042564696E1,4.279021651E-2,-1.761122882E-2,-1.142779827E-2,4.766290573E-2
9.043563496E1,5.165430307E-2,-2.040268958E-2,-2.248137474E-2,5.991534844E-2
9.044562296E1,4.008909523E-2,-1.447712123E-2,-1.394385517E-2,4.484588825E-2
9.045561096E1,-3.058678508E-3,-1.326206982E-2,-1.615234852E-2,2.112194056E-2
9.046559896E1,6.440708041E-3,-2.033252299E-2,3.041721582E-3,2.154405443E-2
9.047558696E1,-1.926949918E-2,-2.082281202E-2,3.616327465E-2,4.596395906E-2
9.048557496E1,-3.493857533E-2,-1.567930877E-3,4.891254365E-2,6.012985431E-2
9.049556296E1,-2.947727591E-2,8.811753988E-4,3.984175801E-2,4.956865891E-2
9.050555096E1,-3.658836722E-2,9.765142500E-3,3.211466253E-2,4.965297749E-2
9.051553896E1,-4.569569796E-2,2.467174172E-2,1.469580710E-2,5.396997682E-2
9.052552696E1,-5.334911853E-2,3.711987913E-2,2.773042023E-2,7.066109312E-2
9.053551496E1,-7.134509414E-2,3.284234852E-2,4.116030514E-2,8.867306826E-2
9.054550296E1,-6.390158862E-2,2.252230525E-2,5.965738714E-2,9.027552881E-2
9.055549096E1,-7.808664143E-2,2.458374113E-2,6.754586577E-2,1.061335380E-1
9.056547896E1,-6.670445144E-2,3.971925884E-2,7.532032371E-2,1.081677148E-1
9.057546696E1,-4.862310648E-2,2.482493877E-2,3.329053760E-2,6.394328708E-2
9.058545496E1,-2.683871984E-2,1.330709338E-2,2.193407536E-2,3.712814672E-2
9.059544296E1,-5.438202918E-3,7.966538966E-3,3.459797502E-3,1.024743835E-2
9.060543096E1,9.899628460E-3,-3.966166377E-3,4.857866764E-3,1.171887319E-2
9.061541896E1,2.917234361E-2,-1.960571408E-3,-1.702943087E-2,3.383594225E-2
9.062540696E1,8.025011122E-2,5.250214934E-3,-3.342677772E-2,8.709187434E-2
9.063539496E1,9.366917878E-2,8.203058839E-3,-5.804881811E-2,1.105028077E-1
9.064538296E1,8.868325800E-2,2.665277839E-2,-6.803937078E-2,1.149106036E-1
9.065537096E1,7.000345051E-2,2.243576646E-2,-6.029005587E-2,9.507227533E-2
9.066535896E1,8.419347346E-2,1.759222537E-2,-3.636032581E-2,9.338147921E-2
9.067534696E1,7.191051990E-2,1.207917809E-2,-2.347364724E-2,7.660314308E-2
9.068533596E1,5.227206141E-2,-7.513672113E-3,-1.835908771E-2,5.590956782E-2
9.069532396E1,5.184199870E-2,-2.909779161E-2,-2.982664704E-2,6.651242876E-2
9.070531196E1,3.480204284E-2,-2.732374638E-2,-2.706793070E-2,5.186947247E-2
9.071529996E1,5.402973443E-2,-1.678940266E-2,-4.397866309E-2,7.166044273E-2
9.072528796E1,7.816440940E-2,-3.772184998E-2,-4.307409883E-2,9.689164490E-2
9.073527596E1,6.441409707E-2,-2.653115630E-2,-8.893030286E-3,7.022936810E-2
9.074526396E1,4.139594793E-2,-2.765733004E-2,-2.158792019E-2,5.426408304E-2
9.075525196E1,2.385547042E-2,-2.797191024E-2,-6.158872247E-3,3.727523224E-2
9.076523996E1,-1.895024121E-2,-1.111467987E-2,1.716508627E-2,2.787988410E-2
9.077522796E1,-6.133729219E-2,1.375732899E-2,3.709005833E-2,7.298766979E-2
9.078521596E1,-5.339180321E-2,2.270093769E-2,5.861073554E-2,8.246960374E-2
9.079520396E1,-5.980415225E-2,2.450655788E-2,6.308502495E-2,9.031516140E-2
9.080519196E1,-6.014884561E-2,4.994954735E-2,5.089942753E-2,9.329304707E-2
9.081517996E1,-5.100116909E-2,4.387545973E-2,4.508320212E-2,8.098561803E-2
9.082516796E1,-4.106119484E-2,5.044246763E-2,2.708313346E-2,7.045537864E-2
9.083515596E1,-5.179434389E-2,4.282208383E-2,3.590482771E-2,7.619410460E-2
9.084514333E1,-3.275025487E-2,5.132393539E-2,3.916640460E-2,7.239290564E-2
9.085513133E1,-2.333389878E-2,3.253887802E-2,2.873497188E-2,4.928435882E-2
9.086511933E1,-1.481918335E-2,1.619064778E-2,2.671008110E-2,3.457128437E-2
9.087510733E1,-8.293690681E-3,1.641518086E-2,1.735804439E-2,2.528923037E-2
9.088509533E1,8.419990540E-3,1.270073712E-2,6.923103333E-3,1.673721374E-2
9.089508333E1,1.574333578E-2,1.924640268E-2,-1.585589468E-2,2.949043971E-2
9.090507133E1,3.275785625E-2,-1.566059768E-2,-2.086228073E-2,4.187560415E-2
9.091505933E1,5.777399898E-2,-6.942983866E-3,-3.081365705E-2,6.584467665E-2
9.092504733E1,6.301953614E-2,-2.937494963E-2,-3.156093121E-2,7.635733088E-2
9.093503533E1,8.048516929E-2,-2.942231208E-2,-3.470790267E-2,9.245633257E-2
9.094502333E1,5.373591185E-2,-2.342686951E-2,-3.435297668E-2,6.794478231E-2
9.095501133E1,5.744947851E-2,-3.441729605E-2,-3.541716993E-2,7.575862178E-2
9.096499933E1,4.248937726E-2,-3.543588102E-2,-2.620195806E-2,6.121757468E-2
9.097498733E1,5.086609840E-2,-4.063990295E-2,-3.277539790E-2,7.289162082E-2
9.098497533E1,1.835791826E-2,-1.920693398E-2,-1.816612959E-2,3.218583135E-2
9.099496333E1,2.498105943E-2,4.373717308E-4,-1.661018550E-2,3.000238135E-2
9.100495133E1,1.642570585E-2,-8.834558129E-3,1.281709671E-3,1.869481237E-2
9.101493933E1,1.708965719E-2,-1.189235955E-2,1.469405293E-2,2.548332377E-2
9.102492733E1,2.907995760E-2,-1.363249093E-2,-4.433943629E-3,3.242142192E-2
9.103491533E1,-3.890152574E-3,1.499869287E-2,-7.215464115E-3,1.709260066E-2
9.104490333E1,-7.220726609E-3,1.903122514E-2,-3.593114018E-3,2.066970952E-2
9.105489133E1,3.106625676E-3,1.960805297E-2,1.004025400E-2,2.224710239E-2
9.106487933E1,-5.339092612E-3,2.833034456E-2,-5.308687091E-3,2.931375942E-2
9.107486733E1,-1.122957766E-2,3.975404978E-2,8.963781595E-4,4.131938264E-2
9.108485533E1,-2.695274055E-2,5.217002749E-2,-1.784570217E-3,5.874816323E-2
9.109484333E1,-3.507656962E-2,4.590853661E-2,1.615351796E-2,5.999079607E-2
9.110483133E1,-1.857221872E-2,2.452819258E-2,1.757731497E-2,3.543333940E-2
9.111481933E1,-3.027395904E-3,8.001622260E-3,8.137570024E-3,1.180724907E-2
9.112480733E1,1.336264193E-2,-6.548881531E-4,9.398814440E-3,1.635013121E-2
9.113479633E1,-2.436534762E-3,-1.731038958E-2,8.684284687E-3,1.951930044E-2
9.114478433E1,1.254110813E-2,-6.499180198E-3,6.838903427E-3,1.569360814E-2
9.115477233E1,2.084795505E-2,-8.422037065E-3,1.146346629E-2,2.523844285E-2
9.116476033E1,4.752032161E-3,-9.331279099E-3,4.166141152E-3,1.126992952E-2
9.117474833E1,-2.484774292E-3,7.363106310E-3,2.730064988E-3,8.236667570E-3
9.118473633E1,-9.425711632E-4,8.985416293E-3,2.307311296E-3,9.324689366E-3
9.119472433E1,-3.199596405E-3,-2.578622103E-3,3.512539387E-2,3.536495445E-2
9.120471233E1,1.312524498E-2,-2.076697111E-2,2.938108921E-2,3.829866248E-2
9.121470033E1,3.853022754E-3,-4.178303361E-2,2.701179743E-2,4.990295464E-2
9.122468833E1,1.976592779E-2,-4.321706325E-2,-2.255855799E-3,4.757620564E-2
9.123467633E1,2.992955804E-2,-1.582987458E-2,-1.461511552E-2,3.687770295E-2
9.124466433E1,4.119392663E-2,-1.773782104E-2,-2.653291047E-2,5.211108543E-2
9.125465233E1,2.384699196E-2,-2.150693625E-2,-5.242028832E-3,3.253776573E-2
9.126464033E1,3.623227179E-3,-1.032852173E-2,2.427179217E-3,1.121148229E-2
9.127462833E1,1.469083697E-2,6.972512305E-3,-1.147048295E-2,1.989996476E-2
9.128461633E1,2.075907737E-2,2.440540105E-2,-3.514761329E-2,4.755962167E-2
9.129460433E1,2.412824303E-2,3.702223063E-2,-3.285667419E-2,5.506703834E-2
9.130459233E1,1.733114719E-3,3.752859950E-2,-1.228500009E-2,3.952620263E-2
9.131458033E1,1.635641634E-2,3.934065163E-2,-1.742236376E-2,4.602996834E-2
9.132456833E1,7.945781350E-3,2.522927374E-2,1.228032231E-2,2.916261323E-2
9.133455633E1,-1.172776043E-2,2.164522290E-2,2.219369173E-2,3.314537663E-2
9.134454433E1,-1.905958414E-2,1.358688265E-2,1.135236919E-2,2.601436938E-2
9.135453233E1,-1.074601293E-2,2.261995375E-3,1.247094154E-2,1.661679271E-2
9.136452033E1,-1.874266505E-2,-4.749985635E-3,7.434734702E-3,2.071533579E-2
9.137450833E1,-4.825853258E-2,5.468900800E-3,2.986173034E-3,4.865914172E-2
9.138449633E1,-3.580922574E-2,-1.171665072E-2,1.947122812E-3,3.772760050E-2
9.139448433E1,2.692642808E-3,-1.701715171E-2,1.717444181E-2,2.432684175E-2
9.140447233E1,-9.825661182E-3,-1.714432865E-2,8.331112862E-3,2.144479107E-2
9.141446033E1,-1.150819749E-2,-5.113974810E-3,8.004838228E-3,1.492209043E-2
9.142444833E1,3.917634487E-5,1.416195631E-2,2.796781719E-2,3.134902454E-2
9.143443633E1,-2.075761557E-3,2.596777707E-2,1.561440468E-2,3.037176099E-2
9.144442433E1,1.691511780E-2,3.134867728E-2,-5.932585001E-3,3.611172029E-2
9.145441233E1,2.306434214E-3,5.143327832E-2,1.776968837E-2,5.446525115E-2
9.146440033E1,1.357489586E-2,2.430979908E-2,2.192647398E-2,3.544029331E-2
9.147438833E1,1.625116646E-2,7.903681397E-3,2.309182405E-2,2.932236227E-2
9.148437633E1,2.726147354E-2,1.384766847E-2,9.563705921E-3,3.203763931E-2
9.149436433E1,3.701462924E-2,-7.530044317E-3,1.128512621E-3,3.778965316E-2
9.150435233E1,2.245447755E-2,-2.744302958E-2,-2.555701017E-2,4.370908605E-2
9.151434033E1,-2.329823077E-3,-4.239962250E-2,-9.706377983E-3,4.355880895E-2
9.152432833E1,1.425083399E-2,-3.076746404E-2,9.540317059E-3,3.522415027E-2
9.153431733E1,1.838803142E-2,-1.909203619E-2,2.321344614E-3,2.660853597E-2
9.154430533E1,1.883855939E-2,-2.949686408E-2,-1.761473715E-2,3.918207850E-2
9.155429333E1,1.887919754E-2,-1.340561897E-2,-2.462905705E-2,3.380421824E-2
9.156428133E1,1.891457319E-2,1.321763098E-2,-2.413613677E-2,3.339191438E-2
9.157426933E1,3.328469038E-2,2.410982430E-2,-2.670598805E-2,4.901391679E-2
9.158425733E1,3.065695167E-2,1.347140014E-2,-3.677664757E-2,4.973780367E-2
9.159424533E1,2.183174908E-2,2.935565382E-2,-1.222301960E-2,3.857177579E-2
9.160423333E1,-1.050920069E-2,1.855877012E-2,1.007592201E-2,2.358803620E-2
9.161422133E1,-1.419411600E-2,1.834271550E-2,2.872210801E-2,3.691730799E-2
9.162420933E1,-7.990512550E-3,2.262112319E-2,2.236150682E-2,3.279634877E-2
9.163419733E1,2.602274090E-2,9.751401544E-3,1.906192303E-4,2.779045181E-2
9.164418533E1,2.447381347E-2,-2.195629478E-4,-1.703937113E-2,2.982207106E-2
9.165417333E1,1.722502023E-2,9.108792543E-3,-2.296610892E-2,3.011832635E-2
9.166416133E1,2.593707919E-2,1.456979960E-2,-1.209321141E-2,3.211318887E-2
9.167414933E1,1.405787587E-2,-9.211118817E-3,-7.868013382E-3,1.855732250E-2
9.168413733E1,1.221074045E-2,-1.801644087E-2,1.453910172E-2,2.617402916E-2
9.169412533E1,2.759885788E-4,-6.107124388E-3,1.185172141E-2,1.333553292E-2
9.170411333E1,-1.754310876E-2,-1.917886734E-3,2.299476027E-2,2.898616833E-2
9.171410133E1,-7.258733511E-3,1.646897525E-2,2.553946853E-2,3.124389237E-2
9.172408933E1,-1.187598735E-2,-9.849342406E-3,2.231765270E-2,2.713164653E-2
9.173407733E1,-9.163171649E-3,-1.275336206E-2,1.606054723E-2,2.246226026E-2
9.174406533E1,1.224231541E-2,-1.250865608E-2,7.575652599E-3,1.907174025E-2
9.175405333E1,1.353045702E-3,-2.416624993E-2,-2.169317007E-2,3.250279982E-2
9.176404133E1,-8.031150699E-4,1.124711931E-2,-8.144586682E-3,1.390960024E-2
9.177402933E1,5.518017411E-3,2.427880883E-2,-5.388793945E-3,2.547446122E-2
9.178401733E1,-1.016860038E-2,1.996034771E-2,-5.623267293E-3,2.309625618E-2
9.179400533E1,2.058307618E-2,1.690400809E-2,1.892334402E-2,3.267264090E-2
9.180399333E1,1.267442465E-2,1.662597299E-2,1.913501322E-2,2.834100826E-2
9.181398133E1,1.941626430E-2,9.457286596E-3,2.249833167E-2,3.118664004E-2
9.182396933E1,3.109227687E-2,1.419587016E-2,6.370541453E-3,3.476832192E-2
9.183395733E1,2.995587051E-2,5.872358680E-3,-8.610609770E-3,3.171720945E-2
9.184394546E1,4.605910242E-2,2.589059383E-2,-2.530324101E-2,5.858342573E-2
9.185393346E1,3.997390509E-2,1.381083101E-2,-9.537393451E-3,4.335451551E-2
9.186392146E1,4.356672674E-2,5.279743373E-3,-2.970385551E-3,4.398589046E-2
9.187390946E1,3.216114789E-2,1.368423879E-2,1.302759647E-3,3.497563449E-2
9.188389846E1,3.315575927E-2,-3.177376986E-3,-2.110844851E-3,3.337447773E-2
9.189388646E1,2.970794857E-2,-1.114800900E-2,-2.672177553E-3,3.184306589E-2
9.190387446E1,4.980775237E-2,9.498801827E-3,6.559991241E-3,5.112800522E-2
9.191386246E1,1.233294725E-2,1.093429327E-4,1.414090633E-2,1.876376230E-2
9.192385046E1,-1.353513479E-2,5.454282761E-3,7.346441746E-3,1.633766448E-2
9.193383846E1,1.019959062E-2,2.207937866E-2,1.207976282E-2,2.715605422E-2
9.194382646E1,-1.212098569E-2,1.497354984E-2,2.237378597E-2,2.952476567E-2
9.195381446E1,-2.372273862E-2,1.192831993E-2,1.084892392E-2,2.868365901E-2
9.196380246E1,-1.205549687E-2,1.557025820E-2,1.379592061E-2,2.404361393E-2
9.197379046E1,-5.246706605E-3,-1.107462645E-3,7.747560740E-4,5.417993234E-3
9.198377846E1,1.174471736E-2,-4.609360099E-3,-1.890346348E-2,2.272719776E-2
9.199376646E1,1.820822954E-2,1.338018358E-2,-2.392271340E-2,3.290691648E-2
9.200375446E1,6.572270393E-3,1.817022264E-3,-1.506067336E-2,1.653239819E-2
9.201374246E1,6.724882722E-3,-1.178798676E-3,-1.432509363E-2,1.586889793E-2
9.202373046E1,2.426594496E-4,4.697068334E-3,4.863713980E-3,6.765873795E-3
9.203371846E1,-5.748397708E-3,2.145051062E-2,1.547874928E-2,2.706954306E-2
9.204370646E1,-5.457498729E-3,5.204021931E-5,2.776725769E-2,2.829854414E-2
9.205369446E1,-2.729158670E-2,-2.324238986E-2,2.180660605E-2,4.195911651E-2
9.206368246E1,-2.817743987E-2,-3.301893443E-2,8.913495541E-3,4.431329993E-2
9.207367046E1,-2.560174137E-2,-2.953984112E-2,1.603365004E-2,4.225079062E-2
9.208365846E1,-1.670491040E-2,-1.151813775E-2,1.896836758E-3,2.037938955E-2
9.209364646E1,4.842956364E-3,-2.730240405E-2,-1.418534517E-3,2.776486509E-2
9.210363446E1,2.147419184E-2,-2.911621034E-2,1.493963599E-3,3.620948146E-2
9.211362246E1,-1.391549617E-2,-1.908297300E-2,-7.439997196E-3,2.476195571E-2
9.212361046E1,-2.619172543E-2,2.551724911E-3,-8.212999105E-3,2.756757399E-2
9.213359846E1,-3.863313854E-2,2.276964247E-2,4.753786325E-4,4.484642680E-2
9.214358646E1,-1.243615061E-2,3.619309545E-2,3.423544765E-3,3.842289238E-2
9.215357446E1,1.830383152E-2,5.372187853E-2,-2.923607826E-4,5.675522844E-2
9.216356246E1,1.729167849E-2,3.351126999E-2,-2.870982885E-2,4.739474268E-2
9.217355046E1,3.555808783E-2,5.009426594E-2,-1.649031758E-2,6.360616058E-2
9.218353846E1,4.099073589E-2,1.910022229E-2,-1.669555485E-2,4.820581367E-2
9.219352646E1,4.885319442E-2,8.797428310E-3,-1.323400319E-2,5.137283513E-2
9.220351446E1,4.149271935E-2,-7.883800864E-3,-9.381272793E-3,4.326440055E-2
9.221350246E1,4.050951004E-2,-6.476668417E-3,-1.411517859E-2,4.338439701E-2
9.222349146E1,6.119374305E-2,-1.028759122E-2,-1.566118240E-2,6.399829182E-2
9.223347946E1,3.948712438E-2,-8.578742445E-3,-4.252095222E-3,4.063136877E-2
9.224346746E1,5.989069104E-2,-1.243936658E-2,1.278844535E-2,6.249141580E-2
9.225345546E1,1.140885329E-1,-2.154465079E-2,3.117735386E-2,1.202181048E-1
9.226344346E1,4.177426279E-2,-6.952514827E-2,-2.045882285E-2,8.365045550E-2
9.227343146E1,8.468873262E-2,-4.493585229E-2,-4.371612310E-2,1.053684567E-1
9.228341946E1,7.743350744E-2,-6.791540980E-3,-8.442619264E-2,1.147599891E-1
9.229340746E1,6.343059540E-2,-4.515512288E-3,-5.774183929E-2,8.589499571E-2
9.230339546E1,5.237760365E-2,2.797191024E-2,-2.865661919E-2,6.593210864E-2
9.231338346E1,4.322641879E-2,2.456210643E-2,1.429059505E-3,4.973793889E-2
9.232337146E1,2.551286370E-2,1.019842118E-2,1.743522763E-2,3.254076169E-2
9.233335946E1,-6.769029200E-3,2.284945697E-2,3.963242769E-2,4.624550535E-2
9.234334746E1,-2.572102457E-2,2.594263405E-2,3.885474801E-2,5.333181798E-2
9.235333546E1,-3.432812601E-2,2.193173647E-2,4.313023210E-2,5.932653892E-2
9.236332346E1,-4.269549161E-2,1.493437350E-2,3.231522202E-2,5.558969410E-2
9.237331146E1,-3.619865030E-2,1.618333876E-2,3.024121463E-2,4.986756260E-2
9.238329946E1,-6.527188361E-2,9.171357751E-3,6.941814423E-3,6.627760844E-2
9.239328746E1,-4.639736384E-2,2.598444164E-2,1.035366476E-2,5.417660891E-2
9.240327546E1,-4.688648343E-2,2.240857691E-2,2.329530716E-3,5.201839445E-2
9.241326346E1,-3.397641599E-2,2.841191322E-2,3.595803738E-2,5.704922531E-2
9.242325146E1,-1.992526442E-2,1.614006937E-2,3.383432865E-2,4.245326603E-2
9.243323946E1,-2.906943262E-2,3.886059523E-3,2.131953299E-2,3.625818333E-2
9.244322746E1,-1.929756582E-2,-9.963655472E-3,1.850059032E-3,2.179663266E-2
9.245321546E1,-1.761883020E-2,1.472796679E-2,-1.855321527E-3,2.303862846E-2
9.246320346E1,-2.424284846E-2,1.004960954E-2,-3.736370802E-4,2.624595127E-2
9.247319146E1,-3.021694869E-2,2.295616865E-3,-2.635398567E-2,4.016050803E-2
9.248317946E1,-3.101363182E-2,1.152983218E-2,-2.149962723E-2,3.945904662E-2
9.249316746E1,-2.699484050E-2,1.492823392E-2,-9.100021720E-3,3.216184039E-2
9.250315546E1,-1.723232925E-2,1.600265980E-2,3.393723965E-3,2.376037993E-2
9.251314346E1,-2.330320090E-2,3.014912099E-2,2.263047874E-2,4.431870075E-2
9.252313246E1,-1.583513707E-2,4.194441676E-2,3.242281079E-2,5.532923570E-2
9.253312046E1,1.650756687E-2,1.326616287E-2,2.526406467E-2,3.296610085E-2
9.254310846E1,6.263537407E-3,-5.482641757E-3,3.523532152E-2,3.620523642E-2
9.255309646E1,5.097602606E-3,-2.420162559E-3,-3.957980275E-3,6.892629904E-3
9.256308446E1,1.448355317E-2,-8.265624046E-3,-3.917634487E-5,1.667619225E-2
9.257307246E1,3.453365564E-3,-1.169384658E-2,-1.173302293E-2,1.692145409E-2
9.258306046E1,-2.906943262E-3,-1.928440958E-2,-1.752059698E-2,2.621659952E-2
9.259304846E1,4.533053935E-3,-2.855136931E-2,-9.189484119E-3,3.033440103E-2
9.260303646E1,8.536350131E-3,-2.911913395E-2,-8.041675687E-3,3.139206561E-2
9.261302446E1,2.648496330E-3,-4.153364986E-2,-9.794086218E-4,4.162953092E-2
9.262301246E1,1.503319144E-3,-2.797834218E-2,1.519632876E-2,3.187437854E-2
9.263300046E1,6.932166517E-3,-2.015535235E-3,7.638802528E-3,1.051040527E-2
9.264298846E1,5.285327464E-2,-5.723547041E-3,-1.059223115E-2,5.420722269E-2
9.265297646E1,4.379184455E-2,1.509926498E-2,-3.240000665E-2,5.652852274E-2
9.266296446E1,4.968583792E-2,1.648300856E-2,-4.326705694E-2,6.791472799E-2
9.267295246E1,8.334065706E-2,5.002351463E-2,-2.103243470E-2,9.945039187E-2
9.268294046E1,7.266948849E-2,3.800836354E-2,-3.189480722E-2,8.799300531E-2
9.269292846E1,4.809802651E-2,1.331644893E-2,-2.044069648E-2,5.393116019E-2
9.270291646E1,7.586703837E-2,1.238703400E-2,-2.986114562E-2,8.246777637E-2
9.271290446E1,5.242408901E-2,-7.608397007E-3,-1.512382329E-2,5.508995230E-2
9.272289246E1,4.814802021E-2,-2.805055529E-2,-4.276653528E-3,5.588698657E-2
9.273288046E1,2.699045509E-2,-3.082827508E-2,-7.890232801E-3,4.172676580E-2
9.274286846E1,1.298549652E-2,-3.190650165E-2,-1.558399916E-2,3.780884813E-2
9.275285646E1,1.166051745E-2,-3.496459544E-2,-1.069689631E-2,3.837856423E-2
9.276284446E1,6.909654737E-3,-1.610937148E-2,-1.401986897E-2,2.244575470E-2
9.277283246E1,-1.383158863E-2,-4.566675425E-3,-9.472489357E-4,1.459673419E-2
9.278282046E1,-3.125015169E-2,8.094592988E-3,1.244462907E-2,3.459715609E-2
9.279280846E1,-3.662198871E-2,1.896719813E-2,4.481306076E-2,6.090266888E-2
9.280279646E1,-2.616395116E-2,1.138394415E-2,4.185144603E-2,5.065264119E-2
9.281278546E1,-1.984281868E-2,1.973990768E-2,2.280706465E-2,3.610489726E-2
9.282277346E1,-2.291172981E-2,3.849017411E-2,2.376542330E-2,5.070735855E-2
9.283276146E1,-2.551695675E-2,5.611689806E-2,2.430453658E-2,6.626410663E-2
9.284274946E1,-1.094452590E-2,4.757470071E-2,1.035249531E-2,4.990299544E-2
9.285273746E1,-2.172269851E-2,2.816252947E-2,1.615585685E-3,3.560356462E-2
9.286272546E1,-1.729255557E-2,3.241637886E-2,-1.392222047E-3,3.676672923E-2
9.287271346E1,-2.552718937E-2,3.412493527E-2,5.229164958E-3,4.293591469E-2
9.288270146E1,-1.064602554E-2,1.694406152E-2,3.372440100E-2,3.921446548E-2
9.289268946E1,-1.821963161E-2,1.281709671E-2,4.015692294E-2,4.592179661E-2
9.290267746E1,-8.589559793E-3,-1.576175451E-2,4.350503862E-2,4.706274352E-2
9.291266546E1,-7.265165448E-3,-3.027454376E-2,1.717327237E-2,3.555632030E-2
9.292265346E1,-1.439584494E-2,-4.464875400E-2,-5.981116891E-3,4.729191627E-2
9.293264146E1,1.104451329E-2,-4.048027396E-2,9.201178551E-3,4.295690329E-2
9.294262946E1,1.117929161E-2,-1.499372274E-2,-1.428123951E-2,2.353172506E-2
9.295261746E1,-1.239609718E-4,-1.684729010E-2,-1.517586350E-2,2.267495056E-2
9.296260546E1,1.596260637E-2,-2.048308879E-2,-1.044195771E-2,2.798921595E-2
9.297259346E1,1.363219857E-2,-2.620722055E-2,-9.076048136E-3,3.090355800E-2
9.298258146E1,2.234367281E-2,-3.340163469E-2,-3.555691838E-3,4.034292824E-2
9.299256946E1,3.122033089E-2,-2.153354108E-2,9.166095257E-3,3.901819774E-2
9.300255746E1,2.834350079E-2,-1.571000665E-2,8.793042898E-3,3.357790866E-2
9.301254546E1,1.535888135E-2,6.179337502E-3,-3.199830294E-2,3.602736237E-2
9.302253346E1,3.361768931E-2,2.510326624E-2,-4.094278872E-2,5.862281944E-2
9.303252146E1,2.874052674E-2,3.918745458E-2,-2.606045544E-2,5.514364706E-2
9.304250946E1,4.188828349E-2,5.117190778E-2,-1.922096729E-2,6.886681366E-2
9.305249746E1,4.896253735E-2,6.133992344E-2,-1.953554749E-2,8.087987319E-2
9.306248546E1,2.162007987E-2,4.666896701E-2,-2.755500376E-2,5.834979492E-2
9.307247346E1,2.142098218E-2,3.959851384E-2,-1.174237847E-2,4.652724179E-2
9.308246146E1,4.180086762E-2,2.435774624E-2,9.209364653E-4,4.838863978E-2
9.309245046E1,4.352053374E-2,1.349654317E-2,-1.493846655E-2,4.795155177E-2
9.310243846E1,3.500406414E-2,4.221689701E-3,-6.323179007E-3,3.582024237E-2
9.311242646E1,3.468275964E-2,-1.742587209E-2,-2.677615464E-2,4.715418636E-2
9.312241446E1,3.409072906E-2,-1.762877047E-2,-2.305615604E-2,4.477206369E-2
9.313240246E1,2.324882179E-2,-5.024921715E-2,-3.399571180E-3,5.547115127E-2
9.314239046E1,1.577520311E-2,-2.105874717E-2,-1.170729518E-2,2.879910808E-2
9.315237846E1,6.054207087E-3,-1.866957486E-2,-2.129497468E-2,2.896001374E-2
9.316236646E1,-3.700410426E-3,-1.416254103E-2,-2.493252754E-3,1.484880181E-2
9.317235446E1,-6.774584055E-3,-6.875740886E-3,2.999738574E-2,3.151212391E-2
9.318234246E1,-1.106468618E-2,-2.395604253E-2,3.602294147E-2,4.465390874E-2
9.319233046E1,-9.033948183E-4,-2.610489428E-2,2.358649850E-2,3.519381393E-2
9.320231846E1,-1.106644034E-2,-3.347589433E-2,8.151018620E-3,3.618757670E-2
9.321230646E1,1.045569867E-2,-1.772817314E-2,-1.658036470E-2,2.642949585E-2
9.322229446E1,7.070160806E-3,6.034618914E-3,-1.946538091E-3,9.496989513E-3
9.323228246E1,-1.208765656E-2,8.018286824E-3,1.356612504E-2,1.986061714E-2
9.324227046E1,-2.065061152E-2,2.176099777E-2,1.625876784E-2,3.412237260E-2
9.325225846E1,-9.545579553E-3,1.521211624E-2,1.198737681E-2,2.159221555E-2
9.326224646E1,-1.522965789E-2,2.505590379E-2,5.823826790E-4,2.932711994E-2
9.327223446E1,-1.598657995E-2,8.769654036E-3,1.122665405E-3,1.826849606E-2
9.328222246E1,-4.048641354E-2,2.134759963E-2,7.911867499E-3,4.644854506E-2
9.329221046E1,-3.835451871E-2,1.886633366E-2,1.772466481E-2,4.627279324E-2
9.330219846E1,-2.666681170E-2,1.812432200E-2,2.272754252E-2,3.944808086E-2
9.331218646E1,-2.514156550E-2,1.382808030E-2,2.235156655E-2,3.637178368E-2
9.332217446E1,-2.617506087E-3,3.004591763E-3,2.677440047E-3,4.800791079E-3
9.333216246E1,9.827415347E-3,-1.691014767E-3,-6.569931507E-3,1.194159216E-2
9.334215046E1,9.259650707E-3,-8.787195683E-3,6.552389860E-3,1.434885891E-2
9.335213946E1,-2.091256678E-3,2.161744863E-2,-1.704171002E-2,2.760629131E-2
9.336212746E1,6.371126175E-3,-2.455830574E-3,-2.307311296E-2,2.406222962E-2
9.337211546E1,3.603229702E-2,-1.078928232E-2,-1.918237567E-2,4.222201532E-2
9.338210346E1,6.228044808E-2,2.005565733E-2,-9.263743758E-3,6.608252834E-2
9.339209146E1,5.535354406E-2,3.090428889E-2,-6.223191619E-3,6.370100490E-2
9.340207946E1,7.557438523E-2,3.158724368E-2,-9.031609297E-3,8.240638101E-2
9.341206746E1,6.349491477E-2,6.447198451E-2,-2.988628864E-2,9.529654368E-2
9.342205546E1,4.918210030E-2,7.630587190E-2,-3.305664897E-2,9.661370047E-2
9.343204346E1,4.418273091E-2,9.802506208E-2,-1.289311051E-2,1.082924688E-1
9.344203146E1,3.490553856E-2,6.882377476E-2,-6.920179725E-3,7.747901317E-2
9.345201946E1,3.357880533E-2,4.459408253E-2,-3.552768230E-3,5.593559266E-2
9.346200746E1,3.426439136E-2,1.834797800E-2,-1.245047629E-2,4.081312499E-2
9.347199546E1,3.114607126E-2,-1.525246203E-3,1.442858934E-2,3.435969035E-2
9.348198346E1,1.306589574E-2,-2.118767828E-2,-4.621054530E-3,2.531777019E-2
9.349197146E1,-1.256332755E-2,-5.366486818E-2,-7.522442937E-3,5.562681389E-2
9.350195946E1,-3.482192338E-2,-7.551503599E-2,7.425963879E-3,8.348791498E-2
9.351194746E1,-5.655982465E-2,-9.847061992E-2,2.358415961E-2,1.159814181E-1
9.352193546E1,-6.114053339E-2,-9.232461154E-2,3.554113090E-2,1.162977674E-1
9.353192346E1,-6.229857445E-2,-7.778726399E-2,4.825999439E-2,1.107293903E-1
9.354191146E1,-5.685540140E-2,-7.526155919E-2,3.812852383E-2,1.017380130E-1
9.355189946E1,-5.469456285E-2,-8.206508696E-2,2.602010965E-2,1.019961755E-1
9.356188746E1,-6.024298579E-2,-6.266285598E-2,-7.005549073E-3,8.720624160E-2
9.357187546E1,-5.560292780E-2,-4.077088058E-2,-2.935886979E-3,6.901137382E-2
9.358186346E1,-2.803096712E-2,-7.594656050E-3,4.070246816E-3,2.932542970E-2
9.359185146E1,-5.361165851E-2,-1.173360765E-2,-2.185689211E-2,5.907293128E-2
9.360184046E1,2.449983358E-3,2.863469213E-2,-8.860870600E-3,3.007429201E-2
9.361182846E1,4.902597964E-2,5.693492353E-2,6.808497906E-3,7.544195014E-2
9.362181646E1,4.093284845E-2,4.555945784E-2,3.266547024E-2,6.941322084E-2
9.363180446E1,3.872757107E-2,5.561111391E-2,3.365423441E-2,7.566391640E-2
9.364179246E1,6.041021615E-2,7.537353337E-2,1.040102720E-2,9.715320435E-2
9.365178046E1,9.926437944E-2,9.187700719E-2,-1.341643631E-2,1.359220447E-1
9.366176846E1,1.286495617E-1,6.501168251E-2,-1.930282831E-2,1.454298036E-1
9.367175646E1,1.166683245E-1,3.423690945E-2,-2.502023578E-2,1.241357165E-1
9.368174446E1,9.639982849E-2,8.528456390E-3,-3.670765042E-2,1.035041695E-1
9.369173246E1,7.400002241E-2,1.397806138E-2,-3.459388196E-2,8.287415874E-2
9.370172046E1,5.935128540E-2,-1.775799394E-2,-4.521710336E-2,7.669750885E-2
9.371170846E1,5.626190901E-2,-1.475252509E-2,-2.209662795E-2,6.221977474E-2
9.372169646E1,4.837167621E-2,-2.781023473E-2,-2.324443638E-2,6.044445415E-2
9.373168446E1,1.103778899E-2,-2.487464011E-2,-1.777553558E-4,2.721418937E-2
9.374167246E1,-1.167981327E-2,-2.426652968E-2,9.628025293E-3,2.860037363E-2
9.375166046E1,-3.180943787E-2,-1.925663531E-2,2.100729167E-2,4.270789909E-2
9.376164846E1,-2.238723457E-2,-2.639550090E-2,1.212712526E-2,3.667394043E-2
9.377163646E1,-1.187949568E-2,-1.558341444E-2,1.565007269E-2,2.507767929E-2
9.378162446E1,-1.229727924E-2,7.090333700E-3,1.184938252E-2,1.849064019E-2
9.379161246E1,-1.065187275E-2,1.435725331E-2,6.569346786E-3,1.904598207E-2
9.380160046E1,-1.984632701E-2,1.379884422E-2,4.295949340E-3,2.455076329E-2
9.381158846E1,-1.572725594E-2,4.881547987E-3,8.095470071E-3,1.834973367E-2
9.382157646E1,-1.604417503E-2,2.747138858E-2,1.324979067E-2,3.446229382E-2
9.383156446E1,-1.969868481E-2,2.357772768E-2,9.223397970E-3,3.207831816E-2
9.384155358E1,-9.673633575E-3,2.245710880E-2,1.329364479E-2,2.783203036E-2
9.385154158E1,-3.536980748E-3,1.775273144E-2,2.320993781E-2,2.943417945E-2
9.386152958E1,6.119111180E-3,2.514858216E-2,3.735025942E-2,4.544157331E-2
9.387151758E1,2.738163382E-2,3.198514670E-2,6.871063113E-3,4.266163368E-2
9.388150558E1,4.522792071E-2,1.238937289E-2,2.535937428E-3,4.696266976E-2
9.389149358E1,2.971379578E-2,-5.611865222E-3,-1.036886752E-2,3.196742255E-2
9.390148158E1,-3.118904829E-3,3.139370084E-3,3.327065706E-4,4.437781599E-3
9.391146958E1,6.969881058E-4,5.838444829E-4,-4.940897226E-3,5.023856308E-3
9.392145758E1,9.473366439E-3,2.556987405E-3,-1.299251318E-3,9.898025574E-3
9.393144558E1,1.872687757E-2,-6.353584528E-3,5.485857725E-3,2.052214937E-2
9.394143358E1,1.858595967E-2,7.196753025E-3,4.322261810E-3,2.039394759E-2
9.395142158E1,-5.885514915E-3,-9.636796117E-3,6.503273249E-3,1.303072094E-2
9.396140958E1,6.564084291E-3,6.645360589E-4,-2.779123127E-2,2.856363679E-2
9.397139758E1,3.997858286E-2,1.400817454E-2,-7.130094767E-3,4.295758714E-2
9.398138558E1,2.618032336E-2,-1.989515126E-3,-5.198174715E-4,2.626095413E-2
9.399137358E1,2.788069367E-2,-3.236784697E-2,7.538815141E-3,4.338022972E-2
9.400136158E1,3.680471420E-2,-2.157593340E-2,-2.131368577E-2,4.769047170E-2
9.401134958E1,4.495660990E-2,-2.538861036E-2,-4.898621857E-2,7.117111718E-2
9.402133758E1,1.164092928E-2,4.707008600E-5,-4.870321333E-2,5.007510798E-2
9.403132558E1,-2.496644139E-2,-9.259943068E-3,-3.952600837E-2,4.765894542E-2
9.404131358E1,3.487279415E-2,4.372577101E-2,-3.492191076E-2,6.593629254E-2
9.405130158E1,-1.523813635E-2,7.503264070E-2,-1.051563263E-2,7.728309323E-2
9.406128958E1,-5.606281132E-2,1.168913957E-1,5.140872002E-3,1.297423053E-1
9.407127858E1,-6.434802353E-2,2.120042521E-1,5.132744372E-2,2.274224648E-1
9.408126658E1,-3.557270586E-2,2.734035248E-1,7.699087322E-2,2.862560031E-1
9.409125458E1,1.737763256E-2,3.000931406E-1,6.951345384E-2,3.085287595E-1
9.410124258E1,8.718403190E-2,2.431164095E-1,7.800536513E-2,2.697989640E-1
9.411123058E1,1.199357486E-1,1.661673439E-1,2.582598209E-2,2.065506023E-1
9.412121858E1,1.113192916E-1,7.421052217E-2,-2.392212868E-2,1.359097293E-1
9.413120658E1,1.440797791E-1,-1.343310088E-2,3.355834007E-2,1.485449196E-1
9.414119458E1,1.404296547E-1,-5.947875470E-2,5.529302537E-2,1.622206178E-1
9.415118258E1,8.267115086E-2,-1.099153751E-1,2.623996496E-2,1.400158728E-1
9.416117058E1,-3.434128225E-2,-1.487984821E-1,-3.542769492E-2,1.567655368E-1
9.417115858E1,-1.372902846E-1,-2.160955489E-1,-5.372655630E-2,2.615959697E-1
9.418114658E1,-2.229201266E-1,-2.817822924E-1,-2.298949778E-2,3.600321655E-1
9.419113458E1,-2.277154282E-1,-2.995841405E-1,3.400448263E-2,3.778376348E-1
9.420112258E1,-1.144896519E-1,-2.580306101E-1,8.710772574E-2,2.954241561E-1
9.421111058E1,-3.394484103E-2,-2.461478984E-1,1.174705625E-1,2.748460900E-1
9.422109858E1,8.993894756E-3,-2.506879690E-1,6.938364565E-2,2.602680123E-1
9.423108658E1,1.938965946E-2,-2.186159912E-1,1.271477044E-2,2.198421613E-1
9.424107458E1,5.535266697E-3,-1.692172515E-1,-5.159816980E-2,1.769957302E-1
9.425106258E1,-3.673250109E-2,-1.070689505E-1,-1.049832487E-1,1.543843234E-1
9.426105058E1,-4.196751326E-2,-6.292481124E-2,-1.129962730E-1,1.359741217E-1
9.427103858E1,-6.737834305E-2,-3.285316586E-2,-1.089885914E-1,1.322788142E-1
9.428102658E1,-5.245303273E-2,3.128260374E-5,-9.117621839E-2,1.051875678E-1
9.429101458E1,3.687780440E-2,5.356897384E-2,-8.459868550E-2,1.067077551E-1
9.430100258E1,1.049543050E-1,1.120651039E-1,-9.216264367E-2,1.790752539E-1
9.431099158E1,1.633536637E-1,1.247585320E-1,-8.704749942E-2,2.232182293E-1
9.432097958E1,1.690915364E-1,1.603119421E-1,-6.927898049E-2,2.430873168E-1
9.433096758E1,1.924906316E-1,1.694815457E-1,-5.671565294E-2,2.626657627E-1
9.434095558E1,2.015184402E-1,1.639991963E-1,-3.083002925E-2,2.616408012E-1
9.435094358E1,1.909905285E-1,1.746925843E-1,2.075469196E-2,2.596644724E-1
9.436093158E1,1.766329828E-1,1.566144553E-1,5.768395185E-2,2.430118032E-1
9.437091958E1,1.156272277E-1,1.160093433E-1,7.284695148E-2,1.792609881E-1
9.438090758E1,6.657318145E-2,1.148591959E-1,3.014941335E-2,1.361382037E-1
9.439089558E1,-2.947289050E-3,7.425262213E-2,-1.050569236E-2,7.505003649E-2
9.440088358E1,-4.012096256E-2,4.109043092E-2,3.555107117E-2,6.754253335E-2
9.441087158E1,-5.296846479E-2,2.007758439E-2,9.108441710E-2,1.072620096E-1
9.442085958E1,-7.021278083E-2,-3.086511254E-2,8.558452606E-2,1.149225864E-1
9.443084758E1,-7.603339165E-2,-4.961801022E-2,3.620888293E-2,9.774511132E-2
9.444083558E1,-8.891948551E-2,-4.455695271E-2,1.260952055E-2,1.002546605E-1
9.445082358E1,-9.475793034E-2,-5.663905442E-2,6.263537407E-3,1.105725090E-1
9.446081158E1,-1.027040040E-1,-8.738956153E-2,3.491489410E-2,1.392985920E-1
9.447079958E1,-1.152617767E-1,-8.000569761E-2,4.640408814E-2,1.477820294E-1
9.448078758E1,-1.107848561E-1,-5.822891235E-2,4.647016168E-2,1.335041816E-1
9.449077558E1,-1.146484038E-1,-4.282968521E-2,6.285289049E-2,1.375831540E-1
9.450076358E1,-9.572184384E-2,-1.845965981E-2,7.486891866E-2,1.229177994E-1
9.451075158E1,-6.088851839E-2,-8.160081804E-3,5.101988018E-2,7.985628830E-2
9.452074058E1,-2.752898365E-2,1.386608720E-2,1.722297370E-2,3.530926420E-2
9.453072858E1,6.072918177E-3,3.249940932E-2,-2.834262371E-2,4.354763208E-2
9.454071658E1,3.368317813E-2,4.032122970E-2,-5.424520433E-2,7.551754926E-2
9.455070458E1,6.056867570E-2,4.435230017E-2,-4.389037013E-2,8.696008047E-2
9.456069258E1,7.551123530E-2,4.868362516E-2,-6.222431481E-2,1.092881849E-1
9.457068058E1,6.070169985E-2,6.257163942E-2,-5.154905319E-2,1.012778915E-1
9.458066858E1,9.275701314E-2,4.311298281E-2,-4.184209049E-2,1.105140412E-1
9.459065658E1,9.835162908E-2,3.399805069E-2,-1.545652986E-2,1.052036820E-1
9.460064458E1,9.916526914E-2,2.731643736E-2,-1.972967505E-2,1.047339412E-1
9.461063258E1,1.022856358E-1,1.060304850E-2,-2.912205756E-2,1.068778282E-1
9.462062058E1,8.214460909E-2,-1.649850368E-2,-3.821155429E-2,9.208724292E-2
9.463060858E1,5.522929072E-2,-1.246597141E-2,-3.911787271E-2,6.881775180E-2
9.464059658E1,3.948800147E-2,-5.690802634E-3,-2.522138000E-2,4.719963457E-2
9.465058458E1,3.454096466E-2,-3.631442517E-2,-9.899920821E-3,5.108643800E-2
9.466057258E1,2.466501743E-2,-5.238462031E-2,-6.237224936E-3,5.823585240E-2
9.467056058E1,7.521565855E-3,-5.560292780E-2,-1.418534517E-3,5.612728190E-2
9.468054858E1,1.222389668E-2,-3.807297528E-2,2.926531434E-3,4.009413527E-2
9.469053658E1,4.846757054E-3,-3.522918195E-2,-1.817314625E-3,3.560742825E-2
9.470052458E1,1.029109955E-4,-5.453990400E-3,-3.472076654E-3,6.466213594E-3
9.471051258E1,-1.285159528E-2,9.723627269E-3,-1.516183019E-3,1.618676124E-2
9.472050058E1,-1.623976439E-2,1.978960901E-2,4.626901746E-3,2.601474183E-2
9.473048858E1,-1.643652320E-2,1.948467672E-2,-9.577739239E-4,2.550939538E-2
9.474047758E1,-1.703995585E-2,1.696335733E-2,1.432450891E-2,2.798762482E-2
9.475046558E1,-3.770021528E-2,3.731225252E-2,3.856531084E-2,6.558043626E-2
9.476045358E1,-4.944814861E-2,3.771132499E-2,3.123231769E-2,6.958966232E-2
9.477044158E1,-3.356535673E-2,3.909565330E-2,3.370627463E-2,6.157285302E-2
9.478042958E1,-1.654615849E-2,2.418700755E-2,4.070948482E-2,5.016023175E-2
9.479041758E1,-2.727872282E-2,3.033652425E-2,2.497404277E-2,4.783446702E-2
9.480040558E1,1.936890185E-3,2.597684026E-2,1.506535113E-2,3.009173604E-2
9.481039358E1,3.328644454E-2,2.975531101E-2,1.864092350E-2,4.838233100E-2
9.482038158E1,2.092981607E-2,-4.064984322E-3,7.837607861E-3,2.271584018E-2
9.483036958E1,1.809976369E-2,-1.627280116E-3,-1.872278452E-3,1.826896037E-2
9.484035721E1,2.107511938E-2,-1.144007742E-2,-1.163362026E-2,2.665290132E-2
9.485034521E1,2.951820642E-2,-9.014944732E-3,-5.213962197E-3,3.130142394E-2
9.486033321E1,3.319142729E-2,-2.039391875E-2,-1.415844798E-2,4.144929935E-2
9.487032121E1,3.051866502E-2,-4.904644489E-3,-1.510101914E-2,3.440182017E-2
9.488030921E1,2.950972795E-2,-3.551014066E-3,8.285504580E-4,2.973415949E-2
9.489029721E1,2.277753621E-2,-8.363272548E-3,-1.309893250E-2,2.757430899E-2
9.490028521E1,2.291669995E-2,-1.575181425E-2,-1.101849318E-2,2.991156934E-2
9.491027321E1,4.565915287E-2,-1.800328463E-2,-2.485651374E-2,5.501565935E-2
9.492026121E1,5.739977717E-2,-6.203018725E-3,-2.617038310E-2,6.338849117E-2
9.493024921E1,2.382740378E-2,-1.416137159E-2,-2.040327430E-2,3.441777475E-2
9.494023721E1,3.922809273E-2,-1.846258342E-3,-2.479570270E-2,4.644436243E-2
9.495022621E1,3.978767127E-2,-1.487239301E-2,-1.811467409E-2,4.617778986E-2
9.496021421E1,2.607273459E-2,-7.113722563E-3,-2.084649324E-2,3.413163955E-2
9.497020221E1,1.962442517E-2,1.119478673E-2,1.585647941E-2,2.760197914E-2
9.498019021E1,1.031507313E-2,6.920764446E-3,2.502608299E-3,1.267125734E-2
9.499017821E1,1.902450085E-2,6.603845358E-3,-5.454282761E-3,2.086364317E-2
9.500016621E1,1.188943595E-2,-2.526874244E-3,-3.316540718E-3,1.259933423E-2
9.501015421E1,2.849932909E-3,2.597917914E-2,-2.309240878E-2,3.487548150E-2
9.502014221E1,3.804490864E-3,2.041379929E-2,3.508329391E-3,2.105957566E-2
9.503013021E1,-6.054207087E-3,1.741710126E-2,1.464785993E-2,2.354928110E-2
9.504011821E1,-1.297117084E-2,-7.382109761E-3,1.962910295E-2,2.465863946E-2
9.505010621E1,-2.269684464E-2,-3.656263947E-3,3.345893741E-2,4.059575735E-2
9.506009421E1,-1.735482842E-2,-1.797901869E-2,1.546939373E-2,2.938940838E-2
9.507008221E1,-1.958027869E-2,-3.815600574E-3,1.274166763E-2,2.367057700E-2
9.508007021E1,-1.853158057E-2,-8.361518383E-3,5.983455777E-3,2.119283395E-2
9.509005821E1,-1.239141941E-2,-8.243989348E-3,1.900052726E-2,2.413567218E-2
9.510004621E1,1.488116384E-4,-1.614503950E-2,1.634647608E-2,2.297589444E-2
9.511003421E1,-5.511877835E-3,-1.842486888E-2,-1.867015958E-3,1.932206871E-2
9.512002221E1,1.616111934E-2,-1.960980713E-2,-9.695852995E-3,2.719808595E-2
9.513001021E1,2.900043547E-2,-5.395225883E-3,-2.120609701E-2,3.632949587E-2
9.513999821E1,4.642162979E-2,-1.069017202E-2,-2.979156375E-2,5.618527174E-2
9.514998721E1,3.582589030E-2,6.806159019E-4,-3.362382889E-2,4.913776066E-2
9.515997521E1,2.693373710E-2,1.358542085E-2,-2.519272864E-2,3.930220643E-2
9.516996321E1,3.212898821E-2,1.238498747E-2,-1.477299035E-2,3.746866747E-2
9.517995121E1,1.924377143E-2,3.731897682E-2,-2.199079335E-2,4.739856287E-2
9.518993921E1,3.169044703E-2,3.679623574E-2,-1.141785800E-2,4.988601887E-2
9.519992721E1,5.521233380E-3,1.579596072E-2,-6.221437454E-3,1.785224572E-2
9.520991521E1,-1.155526757E-2,1.225254804E-2,5.329152346E-3,1.766490891E-2
9.521990321E1,-2.070908368E-2,8.496004343E-3,3.579080701E-2,4.221409839E-2
9.522989121E1,-1.266682327E-2,1.219202936E-2,4.147780895E-2,4.505000141E-2
9.523987921E1,-3.587559164E-3,1.951508224E-3,1.213531137E-2,1.280409103E-2
9.524986721E1,-2.166451871E-2,-1.106702507E-2,1.968406677E-2,3.129365590E-2
9.525985521E1,-2.033573896E-2,-1.273932874E-2,1.376785398E-2,2.766562088E-2
9.526984321E1,1.518814266E-2,-9.843495190E-3,7.493791580E-3,1.958905274E-2
9.527983121E1,-8.463844657E-4,-3.648662567E-4,-3.387876749E-3,3.511011666E-3
9.528981921E1,1.558516860E-2,1.142107397E-2,-3.458043337E-3,1.962897029E-2
9.529980721E1,5.087077618E-3,-1.815268099E-3,2.589147091E-3,5.989761232E-3
9.530979521E1,2.812306076E-2,1.218793631E-2,-5.582336783E-3,3.115469181E-2
9.531978321E1,4.031918317E-2,1.103398830E-2,-1.254110813E-2,4.364246582E-2
9.532977121E1,3.667402893E-2,1.289954245E-2,-1.927125335E-2,4.339082621E-2
9.533975921E1,3.287333876E-2,6.548881531E-3,-1.117052078E-2,3.533164000E-2
9.534974821E1,3.829633892E-2,3.832265139E-3,-3.595511377E-2,5.266940323E-2
9.535973621E1,2.204751134E-2,2.905393749E-2,-3.609193861E-2,5.131132500E-2
9.536972421E1,4.971010387E-3,3.826242507E-2,2.872152328E-3,3.869074017E-2
9.537971221E1,-8.821109533E-3,2.043163329E-2,2.128035665E-2,3.079151168E-2
9.538970021E1,-1.546208471E-2,1.024373710E-2,1.898590922E-2,2.654194722E-2
9.539968821E1,-4.711978734E-3,-6.277570724E-3,1.679612696E-2,1.853970115E-2
9.540967621E1,-9.323970079E-3,4.645612836E-4,1.797492564E-2,2.025463371E-2
9.541966421E1,-1.567989349E-2,5.046731830E-3,3.974937201E-3,1.694487202E-2
9.542965221E1,-2.196448088E-2,2.293687284E-2,1.814624906E-2,3.657628891E-2
9.543964021E1,-2.712494105E-2,1.139797747E-2,1.921395063E-2,3.514046409E-2
9.544962821E1,-2.103886664E-2,6.774876416E-3,2.836893618E-2,3.596288920E-2
9.545961621E1,-9.913077056E-3,3.687546551E-3,3.660356998E-2,3.810102928E-2
9.546960421E1,-6.610569656E-3,6.350076199E-3,2.408935905E-2,2.577441208E-2
9.547959221E1,-4.297703505E-3,-5.948372483E-3,-5.440834165E-3,9.135429219E-3
9.548958021E1,6.844165921E-3,-7.998406291E-3,2.180426717E-3,1.075041260E-2
9.549956821E1,2.098858058E-2,-1.477357507E-2,-2.063716292E-2,3.293435180E-2
9.550955621E1,1.233616322E-2,-4.272560477E-3,-3.284731865E-2,3.534659868E-2
9.551954421E1,3.491167814E-2,6.587180793E-3,-2.793331861E-2,4.519387691E-2
9.552953221E1,5.437091947E-2,-1.453325450E-3,-1.436485469E-2,5.625529387E-2
9.553952021E1,4.368951827E-2,-2.355726242E-2,-1.812870741E-2,5.284286756E-2
9.554950921E1,5.026997477E-2,-2.840577364E-3,-2.460157514E-2,5.603906443E-2
9.555949721E1,4.575475484E-2,3.476169705E-3,-1.984603465E-2,4.999446407E-2
9.556948521E1,2.632094890E-2,6.683075130E-3,-2.775030077E-2,3.882698851E-2
9.557947321E1,1.589711756E-2,6.327272058E-3,-1.095592797E-2,2.031711288E-2
9.558946121E1,8.934545517E-4,1.306034088E-2,-2.680539072E-2,2.983118731E-2
9.559944921E1,8.302461505E-3,6.304175556E-3,-2.450568080E-3,1.070881788E-2
9.560943721E1,1.836142659E-2,1.967734247E-2,-2.815434337E-3,2.706042246E-2
9.561942521E1,2.141922802E-2,2.775819451E-2,-1.093370855E-2,3.672664801E-2
9.562941321E1,3.196321964E-2,3.842468530E-2,-1.537116051E-2,5.229126529E-2
9.563940121E1,3.855098516E-2,1.891837388E-2,-1.255748034E-2,4.474118505E-2
9.564938921E1,2.633381277E-2,1.253379911E-2,-2.008518577E-3,2.923354173E-2
9.565937721E1,2.435248375E-2,5.198174715E-4,-1.637805104E-2,2.935224405E-2
9.566936521E1,3.473918527E-2,1.373598665E-2,-2.805669487E-2,4.671901593E-2
9.567935321E1,1.649060994E-2,-8.450980783E-3,-1.879236639E-2,2.639151998E-2
9.568934121E1,1.712210923E-2,1.198679209E-4,1.574070454E-3,1.719472857E-2
9.569932921E1,-1.061035752E-2,1.128220260E-2,1.548635066E-2,2.190193688E-2
9.570931721E1,-1.742294848E-2,3.869687319E-3,1.893328428E-2,2.601927876E-2
9.571930521E1,-1.811291993E-2,-2.357626587E-2,3.086394310E-2,4.285441826E-2
9.572929321E1,-4.199762642E-2,-1.925605059E-2,1.593249321E-2,4.887167328E-2
9.573928221E1,-3.302478164E-2,-3.952717781E-4,1.938761294E-2,3.829715365E-2
9.574927021E1,-2.565904409E-2,1.242767215E-2,1.837955296E-2,3.392110767E-2
9.575925821E1,-1.955075026E-2,1.663065076E-2,3.352150261E-2,4.221968164E-2
9.576924621E1,-2.565641284E-2,2.362567484E-2,3.976574421E-2,5.289365221E-2
9.577923421E1,-2.589585632E-2,1.251625746E-2,2.264100373E-2,3.660419546E-2
9.578922221E1,-4.355590940E-3,2.670189500E-2,1.511797607E-2,3.099218562E-2
9.579921021E1,-1.909437507E-2,2.454339534E-2,2.656974792E-3,3.120950063E-2
9.580919821E1,-9.963363111E-3,3.301893443E-2,1.590267241E-2,3.797912091E-2
9.581918621E1,-3.080897927E-2,3.459972918E-2,4.831905127E-2,6.694075872E-2
9.582917421E1,-4.235606074E-2,1.915547848E-2,4.646080613E-2,6.572347179E-2
9.583916221E1,-3.982860178E-2,-6.969003975E-3,3.507569253E-2,5.352745784E-2
9.584915021E1,-1.858245134E-2,-2.894956470E-2,4.814948201E-2,5.917564881E-2
9.585913821E1,-1.789394170E-2,-3.986368507E-2,6.829255521E-2,8.107514807E-2
9.586912621E1,-1.366494298E-2,-5.583184630E-2,3.302682817E-2,6.629251169E-2
9.587911421E1,-6.072333455E-3,-3.995519400E-2,-1.687974215E-2,4.379744805E-2
9.588910221E1,1.818016291E-2,-1.661193967E-2,-4.764779091E-2,5.363568627E-2
9.589909021E1,4.812726259E-2,3.051661849E-3,-4.028556168E-2,6.283687233E-2
9.590907821E1,4.200376600E-2,3.215968609E-3,-2.523658276E-2,4.910747317E-2
9.591906621E1,4.517938882E-2,7.978233397E-3,-1.875085115E-2,4.956232240E-2
9.592905521E1,2.138677597E-2,1.517732531E-2,-2.427471578E-2,3.573523774E-2
9.593904321E1,7.573138297E-2,2.767194808E-2,-3.403430343E-2,8.751750046E-2
9.594903121E1,8.465014100E-2,1.086997390E-2,-9.830338955E-3,8.590947717E-2
9.595901921E1,6.713889956E-2,4.616376758E-4,-3.439449191E-2,7.543756371E-2
9.596900721E1,8.911098182E-2,-4.132519662E-3,-5.707993448E-2,1.059054471E-1
9.597899521E1,1.213259241E-1,-7.338255644E-4,-7.572845936E-2,1.430220889E-1
9.598898321E1,1.249585068E-1,-3.014239669E-4,-7.671663880E-2,1.466293352E-1
9.599897121E1,1.135520509E-1,-2.869053304E-2,-7.292881250E-2,1.379703832E-1
9.600895921E1,1.241036439E-1,-3.843784153E-2,-7.073610663E-2,1.479282896E-1
9.601894721E1,1.520910493E-1,-3.202403069E-2,-6.214713156E-2,1.673902380E-1
9.602893521E1,1.528497255E-1,-4.036654562E-2,-8.070502460E-2,1.774987256E-1
9.603892321E1,1.072051907E-1,-6.700061291E-2,-7.061799288E-2,1.448065467E-1
9.604891121E1,8.901128680E-2,-6.070053041E-2,-6.153434336E-2,1.240727165E-1
9.605889921E1,4.294926077E-2,-4.012330145E-2,-3.551131010E-2,6.867001867E-2
9.606888721E1,8.105117977E-3,-4.674907386E-2,-1.006949008E-2,4.850323159E-2
9.607887521E1,-4.666808993E-2,-4.604097605E-2,2.473839998E-2,7.006904114E-2
9.608886321E1,-1.313360649E-1,-3.050580114E-2,5.540938497E-2,1.457736801E-1
9.609885121E1,-1.707626706E-1,-9.089204371E-3,1.005335176E-1,1.983670625E-1
9.610883921E1,-1.887454900E-1,2.452439189E-2,1.173191196E-1,2.235846185E-1
9.611882821E1,-1.598546898E-1,4.668592393E-2,1.077910817E-1,1.983734222E-1
9.612881621E1,-1.454445192E-1,4.280805051E-2,9.863200307E-2,1.808726331E-1
9.613880421E1,-1.245310754E-1,2.927525461E-2,1.126939720E-1,1.704844878E-1
9.614879221E1,-9.321689665E-2,3.253887802E-2,1.025689334E-1,1.423676736E-1
9.615878021E1,-1.025750729E-1,1.164268345E-2,1.013784403E-1,1.446885822E-1
9.616876821E1,-9.601595879E-2,2.586428136E-2,6.420593619E-2,1.183656523E-1
9.617875621E1,-8.455424666E-2,2.653378755E-2,3.262629390E-2,9.443483237E-2
9.618874421E1,-4.786735386E-2,3.581565768E-2,7.557526231E-3,6.025911634E-2
9.619873221E1,-2.678609490E-2,2.893436193E-2,-8.427591920E-3,4.032017468E-2
9.620872021E1,2.550847828E-3,2.079328358E-2,-6.861707568E-3,2.204428492E-2
9.621870821E1,4.290745318E-2,1.628332615E-2,-1.811935186E-2,4.934072517E-2
9.622869621E1,6.169163346E-2,2.495825529E-2,-3.085751116E-2,7.335501443E-2
9.623868421E1,6.874191374E-2,2.687848091E-2,-4.768462837E-2,8.787335900E-2
9.624867221E1,7.355621874E-2,6.846797168E-3,-6.284411967E-2,9.698855254E-2
9.625866021E1,9.527365476E-2,-3.338760138E-4,-4.141465902E-2,1.038862587E-1
9.626864821E1,1.010550892E-1,1.672829926E-2,-4.264023542E-2,1.109511457E-1
9.627863621E1,1.014550388E-1,2.190659344E-2,-6.606476605E-2,1.230348611E-1
9.628862421E1,9.876970500E-2,1.398303151E-2,-6.418780982E-2,1.186214767E-1
9.629861321E1,1.020473617E-1,-1.607984304E-4,-7.932859004E-2,1.292544587E-1
9.630860121E1,9.467782348E-2,-1.911396325E-2,-4.439790845E-2,1.063033778E-1
9.631858921E1,7.667629302E-2,-5.739042163E-3,-4.150061309E-2,8.737557669E-2
9.632857721E1,6.365045071E-2,-3.118320107E-3,-2.274391472E-2,6.766379721E-2
9.633856521E1,3.716139436E-2,-2.022376478E-2,5.145549774E-4,4.231116471E-2
9.634855321E1,1.867015958E-2,-2.791987002E-2,8.154526949E-3,3.456284581E-2
9.635854121E1,4.540362954E-3,-2.217117995E-2,7.536476254E-3,2.385318827E-2
9.636852921E1,-5.706882477E-3,-1.981913745E-2,4.546794891E-3,2.111966053E-2
9.637851721E1,-2.979770333E-2,-2.011939198E-2,3.855069280E-3,3.616012467E-2
9.638850521E1,-4.415992677E-2,-3.666204214E-3,1.909525216E-2,4.825110196E-2
9.639849321E1,-5.423701823E-2,-7.958060503E-4,3.722279012E-2,6.578619580E-2
9.640848121E1,-5.222791493E-2,-1.245632350E-2,4.212392628E-2,6.824470865E-2
9.641846921E1,-6.994644016E-2,3.487864137E-3,4.068375707E-2,8.099282546E-2
9.642845721E1,-5.871189237E-2,1.159795225E-2,4.862544537E-2,7.711052288E-2
9.643844521E1,-5.187591255E-2,4.326939583E-5,5.506907701E-2,7.565524052E-2
9.644843321E1,-3.579168409E-2,-1.078138858E-2,3.884831607E-2,5.391173019E-2
9.645842121E1,-9.775667489E-3,1.978960901E-2,1.083313644E-2,2.458758111E-2
9.646840921E1,1.802345753E-2,7.410761118E-3,-9.835016727E-3,2.182869569E-2
9.647839821E1,2.946411967E-3,1.726331949E-2,-1.239843607E-2,2.145751058E-2
9.648838621E1,-3.714794576E-2,-6.076426506E-3,-9.916877747E-3,3.892604909E-2
9.649837421E1,2.993891358E-2,1.610995620E-2,2.296201587E-3,3.407553048E-2
9.650836221E1,6.675766110E-2,5.737814248E-2,-1.306151032E-2,8.899123329E-2
9.651835021E1,4.159563035E-2,3.097854853E-3,8.006007671E-3,4.247221830E-2
9.652833821E1,2.851745546E-2,4.617546201E-3,-4.227536917E-3,2.919655917E-2
9.653832621E1,2.627329409E-2,1.900520504E-2,-1.686220050E-2,3.654883865E-2
9.654831421E1,3.237427890E-2,7.927362621E-3,-1.130500674E-2,3.519574108E-2
9.655830221E1,5.174902797E-2,9.014652371E-3,-3.041136861E-2,6.069659952E-2
9.656829021E1,6.647874892E-2,8.277318478E-3,-3.187200308E-2,7.418734824E-2
9.657827821E1,6.164777935E-2,4.921309054E-3,-3.997682869E-2,7.363976381E-2
9.658826621E1,5.564619720E-2,-2.708137929E-3,-5.210278451E-2,7.627931193E-2
9.659825421E1,4.697126806E-2,9.144752920E-3,-3.144749522E-2,5.726143104E-2
9.660824221E1,3.505727381E-2,-1.242240965E-3,-1.296035349E-2,3.739687650E-2
9.661823021E1,1.678326309E-2,-1.532496750E-2,1.314395607E-2,2.625444972E-2
9.662821821E1,7.941103578E-3,-3.674097955E-3,7.063436508E-3,1.124509925E-2
9.663820621E1,-3.513328761E-2,-9.808996618E-3,2.507636905E-2,4.426498162E-2
9.664819521E1,-3.029413193E-2,-3.099024296E-3,4.240108430E-2,5.220335556E-2
9.665818321E1,-4.266099304E-2,-1.530508697E-2,4.809276402E-2,6.608418847E-2
9.666817121E1,-4.537293166E-2,-1.300683886E-2,4.610178709E-2,6.597920549E-2
9.667815921E1,-4.258439451E-2,-5.901594758E-3,3.260875225E-2,5.395915307E-2
9.668814721E1,-4.163188308E-2,-1.333194405E-2,2.826485574E-2,5.205628196E-2
9.669813521E1,-1.552991241E-2,-1.128249496E-2,3.449857235E-2,3.947941699E-2
9.670812321E1,-7.688796222E-3,-2.879198223E-2,1.478585422E-2,3.326736108E-2
9.671811121E1,-4.316414595E-3,-8.454196751E-3,-1.977002084E-2,2.193076838E-2
9.672809921E1,1.418476045E-2,-9.547333717E-3,-2.695098639E-2,3.191730999E-2
9.673808721E1,2.284419447E-2,5.872358680E-3,-1.310302556E-2,2.698205137E-2
9.674807521E1,4.434937656E-2,-3.292274773E-3,-1.324803650E-2,4.640276657E-2
9.675806321E1,4.072936535E-2,-5.209869146E-4,-8.035828471E-3,4.151779339E-2
9.676805121E1,7.914791107E-3,1.613773048E-2,4.549133778E-4,1.797991128E-2
9.677803921E1,1.110152364E-2,-8.290767074E-3,-9.836186171E-3,1.699209240E-2
9.678802721E1,1.045043617E-2,-1.491332352E-3,-2.672177553E-3,1.088927093E-2
9.679801521E1,2.172883809E-2,2.545409918E-2,-5.344355106E-4,3.347146831E-2
9.680800321E1,3.701696813E-2,1.315681994E-2,-1.448296845E-2,4.187020678E-2
9.681799121E1,5.781639129E-2,1.212273985E-2,-3.327065706E-4,5.907458520E-2
9.682798021E1,5.475157320E-2,2.116282761E-2,-1.755334139E-2,6.126760837E-2
9.683796821E1,5.839438856E-2,2.262287736E-3,-1.766443849E-2,6.104961055E-2
9.684795600E1,4.283173174E-2,4.862544537E-3,-2.458871126E-2,4.962666929E-2
9.685794400E1,4.595940739E-2,-2.321052253E-3,-3.018157303E-2,5.503255184E-2
9.686793200E1,4.716071784E-2,-6.029648781E-3,-1.391344965E-2,4.953861174E-2
9.687792000E1,5.849788427E-2,1.325154483E-2,-1.053317428E-2,6.089789541E-2
9.688790800E1,1.481830627E-2,1.302613467E-2,-5.929661393E-3,2.060153561E-2
9.689789600E1,4.069662094E-3,1.445139349E-2,-1.697154343E-2,2.265917496E-2
9.690788400E1,-6.963449121E-3,1.538080841E-2,-4.325185418E-3,1.742888751E-2
9.691787200E1,-7.686749697E-3,2.066786081E-2,1.522498012E-2,2.679639175E-2
9.692786000E1,-2.087397516E-2,4.686250985E-3,2.557922959E-2,3.334637572E-2
9.693784800E1,-2.420396447E-2,-3.738709688E-3,2.340757370E-2,3.387808071E-2
9.694783600E1,-2.558303028E-2,-1.016918510E-2,2.582188904E-2,3.774485022E-2
9.695782400E1,-4.422219962E-2,-8.402156532E-3,3.033418536E-2,5.428040139E-2
9.696781200E1,-2.902148545E-2,-2.183788866E-2,4.086151242E-2,5.466994783E-2
9.697780000E1,-1.558838457E-2,-5.392886996E-3,2.957053900E-2,3.385997254E-2
9.698778800E1,-2.383939058E-2,-1.255835742E-2,2.480038047E-2,3.662086503E-2
9.699777700E1,-2.079211414E-2,1.252385885E-2,2.077223361E-2,3.194753104E-2
9.700776500E1,3.033827841E-3,-3.490787745E-4,1.005545676E-2,1.050895704E-2
9.701775300E1,2.379319757E-2,-6.911116540E-3,-9.121656418E-5,2.477676539E-2
9.702774100E1,1.494226724E-2,-4.876870215E-3,-5.811547637E-3,1.675796226E-2
9.703772900E1,-2.566050589E-3,3.400155902E-3,-1.193533659E-2,1.267272407E-2
9.704771700E1,-8.683115244E-4,-1.440520048E-2,-1.480515003E-3,1.450709104E-2
9.705770500E1,1.824331284E-4,1.307203531E-2,1.450226426E-2,1.952503669E-2
9.706769300E1,-1.422335207E-3,2.259831905E-2,2.934074342E-2,3.706192502E-2
9.707768100E1,2.169667840E-2,2.275034666E-2,2.578271270E-2,4.065799307E-2
9.708766900E1,3.547827333E-2,3.265874594E-2,3.861501217E-3,4.837574554E-2
9.709765700E1,7.637077600E-2,2.744273722E-2,-4.305714190E-2,9.186684234E-2
9.710764500E1,6.394456565E-2,3.037306935E-2,-6.935207069E-2,9.910166763E-2
9.711763300E1,3.561685234E-2,1.941509485E-2,-5.490301609E-2,6.826307387E-2
9.712762100E1,4.620615989E-2,1.966330916E-2,-5.132159650E-2,7.180223678E-2
9.713760900E1,2.459514320E-2,-3.107795119E-4,-2.804733932E-2,3.730510549E-2
9.714759700E1,2.032316744E-2,-1.291883826E-2,-8.642184734E-3,2.558544262E-2
9.715758600E1,1.157748699E-2,-8.694224954E-3,1.790358961E-2,2.302533981E-2
9.716757400E1,-4.219350815E-3,-1.612662077E-2,6.820777059E-3,1.801093608E-2
9.717756200E1,-8.528456390E-3,-1.485426664E-2,1.208619475E-2,2.096329911E-2
9.718755000E1,-2.931472331E-2,-2.348592639E-2,1.052849650E-2,3.901013945E-2
9.719753800E1,-2.319999754E-2,-8.531087637E-3,-1.671718955E-3,2.477526966E-2
9.720752600E1,8.090792298E-3,-1.544132710E-2,9.988213778E-3,2.009128958E-2
9.721751400E1,1.001803458E-2,-3.151590765E-2,3.009678841E-2,4.471498769E-2
9.722750200E1,4.381903410E-3,-2.807131290E-2,1.173302293E-2,3.073863225E-2
9.723749000E1,4.845295250E-3,-2.180163592E-2,-1.679378808E-2,2.794314823E-2
9.724747800E1,2.728954017E-2,-7.980572283E-3,-1.383919001E-2,3.162169693E-2
9.725746600E1,3.991601765E-2,2.583972305E-2,-1.886896491E-2,5.115679417E-2
9.726745400E1,2.358240545E-2,4.660991013E-2,-3.390449524E-2,6.227462056E-2
9.727744200E1,-2.558741570E-3,3.840480477E-2,2.478049994E-3,3.856963727E-2
9.728743000E1,2.606104016E-3,3.882346541E-2,2.736847758E-2,4.757191198E-2
9.729741800E1,-1.746183246E-2,5.435717851E-2,3.508329391E-2,6.701086450E-2
9.730740600E1,-2.333857656E-2,4.960602343E-2,3.147380769E-2,6.321429654E-2
9.731739400E1,-2.344002575E-2,2.847009301E-2,2.822567940E-2,4.643996103E-2
9.732738300E1,-3.476579010E-2,1.778284460E-2,4.935576260E-2,6.293553071E-2
9.733737100E1,-5.007730901E-2,1.259168655E-2,2.881507874E-2,5.913202356E-2
9.734735900E1,-1.055013120E-2,5.858910084E-3,3.763151050E-2,3.951914318E-2
9.735734700E1,-6.191616654E-3,-2.257376075E-2,2.376834691E-2,3.335933311E-2
9.736733500E1,8.629320860E-3,-2.849085063E-2,3.642815351E-4,2.977123526E-2
9.737732300E1,3.566743076E-2,-2.473810762E-2,-1.532964528E-2,4.603409182E-2
9.738731100E1,9.243570864E-3,4.385411739E-5,-8.221185207E-3,1.237066739E-2
9.739729900E1,1.768782735E-2,-9.382734597E-3,-1.387719691E-2,2.436127129E-2
9.740728700E1,1.040015012E-2,2.935009897E-3,-1.351817787E-2,1.730660390E-2
9.741727500E1,1.032764465E-2,-8.479924500E-3,-1.508757055E-2,2.015450690E-2
9.742726300E1,-5.993396044E-4,-6.856445074E-3,1.475837231E-2,1.628433604E-2
9.743725100E1,9.566629529E-3,8.161251247E-3,1.755334139E-2,2.159273527E-2
9.744723900E1,3.642230630E-3,-8.925774693E-4,-4.800564051E-4,3.780607445E-3
9.745722700E1,3.431409270E-2,-2.061143517E-3,-7.268089056E-3,3.513588463E-2
9.746721500E1,5.804735631E-2,-1.927154571E-2,-5.359557867E-3,6.139717346E-2
9.747720300E1,6.401063919E-2,-1.340941966E-2,-3.182288647E-2,7.273149640E-2
9.748719100E1,7.872194141E-2,-2.536142081E-2,-3.040084362E-2,8.811672383E-2
9.749718000E1,8.783921242E-2,-2.350288332E-2,-4.307409883E-2,1.006155592E-1
9.750716800E1,8.376048714E-2,-3.378199607E-2,-3.636324942E-2,9.736184249E-2
9.751715600E1,7.370853871E-2,-1.830295444E-2,-4.304954052E-2,8.729954043E-2
9.752714400E1,6.317419499E-2,-6.347152591E-3,-2.527400494E-2,6.833769519E-2
9.753713200E1,3.048533589E-2,-1.363015205E-2,-3.409511447E-2,4.772434997E-2
9.754712000E1,1.394560933E-2,-9.965409636E-3,-2.874491215E-2,3.346728826E-2
9.755710800E1,-1.985889852E-2,1.497530401E-2,-1.594711125E-2,2.954565853E-2
9.756709600E1,-2.900628269E-2,3.865126491E-2,7.984957695E-3,4.898003944E-2
9.757708400E1,-2.856101722E-2,4.322407991E-2,2.198377669E-2,5.627911891E-2
9.758707200E1,-5.853501409E-2,3.014736682E-2,2.761990786E-2,7.140077668E-2
9.759706000E1,-3.454973549E-2,2.872240037E-2,3.626150787E-2,5.773696786E-2
9.760704800E1,-3.313178569E-2,3.299905390E-2,1.936890185E-2,5.061429778E-2
9.761703600E1,-1.270044476E-2,2.879432112E-2,1.925897419E-2,3.689610159E-2
9.762702400E1,-9.588264227E-3,2.623148650E-2,4.597665668E-3,2.830484454E-2
9.763701200E1,-2.150050431E-2,2.837273687E-2,-3.128260374E-3,3.573611473E-2
9.764700000E1,-1.992848039E-2,-2.189489901E-3,-1.622017622E-3,2.011390409E-2
9.765698900E1,-3.129400581E-2,-3.702749312E-3,6.654131413E-3,3.220718269E-2
9.766697700E1,-1.504020810E-2,1.892158985E-3,1.215519190E-2,1.943030662E-2
9.767696500E1,-3.605685532E-3,-6.605014801E-3,2.386891901E-2,2.502703505E-2
9.768695300E1,-1.903151751E-2,-1.516650796E-2,2.428991854E-2,3.438345191E-2
9.769694100E1,-1.303168952E-2,-7.353458405E-3,3.387233555E-2,3.703016876E-2
9.770692900E1,-1.240808398E-2,-5.777341425E-3,1.900462031E-2,2.342037180E-2
9.771691700E1,-8.788365126E-3,-1.479462504E-2,1.934551299E-2,2.589141102E-2
9.772690500E1,1.851696253E-2,3.901262283E-3,-3.591359854E-3,1.926124644E-2
9.773689300E1,2.045677632E-2,5.139117837E-3,7.209032178E-3,2.229036506E-2
9.774688100E1,2.462701052E-2,1.337725997E-2,-8.793042898E-3,2.937274817E-2
9.775686900E1,6.546250284E-3,7.971509099E-3,-3.194567800E-2,3.356969903E-2
9.776685700E1,2.741730183E-2,2.126544625E-2,-3.214448333E-2,4.729900054E-2
9.777684500E1,2.522518069E-2,2.693402946E-2,-2.679954350E-2,4.560665758E-2
9.778683300E1,3.536015958E-2,3.465644717E-2,-9.000034332E-3,5.032306463E-2
9.779682100E1,4.407134145E-2,4.147196174E-2,-9.499971271E-3,6.125729509E-2
9.780680900E1,3.166559637E-2,2.854493737E-2,-1.604826808E-2,4.555294009E-2
9.781679800E1,2.101869375E-2,3.262161613E-3,1.183476448E-3,2.130323453E-2
9.782678600E1,3.739002049E-2,-1.682887137E-2,-7.688503861E-3,4.171735413E-2
9.783677400E1,2.905803055E-2,-3.524058402E-2,-3.008860230E-2,5.469544670E-2
9.784676246E1,3.810718149E-2,-4.070919245E-2,-1.084950864E-2,5.680763566E-2
9.785675046E1,4.727093786E-2,-4.380178481E-2,-2.693227530E-2,6.984615502E-2
9.786673846E1,4.222069770E-2,-4.951480687E-2,-4.013294935E-2,7.645231872E-2
9.787672646E1,4.681953281E-2,-7.998084694E-2,-2.959743619E-2,9.728829713E-2
9.788671446E1,3.652346313E-2,-6.823788375E-2,-1.805503249E-2,7.947550777E-2
9.789670246E1,1.007562965E-2,-7.083521694E-2,-5.186480284E-4,7.155008922E-2
9.790669046E1,-5.574735403E-3,-6.427347153E-2,9.094174504E-3,6.515259648E-2
9.791667846E1,-7.628277540E-3,-5.039949059E-2,2.080497801E-2,5.505584783E-2
9.792666646E1,-1.928704083E-2,-4.183098078E-3,2.796255469E-2,3.422561495E-2
9.793665446E1,-3.092943192E-2,1.478351533E-2,4.521301031E-2,5.673974256E-2
9.794664246E1,-4.305392593E-2,3.531893671E-2,5.272434354E-2,7.668718426E-2
9.795663046E1,-2.958925009E-2,4.545099199E-2,4.605617881E-2,7.115116303E-2
9.796661846E1,-3.858548373E-2,5.187065005E-2,-5.562456250E-3,6.488716985E-2
9.797660746E1,-3.361593515E-2,1.990713805E-2,-7.252886295E-3,3.973574714E-2
9.798659546E1,4.186314046E-2,1.166086829E-1,-1.069572687E-2,1.243563670E-1
9.799658346E1,4.973349273E-3,6.742336661E-2,8.524655700E-3,6.814186908E-2
9.800657146E1,2.358152837E-2,7.308785677E-2,4.770041585E-2,9.040604493E-2
9.801655946E1,1.425638884E-2,7.908446878E-2,2.190016150E-2,8.328994477E-2
9.802654746E1,2.650542855E-2,9.464829504E-2,-1.072613239E-2,9.887308741E-2
9.803653546E1,2.521787167E-2,8.861572266E-2,-2.081082523E-2,9.445516291E-2
9.804652346E1,4.628948271E-2,7.871609420E-2,-3.652053952E-2,9.834983224E-2
9.805651146E1,2.500854135E-2,5.829147756E-2,-3.212577224E-2,7.110125694E-2
9.806649946E1,4.257328480E-2,4.792377949E-2,-2.685918510E-2,6.950243912E-2
9.807648746E1,6.930032283E-2,3.445530295E-2,2.361690402E-3,7.742919493E-2
9.808647546E1,6.430650830E-2,4.960777760E-3,-7.272766829E-3,6.490631297E-2
9.809646346E1,5.012642562E-2,-1.559423178E-2,-6.420242786E-3,5.288722084E-2
9.810645146E1,5.107952178E-2,-4.871110708E-2,-6.981575489E-4,7.058595414E-2
9.811643946E1,1.288170844E-2,-9.615278363E-2,2.471618056E-3,9.704331563E-2
9.812642846E1,-1.738143325E-2,-1.408383751E-1,8.964366317E-3,1.421897394E-1
9.813641646E1,-2.537603885E-2,-1.254835868E-1,1.719841540E-2,1.291737566E-1
9.814640446E1,-1.802813530E-2,-1.045198569E-1,-6.980406046E-3,1.062927101E-1
9.815639246E1,-2.571576208E-2,-9.399925411E-2,2.045648396E-2,9.957724604E-2
9.816638046E1,-1.186955541E-2,-6.381358802E-2,1.170846462E-2,6.595565560E-2
9.817636846E1,-2.887735158E-2,-3.238889694E-2,1.721069455E-2,4.668136766E-2
9.818635646E1,-2.681445390E-2,-2.483838737E-2,2.002379000E-2,4.167628332E-2
9.819634446E1,-3.679331213E-2,-7.922100127E-3,1.789657295E-2,4.167487026E-2
9.820633246E1,-5.180633068E-2,2.516436964E-2,1.169910908E-2,5.877083079E-2
9.821632046E1,-4.703938812E-2,2.972432077E-2,-1.069455743E-3,5.565413745E-2
9.822630846E1,-2.390809536E-2,7.085041970E-2,7.769195437E-3,7.517805127E-2
9.823629646E1,-2.290734440E-2,6.435854852E-2,6.408548355E-3,6.861369169E-2
9.824628446E1,2.601426244E-3,8.171717763E-2,5.619174242E-3,8.195144695E-2
9.825627246E1,5.218932331E-3,9.135309666E-2,-1.138218999E-2,9.220726530E-2
9.826626046E1,3.113993168E-2,7.636814475E-2,-1.672362149E-2,8.415146103E-2
9.827624846E1,5.525881916E-2,6.768590659E-2,-1.112725139E-2,8.808368049E-2
9.828623746E1,5.667472243E-2,4.616669118E-2,-1.945427120E-2,7.564295212E-2
9.829622546E1,6.818087339E-2,8.483140469E-3,-1.807140470E-2,7.104344331E-2
9.830621346E1,1.018804237E-1,-1.395584196E-2,-3.363143027E-2,1.081917712E-1
9.831620146E1,9.658313870E-2,-3.073530436E-2,-4.691747367E-2,1.116880072E-1
9.832618946E1,8.305882126E-2,-2.470068544E-2,-6.152966559E-2,1.062769561E-1
9.833617746E1,8.837540209E-2,-2.434195876E-2,-8.203702033E-2,1.230155086E-1
9.834616546E1,6.650155306E-2,-2.060588032E-2,-7.049812496E-2,9.908099962E-2
9.835615346E1,1.277178079E-2,-4.227770805E-2,-3.979965806E-2,5.945196182E-2
9.836614146E1,-1.343397796E-2,-3.272306532E-2,-5.977023840E-3,3.587472065E-2
9.837612946E1,-4.900346786E-2,-4.737121761E-2,5.029190183E-2,8.470329102E-2
9.838611746E1,-9.424746841E-2,-5.090410531E-2,6.763123512E-2,1.266799005E-1
9.839610546E1,-9.004010439E-2,-3.455587506E-2,7.946366072E-2,1.249632037E-1
9.840609346E1,-9.052717745E-2,-1.543840349E-2,5.948547900E-2,1.094168011E-1
9.841608146E1,-9.117914200E-2,-1.715339184E-2,5.619291186E-2,1.084689731E-1
9.842606946E1,-6.694652617E-2,1.023262739E-4,4.672393084E-2,8.163928925E-2
9.843605846E1,-5.433057368E-2,9.881209731E-3,2.165223956E-2,5.931499827E-2
9.844604646E1,-3.588670135E-2,1.708030164E-2,2.365724981E-2,4.625210813E-2
9.845603446E1,-7.582961619E-3,1.423797011E-2,1.892451346E-2,2.486681141E-2
9.846602246E1,3.433368087E-2,1.828570515E-2,-2.865720391E-3,3.900488441E-2
9.847601046E1,6.963156760E-2,2.531435072E-2,-1.967003345E-3,7.411639941E-2
9.848599846E1,4.778373867E-2,2.419957906E-2,-7.698444128E-3,5.411258033E-2
9.849598646E1,4.341733038E-2,2.648788691E-2,-2.263691068E-2,5.566958286E-2
9.850597446E1,5.129148334E-2,3.826856464E-2,-2.981202900E-2,7.059784966E-2
9.851596246E1,3.523795277E-2,4.958468109E-2,-7.961568832E-3,6.134933164E-2
9.852595046E1,4.410934836E-2,4.353076637E-2,-5.533804893E-3,6.221884947E-2
9.853593846E1,2.474804789E-2,2.713341951E-2,-1.295041323E-2,3.894100065E-2
9.854592646E1,2.021499395E-2,4.174385726E-2,-2.215159178E-2,5.139930562E-2
9.855591446E1,3.224622488E-2,3.149602711E-2,-1.284282446E-2,4.686957310E-2
9.856590246E1,2.943956137E-2,1.109392226E-2,-3.172933102E-2,4.468236040E-2
9.857589046E1,1.914641529E-2,-2.726264298E-3,-1.455313504E-2,2.420354261E-2
9.858587846E1,1.851111531E-2,-5.104911625E-3,-3.165857971E-2,3.702684407E-2
9.859586746E1,5.467468232E-2,-1.521270096E-2,-4.370910645E-2,7.163262625E-2
9.860585546E1,5.885573387E-2,-2.084590852E-2,-1.860408604E-2,6.515106545E-2
9.861584346E1,5.993045211E-2,-1.685021371E-2,-2.462905705E-2,6.694907948E-2
9.862583146E1,5.818038046E-2,-1.142458230E-2,-2.523424387E-2,6.443791442E-2
9.863581946E1,5.631424159E-2,-3.092124581E-2,-2.072428644E-2,6.750491313E-2
9.864580746E1,4.616464466E-2,-2.294505894E-2,-2.730532765E-2,5.833721852E-2
9.865579546E1,4.523113668E-2,-2.480447352E-2,-1.864735544E-2,5.485290782E-2
9.866578346E1,4.359888643E-2,-2.305177063E-2,-2.332337379E-2,5.455480540E-2
9.867577146E1,5.102514267E-2,-2.143063009E-2,-1.687389493E-2,5.785814913E-2
9.868575946E1,3.878750503E-3,-1.193621367E-2,8.895369172E-3,1.538328622E-2
9.869574746E1,-4.865468144E-3,-7.007303238E-3,2.441095591E-2,2.585865130E-2
9.870573546E1,-2.373706430E-2,-9.519267082E-4,4.076678753E-2,4.718352839E-2
9.871572346E1,-3.634775430E-2,-1.144153923E-2,3.756192863E-2,5.350669626E-2
9.872571146E1,-4.927331686E-2,-1.037880778E-2,2.675159633E-2,5.701953447E-2
9.873569946E1,-4.050307810E-2,1.948584616E-2,3.969674706E-2,5.996690140E-2
9.874568846E1,-6.389574140E-2,3.305928022E-2,5.203846514E-2,8.878954686E-2
9.875567646E1,-7.225667506E-2,2.817539334E-2,4.666604340E-2,9.051297967E-2
9.876566446E1,-6.173870355E-2,3.802795172E-2,3.697545290E-2,8.139396013E-2
9.877565246E1,-5.373152643E-2,2.388178289E-2,3.817062378E-2,7.010287445E-2
9.878564046E1,-3.865535796E-2,2.271146268E-2,1.559803247E-2,4.746942019E-2
9.879562846E1,-1.707562387E-2,2.138326764E-2,8.328189254E-3,2.860384243E-2
9.880561646E1,2.092221469E-2,-4.726012051E-3,1.286796749E-2,2.501317342E-2
9.881560446E1,1.348631054E-2,-1.126553804E-2,-1.265688300E-2,2.165616786E-2
9.882559246E1,4.474932611E-2,-9.707547426E-3,-2.032842994E-2,5.009973780E-2
9.883558046E1,6.708452046E-2,-1.481245905E-2,-2.581721127E-2,7.339121355E-2
9.884556846E1,6.598407447E-2,-1.818688720E-2,-1.692301154E-2,7.050566835E-2
9.885555646E1,2.626832396E-2,-1.253935397E-2,-2.186332405E-2,3.640419179E-2
9.886554446E1,3.624805927E-2,-8.763514459E-3,-2.437061012E-2,4.454938411E-2
9.887553246E1,4.158130467E-2,3.731108308E-3,-1.757439137E-2,4.529663673E-2
9.888552146E1,2.908697426E-2,-4.141582847E-3,-1.122548461E-2,3.145180893E-2
9.889550946E1,4.466337204E-2,-4.119655788E-3,-5.899255872E-3,4.523924829E-2
9.890549746E1,3.355073869E-2,2.985588312E-3,-2.170603395E-2,4.007140769E-2
9.891548546E1,3.570894599E-2,-3.435823917E-3,-2.538802564E-2,4.394866955E-2
9.892547346E1,4.317847162E-2,3.700995147E-3,-1.282411337E-2,4.519442068E-2
9.893546146E1,1.312758386E-2,4.536854625E-3,-2.626627743E-2,2.971251989E-2
9.894544946E1,1.626958519E-2,4.429265857E-3,-2.638789952E-2,3.131515670E-2
9.895543746E1,2.004483998E-2,1.041242927E-2,-3.350454569E-3,2.283505724E-2
9.896542546E1,1.430112004E-2,1.460225165E-2,-7.016658783E-4,2.045091985E-2
9.897541346E1,2.326022387E-2,9.317538142E-3,-1.111614168E-2,2.741209837E-2
9.898540146E1,3.202929318E-2,6.973389387E-3,-1.091265857E-2,3.454837041E-2
9.899538946E1,1.394443989E-2,1.460605234E-2,-5.166015029E-3,2.084398906E-2
9.900537746E1,2.189372957E-2,3.443717659E-3,2.043017149E-3,2.225687545E-2
9.901536546E1,2.351340830E-2,-1.898766339E-2,-5.715068579E-3,3.075831172E-2
9.902535446E1,3.377497941E-2,-3.663660675E-2,-3.283211589E-3,4.993765780E-2
9.903534246E1,1.494402140E-2,-3.351419359E-2,-1.310770333E-2,3.896584189E-2
9.904533046E1,1.376931578E-2,-3.831885070E-2,-2.846483052E-2,4.968073019E-2
9.905531846E1,-3.414481580E-3,-3.025232434E-2,1.074133515E-3,3.046334807E-2
9.906530646E1,4.165556431E-3,-2.860633314E-2,1.240779161E-3,2.893464513E-2
9.907529446E1,-1.434351236E-2,-2.135110795E-2,3.862085938E-3,2.601003394E-2
9.908528246E1,2.216094732E-4,-4.070539176E-3,1.329656839E-2,1.390744876E-2
9.909527046E1,-2.361982763E-3,5.796929598E-3,7.997821569E-3,1.015620526E-2
9.910525846E1,7.867428660E-3,8.563247323E-3,3.815892935E-3,1.223873675E-2
9.911524646E1,1.063608527E-3,3.790194422E-2,1.499986231E-2,4.077602860E-2
9.912523446E1,-3.598464221E-2,4.667832255E-2,1.800065339E-2,6.162616160E-2
9.913522246E1,-3.220412493E-2,5.321317077E-2,7.177457213E-3,6.261200442E-2
9.914521046E1,-1.942795873E-2,5.135141730E-2,2.672528386E-2,6.106270905E-2
9.915519846E1,-2.011909962E-2,4.056330442E-2,1.261302888E-2,4.700264176E-2
9.916518646E1,-2.985588312E-2,2.997984409E-2,1.015135109E-2,4.351108753E-2
9.917517546E1,-2.736935467E-2,5.314592779E-2,7.168686390E-4,5.978365258E-2
9.918516346E1,-1.200725734E-2,3.840129644E-2,-8.365026712E-3,4.109510274E-2
9.919515146E1,-3.715320826E-3,3.998998493E-2,-5.069535971E-3,4.048089300E-2
9.920513946E1,-1.587957591E-2,1.182073116E-2,-5.230334401E-3,2.047552232E-2
9.921512746E1,-1.960395992E-2,3.923774064E-3,9.840863943E-4,2.001698462E-2
9.922511546E1,-2.016353846E-2,-2.795261443E-3,1.915898681E-2,2.795440118E-2
9.923510346E1,-1.192510396E-2,-2.400632858E-2,1.790534377E-2,3.223527962E-2
9.924509146E1,-8.248082399E-3,-2.549912274E-2,1.397601485E-2,3.022523970E-2
9.925507946E1,-2.061377406E-2,-3.349051237E-2,9.960147142E-3,4.056780289E-2
9.926506746E1,1.944199204E-3,-4.181694746E-2,1.503377616E-2,4.447978677E-2
9.927505546E1,-1.743639708E-3,-5.501703680E-2,1.396081209E-2,5.678748886E-2
9.928504346E1,-8.846837282E-3,-5.636365056E-2,5.028605461E-3,5.727490294E-2
9.929503146E1,-1.587723702E-2,-4.835208803E-2,-3.379690647E-3,5.100424866E-2
9.930501946E1,1.366201937E-2,-4.607576698E-2,-4.121702313E-3,4.823500291E-2
9.931500846E1,2.553128242E-2,-2.818825722E-2,-1.142370522E-2,3.971051836E-2
9.932499646E1,4.083870828E-2,-2.268485785E-2,-4.699524164E-2,6.626428606E-2
9.933498446E1,-2.062079072E-2,-1.644675583E-2,-5.683376670E-2,6.265612360E-2
9.934497246E1,-1.901368350E-2,-9.921555519E-3,-2.905189097E-2,3.611052191E-2
9.935496046E1,5.371544659E-2,2.437119484E-2,-4.990013838E-3,5.919632234E-2
9.936494846E1,3.109432340E-2,-7.049987912E-3,8.655048609E-3,3.303739008E-2
9.937493646E1,4.020370066E-2,1.966710985E-2,4.674264193E-3,4.499979447E-2
9.938492446E1,3.661701858E-2,1.903502584E-2,-3.574344456E-2,5.459608125E-2
9.939491246E1,6.127998948E-2,2.338213831E-2,-5.029657960E-2,8.265414341E-2
9.940490046E1,7.488032073E-2,5.521233380E-2,-3.540606022E-2,9.954422804E-2
9.941488846E1,9.178959131E-2,2.698431551E-2,-2.436300874E-2,9.872709128E-2
9.942487646E1,1.062412772E-1,3.360073239E-2,-2.745560110E-2,1.147607434E-1
9.943486446E1,7.808985740E-2,4.642689228E-2,-1.017883301E-2,9.141712529E-2
9.944485246E1,6.394251913E-2,4.674702734E-2,-9.380103350E-3,7.976162396E-2
9.945484146E1,7.162488341E-2,2.898318619E-2,-1.686103106E-2,7.908503887E-2
9.946482946E1,7.899237514E-2,2.217556536E-2,-2.865369558E-2,8.690561144E-2
9.947481746E1,4.631988823E-2,1.286270499E-2,-1.201602817E-2,4.955165142E-2
9.948480546E1,5.030447334E-2,3.764729798E-3,-3.388753831E-2,6.077070414E-2
9.949479346E1,3.800865591E-2,8.069742322E-3,-2.340465009E-2,4.536029443E-2
9.950478146E1,2.532516807E-2,1.209818155E-2,-1.615644157E-2,3.238457563E-2
9.951476946E1,-5.762723386E-3,2.237700194E-2,-1.199848652E-2,2.603656804E-2
9.952475746E1,-4.791793227E-3,9.577154517E-3,-5.995734930E-3,1.227322322E-2
9.953474546E1,-4.170701981E-2,-2.206388354E-2,2.779064655E-2,5.475956988E-2
9.954473346E1,-5.018899083E-2,-3.973066092E-2,5.883468390E-2,8.694239614E-2
9.955472146E1,-4.960046858E-2,-6.425651461E-2,6.476376057E-2,1.038433957E-1
9.956470946E1,-5.477934748E-2,-6.171209872E-2,4.250224113E-2,9.282025932E-2
9.957469746E1,-3.677577049E-2,-8.785032213E-2,3.958974302E-2,1.031381799E-1
9.958468546E1,-4.161112547E-2,-7.801822901E-2,1.518521905E-2,8.971577731E-2
9.959467446E1,-4.609886348E-2,-4.008909523E-2,1.475778759E-2,6.284928850E-2
9.960466246E1,-3.709473610E-2,-9.507280290E-3,4.277822971E-3,3.853190359E-2
9.961465046E1,-1.597868621E-2,3.575572371E-3,1.326557815E-2,2.107317476E-2
9.962463846E1,-8.163005412E-3,1.358600557E-2,1.441806436E-2,2.142649725E-2
9.963462646E1,-3.845655262E-2,3.293093383E-2,7.038293481E-3,5.111643980E-2
9.964461446E1,-9.173988998E-3,3.345425963E-2,2.228198469E-2,4.122907231E-2
9.965460246E1,2.751114964E-4,2.566693783E-2,8.418236375E-3,2.701359079E-2
9.966459046E1,1.232885420E-2,1.325680733E-2,1.952853084E-2,2.662906501E-2
9.967457846E1,1.582578152E-2,-3.131768703E-3,2.260065794E-2,2.776784247E-2
9.968456646E1,2.817246974E-2,-2.205482036E-2,1.220196962E-2,3.780200014E-2
9.969455446E1,4.151581585E-2,-3.136446476E-2,-4.739168286E-3,5.224703180E-2
9.970454246E1,3.227312207E-2,-3.697252929E-2,-1.916424930E-2,5.268577400E-2
9.971453046E1,5.831895947E-2,-4.428184122E-2,-1.421107292E-2,7.459180310E-2
9.972451846E1,6.421090633E-2,-3.537331581E-2,-4.024697006E-2,8.363091869E-2
9.973450746E1,5.826341093E-2,-3.193369120E-2,-6.384048522E-2,9.214115931E-2
9.974449546E1,7.304254085E-2,-7.860996723E-3,-5.282900870E-2,9.048708307E-2
9.975448346E1,6.017574281E-2,1.766619265E-2,-4.260749102E-2,7.581960614E-2
9.976447146E1,2.468460560E-2,3.708655000E-2,-3.116156638E-2,5.436713312E-2
9.977445946E1,1.692535043E-2,3.666584283E-2,-1.468879044E-2,4.297222454E-2
9.978444746E1,1.539074868E-2,4.131730288E-2,1.509166360E-3,4.411657563E-2
9.979443546E1,1.587519050E-4,4.819684446E-2,-9.135105014E-3,4.905518486E-2
9.980442346E1,1.552143395E-2,3.404102772E-2,2.812978506E-2,4.680802589E-2
9.981441146E1,1.541472226E-2,5.093158722E-2,4.005927444E-3,5.336373013E-2
9.982439946E1,1.553020477E-2,3.765870005E-2,-1.652189255E-2,4.395836534E-2
9.983438746E1,7.868013382E-3,3.291456163E-2,-1.639734685E-2,3.760514573E-2
9.984437546E1,2.037754655E-4,1.762672395E-2,-9.798763990E-3,2.016825965E-2
9.985436371E1,-5.430601537E-3,5.642270744E-3,-6.758796573E-3,1.034446631E-2
9.986435271E1,-9.447931051E-3,-1.569041848E-2,1.729021668E-2,2.518738228E-2
9.987434071E1,-3.440647870E-2,-1.804099917E-2,3.075693905E-2,4.955070865E-2
9.988432871E1,-4.113223851E-2,-3.772243470E-2,3.781920612E-2,6.741761992E-2
9.989431671E1,-3.934182107E-2,-4.017885000E-2,4.849388301E-2,7.425480161E-2
9.990430471E1,-4.255077302E-2,-2.547164083E-2,5.386864364E-2,7.322023996E-2
9.991429271E1,-2.808300734E-2,-3.931024611E-2,3.942368209E-2,6.235525206E-2
9.992428071E1,-3.373171002E-2,-3.180826843E-2,3.253215373E-2,5.663863723E-2
9.993426871E1,-1.472972095E-2,-3.339578748E-2,3.308354616E-3,3.664953630E-2
9.994425671E1,2.000917196E-3,-1.267676353E-2,1.376142204E-2,1.881703324E-2
9.995424471E1,5.456621647E-3,2.051612556E-2,-8.642769456E-3,2.292124760E-2
9.996423271E1,2.017464817E-2,3.910383940E-2,-2.415484786E-2,5.019545158E-2
9.997422071E1,7.642457038E-2,5.315528333E-2,-8.516469598E-3,9.348117114E-2
9.998420871E1,9.621417940E-2,5.947758526E-2,-1.720367789E-2,1.144146756E-1
9.999419671E1,1.042964932E-1,4.156405538E-2,-3.985637605E-2,1.191379869E-1
1.000041857E2,9.356948376E-2,4.748523831E-2,-4.679643631E-2,1.148912642E-1
1.000141737E2,9.288272828E-2,2.438405871E-2,-5.882357419E-2,1.126143704E-1
1.000241617E2,9.060319126E-2,-1.379825950E-2,-3.838346243E-2,9.936106088E-2
1.000341497E2,8.813537389E-2,-3.306015730E-3,-4.313900292E-2,9.818221552E-2
1.000441377E2,1.077712011E-1,2.455830574E-4,-3.367879272E-2,1.129112624E-1
1.000541257E2,1.101992574E-1,-5.033867955E-3,-2.735970676E-2,1.136563668E-1
1.000641137E2,4.624475151E-2,-3.660064638E-2,-3.781335890E-2,7.005736556E-2
1.000741017E2,4.711774081E-2,-9.121217877E-2,-2.117627621E-2,1.048245092E-1
1.000840897E2,5.922060013E-2,-6.538473487E-2,-3.227487624E-2,9.393567304E-2
1.000940777E2,2.313187748E-2,-5.184609175E-2,-4.053465307E-2,6.975786038E-2
1.001040657E2,9.907229841E-3,-6.596039325E-2,-2.083830714E-2,6.987962311E-2
1.001140537E2,-1.748960674E-2,-5.574326098E-2,-2.409871459E-2,6.319767032E-2
1.001240417E2,-4.193184525E-2,-5.126049310E-2,-7.827082872E-3,6.668718786E-2
1.001340297E2,-5.168383151E-2,-1.691716433E-2,1.955367386E-2,5.779061386E-2
1.001440187E2,-9.076165080E-2,-1.673326939E-2,3.350162208E-2,9.818369642E-2
1.001540067E2,-9.060085237E-2,-1.592109114E-2,7.081153572E-2,1.160873343E-1
1.001639947E2,-8.689693362E-2,-9.929741621E-3,6.822589695E-2,1.109254247E-1
1.001739827E2,-1.010521656E-1,4.791208506E-3,6.261432409E-2,1.189749950E-1
1.001839707E2,-7.854944855E-2,1.480631948E-2,3.174921155E-2,8.600729852E-2
1.001939587E2,-7.243092209E-2,3.103321999E-2,2.646917582E-2,8.312590743E-2
1.002039467E2,-7.470168829E-2,5.136486590E-2,5.594498992E-2,1.065294963E-1
1.002139347E2,-9.226146162E-2,6.453162611E-2,7.578225374E-2,1.357183040E-1
1.002239227E2,-9.960234851E-2,6.043535918E-2,8.134587944E-2,1.420922678E-1
1.002339107E2,-8.726384640E-2,6.731373131E-2,9.056986213E-2,1.426499816E-1
1.002438987E2,-8.661129713E-2,8.043985337E-2,9.245149612E-2,1.500645392E-1
1.002538867E2,-9.536721021E-2,6.398725033E-2,6.261140049E-2,1.308031363E-1
1.002638747E2,-1.048569489E-1,3.769173682E-2,5.740562439E-2,1.253437372E-1
1.002738627E2,-5.045650095E-2,3.153988123E-2,4.978670239E-2,7.758439489E-2
1.002838517E2,-1.891048014E-2,2.876888573E-2,1.607750416E-2,3.799659439E-2
1.002938397E2,2.703752518E-2,4.156873316E-2,-1.023788989E-2,5.063399780E-2
1.003038277E2,7.085188150E-2,2.599642843E-2,-5.617010772E-2,9.407913905E-2
1.003138157E2,6.892756283E-2,5.272141993E-3,-6.525960445E-2,9.506639981E-2
1.003238037E2,1.058600387E-1,1.227798343E-2,-5.042112529E-2,1.178956596E-1
1.003337917E2,1.156397992E-1,-6.786863208E-3,-4.140179515E-2,1.230151752E-1
1.003437797E2,1.148515946E-1,-2.037842363E-2,-4.352374971E-2,1.245009466E-1
1.003537677E2,1.222752196E-1,-3.384076059E-2,-5.140170336E-2,1.368888655E-1
1.003637557E2,1.261557242E-1,-5.452148527E-2,-6.059586525E-2,1.501989281E-1
1.003737437E2,1.355109769E-1,-4.864854187E-2,-7.369187415E-2,1.617417627E-1
1.003837317E2,1.403059861E-1,-4.943470001E-2,-1.022104990E-1,1.804897377E-1
1.003937197E2,1.409559041E-1,-4.404064357E-2,-9.630539596E-2,1.763033593E-1
1.004037077E2,1.452386972E-1,-4.624328971E-2,-9.572184384E-2,1.799872007E-1
1.004136967E2,1.363576537E-1,-4.028029919E-2,-9.608787954E-2,1.716065058E-1
1.004236847E2,1.266682327E-1,-9.757248759E-3,-6.108937025E-2,1.409679262E-1
1.004336727E2,1.097750419E-1,-1.001511097E-2,-4.394065619E-2,1.186661011E-1
1.004436607E2,8.323102176E-2,1.503933102E-2,-4.081707358E-2,9.391282105E-2
1.004536487E2,4.971712053E-2,2.221094102E-2,-1.523024261E-2,5.654271186E-2
1.004636367E2,-4.981535375E-3,3.926288366E-2,8.079682589E-3,4.039394755E-2
1.004736247E2,-1.872629285E-2,3.420211852E-2,1.684231997E-2,4.247496553E-2
1.004836127E2,-5.597773433E-2,3.597967207E-2,3.358699143E-2,7.453944953E-2
1.004936007E2,-5.565379858E-2,4.045776218E-2,5.212851226E-2,8.632240502E-2
1.005035887E2,-6.959063709E-2,3.058970869E-2,6.142383099E-2,9.773164309E-2
1.005135767E2,-9.031843185E-2,3.873897314E-2,7.945196629E-2,1.263754016E-1
1.005235647E2,-9.864779055E-2,2.024920017E-2,7.840472996E-2,1.276272634E-1
1.005335527E2,-1.059585643E-1,-5.320966244E-4,7.810535252E-2,1.316356584E-1
1.005435417E2,-1.134172726E-1,-2.645631194E-2,5.982169390E-2,1.309276488E-1
1.005535297E2,-1.046081498E-1,-2.766493142E-2,5.370316744E-2,1.207983594E-1
1.005635177E2,-8.977376372E-2,-3.260875225E-2,6.432697356E-2,1.151547607E-1
1.005735057E2,-8.328540087E-2,-1.867279083E-2,5.240567029E-2,1.001573032E-1
1.005834937E2,-6.850130081E-2,-7.785860002E-3,5.231737733E-2,8.654568620E-2
1.005934817E2,-5.063864172E-2,-3.353436649E-2,3.132762730E-2,6.833919814E-2
1.006034697E2,-3.452196121E-2,-4.006775290E-2,3.159309089E-2,6.160611999E-2
1.006134577E2,-2.104588330E-2,-4.016393960E-2,1.296912432E-2,4.716216103E-2
1.006234457E2,-5.844292045E-4,-3.810104191E-2,-2.602595687E-3,3.819429875E-2
1.006334337E2,3.709122777E-2,-2.364146233E-2,-1.144475520E-2,4.544953619E-2
1.006434217E2,4.308462381E-2,-2.357948184E-2,-4.449731112E-3,4.931609149E-2
1.006534097E2,3.180037469E-2,8.264162242E-3,-2.583709180E-2,4.179851099E-2
1.006633977E2,5.701298386E-2,2.585463345E-2,-2.567687809E-2,6.766272584E-2
1.006733867E2,8.083161682E-2,3.054614693E-2,-2.572833359E-2,9.015966126E-2
1.006833747E2,7.089719743E-2,4.783431709E-2,-4.608716905E-2,9.715226011E-2
1.006933627E2,6.456495523E-2,5.348506629E-2,-4.555741131E-2,9.541888433E-2
1.007033507E2,6.022047400E-2,3.902256310E-2,-3.849163592E-2,8.143016613E-2
1.007133387E2,6.680414647E-2,3.634103000E-2,-3.429333508E-2,8.342360144E-2
1.007233267E2,7.327409059E-2,3.141036540E-2,-4.544689894E-2,9.176668257E-2
1.007333147E2,5.994010001E-2,1.816612959E-2,-6.088354826E-2,8.734775499E-2
1.007433027E2,5.883176029E-2,1.122343808E-2,-3.504002452E-2,6.938980400E-2
1.007532907E2,6.463249058E-2,3.047510326E-2,-2.627446353E-2,7.613434304E-2
1.007632787E2,1.016257775E-1,1.317757756E-2,-2.794969082E-2,1.062197365E-1
1.007732667E2,8.981820256E-2,-1.429907352E-2,-4.257825494E-2,1.004225115E-1
1.007832547E2,8.451594740E-2,-2.665394783E-2,-5.125376880E-2,1.023734688E-1
1.007932427E2,5.120114386E-2,-3.727366090E-2,-5.164728642E-2,8.172102008E-2
1.008032317E2,2.956498414E-2,-7.345915496E-2,-2.419110060E-2,8.279821908E-2
1.008132197E2,1.806555748E-2,-6.976926953E-2,-1.046651602E-2,7.282625416E-2
1.008232077E2,-1.451571286E-2,-6.324553102E-2,-7.993143797E-3,6.538037520E-2
1.008331957E2,3.897461593E-3,-3.614163995E-2,1.490162909E-2,3.928698123E-2
1.008431837E2,-1.095855922E-2,-1.287703067E-2,3.133230507E-2,3.560366948E-2
1.008531716E2,-4.699114859E-2,-1.260952055E-3,3.935702384E-2,6.130850978E-2
1.008631596E2,-5.923551053E-2,-3.308354616E-3,3.456932366E-2,6.866461284E-2
1.008731476E2,-6.317331791E-2,1.601669312E-2,3.197023630E-2,7.259131190E-2
1.008831356E2,-6.532918632E-2,2.700711966E-2,3.247192740E-2,7.779275780E-2
1.008931236E2,-6.168432444E-2,3.473538458E-2,1.152837038E-2,7.172451567E-2
1.009031116E2,-3.237515599E-2,4.047559619E-2,1.949812531E-2,5.537690406E-2
1.009130996E2,-3.463715136E-2,5.462731987E-2,2.223579168E-2,6.839814882E-2
1.009230876E2,-2.270123005E-2,5.102104962E-2,3.721284986E-2,6.710655366E-2
1.009330766E2,-7.994313240E-3,3.103263527E-2,3.460791528E-2,4.716610325E-2
1.009430646E2,-1.579713017E-2,3.250028640E-2,1.873564839E-2,4.070432972E-2
1.009530526E2,1.216103911E-2,1.819975108E-2,-1.862338185E-3,2.196793379E-2
1.009630406E2,2.530119449E-2,2.052665055E-3,-1.851462364E-2,3.141902553E-2
1.009730286E2,4.610120237E-2,-8.837481737E-3,-2.297078669E-2,5.225972622E-2
1.009830166E2,5.803770840E-2,-3.017806470E-2,-1.182891726E-2,6.647566825E-2
1.009930046E2,5.462702751E-2,-4.330389440E-2,-2.819585860E-2,7.519538448E-2
1.010029926E2,4.746155709E-2,-3.155449927E-2,-4.155440748E-2,7.053406699E-2
1.010129806E2,6.738243610E-2,-2.218696743E-2,-6.231143832E-2,9.442123471E-2
1.010229686E2,5.631891936E-2,1.312115192E-3,-3.417229772E-2,6.588845313E-2
1.010329566E2,5.855752587E-2,2.569032669E-2,-1.905432165E-2,6.672363820E-2
1.010429446E2,5.643907964E-2,1.272851139E-2,-8.303046227E-3,5.844933952E-2
1.010529326E2,6.637993097E-2,-1.897099882E-2,-1.115064025E-2,6.993233022E-2
1.010629216E2,2.609846234E-2,-3.224388599E-2,-1.567638516E-2,4.434576612E-2
1.010729096E2,1.522264123E-2,-1.840849668E-2,-1.319014907E-2,2.728702234E-2
1.010828976E2,-1.362167358E-2,-2.443873018E-2,-1.951683640E-2,3.411317088E-2
1.010928856E2,-1.110240072E-2,-2.248576015E-2,-8.417066932E-3,2.645221592E-2
1.011028736E2,-3.824985355E-2,-1.518960446E-2,3.530197978E-2,5.422181440E-2
1.011128616E2,-4.454028815E-2,-1.028057456E-2,4.950369716E-2,6.738058707E-2
1.011228496E2,-7.697040796E-2,-4.841494560E-4,6.326804280E-2,9.963695772E-2
1.011328376E2,-1.004931718E-1,1.352431744E-2,6.922401667E-2,1.227751979E-1
1.011428256E2,-9.144138962E-2,2.567336977E-2,3.879335225E-2,1.025942193E-1
1.011528136E2,-1.012319675E-1,3.504967242E-2,3.488273442E-2,1.126640845E-1
1.011628016E2,-9.500965297E-2,4.428856552E-2,3.628840506E-2,1.109286236E-1
1.011727896E2,-7.910084099E-2,3.633284390E-2,5.172973216E-2,1.012570184E-1
1.011827786E2,-3.745287806E-2,3.313120097E-2,4.223970115E-2,6.545675600E-2
1.011927666E2,1.047821045E-2,2.469454587E-2,2.992195666E-2,4.018627850E-2
1.012027546E2,3.974703312E-2,4.413069069E-2,-1.391637325E-4,5.939161447E-2
1.012127426E2,4.402544081E-2,2.765674531E-2,-1.119157076E-2,5.318257474E-2
1.012227306E2,4.134507716E-2,4.920431972E-3,-3.769232154E-2,5.616348599E-2
1.012327186E2,6.187289715E-2,-2.299125195E-3,-4.140062571E-2,7.448189838E-2
1.012427066E2,6.908222169E-2,-5.082399845E-3,-5.538482666E-2,8.868857404E-2
1.012526946E2,7.580125719E-2,-3.823903620E-2,-4.576440275E-2,9.644913188E-2
1.012626826E2,1.047394198E-1,-2.776082575E-2,-3.665970325E-2,1.143894372E-1
1.012726706E2,1.181435770E-1,-3.477953106E-2,-4.918268502E-2,1.326139399E-1
1.012826586E2,1.026174653E-1,-5.523923099E-2,-3.711929440E-2,1.223092753E-1
1.012926466E2,1.123688668E-1,-3.960056037E-2,-7.255400598E-2,1.394957003E-1
1.013026356E2,1.027069277E-1,-3.011228353E-2,-1.074209529E-1,1.516401125E-1
1.013126236E2,8.774682641E-2,-2.841805279E-2,-5.927088618E-2,1.096363499E-1
1.013226116E2,6.842528701E-2,-1.312027484E-2,-4.629591465E-2,8.365090094E-2
1.013325996E2,4.899440467E-2,3.087329865E-3,-4.157019496E-2,6.432778874E-2
1.013425876E2,4.424295723E-2,1.013556361E-2,-2.160136878E-2,5.026716670E-2
1.013525756E2,3.010965228E-2,2.117452204E-2,-1.230546534E-2,3.881206026E-2
1.013625636E2,-3.158081174E-3,7.812464833E-3,-1.050335348E-2,1.346582778E-2
1.013725516E2,-1.196281850E-2,7.713354528E-3,1.263583302E-3,1.428990929E-2
1.013825396E2,1.234347224E-3,-3.702749312E-3,3.641996741E-2,3.662851337E-2
1.013925276E2,-1.626169145E-2,-9.106453657E-3,2.069154203E-2,2.784798051E-2
1.014025156E2,-2.876830101E-2,-1.584946275E-2,2.725036383E-2,4.267789757E-2
1.014125036E2,-3.160566241E-2,5.779972672E-4,2.072194755E-2,3.779750107E-2
1.014224916E2,-5.619583547E-2,-1.908238828E-2,4.467506647E-2,7.428304673E-2
1.014324806E2,-7.310890675E-2,-1.419353127E-2,4.398801863E-2,8.649459150E-2
1.014424686E2,-9.069586962E-2,5.094971359E-3,4.956743181E-2,1.034825096E-1
1.014524566E2,-8.811841697E-2,-9.539439976E-3,8.288603604E-2,1.213505307E-1
1.014624446E2,-8.987579763E-2,4.093050957E-5,7.337320089E-2,1.160227878E-1
1.014724326E2,-6.749908805E-2,9.969502687E-4,5.489482999E-2,8.700898320E-2
1.014824206E2,-3.730201989E-2,1.398449332E-2,3.149134934E-2,5.078101835E-2
1.014924086E2,1.081471771E-2,1.351262301E-2,1.679963529E-2,2.412005070E-2
1.015023966E2,3.699416399E-2,2.708196402E-2,-1.553722143E-2,4.840874089E-2
1.015123846E2,3.541190743E-2,4.287938654E-2,-2.121369839E-2,5.952029887E-2
1.015223726E2,7.836584598E-2,3.115571916E-2,-1.502149701E-2,8.565938375E-2
1.015323606E2,6.437521309E-2,2.271321684E-2,-3.230879009E-2,7.552427554E-2
1.015423496E2,7.032826334E-2,1.568164766E-2,-2.055062413E-2,7.492867842E-2
1.015523376E2,6.314466655E-2,7.902804315E-3,-1.675051868E-2,6.580488664E-2
1.015623256E2,3.455178201E-2,5.486734807E-3,-2.261644542E-2,4.165853457E-2
1.015723136E2,3.170331091E-2,-3.590190411E-4,-1.799656034E-2,3.645689237E-2
1.015823016E2,3.227312207E-2,-2.651683062E-2,-1.431281447E-2,4.415374698E-2
1.015922896E2,2.975501865E-2,7.165762782E-3,-6.623141170E-3,3.131413882E-2
1.016022776E2,-6.160626411E-3,-5.991349518E-3,-1.493495822E-2,1.723086080E-2
1.016122656E2,-1.470253140E-2,-1.518492669E-2,-7.338840365E-3,2.237420403E-2
1.016222536E2,-1.307934433E-2,-1.455488920E-2,1.543021739E-2,2.491998508E-2
1.016322416E2,-2.014073431E-2,-1.412628829E-2,2.848178744E-3,2.476516347E-2
1.016422296E2,-2.168147564E-3,1.137692750E-2,2.157037854E-2,2.448298539E-2
1.016522176E2,-8.526409864E-3,-5.127131045E-3,5.187065005E-3,1.122019524E-2
1.016622056E2,-5.406043231E-3,1.437947273E-2,7.761594057E-3,1.721153339E-2
1.016721946E2,1.453033090E-2,-2.163762152E-3,-4.635672569E-3,1.540460460E-2
1.016821826E2,2.853967488E-2,-1.911103964E-2,-1.225284040E-2,3.646747833E-2
1.016921706E2,4.353982955E-2,-2.642415226E-2,-2.782689929E-2,5.803696153E-2
1.017021586E2,5.561783820E-2,-2.018751204E-2,-3.815600574E-2,7.040426367E-2
1.017121466E2,6.812415540E-2,-3.867056072E-3,-3.436934888E-2,7.640096082E-2
1.017221346E2,6.159515440E-2,-7.813049555E-3,-4.833542347E-2,7.868494107E-2
1.017321226E2,6.410477936E-2,-1.555242419E-2,-4.671632946E-2,8.083140524E-2
1.017421106E2,7.113137841E-2,-2.491790950E-2,-3.200356543E-2,8.188286395E-2
1.017520986E2,7.670231313E-2,-2.181420743E-2,-1.436543941E-2,8.102758996E-2
1.017620866E2,5.997898400E-2,-1.464785993E-2,-3.623987317E-2,7.159166662E-2
1.017720746E2,5.454516649E-2,-1.808309913E-2,-5.640691996E-2,8.052275629E-2
1.017820636E2,4.833249986E-2,-1.154035717E-2,-3.677313924E-2,6.181807305E-2
1.017920516E2,2.396247447E-2,7.037708759E-3,-1.619210958E-2,2.976430647E-2
1.018020396E2,2.398410916E-2,1.877482474E-2,3.515930772E-3,3.066094104E-2
1.018120276E2,1.332463503E-2,2.049507558E-2,1.480515003E-3,2.449052769E-2
1.018220156E2,1.809713244E-2,1.110912502E-2,6.233131886E-3,2.213076579E-2
1.018320036E2,1.265249759E-2,-8.741587400E-5,2.911153257E-2,3.174231663E-2
1.018419916E2,1.367079020E-3,2.583592236E-3,4.737998843E-3,5.567089628E-3
1.018519798E2,-7.169563472E-3,9.414894283E-3,2.704337239E-3,1.213904093E-2
1.018619678E2,-1.233236253E-2,2.895248830E-3,-3.537565470E-4,1.267259938E-2
1.018719558E2,-3.741896421E-2,-1.964196682E-2,2.495591640E-2,4.907935927E-2
1.018819438E2,-6.763065040E-2,3.306015730E-3,4.562816262E-2,8.165025314E-2
1.018919328E2,-7.783871949E-2,-1.486186802E-2,3.865594268E-2,8.817042178E-2
1.019019208E2,-6.823788375E-2,-1.750480950E-2,5.184316814E-2,8.746737230E-2
1.019119088E2,-6.196177483E-2,-1.009755671E-2,3.676787674E-2,7.275368686E-2
1.019218968E2,-6.107767582E-2,-7.355504930E-3,3.829633892E-2,7.246513307E-2
1.019318848E2,-7.804804981E-2,-6.461758018E-3,6.489473820E-2,1.017083057E-1
1.019418728E2,-9.003454953E-2,7.907482088E-3,3.653515756E-2,9.748623555E-2
1.019518608E2,-5.657239616E-2,2.064827263E-2,2.857300401E-2,6.665736064E-2
1.019618488E2,-4.105797887E-2,3.190942526E-2,3.168956995E-2,6.089497428E-2
1.019718368E2,-1.242621034E-2,2.680743724E-2,2.927116156E-3,2.969204277E-2
1.019818248E2,1.022765726E-2,3.828756809E-3,1.013439417E-2,1.489866762E-2
1.019918128E2,5.259541243E-2,1.278639883E-2,-1.373686373E-2,5.584327022E-2
1.020018008E2,8.205982447E-2,1.340181828E-3,-5.221563578E-2,9.727324143E-2
1.020117898E2,8.953373551E-2,-1.443502128E-2,-8.605581164E-2,1.250210476E-1
1.020217778E2,1.356720677E-1,4.977734685E-3,-7.448417187E-2,1.548534134E-1
1.020317658E2,1.396674702E-1,1.306969643E-2,-6.383288383E-2,1.541183190E-1
1.020417538E2,1.153822294E-1,2.040268958E-2,-7.154185295E-2,1.372864353E-1
1.020517418E2,1.093090189E-1,2.498749137E-2,-5.934163749E-2,1.268631793E-1
1.020617298E2,9.235326290E-2,4.631871879E-3,-4.983231068E-2,1.050420801E-1
1.020717178E2,6.318939775E-2,-1.001452625E-2,-3.068618774E-2,7.095655602E-2
1.020817058E2,4.369595021E-2,-1.846492231E-2,-9.832677841E-3,4.844554648E-2
1.020916938E2,4.417659134E-2,-2.317865521E-2,-1.745276928E-2,5.285281861E-2
1.021016818E2,3.139340848E-2,-1.824038923E-3,-9.819229245E-3,3.294374716E-2
1.021116698E2,-5.301962793E-3,-1.489812076E-2,8.422914147E-3,1.791676015E-2
1.021216588E2,-2.469659239E-2,-3.231171370E-2,2.587626815E-2,4.820321328E-2
1.021316468E2,-4.946569026E-2,-1.688471228E-2,4.679409742E-2,7.015436961E-2
1.021416348E2,-5.057315290E-2,-7.779720426E-3,1.140557885E-2,5.242380254E-2
1.021516228E2,-2.818241000E-2,1.116291940E-2,2.798477411E-3,3.044159127E-2
1.021616108E2,-3.895064235E-2,2.294798255E-2,1.385029972E-2,4.728206049E-2
1.021715988E2,-5.473227739E-2,-2.043017149E-3,3.783850193E-2,6.656987559E-2
1.021815868E2,-3.771044791E-2,-1.109713823E-2,3.722688317E-2,5.413931279E-2
1.021915748E2,-1.002914429E-2,4.103575945E-3,7.866259217E-3,1.339033624E-2
1.022015628E2,-1.867132902E-2,4.160293937E-3,1.185230613E-2,2.250341604E-2
1.022115508E2,7.558110952E-3,5.073921382E-3,-5.216885805E-3,1.049216931E-2
1.022215388E2,1.232914656E-2,-2.345902920E-3,-1.953788638E-2,2.322154430E-2
1.022315278E2,3.074933767E-2,2.238138735E-2,-3.142176747E-2,4.933331266E-2
1.022415158E2,3.593815684E-2,2.126223028E-2,-2.747021914E-2,4.998246185E-2
1.022515038E2,3.215091527E-2,4.091881514E-3,-3.072945714E-2,4.466233741E-2
1.022614918E2,3.444214672E-2,-6.446262896E-3,-1.201076567E-2,3.704152086E-2
1.022714798E2,2.297458738E-2,-2.103535831E-2,-1.051095486E-2,3.287549447E-2
1.022814678E2,1.363161385E-2,-9.435944259E-3,1.170729518E-2,2.029578037E-2
1.022914558E2,1.711012244E-2,-1.165671676E-2,-4.309982657E-3,2.114737067E-2
1.023014438E2,3.740639269E-2,5.856863558E-3,-1.931510746E-2,4.250428733E-2
1.023114318E2,1.477386743E-2,8.240481019E-3,-4.271858811E-2,4.594616912E-2
1.023214198E2,3.345192075E-2,2.864492476E-2,-2.911796451E-2,5.279600907E-2
1.023314078E2,1.152515441E-2,3.333497643E-2,-3.975521922E-3,3.549443073E-2
1.023413968E2,-1.610323191E-3,1.730863541E-2,-1.290129662E-2,2.164775866E-2
1.023513848E2,8.912618458E-3,1.241656244E-3,8.990678787E-3,1.272040813E-2
1.023613728E2,1.877190113E-2,-6.784524322E-3,1.217858076E-2,2.338229825E-2
1.023713608E2,1.198971570E-2,-1.500746369E-2,7.636463642E-4,1.922395393E-2
1.023813488E2,-8.001914620E-3,-1.639559269E-2,1.324394345E-3,1.829207800E-2
1.023913368E2,7.020167112E-3,-1.208356351E-2,-7.233005762E-3,1.573568002E-2
1.024013248E2,1.038436264E-2,-1.563048452E-2,1.993198872E-2,2.737574123E-2
1.024113128E2,1.274546832E-2,-3.194567800E-2,2.497170389E-2,4.250363867E-2
1.024213008E2,1.216659397E-2,-7.853980064E-3,-6.171736121E-3,1.574170697E-2
1.024312888E2,3.040902972E-2,-1.588922381E-2,-4.258000910E-2,5.468302934E-2
1.024412768E2,1.298198819E-2,2.635837108E-2,-2.493954420E-2,3.853928656E-2
1.024512658E2,6.337212324E-3,6.399251282E-2,-2.954013348E-3,6.437334970E-2
1.024612538E2,-8.757374883E-3,6.167993903E-2,3.953302503E-3,6.242383435E-2
1.024712418E2,-1.083781421E-2,5.390840471E-2,4.368688703E-2,7.022904252E-2
1.024812298E2,-2.884109885E-2,3.716577977E-2,6.541864872E-2,8.057731547E-2
1.024912178E2,-1.936510116E-2,2.903259516E-2,3.881147861E-2,5.219415290E-2
1.025012058E2,-3.404745966E-2,3.522538126E-2,3.772915900E-2,6.183483187E-2
1.025111938E2,-1.103428066E-2,1.779483140E-2,3.278241456E-2,3.889856139E-2
1.025211818E2,-6.374049783E-3,9.207318127E-3,1.306560338E-2,1.720794030E-2
1.025311698E2,1.946391910E-2,-1.392338991E-2,-1.613188326E-2,2.886074481E-2
1.025411578E2,6.711843431E-2,-3.774348468E-2,-2.828941405E-2,8.203502793E-2
1.025511458E2,7.166376740E-2,-4.940984935E-2,-3.482016921E-2,9.375218906E-2
1.025611348E2,7.828573912E-2,-2.492668033E-3,-2.807716012E-2,8.320575259E-2
1.025711228E2,9.934419394E-2,-1.267647117E-2,-3.660473943E-2,1.066295866E-1
1.025811108E2,8.763777584E-2,-1.871284425E-2,-1.696043372E-2,9.120420279E-2
1.025910988E2,8.659521729E-2,-1.569392681E-2,-3.195620298E-2,9.362814697E-2
1.026010868E2,1.129246446E-1,7.725633681E-3,-2.200190306E-2,1.153071746E-1
1.026110748E2,9.880771190E-2,2.080614746E-2,4.791793227E-3,1.010881842E-1
1.026210628E2,6.740933329E-2,1.649850368E-2,1.624941230E-2,7.127595835E-2
1.026310508E2,3.655152977E-2,1.860350132E-2,4.800505579E-2,6.313944861E-2
1.026410388E2,5.627155691E-2,-3.587120622E-2,5.686358750E-2,8.767382241E-2
1.026510268E2,3.023039728E-2,-6.352824390E-2,4.813427925E-2,8.524449268E-2
1.026610148E2,9.478336573E-4,-8.888761818E-2,1.104363620E-2,8.957605124E-2
1.026710038E2,-2.986114562E-2,-7.688796222E-2,-3.316774607E-2,8.890189048E-2
1.026809918E2,-3.734558165E-2,1.345912099E-2,-7.852050483E-2,8.798471507E-2
1.026909798E2,-3.276399583E-2,9.374665439E-2,-1.091224927E-1,1.475453593E-1
1.027009678E2,6.509705186E-3,1.061097148E-1,-1.006931466E-1,1.464266288E-1
1.027109558E2,6.615715206E-2,1.209987724E-1,-6.496841311E-2,1.524413539E-1
1.027209438E2,1.129699606E-1,8.574766338E-2,-2.371747613E-2,1.437963575E-1
1.027309318E2,1.538893604E-1,2.932963371E-2,-8.782517910E-4,1.566618460E-1
1.027409198E2,1.098019391E-1,9.481844902E-3,-8.032320142E-3,1.105028931E-1
1.027509078E2,1.097268024E-1,-8.122951984E-3,-1.562609911E-2,1.111311320E-1
1.027608958E2,6.798002154E-2,-2.783800900E-2,-2.057752132E-2,7.628677773E-2
1.027708838E2,5.549066126E-2,-4.402193248E-2,-3.126740098E-2,7.742605757E-2
1.027808728E2,5.382245064E-2,-4.819158196E-2,-4.330447912E-2,8.422922698E-2
1.027908608E2,-1.456892252E-2,-3.534700334E-2,-4.244026065E-2,5.712127338E-2
1.028008488E2,-5.019454569E-2,-2.468051255E-2,-4.482066214E-2,7.167643874E-2
1.028108368E2,-8.428147405E-2,6.004213393E-3,-2.074299753E-2,8.700396194E-2
1.028208248E2,-1.216904980E-1,1.735044301E-2,2.707319319E-2,1.258672831E-1
1.028308128E2,-1.743549076E-1,-3.298706710E-3,8.688787043E-2,1.948333064E-1
1.028408008E2,-1.900909343E-1,-2.235127419E-2,1.116052204E-1,2.215623344E-1
1.028507881E2,-2.076471993E-1,-2.257346839E-2,1.579566836E-1,2.618725544E-1
1.028607761E2,-2.067514059E-1,-2.101927847E-2,1.771829134E-1,2.730965740E-1
1.028707641E2,-1.624625480E-1,-2.064710319E-2,1.379720700E-1,2.141417159E-1
1.028807531E2,-1.042535162E-1,-1.178038538E-2,5.734715223E-2,1.195670063E-1
1.028907411E2,-9.270234168E-2,-2.227555275E-2,2.158265769E-2,9.775344247E-2
1.029007291E2,-6.640010387E-2,-3.194743216E-2,-1.493963599E-2,7.518513775E-2
1.029107171E2,-6.790985495E-2,-1.122051448E-2,-8.749188781E-3,6.938441214E-2
1.029207051E2,-8.105147213E-2,2.795553803E-3,-8.862040043E-3,8.158242463E-2
1.029306931E2,-8.764099181E-2,-2.594409585E-3,4.317584038E-3,8.778562489E-2
1.029406811E2,-9.243366212E-2,-1.490630686E-2,5.220628023E-2,1.071992331E-1
1.029506691E2,-8.224225760E-2,-2.671300471E-2,7.026248217E-2,1.114189838E-1
1.029606571E2,-5.002146810E-2,-3.462750345E-2,6.354461610E-2,8.797232237E-2
1.029706451E2,-3.390420288E-2,1.114011526E-2,5.092690945E-2,6.218639117E-2
1.029806331E2,-1.934492826E-2,2.790115893E-2,1.620555818E-2,3.762075272E-2
1.029906221E2,8.446303010E-3,3.781628251E-2,-3.976106644E-5,3.874806883E-2
1.030006101E2,4.863041550E-2,6.662346750E-2,-4.207656384E-3,8.259121083E-2
1.030105981E2,6.444245607E-2,4.130648553E-2,-2.382155657E-3,7.658152882E-2
1.030205861E2,8.904344648E-2,1.878418028E-2,-1.500863314E-2,9.223253146E-2
1.030305741E2,1.036571002E-1,-4.957854152E-3,-4.765480757E-3,1.038849582E-1
1.030405621E2,1.021841866E-1,-2.998919964E-2,-5.836690664E-3,1.066537718E-1
1.030505501E2,1.387801552E-1,-5.327749014E-2,-1.376609981E-2,1.492914195E-1
1.030605381E2,1.316219938E-1,-6.756399214E-2,-2.105523884E-2,1.494408424E-1
1.030705261E2,1.463943994E-1,-6.248334646E-2,-6.846680224E-2,1.732720167E-1
1.030805141E2,1.604323947E-1,-3.976515949E-2,-1.184382766E-1,2.033407155E-1
1.030905031E2,1.584133512E-1,-1.244375199E-2,-1.495454639E-1,2.182051387E-1
1.031004911E2,1.539817464E-1,-1.673823953E-2,-1.642740154E-1,2.257797578E-1
1.031104791E2,1.660656023E-1,-2.422413737E-2,-1.545851791E-1,2.281691712E-1
1.031204671E2,1.783763301E-1,-9.140952229E-3,-1.216782188E-1,2.161186274E-1
1.031304551E2,1.701773643E-1,9.044473171E-3,-1.039769429E-1,1.996330195E-1
1.031404431E2,1.420294529E-1,2.688812882E-2,-8.582660079E-2,1.681116961E-1
1.031504311E2,1.213674393E-1,4.254434109E-3,-6.738857567E-2,1.388861968E-1
1.031604191E2,9.190887451E-2,2.783859372E-2,-7.426607072E-2,1.213988376E-1
1.031704071E2,6.506956995E-2,4.276945889E-2,-6.985434651E-2,1.046083423E-1
1.031803951E2,4.368717939E-2,5.649375111E-2,-6.204012752E-2,9.459963520E-2
1.031903841E2,2.113242209E-2,6.718743145E-2,-3.966868043E-2,8.083523004E-2
1.032003721E2,1.677653879E-2,6.926465482E-2,-9.452024102E-3,7.189148364E-2
1.032103601E2,1.986299157E-2,4.575797081E-2,2.566576838E-2,5.609868085E-2
1.032203481E2,1.900725156E-2,3.642522991E-2,1.034840226E-2,4.236935703E-2
1.032303361E2,3.818407238E-2,5.296437174E-2,1.857660413E-3,6.531997366E-2
1.032403241E2,3.895736665E-2,2.210656822E-2,2.924075603E-2,5.349204228E-2
1.032503121E2,2.948926270E-2,-4.515658468E-2,5.656128645E-2,7.815313736E-2
1.032603001E2,-3.319815159E-2,-1.274497131E-1,7.747034490E-2,1.527979089E-1
1.032702881E2,-5.354997039E-2,-1.601616687E-1,5.733019531E-2,1.783426778E-1
1.032802761E2,-9.366771698E-2,-1.730772910E-1,2.487347066E-2,1.983635032E-1
1.032902641E2,-1.543562606E-1,-9.157821447E-2,4.901311576E-2,1.860502891E-1
1.033002531E2,-2.241556433E-1,6.291311681E-3,7.593311191E-2,2.367512841E-1
1.033102411E2,-2.922847688E-1,4.584275544E-2,1.269576699E-1,3.219475023E-1
1.033202291E2,-3.109598985E-1,9.106278241E-2,1.833119649E-1,3.722791497E-1
1.033302171E2,-3.046364272E-1,1.095838380E-1,2.472623777E-1,4.073704134E-1
1.033402051E2,-2.863945761E-1,6.249621034E-2,2.875520325E-1,4.106261084E-1
1.033501931E2,-2.350077832E-1,4.352316499E-2,2.560162443E-1,3.502388348E-1
1.033601811E2,-1.828640682E-1,5.191391945E-2,1.722127801E-1,2.564986629E-1
1.033701691E2,-1.434462333E-1,8.040447772E-2,7.712302029E-2,1.816305650E-1
1.033801571E2,-1.124226612E-1,1.043137425E-1,7.876199484E-3,1.535651202E-1
1.033901451E2,-6.179922223E-2,1.339553252E-1,-1.585764885E-2,1.483733064E-1
1.034001341E2,5.331783593E-3,1.368622684E-1,-1.632074833E-2,1.379350400E-1
1.034101221E2,7.030984461E-2,8.761292517E-2,-3.708888888E-2,1.183008224E-1
1.034201101E2,1.290945348E-1,6.267805874E-2,-1.056264424E-1,1.781877754E-1
1.034300981E2,1.769732907E-1,5.912353635E-2,-1.202982759E-1,2.220063364E-1
1.034400861E2,2.160315219E-1,4.191985846E-2,-1.411260581E-1,2.614258159E-1
1.034500741E2,2.620877007E-1,1.719373763E-3,-1.344444448E-1,2.945644714E-1
1.034600621E2,2.918187457E-1,-4.495807171E-2,-1.568153071E-1,3.343208775E-1
1.034700501E2,3.400708464E-1,-8.072841346E-2,-1.675659978E-1,3.876127203E-1
1.034800381E2,3.606802350E-1,-7.922743320E-2,-1.936814171E-1,4.169888601E-1
1.034900261E2,3.720577472E-1,-8.453436613E-2,-2.381144089E-1,4.497460373E-1
1.035000151E2,3.672320402E-1,-9.811043143E-2,-2.662909716E-1,4.641076488E-1
1.035100031E2,3.277744442E-1,-1.216185772E-1,-2.640099728E-1,4.380963711E-1
1.035199911E2,2.977057225E-1,-1.269603011E-1,-2.386336416E-1,4.021114648E-1
1.035299791E2,2.765171671E-1,-9.820574105E-2,-2.036468267E-1,3.571808244E-1
1.035399671E2,2.558542764E-1,-8.187300593E-2,-1.523106122E-1,3.088092007E-1
1.035499551E2,1.703390399E-1,-7.697274685E-2,-1.017327815E-1,2.128138884E-1
1.035599431E2,8.973107904E-2,-7.044491529E-2,-8.108626306E-2,1.399611900E-1
1.035699311E2,-1.298491180E-2,-4.659002960E-2,-8.031150699E-3,4.902793259E-2
1.035799191E2,-8.224518120E-2,-6.801656663E-2,5.909254611E-2,1.219936563E-1
1.035899071E2,-1.431676134E-1,-6.704885244E-2,1.154942036E-1,1.957841291E-1
1.035998961E2,-1.892194068E-1,-6.393053234E-2,1.537677383E-1,2.520627189E-1
1.036098841E2,-2.016926873E-1,-5.739188343E-2,1.737470895E-1,2.723266779E-1
1.036198721E2,-2.342029139E-1,-5.192561388E-2,1.434205055E-1,2.794936774E-1
1.036298601E2,-2.457558426E-1,-1.830061555E-2,9.110488236E-2,2.627374094E-1
1.036398481E2,-2.721905199E-1,-8.191949129E-3,1.050545847E-1,2.918754065E-1
1.036498361E2,-2.672101539E-1,-3.184978366E-3,1.115256983E-1,2.895675946E-1
1.036598241E2,-2.915038732E-1,-1.043640286E-2,1.442537338E-1,3.254113801E-1
1.036698121E2,-2.517726275E-1,6.129636168E-3,1.862338185E-1,3.132252601E-1
1.036798001E2,-2.593187517E-1,2.009220243E-2,2.034871978E-1,3.302377193E-1
1.036897881E2,-2.503920999E-1,7.463970780E-4,2.000548822E-1,3.204976079E-1
1.036997771E2,-2.013924327E-1,3.040756792E-2,1.755778527E-1,2.689072601E-1
1.037097651E2,-1.368248463E-1,8.201597035E-2,1.399349803E-1,2.122014530E-1
1.037197531E2,-8.256268501E-2,1.051510638E-1,8.996876836E-2,1.611450355E-1
1.037297411E2,-4.122608632E-2,1.128240725E-1,3.469445407E-2,1.250302631E-1
1.037397291E2,1.811730534E-2,1.146396330E-1,6.630742550E-3,1.162516622E-1
1.037497171E2,4.831992835E-2,8.716385901E-2,-5.044977665E-3,9.978880495E-2
1.037597051E2,8.538162768E-2,6.790897787E-2,-4.837284565E-2,1.193381071E-1
1.037696931E2,1.072513837E-1,6.623638183E-2,-7.688094556E-2,1.476509308E-1
1.037796811E2,1.112915173E-1,6.673017919E-2,-7.736100197E-2,1.510742972E-1
1.037896691E2,1.262735456E-1,5.743895352E-2,-7.712126613E-2,1.587196629E-1
1.037996581E2,1.349370727E-1,6.199188799E-2,-9.397528052E-2,1.757337791E-1
1.038096461E2,1.343757400E-1,5.124704450E-2,-8.325616479E-2,1.661766772E-1
1.038196341E2,1.195738059E-1,5.012057841E-2,-7.326327324E-2,1.489210349E-1
1.038296221E2,1.266679403E-1,3.262980223E-2,-4.536737680E-2,1.384473545E-1
1.038396101E2,1.112774840E-1,-1.065187275E-2,-5.624670625E-2,1.251392536E-1
1.038495982E2,1.193235451E-1,-2.399229527E-2,-4.441077232E-2,1.295610101E-1
1.038595862E2,1.216150689E-1,-3.506838351E-2,-7.031920016E-2,1.447922872E-1
1.038695742E2,9.301604480E-2,-2.736146092E-2,-7.483734369E-2,1.224796397E-1
1.038795622E2,6.406531066E-2,-2.243313521E-2,-7.436898172E-2,1.006893988E-1
1.038895512E2,5.486033142E-2,-3.742685795E-2,-4.262093961E-2,7.891115354E-2
1.038995392E2,5.847332597E-2,-5.324123740E-2,-2.286027431E-2,8.231859663E-2
1.039095272E2,5.444634855E-2,-6.420008898E-2,-1.368482351E-2,8.528382431E-2
1.039195152E2,3.459943682E-2,-5.945214987E-2,8.639845848E-3,6.932767188E-2
1.039295032E2,1.094452590E-2,-3.865623504E-2,2.090496540E-2,4.528912378E-2
1.039394912E2,1.184119642E-2,-2.555701017E-2,-1.657685637E-3,2.821564501E-2
1.039494792E2,1.212712526E-3,-1.412365705E-2,-4.240985513E-3,1.479642924E-2
1.039594672E2,-1.492384851E-2,-5.150227547E-3,1.662129521E-2,2.292408237E-2
1.039694552E2,-2.236121446E-2,5.487611890E-3,2.768598139E-2,3.600904556E-2
1.039794432E2,-1.050335348E-2,3.225382626E-2,2.773626745E-2,4.381700896E-2
1.039894322E2,6.440415680E-3,3.489559829E-2,2.710886121E-2,4.465503432E-2
1.039994202E2,8.049861789E-3,3.048416644E-2,1.796907842E-2,3.629011515E-2
1.040094082E2,-9.271637499E-3,2.618646294E-2,1.640202463E-2,3.226020017E-2
1.040193962E2,2.042549372E-2,3.685207665E-3,3.033418536E-2,3.675519488E-2
1.040293842E2,6.106832027E-3,9.402322769E-4,2.794852138E-2,2.862336949E-2
1.040393722E2,3.724851787E-2,-2.635281622E-2,-9.751986265E-3,4.665859238E-2
1.040493602E2,4.734958291E-2,-3.479970396E-2,-5.693199992E-2,8.181842709E-2
1.040593482E2,5.057432234E-2,-2.124293447E-3,-5.818973601E-2,7.712535303E-2
1.040693362E2,3.096071452E-2,-5.029190183E-3,-4.897978663E-2,5.816251453E-2
1.040793242E2,1.935749978E-2,-1.009287894E-2,-2.322747946E-2,3.187624201E-2
1.040893132E2,-1.187891096E-2,-2.736496925E-3,1.032033563E-3,1.223364354E-2
1.040993012E2,-3.384631544E-2,6.550635695E-3,1.511856079E-2,3.764378803E-2
1.041092892E2,-7.136643648E-2,9.342681170E-3,4.413069069E-2,8.442731672E-2
1.041192772E2,-9.683047593E-2,9.138028622E-3,7.415088058E-2,1.223028934E-1
1.041292652E2,-8.747902393E-2,3.366183579E-2,3.866939127E-2,1.013953679E-1
1.041392532E2,-7.865703732E-2,4.667364478E-2,3.251402736E-2,9.706966886E-2
1.041492412E2,-6.366623819E-2,3.873546481E-2,2.650133550E-2,7.909580838E-2
1.041592292E2,-4.969753236E-2,2.090379596E-2,2.503894687E-2,5.944545624E-2
1.041692172E2,-1.237329304E-2,3.492541909E-2,9.794086218E-3,3.832502321E-2
1.041792052E2,3.018625081E-3,2.195600241E-2,6.466435790E-3,2.308663967E-2
1.041891942E2,4.439206123E-2,-1.150878221E-2,3.786656857E-3,4.601571404E-2
1.041991822E2,4.425582111E-2,-1.744049013E-2,-2.843734860E-2,5.542049435E-2
1.042091702E2,5.122102439E-2,-1.162601888E-2,-5.683902919E-2,7.739142649E-2
1.042191582E2,5.960593164E-2,1.715748489E-2,-5.628178954E-2,8.375491752E-2
1.042291462E2,5.343331844E-2,3.024881601E-2,-4.551940441E-2,7.643380513E-2
1.042391342E2,6.222139120E-2,3.756192863E-2,-3.764905214E-2,8.185261836E-2
1.042491222E2,2.100963056E-2,2.346282989E-2,-1.557230473E-2,3.513410931E-2
1.042591102E2,2.443697602E-2,2.310848862E-2,5.717407465E-3,3.411534539E-2
1.042690982E2,4.159972340E-2,2.383354336E-2,1.012153029E-2,4.900020563E-2
1.042790872E2,4.017797291E-2,2.814089477E-2,-1.938527405E-2,5.274436762E-2
1.042890752E2,2.264685094E-2,2.089151680E-2,-3.995694816E-2,5.045684333E-2
1.042990632E2,1.786558270E-2,3.236580044E-2,-2.866012752E-2,4.677741969E-2
1.043090512E2,6.426674724E-3,9.366947114E-3,-3.023185909E-2,3.229562122E-2
1.043190392E2,-8.731354773E-3,-7.216048837E-3,3.351624012E-3,1.181276007E-2
1.043290272E2,-2.638585299E-2,-1.857601941E-2,2.628908157E-3,3.237580722E-2
1.043390152E2,-3.065432042E-2,-4.210638463E-2,2.678667963E-2,5.856757800E-2
1.043490032E2,-2.700214952E-2,-4.462770402E-2,2.614173174E-2,5.834499279E-2
1.043589912E2,2.041438401E-2,-3.288941860E-2,2.160780072E-2,4.433235819E-2
1.043689802E2,3.335368752E-2,-1.981387496E-2,-9.174281359E-3,3.986509188E-2
1.043789682E2,3.743679821E-2,-1.471451819E-2,-1.488584161E-2,4.289078207E-2
1.043889562E2,2.883378983E-2,-3.402202427E-3,-7.632370591E-3,3.002025146E-2
1.043989442E2,2.591339797E-2,-3.498681486E-3,-4.727473855E-3,2.657242886E-2
1.044089322E2,1.977469862E-2,-1.361407220E-2,2.255446494E-2,3.294063685E-2
1.044189202E2,6.839780509E-3,-8.210660219E-3,2.762107730E-2,2.961623625E-2
1.044289082E2,1.119010895E-2,-5.753660202E-3,2.729655683E-2,3.005703177E-2
1.044388962E2,9.135982096E-3,-1.201485872E-2,2.582773626E-2,2.991479499E-2
1.044488842E2,1.195083171E-2,4.905813932E-4,-4.297703505E-4,1.196861526E-2
1.044588722E2,2.618967891E-3,2.263164818E-3,-7.792584300E-3,8.526738995E-3
1.044688612E2,-7.994020879E-3,3.284497976E-2,-1.890404820E-2,3.873060939E-2
1.044788492E2,-2.349294305E-2,2.698226899E-2,-2.110552490E-2,4.153798736E-2
1.044888372E2,-8.894492090E-3,3.587939233E-2,-3.290228248E-3,3.711156673E-2
1.044988252E2,-1.473556817E-2,2.424372554E-2,2.112949848E-2,3.537443856E-2
1.045088132E2,-5.134440064E-3,1.705194265E-2,3.511662304E-2,3.937395633E-2
1.045188012E2,5.759215057E-3,-2.960445285E-3,3.710935414E-2,3.767010697E-2
1.045287892E2,-7.190321088E-3,7.235929370E-3,9.247956276E-3,1.376895372E-2
1.045387772E2,9.411970675E-3,-1.810590327E-3,-7.268089056E-4,9.612059119E-3
1.045487652E2,2.741496295E-2,-1.283580780E-2,-1.478760839E-2,3.368993198E-2
1.045587542E2,4.924115717E-2,-1.451161981E-2,-1.792522430E-2,5.437455596E-2
1.045687422E2,5.894110322E-2,9.203517437E-4,-2.485066652E-2,6.397230903E-2
1.045787302E2,4.509986669E-2,4.006804526E-3,-5.013461173E-2,6.755391736E-2
1.045887182E2,1.161110848E-2,1.655639112E-2,-3.683570445E-2,4.202143559E-2
1.045987062E2,5.025097132E-2,3.069963634E-2,-1.823863506E-2,6.164637539E-2
1.046086942E2,6.921495348E-2,1.314220190E-2,-2.587977648E-3,7.049911265E-2
1.046186822E2,6.862350762E-2,-3.469737768E-3,-8.798305392E-3,6.927218097E-2
1.046286702E2,7.493119150E-2,-1.068403244E-2,-1.697212815E-2,7.756858348E-2
1.046386582E2,8.559943646E-2,-2.416274160E-2,-5.066027641E-2,1.023599786E-1
1.046486462E2,5.844730586E-2,-1.028671414E-2,-6.013861299E-2,8.448998060E-2
1.046586352E2,4.370852172E-2,-3.661877275E-2,-5.035271287E-2,7.607078994E-2
1.046686232E2,2.058687687E-2,-3.029150069E-2,-4.287997127E-2,5.639225522E-2
1.046786112E2,1.129009634E-2,-2.859610051E-2,-2.575113773E-3,3.085181438E-2
1.046885992E2,2.737578660E-2,-2.570523709E-2,1.103194177E-2,3.913945126E-2
1.046985872E2,3.802853644E-2,-3.840802073E-2,2.509975791E-2,5.959314967E-2
1.047085752E2,3.729588032E-2,-6.250351936E-2,9.832093120E-3,7.344618898E-2
1.047185632E2,-2.228841662E-2,-6.970933557E-2,-1.815209627E-2,7.540333931E-2
1.047285512E2,-4.888652354E-2,-2.901154518E-2,-1.053785205E-2,5.781529438E-2
1.047385392E2,-8.235423177E-2,-3.491694063E-2,-2.365783453E-3,8.948189295E-2
1.047485282E2,-6.915004939E-2,1.072642475E-2,2.708664179E-2,7.503646901E-2
1.047585162E2,-5.491441816E-2,3.274440765E-3,4.736478567E-2,7.259296251E-2
1.047685042E2,-3.407347977E-2,1.711012244E-2,4.706540823E-2,6.057153594E-2
1.047784922E2,-1.776033282E-2,1.118543118E-2,5.157595038E-2,5.568322863E-2
1.047884802E2,-1.518989682E-2,2.226034999E-2,3.217605829E-2,4.197088127E-2
1.047984682E2,-3.178254068E-3,5.682733476E-2,-6.986253262E-3,5.734330833E-2
1.048084562E2,3.343437910E-3,5.364908069E-2,-1.833219051E-2,5.679323591E-2
1.048184442E2,3.028711528E-2,6.791657925E-2,-6.925442219E-3,7.468555977E-2
1.048284322E2,-6.474621892E-3,3.108701438E-2,-1.128337204E-2,3.369922367E-2
1.048384212E2,-1.856812567E-2,2.080293149E-2,1.261653721E-2,3.060578802E-2
1.048484092E2,-1.616813600E-2,8.987170458E-3,3.209127367E-2,3.704089227E-2
1.048583980E2,-2.425220400E-2,-8.968459368E-3,4.205609858E-2,4.936920184E-2
1.048683860E2,-2.644871056E-2,-1.900052726E-2,1.973084450E-2,3.807703443E-2
1.048783740E2,-1.079162121E-2,-4.000021756E-2,3.737540245E-3,4.159862618E-2
1.048883620E2,1.398127735E-2,-5.483606547E-2,-3.655796170E-2,6.737176528E-2
1.048983500E2,2.291523814E-3,-4.629532993E-2,-2.919280887E-2,5.477890784E-2
1.049083380E2,1.138102055E-2,-3.439916968E-2,-2.395779669E-2,4.343738627E-2
1.049183260E2,8.948578835E-3,-3.860244066E-2,-2.041262984E-2,4.457466707E-2
1.049283140E2,1.247211099E-2,-6.632555187E-2,-1.573661149E-2,6.929843666E-2
1.049383030E2,1.380469143E-2,-4.672393084E-2,-1.197626710E-2,5.017096961E-2
1.049482910E2,3.978620946E-2,-4.089045614E-2,-1.993023455E-2,6.043331959E-2
1.049582790E2,3.704240352E-2,-1.732471526E-2,-2.650952160E-2,4.873438368E-2
1.049682670E2,1.642775238E-2,-7.970339656E-3,-2.040385902E-2,2.738092082E-2
1.049782550E2,-2.348826528E-3,-3.783148527E-3,-3.285141170E-2,3.315183931E-2
1.049882430E2,4.044255942E-2,5.994068474E-2,-3.354547620E-3,7.238604347E-2
1.049982310E2,1.830500096E-2,5.485594600E-2,1.370294988E-2,5.943078922E-2
1.050082190E2,2.261089057E-2,3.725641161E-2,2.548333526E-2,5.048458135E-2
1.050182070E2,9.315783978E-3,1.421458125E-2,1.707211554E-2,2.408931880E-2
1.050281960E2,2.614670187E-2,7.205816209E-3,6.632496715E-3,2.792067010E-2
1.050381840E2,-1.199585527E-2,-1.493057281E-2,-1.508347750E-2,2.437896309E-2
1.050481720E2,-5.009426594E-2,1.045072854E-2,-1.081208646E-2,5.230252786E-2
1.050581600E2,-3.677781701E-2,3.129195929E-2,-6.752949357E-3,4.875855684E-2
1.050681480E2,-4.851259410E-2,2.659284443E-2,-3.788995743E-4,5.532444962E-2
1.050781360E2,-2.659869164E-2,4.923794121E-2,1.339772522E-2,5.754445492E-2
1.050881240E2,-1.747381926E-2,3.875622243E-2,2.657442570E-2,5.013560848E-2
1.050981120E2,-6.425505280E-3,4.271741867E-2,3.104228318E-2,5.319481479E-2
1.051081000E2,1.068695605E-2,4.723029971E-2,3.792504072E-3,4.857257794E-2
1.051180890E2,1.449992537E-2,3.168869287E-2,-1.456833780E-2,3.777112068E-2
1.051280770E2,2.198494613E-2,4.174736559E-2,-1.943205178E-2,5.102729688E-2
1.051380650E2,2.163060486E-2,2.600636870E-2,-7.161085010E-3,3.457593698E-2
1.051480530E2,2.709628969E-2,-3.241111636E-3,2.276613414E-2,3.553886019E-2
1.051580410E2,3.669829488E-2,-1.674613327E-2,9.480675459E-3,4.143767650E-2
1.051680290E2,4.255925149E-2,-2.519857585E-2,6.735992432E-4,4.946424818E-2
1.051780170E2,3.513036400E-2,-4.423886418E-2,-1.044663548E-2,5.744868817E-2
1.051880050E2,6.549232364E-2,-4.518494368E-2,-1.248146653E-2,8.054011794E-2
1.051979930E2,8.765180916E-2,-3.794053584E-2,-3.123348713E-2,1.004880820E-1
1.052079820E2,9.097887486E-2,-2.809937954E-2,-5.558129311E-2,1.102543013E-1
1.052179700E2,8.565761626E-2,-3.156619370E-2,-6.467254400E-2,1.118757782E-1
1.052279580E2,8.255362183E-2,-2.288951039E-2,-4.972004414E-2,9.905106235E-2
1.052379460E2,9.188080788E-2,-1.416254103E-2,-4.148774922E-2,1.018032110E-1
1.052479340E2,3.402904093E-2,1.200433373E-3,-4.634503126E-2,5.750894356E-2
1.052579220E2,3.281691313E-2,9.859867394E-3,-3.235615253E-2,4.712841371E-2
1.052679100E2,6.700324416E-3,2.653583407E-2,-1.462797940E-2,3.103260573E-2
1.052778980E2,1.429088742E-2,1.068637133E-2,6.279324889E-3,1.891713288E-2
1.052878860E2,-1.107871950E-2,-1.750539422E-2,1.826904058E-2,2.762127253E-2
1.052978750E2,-1.226511955E-2,-8.815554678E-3,3.017338693E-2,3.374285763E-2
1.053078630E2,-1.770244539E-2,-3.201642931E-3,3.645037293E-2,4.064796154E-2
1.053178510E2,-3.175652057E-2,-5.449312627E-3,1.817957819E-2,3.699552229E-2
1.053278390E2,-4.865848213E-2,3.305431008E-3,2.182180882E-3,4.881941900E-2
1.053378270E2,-3.767010212E-2,1.447185874E-2,8.999449611E-3,4.134563317E-2
1.053478150E2,-2.265679121E-2,3.522304237E-2,1.327434897E-2,4.393405561E-2
1.053578030E2,-3.500669539E-2,1.450080246E-2,2.614114702E-2,4.603370028E-2
1.053677910E2,-3.786949217E-2,8.071204126E-3,6.086776078E-2,7.213963595E-2
1.053777790E2,-4.066153765E-3,-5.737872720E-3,5.359557867E-2,5.405499831E-2
1.053877680E2,-5.182679594E-3,-6.604722440E-3,6.039589047E-3,1.034210627E-2
1.053977560E2,2.690625519E-2,1.099276543E-3,-1.730191112E-2,3.200798502E-2
1.054077440E2,4.679146618E-2,1.924698740E-2,-4.833366930E-2,6.997164725E-2
1.054177320E2,5.401891708E-2,3.468539089E-2,-4.281038940E-2,7.716118963E-2
1.054277200E2,5.885427207E-2,2.332980573E-2,-3.773676038E-2,7.370324457E-2
1.054377080E2,5.275241017E-2,2.829935431E-2,-2.023019671E-2,6.318964387E-2
1.054476960E2,6.132325888E-2,4.795886278E-3,-1.358659029E-2,6.299315868E-2
1.054576840E2,4.932184875E-2,3.367411494E-3,-1.809245467E-2,5.264333899E-2
1.054676720E2,2.597537845E-2,2.924192548E-3,-1.425843537E-2,2.977539533E-2
1.054776600E2,2.820550650E-2,2.462087095E-2,5.288806558E-3,3.781149770E-2
1.054876490E2,1.763812602E-3,1.366055757E-2,4.579539299E-3,1.451530393E-2
1.054976370E2,1.126407623E-2,1.289252579E-2,-9.453778267E-3,1.955685451E-2
1.055076250E2,1.919407010E-2,1.635758579E-3,-8.192533851E-3,2.093336199E-2
1.055176130E2,-1.378773451E-2,1.476772785E-2,-4.677187800E-3,2.073797229E-2
1.055276010E2,-1.423124582E-2,-2.786782980E-3,4.271391034E-3,1.511751627E-2
1.055375890E2,-1.292877853E-2,-2.565758228E-3,-5.337338448E-3,1.422053484E-2
1.055475770E2,-3.117647678E-2,4.001249671E-3,1.371698320E-2,3.429487325E-2
1.055575650E2,-6.194686443E-2,-4.899381995E-3,2.658202708E-2,6.758714463E-2
1.055675540E2,-7.172282428E-2,-6.281663775E-3,6.391065180E-2,9.627146117E-2
1.055775420E2,-3.868167043E-2,-5.765646994E-3,7.539809167E-2,8.493754494E-2
1.055875300E2,-4.287383169E-2,-3.035289645E-2,7.043263614E-2,8.786478248E-2
1.055975180E2,-3.269178271E-3,-2.473518401E-2,2.207557797E-2,3.331438124E-2
1.056075060E2,1.082582742E-2,-1.245369226E-2,-5.253723264E-3,1.731746512E-2
1.056174940E2,7.873860598E-3,5.777049065E-3,-2.078568220E-2,2.296555162E-2
1.056274820E2,2.594468057E-2,2.021265507E-2,-2.785379648E-2,4.309886139E-2
1.056374700E2,3.022688895E-2,4.637134373E-3,-2.111663461E-2,3.716288590E-2
1.056474580E2,3.717952073E-2,-8.876658082E-3,-5.850723982E-3,3.866966241E-2
1.056574460E2,3.742715031E-2,-3.247368157E-2,-1.996064007E-2,5.342058336E-2
1.056674350E2,5.301056474E-2,-1.936393172E-2,-2.891857445E-2,6.341423952E-2
1.056774230E2,5.175984532E-2,-7.271012664E-3,-4.044226706E-2,6.608726184E-2
1.056874110E2,5.553042233E-2,1.456892252E-2,-4.294604480E-2,7.169549548E-2
1.056973990E2,4.986330092E-2,4.116673708E-2,-2.503017604E-2,6.933656130E-2
1.057073870E2,5.456212342E-2,2.299125195E-3,-1.635933995E-2,5.700823881E-2
1.057173750E2,7.344892234E-2,-1.592255294E-2,-1.051563263E-2,7.588708990E-2
1.057273630E2,6.511108518E-2,-1.485689789E-2,-2.631714821E-2,7.178281910E-2
1.057373510E2,6.100312382E-2,-1.860905617E-2,-3.144398689E-2,7.110838487E-2
1.057473400E2,5.196742147E-2,-1.114567012E-2,-3.718419850E-2,6.486527172E-2
1.057573280E2,5.376690209E-2,5.464223027E-4,-1.599271953E-2,5.609764180E-2
1.057673160E2,4.739285231E-2,-1.479287088E-2,-3.484297335E-2,6.065430134E-2
1.057773040E2,3.094843537E-2,1.212244749E-2,-2.588913202E-2,4.213082650E-2
1.057872920E2,3.230440468E-2,2.489042759E-2,-1.352519453E-2,4.296555404E-2
1.057972800E2,1.068169355E-2,2.624522746E-2,-2.779766321E-3,2.847169897E-2
1.058072680E2,1.683325678E-2,1.436807066E-2,-1.989222765E-3,2.222064346E-2
1.058172560E2,6.873694360E-3,4.939727783E-3,3.893660903E-3,9.317144410E-3
1.058272440E2,2.464367509E-2,3.475789636E-2,1.651136756E-2,4.569515664E-2
1.058372330E2,4.116936833E-2,5.424754322E-3,-4.312321544E-3,4.174854447E-2
1.058472210E2,3.457809448E-2,1.367371380E-2,-1.977469862E-2,4.211476905E-2
1.058572087E2,2.570523709E-2,1.626139909E-2,-4.432832658E-2,5.376051387E-2
1.058671967E2,-8.722291589E-3,2.751875103E-2,-3.942894459E-2,4.886718428E-2
1.058771847E2,1.209058017E-2,3.366358995E-2,-3.244736910E-2,4.829338649E-2
1.058871727E2,7.529167235E-3,3.564755023E-2,-1.377604008E-3,3.646003276E-2
1.058971607E2,-1.519749820E-2,2.329676896E-2,2.357597351E-3,2.791525857E-2
1.059071487E2,-3.388081402E-2,2.957814038E-2,-2.342394590E-2,5.070953745E-2
1.059171367E2,-5.784825861E-2,2.101343125E-2,9.040964842E-3,6.220710862E-2
1.059271257E2,-4.315069735E-2,4.643273950E-3,5.838737190E-2,7.275044929E-2
1.059371137E2,-4.891137421E-2,-4.489375234E-2,7.068582058E-2,9.697554721E-2
1.059471017E2,-3.427754760E-2,-6.165128767E-2,4.463121235E-2,8.347320922E-2
1.059570897E2,-3.238304973E-2,-5.203407973E-2,4.732151628E-2,7.743082891E-2
1.059670777E2,-2.826193213E-2,-4.080596387E-2,2.962959588E-2,5.780810019E-2
1.059770657E2,-2.044859022E-2,-4.304837108E-2,2.002320528E-2,5.169367315E-2
1.059870537E2,-2.469688475E-2,-1.472358137E-2,-2.051203251E-3,2.882581134E-2
1.059970417E2,-4.478762537E-2,-1.318517894E-2,7.049987912E-3,4.721739785E-2
1.060070297E2,-5.061583757E-2,9.519267082E-4,1.994836092E-2,5.441329140E-2
1.060170187E2,-9.155979574E-2,1.088400722E-2,5.897735596E-2,1.094531239E-1
1.060270067E2,-1.067216259E-1,2.101547778E-2,9.083649516E-2,1.417124716E-1
1.060369947E2,-1.146811482E-1,1.956595302E-2,1.121899420E-1,1.616204670E-1
1.060469827E2,-1.380732268E-1,6.212374270E-3,9.243746281E-2,1.662753562E-1
1.060569707E2,-1.379814255E-1,-1.620438874E-2,7.445844412E-2,1.576246044E-1
1.060669587E2,-9.857002258E-2,1.686015397E-2,7.901225567E-2,1.274490121E-1
1.060769467E2,-7.224264175E-2,2.226268888E-2,6.671673059E-2,1.008253378E-1
1.060869347E2,-6.105224043E-2,2.942318916E-3,4.836056650E-2,7.794086024E-2
1.060969237E2,-1.436894774E-2,-7.469817996E-3,2.480622768E-2,2.962454678E-2
1.061069117E2,1.725425631E-2,-5.133855343E-4,-3.545751572E-3,1.762229496E-2
1.061168997E2,4.791062325E-2,-1.694318444E-2,-2.235858321E-2,5.551941609E-2
1.061268877E2,9.683778495E-2,2.381863296E-3,-2.561197400E-2,1.001958237E-1
1.061368757E2,1.485014436E-1,1.745803177E-2,-4.395118117E-2,1.558498250E-1
1.061468637E2,2.017075977E-1,3.584255487E-2,-1.046645755E-1,2.300550305E-1
1.061568517E2,2.147147289E-1,1.167835146E-2,-1.366821742E-1,2.547956347E-1
1.061668397E2,2.103082672E-1,8.693055511E-3,-1.379527742E-1,2.516666532E-1
1.061768277E2,2.228964454E-1,4.705254436E-3,-1.459751540E-1,2.664839777E-1
1.061868167E2,2.145004284E-1,-1.760655105E-2,-1.385971373E-1,2.559874820E-1
1.061968047E2,2.030439788E-1,-2.213171124E-2,-1.240048259E-1,2.389432293E-1
1.062067927E2,1.514127722E-1,-2.157213271E-2,-1.188107443E-1,1.936676986E-1
1.062167807E2,1.600163653E-1,-8.427007198E-3,-1.108111686E-1,1.948213713E-1
1.062267687E2,1.388813120E-1,-1.945953369E-2,-8.387421548E-2,1.634061697E-1
1.062367567E2,1.153836912E-1,-3.142293692E-3,-7.905961812E-2,1.399060164E-1
1.062467447E2,9.815048486E-2,1.178798676E-3,-7.575360239E-2,1.239899815E-1
1.062567327E2,6.366740763E-2,2.189665318E-2,-5.653321981E-2,8.791477212E-2
1.062667207E2,4.740016133E-2,2.213785082E-2,-4.379096746E-2,6.822395887E-2
1.062767097E2,-1.010252684E-2,2.514302731E-3,-2.257025242E-4,1.041315075E-2
1.062866977E2,-4.299048364E-2,-3.652317077E-2,2.581253350E-2,6.203555893E-2
1.062966857E2,-7.457597315E-2,-4.141465902E-2,8.271471262E-2,1.188211826E-1
1.063066737E2,-9.163844079E-2,-8.456243277E-3,1.015778303E-1,1.370662887E-1
1.063166617E2,-1.192370063E-1,1.822869480E-3,1.149662000E-1,1.656442383E-1
1.063266497E2,-1.262600970E-1,-4.088373184E-3,1.088470888E-1,1.667513587E-1
1.063366377E2,-1.233028677E-1,-2.234864295E-2,8.557867885E-2,1.517457390E-1
1.063466257E2,-1.200377825E-1,-3.118729413E-2,9.172410250E-2,1.542563695E-1
1.063566147E2,-1.155629084E-1,-1.959986687E-2,1.026192194E-1,1.557871778E-1
1.063666027E2,-9.846418798E-2,7.238852978E-4,6.262017131E-2,1.166919285E-1
1.063765907E2,-7.775510430E-2,-3.214506805E-3,5.478782594E-2,9.517297500E-2
1.063865787E2,-8.835318267E-2,-1.004785538E-2,4.597782612E-2,1.001059678E-1
1.063965667E2,-9.044210047E-2,9.544702470E-3,7.030341268E-2,1.149497487E-1
1.064065547E2,-6.981721669E-2,3.212752640E-3,7.697216213E-2,1.039686456E-1
1.064165427E2,-5.818388879E-2,1.783810079E-2,5.558772504E-2,8.242304247E-2
1.064265307E2,-3.114928722E-2,2.830637097E-2,2.764329672E-2,5.035554176E-2
1.064365187E2,-9.740876555E-3,4.293873578E-2,9.312860370E-3,4.500387844E-2
1.064465077E2,-2.499070734E-2,6.604663968E-2,1.158918142E-2,7.156118496E-2
1.064564957E2,1.130266786E-2,8.674169004E-2,1.644003153E-2,8.900643644E-2
1.064664837E2,-2.091256678E-3,7.476776183E-2,9.882379174E-3,7.544702102E-2
1.064764717E2,6.375219226E-3,5.597919613E-2,-2.374671221E-2,6.114098593E-2
1.064864597E2,1.150732040E-2,5.280532748E-2,1.871109009E-3,5.407700141E-2
1.064964477E2,1.985919088E-2,2.218930632E-2,-4.128134251E-4,2.978125572E-2
1.065064357E2,2.250067055E-2,7.809541225E-3,-1.431866169E-2,2.779016340E-2
1.065164237E2,4.884091526E-2,-2.397796959E-2,-3.702398479E-2,6.581149959E-2
1.065264117E2,6.837324679E-2,-2.276174873E-2,-5.538658082E-2,9.088823586E-2
1.065364007E2,8.569153011E-2,-3.543471158E-2,-6.641326010E-2,1.140586614E-1
1.065463887E2,7.949669749E-2,-4.344598174E-2,-8.700949252E-2,1.256102306E-1
1.065563767E2,9.747133076E-2,-3.341099024E-2,-7.121967137E-2,1.252565215E-1
1.065663647E2,1.136344966E-1,-3.971604288E-2,-6.988533676E-2,1.391909594E-1
1.065763527E2,9.613407254E-2,-5.118681818E-2,-7.756565452E-2,1.337096893E-1
1.065863407E2,9.787420392E-2,-4.343048662E-2,-5.643498659E-2,1.210391452E-1
1.065963287E2,7.038264245E-2,-2.882151067E-2,-3.237895668E-2,8.266070814E-2
1.066063167E2,3.846473873E-2,-3.367382258E-2,-2.316900730E-2,5.612722469E-2
1.066163057E2,6.450355947E-3,-3.301747262E-2,-2.681006849E-2,4.301790747E-2
1.066262937E2,-2.778596878E-2,-4.282208383E-2,-5.668290854E-3,5.136068969E-2
1.066362817E2,-1.745130748E-2,-3.549786150E-2,3.236083031E-2,5.110645402E-2
1.066462697E2,-1.776208699E-2,8.432269692E-3,2.852681100E-2,3.464641183E-2
1.066562577E2,-2.804295391E-2,-2.882092595E-3,2.419928670E-2,3.715264726E-2
1.066662457E2,-3.090779722E-2,5.723254681E-3,2.209253490E-2,3.842040696E-2
1.066762337E2,1.649031758E-2,4.018762082E-2,1.915957153E-2,4.747699045E-2
1.066862217E2,3.582472086E-2,4.691191882E-2,6.361185908E-3,5.936837069E-2
1.066962097E2,3.434420586E-2,5.536845446E-2,6.108001471E-3,6.544079696E-2
1.067061987E2,3.031956732E-2,6.827472121E-2,3.444010019E-3,7.478352040E-2
1.067161867E2,-5.965037048E-3,7.962913692E-2,7.133603096E-4,7.985543185E-2
1.067261747E2,5.203437209E-3,8.304391086E-2,1.945134759E-2,8.545011301E-2
1.067361627E2,1.130237550E-2,7.842227161E-2,7.888478637E-3,7.962427062E-2
1.067461507E2,-8.404495418E-3,6.136974424E-2,-4.700576663E-3,6.212066059E-2
1.067561387E2,-8.021502793E-3,4.988025784E-2,-6.592150927E-3,5.094939728E-2
1.067661267E2,5.195251107E-3,1.789774239E-2,2.177561581E-2,2.866177351E-2
1.067761147E2,2.395136476E-2,1.699785590E-3,-4.683035016E-3,2.446401361E-2
1.067861037E2,6.167058349E-3,-8.953841329E-3,-2.005302608E-2,2.281069351E-2
1.067960917E2,1.810941160E-2,-3.318119466E-2,-1.950514197E-2,4.253696076E-2
1.068060797E2,3.197549880E-3,-3.205268204E-2,-1.657919526E-2,3.622800666E-2
1.068160677E2,-2.964859933E-2,-5.751496732E-2,1.545419097E-3,6.472556858E-2
1.068260557E2,-3.654129714E-2,-7.208535165E-2,2.291114509E-2,8.400288619E-2
1.068360437E2,-2.476295829E-2,-8.954952300E-2,6.547127366E-3,9.314067881E-2
1.068460317E2,-1.145791143E-2,-9.338061869E-2,9.184221625E-3,9.452816304E-2
1.068560205E2,2.618967891E-3,-7.609098673E-2,2.842916250E-3,7.618910307E-2
1.068660095E2,6.852644384E-3,-4.447626114E-2,3.578495979E-4,4.500249545E-2
1.068759975E2,3.406003118E-4,-3.473129153E-2,1.918588400E-2,3.967967698E-2
1.068859855E2,-4.711686373E-3,-2.637766689E-2,1.983141661E-2,3.333566234E-2
1.068959735E2,-6.433399022E-3,2.040152013E-2,1.758433163E-2,2.769150349E-2
1.069059615E2,7.600503266E-3,5.075324714E-2,1.480982780E-2,5.341339481E-2
1.069159495E2,3.504616410E-2,6.432580411E-2,-4.188360572E-3,7.337291774E-2
1.069259375E2,3.210413754E-2,6.072859704E-2,-2.982664704E-2,7.488836372E-2
1.069359255E2,4.638362288E-2,6.261198521E-2,-2.360754848E-2,8.141877860E-2
1.069459135E2,3.360774904E-2,6.727484733E-2,-1.982615411E-2,7.777186037E-2
1.069559025E2,5.704748243E-2,5.183118135E-2,-2.347598612E-2,8.057300128E-2
1.069658905E2,5.291496277E-2,2.359293044E-2,2.349995971E-3,5.798398169E-2
1.069758785E2,9.822737575E-3,1.559920192E-2,5.911535025E-3,1.935891320E-2
1.069858665E2,2.197880656E-2,7.545247078E-3,-8.383737803E-3,2.470396224E-2
1.069958545E2,2.320350587E-2,-1.064193249E-4,-2.666037977E-2,3.534388008E-2
1.070058425E2,2.249657750E-2,-7.367491722E-5,-2.733807206E-2,3.540440102E-2
1.070158305E2,1.885580868E-2,-3.165390193E-3,-1.725396395E-2,2.575384414E-2
1.070258185E2,2.782543749E-2,-1.554569989E-2,-1.355326116E-2,3.463545358E-2
1.070358075E2,4.286418378E-2,-3.086218894E-2,-5.527957678E-3,5.310716782E-2
1.070457955E2,4.491772592E-2,-3.246140242E-2,-1.812402964E-2,5.830802002E-2
1.070557835E2,3.572093278E-2,-3.089084029E-2,-2.239366651E-2,5.226571871E-2
1.070657715E2,2.810054898E-2,-2.491557062E-2,-2.165867150E-2,4.335348387E-2
1.070757595E2,1.419937849E-2,-8.164467216E-3,3.023010492E-3,1.665591387E-2
1.070857475E2,2.597333193E-3,-5.379438400E-3,1.859648466E-2,1.953237669E-2
1.070957355E2,-2.743045807E-2,2.168732285E-3,2.555934906E-2,3.755547569E-2
1.071057235E2,-4.751038134E-2,-1.062205195E-2,5.248343825E-2,7.158614121E-2
1.071157125E2,-5.586195946E-2,-1.294807434E-2,3.783265471E-2,6.869876932E-2
1.071257005E2,-3.987274826E-2,-8.004545867E-3,2.542193949E-2,4.796023160E-2
1.071356885E2,-4.567143202E-2,1.287556887E-3,2.039508820E-2,5.003495906E-2
1.071456765E2,-2.968017429E-2,7.976771593E-3,1.170495629E-2,3.288689150E-2
1.071556645E2,-3.083704591E-2,-4.875700772E-3,1.237036943E-2,3.358157081E-2
1.071656525E2,-2.247084975E-2,-8.294275403E-4,2.226444304E-2,3.164383767E-2
1.071756405E2,-3.148784101E-2,1.418125212E-2,1.063316166E-2,3.613386459E-2
1.071856285E2,-8.107749224E-3,3.385947168E-2,1.087932944E-2,3.647683140E-2
1.071956165E2,1.304133743E-2,3.473538458E-2,5.308102369E-3,3.748065334E-2
1.072056055E2,3.053679138E-2,5.491295636E-2,-1.160964668E-2,6.389610551E-2
1.072155935E2,3.486109972E-2,5.220072538E-2,-9.880040288E-3,6.354389978E-2
1.072255815E2,5.137772977E-2,4.866813004E-2,-2.528803825E-2,7.515146623E-2
1.072355695E2,6.488655210E-2,5.036323786E-2,-3.440969467E-2,8.905474416E-2
1.072455575E2,5.741234869E-2,5.491471052E-2,-9.533885121E-3,8.001686184E-2
1.072555455E2,3.618315518E-2,2.312632263E-2,6.806159019E-4,4.294776775E-2
1.072655335E2,4.769983113E-2,2.839407921E-3,1.164356053E-2,4.918240162E-2
1.072755215E2,2.310556501E-2,-2.588416189E-2,-1.167864382E-2,3.660939350E-2
1.072855105E2,2.047694921E-2,-4.664616287E-2,-1.198737681E-2,5.233418732E-2
1.072954985E2,2.185952336E-2,-4.819947571E-2,-1.420113266E-2,5.479690127E-2
1.073054865E2,2.763043284E-2,-5.503662497E-2,-2.940915585E-2,6.824492182E-2
1.073154745E2,2.842623889E-2,-5.010654509E-2,-1.543547988E-2,5.964034673E-2
1.073254625E2,1.749603868E-2,-4.977968574E-2,-2.379875243E-2,5.788358229E-2
1.073354505E2,1.026683360E-2,-3.123056352E-2,-1.525246203E-2,3.624077218E-2
1.073454385E2,1.219232172E-2,5.874112844E-3,-7.170440555E-3,1.531578037E-2
1.073554265E2,-1.695078582E-2,1.825851560E-2,9.247956276E-3,2.657493606E-2
1.073654155E2,-1.214612871E-2,1.251654983E-2,1.507412195E-3,1.750613475E-2
1.073754035E2,2.084532380E-3,1.857601941E-2,1.254227757E-2,2.251049753E-2
1.073853915E2,-7.376262546E-4,3.262161613E-2,1.102901816E-2,3.444347794E-2
1.073953795E2,-2.066055179E-2,3.648837984E-2,2.592480004E-2,4.929863609E-2
1.074053675E2,-1.990918458E-2,2.789063394E-2,2.185455322E-2,4.064338309E-2
1.074153555E2,-1.874880463E-2,2.404433548E-2,1.246626377E-2,3.294018027E-2
1.074253435E2,-1.493378878E-3,1.409178972E-2,1.106644034E-2,1.797984483E-2
1.074353315E2,-2.986465394E-3,5.387332141E-3,-8.025888205E-3,1.011717375E-2
1.074453195E2,-9.273684025E-4,1.640319407E-2,-1.080623925E-2,1.966467886E-2
1.074553085E2,-1.210958362E-3,-3.039967418E-3,-1.671309650E-2,1.703042620E-2
1.074652965E2,-6.406794190E-3,-1.060831100E-2,5.456621647E-3,1.354097463E-2
1.074752845E2,1.666222572E-2,-1.286767513E-2,-1.594535708E-3,2.111277749E-2
1.074852725E2,2.887939811E-3,-1.469814599E-2,8.950332999E-3,1.744947428E-2
1.074952605E2,-1.702709198E-3,-8.838943541E-3,1.207625449E-2,1.506194091E-2
1.075052485E2,-8.971382976E-3,-5.465977192E-3,-6.773414612E-3,1.249967058E-2
1.075152365E2,5.280035734E-3,1.033378422E-2,-3.306015730E-3,1.206630075E-2
1.075252245E2,3.256519049E-2,5.984040499E-3,9.164925814E-3,3.435543971E-2
1.075352135E2,3.676495314E-2,-1.557288945E-2,-1.837195158E-3,3.996938767E-2
1.075452015E2,2.375899136E-2,-6.142500043E-3,-4.009435773E-3,2.486554951E-2
1.075551895E2,1.364360064E-2,9.416940808E-4,-1.208911836E-2,1.825325749E-2
1.075651775E2,2.415133953E-2,5.803361535E-3,-2.134292185E-2,3.274883997E-2
1.075751655E2,2.169170827E-2,-2.946704328E-3,-8.625227809E-3,2.352887224E-2
1.075851535E2,3.716022491E-2,1.974897087E-2,-2.956293762E-2,5.142831367E-2
1.075951415E2,2.259539545E-2,6.201556921E-3,-1.536297441E-2,2.801842583E-2
1.076051295E2,1.787142992E-2,2.147156060E-2,-7.241191864E-3,2.885915421E-2
1.076151185E2,1.709667385E-2,2.829146057E-2,-5.315119028E-3,3.348064349E-2
1.076251065E2,2.912351936E-2,2.984652758E-2,9.509911537E-3,4.277187167E-2
1.076350945E2,1.592167586E-2,1.902420849E-2,-2.099735141E-3,2.489636838E-2
1.076450825E2,7.713939250E-3,1.568077058E-2,1.290188134E-2,2.172210779E-2
1.076550705E2,-8.384322524E-3,2.757546902E-3,-4.826291800E-3,1.005952393E-2
1.076650585E2,3.781715959E-2,5.434694588E-3,-2.156862438E-2,4.387344325E-2
1.076750465E2,1.280013978E-2,-1.280598700E-2,-1.810122550E-2,2.560256327E-2
1.076850345E2,7.876784205E-3,-2.833853066E-2,1.626578450E-2,3.361088804E-2
1.076950235E2,6.057130694E-3,-2.163411319E-2,2.113242209E-2,3.084319940E-2
1.077050115E2,5.983163416E-3,-4.869590431E-2,-7.470402718E-3,4.962757558E-2
1.077149995E2,6.899714470E-4,-6.642904758E-2,-1.398069263E-2,6.788780590E-2
1.077249875E2,3.510375917E-3,-6.314115822E-2,-7.831760645E-3,6.372177866E-2
1.077349755E2,1.533549249E-2,-5.113974810E-2,-2.106284022E-2,5.739420183E-2
1.077449635E2,3.116039693E-2,-3.949355632E-2,-2.845372081E-2,5.779554962E-2
1.077549515E2,1.639968574E-2,-1.584653914E-2,-1.949461699E-2,3.000170973E-2
1.077649395E2,9.351451993E-3,1.226424247E-2,-2.658728957E-3,1.565024400E-2
1.077749285E2,1.647920787E-2,3.443015993E-2,1.227213621E-2,4.009495644E-2
1.077849165E2,6.352999806E-4,4.022211939E-2,7.301418185E-3,4.088438824E-2
1.077949045E2,-8.613825738E-3,5.675892234E-2,1.585355580E-2,5.955760649E-2
1.078048925E2,-2.741174698E-3,5.402827263E-2,4.088899434E-2,6.781207960E-2
1.078148805E2,-1.682740957E-2,4.097114772E-2,3.353845954E-2,5.555740208E-2
1.078248685E2,-2.201301277E-2,3.661818802E-2,1.270190656E-2,4.457356678E-2
1.078348565E2,1.408506542E-2,3.648604095E-2,1.128278732E-2,4.070530115E-2
1.078448445E2,7.665699720E-3,2.414139926E-2,-2.081608772E-4,2.533008965E-2
1.078548326E2,3.355629355E-2,-1.871401370E-3,-2.647619247E-3,3.371256246E-2
1.078648206E2,-1.518551141E-2,-1.823278785E-2,-5.157828927E-3,2.428245269E-2
1.078748086E2,7.396727800E-4,-1.015661359E-2,5.145549774E-5,1.018364194E-2
1.078847966E2,3.093498677E-2,8.040213883E-3,-6.702078581E-3,3.265786740E-2
1.078947846E2,3.617467672E-2,1.760859758E-2,-2.714160562E-2,4.853181121E-2
1.079047726E2,1.036828279E-2,1.839709461E-2,-2.702056825E-2,3.429381120E-2
1.079147606E2,7.808664143E-3,3.020525426E-2,-2.799997687E-2,4.192053584E-2
1.079247486E2,1.206572950E-2,1.322172403E-2,-1.019052744E-2,2.059715185E-2
1.079347376E2,1.878301084E-2,2.730357349E-3,-3.009561896E-3,1.921753913E-2
1.079447256E2,1.456687599E-2,1.189499080E-2,-2.164639235E-3,1.893067208E-2
1.079547136E2,5.741088688E-3,-1.493671238E-3,-1.964781404E-2,2.052383369E-2
1.079647016E2,-1.445431709E-3,-1.093195438E-2,-2.062897682E-3,1.121839767E-2
1.079746896E2,5.230919123E-3,-2.691122532E-2,-2.836484313E-3,2.756124464E-2
1.079846776E2,1.213180304E-2,-1.143013716E-2,-1.703410864E-2,2.383253108E-2
1.079946656E2,2.056465745E-3,-7.317790389E-3,-1.204000175E-2,1.423870604E-2
1.080046536E2,2.882706553E-2,-2.310644209E-2,-1.244287491E-2,3.898374673E-2
1.080146426E2,1.989807487E-2,-2.074767530E-2,1.003966928E-2,3.044986655E-2
1.080246306E2,8.938930929E-3,-2.804266155E-2,-8.863794208E-3,3.073861091E-2
1.080346186E2,1.958992660E-2,-4.167895317E-3,-4.338634014E-3,2.049293343E-2
1.080446066E2,4.288055599E-3,3.829926252E-4,-6.303298473E-3,7.633195649E-3
1.080545946E2,-8.139908910E-3,2.402387023E-2,-8.595407009E-5,2.536556418E-2
1.080645826E2,-8.375844061E-3,5.933754444E-3,-7.197922468E-3,1.253691722E-2
1.080745706E2,-5.985209942E-3,2.105874717E-2,-4.939727783E-3,2.244313884E-2
1.080845586E2,-3.131973356E-2,2.509654194E-2,1.761356771E-2,4.382921281E-2
1.080945476E2,-2.014541209E-2,2.063599348E-2,1.720718622E-2,3.358227379E-2
1.081045356E2,-1.627543241E-2,3.060637325E-2,7.168686390E-4,3.467208797E-2
1.081145236E2,2.434195876E-3,1.023408920E-2,-7.230082154E-3,1.276463784E-2
1.081245116E2,3.560077250E-3,1.050393820E-2,-5.417445302E-3,1.234324031E-2
1.081344996E2,2.356661797E-2,1.257151365E-3,4.867222309E-3,2.409679989E-2
1.081444876E2,1.534777164E-2,-9.792332053E-3,-5.612157583E-3,1.905098880E-2
1.081544756E2,7.237098813E-3,-1.581964195E-2,-1.123717904E-2,2.071016329E-2
1.081644636E2,1.899175644E-2,-1.942912817E-2,-4.633333683E-3,2.756166931E-2
1.081744516E2,2.386336416E-2,-1.048288822E-2,-6.498595476E-3,2.686229398E-2
1.081844406E2,2.101489305E-3,-4.461425543E-3,1.824331284E-2,1.889812262E-2
1.081944286E2,6.639513373E-3,-7.118985057E-3,-7.128925323E-3,1.206584694E-2
1.082044166E2,2.909165204E-2,-1.000926375E-2,-6.994439363E-3,3.155046372E-2
1.082144046E2,2.731117487E-2,5.508369505E-3,-1.083021283E-2,2.989207115E-2
1.082243926E2,3.313500166E-2,-1.937182546E-3,-2.838530838E-2,4.367386797E-2
1.082343806E2,9.742045999E-3,3.803613782E-3,-1.382457197E-2,1.733475492E-2
1.082443686E2,4.769193739E-2,3.047276437E-3,-1.790768266E-2,5.103422267E-2
1.082543576E2,3.369282603E-2,-9.291225672E-4,-2.149904251E-2,3.997847701E-2
1.082643456E2,6.388960183E-3,-1.182716310E-2,-7.911282778E-3,1.559772401E-2
1.082743336E2,1.138979137E-2,-3.780809641E-3,4.833893180E-3,1.293786660E-2
1.082843216E2,1.775185436E-2,-1.072964072E-4,6.561160684E-3,1.892587317E-2
1.082943096E2,4.531007409E-3,-1.539981186E-2,7.098519802E-3,1.755201461E-2
1.083042976E2,-8.846544921E-3,-1.484111041E-2,1.950631142E-3,1.738749197E-2
1.083142856E2,1.416254103E-2,-1.005370259E-2,1.072320879E-2,2.041180323E-2
1.083242736E2,-7.328607738E-3,-1.175231874E-2,-1.111029446E-2,1.775567881E-2
1.083342626E2,-2.108973742E-2,-1.876663864E-2,-1.013848722E-2,2.999587760E-2
1.083442506E2,-2.040502846E-2,-1.874792755E-2,-6.140161157E-3,2.838224010E-2
1.083542386E2,6.436907351E-3,-1.286650568E-2,1.196398795E-2,1.871143373E-2
1.083642266E2,-1.160935432E-2,1.014696568E-2,2.257025242E-3,1.558307361E-2
1.083742146E2,-1.118660063E-2,1.458003223E-2,1.886077881E-2,2.633336953E-2
1.083842026E2,4.292148650E-3,1.228500009E-2,4.590064287E-3,1.379900204E-2
1.083941906E2,-1.150059611E-2,2.199079335E-2,6.872232556E-3,2.575046180E-2
1.084041786E2,2.294447422E-3,3.665297896E-2,7.992559075E-3,3.758438979E-2
1.084141676E2,5.147303939E-3,1.665433198E-2,1.661778688E-3,1.751065447E-2
1.084241556E2,-8.041383326E-3,2.587012857E-2,7.101443410E-3,2.800639028E-2
1.084341436E2,-3.854776919E-3,9.424542189E-3,7.855149508E-3,1.286019729E-2
1.084441316E2,9.922724962E-3,-5.295823216E-3,6.245995760E-3,1.286540622E-2
1.084541196E2,9.200009108E-3,-2.015184402E-2,-3.746895790E-3,2.246722531E-2
1.084641076E2,7.889355719E-3,-2.336313486E-2,-1.450167954E-2,2.860728428E-2
1.084740956E2,3.296133935E-2,-3.010614395E-2,-2.733514845E-2,5.234539270E-2
1.084840836E2,3.411704153E-2,-2.923900187E-2,-2.118095398E-2,4.967418408E-2
1.084940726E2,2.304153800E-2,-3.753240019E-2,-3.400097430E-2,5.563865375E-2
1.085040606E2,1.709491968E-2,-3.207782507E-2,-1.197743654E-2,3.827116573E-2
1.085140486E2,1.169121534E-2,-8.621719480E-3,-1.826904058E-2,2.334044573E-2
1.085240366E2,2.284624100E-2,7.574483156E-3,-4.508203268E-3,2.448769935E-2
1.085340246E2,1.136377126E-2,3.156911731E-3,-6.796803474E-3,1.361241809E-2
1.085440126E2,-9.333617985E-3,3.225236446E-2,-8.603008389E-3,3.466039802E-2
1.085540006E2,2.025533974E-2,5.194257081E-2,5.767693520E-3,5.604976127E-2
1.085639886E2,1.014374971E-2,5.838444829E-2,2.055881023E-2,6.272403159E-2
1.085739776E2,2.674399495E-2,6.323588312E-2,2.033661604E-3,6.868881975E-2
1.085839656E2,3.210238338E-2,4.867368490E-2,-5.452528596E-3,5.856125586E-2
1.085939536E2,1.848041743E-2,4.511506945E-2,8.542782068E-4,4.876089736E-2
1.086039416E2,2.285676599E-2,5.219926357E-2,-1.478643894E-2,5.887133127E-2
1.086139296E2,8.294860125E-3,3.822003275E-2,-1.368774712E-2,4.143585439E-2
1.086239176E2,1.808456093E-2,2.397066057E-2,-1.052849650E-2,3.181969753E-2
1.086339056E2,1.882043302E-2,1.622660816E-2,-1.477357507E-2,2.890968751E-2
1.086438936E2,1.731652915E-2,-8.942731619E-3,-1.291416049E-2,2.337969572E-2
1.086538826E2,-4.828923047E-3,-4.106821150E-2,1.435549915E-2,4.377210126E-2
1.086638706E2,-5.600463152E-3,-5.350085378E-2,-1.050159931E-3,5.380343277E-2
1.086738586E2,4.992937446E-3,-4.355590940E-2,-2.490329146E-3,4.391182536E-2
1.086838466E2,-5.050240159E-3,-4.897803247E-2,-6.603845358E-3,4.967860066E-2
1.086938346E2,6.204480529E-3,-2.700565785E-2,1.127226233E-2,2.991429479E-2
1.087038226E2,1.072554767E-2,-2.667792141E-2,4.852019548E-3,2.915974893E-2
1.087138106E2,-1.001511097E-2,-4.084864855E-2,-3.040552139E-4,4.205956473E-2
1.087237986E2,2.339470983E-2,-2.278835356E-2,6.926026940E-3,3.338549618E-2
1.087337876E2,4.492123425E-3,-3.699153274E-2,-1.249666929E-2,3.930291861E-2
1.087437756E2,-1.461394608E-2,-8.379644752E-3,-1.691833377E-2,2.387500542E-2
1.087537636E2,-5.970007181E-4,-7.328900099E-3,-1.703235447E-2,1.855182701E-2
1.087637516E2,2.899049520E-3,1.995976299E-2,-6.712018847E-3,2.125671244E-2
1.087737396E2,9.718364775E-3,1.251801163E-2,1.062789917E-2,1.908139067E-2
1.087837276E2,1.731038958E-2,3.487747192E-2,-7.597287297E-3,3.967122899E-2
1.087937156E2,5.844584405E-3,3.551277190E-2,2.344733477E-4,3.599126440E-2
1.088037046E2,1.204467952E-2,2.304738522E-2,8.182593584E-3,2.726189846E-2
1.088136926E2,1.622426927E-2,1.088576138E-2,1.786909103E-3,1.961937202E-2
1.088236806E2,-7.251716852E-3,1.257765323E-2,1.674408674E-2,2.216188618E-2
1.088336686E2,2.490913868E-3,-7.979110479E-3,-3.061602116E-3,8.901924705E-3
1.088436566E2,1.077378720E-2,-1.524544537E-2,-7.027768493E-3,1.994712072E-2
1.088536446E2,-1.631080806E-2,-1.212244749E-2,2.823035717E-3,2.051744924E-2
1.088636327E2,-2.067867815E-2,-1.793925762E-2,3.913599908E-2,4.776035090E-2
1.088736207E2,-7.355797291E-4,-3.017397165E-2,1.951683640E-2,3.594324062E-2
1.088836097E2,8.344561458E-3,-4.685549319E-2,1.613363743E-2,5.025299200E-2
1.088935977E2,6.448894143E-3,-2.122422338E-2,4.078432918E-3,2.255414615E-2
1.089035857E2,3.914710879E-3,-1.893123776E-2,-1.648154676E-2,2.540389946E-2
1.089135737E2,3.504967242E-2,3.288181722E-3,-7.164593339E-3,3.592524285E-2
1.089235617E2,3.059964895E-2,1.972382784E-2,-1.655405223E-2,3.999255613E-2
1.089335497E2,3.204566538E-2,2.968602151E-2,-2.494714558E-2,5.030451884E-2
1.089435377E2,2.511086762E-2,2.193904549E-2,-6.863461733E-3,3.404386136E-2
1.089535257E2,2.330056965E-2,3.305694133E-2,6.785693765E-3,4.100882291E-2
1.089635147E2,8.485186994E-3,3.997098148E-2,1.482853889E-3,4.088858783E-2
1.089735027E2,1.005721092E-4,3.934006691E-2,5.215716362E-3,3.968443872E-2
1.089834907E2,-9.882963896E-3,3.166442692E-2,-2.308480740E-3,3.325113518E-2
1.089934787E2,2.902177781E-2,2.935916215E-2,3.137615919E-3,4.140131185E-2
1.090034667E2,4.997936815E-2,1.104655981E-2,-1.813981712E-2,5.430484959E-2
1.090134547E2,2.184636712E-2,5.709221363E-3,-1.122256100E-2,2.521517084E-2
1.090234427E2,4.147576243E-2,-6.945322752E-3,-1.112023473E-2,4.349868961E-2
1.090334307E2,3.698013067E-2,-2.192121148E-3,-1.659556746E-2,4.059246629E-2
1.090434197E2,2.893582374E-2,-2.829701543E-2,-1.671543539E-2,4.378822625E-2
1.090534077E2,4.039665878E-2,-2.668815404E-2,-1.497822762E-2,5.068032073E-2
1.090633957E2,1.170320213E-2,-3.776307285E-2,-4.891780615E-3,3.983646732E-2
1.090733837E2,-6.873401999E-4,-3.059555590E-2,1.858946800E-2,3.580682614E-2
1.090833717E2,1.909115911E-3,-2.339617163E-2,1.887539685E-2,3.012152348E-2
1.090933597E2,-2.061903656E-2,-2.795553803E-2,2.492083311E-3,3.482624376E-2
1.091033477E2,-1.799509853E-2,-2.452263772E-2,6.351245642E-3,3.107284431E-2
1.091133367E2,-2.119235605E-2,-1.241129994E-2,7.804278731E-3,2.576942156E-2
1.091233247E2,-8.211829662E-3,9.356714487E-3,2.552894354E-3,1.270824622E-2
1.091333127E2,-6.211497188E-3,2.777661324E-2,-2.480388880E-3,2.857053148E-2
1.091433007E2,-4.778929353E-3,2.305732548E-2,1.210958362E-2,2.647867896E-2
1.091532887E2,3.292274773E-3,2.155868411E-3,1.281534255E-2,1.340596309E-2
1.091632767E2,1.666397989E-2,3.014239669E-4,5.131516457E-3,1.743879420E-2
1.091732647E2,2.131397814E-2,8.037290275E-3,2.299651444E-2,3.236855535E-2
1.091832527E2,2.145811200E-2,-9.788239002E-4,-1.338427663E-2,2.530904044E-2
1.091932417E2,3.422375321E-2,-1.485602081E-2,-1.345210433E-2,3.966012795E-2
1.092032297E2,1.258817822E-2,-1.556587279E-2,-1.870758176E-2,2.739949346E-2
1.092132177E2,1.485368192E-2,-1.948964685E-2,4.695314169E-3,2.495043439E-2
1.092232057E2,7.020167112E-3,-2.207090020E-2,-2.776257992E-3,2.332627254E-2
1.092331937E2,2.695274055E-3,-2.996376425E-2,-4.856112599E-3,3.047414478E-2
1.092431817E2,-4.077263474E-3,-2.138239056E-2,7.168686390E-3,2.291769552E-2
1.092531697E2,1.692447335E-2,-2.993598998E-2,1.462505579E-2,3.736968759E-2
1.092631577E2,-5.798391402E-3,-2.452702314E-2,1.380235255E-2,2.873501597E-2
1.092731467E2,8.144586682E-3,-6.923103333E-4,-8.489572406E-3,1.178500850E-2
1.092831347E2,-5.257523954E-3,7.938472331E-3,4.931541681E-3,1.072291958E-2
1.092931227E2,3.281340480E-2,1.925838947E-2,3.377702594E-2,5.087723047E-2
1.093031107E2,3.493389755E-2,3.577034175E-2,2.398995638E-2,5.545640229E-2
1.093130987E2,3.931901693E-2,5.283047050E-2,-3.116565943E-3,6.592993773E-2
1.093230867E2,4.114100933E-2,5.966615796E-2,-2.589673340E-2,7.696280826E-2
1.093330747E2,3.787621647E-2,5.219078511E-2,-3.607088864E-2,7.388907113E-2
1.093430627E2,5.077605128E-2,5.276527405E-2,-2.059740186E-2,7.606993159E-2
1.093530517E2,5.636569709E-2,3.848461926E-2,-2.699542522E-2,7.339557691E-2
1.093630397E2,5.311142921E-2,3.374895930E-2,-1.582490444E-2,6.488639124E-2
1.093730277E2,2.470974863E-2,3.583202988E-2,-1.607165694E-2,4.639832108E-2
1.093830157E2,2.020388424E-2,1.549278259E-2,-1.005954981E-2,2.737549622E-2
1.093930037E2,1.319950461E-2,-8.993017673E-3,-1.137868166E-3,1.601237125E-2
1.094029917E2,2.422969222E-2,-9.616915584E-3,-9.581832290E-3,2.777363067E-2
1.094129797E2,4.894908875E-2,-1.748346716E-2,-2.452205300E-2,5.747187136E-2
1.094229687E2,4.465021580E-2,-2.332805157E-2,-1.510218859E-2,5.259197526E-2
1.094329567E2,3.729061782E-3,-3.928451836E-2,-1.616170406E-2,4.264246666E-2
1.094429447E2,-1.226687372E-2,-7.080598086E-2,6.091629267E-3,7.211845162E-2
1.094529327E2,-2.613822341E-2,-6.075374007E-2,1.445841014E-2,6.769984697E-2
1.094629207E2,-3.834136248E-2,-5.686358750E-2,1.149504125E-2,6.953893609E-2
1.094729087E2,-3.643838614E-2,-6.342328638E-2,3.652697146E-2,8.175872359E-2
1.094828967E2,-5.771961987E-2,-6.108059943E-2,4.946802914E-2,9.751656296E-2
1.094928847E2,-4.252679944E-2,-3.863313854E-2,4.240342319E-2,7.140797128E-2
1.095028737E2,-2.587743759E-2,-2.964245975E-2,4.001483560E-2,5.612044426E-2
1.095128617E2,-2.507198364E-2,-2.167562842E-2,2.700478077E-2,4.275155454E-2
1.095228497E2,-2.718721390E-2,9.177789688E-3,2.584644735E-2,3.861884596E-2
1.095328377E2,-2.426886857E-2,5.459252894E-3,1.633887470E-2,2.976138858E-2
1.095428257E2,-5.755706728E-3,3.232984006E-2,2.674516439E-2,4.235151163E-2
1.095528137E2,1.620848179E-3,4.304047734E-2,1.853684306E-2,4.689055757E-2
1.095628017E2,7.637048364E-3,4.527674496E-2,2.461677790E-4,4.591697661E-2
1.095727897E2,1.351291537E-2,3.986163855E-2,-8.410050273E-3,4.292176668E-2
1.095827787E2,4.540187538E-2,3.700702786E-2,-1.577695727E-2,6.066104829E-2
1.095927667E2,4.057324469E-2,3.760227442E-2,-2.609027624E-3,5.537983614E-2
1.096027547E2,3.947601467E-2,4.390352637E-2,5.938432217E-3,5.933919732E-2
1.096127427E2,1.631080806E-2,3.277978331E-2,-1.155760646E-2,3.839446471E-2
1.096227307E2,2.318216354E-2,5.239163697E-2,9.026931524E-3,5.799811913E-2
1.096327187E2,-1.165057719E-3,7.058817208E-2,8.147510290E-3,7.106637264E-2
1.096427067E2,-2.188174278E-2,4.012505561E-2,4.245663285E-3,4.590050557E-2
1.096526957E2,-3.020525426E-2,3.080430150E-2,1.437362552E-2,4.547376701E-2
1.096626837E2,-1.725542575E-2,1.278932244E-2,2.156628549E-2,3.043716735E-2
1.096726717E2,-3.317125440E-3,7.040924728E-3,2.646040499E-2,2.758135193E-2
1.096826597E2,2.218725979E-3,-2.283776253E-2,-8.465014100E-3,2.445695415E-2
1.096926477E2,-6.167643070E-3,-5.967434406E-2,-2.067926288E-2,6.345627686E-2
1.097026357E2,2.145635784E-3,-5.719980240E-2,-1.956244469E-2,6.049058100E-2
1.097126237E2,2.471296459E-2,-3.633372098E-2,-2.124176502E-2,4.880658235E-2
1.097226127E2,8.448057175E-3,-2.858703732E-2,-5.870604515E-3,3.038177695E-2
1.097326007E2,1.081705660E-2,-3.993706763E-2,-1.646868289E-2,4.453308433E-2
1.097425887E2,3.530548811E-3,-1.803924501E-2,-2.133005798E-2,2.815760126E-2
1.097525767E2,3.556861281E-3,-1.499693871E-2,-4.702330828E-3,1.611432121E-2
1.097625647E2,1.944783926E-3,-3.571479321E-3,1.462037802E-2,1.517541111E-2
1.097725527E2,1.301473260E-2,-1.445870250E-2,5.594031215E-3,2.024180150E-2
1.097825407E2,2.579440713E-2,-1.581028640E-2,-3.632290363E-3,3.047146417E-2
1.097925287E2,5.133679926E-2,-4.240985513E-3,-1.883622050E-2,5.484757168E-2
1.098025177E2,5.673260987E-2,-5.435571671E-3,-1.889644682E-2,6.004340234E-2
1.098125057E2,6.786132306E-2,-7.416900694E-3,-2.318479478E-2,7.209510588E-2
1.098224937E2,7.311446160E-2,-7.305218875E-3,-3.771395624E-2,8.259196821E-2
1.098324817E2,6.045553207E-2,-2.655103683E-2,-4.915052533E-2,8.231405139E-2
1.098424697E2,5.271615744E-2,-1.542203128E-3,-5.543803632E-2,7.651632190E-2
1.098524577E2,1.116964370E-2,-6.520814896E-3,-2.569383502E-2,2.876551973E-2
1.098624458E2,2.143092245E-2,7.252886295E-3,-1.241129994E-2,2.580560332E-2
1.098724338E2,1.365587980E-2,2.253575385E-2,-1.142370522E-2,2.872010263E-2
1.098824228E2,-6.818730533E-3,-7.410761118E-3,2.950563490E-2,3.117686574E-2
1.098924108E2,-2.184519768E-2,-6.023216844E-3,2.275327027E-2,3.211235137E-2
1.099023988E2,-1.515305936E-2,1.639383852E-2,2.695098639E-2,3.499612574E-2
1.099123868E2,-2.658992082E-2,3.532770753E-2,1.175173402E-2,4.575121923E-2
1.099223748E2,-2.608735263E-2,5.694720268E-2,-1.316792965E-2,6.400725140E-2
1.099323628E2,-2.403819591E-2,5.213114351E-2,-7.556941509E-3,5.790162650E-2
1.099423508E2,-2.027814388E-2,4.468325257E-2,2.747138858E-2,5.623587263E-2
1.099523398E2,-2.409403682E-2,1.355969310E-2,3.176850736E-2,4.211443870E-2
1.099623278E2,-2.576984882E-2,2.256528229E-2,2.564413369E-2,4.278900169E-2
1.099723158E2,-1.479228616E-2,-9.344435334E-3,3.127675653E-2,3.583804822E-2
1.099823038E2,-1.833394468E-3,-1.843422443E-2,4.059955716E-2,4.462629278E-2
1.099922918E2,-5.414229333E-3,-2.407737225E-2,2.525997162E-2,3.531430164E-2
1.100022798E2,4.431312382E-3,-1.929815054E-2,6.109170914E-3,2.072141677E-2
1.100122678E2,7.950459123E-3,-1.914261460E-2,-6.283417940E-3,2.165942832E-2
1.100222558E2,1.949344754E-2,-3.508446336E-2,-8.662649989E-3,4.106038932E-2
1.100322448E2,1.707357734E-2,-2.974420130E-2,1.397484541E-4,3.429641503E-2
1.100422328E2,2.229543328E-2,-4.063464046E-2,-1.877248585E-2,5.000666531E-2
1.100522208E2,1.546033055E-2,-3.444887102E-2,-1.360939443E-2,4.013679299E-2
1.100622088E2,2.352685690E-2,-3.387467444E-2,-2.588386953E-2,4.869272292E-2
1.100721968E2,3.476666719E-2,-1.443355948E-2,-2.013664126E-2,4.269113617E-2
1.100821848E2,3.735025942E-2,3.439039886E-3,-4.018498957E-2,5.497001238E-2
1.100921728E2,4.453736454E-2,1.301590204E-2,-3.660006166E-2,5.909784310E-2
1.101021618E2,3.757333070E-2,2.399258763E-2,-1.475778759E-2,4.695946907E-2
1.101121498E2,2.746495664E-2,2.650221258E-2,-8.151603341E-3,3.902742308E-2
1.101221378E2,2.406538546E-2,1.785973549E-2,-3.128143430E-2,4.332021538E-2
1.101321258E2,2.901388407E-2,1.630379140E-2,-3.400974512E-2,4.758447064E-2
1.101421138E2,9.233338237E-3,2.847594023E-3,-2.883437455E-2,3.041026935E-2
1.101521018E2,2.798769772E-3,8.874611557E-3,6.607353687E-5,9.305708368E-3
1.101620898E2,6.248919368E-3,2.364204705E-2,1.387427330E-2,2.811566897E-2
1.101720778E2,-9.447346330E-3,1.148510098E-2,1.106877923E-2,1.853854824E-2
1.101820668E2,7.779720426E-4,9.192992449E-3,5.474163294E-3,1.072766584E-2
1.101920548E2,-2.042724788E-3,-1.482620001E-2,-1.119566381E-2,1.869042052E-2
1.102020428E2,-5.597247183E-3,-2.519565225E-3,-9.335664511E-3,1.117282493E-2
1.102120308E2,-4.823368192E-3,-1.428065479E-2,2.276905775E-3,1.524422126E-2
1.102220188E2,-1.307642072E-2,-5.029774904E-3,6.674011946E-3,1.551882244E-2
1.102320068E2,-1.948146075E-2,-2.094151050E-2,2.593766391E-2,3.861135305E-2
1.102419948E2,-1.507119834E-3,-1.420317918E-2,1.710076690E-2,2.228088727E-2
1.102519838E2,8.915249705E-3,-2.461677790E-4,1.534660220E-2,1.774994296E-2
1.102619718E2,1.697183579E-2,-1.480164170E-2,3.749234676E-3,2.282955470E-2
1.102719598E2,1.530274808E-2,-1.875348240E-2,-1.556470335E-2,2.877719916E-2
1.102819478E2,6.615539789E-3,-2.037199169E-2,-1.134886086E-2,2.424005064E-2
1.102919358E2,5.700450540E-3,3.636968136E-4,-6.665825844E-5,5.712429873E-3
1.103019238E2,5.480595231E-3,-1.630788445E-3,-7.928824425E-4,5.772785949E-3
1.103119118E2,3.513591886E-3,-3.617087603E-3,-1.306852698E-2,1.400767819E-2
1.103218998E2,-6.785693765E-3,4.897335470E-3,8.693055511E-3,1.206643065E-2
1.103318888E2,-6.750610471E-3,2.149728835E-3,5.054917932E-3,8.703118469E-3
1.103418768E2,-1.328224272E-2,7.580038011E-3,1.957296968E-2,2.483900340E-2
1.103518648E2,-8.948578835E-3,1.458938777E-2,-6.181676388E-3,1.819726413E-2
1.103618528E2,2.226619720E-3,-7.038293481E-3,-4.692975283E-3,8.747538368E-3
1.103718408E2,1.459055722E-2,1.117578328E-2,-2.438288927E-3,1.853989603E-2
1.103818288E2,1.164619178E-2,1.351116121E-2,2.300879359E-3,1.798553046E-2
1.103918168E2,2.431593865E-2,-7.755746841E-3,-1.792756319E-3,2.558574714E-2
1.104018058E2,3.255349606E-2,-3.908863664E-3,-1.439350605E-2,3.580757374E-2
1.104117938E2,3.948683202E-2,2.679778934E-3,-8.580204248E-3,4.049704956E-2
1.104217818E2,2.174667209E-2,-2.561372817E-3,-2.614231646E-2,3.410130625E-2
1.104317698E2,1.568223238E-2,-1.525947869E-2,-1.801761031E-2,2.834463589E-2
1.104417578E2,1.572725594E-2,1.207450032E-4,-1.679554224E-2,2.300981091E-2
1.104517458E2,2.893494666E-2,1.097405434E-2,-1.446016431E-3,3.097986395E-2
1.104617338E2,2.371923029E-2,2.161423266E-3,-2.202646136E-3,2.391914058E-2
1.104717228E2,7.645526826E-3,3.584197015E-2,1.660726190E-2,4.023558192E-2
1.104817108E2,1.695809484E-2,3.783850193E-2,1.189089775E-2,4.313609461E-2
1.104916988E2,3.905384570E-2,4.544806838E-2,-1.191428661E-2,6.109566277E-2
1.105016868E2,3.067098498E-2,3.299116015E-2,-4.696483612E-3,4.528998704E-2
1.105116748E2,4.480721354E-2,-3.652755618E-3,-1.237855554E-2,4.662893572E-2
1.105216628E2,7.644445091E-2,2.703752518E-3,-4.174034894E-2,8.713966423E-2
1.105316508E2,7.273936272E-2,3.772915900E-3,-5.808857918E-2,9.316401029E-2
1.105416388E2,4.803780019E-2,2.570874542E-2,-7.908826947E-2,9.603918058E-2
1.105516278E2,4.381581813E-2,5.464778513E-2,-5.459019005E-2,8.880481512E-2
1.105616158E2,6.583701700E-2,8.624204546E-2,-9.705208540E-3,1.089329807E-1
1.105716038E2,5.724658012E-2,1.074823487E-1,5.555790424E-2,1.338518096E-1
1.105815918E2,5.064507365E-2,8.646014661E-2,1.091774565E-1,1.481890598E-1
1.105915798E2,4.341060609E-2,4.543198854E-2,1.171191448E-1,1.329114005E-1
1.106015678E2,8.088044107E-2,5.472409129E-3,1.324581456E-1,1.552956965E-1
1.106115558E2,1.482032356E-1,5.105496347E-3,1.644365680E-1,2.214263987E-1
1.106215448E2,2.304092404E-1,-2.533890903E-2,2.000648224E-1,3.061966877E-1
1.106315328E2,2.617921239E-1,-4.704026520E-2,1.080173689E-1,2.870812684E-1
1.106415208E2,1.760330585E-1,-6.761749417E-2,-2.933314204E-2,1.908407619E-1
1.106515088E2,1.853921118E-1,-1.240156433E-1,-1.176120651E-1,2.521561278E-1
1.106614968E2,1.929847214E-1,-1.790607467E-1,-1.407114905E-1,2.985055732E-1
1.106714848E2,1.890434057E-1,-1.933130425E-1,-7.602082014E-2,2.808674184E-1
1.106814728E2,1.235043043E-1,-2.767586571E-1,1.295281059E-1,3.295848869E-1
1.106914618E2,8.647564173E-2,-4.512074125E-1,4.693934226E-1,6.568076970E-1
1.107014498E2,1.111315960E-1,-6.238739365E-1,8.216378796E-1,1.037621186E0
1.107114378E2,9.162060678E-2,-6.641744086E-1,8.358378428E-1,1.071516160E0
1.107214258E2,6.719152451E-2,-7.033440292E-1,5.283842272E-1,8.822683355E-1
1.107314138E2,1.192299896E-1,-7.613367140E-1,9.577329934E-2,7.765448522E-1
1.107414018E2,2.013550106E-1,-6.793195742E-1,-4.490778565E-1,8.388622327E-1
1.107513898E2,9.541895807E-2,-4.985666433E-1,-8.023484999E-1,9.494401459E-1
1.107613778E2,-1.748261932E-1,-2.246687365E-1,-7.274754882E-1,7.811919258E-1
1.107713668E2,-4.370051104E-1,-1.174705625E-2,-4.965011144E-1,6.615321734E-1
1.107813548E2,-6.178425336E-1,4.212509573E-2,-1.808309913E-1,6.451385645E-1
1.107913428E2,-8.363491818E-1,2.727550685E-2,1.741359293E-1,8.547205562E-1
1.108013308E2,-7.987065616E-1,-1.186180785E-1,2.628463769E-1,8.491705588E-1
1.108113188E2,-5.687782547E-1,-3.474494478E-1,9.938629389E-2,6.738749567E-1
1.108213068E2,-4.473242766E-1,-4.361537558E-1,-1.314395607E-2,6.249014888E-1
1.108312948E2,-3.230876085E-1,-5.387434468E-1,-2.874023438E-2,6.288530077E-1
1.108412838E2,-2.081842661E-1,-6.536005962E-1,-1.201632053E-1,6.964004767E-1
1.108512718E2,-8.576812863E-2,-5.535687697E-1,-3.517772645E-1,6.614694237E-1
1.108612598E2,3.952191532E-2,-3.829177809E-1,-4.164714432E-1,5.671300307E-1
1.108712478E2,1.452851826E-1,-2.739464387E-1,-3.483414406E-1,4.663648730E-1
1.108812357E2,1.465435034E-1,-2.889714441E-1,-3.090651083E-1,4.477730843E-1
1.108912238E2,1.232639837E-1,-2.702840352E-1,-5.196929258E-1,5.986052176E-1
1.109012118E2,1.750969192E-1,-1.985255429E-1,-5.571326476E-1,6.168209703E-1
1.109112008E2,2.661249107E-1,-2.316105509E-1,-5.135743994E-1,6.230767040E-1
1.109211888E2,2.985141000E-1,-2.767308828E-1,-6.736179543E-1,7.870526016E-1
1.109311767E2,3.476076150E-1,-2.639523777E-1,-7.197513163E-1,8.417504791E-1
1.109411648E2,3.606138691E-1,-2.460332930E-1,-5.964961034E-1,7.391768024E-1
1.109511528E2,3.610369152E-1,-2.104409990E-1,-5.595574880E-1,6.983821665E-1
1.109611407E2,4.445257992E-1,-2.385994354E-1,-5.907670015E-1,7.768774207E-1
1.109711288E2,5.521052116E-1,-3.717358580E-1,-5.927217257E-1,8.912501091E-1
1.109811178E2,6.510558879E-1,-3.485031161E-1,-5.647696960E-1,9.296735990E-1
1.109911058E2,6.681674722E-1,-2.141148046E-1,-5.058297622E-1,8.649605013E-1
1.110010938E2,6.590083936E-1,-1.544588792E-1,-5.120909607E-1,8.487560075E-1
1.110110818E2,6.496654201E-1,-1.379182756E-1,-5.114910364E-1,8.382778114E-1
1.110210698E2,5.920837945E-1,-1.177743253E-1,-3.673741275E-1,7.066808056E-1
1.110310578E2,5.044828561E-1,-6.269209206E-2,-2.498129332E-1,5.664271816E-1
1.110410458E2,4.455654341E-1,-1.575520563E-1,-1.549769425E-1,4.973621007E-1
1.110510338E2,3.576133704E-1,-3.110128158E-1,-1.612094897E-1,5.006044286E-1
1.110610228E2,2.604528192E-1,-2.531946704E-1,-2.418431783E-1,4.363843890E-1
1.110710108E2,2.437233505E-1,-1.431769690E-1,-2.255183369E-1,3.616064660E-1
1.110809987E2,1.073999029E-1,-1.933782390E-1,-2.543854558E-1,3.371080578E-1
1.110909868E2,1.143072188E-1,9.642058611E-4,-7.427250266E-2,1.363212185E-1
1.111009748E2,7.103460699E-2,-1.137514409E-1,-1.945368648E-2,1.355129205E-1
1.111109627E2,-4.155616164E-2,-2.592330900E-1,-1.392613810E-1,2.971909180E-1
1.111209508E2,-1.140622205E-1,-2.676843631E-1,-2.179976481E-1,3.635767910E-1
1.111309398E2,-9.363965034E-2,-3.251545992E-1,-3.608550668E-2,3.402882033E-1
1.111409278E2,2.165340900E-2,-3.486928582E-1,1.156883311E-1,3.680208818E-1
1.111509158E2,1.251309997E-1,-3.418828985E-1,7.859651864E-2,3.724501257E-1
1.111609037E2,1.250979629E-1,-2.382509413E-1,7.621845603E-3,2.692045763E-1
1.111708918E2,8.050534219E-2,-1.186867833E-1,-7.367959499E-2,1.612338220E-1
1.111808798E2,-7.315451503E-2,-1.015205276E-1,-1.452319729E-1,1.917037468E-1
1.111908677E2,-1.535423282E-1,-1.246494815E-1,5.189813197E-2,2.044655371E-1
1.112008568E2,3.406909436E-2,-1.130342799E-1,1.594360292E-1,1.983867411E-1
1.112108448E2,-2.524623066E-2,-1.466288728E-1,-3.962424159E-2,1.539723320E-1
1.112208328E2,-1.558721513E-2,-1.024724543E-3,-1.876956224E-4,1.562198980E-2
1.112308208E2,6.464944750E-2,3.457049310E-2,7.444499552E-2,1.044831442E-1
1.112408088E2,9.145045280E-3,-1.566281962E-1,-4.130765498E-2,1.622416287E-1
1.112507968E2,-1.976908529E-1,-3.097691131E-1,-6.429539859E-2,3.730582729E-1
1.112607848E2,-1.632162541E-1,-2.551806772E-1,3.629425228E-1,4.727409422E-1
1.112707738E2,-1.308519155E-1,-2.335111883E-1,4.693647712E-1,5.403267413E-1
1.112807617E2,-1.841834924E-1,-2.833844295E-1,2.872561634E-1,4.435610411E-1
1.112907498E2,-1.765750954E-1,-2.129491621E-1,7.346032441E-2,2.862211194E-1
1.113007378E2,-1.562452036E-1,-2.002250361E-1,-6.406794190E-3,2.540544740E-1
1.113107257E2,-3.490942696E-1,-3.423465827E-1,1.283229947E-2,4.891141581E-1
1.113207138E2,-4.142819533E-1,-2.552882659E-1,2.156991076E-1,5.322853939E-1
1.113307018E2,-4.044627240E-1,-2.096595186E-1,2.516436964E-1,5.204534166E-1
1.113406908E2,-4.300934091E-1,-1.231829998E-1,1.428486478E-1,4.696382951E-1
1.113506788E2,-3.874394327E-1,-5.294361413E-2,1.618333876E-2,3.913748086E-1
1.113606667E2,-3.617309797E-1,-8.462324381E-2,7.411930561E-2,3.788193059E-1
1.113706548E2,-3.577782619E-1,-1.428281826E-1,6.376973391E-2,3.904763160E-1
1.113806428E2,-2.972733209E-1,-1.752635649E-1,9.918748856E-2,3.590639252E-1
1.113906307E2,-3.033561793E-1,-2.118972480E-1,2.235326225E-1,4.323103614E-1
1.114006188E2,-3.293961695E-1,-2.300391117E-1,2.558560306E-1,4.763214647E-1
1.114106078E2,-4.163314024E-1,-1.784947363E-1,1.325481927E-1,4.719758795E-1
1.114205958E2,-4.300682661E-1,-7.500545114E-2,7.152138770E-2,4.423797465E-1
1.114305838E2,-2.041695678E-1,-8.566229403E-2,8.522667646E-2,2.372484508E-1
1.114405718E2,-4.212948114E-2,-1.759742939E-1,-6.190447211E-3,1.810529396E-1
1.114505598E2,1.842369944E-2,-1.761055639E-1,-5.766816437E-2,1.862208891E-1
1.114605478E2,-1.228523397E-1,-1.451360786E-1,-8.443203986E-2,2.080527530E-1
1.114705358E2,-2.390078634E-1,-5.179054320E-2,1.147808433E-2,2.448239481E-1
1.114805247E2,-3.473012209E-1,1.145235658E-2,-2.936705589E-2,3.487287176E-1
1.114905128E2,-3.473582312E-1,4.086882144E-2,-2.164873123E-2,3.504235565E-1
1.115005008E2,-1.925020337E-2,-1.057702839E-2,1.532812500E-1,1.548469743E-1
1.115104887E2,1.430725962E-1,-1.757795817E-1,7.755863786E-2,2.395486828E-1
1.115204768E2,7.613250196E-2,-2.627990144E-1,4.414647818E-3,2.736402181E-1
1.115304648E2,-3.897081524E-2,-1.911139047E-1,-5.262903392E-2,2.020224350E-1
1.115404527E2,-1.849173179E-1,-2.434976479E-1,-4.647834778E-2,3.092664803E-1
1.115504408E2,-2.083035493E-1,-2.167393273E-1,3.501078844E-2,3.026418014E-1
1.115604298E2,-1.875950503E-1,-1.569252348E-1,1.483672500E-1,2.860599117E-1
1.115704178E2,-1.926350579E-1,-1.765210086E-1,2.735356718E-1,3.782719865E-1
1.115804058E2,-2.977364203E-1,-2.793214917E-2,2.674715245E-1,4.012084213E-1
1.115903937E2,-3.392773792E-1,1.282534128E-1,5.106431901E-2,3.662862851E-1
1.116003818E2,-2.266012412E-1,2.199400932E-1,-7.249144077E-2,3.240011977E-1
1.116103698E2,-2.736628488E-1,1.698487508E-1,-1.893609095E-1,3.736274976E-1
1.116203577E2,-2.497994846E-1,1.527026680E-1,-7.625236988E-2,3.025430734E-1
1.116303468E2,-2.568804628E-1,1.196927968E-1,-2.017289400E-3,2.834043175E-1
1.116403348E2,-1.653390858E-1,3.610392541E-2,-3.460791528E-2,1.727374149E-1
1.116503228E2,-8.053370118E-2,-1.913735211E-2,-1.239820218E-1,1.490753400E-1
1.116603108E2,3.464387566E-2,2.562045246E-2,-1.242457312E-1,1.315051612E-1
1.116702988E2,1.239571711E-1,8.283107221E-2,-1.112444472E-1,1.860153054E-1
1.116802868E2,1.154477182E-1,-2.227116734E-2,-1.936311311E-1,2.265329898E-1
1.116902748E2,-1.360383958E-1,-5.552077442E-2,-2.064979291E-1,2.534371643E-1
1.117002638E2,-2.681255355E-1,2.096197575E-2,3.997215092E-2,2.718979222E-1
1.117102517E2,-4.240438798E-1,5.635195613E-2,8.682413578E-2,4.364941987E-1
1.117202398E2,-3.831771049E-1,9.515671045E-2,9.331746876E-2,4.056940266E-1
1.117302278E2,-2.871576378E-1,-4.196634382E-2,4.029257834E-2,2.929917658E-1
1.117402157E2,-2.191752774E-1,-2.729529968E-1,8.228786588E-2,3.596003803E-1
1.117502038E2,-2.149953952E-1,-3.850350577E-1,-2.598970413E-2,4.417583959E-1
1.117601918E2,-1.747688904E-1,-3.256586292E-1,-5.430016816E-2,3.735588523E-1
1.117701808E2,-7.099835426E-2,-2.292120230E-1,-1.471089292E-1,2.814603966E-1
1.117801688E2,1.862025359E-1,-1.955449247E-1,-1.779670250E-1,3.233905750E-1
1.117901568E2,3.704684740E-1,-2.629226831E-1,-2.425524455E-1,5.149824428E-1
1.118001448E2,2.306147701E-1,-3.217757857E-1,-3.700135607E-1,5.418790119E-1
1.118101328E2,1.297774896E-1,-3.206747550E-1,-2.881800234E-1,4.502468447E-1
1.118201207E2,1.499290413E-1,-3.053296146E-1,-1.746826440E-1,3.823858223E-1
1.118301088E2,2.639444840E-1,-2.326747441E-1,-2.605799961E-1,4.378426219E-1
1.118400978E2,3.496050239E-1,-2.059845436E-1,-4.386277127E-1,5.975345808E-1
1.118500858E2,3.691905650E-1,-1.812882435E-1,-4.954784364E-1,6.439456355E-1
1.118600733E2,2.613977292E-1,-1.039158395E-1,-4.500601888E-1,5.307367031E-1
1.118700613E2,2.829988056E-1,-2.211650848E-2,-2.643596363E-1,3.878962248E-1
1.118800493E2,3.177917853E-1,-2.825082242E-3,-1.548781246E-1,3.535347697E-1
1.118900373E2,3.585360610E-1,1.239229649E-2,-3.283118033E-1,4.863027003E-1
1.119000253E2,3.982687685E-1,1.088503048E-1,-4.914871269E-1,6.418925118E-1
1.119100143E2,3.520479906E-1,1.798284861E-1,-4.019194776E-1,5.637511317E-1
1.119200023E2,2.361038437E-1,9.609957397E-2,-3.352009928E-1,4.211173931E-1
1.119299903E2,1.893386900E-1,6.763415873E-2,-4.095559412E-1,4.562450964E-1
1.119399783E2,3.131280461E-1,1.726320255E-1,-3.585758221E-1,5.063868182E-1
1.119499663E2,4.353298831E-1,2.309398752E-1,-2.934015870E-1,5.735240399E-1
1.119599543E2,5.526419860E-1,2.509920242E-1,-3.160975546E-1,6.843448144E-1
1.119699423E2,4.301448646E-1,1.789057955E-1,-4.353211123E-1,6.376020381E-1
1.119799313E2,3.997884598E-1,2.107701972E-1,-3.896140122E-1,5.967025785E-1
1.119899193E2,2.897836223E-1,2.515454632E-1,-4.205340886E-1,5.692965725E-1
1.119999073E2,2.200576222E-1,2.354018855E-1,-3.219669896E-1,4.555240358E-1
1.120098953E2,2.911226347E-1,3.231995827E-1,-1.082857561E-1,4.482590364E-1
1.120198833E2,2.586033449E-1,2.517942622E-1,6.371477008E-2,3.665182293E-1
1.120298713E2,6.695646644E-2,2.480184227E-1,1.886949116E-1,3.187508056E-1
1.120398593E2,1.529985371E-1,3.286714071E-1,1.155029744E-1,3.804922907E-1
1.120498483E2,2.718084043E-1,3.251315027E-1,-1.983609438E-2,4.242449450E-1
1.120598363E2,3.810267913E-1,3.587348664E-1,-1.130284327E-1,5.353947578E-1
1.120698243E2,5.350208169E-1,4.277600777E-1,-1.010287768E-1,6.924108407E-1
1.120798123E2,4.724684733E-1,4.178429076E-1,-2.017172456E-1,6.622001215E-1
1.120898003E2,2.277765316E-1,4.024240923E-1,-2.278320801E-1,5.154946703E-1
1.120997883E2,2.978618431E-1,4.841538414E-1,-6.604605496E-2,5.722662852E-1
1.121097763E2,2.395838141E-1,4.707143086E-1,-2.935068369E-2,5.289932202E-1
1.121197653E2,2.536185935E-1,4.837761113E-1,6.627994359E-2,5.502315401E-1
1.121297533E2,3.185934386E-1,5.086796951E-1,1.728688377E-1,6.246122368E-1
1.121397413E2,3.490357974E-1,3.539328405E-1,2.363017720E-1,5.503934692E-1
1.121497293E2,3.570815662E-1,3.262041745E-1,2.539439911E-1,5.462636350E-1
1.121597173E2,2.718543050E-1,3.160902455E-1,2.371010864E-1,4.796193612E-1
1.121697053E2,1.698095745E-1,3.258091950E-1,2.336600000E-1,4.354123548E-1
1.121796933E2,1.610866982E-1,3.811957759E-1,1.722636509E-1,4.482565217E-1
1.121896823E2,1.496153381E-1,4.164372370E-1,1.471627235E-1,4.663277699E-1
1.121996703E2,1.397882152E-1,4.535088766E-1,1.583788526E-1,5.002948203E-1
1.122096583E2,1.767203987E-1,3.985737008E-1,1.377340883E-1,4.572327343E-1
1.122196463E2,2.353363967E-1,3.343674722E-1,1.536250663E-1,4.367899805E-1
1.122296343E2,1.682752651E-1,2.876388636E-1,1.564381617E-1,3.681379893E-1
1.122396223E2,1.743858978E-1,3.443752742E-1,2.231934839E-1,4.458924782E-1
1.122496103E2,1.245796072E-1,3.248748100E-1,2.097554129E-1,4.062770655E-1
1.122595993E2,1.903268695E-3,2.271695906E-1,1.997046340E-1,3.024757612E-1
1.122695873E2,1.125398979E-1,2.220512304E-1,2.584843540E-1,3.588678570E-1
1.122795753E2,5.079213113E-2,1.917024270E-1,2.497883749E-1,3.189418338E-1
1.122895633E2,1.831421033E-1,1.622552642E-1,2.661816287E-1,3.615528457E-1
1.122995513E2,2.092899746E-1,1.725498721E-1,3.030383831E-1,4.067038400E-1
1.123095393E2,1.798843271E-1,1.632340881E-1,2.455070436E-1,3.453656716E-1
1.123195273E2,1.276511496E-1,1.434666985E-1,1.313927829E-1,2.326834180E-1
1.123295163E2,1.138584450E-1,1.342874470E-1,1.715368420E-1,2.458083646E-1
1.123395043E2,1.914024648E-1,1.888405073E-1,2.360456640E-1,3.577893182E-1
1.123494923E2,1.782485685E-1,2.002843854E-1,2.216913342E-1,3.478985985E-1
1.123594803E2,7.834538072E-2,2.571213681E-1,2.434447306E-1,3.626496015E-1
1.123694683E2,3.410680890E-3,2.978694445E-1,2.393978727E-1,3.821638132E-1
1.123794563E2,-2.625516772E-2,3.352208734E-1,2.427769786E-1,4.147324790E-1
1.123894443E2,1.646049678E-2,3.856133473E-1,2.958480620E-1,4.863071842E-1
1.123994333E2,-4.188594460E-2,3.038610864E-1,2.372817653E-1,3.877997271E-1
1.124094213E2,-2.616386345E-1,2.080006635E-1,1.784383106E-1,3.788921770E-1
1.124194093E2,-1.584744546E-1,2.679065573E-1,3.185937309E-1,4.454099702E-1
1.124293973E2,-7.891519189E-2,2.714990866E-1,3.118016052E-1,4.209033174E-1
1.124393853E2,-1.671192706E-1,1.504117289E-1,2.207101715E-1,3.150643086E-1
1.124493733E2,-1.527780971E-1,1.573962280E-1,2.189296943E-1,3.099111656E-1
1.124593613E2,-1.624824286E-1,1.343003109E-1,2.415262592E-1,3.205807963E-1
1.124693493E2,-6.387498379E-2,1.357162142E-1,3.467311174E-1,3.777848225E-1
1.124793383E2,-5.335262686E-2,8.902415067E-2,5.377970749E-1,5.477202717E-1
1.124893263E2,3.354723036E-2,1.453623658E-1,7.038597536E-1,7.194957865E-1
1.124993143E2,4.961157829E-2,8.380521834E-2,3.496097016E-1,3.629208823E-1
1.125093023E2,-3.424836999E-1,7.304955751E-2,6.912332761E-1,7.748772578E-1
1.125192903E2,9.795401841E-2,1.417312449E-1,3.048814255E-1,3.501934025E-1
1.125292783E2,-2.848819014E-1,2.324385166E-2,4.105131304E-1,5.002189567E-1
1.125392673E2,-3.461004952E-1,8.027116120E-2,6.240025753E-1,7.180586508E-1
1.125492553E2,-4.385508218E-1,6.438836932E-2,6.892855686E-1,8.195042895E-1
1.125592433E2,-9.894953611E-1,-9.013687581E-2,7.322333676E-1,1.234257441E0
1.125692313E2,-1.650540925E0,-8.222354650E-3,4.397474545E-1,1.708136638E0
1.125792193E2,-1.727598456E0,8.728279138E-1,1.428568339E-1,1.940833086E0
1.125892073E2,1.072639552E-1,1.227127082E0,-1.109333754E-1,1.236791270E0
1.125991953E2,1.301385844E0,-5.729832798E-2,8.099826247E-1,1.533936135E0
1.126091833E2,6.506848821E-1,-1.149865483E0,1.464194840E0,1.972168343E0
1.126191723E2,-2.217986307E-1,-9.762192580E-1,1.378466472E0,1.703633906E0
1.126291603E2,-5.889336070E-1,-3.878133622E-1,9.826596737E-1,1.209488335E0
1.126391483E2,-8.144595453E-1,1.613898763E-1,5.454575121E-1,9.934359268E-1
1.126491363E2,-1.019602675E0,2.934811091E-1,1.799211645E-1,1.076147016E0
1.126591243E2,-1.055868568E0,2.003794026E-1,3.593581796E-2,1.075314708E0
1.126691123E2,-7.618205711E-1,1.237036943E-1,1.013439417E-2,7.718652036E-1
1.126791003E2,-4.786878642E-1,-1.557113528E-3,4.496029365E-1,6.567246733E-1
1.126890893E2,-4.162904719E-1,-1.876149309E-1,1.005569649E0,1.104385548E0
1.126990773E2,-6.148280016E-1,-2.456716427E-1,1.461887528E0,1.604831198E0
1.127090653E2,-9.540969023E-1,-2.338509116E-1,1.569157038E0,1.851280897E0
1.127190533E2,-1.031135430E0,-2.912638450E-1,1.211224995E0,1.617139725E0
1.127290413E2,-8.108415806E-1,-5.757425809E-1,7.799466473E-1,1.263827663E0
1.127390293E2,-6.721321768E-1,-8.237960869E-1,6.009662998E-1,1.221295275E0
1.127490173E2,-5.889110953E-1,-7.556310010E-1,5.851659536E-1,1.122592393E0
1.127590063E2,-7.624117246E-1,-3.407254422E-1,6.342451429E-1,1.048633571E0
1.127689943E2,-7.773727030E-1,1.927373841E-1,4.530551326E-1,9.201711644E-1
1.127789823E2,-4.205843747E-1,5.017253092E-1,-1.125179708E-2,6.547870685E-1
1.127889703E2,-3.013654947E-3,5.336288872E-1,-4.471471059E-1,6.962107481E-1
1.127989583E2,2.347218543E-1,5.556655812E-1,-6.489608306E-1,8.860071934E-1
1.128089463E2,2.403196862E-1,5.699941832E-1,-6.289347017E-1,8.821597244E-1
1.128189343E2,1.239466462E-1,6.374654970E-1,-5.085247439E-1,8.248166136E-1
1.128289233E2,4.248323768E-2,6.721301302E-1,-6.074198717E-1,9.069303380E-1
1.128389113E2,-1.504780948E-3,6.316443014E-1,-4.780443782E-1,7.921510054E-1
1.128488993E2,-6.293182790E-2,5.045749497E-1,-2.903025627E-1,5.855184649E-1
1.128588873E2,-1.405191171E-1,5.126101935E-1,-1.742610598E-1,5.593583375E-1
1.128688753E2,-7.358896315E-2,5.761898929E-1,-1.604493517E-1,6.026227034E-1
1.128788633E2,1.519510084E-1,5.797254118E-1,-2.023838282E-1,6.325581997E-1
1.128888523E2,2.855166167E-1,5.730353200E-1,-2.066394317E-1,6.727474052E-1
1.128988402E2,3.641926575E-1,6.780641770E-1,-2.180227911E-1,7.999632850E-1
1.129088283E2,3.676270196E-1,7.467938116E-1,-3.481110603E-1,9.022371822E-1
1.129188163E2,3.651995480E-1,7.891449022E-1,-4.574727041E-1,9.825485543E-1
1.129288042E2,3.568672657E-1,8.277429575E-1,-6.256859887E-1,1.097267335E0
1.129387923E2,2.876309699E-1,8.650938016E-1,-7.301207685E-1,1.167987670E0
1.129487803E2,1.593702480E-1,8.513537219E-1,-6.046237332E-1,1.056301043E0
1.129587693E2,1.025394049E-1,7.776527846E-1,-3.870026457E-1,8.746594942E-1
1.129687573E2,5.385373324E-2,7.107615146E-1,-2.063061404E-1,7.420541616E-1
1.129787453E2,5.217821360E-2,6.886087534E-1,-2.246552879E-1,7.262056042E-1
1.129887333E2,7.011162400E-2,5.661291736E-1,-2.099928099E-1,6.078773406E-1
1.129987213E2,1.643962222E-1,4.752330369E-1,-1.218764395E-1,5.174228674E-1
1.130087093E2,3.347063184E-1,4.032371476E-1,-1.058579922E-2,5.241570146E-1
1.130186973E2,5.243104720E-1,3.616497034E-1,8.655107081E-2,6.427931758E-1
1.130286863E2,7.090178749E-1,2.479912332E-1,2.164077902E-1,7.816894078E-1
1.130386743E2,7.895992309E-1,5.598767459E-2,3.154724872E-1,8.521293654E-1
1.130486622E2,7.314755684E-1,2.464542925E-2,3.715490395E-1,8.207999714E-1
1.130586503E2,6.553246477E-1,6.399163574E-2,3.757040709E-1,7.580889607E-1
1.130686383E2,5.268724295E-1,1.198845854E-1,1.412546968E-1,5.584977710E-1
1.130786263E2,3.142311233E-1,2.205558050E-1,-1.127501053E-1,4.001232913E-1
1.130886143E2,9.741168916E-3,3.697890276E-1,-2.468858171E-1,4.447374753E-1
1.130986032E2,-1.774238187E-1,5.510597295E-1,-2.873690146E-1,6.463180235E-1
1.131085913E2,-2.704574051E-1,6.708346796E-1,-2.299984735E-1,7.589899032E-1
1.131185793E2,-5.121049941E-1,6.369804704E-1,1.057544965E-1,8.241235697E-1
1.131285672E2,-5.775359219E-1,5.568221605E-1,2.752418894E-1,8.481490183E-1
1.131385553E2,-4.601068747E-1,4.325202960E-1,2.712306994E-1,6.872686774E-1
1.131485433E2,-4.253744137E-1,1.835689500E-1,2.354907632E-1,5.197084286E-1
1.131585312E2,-4.019873053E-1,7.364334226E-2,2.769475222E-1,4.936770863E-1
1.131685203E2,-2.620613882E-1,9.683339953E-2,2.220146853E-1,3.568520687E-1
1.131785083E2,-1.525357300E-1,9.801278293E-2,1.255701256E-1,2.205482056E-1
1.131884963E2,-2.422413737E-2,3.356535673E-2,1.295976877E-1,1.360477955E-1
1.131984843E2,1.214443302E-1,-2.813241631E-2,2.044794703E-1,2.394828009E-1
1.132084723E2,2.175348410E-1,-2.340055704E-3,2.432231212E-1,3.263194288E-1
1.132184603E2,2.600300655E-1,2.922759980E-2,2.313152665E-1,3.492515427E-1
1.132284483E2,1.627326894E-1,1.854941458E-2,8.478988945E-2,1.844324655E-1
1.132384373E2,-9.641766250E-3,1.115429476E-1,-4.136905074E-2,1.193574094E-1
1.132484252E2,1.382603377E-2,2.507537502E-1,-1.630057544E-1,2.993985277E-1
1.132584133E2,2.164092520E-1,4.367206433E-1,-1.140166122E-1,5.005573619E-1
1.132684013E2,1.995207390E-1,3.960874647E-1,8.039336801E-2,4.507292964E-1
1.132783892E2,-3.203630984E-2,2.264468747E-1,4.494053006E-2,2.330754459E-1
1.132883773E2,-6.862526178E-2,1.808421010E-1,1.108865976E-1,2.229554430E-1
1.132983653E2,-3.233714908E-2,2.164259166E-2,2.859335232E-1,2.885690085E-1
1.133083543E2,1.558581179E-1,-1.163057971E-1,4.144342732E-1,4.577931391E-1
1.133183423E2,2.575411981E-1,-1.833271676E-1,2.550578856E-1,4.061906500E-1
1.133283302E2,2.518805087E-1,-4.089542627E-2,1.412277997E-2,2.555693242E-1
1.133383183E2,1.195527560E-1,8.279745072E-2,-5.915160298E-2,1.569942401E-1
1.133483063E2,1.192206341E-1,1.306683129E-1,1.867483735E-2,1.778665712E-1
1.133582942E2,1.121691844E-1,7.301447421E-2,-6.666585982E-2,1.495238317E-1
1.133682823E2,2.701121271E-3,7.913358539E-2,-1.689500338E-1,1.865838533E-1
1.133782713E2,-1.352209550E-1,1.595430332E-1,-1.860519701E-1,2.799178839E-1
1.133882593E2,-2.368248054E-1,1.367435700E-1,-8.870518506E-2,2.874950474E-1
1.133982473E2,-2.749463126E-1,7.994050115E-2,7.293992221E-2,2.954762102E-1
1.134082353E2,-3.249060926E-1,-1.907537162E-2,1.217244118E-1,3.474833395E-1
1.134182233E2,-2.840349323E-1,1.101001471E-2,1.281089866E-1,3.117835397E-1
1.134282113E2,-2.476781148E-1,2.196418852E-2,7.732825756E-2,2.603968770E-1
1.134381993E2,-2.845298991E-1,-8.334124178E-2,-2.933138788E-2,2.979317982E-1
1.134481882E2,-1.918456838E-1,-7.325099409E-2,-5.608883142E-2,2.128765640E-1
1.134581763E2,-7.664033264E-2,-5.932877362E-3,-1.413523453E-1,1.609019116E-1
1.134681643E2,-3.505668908E-2,2.433611155E-3,-3.047767603E-1,3.067959706E-1
1.134781522E2,6.780723631E-3,3.160127699E-2,-3.442852271E-1,3.457989828E-1
1.134881403E2,4.587316096E-2,4.973933995E-2,-2.208803254E-1,2.310118330E-1
1.134981283E2,3.669624835E-2,-5.066904724E-2,-6.119695902E-2,8.751591161E-2
1.135081162E2,7.613893390E-2,-1.832736656E-1,1.666058850E-1,2.591213899E-1
1.135181053E2,2.111312628E-2,-2.727401581E-1,2.423811221E-1,3.654881206E-1
1.135280933E2,-7.897220224E-2,-3.514410496E-1,3.174476767E-1,4.801254497E-1
1.135380813E2,-1.792773861E-1,-4.018028256E-1,2.593941808E-1,5.107555510E-1
1.135480693E2,-1.582581076E-1,-4.398471496E-1,2.242032981E-1,5.184382919E-1
1.135580572E2,-1.382404572E-1,-4.398532891E-1,9.150015414E-2,4.700570371E-1
1.135680453E2,-3.828493685E-1,-3.867871758E-1,-1.347344667E-1,5.606525973E-1
1.135780343E2,-5.105186445E-1,-2.975381997E-1,-1.777495086E-1,6.170519868E-1
1.135880223E2,-6.714211553E-1,-1.827456620E-1,-5.993980765E-2,6.984233139E-1
1.135980103E2,-6.818929338E-1,-2.835455203E-1,1.466364741E-2,7.386413594E-1
1.136079983E2,-6.180682361E-1,-2.910510063E-1,3.068326414E-2,6.838570724E-1
1.136179863E2,-6.146885455E-1,-2.626715451E-1,3.604691505E-2,6.694308991E-1
1.136279743E2,-4.948355350E-1,-3.927826184E-1,2.355375409E-2,6.322144979E-1
1.136379623E2,-4.219190016E-1,-4.290894422E-1,-4.625147581E-4,6.017753794E-1
1.136479512E2,-4.324343419E-1,-3.220532361E-1,-3.983181775E-2,5.406517554E-1
1.136579393E2,-2.500316191E-1,-2.702890053E-1,-1.385579610E-1,3.934085224E-1
1.136679273E2,6.434597701E-2,-3.580419713E-1,-1.822056717E-1,4.068579172E-1
1.136779152E2,1.701577762E-1,-4.153011230E-1,-2.377191371E-1,5.078770320E-1
1.136879033E2,4.217041165E-2,-4.405540779E-1,-1.841943097E-1,4.793681080E-1
1.136978913E2,9.898809850E-2,-3.501301038E-1,-1.512604523E-1,3.940424567E-1
1.137078792E2,2.016181353E-1,-2.290047392E-1,-1.450635731E-1,3.378409142E-1
1.137178683E2,2.923835868E-1,-1.347163403E-1,-2.296435475E-1,3.954400246E-1
1.137278563E2,3.145816639E-1,-3.090838194E-3,-2.192390120E-1,3.834539359E-1
1.137378443E2,4.151809627E-1,5.702672482E-2,-2.368297756E-2,4.197477368E-1
1.137478323E2,6.014039639E-1,1.473787782E-1,1.168718076E-1,6.301319317E-1
1.137578203E2,9.537320361E-1,2.192179620E-1,1.502535617E-1,9.900694139E-1
1.137678083E2,1.264049033E0,3.507168719E-1,1.622374302E-1,1.321795471E0
1.137777963E2,1.758262717E0,2.223827675E-1,3.010023826E-1,1.797649663E0
1.137877853E2,2.406192976E0,-3.524227971E-1,5.278053528E-1,2.488482460E0
1.137977733E2,2.570714621E0,-9.852491131E-1,1.104840168E0,2.966472867E0
1.138077613E2,2.882821451E0,-8.246746311E-1,9.616588140E-1,3.148894320E0
1.138177493E2,2.680834356E0,-3.979805008E-1,8.532011497E-1,2.841340093E0
1.138277373E2,2.415524839E0,1.654402426E-1,5.351798612E-1,2.479626627E0
1.138377253E2,2.193734687E0,7.167742065E-1,1.995420814E-1,2.316474516E0
1.138477133E2,1.521672969E0,8.111792573E-1,5.770032406E-1,1.818360017E0
1.138577023E2,1.555082498E0,9.068920380E-1,3.662368441E-1,1.837080338E0
1.138676907E2,1.403739308E0,9.642248645E-1,9.433956206E-2,1.705612379E0
1.138776787E2,1.003428399E0,9.820860618E-1,1.456032711E-1,1.411581346E0
1.138876667E2,8.274962050E-1,9.575210318E-1,3.068238705E-1,1.302204816E0
1.138976547E2,7.138248709E-1,9.768814552E-1,2.308925128E-1,1.231728329E0
1.139076427E2,4.466655877E-1,9.824883503E-1,6.810252070E-2,1.081402543E0
1.139176307E2,2.030200052E-1,1.003332212E0,-4.348281920E-2,1.024589384E0
1.139276197E2,1.521170694E-1,9.989044082E-1,-9.531780124E-2,1.014906450E0
1.139376077E2,7.801998317E-2,9.361515051E-1,-1.563697493E-1,9.523225592E-1
1.139475957E2,2.071265048E-1,9.066949868E-1,-2.023341268E-1,9.518068538E-1
1.139575837E2,4.086250645E-1,8.589238197E-1,-2.586352122E-1,9.857062160E-1
1.139675717E2,6.383279613E-1,8.606186351E-1,-2.055079955E-1,1.091036460E0
1.139775597E2,9.087850741E-1,7.582637098E-1,-2.324677527E-1,1.206190458E0
1.139875487E2,9.249587649E-1,6.849492735E-1,-2.857382262E-1,1.185896521E0
1.139975367E2,8.831500036E-1,4.389288443E-1,-2.592345518E-1,1.019713201E0
1.140075247E2,7.392017868E-1,1.963021392E-1,-1.636770147E-1,7.821406374E-1
1.140175127E2,5.211819193E-1,-2.180251300E-2,-1.487303621E-1,5.424266431E-1
1.140275007E2,2.421668217E-1,2.090321124E-2,-9.938278556E-2,2.625997940E-1
1.140374887E2,1.830201888E-1,-1.060693690E-1,-4.367870092E-4,2.115355557E-1
1.140474767E2,7.445815176E-2,-1.899792525E-1,2.128860122E-1,2.948840229E-1
1.140574657E2,-1.681261611E-1,3.024823129E-2,-1.730144334E-1,2.431364960E-1
1.140674537E2,-3.416800001E-1,2.754366016E-1,-6.822355807E-1,8.112064667E-1
1.140774417E2,-3.117852330E-1,2.249634361E-1,-9.550181311E-1,1.029503866E0
1.140874297E2,-3.325922576E-1,4.565213621E-3,-8.495197427E-1,9.123169648E-1
1.140974177E2,-4.909088373E-1,-1.471393347E-2,-9.914784443E-1,1.106452661E0
1.141074057E2,-5.629956508E-1,2.629405171E-2,-9.971180838E-1,1.145382012E0
1.141173937E2,-7.314618275E-1,-1.284677133E-1,-7.811815792E-1,1.077861317E0
1.141273827E2,-6.064413401E-1,-3.668958253E-1,-4.791711366E-1,8.555633371E-1
1.141373707E2,-4.638678038E-1,-5.655093688E-1,-1.685237718E-1,7.505827384E-1
1.141473587E2,-4.470661220E-1,-6.925202483E-1,1.520860791E-2,8.244293260E-1
1.141573467E2,-3.411610597E-1,-7.848594779E-1,2.499257845E-1,8.915481851E-1
1.141673347E2,-4.221262854E-1,-8.626672071E-1,2.330431187E-1,9.882785064E-1
1.141773227E2,-4.085484660E-1,-6.934762681E-1,-1.906630844E-1,8.271478678E-1
1.141873117E2,-4.254498428E-1,-5.700628880E-1,-5.374567670E-1,8.915374593E-1
1.141972997E2,-4.333886075E-1,-5.874656636E-1,-6.972839749E-1,1.009527876E0
1.142072877E2,-5.164471364E-1,-6.645208561E-1,-4.493053132E-1,9.540340022E-1
1.142172757E2,-4.508700281E-1,-7.284127969E-1,-3.168606162E-1,9.133836187E-1
1.142272637E2,-4.434592670E-1,-6.843551964E-1,-4.555431229E-1,9.340865555E-1
1.142372517E2,-4.851738882E-1,-6.140664017E-1,-6.090535837E-1,9.916740974E-1
1.142472397E2,-5.270484307E-1,-4.731388566E-1,-5.441845733E-1,8.931837861E-1
1.142572287E2,-5.210670215E-1,-4.618572387E-1,-3.012836337E-1,7.586796279E-1
1.142672167E2,-2.978530723E-1,-6.386685616E-1,-7.768259883E-2,7.089771297E-1
1.142772047E2,-6.235938549E-2,-7.699239349E-1,-1.560037136E-3,7.724467569E-1
1.142871927E2,-1.195024699E-2,-6.868542963E-1,-1.083722949E-1,6.954539432E-1
1.142971807E2,-1.073490322E-1,-7.025435454E-1,-1.570790166E-1,7.278496172E-1
1.143071687E2,-2.826079193E-1,-7.722502497E-1,-1.452243716E-1,8.350615560E-1
1.143171577E2,-4.313154772E-1,-7.785681662E-1,3.917634487E-2,8.909187484E-1
1.143271457E2,-4.803727394E-1,-9.203745478E-1,8.855140328E-2,1.041963832E0
1.143371337E2,-5.062504694E-1,-1.036336821E0,3.452196121E-2,1.153895710E0
1.143471217E2,-4.595554823E-1,-9.835636532E-1,-1.275611025E-1,1.093096764E0
1.143571097E2,-2.577569604E-1,-8.787084585E-1,-2.188799930E-1,9.415283623E-1
1.143670977E2,-1.156725436E-1,-8.654925817E-1,-2.175117445E-1,8.998716049E-1
1.143770857E2,-1.271181759E-1,-8.140522867E-1,-2.768469501E-1,8.691860503E-1
1.143870747E2,-2.893325096E-1,-7.147513622E-1,-4.036561006E-1,8.703568570E-1
1.143970627E2,-4.666788527E-1,-6.055250815E-1,-5.361469907E-1,9.337576621E-1
1.144070507E2,-6.739705414E-1,-5.522537309E-1,-5.900156343E-1,1.052301726E0
1.144170387E2,-8.282887951E-1,-4.151107961E-1,-5.723833555E-1,1.089037193E0
1.144270267E2,-9.410731065E-1,-2.570857000E-1,-5.687200749E-1,1.129227246E0
1.144370147E2,-9.566553515E-1,-9.317450434E-2,-6.167186987E-1,1.142021411E0
1.144470027E2,-8.847881010E-1,-3.589313328E-3,-6.088454229E-1,1.074037064E0
1.144569917E2,-7.513932315E-1,3.969820887E-2,-5.144123054E-1,9.114755926E-1
1.144669797E2,-6.209079364E-1,5.097719550E-2,-3.730541128E-1,7.261506118E-1
1.144769677E2,-4.975764173E-1,-3.979030252E-3,-1.591389906E-1,5.224206563E-1
1.144869557E2,-3.990601891E-1,-2.995528579E-2,5.475683570E-2,4.039117041E-1
1.144969437E2,-4.017483003E-1,5.176159948E-2,1.124448806E-1,4.203865021E-1
1.145069317E2,-4.335029206E-1,1.802100170E-1,1.530918002E-2,4.697177912E-1
1.145169207E2,-4.853870192E-1,2.807382721E-1,1.522088706E-2,5.609333394E-1
1.145269087E2,-4.488153166E-1,3.029334256E-1,7.156582654E-2,5.461918310E-1
1.145368967E2,-4.010435647E-1,2.323104626E-1,1.706094736E-1,4.938741583E-1
1.145468847E2,-3.477842009E-1,2.289097220E-1,2.699869967E-1,4.962322940E-1
1.145568727E2,-2.985149771E-1,2.129438996E-1,3.983953607E-1,5.414565166E-1
1.145668607E2,-2.202397630E-1,1.364020926E-1,5.595545644E-1,6.166136510E-1
1.145768487E2,-1.364781064E-1,3.288503319E-2,6.759463155E-1,6.903702778E-1
1.145868377E2,-1.109143719E-1,-2.704483420E-2,7.175422382E-1,7.265674673E-1
1.145968257E2,-1.550693285E-1,-5.776084274E-2,6.382966787E-1,6.593978022E-1
1.146068137E2,-2.074682745E-1,-3.436203986E-2,4.952287602E-1,5.380291439E-1
1.146168017E2,-2.303171468E-1,1.582139611E-2,3.408669448E-1,4.116874770E-1
1.146267897E2,-1.534315234E-1,-2.674457967E-2,2.598490942E-1,3.029489341E-1
1.146367777E2,-1.097908294E-1,-4.987879604E-2,2.332360768E-1,2.625661594E-1
1.146467657E2,-1.556674987E-1,3.816126823E-2,1.809379953E-1,2.417172122E-1
1.146567547E2,-1.138850498E-1,7.528991818E-2,1.240855175E-1,1.844873763E-1
1.146667427E2,-1.222527078E-1,2.268456548E-2,1.134710670E-1,1.683329947E-1
1.146767307E2,-1.570421791E-1,-4.343370259E-2,5.726587594E-2,1.727081732E-1
1.146867187E2,-2.065908998E-1,8.174846023E-2,-6.254298806E-2,2.308121227E-1
1.146967067E2,-1.896336821E-1,2.673399621E-1,-1.410482901E-1,3.568279822E-1
1.147066947E2,-1.514987263E-1,3.615447459E-1,-1.377440286E-1,4.154995605E-1
1.147166837E2,-1.277879745E-1,4.051787156E-1,-1.259595501E-1,4.431313194E-1
1.147266717E2,-1.440400180E-1,3.899759549E-1,-1.069543451E-1,4.292644920E-1
1.147366597E2,-1.912574539E-1,3.494319463E-1,-3.873663425E-2,4.002282169E-1
1.147466477E2,-2.401533329E-1,2.810940751E-1,-5.432648063E-3,3.697526417E-1
1.147566357E2,-2.781233972E-1,2.848938882E-1,1.056182563E-2,3.982821912E-1
1.147666237E2,-2.591468436E-1,3.077161556E-1,7.058758736E-3,4.023632004E-1
1.147766117E2,-1.996599028E-1,3.280992571E-1,8.662065268E-3,3.841721367E-1
1.147866007E2,-1.125536388E-1,3.284381032E-1,2.848763466E-3,3.472002660E-1
1.147965887E2,-5.385490268E-2,2.965807182E-1,3.130014539E-3,3.014469604E-1
1.148065767E2,-4.641168952E-2,2.146492401E-1,1.063023806E-3,2.196120926E-1
1.148165647E2,-9.777918667E-2,1.700434631E-1,-1.829652250E-2,1.970033285E-1
1.148265527E2,-1.526667076E-1,1.266723257E-1,-4.710809290E-2,2.038925554E-1
1.148365407E2,-1.629095677E-1,6.611622155E-2,-9.268012226E-2,1.987472944E-1
1.148465287E2,-2.002735680E-1,1.319073379E-2,-1.197544849E-1,2.337191352E-1
1.148565177E2,-2.444203386E-1,-4.107084274E-3,-1.123004544E-1,2.690159142E-1
1.148665055E2,-2.974922991E-1,3.869921207E-2,-8.816373289E-2,3.126853703E-1
1.148764935E2,-3.201221931E-1,6.574053794E-2,-1.061526918E-1,3.436108712E-1
1.148864815E2,-3.183785534E-1,9.361041427E-2,-1.136102307E-1,3.507635919E-1
1.148964695E2,-3.629220575E-1,9.847442061E-2,-7.707975090E-2,3.838631518E-1
1.149064575E2,-4.132084045E-1,9.671060801E-2,-4.945107222E-2,4.272464579E-1
1.149164465E2,-4.873198164E-1,8.470802844E-2,-3.301337957E-2,4.957276840E-1
1.149264345E2,-5.405034587E-1,7.456340164E-2,-1.593775570E-2,5.458550190E-1
1.149364225E2,-5.124485180E-1,6.560195893E-2,-2.755266488E-2,5.173647166E-1
1.149464105E2,-4.532320109E-1,1.345035017E-1,-8.516995847E-2,4.803794016E-1
1.149563985E2,-4.375567952E-1,1.749878687E-1,-1.578023171E-1,4.969690881E-1
1.149663865E2,-4.726605543E-1,1.618664244E-1,-1.755620652E-1,5.295571525E-1
1.149763745E2,-5.268654129E-1,1.508248347E-1,-1.971991020E-1,5.824283474E-1
1.149863635E2,-5.914087334E-1,9.725030601E-2,-1.483801138E-1,6.174451961E-1
1.149963515E2,-6.638542736E-1,-2.772632718E-2,-8.134061694E-2,6.693934133E-1
1.150063395E2,-7.114690277E-1,-1.587349480E-1,1.698031425E-3,7.289635412E-1
1.150163275E2,-7.937504616E-1,-2.369724476E-1,6.736226320E-2,8.311037305E-1
1.150263155E2,-8.827176020E-1,-2.198503384E-1,1.557961375E-1,9.229284764E-1
1.150363035E2,-8.987702554E-1,-2.409216571E-1,2.086263156E-1,9.536016760E-1
1.150462925E2,-7.901015067E-1,-2.114148527E-1,2.621371096E-1,8.588786265E-1
1.150562805E2,-7.293916208E-1,-2.064640152E-1,3.026232308E-1,8.162232206E-1
1.150662685E2,-6.361294082E-1,-1.849670193E-1,3.620631015E-1,7.549590132E-1
1.150762565E2,-5.115889773E-1,-8.425486922E-2,3.154736567E-1,6.069149798E-1
1.150862445E2,-4.564009094E-1,4.881752640E-2,2.041403317E-1,5.023526809E-1
1.150962325E2,-3.823710662E-1,1.064187402E-1,5.090410531E-2,4.001547307E-1
1.151062205E2,-3.109724700E-1,2.160309371E-1,-6.663720846E-2,3.844655517E-1
1.151162095E2,-1.743215784E-1,3.105073240E-1,-9.075814247E-2,3.674776883E-1
1.151261975E2,-1.401232606E-1,2.642435691E-1,-1.092277426E-1,3.184177943E-1
1.151361855E2,-2.050288162E-1,1.807520539E-1,-8.610785186E-2,2.865705543E-1
1.151461735E2,-9.654922485E-2,2.860405272E-1,2.108505964E-2,3.026309894E-1
1.151561615E2,-3.388373762E-2,2.913036060E-1,2.240769982E-2,2.941224296E-1
1.151661495E2,1.971476465E-2,2.449410331E-1,7.304049432E-2,2.563585291E-1
1.151761375E2,7.878626078E-2,1.332627225E-1,1.190855634E-1,1.953141047E-1
1.151861265E2,1.474182469E-1,5.825259358E-2,8.323102176E-2,1.790332571E-1
1.151961145E2,2.913880983E-1,1.210233307E-1,8.498343229E-3,3.156356954E-1
1.152061025E2,4.104701534E-1,1.423127505E-1,-9.758184314E-2,4.452649570E-1
1.152160905E2,5.855135706E-1,1.245503712E-1,-1.294479990E-1,6.124505864E-1
1.152260785E2,7.320620441E-1,6.569376022E-2,-7.728147984E-2,7.390554335E-1
1.152360665E2,8.260449260E-1,-4.061066687E-2,-2.241120815E-2,8.273461841E-1
1.152460555E2,9.260489783E-1,-1.567638516E-1,7.415088058E-2,9.421464687E-1
1.152560435E2,1.078513665E0,-3.232583472E-1,2.393277061E-1,1.151071429E0
1.152660315E2,1.126054451E0,-4.964835727E-1,3.215956914E-1,1.271974196E0
1.152760195E2,1.149388643E0,-5.837778246E-1,3.935164440E-1,1.347867201E0
1.152860075E2,1.196564271E0,-5.843850580E-1,4.202376348E-1,1.396378036E0
1.152959955E2,1.123589850E0,-5.641007745E-1,3.770881069E-1,1.312577341E0
1.153059835E2,9.688403642E-1,-4.648609534E-1,2.270111310E-1,1.098308432E0
1.153159725E2,7.687907445E-1,-2.283939976E-1,-2.040561318E-2,8.022589458E-1
1.153259605E2,6.439743251E-1,-5.982754111E-2,-1.786546576E-1,6.709692636E-1
1.153359485E2,6.264075351E-1,-1.395326918E-1,-1.064123082E-1,6.505223681E-1
1.153459365E2,4.340996289E-1,-3.025425392E-1,-8.473843396E-2,5.358685269E-1
1.153559245E2,3.118969148E-1,-2.772606406E-1,-1.374978608E-1,4.393845810E-1
1.153659125E2,3.320850116E-1,-2.574950051E-1,-7.267738223E-2,4.264576585E-1
1.153759005E2,2.751606131E-1,-3.222698754E-1,1.755901319E-1,4.586972095E-1
1.153858895E2,1.784581912E-1,-3.986350965E-1,3.650750023E-1,5.692424997E-1
1.153958775E2,-7.830883563E-2,-4.225841224E-1,4.106581414E-1,5.944322698E-1
1.154058655E2,-2.689590561E-1,-2.708681720E-1,2.438207066E-1,4.529426867E-1
1.154158535E2,-3.631676406E-1,-1.380650407E-1,1.624122620E-2,3.888656170E-1
1.154258415E2,-3.179961455E-1,-7.400557727E-2,-2.016178429E-1,3.837292386E-1
1.154358295E2,-2.618950349E-1,-5.832773030E-2,-3.541062105E-1,4.442773252E-1
1.154458185E2,-1.670748317E-1,-1.213741636E-1,-4.231700134E-1,4.708699898E-1
1.154558065E2,-4.997498274E-2,-1.875707844E-1,-3.908471900E-1,4.363964070E-1
1.154657945E2,7.780480564E-2,-3.389753705E-1,-2.443873018E-1,4.250682803E-1
1.154757825E2,2.549222302E-1,-4.589111191E-1,-1.906075358E-1,5.584943970E-1
1.154857705E2,2.602812034E-1,-4.548999292E-1,-3.490664953E-1,6.297044295E-1
1.154957585E2,2.550567162E-1,-3.347183052E-1,-5.318130344E-1,6.781706097E-1
1.155057465E2,2.964672822E-1,-1.898304409E-1,-6.153697461E-1,7.089487782E-1
1.155157355E2,3.714309257E-1,-1.097522378E-1,-5.701000178E-1,6.892173217E-1
1.155257235E2,3.547517431E-1,-1.326095885E-1,-5.227650529E-1,6.455365232E-1
1.155357115E2,2.513548440E-1,-2.409187335E-1,-4.772368777E-1,5.907420174E-1
1.155456995E2,1.961787629E-1,-3.379664335E-1,-4.409858948E-1,5.892164090E-1
1.155556875E2,1.560849899E-1,-3.388008311E-1,-4.221982062E-1,5.633825100E-1
1.155656755E2,1.680846459E-1,-3.714320952E-1,-3.739908367E-1,5.532480415E-1
1.155756645E2,2.185449475E-1,-3.295379645E-1,-3.582805377E-1,5.335935792E-1
1.155856525E2,2.629136199E-1,-3.253592518E-1,-4.289534944E-1,5.991521632E-1
1.155956405E2,1.768005055E-1,-3.190740797E-1,-4.374366349E-1,5.695765942E-1
1.156056285E2,9.809581339E-2,-3.178061110E-1,-4.575557345E-1,5.656684214E-1
1.156156165E2,1.633068860E-2,-3.406160992E-1,-4.439229512E-1,5.597799613E-1
1.156256045E2,-3.815542102E-2,-3.265804428E-1,-4.716492784E-1,5.749466615E-1
1.156355925E2,-1.171729392E-1,-2.942257521E-1,-4.105090374E-1,5.184746480E-1
1.156455815E2,-1.504775101E-1,-2.241945273E-1,-2.239659011E-1,3.508096235E-1
1.156555695E2,-2.274736458E-1,-2.074080482E-1,-8.703755915E-2,3.199029458E-1
1.156655575E2,-1.825535810E-1,-1.467072254E-1,-3.682108641E-2,2.370751196E-1
1.156755455E2,-4.107025802E-2,-5.971936762E-2,-8.639085710E-2,1.127676778E-1
1.156855335E2,7.242244363E-2,5.257728606E-2,-1.256420463E-1,1.542572694E-1
1.156955215E2,1.410862970E-1,9.173813581E-2,-1.705778986E-1,2.396206341E-1
1.157055105E2,1.568843043E-1,8.699692100E-2,-1.677513546E-1,2.456046949E-1
1.157154985E2,2.359047461E-1,4.919379473E-2,1.148802459E-2,2.412530898E-1
1.157254865E2,3.595131308E-1,-2.070031285E-2,1.660843134E-1,3.965629752E-1
1.157354745E2,4.593256867E-1,-2.946297947E-1,3.193380815E-1,6.322686238E-1
1.157454625E2,5.139322490E-1,-5.727914912E-1,1.905081332E-1,7.927860983E-1
1.157554505E2,5.618373173E-1,-6.388787690E-1,1.665871739E-1,8.669362947E-1
1.157654385E2,5.292806053E-1,-4.320729840E-1,1.238329178E-1,6.943771412E-1
1.157754275E2,4.857931083E-1,-1.335653159E-1,1.044482285E-1,5.145328660E-1
1.157854155E2,4.891114032E-1,7.546474993E-2,1.774746895E-2,4.952169887E-1
1.157954035E2,4.115673834E-1,1.632536763E-1,-1.739143199E-1,4.756949280E-1
1.158053915E2,3.854665822E-1,1.773562834E-1,-2.456771976E-1,4.903029906E-1
1.158153795E2,3.598353124E-1,1.307010573E-1,-3.526654565E-1,5.205162271E-1
1.158253675E2,3.738493341E-1,5.785936832E-2,-4.306684828E-1,5.732245399E-1
1.158353555E2,2.792495710E-1,3.858402193E-2,-4.129426485E-1,4.999906805E-1
1.158453445E2,1.699896687E-1,7.564075112E-2,-2.584247124E-1,3.184357748E-1
1.158553325E2,8.646920979E-2,1.152769795E-1,-1.376317620E-1,1.992691852E-1
1.158653202E2,-1.456991655E-1,6.313677281E-2,-1.065000165E-1,1.911982019E-1
1.158753083E2,-2.738128299E-1,2.246120185E-2,1.150422138E-1,2.978467430E-1
1.158852963E2,-3.242251843E-1,-3.164045334E-2,2.486715567E-1,4.098300032E-1
1.158952843E2,-3.334772336E-1,4.268467426E-3,3.833434582E-1,5.081116925E-1
1.159052733E2,-3.766513199E-1,1.096645296E-2,4.207709008E-1,5.648315066E-1
1.159152612E2,-2.419355643E-1,2.908814371E-2,4.220748299E-1,4.873664940E-1
1.159252493E2,-7.505836844E-2,1.096656990E-1,3.211033559E-1,3.475164591E-1
1.159352373E2,8.514656961E-2,1.448875719E-1,1.093382549E-1,2.004923959E-1
1.159452252E2,2.686105621E-1,1.457140759E-1,-1.532555223E-3,3.055921705E-1
1.159552133E2,3.339321470E-1,7.485517770E-2,-5.647182405E-2,3.468472911E-1
1.159652013E2,2.749150300E-1,1.236978471E-2,-3.064057946E-2,2.768937168E-1
1.159751903E2,2.781695902E-1,2.549210608E-2,1.712462354E-1,3.276483504E-1
1.159851783E2,1.695657456E-1,-3.737247884E-2,3.616456103E-1,4.011692806E-1
1.159951663E2,-9.886472225E-2,-8.238463730E-2,5.901109439E-1,6.039804532E-1
1.160051543E2,-3.780371100E-1,-7.353633821E-2,8.159871304E-1,9.023051848E-1
1.160151423E2,-5.360481727E-1,-1.358606404E-1,9.913872278E-1,1.135189144E0
1.160251303E2,-4.668457907E-1,-2.418876171E-1,9.100337470E-1,1.051007151E0
1.160351192E2,-2.927086920E-1,-2.234273726E-1,5.870388168E-1,6.929738390E-1
1.160451073E2,-1.165864635E-1,-6.216438085E-2,1.680209112E-1,2.137471411E-1
1.160550953E2,-5.345173717E-2,1.636928022E-1,-1.272003293E-1,2.140849025E-1
1.160650832E2,4.480721354E-2,3.157250869E-1,-2.322631001E-2,3.197334490E-1
1.160750713E2,8.217559934E-2,3.975945845E-1,2.330612451E-1,4.681365471E-1
1.160850593E2,-8.224518120E-2,5.263897419E-1,-8.505944610E-2,5.395234375E-1
1.160950472E2,5.261090755E-2,6.699377167E-1,-7.825322860E-1,1.031475269E0
1.161050363E2,3.943099111E-1,5.529469183E-1,-6.791476661E-1,9.604541389E-1
1.161150243E2,4.232319939E-1,1.402559924E-1,-2.446229446E-1,5.085641052E-1
1.161250123E2,2.455760407E-1,-1.065663823E-1,-2.838764727E-2,2.692022365E-1
1.161350003E2,2.424314082E-2,-3.391238898E-2,-2.074714905E-1,2.116180507E-1
1.161449882E2,1.190925801E-1,1.801342955E-1,-2.606682891E-1,3.384957370E-1
1.161549763E2,3.780324322E-1,3.089557654E-1,-8.775559723E-2,4.960476082E-1
1.161649653E2,4.038157296E-1,1.831634456E-1,-1.112842083E-2,4.435536417E-1
1.161749533E2,8.743166149E-2,2.556162947E-1,-6.443163872E-2,2.777326442E-1
1.161849413E2,-5.370492160E-2,4.263821813E-1,-6.528299332E-2,4.346813228E-1
1.161949293E2,-2.010185033E-1,4.756122288E-1,6.401356280E-2,5.203010351E-1
1.162049173E2,-4.192915553E-1,1.873401117E-1,2.325952220E-1,5.147837052E-1
1.162149053E2,-5.147526133E-1,-5.768976983E-1,2.000648224E-1,7.986282868E-1
1.162248933E2,-3.761227316E-1,-1.072915540E0,9.544936359E-2,1.140932359E0
1.162348822E2,-2.089169222E-1,-9.246956402E-1,2.120902061E-1,9.714373695E-1
1.162448703E2,-2.907229775E-1,-4.228709283E-1,5.071471399E-1,7.214831205E-1
1.162548583E2,-4.111814672E-1,-1.567696989E-2,7.333133483E-1,8.408712346E-1
1.162648462E2,-4.121293008E-1,7.628336012E-2,7.986571527E-1,9.019550760E-1
1.162748343E2,-2.564676493E-1,-1.214460844E-1,6.586525905E-1,7.171806199E-1
1.162848223E2,1.822811007E-1,-1.998098838E-1,1.930522567E-1,3.322943923E-1
1.162948113E2,4.976465839E-1,-2.163361618E-1,-2.614874840E-3,5.426419583E-1
1.163047993E2,5.678324676E-1,-2.499313393E-1,2.082819146E-1,6.544316172E-1
1.163147873E2,4.375828153E-1,-3.826064166E-1,3.548739499E-1,6.810300365E-1
1.163247753E2,2.342374125E-1,-3.917429835E-1,2.459414917E-1,5.184756001E-1
1.163347633E2,1.994760078E-1,-3.128198978E-1,1.773975062E-1,4.112381809E-1
1.163447512E2,2.735543829E-1,-4.072457063E-1,3.171102923E-1,5.841575158E-1
1.163547393E2,1.445516494E-1,-5.669933921E-1,3.404933077E-1,6.769877241E-1
1.163647283E2,1.567799315E-1,-5.552051130E-1,2.376647580E-1,6.239528841E-1
1.163747163E2,2.997142410E-1,-3.965894482E-1,1.570626444E-1,5.213257052E-1
1.163847043E2,4.398243454E-1,-2.304738522E-1,2.676855326E-2,4.972727690E-1
1.163946923E2,3.503701320E-1,-8.780617565E-2,-3.491606355E-2,3.628888058E-1
1.164046803E2,2.058056188E-1,1.056220570E-1,3.794901431E-2,2.344186412E-1
1.164146683E2,3.050492406E-2,2.393206894E-1,1.092944008E-1,2.648588470E-1
1.164246573E2,5.053222239E-2,4.747389472E-1,1.695867956E-2,4.777218545E-1
1.164346452E2,2.530733407E-1,6.802416801E-1,-4.203575027E-1,8.387343377E-1
1.164446333E2,3.942344820E-1,6.550257088E-1,-6.043986154E-1,9.745651298E-1
1.164546213E2,3.304051065E-1,2.899479291E-1,-1.996198493E-1,4.827892089E-1
1.164646092E2,-9.698308825E-2,-1.037554796E-1,4.768035990E-1,4.975063728E-1
1.164745973E2,-5.863353968E-1,-1.383445376E-1,8.242831600E-1,1.020965786E0
1.164845863E2,-6.293773359E-1,-6.789377511E-2,6.471505326E-1,9.052785248E-1
1.164945743E2,-3.853625017E-1,-1.024476036E-2,3.430970728E-1,5.160666762E-1
1.165045623E2,-2.791712183E-1,8.700218350E-2,1.171992517E-1,3.150263697E-1
1.165145503E2,-2.093689120E-1,2.817859469E-1,8.138739467E-3,3.511479749E-1
1.165245383E2,-3.169085634E-1,4.339945252E-1,1.626432270E-1,5.614580169E-1
1.165345263E2,-2.981647289E-1,5.342738351E-1,-1.961682379E-2,6.121564802E-1
1.165445143E2,-1.093674910E-1,5.527846581E-1,-7.743643105E-2,5.687956814E-1
1.165545032E2,-1.134435850E-1,4.894365084E-1,4.242915094E-2,5.042001345E-1
1.165644913E2,-3.053796083E-1,3.992250806E-1,-1.370031863E-1,5.209676028E-1
1.165744793E2,-6.028952962E-1,6.134142910E-1,-1.506950265E-1,8.731946070E-1
1.165844672E2,-2.478529465E-1,4.368048432E-1,-1.267202729E-1,5.179648461E-1
1.165944553E2,-1.903134209E-1,2.576756841E-1,-1.364330828E-1,3.481809048E-1
1.166044433E2,-4.082449955E-1,2.840938430E-1,-1.850556046E-1,5.306777409E-1
1.166144323E2,-5.226539558E-1,4.213382269E-1,-5.249103963E-1,8.521877629E-1
1.166244203E2,-7.677826846E-1,8.399463889E-1,-8.216103977E-1,1.403582499E0
1.166344082E2,-5.958435541E-1,1.165075553E0,-9.301358896E-1,1.605485396E0
1.166443963E2,-3.890246129E-1,1.172887433E0,-8.269933444E-1,1.486917305E0
1.166543843E2,-1.861309075E-1,6.774816482E-1,-4.606126589E-1,8.401131590E-1
1.166643722E2,-1.015643817E-1,1.277970377E-1,6.409717798E-3,1.633661255E-1
1.166743613E2,3.784335512E-1,-2.309420680E-1,2.329320216E-1,5.008028735E-1
1.166843493E2,5.326907015E-1,-1.548502041E-1,-6.662317514E-2,5.587276766E-1
1.166943373E2,4.362122279E-1,2.760792106E-1,-1.449770343E-1,5.362081488E-1
1.167043253E2,1.294339657E-1,5.231557931E-1,-1.115830010E-1,5.503597927E-1
1.167143133E2,-4.598074973E-2,6.483604677E-1,-1.283019447E-1,6.625306894E-1
1.167243013E2,2.736087620E-2,7.700750855E-1,-1.223980111E-1,7.802214608E-1
1.167342903E2,-4.950428188E-2,5.953006402E-1,-4.632830822E-1,7.559528692E-1
1.167442783E2,-7.835502863E-2,6.132894529E-1,-6.689390123E-1,9.109022262E-1
1.167542662E2,-2.498673123E-1,1.001762966E0,-4.716007465E-1,1.135063865E0
1.167642543E2,-2.083608520E-1,1.039022447E0,1.787189770E-1,1.074673142E0
1.167742423E2,-2.458736640E-1,1.173020018E0,1.481988502E-1,1.207639318E0
1.167842302E2,1.458476847E-1,4.915697189E-1,4.006026846E-1,6.506879794E-1
1.167942183E2,-2.631732363E-1,-4.185071513E-2,4.994153666E-1,5.660630204E-1
1.168042073E2,-2.811750591E-1,3.668395458E-1,5.502200693E-1,7.185908369E-1
1.168141953E2,-4.900492966E-2,2.547731262E-1,4.504472744E-1,5.198207153E-1
1.168241833E2,2.061014879E-1,4.960875700E-1,5.166740084E-1,7.453406814E-1
1.168341712E2,2.524506122E-1,5.792522259E-1,1.024949661E0,1.204070704E0
1.168441593E2,4.704798353E-1,6.753180322E-1,9.107377517E-1,1.227537768E0
1.168541473E2,6.546940255E-1,6.690132719E-1,3.217693537E-1,9.898174287E-1
1.168641365E2,2.931232595E-1,5.147018887E-1,-5.062870145E-2,5.944766984E-1
1.168741245E2,-3.592757338E-1,3.620869289E-1,-3.870213568E-1,6.402901902E-1
1.168841125E2,-9.712634504E-1,1.393328632E-1,-7.617425108E-1,1.242182752E0
1.168941005E2,-1.535486432E0,-8.105746552E-2,-6.470066911E-1,1.668204590E0
1.169040885E2,-1.786231411E0,-3.554325052E-1,-8.706387162E-2,1.823330754E0
1.169140765E2,-1.699494399E0,-7.719641747E-1,4.026954031E-1,1.909547980E0
1.169240655E2,-1.327509742E0,-9.729268371E-1,7.721546477E-1,1.817991074E0
1.169340535E2,-8.578099251E-1,-7.529839665E-1,7.930824172E-1,1.389892961E0
1.169440415E2,-1.199889582E-1,-3.699007094E-1,8.055440032E-1,8.944970800E-1
1.169540295E2,1.097479693E0,-3.086794844E-1,4.316800511E-1,1.219053882E0
1.169640175E2,2.351757152E0,-5.122179915E-1,-3.656807739E-1,2.434512559E0
1.169740055E2,2.966311212E0,-7.044668408E-1,-1.552816409E0,3.421478414E0
1.169839945E2,3.116553664E0,-1.004697099E0,-2.541686996E0,4.145177413E0
1.169939825E2,2.774609077E0,-1.188311365E0,-2.618944502E0,3.996174387E0
1.170039705E2,1.717705552E0,-1.086608404E0,-1.760423555E0,2.688925674E0
1.170139585E2,1.179886258E-1,-6.500972369E-1,-2.979086208E-1,7.247739507E-1
1.170239465E2,-1.450747998E0,-1.124264619E-1,8.845515811E-1,1.702862579E0
1.170339345E2,-2.303925174E0,4.430186793E-1,1.360630125E0,2.712130361E0
1.170439225E2,-1.895457984E0,8.206147631E-1,1.284874184E0,2.432503079E0
1.170539115E2,-8.127676535E-1,7.830861636E-1,5.540950191E-1,1.257313202E0
1.170638995E2,-9.358702540E-2,6.256871581E-1,-5.303833902E-2,6.348669282E-1
1.170738875E2,1.774267423E-1,5.661471538E-1,-3.320113367E-1,6.798782070E-1
1.170838755E2,1.920360106E-1,7.486340766E-1,-4.548139751E-1,8.967644963E-1
1.170938635E2,1.852520710E-1,7.783108887E-1,-6.033677512E-1,1.002067269E0
1.171038515E2,1.914378405E-2,5.823446721E-1,-6.687682736E-1,8.869852340E-1
1.171138405E2,-1.073578030E-1,3.840636890E-1,-4.666083938E-1,6.138029066E-1
1.171238285E2,-1.394233489E-1,2.869135165E-1,-1.884861660E-1,3.705202706E-1
1.171338165E2,-7.806793034E-2,1.761174046E-1,1.508388680E-1,2.446718334E-1
1.171438045E2,9.594520748E-2,1.530586173E-1,3.243058759E-1,3.712232809E-1
1.171537925E2,3.855969751E-1,-7.643611863E-2,4.755289060E-1,6.169726476E-1
1.171637805E2,6.548618406E-1,-3.339871109E-1,1.596716720E-1,7.522542544E-1
1.171737695E2,6.982885265E-1,-3.036201811E-1,-6.103908420E-3,7.614652575E-1
1.171837575E2,5.057870775E-1,-2.089439656E-1,-1.197860599E-1,5.602025069E-1
1.171937455E2,2.395306045E-1,-2.365344912E-3,-8.322926760E-2,2.535894641E-1
1.172037335E2,-3.694972515E-2,-4.089513391E-2,-1.265565509E-1,1.380371498E-1
1.172137215E2,-1.985498089E-1,1.021286380E-1,-1.847831243E-1,2.898225118E-1
1.172237095E2,-2.851371324E-1,1.284066099E-1,-2.229420537E-1,3.840502585E-1
1.172336975E2,-2.938027060E-1,5.327281237E-2,-2.380810797E-1,3.818908524E-1
1.172436865E2,-3.265576386E-1,-7.072938234E-3,-2.487446469E-1,4.105652411E-1
1.172536745E2,-3.516603202E-1,5.083861649E-3,-2.581095475E-1,4.362469082E-1
1.172636625E2,-2.502023578E-1,2.385678604E-2,-1.972306770E-1,3.194844378E-1
1.172736505E2,-1.704597849E-1,-9.045993447E-2,-1.350695121E-1,2.355489569E-1
1.172836385E2,-9.856125176E-2,-3.008238964E-1,-4.634269238E-2,3.199327775E-1
1.172936265E2,-4.269987702E-2,-4.183299807E-1,1.376902342E-2,4.207289368E-1
1.173036155E2,2.857241929E-2,-4.999471709E-1,1.039599860E-1,5.114403538E-1
1.173136035E2,1.191077828E-1,-4.936979592E-1,1.294965309E-1,5.241122879E-1
1.173235915E2,3.343069535E-1,-4.384186748E-1,6.126654088E-2,5.547302611E-1
1.173335795E2,3.635605735E-1,-3.513068560E-1,1.868302345E-2,5.059069608E-1
1.173435675E2,3.052316737E-1,-1.931494667E-1,-1.232534587E-2,3.614208147E-1
1.173535555E2,2.277361858E-1,-6.405420095E-2,-1.270342684E-1,2.685226551E-1
1.173635445E2,2.490913868E-3,1.469541241E-1,-6.840423703E-2,1.621137221E-1
1.173735325E2,-2.495340210E-1,3.640035000E-1,7.336267591E-2,4.473788751E-1
1.173835205E2,-3.202122402E-1,4.709587222E-1,1.163730401E-1,5.812750479E-1
1.173935085E2,-2.924134076E-1,5.020290720E-1,1.401916730E-1,5.976558335E-1
1.174034965E2,-2.493931031E-1,4.478366388E-1,1.744183499E-1,5.414576029E-1
1.174134845E2,-7.633481562E-2,3.649003167E-1,1.733640969E-1,4.111378787E-1
1.174234735E2,1.594646806E-1,2.930780898E-1,2.494012892E-2,3.345829659E-1
1.174334615E2,4.124865657E-1,2.921074520E-1,4.692916811E-2,5.076162697E-1
1.174434495E2,3.869956291E-1,3.736326948E-1,3.425088429E-1,6.377141327E-1
1.174534375E2,1.561095482E-1,5.584690288E-1,4.213006586E-1,7.167650187E-1
1.174634255E2,-1.631431639E-2,6.696551500E-1,2.190671039E-1,7.047656156E-1
1.174734135E2,1.726992685E-1,5.435258844E-1,-1.714111269E-1,5.955058344E-1
1.174834015E2,3.290783733E-1,2.309205794E-1,-8.116753936E-2,4.101281010E-1
1.174933905E2,8.168911099E-2,1.590758407E-1,5.203367043E-1,5.502077060E-1
1.175033785E2,-1.188855886E-2,2.005811316E-1,7.067365837E-1,7.347453484E-1
1.175133665E2,7.354627848E-3,2.112183863E-1,4.787255788E-1,5.233024718E-1
1.175233545E2,-9.875187099E-2,1.809979293E-1,4.174169379E-1,4.655631885E-1
1.175333425E2,-1.518592072E-1,1.378818767E-1,7.485722423E-2,2.183488831E-1
1.175433305E2,-2.470740974E-1,1.433094084E-1,-1.183359504E-1,3.091708157E-1
1.175533195E2,-3.753649324E-1,7.785070628E-2,-9.107564628E-2,3.940232713E-1
1.175633075E2,-4.392866939E-1,3.740580797E-2,8.102018952E-2,4.482591494E-1
1.175732955E2,-4.998954231E-1,-1.590442657E-2,2.087876987E-1,5.419784940E-1
1.175832835E2,-5.972071248E-1,3.485115945E-2,3.560556722E-1,6.961656376E-1
1.175932715E2,-7.121037430E-1,8.978107274E-2,4.013669157E-1,8.223428621E-1
1.176032595E2,-7.124610078E-1,1.507760105E-1,3.740381992E-1,8.186810536E-1
1.176132485E2,-6.949965441E-1,2.550365433E-1,2.670335680E-1,7.870011189E-1
1.176232365E2,-6.304959083E-1,2.903005162E-1,1.475404537E-1,7.096250175E-1
1.176332245E2,-6.079203933E-1,2.609907630E-1,1.023104864E-1,6.694406760E-1
1.176432125E2,-6.338446087E-1,2.627501902E-1,1.080851966E-1,6.946071264E-1
1.176532005E2,-5.498973030E-1,2.744539770E-1,2.031708634E-1,6.472947003E-1
1.176631885E2,-3.649826163E-1,1.743183625E-1,3.424702513E-1,5.299859194E-1
1.176731775E2,-2.873292536E-1,1.183312726E-1,3.599814928E-1,4.755492247E-1
1.176831655E2,-2.605776572E-1,8.847392768E-2,2.677077520E-1,3.839215959E-1
1.176931535E2,-2.441826493E-1,1.184499711E-1,1.588419521E-1,3.144619652E-1
1.177031415E2,-2.238869637E-1,1.382869425E-1,1.120776755E-1,2.860245730E-1
1.177131295E2,-2.065230721E-1,1.314623648E-1,1.140639746E-1,2.700828076E-1
1.177231175E2,-2.058097118E-1,1.157102582E-1,1.428042090E-1,2.759339476E-1
1.177331055E2,-2.585194373E-1,7.783564970E-2,1.433573556E-1,3.056828736E-1
1.177430945E2,-2.007571328E-1,1.050871830E-1,2.016675442E-1,3.033422832E-1
1.177530825E2,1.826085448E-3,1.549418592E-1,2.149056405E-1,2.649429158E-1
1.177630705E2,1.592459947E-1,1.649348970E-1,2.094829327E-1,3.105574120E-1
1.177730585E2,2.518430865E-1,1.517486948E-1,1.277166384E-1,3.205684737E-1
1.177830465E2,2.186367488E-1,1.814491881E-1,-5.920305848E-3,2.841845981E-1
1.177930345E2,1.835534549E-1,1.509334467E-1,-5.971644402E-2,2.450282225E-1
1.178030235E2,1.001563722E-1,1.120384991E-1,-2.881507874E-2,1.530171001E-1
1.178130115E2,7.909937918E-2,1.035995051E-1,1.802111864E-3,1.303564991E-1
1.178229995E2,7.406551123E-2,7.784105837E-2,-4.074924588E-3,1.075245801E-1
1.178329875E2,-5.726704538E-2,2.050399259E-2,-6.562271655E-2,8.947775771E-2
1.178429755E2,-1.330311728E-1,5.190617189E-2,-1.199053431E-1,1.864640311E-1
1.178529635E2,-1.489051938E-2,1.185493737E-1,-6.579520941E-2,1.363990145E-1
1.178629523E2,1.365821868E-1,8.901377186E-2,2.659372151E-2,1.651828422E-1
1.178729403E2,2.210475558E-1,-4.406403244E-2,6.122268677E-2,2.335634352E-1
1.178829283E2,3.333749074E-1,-1.673350328E-1,9.434423983E-2,3.847605459E-1
1.178929163E2,3.102602792E-1,-1.857239413E-1,9.147501111E-2,3.729912879E-1
1.179029043E2,2.515296757E-1,-3.007980224E-1,5.671448350E-2,3.961857654E-1
1.179128923E2,2.091128039E-1,-4.213464130E-1,1.661544800E-2,4.706772118E-1
1.179228813E2,1.160666460E-1,-4.397907239E-1,-3.350863874E-2,4.560813261E-1
1.179328693E2,-2.836893618E-2,-4.777347681E-1,-4.662862122E-2,4.808425246E-1
1.179428573E2,-1.725811547E-1,-5.645356612E-1,-1.303987563E-2,5.904699874E-1
1.179528453E2,-2.639725506E-1,-6.538245445E-1,2.895365775E-2,7.056956545E-1
1.179628333E2,-1.973862129E-1,-6.511128983E-1,7.732474923E-2,6.847542919E-1
1.179728213E2,-3.662578940E-2,-6.489924055E-1,8.567281902E-2,6.556465685E-1
1.179828103E2,1.157631755E-2,-6.835685997E-1,-2.235858321E-2,6.840321249E-1
1.179927983E2,-2.761639953E-3,-6.764187706E-1,-1.334843320E-1,6.894693950E-1
1.180027863E2,-2.374320388E-2,-6.570394899E-1,-2.318163729E-1,6.971394851E-1
1.180127743E2,-1.743171930E-1,-6.725289103E-1,-2.661190635E-1,7.439764613E-1
1.180227623E2,-2.538469273E-1,-6.599391241E-1,-1.707913220E-1,7.274115656E-1
1.180327503E2,-1.898433048E-1,-6.332536013E-1,-7.110389650E-2,6.649107971E-1
1.180427393E2,-8.004370451E-2,-6.735372627E-1,-4.284430325E-2,6.796286289E-1
1.180527273E2,-4.201750696E-2,-6.920100787E-1,-3.231814563E-2,6.940373783E-1
1.180627153E2,-1.300011456E-2,-6.670369130E-1,-7.111208260E-2,6.709427506E-1
1.180727033E2,3.080079317E-2,-6.631911993E-1,-1.312588817E-1,6.767570832E-1
1.180826913E2,6.130396307E-2,-6.241660050E-1,-1.894164580E-1,6.551488168E-1
1.180926793E2,8.157625973E-2,-5.790000647E-1,-2.143688661E-1,6.227758600E-1
1.181026673E2,7.552906930E-2,-5.026689036E-1,-2.321005476E-1,5.587945339E-1
1.181126563E2,4.230109692E-2,-4.779233408E-1,-2.252400094E-1,5.300312862E-1
1.181226443E2,1.330943227E-2,-4.785823220E-1,-1.756421721E-1,5.099689721E-1
1.181326323E2,-5.221329689E-2,-4.524587166E-1,-1.539349687E-1,4.807713523E-1
1.181426203E2,-9.660184979E-2,-4.545201525E-1,-1.586109871E-1,4.909968754E-1
1.181526083E2,-1.556341696E-1,-4.580105017E-1,-1.758216816E-1,5.146929941E-1
1.181625963E2,-2.221094102E-1,-4.297352672E-1,-1.888030851E-1,5.192798811E-1
1.181725853E2,-2.598841774E-1,-3.857074875E-1,-1.869898635E-1,5.012736385E-1
1.181825733E2,-2.241021413E-1,-3.369892175E-1,-1.707919067E-1,4.392645875E-1
1.181925613E2,-1.906870580E-1,-3.348044054E-1,-1.439824229E-1,4.113228441E-1
1.182025493E2,-1.322295195E-1,-3.510045549E-1,-1.352952147E-1,3.987400638E-1
1.182125373E2,-7.364041865E-2,-3.589187613E-1,-8.734453797E-2,3.766625237E-1
1.182225253E2,-1.845615149E-2,-3.566155431E-1,2.078100443E-2,3.576969740E-1
1.182325143E2,1.572316289E-2,-3.552594276E-1,1.048569489E-1,3.707444652E-1
1.182425023E2,1.745043039E-2,-3.482854535E-1,1.536151260E-1,3.810575830E-1
1.182524903E2,-1.498524427E-2,-3.564892432E-1,1.774261576E-1,3.984836000E-1
1.182624783E2,-3.428105593E-2,-3.325264764E-1,2.005039483E-1,3.898087757E-1
1.182724663E2,-1.102814108E-1,-2.986493169E-1,1.904689568E-1,3.709876380E-1
1.182824543E2,-1.506505877E-1,-2.146390074E-1,1.551383257E-1,3.046857450E-1
1.182924433E2,-1.719905859E-1,-1.551163986E-1,9.971607685E-2,2.521609699E-1
1.183024313E2,-1.929651332E-1,-1.231366606E-1,4.476803720E-2,2.332431284E-1
1.183124193E2,-2.282139033E-1,-9.714724883E-2,-1.644704819E-2,2.485752985E-1
1.183224073E2,-2.757283777E-1,-5.821721792E-2,-2.926531434E-2,2.833228571E-1
1.183323953E2,-3.280937022E-1,-2.532443717E-2,-3.826184034E-2,3.312865421E-1
1.183423833E2,-3.327036470E-1,4.845002890E-3,-4.452537775E-2,3.357047811E-1
1.183523723E2,-3.211162198E-1,1.276929572E-2,-7.974783540E-2,3.311168959E-1
1.183623603E2,-2.565424937E-1,4.138118371E-2,-1.012954098E-1,2.789035917E-1
1.183723483E2,-7.327321351E-2,4.693764657E-2,-1.747615814E-2,8.875540877E-2
1.183823363E2,1.471317333E-1,-9.547041357E-4,5.075909436E-2,1.556442870E-1
1.183923243E2,2.629621518E-1,-4.166535839E-2,6.747219086E-2,2.746590466E-1
1.184023123E2,3.857226902E-1,-7.172662497E-2,3.835247219E-2,3.942050413E-1
1.184123013E2,5.433946145E-1,-1.441937998E-2,-4.882892847E-2,5.457745778E-1
1.184222893E2,6.568545717E-1,8.684021562E-2,-1.377481216E-1,6.767375388E-1
1.184322773E2,6.860836333E-1,1.945368648E-1,-1.869577038E-1,7.372303077E-1
1.184422653E2,7.058747041E-1,3.129916598E-1,-2.017453122E-1,7.980752145E-1
1.184522533E2,7.180749196E-1,4.042183104E-1,-1.888007462E-1,8.453814254E-1
1.184622413E2,7.372853619E-1,4.790419132E-1,-2.099735141E-1,9.039688800E-1
1.184722303E2,7.613951862E-1,5.049354306E-1,-2.192360884E-1,9.395461037E-1
1.184822183E2,7.398341632E-1,5.261643317E-1,-2.928718293E-1,9.539273565E-1
1.184922063E2,6.970372224E-1,5.712956272E-1,-4.107616371E-1,9.904366237E-1
1.185021943E2,6.523732656E-1,5.873753241E-1,-4.357578993E-1,9.800436704E-1
1.185121823E2,5.955605489E-1,5.207884017E-1,-4.107166135E-1,8.914039844E-1
1.185221703E2,4.661335999E-1,4.625518879E-1,-3.576829523E-1,7.477779592E-1
1.185321593E2,3.283118033E-1,4.154037416E-1,-3.145702618E-1,6.158760901E-1
1.185421473E2,2.077194124E-1,3.854418777E-1,-2.418385005E-1,5.001986163E-1
1.185521353E2,1.196539128E-1,3.616935575E-1,-2.152523804E-1,4.375761370E-1
1.185621233E2,6.746517420E-2,3.699727763E-1,-1.748124522E-1,4.147177334E-1
1.185721113E2,3.971838176E-2,3.205654120E-1,-1.399700636E-1,3.520388500E-1
1.185820993E2,-1.260776639E-2,2.677277787E-1,-8.716970623E-2,2.818433553E-1
1.185920883E2,-3.244386077E-2,2.482897335E-1,-3.339110970E-2,2.526170265E-1
1.186020763E2,-4.381727993E-2,1.925757086E-1,1.426720619E-3,1.975028939E-1
1.186120643E2,-8.458932996E-2,1.460467824E-1,-2.950329602E-2,1.713343570E-1
1.186220523E2,-1.327048981E-1,1.539342378E-1,-2.955416679E-2,2.053771855E-1
1.186320403E2,-1.386012304E-1,1.989425956E-1,-3.704386532E-2,2.452767933E-1
1.186420283E2,-1.707866442E-1,2.049659586E-1,-2.276730359E-2,2.677638365E-1
1.186520163E2,-1.876055753E-1,2.061033882E-1,-1.790066600E-2,2.792756566E-1
1.186620053E2,-1.852678585E-1,2.007429533E-1,4.214673042E-3,2.732026284E-1
1.186719933E2,-1.602973241E-1,1.555914849E-1,2.799705327E-2,2.251394618E-1
1.186819813E2,-1.231137103E-1,1.439214657E-1,2.333857656E-2,1.908273123E-1
1.186919693E2,-8.661772907E-2,1.283422905E-1,5.537313223E-4,1.548375960E-1
1.187019573E2,-6.659452379E-2,9.559583634E-2,-1.019520521E-2,1.169501464E-1
1.187119453E2,-8.409991801E-2,8.634203285E-2,-7.748262405E-2,1.432874729E-1
1.187219343E2,-1.260139292E-1,8.090119869E-2,-1.133365810E-1,1.878022761E-1
1.187319223E2,-1.257461268E-1,1.155979916E-1,-1.543243933E-1,2.301977464E-1
1.187419103E2,-6.014972270E-2,1.527915457E-1,-1.454822338E-1,2.193816900E-1
1.187518983E2,2.818241000E-2,1.073808995E-1,-8.508926690E-2,1.398752628E-1
1.187618863E2,1.345526183E-1,-1.293067887E-2,-3.418574631E-2,1.394283859E-1
1.187718753E2,2.119071883E-1,-1.631762007E-1,1.433971167E-2,2.678371824E-1
1.187818633E2,2.227730691E-1,-2.967397624E-1,7.391406834E-2,3.783458952E-1
1.187918513E2,1.864472419E-1,-3.468292044E-1,1.255601853E-1,4.133018645E-1
1.188018393E2,1.920500439E-1,-2.992115267E-1,1.091306788E-1,3.719143209E-1
1.188118273E2,1.947649062E-1,-2.869380748E-1,5.638470054E-2,3.513489176E-1
1.188218153E2,1.450238121E-1,-2.766607162E-1,-3.059087813E-2,3.138612110E-1
1.188318033E2,1.084822226E-1,-2.853730676E-1,-6.767041147E-2,3.127066755E-1
1.188417923E2,6.247749925E-2,-3.322303149E-1,-1.069865048E-1,3.545793737E-1
1.188517803E2,4.699407220E-3,-3.680907038E-1,-1.274576068E-1,3.895616667E-1
1.188617683E2,-2.498749137E-2,-3.990987808E-1,-1.375884926E-1,4.228886435E-1
1.188717562E2,1.134886086E-2,-4.037074099E-1,-1.401326162E-1,4.274875666E-1
1.188817442E2,8.585700631E-2,-4.192368838E-1,-1.557557917E-1,4.554018631E-1
1.188917322E2,1.643067598E-1,-4.065914029E-1,-1.559551817E-1,4.654409726E-1
1.189017212E2,2.298762667E-1,-3.732301140E-1,-1.535607469E-1,4.644617519E-1
1.189117092E2,2.420875919E-1,-3.575372104E-1,-1.657159388E-1,4.624943582E-1
1.189216972E2,2.172369254E-1,-3.783683547E-1,-1.651633769E-1,4.665119877E-1
1.189316852E2,1.614416242E-1,-3.755736780E-1,-1.447887540E-1,4.336851034E-1
1.189416732E2,9.238951564E-2,-3.681326576E-1,-9.007752657E-2,3.900915751E-1
1.189516612E2,3.840626657E-2,-3.312013511E-1,-7.582201481E-2,3.419332599E-1
1.189616502E2,-8.568509817E-3,-2.962705234E-1,-1.092639953E-1,3.158928031E-1
1.189716382E2,-3.195035577E-2,-2.880377899E-1,-1.307262003E-1,3.179244141E-1
1.189816262E2,-4.631871879E-2,-3.193247791E-1,-1.583402610E-1,3.594236727E-1
1.189916142E2,-2.229543328E-3,-3.328281927E-1,-1.585384816E-1,3.686651962E-1
1.190016022E2,6.013861299E-2,-3.464150754E-1,-1.483274889E-1,3.816033296E-1
1.190115902E2,9.935588837E-2,-3.453836265E-1,-1.718292028E-1,3.983550137E-1
1.190215792E2,9.492545307E-2,-3.376620859E-1,-2.106085217E-1,4.091240341E-1
1.190315672E2,5.918025434E-2,-3.031548889E-1,-2.410824555E-1,3.918238629E-1
1.190415552E2,-4.914584756E-3,-2.842283289E-1,-2.339400816E-1,3.681546657E-1
1.190515432E2,-6.289908350E-2,-2.442339586E-1,-2.079959857E-1,3.269080166E-1
1.190615312E2,-1.443718475E-1,-1.658274744E-1,-2.007542092E-1,2.977318158E-1
1.190715192E2,-1.643435973E-1,-1.299150454E-1,-1.784915203E-1,2.752198390E-1
1.190815082E2,-1.005381954E-1,-1.206958866E-1,-2.070195007E-1,2.598701588E-1
1.190914962E2,-1.074823487E-1,-5.045957074E-2,-2.774609077E-1,3.017998987E-1
1.191014842E2,-8.719718814E-2,-3.582369760E-2,-3.353582829E-1,3.483559456E-1
1.191114722E2,6.115252018E-2,-7.411009625E-2,-2.203792191E-1,2.404140954E-1
1.191214602E2,1.759988523E-1,-2.231149851E-1,2.327951968E-2,2.851277408E-1
1.191314482E2,2.359854376E-1,-2.687314533E-1,1.735436064E-1,3.975211995E-1
1.191414372E2,3.694042808E-1,-2.695930405E-1,1.357074434E-1,4.770287626E-1
1.191514252E2,4.064674419E-1,-2.655303951E-1,5.874112844E-3,4.855478115E-1
1.191614132E2,3.630454338E-1,-2.562600732E-1,-8.436888993E-2,4.523155112E-1
1.191714012E2,2.400188470E-1,-1.939129668E-1,-1.093745077E-1,3.273745081E-1
1.191813892E2,1.295333683E-1,-1.443855885E-1,-6.751429081E-2,2.053880988E-1
1.191913772E2,-2.378354967E-2,-8.039132148E-2,-3.505347311E-2,9.086895939E-2
1.192013662E2,-6.941288173E-2,-5.340262055E-3,-2.046642423E-2,7.256404805E-2
1.192113542E2,2.602010965E-4,3.235352129E-2,-1.944783926E-3,3.241296390E-2
1.192213422E2,9.088853538E-2,3.036210582E-2,1.043143272E-3,9.583147438E-2
1.192313302E2,7.827843010E-2,6.419424176E-2,-6.029122531E-2,1.178280321E-1
1.192413182E2,1.239679885E-1,7.375429317E-2,-1.282060504E-1,1.929884693E-1
1.192513062E2,1.753732002E-1,1.043596432E-1,-1.784757328E-1,2.711093537E-1
1.192612952E2,1.829710722E-1,1.237555884E-1,-1.687500590E-1,2.779756128E-1
1.192712832E2,2.515670979E-1,1.466512384E-1,-1.696341580E-1,3.369990178E-1
1.192812712E2,2.916696417E-1,1.983957347E-1,-1.518036586E-1,3.840265593E-1
1.192912592E2,3.237240779E-1,2.104298893E-1,-5.357569814E-2,3.898055571E-1
1.193012472E2,3.264342624E-1,2.115649800E-1,1.748375952E-2,3.893902288E-1
1.193112362E2,2.859364468E-1,2.193775910E-1,-5.074798465E-3,3.604329794E-1
1.193212242E2,2.601753688E-1,2.440294522E-1,-2.966292500E-3,3.567217332E-1
1.193312122E2,2.563390106E-1,2.785205694E-1,-3.498506069E-2,3.801412243E-1
1.193412002E2,2.802371657E-1,2.980849144E-1,-2.086052656E-2,4.096616247E-1
1.193511882E2,2.532300460E-1,3.058314519E-1,-5.166833639E-2,4.004097278E-1
1.193611762E2,1.248210973E-1,2.925417539E-1,-7.161085010E-2,3.260200883E-1
1.193711652E2,1.824916005E-2,3.000153726E-1,-7.678563595E-2,3.102229675E-1
1.193811532E2,-2.240536094E-2,2.837064649E-1,-6.569989979E-2,2.920750507E-1
1.193911412E2,-1.096352935E-3,2.755563234E-1,1.333866835E-2,2.758811509E-1
1.194011292E2,6.452870250E-2,2.878664665E-1,1.804216862E-2,2.955614586E-1
1.194111172E2,4.690285563E-2,3.245853728E-1,5.066027641E-3,3.279957420E-1
1.194211052E2,8.906478882E-3,2.943062975E-1,-1.486420691E-2,2.948159879E-1
1.194310932E2,-7.127697408E-2,3.017987734E-1,-1.382457197E-2,3.104094481E-1
1.194410822E2,-1.219173700E-1,3.083685587E-1,5.043223500E-3,3.316330008E-1
1.194510702E2,-1.521603388E-1,2.684890862E-1,2.141893566E-2,3.093508185E-1
1.194610582E2,-1.680191571E-1,2.381139703E-1,2.121019006E-2,2.921961193E-1
1.194710462E2,-1.386591178E-1,1.841118640E-1,3.863313854E-2,2.337007677E-1
1.194810342E2,-1.089096540E-1,1.710281342E-1,5.809618056E-2,2.109196568E-1
1.194910232E2,-4.331383467E-2,1.523543201E-1,8.995005727E-2,1.821508714E-1
1.195010112E2,5.116313696E-4,1.316104455E-1,8.558920383E-2,1.569938946E-1
1.195109992E2,3.579139173E-2,1.211885145E-1,7.038351953E-2,1.446427309E-1
1.195209872E2,-7.452861071E-3,9.737280518E-2,8.673525810E-2,1.306139859E-1
1.195309752E2,-4.260807574E-2,9.980933994E-2,7.874211431E-2,1.340808451E-1
1.195409632E2,-8.622421145E-2,1.160549515E-1,7.554134846E-2,1.631252946E-1
1.195509522E2,-7.730896175E-2,1.038257924E-1,8.301116645E-2,1.537768659E-1
1.195609402E2,-1.025882292E-1,9.799348712E-2,8.195515931E-2,1.638405213E-1
1.195709282E2,-9.153231382E-2,1.208009903E-1,8.592191041E-2,1.742228987E-1
1.195809162E2,-7.429238319E-2,9.151857287E-2,7.859944224E-2,1.416787906E-1
1.195909042E2,-5.796520293E-2,7.404986992E-2,6.982803404E-2,1.171294255E-1
1.196008922E2,-3.441086411E-2,4.957824916E-2,4.775245607E-2,7.695717913E-2
1.196108812E2,-3.692224324E-2,2.612916023E-2,1.206456006E-2,4.681387261E-2
1.196208692E2,-3.402728677E-2,2.221722677E-2,1.357840419E-2,4.284663896E-2
1.196308572E2,2.071551561E-2,2.242962688E-2,2.474834025E-2,3.930268559E-2
1.196408452E2,8.355612695E-2,3.721343458E-2,4.346352339E-2,1.012696595E-1
1.196508332E2,9.636503756E-2,4.473017648E-2,6.306280553E-2,1.235472646E-1
1.196608212E2,6.546191812E-2,4.433081165E-2,5.073862910E-2,9.394089668E-2
1.196708102E2,3.165507138E-2,7.564118966E-2,6.831652880E-2,1.067276029E-1
1.196807982E2,6.688045263E-3,8.994757220E-2,6.311952353E-2,1.100880100E-1
1.196907862E2,-4.587725401E-2,8.103363812E-2,3.790983796E-2,1.005401848E-1
1.197007742E2,-4.474230945E-2,8.141502276E-2,2.220772505E-3,9.292584149E-2
1.197107622E2,-3.956693888E-2,7.413231567E-2,-1.015076637E-2,8.464148472E-2
1.197207502E2,-2.830695570E-2,4.426634610E-2,-3.194158494E-2,6.149030807E-2
1.197307392E2,1.200550318E-2,2.840197295E-2,-2.899341881E-2,4.232519945E-2
1.197407272E2,2.687555730E-2,3.785341233E-2,-1.867542207E-2,5.003946238E-2
1.197507152E2,2.346019864E-2,2.665380165E-2,-8.793627620E-3,3.658051325E-2
1.197607032E2,5.001649797E-2,1.814186364E-2,3.485057473E-2,6.360298613E-2
1.197706912E2,8.158327639E-2,2.621233687E-2,7.299430132E-2,1.125659168E-1
1.197806792E2,5.864406466E-2,3.694797099E-2,7.576354265E-2,1.026858962E-1
1.197906682E2,6.807620823E-2,6.154852286E-2,8.173354983E-2,1.228941169E-1
1.198006562E2,6.460296214E-2,4.655977026E-2,4.436867237E-2,9.115883946E-2
1.198106442E2,6.302421391E-2,1.420624897E-2,2.682351708E-2,6.995262767E-2
1.198206322E2,5.925919175E-2,-1.049962588E-1,5.945448875E-2,1.344273127E-1
1.198306202E2,8.108918667E-3,-5.712700456E-2,1.004943413E-1,1.158808087E-1
1.198406082E2,4.172923923E-2,8.708316743E-2,1.860671729E-1,2.096325363E-1
1.198505972E2,2.885425508E-2,2.428168859E-1,1.556400168E-1,2.898558658E-1
1.198605852E2,3.829809308E-2,3.509944685E-1,8.191188991E-2,3.624547124E-1
1.198705731E2,1.153187871E-1,3.548897374E-1,1.131898159E-1,3.899449740E-1
1.198805611E2,9.255089879E-2,2.371471332E-1,2.222678697E-1,3.379459092E-1
1.198905491E2,4.829215407E-2,1.972385707E-1,2.370712656E-1,3.121505581E-1
1.199005371E2,1.674291730E-2,2.445983863E-1,1.449197316E-1,2.847989194E-1
1.199105261E2,2.937056422E-3,2.556284277E-1,2.194693923E-2,2.565856338E-1
1.199205141E2,-8.915249705E-3,2.431851143E-1,-5.054508626E-2,2.485423248E-1
1.199305021E2,-7.259902954E-2,2.271245670E-1,-8.596751869E-2,2.534691348E-1
1.199404901E2,-1.592611974E-1,2.205139974E-1,-4.420378089E-2,2.755803445E-1
1.199504781E2,-1.718578541E-1,2.402647224E-1,-8.776670694E-3,2.955322128E-1
1.199604671E2,-9.086222291E-2,2.086267541E-1,1.848421812E-2,2.283040350E-1
1.199704551E2,1.551734090E-2,1.579072747E-1,2.754915655E-2,1.610417688E-1
1.199804431E2,8.098159790E-2,1.021254221E-1,1.697972953E-2,1.314379407E-1
1.199904311E2,6.597939670E-2,1.202389267E-1,3.309524059E-4,1.371524328E-1
1.200004191E2,6.675181389E-3,1.057347621E-1,-1.051504791E-2,1.064657889E-1
1.200104071E2,-3.313617110E-2,8.543074429E-2,-3.038797975E-3,9.168234398E-2
1.200203961E2,-8.236212552E-2,7.981420130E-2,2.931443095E-2,1.183772035E-1
1.200303841E2,-8.524714172E-2,8.737845182E-2,3.822207928E-2,1.279179282E-1
1.200403721E2,-7.842110217E-2,8.456901088E-2,5.166365862E-2,1.263761073E-1
1.200503601E2,-6.614428818E-2,1.271319169E-1,5.631336451E-2,1.539765767E-1
1.200603481E2,-6.781308353E-2,1.645855258E-1,7.236104786E-2,1.921539249E-1
1.200703361E2,-2.690654755E-2,1.700063333E-1,3.751456618E-2,1.761631583E-1
1.200803251E2,1.482620001E-2,1.675797388E-1,3.336655140E-2,1.715112586E-1
1.200903131E2,1.037003696E-2,1.415210375E-1,3.599896789E-2,1.463955854E-1
1.201003011E2,-1.680314362E-2,1.264995405E-1,1.462856412E-2,1.284463868E-1
1.201102891E2,-1.107170284E-1,1.200667262E-1,-4.140822709E-2,1.684901195E-1
1.201202771E2,-2.126503694E-1,1.888880159E-1,-7.852986038E-2,2.950691464E-1
1.201302651E2,-1.859461355E-1,2.251889925E-1,-2.524126053E-2,2.931265407E-1
1.201402541E2,-1.985433769E-1,2.530948292E-1,1.419528544E-1,3.516064248E-1
1.201502421E2,-2.308790642E-1,2.081725717E-1,2.831742221E-1,4.205099309E-1
1.201602301E2,-8.766671956E-2,4.984853670E-2,2.406690574E-1,2.609442958E-1
1.201702181E2,1.976060683E-1,8.210660219E-3,6.437784433E-3,1.978813236E-1
1.201802061E2,3.029764026E-1,1.012493630E-1,-1.121759087E-1,3.385698872E-1
1.201901941E2,3.553493285E-1,1.460260248E-1,-1.171846336E-1,4.016577941E-1
1.202001831E2,2.674042815E-1,9.779745921E-2,-1.155959451E-1,3.072976006E-1
1.202101711E2,1.176559192E-1,3.834662497E-2,-4.046390176E-2,1.301948782E-1
1.202201591E2,1.041096747E-2,-1.545024410E-2,8.211595774E-2,8.420290257E-2
1.202301471E2,-7.758728921E-2,-4.351395562E-2,1.181289589E-1,1.478773232E-1
1.202401351E2,-1.246795946E-1,-4.459086657E-2,9.034883738E-2,1.603005275E-1
1.202501231E2,-1.705071473E-1,-1.048756599E-2,3.021256328E-3,1.708560924E-1
1.202601121E2,-1.413277870E-1,-2.181040674E-2,-1.241808271E-1,1.893940735E-1
1.202701001E2,-1.174769944E-1,-1.314497933E-2,-2.100161988E-1,2.409988349E-1
1.202800881E2,-3.011140645E-2,-2.562688440E-3,-1.533572638E-1,1.563064763E-1
1.202900761E2,3.389104664E-2,-3.505405784E-3,-8.507114053E-2,9.164054705E-2
1.203000641E2,5.486442447E-2,-1.453033090E-3,-2.888758421E-2,6.202184211E-2
1.203100521E2,5.938081384E-2,1.551909506E-2,-2.266146898E-2,6.542526683E-2
1.203200411E2,7.532558620E-2,2.646917582E-2,-6.757393241E-2,1.045982674E-1
1.203300291E2,1.024975973E-1,4.407382652E-2,-7.336443007E-2,1.335312669E-1
1.203400171E2,1.040605581E-1,5.557588443E-2,-1.932621717E-2,1.195440561E-1
1.203500051E2,4.940897226E-2,3.320136756E-2,1.131787062E-2,6.059431940E-2
1.203599931E2,-4.707417905E-2,3.534042522E-2,3.520783961E-2,6.858947411E-2
1.203699821E2,-1.059486240E-1,6.011522412E-2,3.491489410E-2,1.267201678E-1
1.203799701E2,-1.190814704E-1,3.773822218E-2,1.236861527E-2,1.255290908E-1
1.203899581E2,-9.859165728E-2,6.146242261E-2,-3.154455900E-2,1.203868908E-1
1.203999461E2,-8.083424807E-2,6.293402061E-2,-8.428819835E-2,1.326626059E-1
1.204099341E2,-3.110952616E-2,7.007844105E-2,-9.518331528E-2,1.222237867E-1
1.204199221E2,2.280355632E-2,4.268905967E-2,-8.739190042E-2,9.989845973E-2
1.204299111E2,8.103363812E-2,1.762409270E-2,-3.844310403E-2,9.140531384E-2
1.204398991E2,1.128799134E-1,4.731859267E-4,-1.997350395E-2,1.146343737E-1
1.204498871E2,9.610015869E-2,1.754427820E-2,-9.131011963E-3,9.811430873E-2
1.204598751E2,1.206444311E-1,2.832902893E-2,-1.270249128E-2,1.245751417E-1
1.204698631E2,1.094417506E-1,5.601676449E-2,-1.539747298E-2,1.239050316E-1
1.204798511E2,5.539769053E-2,9.663985670E-2,-4.320156813E-2,1.194761127E-1
1.204898401E2,6.241844237E-2,1.188645387E-1,-4.906632543E-2,1.429417531E-1
1.204998281E2,6.515669346E-2,1.170039546E-1,-8.386427522E-2,1.580143562E-1
1.205098161E2,5.676769316E-2,1.155975531E-1,-1.009299588E-1,1.636221924E-1
1.205198041E2,7.989050746E-2,1.299125603E-1,-1.051592499E-1,1.852518133E-1
1.205297921E2,1.456108725E-1,1.479338251E-1,-1.025917375E-1,2.315426687E-1
1.205397801E2,1.565480894E-1,1.379935585E-1,-9.493890166E-2,2.292660497E-1
1.205497691E2,1.276482260E-1,1.060834023E-1,-9.418402612E-2,1.908360255E-1
1.205597571E2,1.322523236E-1,7.588004842E-2,-7.396260023E-2,1.694665899E-1
1.205697451E2,1.371908820E-1,6.260643035E-2,-4.140530348E-2,1.563819119E-1
1.205797331E2,1.304636604E-1,5.600273117E-2,-6.503799498E-2,1.561634188E-1
1.205897211E2,1.260139292E-1,1.091727787E-1,-1.321435654E-1,2.127442781E-1
1.205997091E2,1.394970238E-1,1.449836124E-1,-1.494694501E-1,2.506407470E-1
1.206096981E2,1.449974996E-1,1.664193588E-1,-1.246298933E-1,2.534803507E-1
1.206196861E2,1.499693871E-1,1.264037924E-1,-9.099729359E-2,2.162157330E-1
1.206296741E2,1.348367929E-1,9.827649236E-2,-6.604020774E-2,1.794450855E-1
1.206396621E2,5.817628741E-2,5.327427417E-2,-5.681739450E-2,9.721545671E-2
1.206496501E2,-5.890017271E-2,3.589327946E-2,-8.179202199E-2,1.069929564E-1
1.206596391E2,-1.501477271E-1,1.756269693E-2,-9.941377580E-2,1.809306141E-1
1.206696271E2,-1.527397978E-1,1.178535551E-2,-6.764936149E-2,1.674657474E-1
1.206796151E2,-1.094750798E-1,-1.148480862E-2,-5.813886523E-3,1.102292847E-1
1.206896031E2,5.202677071E-2,-1.589897405E-1,6.658809185E-2,1.800513716E-1
1.206995911E2,2.131637549E-1,-2.751872179E-1,9.809698284E-2,3.616487375E-1
1.207095791E2,2.836677271E-1,-3.387819739E-1,8.572719812E-2,4.500997198E-1
1.207195681E2,2.449106276E-1,-3.152095087E-1,2.968923748E-2,4.002745317E-1
1.207295561E2,1.158672559E-1,-2.698222513E-1,1.189674497E-2,2.938890962E-1
1.207395441E2,-2.496761084E-4,-2.053585991E-1,3.886234939E-2,2.090035856E-1
1.207495321E2,-1.308799821E-1,-1.894639666E-1,5.741673410E-2,2.373243471E-1
1.207595201E2,-2.114271319E-1,-2.200295556E-1,1.073665738E-1,3.234841860E-1
1.207695081E2,-2.120615548E-1,-2.165555786E-1,9.099144638E-2,3.164583147E-1
1.207794971E2,-1.668748569E-1,-2.249771771E-1,9.321631193E-3,2.802656613E-1
1.207894851E2,-1.172144544E-1,-1.906157219E-1,-9.629545569E-2,2.436111585E-1
1.207994731E2,-6.915560424E-2,-1.300992326E-1,-1.866483861E-1,2.377938771E-1
1.208094611E2,-2.697905302E-2,-9.346935019E-2,-2.211188918E-1,2.415739081E-1
1.208194491E2,-2.110903323E-2,-7.117274746E-2,-1.808274829E-1,1.954730924E-1
1.208294371E2,-5.321843326E-2,-6.833611697E-2,-9.229829907E-2,1.265740990E-1
1.208394261E2,-8.494367123E-2,-7.961101055E-2,1.388128996E-3,1.164270896E-1
1.208494141E2,-1.266664785E-1,-1.070139867E-1,5.595960796E-2,1.750081937E-1
1.208594021E2,-2.024674433E-1,-1.051832235E-1,6.625304639E-2,2.375837584E-1
1.208693906E2,-2.364327496E-1,-9.773416311E-2,5.876159370E-2,2.624982602E-1
1.208793786E2,-2.631451696E-1,-8.363608763E-2,2.419460893E-2,2.771745922E-1
1.208893676E2,-2.169498271E-1,-8.520051017E-2,-2.029977858E-2,2.339624658E-1
1.208993556E2,-1.541413754E-1,-8.489879385E-2,-4.754721880E-2,1.822857834E-1
1.209093436E2,-1.019228160E-1,-9.372224227E-2,-8.240890324E-2,1.611314571E-1
1.209193316E2,-4.962298036E-2,-1.013236226E-1,-1.035471725E-1,1.531369767E-1
1.209293196E2,-4.236892462E-3,-1.088975210E-1,-6.777449191E-2,1.283355099E-1
1.209393076E2,4.308403909E-2,-1.227410965E-1,-2.025475502E-2,1.316505461E-1
1.209492966E2,1.261279500E-1,-1.649039067E-1,-5.166015029E-3,2.076734117E-1
1.209592846E2,1.982334745E-1,-1.802363294E-1,-1.798837423E-2,2.685241637E-1
1.209692726E2,1.925996822E-1,-1.381657590E-1,-8.112953246E-2,2.505322646E-1
1.209792606E2,1.954975623E-1,-8.843065828E-2,-1.073648196E-1,2.399301621E-1
1.209892486E2,1.814215600E-1,-3.525315553E-2,-1.168630368E-1,2.186630668E-1
1.209992366E2,1.799246728E-1,-1.067263037E-2,-6.697751641E-2,1.922830742E-1
1.210092256E2,1.847088647E-1,8.828710914E-3,-4.526621997E-2,1.903794671E-1
1.210192136E2,1.919722760E-1,-1.887568921E-2,-5.819733739E-3,1.929857914E-1
1.210292016E2,1.707778734E-1,-2.418729991E-2,1.008644700E-2,1.727768617E-1
1.210391896E2,1.351887953E-1,-3.944897130E-2,-1.584653914E-2,1.417157173E-1
1.210491776E2,1.218741006E-1,-3.688072801E-2,-1.754690945E-2,1.285355146E-1
1.210591656E2,1.058942449E-1,-5.383092910E-2,-2.831221819E-2,1.221185560E-1
1.210691546E2,1.317506325E-1,-8.572471306E-2,-2.693812251E-2,1.594760736E-1
1.210791426E2,1.009352213E-1,-1.459003097E-1,-3.773442149E-2,1.813800039E-1
1.210891306E2,6.183547497E-2,-1.961755469E-1,-8.172536373E-2,2.213312139E-1
1.210991186E2,2.425308108E-2,-2.253651398E-1,-7.839888275E-2,2.398417041E-1
1.211091066E2,-3.199479461E-2,-2.238831630E-1,-9.673750520E-2,2.459786220E-1
1.211190946E2,-1.119642395E-1,-2.169125511E-1,-8.669900537E-2,2.590439408E-1
1.211290836E2,-1.405454296E-1,-2.212688729E-1,-9.115984619E-2,2.775302676E-1
1.211390716E2,-1.719268513E-1,-2.018561170E-1,-5.280503511E-2,2.703573670E-1
1.211490596E2,-1.720116359E-1,-2.081866050E-1,7.501977682E-4,2.700559723E-1
1.211590476E2,-1.186224639E-1,-2.536870059E-1,2.757254541E-2,2.814047462E-1
1.211690356E2,-7.071564138E-2,-2.578826755E-1,3.572239459E-2,2.697781788E-1
1.211790246E2,-1.063023806E-2,-2.402733470E-1,1.799656034E-2,2.411807609E-1
1.211890126E2,4.681456268E-2,-2.562431163E-1,1.767496347E-2,2.610834009E-1
1.211990006E2,9.832385480E-2,-2.471907493E-1,-6.910824180E-3,2.661176553E-1
1.212089886E2,1.317962408E-1,-2.401837385E-1,-1.539571881E-2,2.744002651E-1
1.212189766E2,1.751264477E-1,-1.897015098E-1,-2.356661797E-2,2.592514628E-1
1.212289646E2,1.883013940E-1,-1.658723518E-1,-3.652697146E-2,2.535848413E-1
1.212389536E2,2.051717806E-1,-1.301025948E-1,-2.740122199E-2,2.444851155E-1
1.212489416E2,1.861244756E-1,-1.196103510E-1,-3.797357261E-2,2.244792835E-1
1.212589296E2,1.614468867E-1,-7.464804009E-2,-7.358194649E-2,1.924882593E-1
1.212689176E2,1.268021339E-1,3.178984970E-3,-1.140803468E-1,1.705966373E-1
1.212789056E2,1.092113703E-1,3.506487519E-2,-1.294520921E-1,1.729581251E-1
1.212888936E2,6.441877484E-2,7.814511359E-2,-1.195603573E-1,1.566879586E-1
1.212988826E2,7.620793104E-2,1.359889868E-1,-9.874894738E-2,1.845318615E-1
1.213088706E2,1.128343052E-1,1.578508490E-1,-8.702820361E-2,2.126555412E-1
1.213188586E2,1.183137310E-1,2.140209568E-1,-5.481530786E-2,2.506148975E-1
1.213288466E2,9.603408515E-2,2.345578399E-1,-3.518795907E-2,2.558869247E-1
1.213388346E2,7.805799007E-2,2.382098646E-1,-1.296561599E-2,2.510081605E-1
1.213488236E2,2.303335190E-2,2.711229645E-1,-1.358308196E-2,2.724384284E-1
1.213588116E2,-8.836897016E-3,3.507174566E-1,-2.222643614E-2,3.515321317E-1
1.213687996E2,-3.090896666E-2,3.201316948E-1,5.317925692E-2,3.259872691E-1
1.213787876E2,4.434937656E-2,2.159866445E-1,5.180691540E-2,2.264973604E-1
1.213887756E2,4.355415523E-2,2.639993016E-1,8.449577451E-2,2.805924654E-1
1.213987636E2,2.473664582E-2,2.263224752E-1,7.363047838E-2,2.392806131E-1
1.214087526E2,-1.088693082E-2,2.378135696E-1,4.453824162E-2,2.421930513E-1
1.214187406E2,-5.650164485E-2,2.573844928E-1,-1.425551176E-3,2.635170681E-1
1.214287286E2,-1.019678396E-1,2.810414502E-1,-2.106985688E-2,2.997093190E-1
1.214387166E2,-1.398308998E-1,3.200675216E-1,-4.488848984E-2,3.521517790E-1
1.214487046E2,-1.485561150E-1,2.966859680E-1,-3.337356806E-2,3.334745537E-1
1.214586936E2,-1.304771090E-1,2.685756250E-1,-1.095651269E-2,2.987928839E-1
1.214686816E2,-1.331083560E-1,2.273113856E-1,-9.238600731E-4,2.634182111E-1
1.214786696E2,-1.408366209E-1,1.628404243E-1,-1.010398865E-2,2.155320120E-1
1.214886576E2,-1.503944796E-1,1.233035986E-1,-9.902844429E-3,1.947314645E-1
1.214986456E2,-1.199310708E-1,9.208516806E-2,-1.237270832E-2,1.517109878E-1
1.215086336E2,-9.890916109E-2,5.598270446E-2,-2.098916531E-2,1.155752154E-1
1.215186226E2,-5.383122146E-2,2.254043162E-2,-7.797262073E-3,5.887842353E-2
1.215286106E2,-1.012562335E-2,1.159166649E-2,1.759778023E-2,2.337898306E-2
1.215385986E2,5.178352654E-2,-1.140411705E-2,1.284223974E-2,5.455740672E-2
1.215485866E2,1.089429832E-1,-5.532050729E-3,-2.439107537E-2,1.117770179E-1
1.215585746E2,1.450372607E-1,-1.639646977E-2,-5.184199870E-2,1.548942995E-1
1.215685626E2,1.348514110E-1,-4.826803431E-2,-8.549330950E-2,1.668047126E-1
1.215785516E2,1.098159724E-1,-4.421927601E-2,-1.001739138E-1,1.550796737E-1
1.215885396E2,9.631767511E-2,-5.652883440E-2,-8.186218858E-2,1.384702913E-1
1.215985276E2,8.078045368E-2,-7.604537845E-2,-5.260096729E-2,1.227812813E-1
1.216085156E2,6.383756161E-2,-8.534142807E-2,-4.836816788E-2,1.170379139E-1
1.216185036E2,5.787632525E-2,-1.121498886E-1,-3.873897314E-2,1.320150543E-1
1.216284926E2,6.399952948E-2,-1.144976918E-1,-4.442655981E-2,1.384896401E-1
1.216384806E2,5.690685689E-2,-1.194027749E-1,-4.294662952E-2,1.390677029E-1
1.216484686E2,7.668389440E-2,-1.169365655E-1,-5.515035331E-2,1.503201300E-1
1.216584566E2,9.189425647E-2,-1.312755463E-1,-6.065375268E-2,1.713379734E-1
1.216684446E2,9.505116820E-2,-1.371198383E-1,-6.626591027E-2,1.795208776E-1
1.216784326E2,9.165744424E-2,-1.257049039E-1,-8.165987492E-2,1.757018643E-1
1.216884216E2,5.943928599E-2,-1.327768189E-1,-7.676166236E-2,1.644842398E-1
1.216984096E2,2.750998020E-2,-1.519109550E-1,-6.700324416E-2,1.682948959E-1
1.217083976E2,-1.866957486E-2,-1.413076141E-1,-4.375237584E-2,1.490995145E-1
1.217183856E2,-3.414306164E-2,-1.424652167E-1,-7.228327990E-3,1.466776580E-1
1.217283736E2,-4.772263527E-2,-1.202773722E-1,-1.925722003E-2,1.308240677E-1
1.217383616E2,-5.246355772E-2,-1.041064587E-1,-9.801687598E-3,1.169899684E-1
1.217483506E2,-6.418371677E-2,-6.948933408E-2,-4.111177325E-3,9.468483949E-2
1.217583386E2,-8.097984374E-2,-5.550206333E-2,2.059740186E-2,1.003118492E-1
1.217683266E2,-7.582669258E-2,-4.755482018E-2,3.661234081E-2,9.670373173E-2
1.217783146E2,-7.518993080E-2,-4.461293980E-2,5.802367508E-2,1.049313440E-1
1.217883026E2,-8.827892303E-2,-1.588074535E-2,5.984391332E-2,1.078269924E-1
1.217982916E2,-1.033968991E-1,-2.009366423E-2,6.206000805E-2,1.222543197E-1
1.218082796E2,-9.603993237E-2,1.563530847E-2,3.730932891E-2,1.042118875E-1
1.218182676E2,-6.646880865E-2,1.455181941E-2,3.646732986E-2,7.719924947E-2
1.218282556E2,-3.889743268E-2,-2.654051185E-3,5.210103035E-2,6.507358620E-2
1.218382436E2,-1.303461313E-2,-3.267833412E-2,3.716841102E-2,5.117875963E-2
1.218482316E2,1.295041323E-2,-1.336688116E-2,5.737697303E-2,6.032001118E-2
1.218582206E2,-2.418466866E-2,-2.680597544E-2,5.211330950E-2,6.339759889E-2
1.218682089E2,-4.837226093E-2,-1.160672307E-3,5.102046490E-2,7.031579215E-2
1.218781969E2,-3.166910470E-2,-3.647200763E-3,6.735349238E-2,7.451662366E-2
1.218881849E2,6.999701858E-3,3.077331126E-2,4.107961357E-2,5.180277177E-2
1.218981729E2,3.617087603E-2,7.126527965E-2,1.070040464E-3,7.992632447E-2
1.219081619E2,4.381435633E-2,5.021559566E-2,-3.778470755E-3,6.675013640E-2
1.219181499E2,5.789854467E-2,2.280589521E-2,-1.577812672E-2,6.419734896E-2
1.219281379E2,6.163374603E-2,-1.131465465E-2,-1.319424212E-2,6.403770830E-2
1.219381259E2,6.846329391E-2,-2.700200334E-2,-2.953779459E-2,7.930203091E-2
1.219481139E2,8.677092612E-2,-3.519731462E-2,-7.650087655E-2,1.209149647E-1
1.219581019E2,1.015304679E-1,-3.481768414E-2,-9.126158774E-2,1.408878434E-1
1.219680909E2,1.261893457E-1,-4.505484313E-2,-7.548696935E-2,1.537919777E-1
1.219780789E2,1.379861033E-1,-5.260096729E-2,-2.365198731E-2,1.495541473E-1
1.219880669E2,1.199111903E-1,-7.198916495E-2,-1.699200869E-2,1.408895375E-1
1.219980549E2,1.156725436E-1,-9.669043511E-2,-2.274099112E-2,1.524674728E-1
1.220080429E2,1.195714670E-1,-1.079036406E-1,-2.174228668E-2,1.625215629E-1
1.220180309E2,1.246831030E-1,-1.118258066E-1,-5.230275929E-2,1.754607245E-1
1.220280199E2,1.133389199E-1,-1.041517746E-1,-4.338575542E-2,1.599238153E-1
1.220380079E2,8.898351252E-2,-1.110488579E-1,-4.421079755E-3,1.423708547E-1
1.220479959E2,6.911584318E-2,-1.206248429E-1,5.099415243E-2,1.480802353E-1
1.220579839E2,1.639617741E-2,-1.112921020E-1,8.631075025E-2,1.417896760E-1
1.220679719E2,-6.362296879E-2,-1.023708589E-1,8.389994323E-2,1.468566491E-1
1.220779609E2,-1.421516597E-1,-8.001578405E-2,7.498527825E-2,1.795338743E-1
1.220879489E2,-1.734015191E-1,-4.251013488E-2,7.655993342E-2,1.942591614E-1
1.220979369E2,-2.199605584E-1,-1.641123399E-2,7.993845463E-2,2.346105973E-1
1.221079249E2,-2.580189157E-1,-2.472612083E-2,7.385910451E-2,2.695186621E-1
1.221179129E2,-2.612190968E-1,4.530422688E-3,7.652485013E-2,2.722351813E-1
1.221279009E2,-2.799600077E-1,1.607896596E-2,8.116578519E-2,2.919315395E-1
1.221378899E2,-2.999323422E-1,5.675453693E-2,7.489932418E-2,3.143093955E-1
1.221478779E2,-2.997504938E-1,6.621796310E-2,9.370104611E-2,3.209595974E-1
1.221578659E2,-2.736836064E-1,3.244122952E-2,1.082875103E-1,2.961103420E-1
1.221678539E2,-2.387079012E-1,7.132609069E-2,1.020157868E-1,2.692138445E-1
1.221778419E2,-2.042935288E-1,8.814370617E-2,6.245644927E-2,2.310973105E-1
1.221878309E2,-1.845556676E-1,8.915337414E-2,1.931920052E-3,2.049703659E-1
1.221978189E2,-1.432772487E-1,7.194794208E-2,-3.748942316E-2,1.646521583E-1
1.222078069E2,-1.142674577E-1,7.456647143E-2,-5.457966506E-2,1.469562874E-1
1.222177949E2,-9.681293428E-2,9.671733230E-2,-6.301778197E-2,1.506593092E-1
1.222277829E2,-5.541757107E-2,1.116344565E-1,-6.332183719E-2,1.397963309E-1
1.222377709E2,-2.987108588E-2,1.154453793E-1,-5.535792947E-2,1.314702161E-1
1.222477599E2,1.873447895E-3,8.836312294E-2,-3.072945714E-2,9.357270349E-2
1.222577479E2,3.691698074E-2,4.836027414E-2,-1.396782875E-2,6.242339162E-2
1.222677359E2,6.221320510E-2,5.893627927E-2,-5.363007724E-2,1.010947728E-1
1.222777239E2,8.043663740E-2,6.176399276E-2,-6.728800356E-2,1.217066919E-1
1.222877119E2,1.034027463E-1,6.552185208E-2,-8.209081471E-2,1.473911222E-1
1.222977009E2,1.481672752E-1,7.434179217E-2,-8.118274212E-2,1.845829925E-1
1.223076889E2,1.473591900E-1,4.804160088E-2,-5.196186662E-2,1.634709817E-1
1.223176769E2,1.883241981E-1,2.377477884E-3,-1.879412055E-2,1.892746020E-1
1.223276649E2,1.975183600E-1,-2.521143973E-2,-1.764923573E-2,1.999015126E-1
1.223376529E2,1.913729364E-1,-4.430961549E-2,-2.028516054E-2,1.974802029E-1
1.223476409E2,1.785225105E-1,-6.009885192E-2,-4.819509029E-2,1.944348875E-1
1.223576299E2,1.624467605E-1,-5.361253560E-2,-8.061614692E-2,1.891090086E-1
1.223676179E2,1.104544884E-1,-5.318700448E-2,-9.027340829E-2,1.522443421E-1
1.223776059E2,1.201526803E-1,-6.578351498E-2,-7.633949339E-2,1.568179061E-1
1.223875939E2,7.488061309E-2,-4.995948762E-2,-5.639873385E-2,1.062255798E-1
1.223975819E2,3.587617636E-2,-4.095082864E-2,-7.209558427E-2,9.034292262E-2
1.224075709E2,8.945655227E-3,-3.997712106E-2,-5.446096659E-2,6.814830766E-2
1.224175589E2,3.870856762E-3,-3.261562273E-2,-2.600139856E-2,4.189075203E-2
1.224275469E2,7.189151645E-3,-3.912898242E-2,3.875534534E-3,3.997225206E-2
1.224375349E2,2.027931333E-2,-5.309929624E-2,3.172114491E-3,5.692844738E-2
1.224475229E2,3.121068299E-2,-5.628383607E-2,3.217371941E-2,7.195224218E-2
1.224575109E2,6.497426033E-2,-7.925052971E-2,8.210133970E-2,1.313123412E-1
1.224674999E2,7.284461260E-2,-7.683182895E-2,4.569423616E-2,1.153144863E-1
1.224774879E2,6.650740027E-2,-4.768112004E-2,9.062014818E-3,8.233373313E-2
1.224874759E2,6.058884859E-2,8.653732985E-3,-6.360016465E-2,8.826594254E-2
1.224974639E2,3.471667349E-2,2.280706465E-2,-8.628034472E-2,9.575858971E-2
1.225074519E2,7.927654982E-3,3.507613108E-2,-6.083793998E-2,7.067133525E-2
1.225174409E2,-6.690968871E-3,3.046223938E-2,-3.099316657E-2,4.396923318E-2
1.225274289E2,8.062140942E-3,3.016856298E-2,2.049449086E-3,3.129441724E-2
1.225374169E2,-8.373797536E-3,2.312076777E-2,4.814363480E-2,5.406015130E-2
1.225474049E2,-3.224680960E-2,1.683851928E-2,4.140647292E-2,5.511704329E-2
1.225573929E2,-3.109549284E-2,1.461803913E-2,3.619192600E-2,4.990463156E-2
1.225673809E2,-4.293201149E-2,-2.394873351E-3,2.597333193E-2,5.023452000E-2
1.225773699E2,-6.155773222E-2,1.409266680E-2,1.807081997E-2,6.568494644E-2
1.225873579E2,-4.815123618E-2,3.426292956E-2,1.862513602E-2,6.196277575E-2
1.225973459E2,-7.994196296E-2,6.006026030E-2,3.046574771E-2,1.045280541E-1
1.226073339E2,-1.027314860E-1,6.388200045E-2,4.555507243E-2,1.292669053E-1
1.226173219E2,-1.000938070E-1,5.387799919E-2,7.090626061E-2,1.339750230E-1
1.226273109E2,-1.050604320E-1,1.593351647E-2,6.361829102E-2,1.238501444E-1
1.226372989E2,-1.133476907E-1,1.036609009E-2,4.933003485E-2,1.240508249E-1
1.226472869E2,-1.122747266E-1,1.168054417E-2,3.603697479E-2,1.184935142E-1
1.226572749E2,-8.910045683E-2,1.410099909E-2,4.816234589E-2,1.022611419E-1
1.226672629E2,-7.291185558E-2,2.420820370E-2,3.597791791E-2,8.483269645E-2
1.226772509E2,-5.925743759E-2,2.275824040E-2,1.618918598E-2,6.550932115E-2
1.226872399E2,-5.895338237E-2,3.632217273E-2,-8.309478164E-3,6.974130019E-2
1.226972279E2,-5.197999299E-2,5.898831949E-2,-3.981953859E-3,7.872355088E-2
1.227072159E2,-3.126681626E-2,6.123949751E-2,-1.777144253E-2,7.101911027E-2
1.227172039E2,-2.776082575E-2,6.145072818E-2,-2.586106539E-2,7.221945820E-2
1.227271919E2,5.259570479E-3,4.081882775E-2,-1.496302485E-2,4.379191584E-2
1.227371809E2,3.455470562E-2,3.733973444E-2,-3.986514688E-2,6.463368614E-2
1.227471689E2,5.764419079E-2,3.649320379E-2,-5.042989612E-2,8.483973760E-2
1.227571569E2,8.677560389E-2,3.039762765E-2,-5.545323908E-2,1.073735671E-1
1.227671449E2,1.280095840E-1,1.672742218E-2,-6.204889834E-2,1.432352122E-1
1.227771329E2,1.403016007E-1,-1.624692723E-2,-7.564718306E-2,1.602217155E-1
1.227871209E2,1.413716412E-1,-8.776524514E-3,-4.538842678E-2,1.487382856E-1
1.227971099E2,1.331434393E-1,-4.068083346E-2,-3.349051237E-2,1.431912010E-1
1.228070979E2,1.317991644E-1,-5.098888993E-2,-4.726889133E-2,1.490142098E-1
1.228170859E2,1.070461464E-1,-3.708728090E-2,-6.826682746E-2,1.322675455E-1
1.228270739E2,9.851330459E-2,-2.729348704E-2,-6.851767302E-2,1.230628991E-1
1.228370619E2,8.989918649E-2,-3.397510037E-2,-4.618072450E-2,1.066247180E-1
1.228470509E2,1.085833794E-1,-4.303492248E-2,-3.006170511E-2,1.206070518E-1
1.228570389E2,9.864662111E-2,-4.602343440E-2,-1.719607651E-2,1.102044347E-1
1.228670267E2,8.742522955E-2,-4.684365258E-2,-2.518395782E-3,9.921613208E-2
1.228770148E2,6.541338623E-2,-4.505703583E-2,1.147866905E-2,8.025464110E-2
1.228870028E2,6.825103998E-2,-5.433349729E-2,1.540390491E-2,8.858675788E-2
1.228969918E2,8.345497012E-2,-4.360780343E-2,1.205929756E-2,9.493049676E-2
1.229069798E2,6.324114561E-2,-2.395341128E-2,-1.910168409E-2,7.027149312E-2
1.229169678E2,3.472778320E-2,-5.529711843E-3,-2.253049135E-2,4.176385614E-2
1.229269558E2,6.602675915E-3,3.076366335E-3,-3.652346313E-2,3.724275390E-2
1.229369438E2,-1.338544607E-2,-2.124468863E-2,-2.307954490E-2,3.410531270E-2
1.229469318E2,-1.728203058E-2,-1.907946467E-3,-2.441563368E-2,2.997385542E-2
1.229569207E2,-5.799560845E-2,-1.736623049E-3,-2.259598017E-2,6.226624108E-2
1.229669088E2,-5.746058822E-2,9.252049327E-3,1.082202673E-2,5.919827597E-2
1.229768968E2,4.407631159E-3,7.434296161E-3,2.100319862E-2,2.271189830E-2
1.229868847E2,1.508289278E-2,-6.087682396E-3,4.663212955E-2,4.938733682E-2
1.229968728E2,1.315915883E-2,-3.087227538E-2,5.256646872E-2,6.236581180E-2
1.230068618E2,1.447302818E-2,-5.020126998E-3,1.858128190E-2,2.408182420E-2
1.230168498E2,-1.486420691E-2,1.219261408E-2,5.689925551E-3,2.004943236E-2
1.230268378E2,-3.880095363E-2,2.741964072E-2,-2.829467654E-3,4.759576228E-2
1.230368258E2,-5.650632262E-2,4.146202147E-2,-1.070332825E-2,7.089869503E-2
1.230468138E2,-4.605033159E-2,5.286496907E-2,1.386374831E-3,7.012317755E-2
1.230568018E2,-6.852936745E-2,5.277550668E-2,2.763101757E-2,9.080199028E-2
1.230667908E2,-5.444517910E-2,4.313651785E-2,2.995119274E-2,7.564463396E-2
1.230767787E2,-3.351565540E-2,4.607576698E-2,1.795446038E-2,5.973807921E-2
1.230867668E2,-2.216445565E-2,1.622660816E-2,2.825842381E-2,3.940944586E-2
1.230967548E2,-2.721878886E-3,-6.011668593E-3,1.403916478E-2,1.551279896E-2
1.231067427E2,-1.217156410E-2,-1.654586613E-2,-3.665619493E-3,2.086502876E-2
1.231167318E2,-1.808134496E-2,1.114479303E-3,-3.172933102E-2,3.653666031E-2
1.231267197E2,-3.130599260E-2,-1.555841759E-2,-2.043835759E-2,4.049513541E-2
1.231367078E2,-2.271233976E-2,-6.687752903E-3,-1.745393872E-2,2.941456090E-2
1.231466958E2,-1.612954438E-2,-2.221196428E-2,-2.741993308E-2,3.879930784E-2
1.231566837E2,-2.959217370E-2,-1.962530226E-2,-7.393804193E-3,3.627006442E-2
1.231666718E2,-3.502774537E-2,-1.708410233E-3,-5.425631404E-3,3.548660433E-2
1.231766608E2,-3.949150980E-2,-4.896312207E-3,-2.735093594E-2,4.828692282E-2
1.231866488E2,-2.381980240E-2,7.773727030E-3,-7.351119518E-3,2.611231083E-2
1.231966368E2,-2.542778671E-2,7.754138857E-3,1.415026188E-3,2.662144446E-2
1.232066248E2,-7.748145461E-3,2.482230753E-2,6.659978628E-3,2.684280210E-2
1.232166128E2,-1.341468215E-2,3.659947693E-2,5.993396044E-4,3.898505633E-2
1.232266018E2,5.027436018E-3,4.602226496E-2,-8.401864171E-3,4.705226144E-2
1.232365898E2,-1.020923853E-2,4.481101424E-2,-2.150547445E-2,5.074190556E-2
1.232465777E2,8.387830853E-3,5.567894161E-2,-1.805093944E-2,5.912982885E-2
1.232565658E2,1.581087112E-2,6.155437008E-2,-2.208317935E-2,6.727994450E-2
1.232665538E2,1.931978524E-2,5.552472129E-2,-5.875282288E-3,5.908271929E-2
1.232765428E2,3.067332387E-2,5.460100740E-2,8.393678069E-3,6.318683912E-2
1.232865308E2,3.324726820E-2,5.109574780E-2,4.095974565E-3,6.109773558E-2
1.232965188E2,4.154446721E-2,3.916874349E-2,-1.186809361E-2,5.831796351E-2
1.233065068E2,4.603512883E-2,3.187317252E-2,-3.292333245E-2,6.495443043E-2
1.233164948E2,4.588134706E-2,2.045502216E-2,-2.152477026E-2,5.465182224E-2
1.233264828E2,3.944005430E-2,-5.833767056E-3,-4.490837038E-2,6.005258072E-2
1.233364717E2,3.568672657E-2,2.963953614E-3,-5.438729167E-2,6.511762411E-2
1.233464598E2,3.771629512E-2,-5.533512533E-3,-3.855946362E-2,5.422149863E-2
1.233564478E2,2.007115245E-2,-1.992453352E-2,-9.677726626E-3,2.989141330E-2
1.233664357E2,3.436174750E-2,-2.833970010E-2,1.847954035E-2,4.822200436E-2
1.233764238E2,3.733681083E-2,-5.230685234E-2,1.590267241E-2,6.620377054E-2
1.233864127E2,1.597810149E-2,-3.643473163E-2,1.529514670E-2,4.262312646E-2
1.233964008E2,1.907887995E-2,-2.996288717E-2,4.167310596E-3,3.576513309E-2
1.234063888E2,1.420347154E-2,-2.052460402E-2,5.233258009E-3,2.550264621E-2
1.234163767E2,2.079269886E-3,-1.946581945E-2,-2.230128050E-3,1.970317135E-2
1.234263648E2,-1.767145514E-2,-1.715792343E-2,-3.446758211E-2,4.236376848E-2
1.234363528E2,-2.163177431E-2,-1.696087226E-2,-1.710485995E-2,3.237562480E-2
1.234463418E2,-3.087446809E-2,-7.934671640E-4,-5.665951967E-3,3.140008569E-2
1.234563298E2,-2.229017079E-2,-6.105077863E-3,1.726624310E-2,2.884868871E-2
1.234663178E2,-2.837069035E-3,-1.044824347E-2,2.753219962E-2,2.958440076E-2
1.234763058E2,4.744430780E-3,-1.525889397E-2,2.745384693E-2,3.176566039E-2
1.234862938E2,-1.423095345E-2,-1.466744810E-2,7.344102859E-4,2.044977820E-2
1.234962828E2,-3.412844360E-2,-1.315389633E-2,-2.195629478E-2,4.265975306E-2
1.235062707E2,-4.850733161E-2,3.179131150E-3,-2.880338430E-2,5.650400908E-2
1.235162588E2,-5.680686951E-2,-3.381737173E-3,-1.558575332E-2,5.900315480E-2
1.235262468E2,-6.068883598E-2,2.178087831E-4,5.166015029E-3,6.090870188E-2
1.235362347E2,-4.309865713E-2,1.037500709E-2,2.196798921E-2,4.947451433E-2
1.235462238E2,-4.062353075E-2,-6.641852260E-3,3.025817156E-2,5.108759534E-2
1.235562118E2,-1.915430903E-2,-7.650058419E-3,2.597567081E-2,3.316845523E-2
1.235661998E2,-4.377225637E-3,-1.916454166E-2,2.445188642E-2,3.137410573E-2
1.235761878E2,1.326908648E-2,-4.256743759E-2,3.418340743E-2,5.618327814E-2
1.235861758E2,2.481382906E-2,-5.860883519E-2,2.349352777E-2,6.784296222E-2
1.235961638E2,4.410028517E-2,-4.963116646E-2,-1.000049293E-2,6.714236885E-2
1.236061528E2,3.286836863E-2,-5.532957047E-2,-2.735093594E-2,6.992685265E-2
1.236161408E2,3.277656734E-2,-3.616707534E-2,-3.131593287E-2,5.799179560E-2
1.236261287E2,3.145100355E-2,-1.865554154E-2,-2.357831240E-2,4.351013296E-2
1.236361168E2,2.050326169E-2,1.269167393E-2,-6.124958396E-2,6.582532842E-2
1.236461048E2,2.186741710E-2,1.487414718E-2,-5.253664792E-2,5.881771467E-2
1.236560938E2,-5.893408656E-3,8.650078475E-3,-3.310050309E-2,3.471598231E-2
1.236660818E2,-7.214294672E-3,2.976890579E-2,-3.153403401E-3,3.079249507E-2
1.236760697E2,5.943109989E-3,2.698460788E-2,1.332405031E-2,3.067604823E-2
1.236860578E2,3.843374848E-2,3.037877038E-2,2.261118293E-2,5.395635556E-2
1.236960458E2,4.465109289E-2,3.983371809E-2,9.863668084E-3,6.064434962E-2
1.237060348E2,3.130365372E-2,7.332963914E-2,3.848637342E-3,7.982459973E-2
1.237160228E2,2.770059943E-2,6.046956539E-2,-3.347998738E-2,7.446342124E-2
1.237260108E2,1.933206439E-2,5.764419079E-2,-3.814723492E-2,7.177599165E-2
1.237359988E2,1.309542418E-2,4.874940634E-2,-3.672168374E-2,6.242176551E-2
1.237459868E2,-5.108127594E-3,3.762025461E-2,-3.121126771E-2,4.914793746E-2
1.237559748E2,8.036413193E-3,3.721021861E-2,-3.610070944E-3,3.823894504E-2
1.237659637E2,-3.742218018E-4,3.390347198E-2,-1.939053655E-2,3.905865284E-2
1.237759518E2,6.920179725E-3,1.431500718E-2,1.785154939E-3,1.599984675E-2
1.237859398E2,3.050375462E-2,5.043515861E-3,-1.025893986E-2,3.257548073E-2
1.237959277E2,2.163469791E-2,2.448185340E-2,-1.547056317E-2,3.614913034E-2
1.238059158E2,2.051144779E-2,3.059745625E-2,-1.896310508E-2,4.143094464E-2
1.238159048E2,3.896584511E-3,3.841898426E-2,-2.079562247E-2,4.385954442E-2
1.238258928E2,-5.893993378E-4,3.741867185E-2,-1.684992135E-2,4.104173782E-2
1.238358808E2,-2.546520889E-2,6.162497520E-2,-2.273514390E-2,7.044857132E-2
1.238458688E2,-4.923940301E-3,4.924744293E-2,-2.878818154E-2,5.725657360E-2
1.238558568E2,-7.216048837E-3,4.409005255E-2,-5.760092139E-3,4.504645109E-2
1.238658448E2,-1.952619195E-2,3.044265121E-2,-1.034372449E-3,3.618144706E-2
1.238758333E2,-7.729434371E-3,-7.687626779E-3,6.550050974E-3,1.271797661E-2
1.238858213E2,-8.788365126E-4,-2.742563412E-2,1.430638254E-2,3.094527979E-2
1.238958093E2,-2.013722599E-2,-1.182760164E-2,-1.157280922E-2,2.606395872E-2
1.239057973E2,-2.056407273E-2,-2.812729999E-2,1.636401772E-2,3.849424851E-2
1.239157853E2,-2.558741570E-3,-2.749682397E-2,9.025177360E-3,2.905299146E-2
1.239257743E2,-6.193955541E-3,-2.283732399E-2,9.268421531E-3,2.541283318E-2
1.239357623E2,1.232417643E-2,-2.771726400E-2,1.325914621E-2,3.310493931E-2
1.239457503E2,2.591193616E-2,-3.740551561E-2,1.405085921E-2,4.762381420E-2
1.239557383E2,1.353338063E-2,-1.897830784E-2,4.086034298E-3,2.366483121E-2
1.239657263E2,2.358006656E-2,7.969462574E-3,-3.465644717E-3,2.513051066E-2
1.239757153E2,2.628089547E-2,5.064419657E-3,2.920801163E-2,3.961618049E-2
1.239857033E2,2.753921628E-2,-4.086765200E-3,-6.794464588E-4,2.784908851E-2
1.239956913E2,3.850391507E-2,-4.501771331E-3,-1.613831520E-3,3.879976641E-2
1.240056793E2,3.900911450E-2,7.502123863E-3,4.227536917E-4,3.972620794E-2
1.240156673E2,5.178703487E-2,2.825272277E-2,-4.826467216E-2,7.622067897E-2
1.240256563E2,7.260487676E-2,3.162817419E-2,-5.564502776E-2,9.678935192E-2
1.240356443E2,8.929516912E-2,1.936539352E-2,-5.601457179E-2,1.071740544E-1
1.240456323E2,8.298076093E-2,3.601884842E-2,-5.075967908E-2,1.037290179E-1
1.240556203E2,8.566521764E-2,4.065598279E-2,-3.941783488E-2,1.026898445E-1
1.240656083E2,7.338138700E-2,2.557002023E-2,-4.314718902E-2,8.888382199E-2
1.240755963E2,5.778861701E-2,2.827041060E-2,-1.375382066E-2,6.578683724E-2
1.240855853E2,4.376290083E-2,1.246845648E-2,-2.897938550E-2,5.394866708E-2
1.240955733E2,1.978814721E-2,7.436927408E-3,-2.750062466E-2,3.468664031E-2
1.241055613E2,2.033603132E-2,1.349800497E-2,-8.933960795E-3,2.599165180E-2
1.241155493E2,1.678267837E-2,-4.352082610E-3,3.852145672E-3,1.776057269E-2
1.241255373E2,2.620839000E-2,-1.373700991E-2,6.022632122E-3,3.019697411E-2
1.241355263E2,-4.900551438E-3,-1.950104892E-2,-6.939475536E-3,2.127116908E-2
1.241455143E2,-9.796425104E-3,-1.932446301E-2,-1.090213358E-2,2.425409928E-2
1.241555023E2,-4.818164170E-2,4.303550720E-4,-1.299719095E-2,4.990573890E-2
1.241654903E2,-5.396278381E-2,1.880347610E-2,5.365405083E-3,5.739634415E-2
1.241754783E2,-4.184559882E-2,1.147194475E-2,-1.566118240E-2,4.612951648E-2
1.241854673E2,-4.886810482E-2,1.715529218E-2,-6.273477674E-3,5.217041537E-2
1.241954553E2,-1.949461699E-2,4.897335470E-3,-1.723174453E-3,2.017407535E-2
1.242054433E2,-1.215109885E-2,-2.152360082E-3,8.225862980E-3,1.483059941E-2
1.242154313E2,-1.108632088E-3,1.371128216E-2,1.285919666E-2,1.883048758E-2
1.242254193E2,3.803204477E-2,-1.695078582E-2,4.133455217E-2,5.867120906E-2
1.242354073E2,7.178568184E-2,-2.790949121E-2,7.525366545E-4,7.702395815E-2
1.242453963E2,7.017535865E-2,9.358468652E-4,-3.471374989E-2,7.829751722E-2
1.242553843E2,6.478247166E-2,7.080685794E-3,-5.658292115E-2,8.630487652E-2
1.242653723E2,8.132950723E-2,1.531619668E-2,-6.459594548E-2,1.049843360E-1
1.242753603E2,5.431244731E-2,2.294739783E-2,-6.114901185E-2,8.494484475E-2
1.242853483E2,3.109373868E-2,2.805684105E-2,-4.789103508E-2,6.362042247E-2
1.242953373E2,2.022902727E-2,1.471948832E-2,-1.856140137E-2,3.115128411E-2
1.243053253E2,3.779172421E-2,2.109792352E-2,-1.093897104E-2,4.464300486E-2
1.243153133E2,4.118720233E-2,3.010643631E-2,3.723389983E-2,6.315968999E-2
1.243253013E2,3.351974845E-2,4.365253463E-2,2.627153993E-2,6.098615520E-2
1.243352893E2,-3.811799884E-3,6.738726005E-2,8.046353459E-3,6.797290960E-2
1.243452783E2,-1.232066810E-2,5.934119895E-2,5.558947921E-3,6.086114243E-2
1.243552663E2,-3.216319442E-2,4.654032826E-2,2.146746755E-2,6.050888689E-2
1.243652543E2,-4.864766479E-2,5.816576242E-2,2.592889309E-2,8.013837223E-2
1.243752423E2,-8.273108482E-2,4.327845901E-2,3.868927181E-2,1.010659051E-1
1.243852303E2,-8.253052533E-2,7.350754067E-2,1.075478375E-2,1.110419359E-1
1.243952193E2,-5.910950303E-2,6.144458860E-2,-7.772703767E-3,8.561416787E-2
1.244052073E2,-1.425258815E-2,4.736990198E-2,-2.341868341E-2,5.473096579E-2
1.244151953E2,4.561997652E-3,3.809241727E-2,-2.473781526E-2,4.564869746E-2
1.244251833E2,9.337418675E-3,2.884373009E-2,-1.263700247E-2,3.284573008E-2
1.244351713E2,7.906605005E-3,1.365032494E-2,-6.274062395E-4,1.578731808E-2
1.244451593E2,2.766902447E-3,-3.717645094E-2,1.821992397E-2,4.149349206E-2
1.244551483E2,2.386716485E-2,-5.510752246E-2,2.320058227E-2,6.437971425E-2
1.244651363E2,9.145630002E-3,-5.653307363E-2,7.057589293E-3,5.770130440E-2
1.244751243E2,-9.290640950E-3,-5.542853460E-2,-1.058346033E-2,5.718958025E-2
1.244851123E2,-2.182882547E-2,-6.346918702E-2,-3.856998861E-2,7.741110608E-2
1.244951003E2,-5.588417888E-2,-8.926388651E-2,-4.763902009E-2,1.155878848E-1
1.245050893E2,-6.949942052E-2,-9.834285825E-2,5.553685427E-3,1.205501167E-1
1.245150773E2,-6.230032861E-2,-1.079612356E-1,5.218230665E-2,1.351293916E-1
1.245250653E2,-4.058493912E-2,-9.969707340E-2,7.893624187E-2,1.334824858E-1
1.245350533E2,7.462216616E-3,-1.180169848E-1,7.234701455E-2,1.386282218E-1
1.245450413E2,2.188203514E-2,-9.596552655E-2,1.633361220E-2,9.977470940E-2
1.245550303E2,5.452528596E-3,-6.135205641E-2,-3.487513304E-2,7.078191717E-2
1.245650183E2,-1.755041778E-2,-4.521681100E-2,-5.309154868E-2,7.191167988E-2
1.245750063E2,-2.362918317E-2,-1.104158968E-2,-8.209549248E-2,8.613898587E-2
1.245849943E2,-8.963781595E-3,-2.514010370E-3,-5.780908227E-2,5.855390355E-2
1.245949823E2,2.866305113E-2,-1.296108440E-2,-1.783927023E-2,3.616351436E-2
1.246049703E2,6.840014398E-2,-1.915986389E-2,-1.429351866E-2,7.245677854E-2
1.246149593E2,7.160090983E-2,-5.646977752E-2,-4.183331966E-2,1.003272281E-1
1.246249473E2,6.212549686E-2,-4.694963336E-2,-7.559572756E-2,1.085290720E-1
1.246349353E2,6.252135336E-2,-8.472176939E-3,-5.448260128E-2,8.336096959E-2
1.246449233E2,1.028747427E-1,2.639316201E-2,-6.262601852E-2,1.232957010E-1
1.246549113E2,1.385655624E-1,2.496307924E-2,-4.240810096E-2,1.470442703E-1
1.246649003E2,1.474930912E-1,1.621242866E-2,-3.586214304E-2,1.526536868E-1
1.246748883E2,1.519551015E-1,2.156774729E-2,-2.793916583E-2,1.560003769E-1
1.246848763E2,1.612621146E-1,3.609325424E-2,-2.355843186E-2,1.669227137E-1
1.246948643E2,1.388836509E-1,4.044606775E-2,1.306852698E-3,1.446591191E-1
1.247048523E2,1.250924081E-1,2.578768283E-2,6.858199239E-3,1.279068022E-1
1.247148413E2,9.593526721E-2,3.205122024E-2,-1.855496943E-2,1.028355148E-1
1.247248293E2,4.836992204E-2,6.001158223E-2,-4.172690034E-2,8.764800951E-2
1.247348173E2,-8.162713051E-4,7.685960323E-2,-3.972949147E-2,8.652454796E-2
1.247448053E2,-3.760636747E-2,8.403559864E-2,-4.460723877E-2,1.023035995E-1
1.247547933E2,-6.565253735E-2,6.375233844E-2,-3.476637483E-2,9.789441830E-2
1.247647813E2,-5.537664056E-2,6.452183202E-2,-5.120172858E-2,9.925349433E-2
1.247747703E2,-2.531844378E-2,5.061803028E-2,-3.322095573E-2,6.562652272E-2
1.247847583E2,-3.011900783E-3,1.825705379E-2,-3.103702068E-3,1.876231665E-2
1.247947463E2,-4.970133305E-3,-7.941103578E-3,1.893971622E-2,2.112998347E-2
1.248047343E2,-2.895892024E-2,-2.650250494E-3,1.915840209E-2,3.482365948E-2
1.248147223E2,-7.180439293E-2,1.507412195E-3,2.035942018E-2,7.465017834E-2
1.248247113E2,-1.056141633E-1,7.169563472E-3,8.276733756E-3,1.061803110E-1
1.248346993E2,-1.176249290E-1,9.981489480E-3,-9.299996495E-3,1.184134451E-1
1.248446873E2,-1.249707860E-1,1.749691576E-2,-3.219476938E-3,1.262307587E-1
1.248546753E2,-1.214607024E-1,1.722648203E-2,5.495797992E-3,1.227992578E-1
1.248646633E2,-8.735506296E-2,1.381623968E-2,-6.558821797E-3,8.868378458E-2
1.248746526E2,-6.833582461E-2,3.788133278E-2,3.432900310E-3,7.820847207E-2
1.248846406E2,-4.970834970E-2,5.893423274E-2,1.688968241E-2,7.892670772E-2
1.248946286E2,-3.262395501E-2,6.068328112E-2,-1.944783926E-3,6.892434427E-2
1.249046166E2,-3.404015064E-2,7.956306338E-2,4.118778706E-3,8.663704317E-2
1.249146046E2,-3.401851594E-2,8.835493684E-2,1.021567047E-2,9.522717162E-2
1.249245936E2,-2.157505631E-2,8.926944137E-2,3.005936623E-2,9.663375039E-2
1.249345816E2,-7.891402245E-3,6.466348082E-2,3.263564944E-2,7.286100188E-2
1.249445696E2,1.915957153E-2,4.099307477E-2,2.594585001E-2,5.216041117E-2
1.249545576E2,5.126195490E-2,3.831899688E-2,3.209945977E-2,7.159964287E-2
1.249645456E2,5.941414297E-2,3.793965876E-2,2.528102160E-2,7.489050770E-2
1.249745346E2,3.771571040E-2,-1.347841680E-2,2.300177693E-2,4.618684090E-2
1.249845226E2,4.352784276E-2,-4.153525785E-2,2.044537425E-2,6.354418988E-2
1.249945106E2,3.786890745E-2,-3.348130301E-2,2.390926480E-3,5.060403474E-2
1.250044986E2,1.519165099E-2,-7.898813590E-2,7.725341320E-3,8.080589565E-2
1.250144866E2,5.447850823E-3,-6.745435685E-2,9.992891550E-4,6.768137052E-2
1.250244746E2,-1.066590607E-2,-6.980727643E-2,4.026977420E-3,7.073212807E-2
1.250344636E2,-5.471239686E-3,-8.344926909E-2,-1.021683991E-2,8.425021539E-2
1.250444516E2,-7.202015519E-3,-7.026306689E-2,-3.483420253E-2,7.875397934E-2
1.250544396E2,-1.583952248E-2,-7.946687669E-2,-5.665776551E-2,9.887354224E-2
1.250644276E2,-7.503147125E-3,-5.615885183E-2,-9.232519627E-2,1.083238465E-1
1.250744156E2,1.139388442E-2,-1.802477315E-2,-7.150793910E-2,7.461969180E-2
1.250844046E2,3.274674654E-2,-7.604450136E-3,-4.717592061E-2,5.792878866E-2
1.250943926E2,4.548607528E-2,-5.801168829E-3,-3.290754497E-2,5.644061587E-2
1.251043806E2,4.200873613E-2,6.976459175E-3,-2.696326554E-2,5.040260492E-2
1.251143686E2,3.700176537E-2,2.998291388E-2,-1.827956557E-2,5.101223660E-2
1.251243566E2,1.806555748E-2,5.668670923E-2,-1.913559794E-2,6.249734777E-2
1.251343456E2,1.148860931E-2,7.164885700E-2,-7.265165448E-3,7.292687764E-2
1.251443336E2,1.946538091E-3,7.562774107E-2,6.812006235E-4,7.565585413E-2
1.251543216E2,2.002203584E-2,6.344901413E-2,-3.919973373E-3,6.664852214E-2
1.251643096E2,1.717385709E-2,8.375683263E-2,7.662776113E-3,8.584210224E-2
1.251742976E2,4.487854958E-2,5.921519145E-2,-1.813572407E-2,7.648155071E-2
1.251842866E2,8.550324976E-2,3.844646618E-2,7.376847267E-3,9.403911079E-2
1.251942746E2,7.133076847E-2,3.286369085E-2,-1.329949200E-2,7.965536513E-2
1.252042626E2,6.228278697E-2,5.217090458E-2,-3.014239669E-2,8.665744581E-2
1.252142506E2,7.138339341E-2,5.914341688E-2,-4.769807696E-2,1.042527657E-1
1.252242386E2,4.825648606E-2,7.457114920E-2,-5.782954752E-2,1.059896283E-1
1.252342276E2,3.617263019E-2,6.269282296E-2,-4.298288226E-2,8.418062362E-2
1.252442156E2,2.239892900E-2,3.434332877E-2,-7.789660692E-3,4.173553720E-2
1.252542036E2,-1.595061958E-2,3.613696218E-2,1.543664932E-3,3.953081332E-2
1.252641916E2,-1.011042058E-2,5.059376433E-2,6.243656874E-3,5.197049976E-2
1.252741796E2,-3.201175153E-2,5.919911161E-2,6.420242786E-3,6.760552174E-2
1.252841676E2,-4.424237251E-2,6.276357427E-2,3.661526442E-3,7.687691823E-2
1.252941566E2,-3.200941265E-2,3.578495979E-2,9.802857041E-3,4.900267188E-2
1.253041446E2,-2.657208681E-2,3.530461103E-2,6.710264683E-3,4.469361262E-2
1.253141326E2,-2.645982027E-2,1.726682782E-3,2.180426717E-3,2.660559683E-2
1.253241206E2,-4.429616690E-2,-1.278800681E-2,-7.171025276E-3,4.665948053E-2
1.253341086E2,-5.451008320E-2,-3.138902307E-2,-6.048944592E-3,6.319184813E-2
1.253440976E2,-4.204440415E-2,-4.863290057E-2,7.435319424E-3,6.471611015E-2
1.253540856E2,-3.527566731E-2,-5.688799962E-2,-1.253759980E-2,6.810145824E-2
1.253640736E2,-1.208327115E-2,-5.386557385E-2,-3.957980275E-3,5.534592213E-2
1.253740616E2,-6.906731129E-3,-5.853998423E-2,1.707620859E-2,6.136961453E-2
1.253840496E2,1.277616620E-3,-5.590318233E-2,6.261549354E-2,8.394937837E-2
1.253940386E2,1.464552104E-2,-1.015930331E-1,7.251249075E-2,1.256729763E-1
1.254040266E2,6.550401807E-2,-9.846477270E-2,2.496585667E-2,1.208692759E-1
1.254140146E2,8.696563840E-2,-5.786258429E-2,-3.195503354E-2,1.092347248E-1
1.254240026E2,4.527732968E-2,-5.726324469E-2,-1.618918598E-2,7.477436404E-2
1.254339906E2,-9.174281359E-4,-6.051108062E-2,-5.724424124E-3,6.078816977E-2
1.254439796E2,-3.447927654E-2,-2.260387391E-2,-1.437362552E-2,4.366184532E-2
1.254539676E2,-8.379937112E-2,-2.159464449E-2,1.033787727E-3,8.654323768E-2
1.254639556E2,-1.035629600E-1,-1.370908946E-2,1.539805770E-2,1.055951041E-1
1.254739436E2,-7.355797291E-2,-1.559569359E-2,-1.166519523E-2,7.609256085E-2
1.254839316E2,-3.512013137E-2,-2.190571636E-2,-2.610255539E-2,4.893493062E-2
1.254939206E2,1.795621455E-2,-1.729021668E-2,-4.363660097E-2,5.025465330E-2
1.255039086E2,4.770100057E-2,-3.722805262E-2,-5.861132026E-2,8.424132133E-2
1.255138966E2,5.615899801E-2,-2.592348441E-2,-5.322252631E-2,8.159961648E-2
1.255238846E2,6.369021177E-2,-2.348241806E-2,-7.062150121E-2,9.795541571E-2
1.255338726E2,3.370510519E-2,1.838803142E-3,-1.857368052E-2,3.852787200E-2
1.255438606E2,1.955835164E-2,1.183184087E-2,5.672383904E-3,2.355201725E-2
1.255538496E2,-1.053609788E-2,1.658738136E-2,-8.572018147E-3,2.143898492E-2
1.255638376E2,-4.851376355E-2,1.575941563E-2,-1.713526547E-2,5.381042424E-2
1.255738256E2,-4.654734492E-2,3.866617531E-2,-8.520562649E-3,6.110915169E-2
1.255838136E2,-4.723907053E-2,6.581479758E-2,4.423418641E-3,8.113374143E-2
1.255938016E2,-4.889032423E-2,6.814052761E-2,1.045949936E-2,8.451506631E-2
1.256037906E2,-5.538307250E-2,6.743476868E-2,1.178213954E-2,8.805425349E-2
1.256137786E2,-6.127355754E-2,4.290862262E-2,-9.623347521E-3,7.542020662E-2
1.256237666E2,-4.279343247E-2,4.471570462E-2,-5.705713034E-3,6.215566960E-2
1.256337546E2,-5.289332807E-2,7.008121848E-2,1.495659292E-2,8.906616086E-2
1.256437426E2,-4.130473137E-2,7.719508722E-2,1.470574737E-3,8.756326236E-2
1.256537316E2,-5.051818907E-2,6.376549467E-2,8.443379402E-3,8.178885250E-2
1.256637196E2,-4.652629495E-2,5.699222624E-2,-3.033535480E-3,7.363431477E-2
1.256737076E2,-5.106841207E-2,5.679415181E-2,-2.379173577E-2,7.999753172E-2
1.256836956E2,-4.854299963E-2,7.307396963E-2,-1.303344369E-3,8.773782854E-2
1.256936836E2,-5.720798850E-2,6.781396061E-2,8.812338710E-3,8.915797505E-2
1.257036726E2,-4.659821570E-2,6.557272285E-2,-7.185643315E-3,8.076391000E-2
1.257136606E2,-5.116196752E-2,5.529346392E-2,2.642064393E-2,7.983084928E-2
1.257236486E2,-4.528200746E-2,4.128046542E-2,2.747138858E-2,6.715068291E-2
1.257336366E2,-2.546228528E-2,4.293376565E-2,3.423076987E-2,6.052587720E-2
1.257436246E2,-2.815785170E-2,3.939970851E-2,3.166442692E-2,5.786050099E-2
1.257536136E2,-2.309474766E-2,5.327281237E-2,-9.897581935E-3,5.890095106E-2
1.257636016E2,-3.753327727E-3,5.856454253E-2,-1.000224710E-2,5.953098402E-2
1.257735896E2,9.792332053E-3,5.036893889E-2,1.894088566E-2,5.469622402E-2
1.257835776E2,2.967228055E-2,3.335441843E-2,2.023019671E-2,4.901247107E-2
1.257935656E2,5.399962127E-2,-1.657758728E-2,1.630729973E-2,5.879373710E-2
1.258035536E2,8.146165431E-2,-2.396174356E-2,-8.261530995E-3,8.531365173E-2
1.258135426E2,1.016555983E-1,-4.304296240E-2,-3.625566065E-2,1.161939336E-1
1.258235306E2,1.230844742E-1,-3.483785704E-2,-8.944953561E-2,1.560919072E-1
1.258335186E2,1.289726204E-1,1.362108886E-3,-1.137710291E-1,1.719873228E-1
1.258435066E2,1.486040622E-1,1.216220856E-4,-9.429219961E-2,1.759948891E-1
1.258534946E2,1.440444034E-1,4.178566486E-3,-7.835795224E-2,1.640311533E-1
1.258634836E2,1.616971475E-1,-1.404822797E-2,-5.812307775E-2,1.723995719E-1
1.258734713E2,1.548752010E-1,-1.947108194E-2,-1.027004957E-2,1.564318536E-1
1.258834593E2,1.291082758E-1,-1.204044029E-2,2.533598542E-3,1.296932465E-1
1.258934473E2,1.249614304E-1,-1.619269431E-2,-1.885610104E-2,1.274092422E-1
1.259034353E2,1.018128884E-1,-1.081267118E-2,-4.063873351E-2,1.101557296E-1
1.259134243E2,9.070551753E-2,-2.512840927E-3,-3.992420375E-2,9.913499546E-2
1.259234123E2,9.259884596E-2,3.276633471E-3,-6.399660587E-2,1.126092721E-1
1.259334003E2,9.235267818E-2,-4.490369260E-3,-6.804054022E-2,1.147985004E-1
1.259433883E2,7.949289680E-2,7.845501602E-3,-6.092915654E-2,1.004640963E-1
1.259533763E2,7.151963353E-2,4.297557324E-3,-3.092066109E-2,7.803598056E-2
1.259633653E2,7.980162978E-2,-1.138160527E-3,-3.658836722E-2,8.779694836E-2
1.259733533E2,6.061574578E-2,-1.628946573E-2,-3.984877467E-3,6.289272278E-2
1.259833413E2,2.994183719E-2,-5.825580955E-3,-2.057635188E-3,3.057261635E-2
1.259933293E2,-7.927654982E-3,-2.097834796E-3,1.190493107E-3,8.286488893E-3
1.260033173E2,-3.610889554E-2,2.406333894E-2,7.573898435E-3,4.404838879E-2
1.260133063E2,-4.854884684E-2,3.907606512E-2,-8.119443655E-3,6.284786997E-2
1.260232943E2,-4.483352602E-2,1.835309431E-2,7.980864644E-3,4.909761019E-2
1.260332823E2,-4.579656243E-2,5.189111531E-3,2.727550685E-2,5.355562793E-2
1.260432703E2,-3.378462732E-2,-9.870100021E-4,3.701872230E-2,5.012744789E-2
1.260532583E2,-3.147673130E-2,-1.303519785E-2,3.584109306E-2,4.944982253E-2
1.260632473E2,-3.387993693E-2,-2.406655490E-2,5.136077285E-2,6.606798150E-2
1.260732353E2,-1.651896894E-2,-5.521204144E-2,9.403141379E-2,1.102866838E-1
1.260832233E2,1.463207245E-2,-8.112105399E-2,6.925734580E-2,1.076629133E-1
1.260932113E2,4.877805769E-2,-3.589517981E-2,-2.656565487E-2,6.613241917E-2
1.261031993E2,3.935293078E-2,1.357153371E-2,-7.476016045E-2,8.556822587E-2
1.261131883E2,-2.415426314E-2,2.078641310E-2,-3.750404119E-3,3.208689652E-2
1.261231763E2,-5.381134093E-2,9.499825090E-3,2.151132166E-2,5.872515687E-2
1.261331643E2,-7.792759717E-2,3.742364198E-3,1.000575542E-2,7.865640998E-2
1.261431523E2,-6.411179602E-2,3.380509257E-2,-2.103418887E-2,7.546882651E-2
1.261531403E2,-3.916874349E-2,3.730377406E-2,-3.255203426E-2,6.313000048E-2
1.261631283E2,8.811169267E-3,2.913112074E-2,-3.042774081E-2,4.303610473E-2
1.261731173E2,3.123991907E-2,2.857124984E-2,-2.493545115E-2,4.913273435E-2
1.261831053E2,2.194460034E-2,1.513230175E-2,-1.488818049E-2,3.053211357E-2
1.261930933E2,5.163910031E-2,-1.078358129E-2,-2.657968819E-2,5.907082301E-2
1.262030813E2,6.202258587E-2,-4.230314344E-3,-4.366876066E-2,7.597142472E-2
1.262130703E2,6.165713489E-2,-1.261069000E-2,-2.189256012E-2,6.663269448E-2
1.262230583E2,4.525452554E-2,-2.065704346E-2,-1.818484068E-3,4.977943763E-2
1.262330463E2,3.702223063E-2,-1.528988421E-2,-1.539922714E-2,4.291342816E-2
1.262430343E2,3.453014731E-2,-4.566967785E-3,-2.027112722E-2,4.030020927E-2
1.262530223E2,8.476123810E-3,1.993184254E-2,-5.116313696E-4,2.166528994E-2
1.262630103E2,3.269178271E-3,1.358790591E-2,-2.749360800E-3,1.424351426E-2
1.262729993E2,-1.121905267E-2,2.056290329E-2,5.457791090E-3,2.405176954E-2
1.262829873E2,-1.686453938E-2,1.753463030E-2,-1.402863979E-2,2.808342363E-2
1.262929753E2,-1.835440993E-2,-6.156971902E-3,-5.458375812E-3,2.011433652E-2
1.263029633E2,-1.509458721E-2,7.205377668E-3,-1.644821763E-2,2.345864219E-2
1.263129513E2,-1.794861317E-2,1.734868884E-3,-1.846199870E-2,2.580712849E-2
1.263229403E2,-3.033067703E-2,1.644324750E-2,-2.261293709E-2,4.125136703E-2
1.263329283E2,-1.575473785E-2,9.196354598E-3,4.592403173E-3,1.881156213E-2
1.263429163E2,-2.761347592E-2,3.180446774E-3,2.068394065E-2,3.464743417E-2
1.263529043E2,-8.830465078E-3,-4.566675425E-3,3.738534272E-2,3.868456395E-2
1.263628923E2,-3.399220347E-2,7.473326325E-3,2.684339762E-2,4.395325357E-2
1.263728813E2,-1.303110480E-2,1.911791012E-2,2.011793017E-2,3.065999501E-2
1.263828693E2,-3.117326081E-2,3.474561721E-2,7.422455549E-3,4.726650983E-2
1.263928573E2,-3.840392768E-2,4.812638551E-2,-8.364441991E-3,6.213674061E-2
1.264028453E2,-3.042540193E-2,5.165167183E-2,-3.551598787E-3,6.005176216E-2
1.264128333E2,-3.726021230E-2,5.059844211E-2,-1.275628567E-2,6.411901893E-2
1.264228223E2,-2.027463555E-2,4.667656839E-2,-2.190308511E-2,5.540314089E-2
1.264328103E2,-8.563247323E-3,1.239814371E-2,-1.290772855E-2,1.984068115E-2
1.264427983E2,-2.098565698E-3,-6.362501532E-3,-2.547514915E-2,2.634138622E-2
1.264527863E2,2.277490497E-2,6.481492370E-3,-2.467174172E-2,3.419650390E-2
1.264627743E2,3.240585387E-2,-1.680182800E-2,-2.154289663E-2,4.238557755E-2
1.264727633E2,4.333546937E-2,-1.734328017E-2,-1.564890325E-2,4.923048288E-2
1.264827513E2,3.754614115E-2,-7.543639094E-3,-2.180309772E-2,4.406806413E-2
1.264927393E2,6.449771225E-2,1.690868586E-3,-1.972382784E-2,6.746734994E-2
1.265027273E2,4.736186206E-2,-1.360939443E-4,-1.327902675E-2,4.918838329E-2
1.265127153E2,3.477514565E-2,1.186926305E-2,-2.358766794E-2,4.366426731E-2
1.265227043E2,1.588863909E-2,2.649885044E-2,-3.498856902E-2,4.667802362E-2
1.265326923E2,2.023896754E-2,4.776765883E-2,-1.197334349E-2,5.324214488E-2
1.265426803E2,1.443911433E-2,1.839110121E-2,-6.126712561E-3,2.417141356E-2
1.265526683E2,1.355735421E-2,1.369271725E-3,5.819733739E-3,1.481708673E-2
1.265626563E2,8.855608106E-3,-5.715214759E-3,-1.079454482E-2,1.508667201E-2
1.265726453E2,1.155760646E-2,-8.408880830E-3,-3.829400003E-2,4.087441721E-2
1.265826333E2,-9.946698546E-3,1.640582532E-3,-3.715613186E-2,3.849943452E-2
1.265926213E2,-2.221941948E-4,1.229698688E-2,-3.133172035E-2,3.365920315E-2
1.266026093E2,1.484724998E-2,-7.159184664E-3,-3.322972655E-2,3.709325389E-2
1.266125973E2,3.796421707E-2,-2.160487711E-2,-1.245047629E-2,4.542099572E-2
1.266225863E2,4.454642773E-2,-2.081974223E-2,-1.146229684E-2,5.048990135E-2
1.266325743E2,4.588894844E-2,-2.569851279E-2,-1.084015310E-2,5.370026134E-2
1.266425623E2,3.690177798E-2,-2.732827798E-2,-2.628908157E-3,4.599442524E-2
1.266525503E2,4.567494035E-2,-2.234747350E-2,-6.122619510E-3,5.121617144E-2
1.266625383E2,3.991660237E-2,-2.461984769E-2,9.304089546E-3,4.781253107E-2
1.266725273E2,1.122548461E-2,-1.286328971E-2,2.174287140E-2,2.764467732E-2
1.266825153E2,3.118904829E-3,-5.804823339E-3,-1.256215811E-2,1.418560389E-2
1.266925033E2,1.802053392E-2,9.092420340E-3,-3.065227389E-2,3.670113956E-2
1.267024913E2,3.665561020E-2,3.842702419E-2,-3.651761591E-2,6.445002885E-2
1.267124793E2,3.962541103E-2,3.081833482E-2,-4.439440012E-2,6.701347419E-2
1.267224673E2,3.905238390E-2,3.194480091E-2,-2.684807539E-2,5.715223658E-2
1.267324563E2,3.530256450E-2,2.954744250E-2,-2.763569534E-2,5.369407859E-2
1.267424443E2,2.244629145E-2,3.485101327E-2,-7.326561213E-4,4.146041378E-2
1.267524323E2,2.829409182E-2,3.988108054E-2,-1.337375164E-2,5.069431378E-2
1.267624203E2,5.326813459E-3,2.690216213E-2,-1.185932279E-2,2.987883542E-2
1.267724083E2,6.040173769E-4,2.505911976E-2,-3.078266680E-2,3.969756788E-2
1.267823973E2,1.228383064E-2,1.957194641E-2,-1.359594584E-2,2.681050773E-2
1.267923853E2,-3.000206351E-3,2.582495883E-2,8.893615007E-4,2.601385594E-2
1.268023733E2,-6.038419604E-3,1.819024935E-2,8.110088110E-3,2.081156438E-2
1.268123613E2,-2.601660132E-2,1.208356351E-2,-7.283291817E-3,2.959598607E-2
1.268223503E2,1.002797484E-3,2.958691120E-4,-2.279829383E-3,2.508139418E-3
1.268323383E2,1.027355790E-3,-4.003150016E-3,-6.251842976E-3,7.494411956E-3
1.268423263E2,1.270658433E-2,-1.155906826E-2,-1.629969835E-2,2.368015015E-2
1.268523143E2,3.452897787E-2,-1.748083591E-2,4.246248007E-3,3.893405398E-2
1.268623023E2,1.894790232E-2,-2.974069297E-2,-5.357803702E-3,3.566844378E-2
1.268722901E2,8.801229000E-3,-1.189586788E-2,-1.473264456E-2,2.088119059E-2
1.268822791E2,-2.566927671E-3,-2.136528745E-2,-8.206567168E-3,2.303068324E-2
1.268922671E2,1.225225568E-2,-2.396612898E-2,-1.994075954E-2,3.349816410E-2
1.269022551E2,2.767838001E-2,-1.606069341E-2,-1.270307600E-2,3.442973617E-2
1.269122431E2,2.227438331E-2,-3.465498537E-3,-2.145811200E-2,3.112247423E-2
1.269222311E2,1.359536111E-2,1.341146618E-2,-2.413964510E-2,3.078024910E-2
1.269322201E2,2.308188379E-2,2.681533098E-2,-2.870164275E-2,4.555896873E-2
1.269422081E2,1.311647415E-2,5.098158091E-2,-1.957881689E-2,5.616487833E-2
1.269521961E2,3.167846024E-2,4.416723579E-2,-3.445764184E-3,5.446230670E-2
1.269621841E2,2.722814441E-2,5.016472489E-2,-4.584217072E-4,5.707960775E-2
1.269721721E2,3.632173419E-2,4.510191321E-2,3.570894599E-3,5.801898171E-2
1.269821611E2,1.422569096E-2,5.609672517E-2,-8.738663793E-3,5.852842987E-2
1.269921491E2,-4.635087848E-3,4.373673454E-2,-3.974352479E-3,4.416085897E-2
1.270021371E2,-1.510686636E-2,5.197283015E-2,1.750130117E-2,5.688310845E-2
1.270121251E2,-4.225022614E-2,4.549864680E-2,-4.251510501E-3,6.223571170E-2
1.270221131E2,-3.731108308E-2,2.666184157E-2,6.084027886E-3,4.625998391E-2
1.270321021E2,-2.944482386E-2,3.097372457E-2,1.380176783E-2,4.490944290E-2
1.270420901E2,-1.904905915E-2,2.349908262E-2,-6.788617373E-3,3.100256223E-2
1.270520781E2,-6.026725173E-3,1.710778356E-2,-1.717795014E-2,2.498158613E-2
1.270620661E2,-5.636715889E-4,8.089038134E-3,-2.131485522E-2,2.280511602E-2
1.270720541E2,3.976106644E-4,-6.282833219E-3,-3.213571250E-2,3.274654342E-2
1.270820431E2,-9.421033859E-3,-1.261259034E-2,-2.324677527E-2,2.807571681E-2
1.270920311E2,1.354799867E-3,-9.545287192E-3,-1.102492511E-2,1.464571487E-2
1.271020191E2,1.916015625E-2,-1.083766803E-2,7.466894388E-4,2.202553475E-2
1.271120071E2,1.405729115E-2,-1.891486555E-2,-1.039108694E-2,2.575566464E-2
1.271219951E2,2.283220768E-2,3.467398882E-3,-2.477055967E-2,3.386610679E-2
1.271319841E2,1.683647275E-2,1.121817559E-2,-2.694163084E-2,3.369222092E-2
1.271419721E2,3.894187152E-2,3.699942648E-2,-3.909389913E-2,6.643613375E-2
1.271519601E2,4.075743198E-2,4.339744985E-2,-3.571011543E-2,6.942419794E-2
1.271619481E2,2.600607634E-2,2.970239371E-2,-3.693393767E-2,5.406166803E-2
1.271719361E2,1.081851840E-2,2.438449726E-2,-6.318501234E-3,2.741473153E-2
1.271819251E2,3.876645505E-2,4.747646749E-3,-2.929805875E-2,4.882370770E-2
1.271919131E2,3.379398286E-2,1.145381838E-2,-1.291942298E-2,3.794910702E-2
1.272019011E2,3.505990505E-2,5.914897174E-3,2.268719673E-3,3.562765835E-2
1.272118891E2,1.989690542E-2,1.562434494E-2,-3.235264421E-3,2.550439053E-2
1.272218771E2,1.044312716E-2,-1.629911363E-4,-1.838130713E-2,2.114137939E-2
1.272318661E2,2.294973671E-2,-1.350852996E-2,-1.436134636E-2,3.025589308E-2
1.272418541E2,3.762098551E-3,-4.775567204E-3,-5.785819888E-3,8.392564531E-3
1.272518421E2,-1.306092560E-2,-2.254540175E-2,-1.605528474E-2,3.060482128E-2
1.272618301E2,-1.695926428E-2,-5.140988946E-2,6.488070488E-3,5.452236640E-2
1.272718181E2,-2.538100898E-2,-4.942797571E-2,5.929076672E-3,5.587910477E-2
1.272818071E2,-1.923090756E-2,-6.353292167E-2,-1.033027589E-2,6.717867624E-2
1.272917951E2,-6.950000525E-3,-4.649778977E-2,-1.671134233E-2,4.989605118E-2
1.273017831E2,-1.023438156E-2,-1.567506954E-2,-2.280998826E-3,1.885877320E-2
1.273117711E2,-1.407073975E-2,-9.941874593E-3,3.788995743E-4,1.723282195E-2
1.273217591E2,-5.534974337E-3,-2.064359486E-3,2.179608107E-2,2.258244165E-2
1.273317481E2,-1.950631142E-3,-6.694769561E-3,2.288366318E-2,2.392251955E-2
1.273417361E2,1.097522378E-2,-2.862796783E-3,2.050267696E-2,2.343098174E-2
1.273517241E2,6.138406992E-3,1.299558297E-2,5.372421741E-3,1.534366750E-2
1.273617121E2,-1.869705677E-2,4.956304640E-2,-1.517235518E-2,5.510241248E-2
1.273717001E2,-2.971028745E-2,5.539286658E-2,-1.282294393E-2,6.415215304E-2
1.273816891E2,-1.631431639E-2,5.764623731E-2,-1.451746702E-2,6.164415986E-2
1.273916771E2,-8.456827998E-3,6.190534920E-2,-4.402953386E-4,6.248186984E-2
1.274016651E2,1.710310578E-3,6.114521116E-2,-8.430515528E-3,6.174735300E-2
1.274116531E2,-2.248605251E-2,6.735510036E-2,-2.113768458E-3,7.104083417E-2
1.274216411E2,-3.287129223E-2,9.723612651E-2,-1.762935519E-3,1.026571678E-1
1.274316301E2,-2.558156848E-2,7.523232311E-2,-1.367079020E-3,7.947444867E-2
1.274416181E2,-1.790651321E-2,3.576142475E-2,1.349361956E-2,4.220900952E-2
1.274516061E2,1.974897087E-2,1.608101249E-2,1.006890535E-2,2.738619484E-2
1.274615941E2,3.596154571E-2,-1.959401965E-3,2.929455042E-3,3.613383086E-2
1.274715821E2,4.845412195E-2,-2.017230928E-2,-3.973767757E-3,5.263568016E-2
1.274815711E2,3.896759927E-2,-3.146138236E-2,3.138200641E-3,5.018107887E-2
1.274915591E2,5.986905634E-2,-2.528833061E-2,-6.686291099E-3,6.533383550E-2
1.275015471E2,5.932701945E-2,-2.799325258E-2,-5.049070716E-3,6.579369683E-2
1.275115351E2,5.429724455E-2,-1.491902456E-2,-1.444145322E-2,5.813195017E-2
1.275215231E2,3.763794243E-2,-2.951572135E-2,-7.963907719E-3,4.848934258E-2
1.275315121E2,2.811516702E-2,-4.569847539E-2,-1.415669382E-2,5.549076725E-2
1.275415001E2,2.685041428E-2,-4.508714899E-2,-1.108047366E-2,5.363368949E-2
1.275514881E2,2.641538143E-2,-4.071533203E-2,-4.242739677E-3,4.871869742E-2
1.275614761E2,1.422627568E-2,-3.893368542E-2,-1.645055652E-2,4.459640782E-2
1.275714641E2,2.574762940E-2,-4.434981510E-2,3.622934818E-3,5.140984513E-2
1.275814531E2,2.966643333E-2,-5.807586148E-2,-1.152603149E-2,6.622501307E-2
1.275914411E2,2.449398637E-2,-6.592209399E-2,1.441338658E-3,7.034028221E-2
1.276014291E2,4.663563788E-2,-5.826516509E-2,2.128971219E-3,7.466086459E-2
1.276114171E2,5.126020074E-2,-3.727088347E-2,-1.904262722E-2,6.617664683E-2
1.276214051E2,3.904127419E-2,-8.390462101E-3,-2.146045089E-2,4.533400376E-2
1.276313941E2,3.002779126E-2,-6.342182457E-3,-5.154437542E-2,5.998928374E-2
1.276413821E2,2.526757300E-2,2.123167858E-2,-6.780197382E-2,7.540783828E-2
1.276513701E2,2.315906703E-2,4.462068737E-2,-7.021395028E-2,8.635593170E-2
1.276613581E2,2.097045422E-2,5.512345612E-2,-3.244853854E-2,6.731465679E-2
1.276713461E2,1.160204530E-2,8.915425122E-2,-1.346145988E-2,9.090818922E-2
1.276813351E2,2.094940424E-2,8.464750975E-2,7.197922468E-4,8.720433789E-2
1.276913231E2,-2.137858987E-2,8.597921312E-2,-3.068618774E-3,8.865035597E-2
1.277013111E2,-4.818164170E-2,9.793691531E-2,-1.759719551E-2,1.105566428E-1
1.277112991E2,-4.153628111E-2,1.024499425E-1,-2.137917459E-2,1.125980572E-1
1.277212871E2,-4.808984041E-2,1.440492274E-1,-1.279253840E-2,1.524023021E-1
1.277312761E2,-5.535909891E-2,1.513167317E-1,1.593190849E-2,1.619111140E-1
1.277412641E2,-4.055277944E-2,1.058056596E-1,2.729772627E-2,1.165526979E-1
1.277512521E2,-3.339695692E-2,6.708276629E-2,2.021207035E-2,7.761431603E-2
1.277612401E2,-3.325603902E-2,4.801894292E-2,-6.519645452E-3,5.877319787E-2
1.277712281E2,-2.056407273E-2,1.321105286E-2,-1.273289680E-2,2.755974721E-2
1.277812171E2,-1.242767215E-2,1.117022842E-2,-1.575239897E-3,1.678399293E-2
1.277912051E2,-4.034578800E-5,6.125835478E-3,-1.471451819E-2,1.593877453E-2
1.278011931E2,-6.706171632E-3,-6.245118678E-3,9.297657609E-3,1.305452727E-2
1.278111811E2,-1.926482141E-2,-2.506058156E-2,4.899966717E-4,3.161338623E-2
1.278211691E2,2.243576646E-3,-3.468042076E-2,-3.834604025E-3,3.496383000E-2
1.278311581E2,-5.179463625E-3,-2.460303694E-2,-1.652657032E-2,3.008760204E-2
1.278411461E2,-5.332075953E-3,-3.898104787E-2,-2.335027099E-2,4.575137465E-2
1.278511341E2,1.531970501E-3,-2.734011859E-2,-6.482807994E-3,2.813993279E-2
1.278611221E2,2.823503494E-2,-1.592372239E-2,-2.408585072E-2,4.038453092E-2
1.278711101E2,4.668709338E-2,-3.950568929E-2,-8.027057648E-3,6.168320540E-2
1.278810989E2,6.502922416E-2,-5.015960857E-2,-5.871773958E-3,8.233628639E-2
1.278910869E2,7.272415996E-2,-3.842176169E-2,-9.566044807E-4,8.225539681E-2
1.279010749E2,6.300491810E-2,-3.479122549E-2,-1.962910295E-3,7.199932009E-2
1.279110629E2,4.713148177E-2,-2.820609123E-2,-1.722648203E-2,5.756484899E-2
1.279210509E2,4.361379683E-2,-1.915986389E-2,-2.902265489E-2,5.578152163E-2
1.279310399E2,3.781686723E-2,-1.688778207E-2,-3.297829628E-2,5.294223886E-2
1.279410279E2,4.393188536E-2,-1.442961261E-2,-4.754371047E-2,6.632215826E-2
1.279510159E2,4.487094820E-2,-1.427743882E-3,-4.039607406E-2,6.039274165E-2
1.279610039E2,4.550069332E-2,2.037169933E-2,-3.366534412E-2,6.015542055E-2
1.279709919E2,4.708061099E-2,1.299119756E-2,-3.524467707E-2,6.022908273E-2
1.279809809E2,5.477028430E-2,1.090768844E-2,-1.643067598E-2,5.821278916E-2
1.279909689E2,3.525695622E-2,1.525450855E-2,-4.084864855E-3,3.863209953E-2
1.280009569E2,3.367820799E-2,1.261712193E-2,8.405957222E-3,3.693336671E-2
1.280109449E2,2.658612013E-2,1.443224385E-2,-1.356144726E-2,3.315153538E-2
1.280209329E2,1.237446249E-2,5.223902464E-3,-2.763218701E-2,3.072383826E-2
1.280309219E2,2.876947045E-2,-4.374302030E-3,-2.145694256E-2,3.615546062E-2
1.280409099E2,1.168507576E-2,1.340211064E-2,4.548549056E-3,1.835338834E-2
1.280508979E2,2.648788691E-3,1.257750705E-2,-1.012737751E-3,1.289323089E-2
1.280608859E2,-1.669146180E-2,-1.283756196E-3,1.305215478E-2,2.122761577E-2
1.280708749E2,-1.460751414E-2,-2.181683868E-2,-7.199091911E-3,2.722463671E-2
1.280808629E2,1.318547130E-3,4.743115157E-3,-3.936930299E-3,6.303580578E-3
1.280908509E2,-1.015135109E-2,4.373132586E-3,7.952213287E-5,1.105353072E-2
1.281008389E2,-2.083421409E-2,7.932040393E-3,-1.460166693E-2,2.664939809E-2
1.281108269E2,-2.252815247E-2,2.785321176E-3,1.202187538E-3,2.273149627E-2
1.281208159E2,2.250008583E-3,1.368263081E-2,-9.125749469E-3,1.659988638E-2
1.281308039E2,-1.330007672E-2,7.245431095E-3,-1.864267766E-2,2.401952837E-2
1.281407919E2,-8.874903917E-3,9.408462346E-3,-9.188899398E-3,1.586565332E-2
1.281507799E2,1.802462697E-2,5.382508188E-3,-2.537106872E-3,1.898145103E-2
1.281607679E2,2.428465605E-2,3.426760733E-3,-1.569685042E-2,2.911835025E-2
1.281707569E2,3.217839718E-2,-2.637094259E-4,-1.775974810E-2,3.675496484E-2
1.281807449E2,3.090779722E-2,1.232271463E-2,-6.445970535E-3,3.389235549E-2
1.281907329E2,5.220978856E-3,2.890103281E-2,-1.298315763E-2,3.211060105E-2
1.282007209E2,-1.087523639E-2,9.680650234E-3,-1.279429257E-2,1.938245799E-2
1.282107089E2,-7.115476727E-3,1.644982561E-2,-2.627680242E-2,3.180718657E-2
1.282206979E2,3.668543100E-3,2.528672263E-2,-2.782222152E-2,3.777502561E-2
1.282306859E2,8.995941281E-3,2.303598315E-2,-2.044712842E-2,3.208844869E-2
1.282406739E2,1.377954841E-2,2.284024760E-2,-1.271593988E-2,2.955076973E-2
1.282506619E2,3.721168041E-2,9.722604007E-3,-1.549746037E-2,4.146576257E-2
1.282606499E2,2.757429957E-2,-3.163782209E-3,-1.815735877E-2,3.316686889E-2
1.282706389E2,2.253458440E-2,-4.441545010E-3,1.555359364E-4,2.296865272E-2
1.282806269E2,2.607273459E-2,-1.305376276E-2,-3.831095695E-3,2.940859578E-2
1.282906149E2,1.148334682E-2,-2.024130642E-2,-2.462964177E-2,3.388505561E-2
1.283006029E2,7.652251124E-3,-4.363192320E-3,-1.386491776E-2,1.642651329E-2
1.283105909E2,1.987760961E-2,1.549000517E-2,-1.040979803E-2,2.726579393E-2
1.283205799E2,1.082027256E-2,8.446595371E-3,-5.763600469E-3,1.488765805E-2
1.283305679E2,1.900345087E-2,6.613347083E-3,-3.014824390E-3,2.034592516E-2
1.283405559E2,4.453239441E-3,-4.304720163E-3,-6.671673059E-3,9.103470691E-3
1.283505439E2,1.435082138E-2,-2.000040114E-3,-1.304689229E-2,1.949788791E-2
1.283605319E2,-1.048522711E-2,1.122709259E-2,-2.484189570E-2,2.920800194E-2
1.283705209E2,-2.688666701E-2,2.152871713E-2,-9.488276839E-3,3.572682356E-2
1.283805089E2,-2.170135617E-2,2.574748322E-2,-6.269969344E-3,3.425192356E-2
1.283904969E2,-1.980451941E-2,3.177523166E-2,5.520356297E-3,3.784651463E-2
1.284004849E2,-7.496130466E-4,3.547096431E-2,1.306326449E-2,3.780740811E-2
1.284104729E2,3.774962425E-3,2.160780072E-2,1.180962145E-2,2.491213665E-2
1.284204619E2,1.815560460E-2,6.391006708E-3,1.165934801E-2,2.250358507E-2
1.284304499E2,1.776384115E-2,6.033888012E-3,3.344607353E-4,1.876362761E-2
1.284404379E2,3.426936150E-2,-1.786894485E-2,-3.810045719E-3,3.883561221E-2
1.284504259E2,3.314786553E-2,-1.753550738E-2,-2.426243663E-2,4.466476060E-2
1.284604139E2,2.140022457E-2,-2.121077478E-2,-3.011666894E-2,4.260141226E-2
1.284704029E2,1.420171738E-2,-4.045834690E-3,-3.544699073E-2,3.839982691E-2
1.284803909E2,2.754623294E-3,1.625891402E-2,-2.648087025E-2,3.119578054E-2
1.284903789E2,1.682185471E-2,2.086140364E-2,2.950505018E-3,2.696068318E-2
1.285003669E2,2.382097185E-2,1.112198889E-2,1.654762030E-2,3.106382259E-2
1.285103549E2,3.021256328E-2,2.834569350E-2,1.103545010E-2,4.287258423E-2
1.285203439E2,2.975589573E-2,2.585419491E-2,-1.596523762E-2,4.252930210E-2
1.285303319E2,2.606279433E-2,3.423837125E-2,-2.491498590E-3,4.310154150E-2
1.285403199E2,8.209490776E-3,4.675872177E-2,-1.007299840E-2,4.853080565E-2
1.285503079E2,8.738663793E-3,4.401111513E-2,-2.363444567E-3,4.493248680E-2
1.285602959E2,1.267267048E-2,1.922038257E-2,1.241948605E-3,2.305563098E-2
1.285702849E2,1.989515126E-2,1.249140680E-2,-7.214879394E-3,2.457451469E-2
1.285802729E2,1.822694063E-2,-1.656370014E-3,-8.910571933E-3,2.035591360E-2
1.285902609E2,3.898455620E-2,3.703187853E-3,-3.182581007E-2,5.046178167E-2
1.286002489E2,2.400808275E-2,1.147676870E-2,-3.463305831E-2,4.367554218E-2
1.286102369E2,9.947283268E-3,3.523093611E-3,-2.791519225E-2,2.984323359E-2
1.286202259E2,2.190133095E-2,-1.625438243E-2,-3.790399075E-2,4.669674250E-2
1.286302139E2,-4.824537635E-3,-7.262241840E-4,-1.836318076E-2,1.900026243E-2
1.286402019E2,-2.156862438E-2,1.426135898E-3,1.798018813E-3,2.169037327E-2
1.286501899E2,-2.426243663E-2,1.175407290E-2,1.717151821E-2,3.196380920E-2
1.286601779E2,-4.641052008E-2,1.524734572E-2,-1.575239897E-3,4.887636756E-2
1.286701669E2,-3.205034316E-2,4.550449401E-3,-9.036287069E-3,3.360930779E-2
1.286801549E2,-2.059272408E-2,1.259694904E-2,-1.175875068E-3,2.416870068E-2
1.286901429E2,-2.776316464E-2,4.138951600E-3,5.829089284E-3,2.866884220E-2
1.287001309E2,-3.029208541E-2,-6.695061922E-5,1.288726330E-3,3.031956029E-2
1.287101199E2,-1.197275877E-2,1.282045886E-2,-4.363777041E-3,1.807632894E-2
1.287201079E2,-5.843707323E-3,9.918339550E-4,3.275610209E-3,6.772168937E-3
1.287300959E2,8.583127856E-3,-6.771952808E-3,-2.146512866E-3,1.114167609E-2
1.287400839E2,-5.876451731E-4,6.086805314E-3,-4.059721828E-3,7.340018194E-3
1.287500719E2,-2.578622103E-4,3.730669767E-3,-1.223822236E-3,3.934733878E-3
1.287600609E2,9.266667366E-3,9.681819677E-3,4.613453150E-4,1.340975749E-2
1.287700489E2,4.842079282E-3,2.561928302E-2,-4.993522167E-3,2.654672594E-2
1.287800369E2,1.687447965E-2,2.400895983E-2,-1.595646679E-2,3.340339875E-2
1.287900249E2,3.192111969E-2,1.900622830E-2,-2.979858041E-2,4.762509833E-2
1.288000129E2,2.989096642E-2,1.808529183E-2,-4.886108816E-2,6.006624335E-2
1.288100019E2,2.702349186E-2,2.827391893E-2,-4.580708742E-2,6.023265611E-2
1.288199899E2,2.982547760E-2,1.230458826E-2,-2.375840664E-2,4.006774129E-2
1.288299779E2,2.843617916E-2,9.251026064E-3,-1.393274546E-2,3.298968270E-2
1.288399659E2,2.574879885E-2,1.885770902E-2,6.089290380E-3,3.249143409E-2
1.288499539E2,2.478108466E-2,2.443376005E-2,1.034138560E-2,3.630502779E-2
1.288599429E2,3.176850736E-2,1.301429406E-2,1.721537232E-2,3.840545474E-2
1.288699309E2,2.417063534E-2,1.384635285E-2,1.047236323E-2,2.975922532E-2
1.288799190E2,7.130679488E-3,5.518455952E-3,-1.767028570E-3,9.188162821E-3
1.288899070E2,1.165408552E-2,5.866803825E-3,-1.910402298E-2,2.313440707E-2
1.288998950E2,5.281205177E-3,-7.854272425E-3,-1.535829663E-2,1.804045451E-2
1.289098840E2,-5.111051202E-3,6.832471490E-4,-6.891528368E-3,8.607138566E-3
1.289198720E2,-9.700530767E-4,-1.075712264E-2,-9.978858232E-3,1.470490741E-2
1.289298600E2,-1.813923240E-2,8.721560687E-3,-4.808750153E-3,2.069351229E-2
1.289398480E2,-1.569977403E-2,-1.269693643E-2,1.257151365E-3,2.023055928E-2
1.289498360E2,-6.198048592E-3,8.678437471E-3,-5.909196138E-3,1.219219760E-2
1.289598250E2,-1.142721355E-2,1.373394012E-2,3.210121393E-3,1.815233319E-2
1.289698130E2,-2.527166605E-2,2.141235754E-2,7.585592866E-3,3.398069127E-2
1.289798010E2,-5.500475764E-3,1.283887759E-2,9.507572651E-4,1.399985538E-2
1.289897890E2,-1.671718955E-3,2.081901133E-3,-2.582715154E-3,3.714750888E-3
1.289997770E2,6.613200903E-4,2.315497398E-4,-1.305566311E-2,1.307445214E-2
1.290097660E2,1.015602887E-2,6.309291869E-3,-1.359828472E-2,1.810705480E-2
1.290197540E2,2.521728694E-2,-5.305178761E-3,-3.243450522E-3,2.597260968E-2
1.290297420E2,1.635641634E-2,1.041871503E-2,-1.792171597E-2,2.640586832E-2
1.290397300E2,2.025417030E-2,8.237411231E-3,-3.560661972E-2,4.178418033E-2
1.290497180E2,1.998812199E-2,-5.290853083E-3,-2.216971815E-2,3.031525275E-2
1.290597070E2,2.347423196E-2,-1.238016352E-2,-1.589156270E-2,3.093298854E-2
1.290696950E2,2.551432550E-2,-1.906338483E-3,-3.126506209E-3,2.577576329E-2
1.290796830E2,1.823161840E-2,-8.109064847E-3,-1.938410461E-2,2.781892079E-2
1.290896710E2,3.413136721E-2,-2.382448018E-3,-1.064076304E-2,3.583088227E-2
1.290996600E2,2.538276315E-3,8.278780282E-3,-9.949037433E-3,1.318955630E-2
1.291096480E2,1.852748752E-2,-3.765753061E-3,-1.234113336E-2,2.257769391E-2
1.291196360E2,9.340927005E-3,1.369169399E-2,-1.070566714E-2,1.973136363E-2
1.291296240E2,1.626812339E-2,-6.579579413E-3,-2.313918650E-2,2.904074131E-2
1.291396120E2,1.208327115E-2,2.987050116E-3,-1.731009722E-2,2.132058573E-2
1.291496010E2,1.693412125E-2,7.640995234E-3,-2.101957083E-2,2.805301461E-2
1.291595890E2,1.105474591E-2,3.013362586E-3,-1.140323997E-2,1.616544596E-2
1.291695770E2,1.938176572E-2,-9.835162908E-3,3.686084747E-3,2.204473844E-2
1.291795650E2,1.071443796E-2,-1.433006376E-3,-1.080273092E-2,1.528239783E-2
1.291895530E2,1.303929090E-4,6.087390035E-3,-1.808485329E-2,1.908232791E-2
1.291995420E2,1.135353863E-2,9.507572651E-3,-6.785693765E-3,1.628933446E-2
1.292095300E2,4.874238968E-3,2.302282691E-2,-1.134359837E-2,2.612443278E-2
1.292195180E2,-3.157496452E-4,7.058466375E-3,3.299583793E-3,7.798006066E-3
1.292295060E2,-4.017037153E-3,2.443551421E-3,-1.362401247E-3,4.895269982E-3
1.292394940E2,-3.397817016E-3,7.833368629E-3,1.071209908E-2,1.369875509E-2
1.292494830E2,-8.731647134E-3,-8.090061396E-3,-1.448998511E-2,1.875234448E-2
1.292594710E2,8.152188063E-3,2.189665318E-2,-2.213171124E-3,2.346954872E-2
1.292694590E2,-3.146386743E-3,7.740544081E-3,2.584469318E-4,8.359579356E-3
1.292794470E2,-4.561412930E-3,3.978006989E-3,3.303092122E-3,6.895030463E-3
1.292894350E2,1.796498537E-2,-5.158121288E-3,-3.260407448E-3,1.897306436E-2
1.292994240E2,1.732705414E-2,2.850517631E-4,-1.005721092E-3,1.735855797E-2
1.293094120E2,-7.829421759E-4,1.134535253E-2,-6.513798237E-3,1.310570830E-2
1.293194000E2,-3.697194457E-3,2.041569963E-2,-1.362225831E-2,2.482007171E-2
1.293293880E2,2.472319722E-2,3.560720444E-2,-1.186400056E-2,4.494289708E-2
1.293393760E2,1.866723597E-2,2.010214269E-2,-7.714816332E-3,2.849702143E-2
1.293493650E2,1.363687634E-2,8.805029690E-3,-2.401860774E-2,2.898941983E-2
1.293593530E2,3.949794173E-3,1.383465841E-2,-1.920050204E-2,2.399287240E-2
1.293693410E2,-7.124832273E-3,2.429649666E-2,-1.254286230E-2,2.825608571E-2
1.293793290E2,6.081689000E-3,-1.874032617E-4,-9.495878220E-4,6.158228488E-3
1.293893170E2,-1.818484068E-4,-1.690517753E-2,1.366494298E-3,1.696129131E-2
1.293993060E2,2.081608772E-3,-1.417832851E-2,2.896125913E-3,1.462004240E-2
1.294092940E2,1.275862455E-2,-1.529163837E-2,-2.129380524E-2,2.915549427E-2
1.294192820E2,-1.343748629E-2,-5.329590887E-3,-2.150138140E-2,2.590907136E-2
1.294292700E2,-7.161085010E-3,-7.162546813E-3,-9.418694973E-3,1.383094467E-2
1.294392580E2,-9.684158564E-3,-2.863820046E-3,-1.996824145E-3,1.029425563E-2
1.294492470E2,-3.060432673E-3,-1.886677220E-2,1.107696533E-2,2.209118608E-2
1.294592350E2,-1.865729570E-2,-1.834271550E-3,3.122413158E-4,1.874984613E-2
1.294692230E2,-1.457827806E-2,7.213563770E-3,7.715985775E-3,1.800272563E-2
1.294792110E2,-6.254766583E-3,8.051323593E-3,1.014608860E-2,1.438363760E-2
1.294892000E2,-2.096460700E-2,-8.281996250E-3,2.215217650E-2,3.160419485E-2
1.294991880E2,2.447644472E-3,-9.707839787E-4,4.284839630E-3,5.029238079E-3
1.295091760E2,-2.764154255E-2,2.862504423E-3,4.342142344E-3,2.812655341E-2
1.295191640E2,-1.734284163E-2,2.598546490E-2,-9.094174504E-3,3.253801702E-2
1.295291520E2,-1.891749680E-2,1.827298746E-2,-1.987176239E-2,3.296453695E-2
1.295391410E2,3.619426489E-4,3.745580167E-2,-8.539858460E-3,3.841870981E-2
1.295491290E2,4.696483612E-3,3.976705983E-2,-2.564998090E-2,4.755415362E-2
1.295591170E2,1.924611032E-2,4.486042321E-2,-1.058229089E-2,4.994852564E-2
1.295691050E2,4.194792509E-3,4.874560565E-2,-1.844913483E-2,5.228863098E-2
1.295790930E2,1.674057841E-2,3.821184665E-2,-2.642356753E-3,4.180160570E-2
1.295890820E2,7.179211378E-3,3.663149044E-2,2.160546184E-3,3.739084283E-2
1.295990700E2,-1.100445986E-3,9.233045876E-3,-1.684407413E-2,1.924013905E-2
1.296090580E2,2.002203584E-2,1.428474784E-3,-2.837770700E-2,3.475941188E-2
1.296190460E2,2.119206369E-2,1.094744951E-2,-2.323917389E-2,3.330179300E-2
1.296290340E2,3.951080561E-2,-6.852352023E-3,-3.206730008E-2,5.134559594E-2
1.296390230E2,2.291406870E-2,-1.502149701E-2,-3.610187888E-2,4.532157958E-2
1.296490110E2,3.239942193E-2,-1.478366151E-2,-7.903096676E-3,3.647928352E-2
1.296589990E2,4.232623994E-2,-6.863607913E-3,-5.621513128E-3,4.324605313E-2
1.296689870E2,2.937465727E-2,-2.115844220E-2,-1.190493107E-2,3.810875949E-2
1.296789750E2,2.495240808E-2,-6.977482438E-3,-1.420990348E-2,2.955045324E-2
1.296889640E2,4.066738486E-3,-8.055416644E-3,-2.010565102E-2,2.203781528E-2
1.296989520E2,-4.600589275E-3,-1.316719875E-2,-3.991543293E-2,4.228217509E-2
1.297089400E2,-9.432143569E-3,-2.816019058E-3,-3.250350237E-2,3.396134511E-2
1.297189280E2,6.166473627E-3,9.309790581E-3,-1.576350868E-2,1.931801759E-2
1.297289170E2,3.206496119E-2,4.748231471E-3,7.268089056E-3,3.321946052E-2
1.297389050E2,3.018742025E-2,-1.190843940E-2,-8.812923431E-3,3.362675854E-2
1.297488930E2,3.050141573E-2,8.645108342E-4,-2.883671343E-2,4.198380381E-2
1.297588810E2,2.270415366E-2,1.010939732E-2,-3.299349904E-2,4.130677289E-2
1.297688690E2,1.532906055E-2,2.357962802E-2,-1.624181092E-2,3.247730557E-2
1.297788580E2,1.255981922E-3,2.622023061E-2,-1.562726855E-2,3.054978733E-2
1.297888460E2,1.369944155E-2,4.446924448E-2,-1.880464554E-3,4.656956678E-2
1.297988340E2,5.182387233E-3,4.028409988E-2,1.179851174E-2,4.229504368E-2
1.298088220E2,4.390089512E-3,2.049902245E-2,-5.321550965E-3,2.162872424E-2
1.298188100E2,-8.201889396E-3,2.252186671E-2,-1.423504651E-2,2.787726706E-2
1.298287990E2,6.205649972E-3,1.925415024E-2,1.908531189E-3,2.031932293E-2
1.298387870E2,1.453383923E-2,1.651823804E-2,-9.098267555E-3,2.380888790E-2
1.298487750E2,-9.121656418E-4,1.253262967E-2,-1.221015573E-2,1.752103751E-2
1.298587630E2,-2.869813442E-3,-2.076931000E-3,6.486901045E-3,7.391167481E-3
1.298687510E2,-2.099793613E-2,2.939980030E-3,1.486186802E-2,2.589270023E-2
1.298787402E2,-1.458821833E-2,1.315623522E-3,-2.813095450E-3,1.491510930E-2
1.298887282E2,-1.435023665E-2,-1.156038389E-2,-1.313401580E-2,2.262905519E-2
1.298987162E2,-1.262706220E-2,3.513299525E-3,2.140665650E-3,1.328037736E-2
1.299087042E2,-3.559784889E-3,5.702497065E-4,5.606895089E-3,6.665922721E-3
1.299186922E2,-1.219729185E-3,-3.942631334E-3,-1.549512148E-2,1.603530077E-2
1.299286812E2,-1.315623522E-3,-8.152480423E-4,-4.647367001E-3,4.898317534E-3
1.299386692E2,1.269781351E-2,-1.340825021E-2,-4.719287753E-3,1.906009755E-2
1.299486572E2,1.601201534E-2,-3.055199414E-2,-9.618085027E-3,3.580944765E-2
1.299586452E2,2.424080193E-2,-2.308129907E-2,-1.197509766E-3,3.349323625E-2
1.299686332E2,4.367870092E-3,-1.543401808E-2,-5.900425315E-3,1.709099827E-2
1.299786222E2,5.661858916E-3,-1.192261890E-2,-2.302282691E-2,2.653782294E-2
1.299886102E2,5.663028359E-3,2.766902447E-3,-1.512908578E-2,1.638947455E-2
1.299985982E2,1.946655035E-2,1.225868762E-3,-1.614123881E-2,2.531775912E-2
1.300085862E2,2.463022649E-2,1.208911836E-3,-1.885902464E-2,3.104468289E-2
1.300185752E2,2.120258868E-2,4.196839035E-4,-1.480222642E-2,2.586178278E-2
1.300285632E2,1.017123163E-2,8.833534867E-3,-1.733524024E-2,2.195440378E-2
1.300385512E2,-7.728849649E-3,2.077413395E-2,-1.477065146E-2,2.663591378E-2
1.300485392E2,1.125881374E-2,1.396256626E-2,4.239231348E-4,1.794140056E-2
1.300585272E2,8.311232328E-3,2.252098963E-2,-6.562914848E-3,2.488661102E-2
1.300685162E2,1.006715119E-2,2.518775851E-2,-1.372341514E-2,3.039905976E-2
1.300785042E2,1.479930282E-3,2.083918422E-2,-2.449983358E-2,3.219788251E-2
1.300884922E2,7.324807048E-3,9.477020949E-3,-1.798720479E-2,2.161032764E-2
1.300984802E2,1.578163505E-2,2.217439592E-2,-1.019111216E-2,2.906239161E-2
1.301084682E2,1.452331424E-2,-1.633112714E-2,2.121954560E-3,2.195757412E-2
1.301184572E2,-2.261118293E-3,3.404248953E-3,-5.392302275E-3,6.765980394E-3
1.301284452E2,1.868126929E-2,2.451825231E-2,-2.086286545E-3,3.089477480E-2
1.301384332E2,9.821568131E-3,9.437552243E-3,-5.725008845E-3,1.477519270E-2
1.301484212E2,5.338507891E-3,1.721566468E-3,-5.829674006E-3,8.090028221E-3
1.301584092E2,2.271643281E-3,4.607752115E-3,2.654635906E-3,5.782632146E-3
1.301683982E2,4.478967190E-4,5.768424422E-3,-1.151550651E-2,1.288728916E-2
1.301783862E2,6.233716607E-3,1.184602037E-2,1.005721092E-3,1.342381825E-2
1.301883742E2,-2.190951705E-3,1.674730271E-2,-1.578046560E-2,2.311483316E-2
1.301983622E2,2.099150419E-3,2.234674260E-2,-6.410887241E-3,2.334272505E-2
1.302083502E2,2.136572599E-3,1.024329856E-2,-6.883342266E-3,1.252479575E-2
1.302183392E2,7.472156882E-3,-1.289340287E-2,-1.618333876E-2,2.199939589E-2
1.302283272E2,1.909700632E-3,1.327025592E-3,-8.825202584E-3,9.126453532E-3
1.302383152E2,7.221311331E-4,1.473366782E-2,-6.116187572E-4,1.476402785E-2
1.302483032E2,-1.393683851E-2,5.126546323E-4,-8.361518383E-4,1.397130746E-2
1.302582922E2,-1.368599296E-2,9.086280763E-3,-2.312515318E-2,2.836617019E-2
1.302682802E2,-1.241188467E-2,8.379060030E-3,-9.059091210E-3,1.750230446E-2
1.302782682E2,-8.236387968E-3,-1.372546166E-2,-8.091961741E-3,1.793617098E-2
1.302882562E2,1.798077285E-2,-6.438369155E-3,3.058093786E-4,1.910115989E-2
1.302982442E2,1.993900537E-2,3.685646206E-3,-8.766730428E-3,2.209080093E-2
1.303082332E2,5.975269675E-3,3.475000262E-3,-1.517995656E-2,1.667964495E-2
1.303182212E2,7.593778968E-3,1.531020328E-2,-2.692642808E-3,1.730081295E-2
1.303282092E2,-1.485192776E-3,1.480953544E-2,-1.217214882E-2,1.922730726E-2
1.303381972E2,1.463791966E-2,2.044654369E-2,-1.495659292E-2,2.925798204E-2
1.303481852E2,2.150898278E-2,2.269772172E-2,-2.040970623E-2,3.734138482E-2
1.303581742E2,-3.479093313E-3,8.180839419E-3,-6.384574771E-3,1.094499972E-2
1.303681622E2,5.174785852E-3,6.832617670E-3,1.010398865E-3,8.630410113E-3
1.303781502E2,2.077515721E-2,3.156210065E-2,-7.013150454E-3,3.843120651E-2
1.303881382E2,-3.037043810E-3,2.288600206E-2,-1.392748296E-2,2.696233497E-2
1.303981262E2,-1.244462907E-2,2.748966113E-2,-1.563428521E-2,3.398501340E-2
1.304081152E2,-1.135412335E-2,9.321777374E-3,-4.000664949E-3,1.522553679E-2
1.304181032E2,-1.146697462E-2,1.328048855E-2,-2.642941475E-4,1.754801226E-2
1.304280912E2,3.093761802E-3,1.512762398E-2,-8.842744231E-3,1.779355206E-2
1.304380792E2,2.154114246E-3,-5.776902884E-3,3.632290363E-3,7.155861122E-3
1.304480672E2,8.011854887E-3,-6.352999806E-4,-9.797594547E-3,1.267226435E-2
1.304580562E2,5.389963388E-3,1.369023219E-2,-1.131260812E-2,1.855934442E-2
1.304680442E2,4.325770140E-3,2.952551544E-3,4.655553102E-3,7.007426247E-3
1.304780322E2,6.468189955E-3,-1.691219419E-2,3.655094504E-3,1.847212791E-2
1.304880202E2,9.492954612E-3,-3.754058629E-3,-6.086951494E-4,1.022641938E-2
1.304980092E2,1.772408009E-2,1.114274651E-2,-1.403097868E-2,2.520262243E-2
1.305079972E2,4.117083013E-2,6.328149140E-3,-4.551238775E-2,6.169651663E-2
1.305179852E2,3.312447667E-2,2.873614132E-2,-2.699133217E-2,5.149299744E-2
1.305279732E2,3.253683150E-2,3.951752990E-2,-2.580142379E-2,5.732359063E-2
1.305379612E2,2.281232715E-2,2.492726505E-2,-2.189840734E-2,4.026550703E-2
1.305479502E2,2.050443113E-2,1.857952774E-2,-4.767819643E-3,2.807779640E-2
1.305579382E2,1.542261600E-2,9.080579728E-3,-1.362927496E-2,2.249602518E-2
1.305679262E2,2.359117627E-2,-1.291942298E-3,2.903727293E-3,2.380429257E-2
1.305779142E2,1.117461383E-2,-7.820650935E-3,-7.459877729E-3,1.554620054E-2
1.305879022E2,2.084766269E-2,-7.085948288E-3,-2.242758036E-2,3.142979579E-2
1.305978912E2,-1.462973356E-3,3.225616515E-3,-2.501029551E-2,2.525984510E-2
1.306078792E2,-1.798895895E-2,-2.056027204E-3,-1.674642563E-2,2.466318437E-2
1.306178672E2,-1.846199870E-2,-1.240793779E-2,6.761135459E-3,2.324898426E-2
1.306278552E2,-7.573313713E-3,-2.323581174E-2,1.246158600E-2,2.743262936E-2
1.306378432E2,-3.770869374E-3,-1.449729413E-2,2.804909348E-3,1.524002983E-2
1.306478322E2,-1.279019952E-2,-1.152135372E-2,4.321092367E-3,1.774831357E-2
1.306578202E2,9.590018392E-3,5.784358084E-3,-1.165876329E-2,1.616644712E-2
1.306678082E2,-1.239083469E-2,8.588390350E-3,-3.154572845E-3,1.540274531E-2
1.306777962E2,-1.824272811E-2,2.681357682E-2,-1.210139751E-2,3.461515351E-2
1.306877842E2,-1.136523306E-2,2.557133585E-2,-1.854912221E-2,3.357278176E-2
1.306977732E2,-1.954139471E-3,2.969449997E-2,-1.028525233E-2,3.148600332E-2
1.307077612E2,-1.989222765E-3,1.709930509E-2,-1.382281780E-2,2.207744401E-2
1.307177492E2,1.454319477E-2,2.392914534E-2,-7.485605478E-3,2.898521692E-2
1.307277372E2,1.638272882E-2,3.481709942E-2,-1.231423616E-2,4.040129488E-2
1.307377252E2,2.910217702E-2,2.227745309E-2,-1.828482807E-2,4.095798532E-2
1.307477142E2,2.512723982E-2,2.457701683E-2,-7.089748979E-3,3.585627529E-2
1.307577022E2,1.569801986E-2,2.738894284E-2,-1.001511097E-2,3.311924614E-2
1.307676902E2,1.504547060E-2,6.864192635E-3,1.517527878E-2,2.244487496E-2
1.307776782E2,1.759602606E-2,4.793255031E-4,1.262413859E-3,1.764776402E-2
1.307876672E2,6.498595476E-3,5.726616830E-3,-9.261989594E-4,8.711126677E-3
1.307976552E2,1.299426734E-2,-8.762491196E-3,-2.685450733E-2,3.109335620E-2
1.308076432E2,4.952006936E-3,-8.992140591E-3,-2.880864680E-2,3.058298703E-2
1.308176312E2,2.129555941E-3,-7.736451030E-3,-2.562249899E-2,2.684958356E-2
1.308276192E2,1.675227284E-2,-4.989721477E-3,-9.140952229E-3,1.972543976E-2
1.308376082E2,9.932080507E-3,-1.750466332E-2,-2.666330338E-4,2.012785518E-2
1.308475962E2,1.824389756E-2,-1.389824688E-2,4.126964808E-3,2.330306639E-2
1.308575842E2,1.476597369E-2,-2.242436439E-2,-4.421079755E-3,2.721088097E-2
1.308675722E2,2.154932857E-2,-1.344450295E-2,-1.261829138E-2,2.836105602E-2
1.308775610E2,1.328078091E-2,-1.001028702E-2,-2.270064533E-2,2.814079398E-2
1.308875500E2,8.014193773E-3,6.039881408E-3,-2.705506682E-2,2.885626639E-2
1.308975380E2,3.010497451E-2,1.051972568E-2,-3.539670467E-2,4.764347616E-2
1.309075260E2,2.806137264E-2,9.774790406E-3,-2.062196016E-2,3.616977195E-2
1.309175140E2,3.650416732E-2,2.299373701E-2,-7.490283251E-3,4.378778958E-2
1.309275030E2,2.107453465E-2,7.990658730E-3,-2.256440520E-3,2.265122870E-2
1.309374910E2,3.651937008E-2,-3.773939162E-3,-8.403618336E-3,3.766334835E-2
1.309474790E2,2.462613344E-2,-1.972558200E-3,2.534183264E-3,2.483464352E-2
1.309574670E2,1.923500061E-2,2.181713104E-2,-3.205034316E-2,4.328044537E-2
1.309674550E2,2.411040902E-2,7.761447877E-3,-2.777778268E-2,3.759198195E-2
1.309774440E2,1.075770736E-2,1.609299928E-2,-1.785388827E-2,2.633389868E-2
1.309874320E2,-1.683764219E-2,1.641298816E-2,-1.002914429E-2,2.556317879E-2
1.309974200E2,-1.750890255E-2,6.399485171E-3,-6.792125702E-3,1.984056578E-2
1.310074080E2,-9.087742567E-3,2.134306803E-2,-5.032113791E-3,2.373680238E-2
1.310173960E2,-2.022084117E-2,2.166130275E-2,1.073373377E-2,3.151678116E-2
1.310273850E2,-4.160644770E-2,1.978975520E-2,-4.835647345E-4,4.607564145E-2
1.310373730E2,-3.018040359E-2,2.688871354E-2,9.306428432E-3,4.147854008E-2
1.310473610E2,-2.722229719E-2,2.220246255E-2,1.274225235E-2,3.736800507E-2
1.310573490E2,-1.736272216E-2,1.333150551E-2,1.386374831E-3,2.193433826E-2
1.310673370E2,-2.210949183E-2,1.399384886E-2,-9.280700684E-3,2.776308412E-2
1.310773260E2,-2.402445495E-2,9.754178971E-3,3.946870565E-4,2.593210792E-2
1.310873140E2,-3.081891954E-2,4.867953211E-3,-2.147097588E-3,3.127479493E-2
1.310973020E2,-1.525304675E-2,1.686190814E-2,-7.923561931E-3,2.407825191E-2
1.311072900E2,-1.500980258E-3,3.553236008E-2,5.985209942E-3,3.606416909E-2
1.311172780E2,1.659439802E-3,4.319308966E-2,-1.813806295E-2,4.687628465E-2
1.311272670E2,1.810297966E-3,2.828999877E-2,-2.273982167E-2,3.634144602E-2
1.311372550E2,1.702767670E-2,1.406547725E-3,-8.109503388E-3,1.891254070E-2
1.311472430E2,1.682711720E-2,-4.392282218E-3,-3.362149000E-4,1.739416733E-2
1.311572310E2,3.280638814E-2,-1.740906134E-2,1.085535586E-2,3.869332333E-2
1.311672200E2,2.773977578E-2,-1.527248874E-2,2.476880550E-3,3.176285582E-2
1.311772080E2,4.042180181E-2,-2.267170161E-2,-1.422276735E-2,4.847901841E-2
1.311871960E2,5.369439662E-2,-1.853216529E-2,-7.489698529E-3,5.729419658E-2
1.311971840E2,1.856081665E-2,-9.172234833E-3,-2.620254278E-2,3.339471597E-2
1.312071720E2,1.414382994E-2,-2.668230683E-2,-1.498816788E-2,3.371407124E-2
1.312171610E2,-6.099815369E-3,-2.932744101E-2,4.173742533E-3,3.024444859E-2
1.312271490E2,-9.237431288E-3,-2.208200991E-2,-8.388415575E-3,2.536357259E-2
1.312371370E2,-6.384574771E-3,-1.868609324E-2,-1.431807697E-2,2.439139610E-2
1.312471250E2,5.411598086E-3,-3.513474941E-2,-1.335328639E-2,3.797428429E-2
1.312571130E2,5.702789426E-3,-3.106888801E-2,-3.313324749E-2,4.577782977E-2
1.312671020E2,5.867096186E-3,-7.673739642E-3,-2.302750468E-2,2.497148513E-2
1.312770900E2,3.818231821E-3,-3.023887575E-3,6.244241595E-3,7.919175677E-3
1.312870780E2,-4.081941247E-3,6.859368682E-3,-6.420242786E-3,1.024366636E-2
1.312970660E2,3.835773468E-3,-4.430435300E-3,-9.335664511E-3,1.102254721E-2
1.313070540E2,-2.709658206E-2,-1.099422723E-3,-1.354682922E-2,3.031418928E-2
1.313170430E2,-3.197140574E-2,1.170217887E-2,-1.120443463E-2,3.584203023E-2
1.313270310E2,-1.089219332E-2,1.901982307E-2,1.104948342E-2,2.454556230E-2
1.313370190E2,-1.221366405E-2,2.399638832E-2,1.995420814E-2,3.351373844E-2
1.313470070E2,-1.956010580E-2,3.197783768E-2,6.476960778E-3,3.804117326E-2
1.313569960E2,-2.558800042E-2,1.269986004E-2,1.277616620E-2,3.129317231E-2
1.313669840E2,2.264626622E-3,-9.091397077E-3,4.940897226E-3,1.059219052E-2
1.313769720E2,1.069981992E-2,-1.078285038E-2,-9.170773029E-3,1.774426912E-2
1.313869600E2,-2.954013348E-3,1.549512148E-5,-1.299368262E-2,1.332524758E-2
1.313969480E2,1.222652793E-2,5.915043354E-3,-6.289265156E-3,1.496765109E-2
1.314069370E2,3.109315395E-2,-1.620365784E-2,-2.485183597E-2,4.297623181E-2
1.314169250E2,2.911679506E-2,9.846711159E-3,-3.164688528E-2,4.411655951E-2
1.314269130E2,4.030778110E-2,-2.046525478E-4,-1.550213814E-2,4.318651858E-2
1.314369010E2,4.524750888E-2,-2.612886786E-2,-8.669081926E-3,5.296421223E-2
1.314468890E2,4.589362621E-2,-1.559452415E-2,1.742470264E-4,4.847106841E-2
1.314568780E2,2.284097850E-2,-9.402322769E-3,9.700530767E-4,2.471952620E-2
1.314668660E2,8.655633330E-3,-2.006822884E-2,-1.127460122E-2,2.459208063E-2
1.314768540E2,6.174075007E-3,-1.014024138E-2,-4.060306549E-3,1.254710273E-2
1.314868420E2,-4.906398654E-3,1.022487983E-2,-2.731292903E-2,2.957392446E-2
1.314968300E2,-1.437421024E-2,3.670165703E-2,-2.015886068E-2,4.427199129E-2
1.315068190E2,-8.932206631E-3,2.737227827E-2,-2.928227127E-2,4.106674255E-2
1.315168070E2,1.150848985E-2,2.717698127E-2,-1.686804771E-2,3.399359768E-2
1.315267950E2,2.017347872E-2,3.783952519E-2,-3.189773083E-2,5.344402813E-2
1.315367830E2,3.510025084E-2,4.509343475E-2,-3.260056615E-2,6.578937893E-2
1.315467720E2,1.410816193E-2,3.846459255E-2,-7.851056457E-3,4.171575482E-2
1.315567600E2,1.900988281E-2,3.745229334E-2,-6.426674724E-3,4.248943479E-2
1.315667480E2,-1.701539755E-3,3.486592367E-2,1.033203006E-2,3.640437771E-2
1.315767360E2,-9.935004115E-3,7.713354528E-3,1.065596581E-2,1.648483400E-2
1.315867240E2,-2.860867202E-2,2.925946712E-3,-1.438415051E-4,2.875826785E-2
1.315967130E2,-3.444243908E-2,4.855966419E-3,-1.107287228E-2,3.650302070E-2
1.316067010E2,-1.882978857E-2,7.676955611E-3,-2.009103298E-3,2.043362623E-2
1.316166890E2,-2.188671291E-2,1.265454412E-2,-1.261127472E-2,2.825260941E-2
1.316266770E2,9.084234238E-3,2.276993483E-2,-3.368230104E-2,4.165922044E-2
1.316366650E2,8.903555274E-3,2.986874700E-2,-1.634998441E-2,3.519570050E-2
1.316466540E2,1.641781211E-2,1.894936413E-3,-8.240481019E-3,1.846729179E-2
1.316566420E2,2.560086429E-2,9.752278626E-3,1.812052131E-3,2.745532232E-2
1.316666300E2,1.993900537E-2,4.275630265E-3,-9.042134285E-3,2.230706484E-2
1.316766180E2,8.485479355E-3,-4.603512883E-3,9.380103350E-3,1.346038742E-2
1.316866070E2,2.878584266E-3,-8.134061694E-3,-1.450109482E-2,1.687397280E-2
1.316965950E2,2.663699090E-2,9.030001312E-3,-2.230361938E-2,3.589598370E-2
1.317065830E2,3.161297143E-2,3.827879727E-3,-2.217147231E-2,3.880214955E-2
1.317165710E2,4.121994674E-2,-1.382413343E-2,-4.116615236E-2,5.987355655E-2
1.317265590E2,6.734296739E-2,-1.360500902E-2,-4.147371590E-2,8.025110989E-2
1.317365480E2,4.958263457E-2,-5.010186732E-3,-3.996747315E-2,6.388222391E-2
1.317465360E2,4.620469809E-2,-1.206485242E-2,-1.985948324E-2,5.171879604E-2
1.317565240E2,6.081396639E-2,-1.484710380E-2,-1.056474924E-2,6.348534419E-2
1.317665120E2,3.522947431E-2,-1.756123513E-2,-6.886265874E-3,3.996165033E-2
1.317765000E2,3.886995077E-2,-1.141376495E-2,-1.763695657E-2,4.418381311E-2
1.317864890E2,3.833434582E-2,-6.652961969E-3,-1.538636327E-2,4.183926561E-2
1.317964770E2,1.139856219E-2,4.289371222E-3,-9.788823724E-3,1.562520385E-2
1.318064650E2,3.135277033E-3,1.070420533E-2,-8.023549318E-3,1.373998972E-2
1.318164530E2,-6.789202094E-3,1.871693730E-2,-2.377243996E-2,3.100880373E-2
1.318264410E2,5.972346067E-3,6.358116120E-3,-3.665619493E-3,9.462099366E-3
1.318364300E2,-9.835601449E-3,1.037383765E-2,3.384953141E-3,1.469059125E-2
1.318464180E2,-1.617339849E-2,5.866365284E-3,9.325724244E-3,1.956941985E-2
1.318564060E2,-1.398478568E-2,8.569971621E-3,3.114811778E-3,1.669493026E-2
1.318663940E2,-1.930107415E-2,1.393347636E-2,-1.000809431E-2,2.582315198E-2
1.318763825E2,-1.422159791E-2,1.948219165E-2,-1.864560127E-2,3.048717903E-2
1.318863705E2,-2.403205633E-2,2.433494210E-2,-3.185446143E-2,4.673794873E-2
1.318963585E2,-2.306785047E-2,3.851341680E-2,-1.702475309E-2,4.801303174E-2
1.319063465E2,-1.347724736E-2,4.393787876E-2,7.299079299E-3,4.653439529E-2
1.319163345E2,-1.612077355E-2,2.779400870E-2,1.216630161E-2,3.435702482E-2
1.319263235E2,-9.647905827E-5,1.320652127E-2,1.090739608E-2,1.712871278E-2
1.319363115E2,-2.460625291E-2,1.864808634E-2,-1.103603482E-2,3.278738890E-2
1.319462995E2,2.877414823E-3,1.447785214E-2,4.960193038E-3,1.557213002E-2
1.319562875E2,8.862624764E-3,1.306940407E-2,1.539162576E-2,2.205124903E-2
1.319662755E2,5.382362008E-3,1.536005080E-2,-9.336833954E-3,1.876372696E-2
1.319762645E2,8.684869409E-3,1.865641862E-2,-2.524418414E-2,3.256927609E-2
1.319862525E2,1.644587874E-2,1.660258412E-2,-2.835899591E-2,3.674704582E-2
1.319962405E2,1.763403296E-2,1.407819495E-2,-2.658378124E-2,3.486907106E-2
1.320062285E2,2.142419815E-2,1.852164030E-2,-8.028227091E-3,2.943636961E-2
1.320162175E2,8.835142851E-4,1.388903752E-2,-1.777553558E-4,1.391824550E-2
1.320262055E2,1.581087112E-2,1.731068194E-3,-8.010685444E-3,1.780874291E-2
1.320361935E2,1.333632946E-2,4.264082015E-4,-5.954219699E-3,1.461137364E-2
1.320461815E2,2.228373885E-2,7.136380523E-3,-3.164220750E-2,3.935380845E-2
1.320561695E2,3.851560950E-3,-3.162612766E-3,-3.150245905E-2,3.189422467E-2
1.320661585E2,1.763169408E-2,7.115769088E-3,-3.391151190E-2,3.887803294E-2
1.320761465E2,2.820462942E-2,-7.659852505E-4,-2.382623434E-2,3.692935549E-2
1.320861345E2,2.995762467E-2,-1.574465141E-2,-2.727141380E-3,3.395277049E-2
1.320961225E2,1.936188519E-2,-2.747606635E-3,-6.872232556E-3,2.072823004E-2
1.321061105E2,2.294330478E-2,1.428357840E-2,-1.005370259E-2,2.883561655E-2
1.321160995E2,2.015476763E-2,6.513359696E-3,-8.817601204E-3,2.294316028E-2
1.321260875E2,9.365485311E-3,5.915043354E-3,-1.015602887E-2,1.502813945E-2
1.321360755E2,2.025417030E-2,1.270819232E-2,-6.219683290E-3,2.470655837E-2
1.321460635E2,2.652297020E-3,1.248117417E-2,-9.126334190E-3,1.568771379E-2
1.321560515E2,2.113768458E-3,1.529061511E-2,-1.830763221E-2,2.394661405E-2
1.321660405E2,1.750656366E-2,3.732277751E-3,-2.090964317E-3,1.802170359E-2
1.321760285E2,2.212352514E-2,1.247678876E-2,8.271471262E-3,2.671212944E-2
1.321860165E2,6.339551210E-3,-1.674057841E-3,3.079436123E-2,3.148467981E-2
1.321960045E2,-9.929156899E-3,1.017795593E-2,1.355560005E-2,1.964518354E-2
1.322059935E2,4.646197557E-3,1.136377126E-2,-1.477708340E-2,1.921157575E-2
1.322159815E2,1.527351201E-2,6.942545325E-3,-9.663693309E-3,1.936145844E-2
1.322259695E2,2.145928144E-4,-5.523718446E-3,-6.421996951E-3,8.473462125E-3
1.322359575E2,-1.547114789E-2,-2.566781491E-3,7.344102859E-4,1.569981347E-2
1.322459455E2,-9.240939617E-3,-2.090379596E-3,-1.242007077E-2,1.562122946E-2
1.322559345E2,3.068618774E-3,1.121437490E-2,1.591027379E-3,1.173499014E-2
1.322659225E2,-1.470808625E-2,4.900551438E-3,3.245789409E-3,1.583913995E-2
1.322759105E2,-1.806263387E-2,1.651253700E-3,-1.240662217E-2,2.197520546E-2
1.322858985E2,3.333497643E-3,5.811693817E-3,-8.094300628E-3,1.050741139E-2
1.322958865E2,1.607107222E-2,1.792800173E-2,-3.013070226E-3,2.426460798E-2
1.323058755E2,-1.071034491E-2,1.245120719E-2,-6.216759682E-3,1.756109762E-2
1.323158635E2,-8.258607388E-3,1.877497092E-2,-8.491326571E-3,2.219925125E-2
1.323258515E2,-2.292693257E-3,7.410176396E-3,-4.723965526E-3,9.082015574E-3
1.323358395E2,1.174179375E-2,1.347286195E-2,-3.062771559E-3,1.813196898E-2
1.323458285E2,1.776267171E-2,-7.970485836E-3,-2.533598542E-3,1.963314219E-2
1.323558165E2,1.946128786E-2,-3.413165957E-3,-1.999163032E-2,2.810794744E-2
1.323658045E2,1.125296652E-2,-1.522571102E-2,-7.804863453E-3,2.047846247E-2
1.323757925E2,9.663108587E-3,-2.712844938E-2,-1.950455725E-2,3.478154952E-2
1.323857805E2,1.802696586E-2,-2.755295724E-2,-1.108632088E-3,3.294489362E-2
1.323957695E2,2.191361010E-2,-1.916059479E-2,-1.532730639E-2,3.289773581E-2
1.324057575E2,9.611653090E-3,-9.606390595E-3,-3.555691838E-2,3.806522114E-2
1.324157455E2,-1.079746842E-2,1.202348337E-2,-2.355901659E-2,2.856880710E-2
1.324257335E2,8.702995777E-3,2.257229894E-2,-2.128386497E-3,2.428540393E-2
1.324357215E2,1.802988946E-2,3.565339744E-4,7.140619755E-3,1.939568202E-2
1.324457105E2,6.326687336E-3,-5.826458037E-3,9.697022438E-3,1.296174487E-2
1.324556985E2,3.440501690E-2,1.061328113E-2,8.432269692E-3,3.697904942E-2
1.324656865E2,8.000160456E-3,5.912704468E-3,-2.483897209E-2,2.675700237E-2
1.324756745E2,1.095066547E-2,1.671675101E-2,-1.083722949E-2,2.273350790E-2
1.324856635E2,2.392680645E-3,1.769031242E-2,-3.950963616E-3,1.828338556E-2
1.324956515E2,-1.062614501E-2,2.525353968E-2,-2.729538739E-2,3.867420842E-2
1.325056395E2,-2.224865556E-3,2.986187652E-2,-1.157339394E-2,3.210335097E-2
1.325156275E2,2.545000613E-2,3.226669014E-2,-2.234045684E-2,4.677540076E-2
1.325256155E2,1.399414122E-2,3.407289505E-2,-2.025650918E-2,4.203717795E-2
1.325356045E2,1.222243488E-2,1.632118687E-2,-1.172132850E-2,2.351932390E-2
1.325455925E2,1.979282498E-3,3.441378772E-2,-2.042958677E-2,4.006986848E-2
1.325555805E2,5.701619983E-3,2.676533729E-2,-1.259373307E-2,3.012463881E-2
1.325655685E2,-2.573944330E-3,-5.520941019E-3,-2.104062080E-2,2.190465026E-2
1.325755565E2,7.130094767E-3,-9.101044983E-3,-1.143598437E-2,1.626188826E-2
1.325855455E2,5.305178761E-3,-1.323692679E-2,-1.158567309E-2,1.837359447E-2
1.325955335E2,2.074592113E-2,-1.173477709E-2,-4.901720881E-3,2.433362087E-2
1.326055215E2,3.087622225E-2,-3.612249032E-2,-2.035942018E-2,5.169798253E-2
1.326155095E2,1.683530331E-2,-3.855712473E-2,-2.043367982E-2,4.677194219E-2
1.326254985E2,5.282959342E-3,-3.520360038E-2,-2.444603920E-2,4.318346873E-2
1.326354865E2,3.539319634E-3,-3.042613283E-2,-1.701188922E-2,3.503827503E-2
1.326454745E2,9.956638813E-3,-3.156473190E-2,-4.535685182E-3,3.340717582E-2
1.326554625E2,3.405476868E-2,-3.495933294E-2,-1.955308914E-3,4.884368396E-2
1.326654505E2,1.965249181E-2,-1.500965640E-2,-1.458763361E-2,2.871078672E-2
1.326754395E2,2.744156778E-2,8.795674145E-4,-2.168264508E-2,3.498500220E-2
1.326854275E2,2.473079860E-2,1.581291765E-2,-2.604232907E-2,3.924109667E-2
1.326954155E2,1.189732969E-2,2.373399451E-2,-2.669721723E-2,3.765090114E-2
1.327054035E2,2.042198539E-2,2.660804719E-2,-2.543714225E-2,4.209624530E-2
1.327153915E2,1.402045369E-2,4.223414630E-2,-1.926306725E-2,4.849084444E-2
1.327253805E2,9.910445809E-3,4.132271156E-2,-3.447225988E-2,5.471855378E-2
1.327353685E2,6.360016465E-3,4.228662506E-2,-9.401738048E-3,4.378357165E-2
1.327453565E2,1.584303081E-2,3.920265734E-2,-2.382155657E-2,4.853160337E-2
1.327553445E2,-1.110970974E-4,4.689437717E-2,-3.630302310E-2,5.930433744E-2
1.327653335E2,1.661252439E-2,2.770630047E-2,-1.141434968E-2,3.426225957E-2
1.327753215E2,2.907235622E-3,3.310094163E-2,6.813175678E-3,3.391966566E-2
1.327853095E2,-6.850597858E-3,3.992171869E-2,1.240545273E-2,4.236236031E-2
1.327952975E2,-1.931218386E-2,4.715852514E-2,-4.866637588E-3,5.119151395E-2
1.328052855E2,-1.910460770E-2,3.447532967E-2,-1.970043898E-2,4.406406344E-2
1.328152745E2,-2.353972077E-2,4.172383055E-2,-5.565379858E-3,4.822831060E-2
1.328252625E2,-1.917068124E-2,5.928418860E-2,-4.094220400E-3,6.244111368E-2
1.328352505E2,-2.874432743E-2,3.463758990E-2,-5.486442447E-3,4.534423937E-2
1.328452385E2,-3.035815895E-2,4.193871573E-2,-1.099276543E-4,5.177340800E-2
1.328552265E2,-1.241305411E-2,5.035943717E-2,-2.159961462E-3,5.191167747E-2
1.328652155E2,-3.173517823E-2,3.177990943E-2,-6.624310613E-3,4.539785977E-2
1.328752035E2,-2.866597474E-2,3.902417108E-2,-1.071560740E-2,4.959282487E-2
1.328851928E2,-4.600998580E-2,2.945783392E-2,-8.074420094E-3,5.522570989E-2
1.328951808E2,-2.284039378E-2,2.483794883E-2,4.898212552E-3,3.409691740E-2
1.329051698E2,-1.272880375E-2,1.086792737E-2,1.608335137E-2,2.321224853E-2
1.329151578E2,-4.373132586E-3,1.808456093E-2,-1.926657557E-3,1.870528380E-2
1.329251457E2,-5.181802511E-3,2.162592709E-2,8.958519101E-3,2.397471302E-2
1.329351338E2,-5.913289189E-3,1.723525286E-2,-1.240779161E-3,1.826363773E-2
1.329451218E2,1.223062098E-2,6.753095537E-3,-2.116692066E-4,1.397273033E-2
1.329551108E2,4.768989086E-3,-8.358010054E-3,-1.328195035E-2,1.640151805E-2
1.329650988E2,1.631256223E-2,-1.154664293E-2,-1.389941633E-2,2.434375533E-2
1.329750867E2,3.138785362E-2,-7.520688772E-3,2.747606635E-3,3.239301556E-2
1.329850748E2,3.165390193E-2,4.469757825E-3,-1.428533256E-2,3.501455368E-2
1.329950628E2,3.019677579E-2,-1.167557403E-2,-2.025592446E-2,3.818987789E-2
1.330050518E2,3.485349834E-2,-9.259650707E-3,-2.138502181E-2,4.192644315E-2
1.330150398E2,2.782748401E-2,-9.173111916E-3,-2.806838930E-2,4.057523045E-2
1.330250278E2,3.341332912E-2,-1.770493045E-2,-2.428582549E-2,4.494125549E-2
1.330350158E2,2.798828244E-2,-1.189747587E-2,-3.097036242E-2,4.340572813E-2
1.330450048E2,3.899625063E-2,1.517060101E-3,-7.769780159E-3,3.979168906E-2
1.330549928E2,3.985169828E-2,-1.211718500E-2,-1.870758176E-2,4.566133642E-2
1.330649807E2,4.947563052E-2,-1.260381952E-2,-4.005342722E-3,5.121266496E-2
1.330749688E2,3.514118135E-2,-6.469213217E-3,-1.372575402E-2,3.827727354E-2
1.330849568E2,2.753278434E-2,5.378853679E-3,-7.714231610E-3,2.909459829E-2
1.330949458E2,2.948049188E-2,4.869707376E-3,-5.076552629E-3,3.030816454E-2
1.331049338E2,3.851327062E-2,1.825851560E-2,-1.371055126E-2,4.477303453E-2
1.331149218E2,4.494696200E-2,-9.385073483E-3,-5.989302993E-3,4.630529935E-2
1.331249098E2,2.657968819E-2,-6.381943524E-3,-1.788721740E-2,3.266743905E-2
1.331348978E2,4.204732776E-2,-5.103303641E-3,-1.382574141E-2,4.455527584E-2
1.331448868E2,3.902607143E-2,-3.052100390E-3,-6.935967207E-3,3.975496458E-2
1.331548747E2,3.189714611E-2,-4.359537810E-3,-1.610732496E-2,3.599832520E-2
1.331648628E2,1.228441536E-2,-1.343836337E-3,-2.535235763E-2,2.820380815E-2
1.331748508E2,2.490329146E-2,-6.813614219E-3,-9.285963178E-3,2.743771814E-2
1.331848398E2,2.114704013E-2,-1.650610507E-2,-6.782770157E-5,2.682635665E-2
1.331948278E2,2.970970273E-3,-3.495816350E-2,-1.328311980E-2,3.751454560E-2
1.332048158E2,3.262161613E-3,-2.897982404E-2,-1.874032617E-3,2.922300289E-2
1.332148038E2,1.731886804E-2,-9.742484540E-3,1.108632088E-3,1.990196624E-2
1.332247918E2,-3.244619966E-3,-2.377770245E-3,-3.755081892E-3,5.502907420E-3
1.332347808E2,-3.853315115E-4,4.797201902E-3,-6.350076199E-4,4.854365163E-3
1.332447687E2,4.744430780E-3,1.788707122E-2,-1.109860003E-2,2.157859734E-2
1.332547568E2,2.075761557E-2,2.293862700E-2,9.169603586E-3,3.226671416E-2
1.332647448E2,-1.074952126E-2,3.333980039E-2,-4.163802266E-3,3.527650417E-2
1.332747328E2,-4.170234203E-3,1.813587025E-2,-2.095642090E-3,1.872678186E-2
1.332847218E2,-2.900803685E-3,2.937173367E-2,-5.636131167E-3,3.004795126E-2
1.332947097E2,-1.684641302E-2,2.505838886E-2,-1.721829593E-2,3.475908800E-2
1.333046978E2,1.702884614E-2,2.479979575E-2,1.722589731E-3,3.013268633E-2
1.333146858E2,1.109216809E-2,3.743065864E-2,-1.346438348E-2,4.129624707E-2
1.333246748E2,1.336030304E-2,2.176494464E-2,-7.786737084E-3,2.669913458E-2
1.333346628E2,2.289886594E-2,3.880212307E-3,-1.530391753E-2,2.781409715E-2
1.333446508E2,1.251011789E-2,1.730191112E-2,9.194746614E-3,2.324655981E-2
1.333546388E2,1.691541016E-2,2.364555538E-2,-1.139271498E-2,3.122558798E-2
1.333646268E2,2.109090686E-2,1.840118766E-2,1.030279398E-3,2.800877604E-2
1.333746158E2,1.450869620E-2,-4.467272758E-4,-1.829126000E-2,2.335106043E-2
1.333846037E2,2.132362604E-2,-3.028726146E-2,-2.196974337E-2,4.306605227E-2
1.333945918E2,4.147430062E-3,-5.588183999E-3,-1.059924781E-2,1.267963054E-2
1.334045798E2,3.106216371E-2,-1.761576042E-2,-2.556928933E-2,4.391994520E-2
1.334145688E2,7.552848458E-3,-4.609944820E-3,-3.489559829E-2,3.599999849E-2
1.334245568E2,-1.886896491E-3,-5.522402823E-3,-1.009170949E-2,1.165761176E-2
1.334345448E2,2.519565225E-3,-1.487414718E-2,-7.958645225E-3,1.705662619E-2
1.334445328E2,9.479506016E-3,-2.012494683E-2,1.630203724E-2,2.757953838E-2
1.334545208E2,6.575778723E-3,-2.455406651E-2,8.203058839E-3,2.671017076E-2
1.334645098E2,-1.790651321E-2,-2.035956636E-2,4.863713980E-3,2.754652195E-2
1.334744977E2,-2.109850824E-2,-1.940559313E-2,-7.094426751E-3,2.953057713E-2
1.334844858E2,-1.407892585E-2,-1.217828840E-2,4.724550247E-3,1.920542206E-2
1.334944738E2,-5.940771103E-4,-3.085195631E-2,2.785379648E-2,4.156958160E-2
1.335044617E2,2.028165221E-2,-2.587027475E-2,2.200891972E-2,3.956019564E-2
1.335144508E2,-1.565650463E-2,-1.803778321E-2,2.565524340E-2,3.505252165E-2
1.335244387E2,9.851973653E-3,-1.146755934E-2,-2.342394590E-2,2.787915967E-2
1.335344268E2,2.088274598E-2,-4.093182519E-2,-2.260007322E-2,5.120807263E-2
1.335444148E2,2.922847688E-2,-1.193285152E-2,-3.399746597E-2,4.639530686E-2
1.335544027E2,2.224456251E-2,-8.819647729E-3,-1.960162103E-2,3.093267357E-2
1.335643918E2,6.980990767E-3,2.116999045E-2,-8.629320860E-3,2.390330325E-2
1.335743798E2,-4.577785134E-3,3.129517525E-2,-6.713188291E-3,3.233281627E-2
1.335843678E2,3.841620684E-4,2.040108159E-2,7.939349413E-3,2.189486195E-2
1.335943558E2,-8.273225427E-3,2.418832317E-2,-4.911076427E-3,2.603151760E-2
1.336043448E2,-3.484706640E-2,7.404066056E-2,-2.847126245E-2,8.664265831E-2
1.336143327E2,-2.919397831E-2,8.615959972E-2,-2.773860633E-2,9.510623153E-2
1.336243208E2,-2.275560915E-2,1.038038653E-1,-1.812636852E-5,1.062688126E-1
1.336343088E2,-1.321178377E-2,8.411365896E-2,-1.487005413E-2,8.643365875E-2
1.336442967E2,3.859747052E-3,6.894481212E-2,-2.050677001E-2,7.203341157E-2
1.336542858E2,4.326354861E-3,5.941297352E-2,-1.968991399E-2,6.274003094E-2
1.336642738E2,2.075059891E-2,5.716778889E-2,-2.980735123E-2,6.772903092E-2
1.336742618E2,3.369925797E-2,6.496212736E-2,-4.176958501E-2,8.426396745E-2
1.336842498E2,3.939561546E-2,5.041235447E-2,-2.951849878E-2,7.046106564E-2
1.336942388E2,3.746194124E-2,4.344612792E-2,-1.960629880E-2,6.062483011E-2
1.337042267E2,4.822549582E-2,2.560261846E-2,-2.115113318E-2,5.855393200E-2
1.337142148E2,3.780400336E-2,2.318128645E-2,-3.270640075E-2,5.510193610E-2
1.337242028E2,2.964245975E-2,2.107204959E-2,-5.841368437E-2,6.881035689E-2
1.337341907E2,2.656974792E-2,3.052027300E-2,-4.384593129E-2,5.966493325E-2
1.337441798E2,1.592079878E-2,2.594658092E-2,-3.327065706E-2,4.509582593E-2
1.337541678E2,3.953302503E-3,1.741344675E-2,-3.193866134E-2,3.659145825E-2
1.337641558E2,1.110327780E-2,1.755363375E-2,5.549007654E-4,2.077789091E-2
1.337741438E2,9.666616917E-3,1.127752483E-2,2.067107677E-2,2.545426220E-2
1.337841317E2,1.890404820E-2,3.484063447E-2,1.217565715E-2,4.146660675E-2
1.337941207E2,3.956810832E-2,1.482283786E-2,-9.198254943E-3,4.324302964E-2
1.338041088E2,4.991651058E-2,4.468442202E-3,-1.233587086E-2,5.161200165E-2
1.338140968E2,4.296826422E-2,6.716258079E-3,-3.059380174E-2,5.317293068E-2
1.338240848E2,3.597382486E-2,-1.435359880E-2,-5.004281044E-2,6.328052426E-2
1.338340738E2,2.311755180E-2,-1.287118345E-2,-4.201926112E-2,4.965588455E-2
1.338440617E2,2.350405276E-2,-2.001998931E-2,-3.923774064E-2,4.992835625E-2
1.338540498E2,3.158373535E-2,-2.440262362E-2,-2.750120938E-2,4.846995869E-2
1.338640378E2,3.686377108E-2,-3.718609884E-2,-1.606405556E-2,5.477040667E-2
1.338740257E2,1.936130047E-2,-5.750005692E-2,1.304396868E-2,6.205853383E-2
1.338840138E2,1.015895247E-2,-5.148853451E-2,1.279429257E-2,5.401821381E-2
1.338940018E2,2.094355702E-2,-4.425816000E-2,1.103135705E-2,5.019071772E-2
1.339039897E2,1.972207367E-2,-5.114851892E-2,7.817727327E-3,5.537371252E-2
1.339139778E2,1.644821763E-2,-4.138323024E-2,-8.181424141E-3,4.527749230E-2
1.339239668E2,3.755315781E-2,-3.089171737E-2,-1.698499203E-2,5.150755107E-2
1.339339548E2,1.835908771E-2,1.813075393E-3,-9.282454848E-3,2.065205345E-2
1.339439428E2,-6.198048592E-3,-3.699679524E-3,-9.695268273E-3,1.208725204E-2
1.339539308E2,-7.887309194E-3,-1.939229071E-3,-1.601084590E-2,1.795320145E-2
1.339639188E2,-8.535765409E-3,-1.150147319E-3,-4.077263474E-3,9.529229109E-3
1.339739078E2,-3.317710161E-2,1.001540333E-2,2.672177553E-4,3.465688648E-2
1.339838958E2,-2.123650253E-2,1.200433373E-2,-5.923229456E-3,2.510334072E-2
1.339938837E2,-1.820355177E-2,3.508344010E-2,5.151396990E-4,3.952824857E-2
1.340038718E2,-3.700702786E-2,4.836699843E-2,-2.584469318E-4,6.090117769E-2
1.340138598E2,-2.688842118E-2,4.959696025E-2,1.920810342E-3,5.644940364E-2
1.340238488E2,-4.203212500E-2,6.862423852E-2,8.712936044E-3,8.094381322E-2
1.340338368E2,-3.606621087E-2,5.077985197E-2,2.956118345E-2,6.894366178E-2
1.340438247E2,-4.830560267E-2,3.814372659E-2,3.041546166E-2,6.865475537E-2
1.340538128E2,-4.084923327E-2,3.326364040E-2,1.136289418E-2,5.389104745E-2
1.340638018E2,-6.688863873E-2,2.256747499E-2,-2.766902447E-3,7.064726936E-2
1.340737898E2,-1.674934924E-2,2.563550904E-2,-1.599038064E-2,3.454579999E-2
1.340837778E2,-8.156865835E-3,2.094238758E-2,-8.679606915E-3,2.409260538E-2
1.340937658E2,2.631247044E-5,3.032073677E-3,1.446133375E-2,1.477580241E-2
1.341037538E2,7.671546936E-3,1.382734939E-2,-1.353747368E-2,2.081613358E-2
1.341137428E2,-1.520276070E-5,-1.318839490E-2,-5.395810604E-3,1.424951800E-2
1.341237308E2,9.146214724E-3,-1.282542899E-2,-1.723115981E-2,2.334647170E-2
1.341337187E2,-1.910285354E-2,-4.272999018E-3,-2.871041358E-2,3.474860258E-2
1.341437068E2,-2.701062799E-2,1.381960183E-2,-1.799480617E-2,3.527560727E-2
1.341536958E2,-1.913676739E-2,9.395890832E-3,-7.195583582E-3,2.250055674E-2
1.341636838E2,2.672177553E-4,-1.971286431E-2,-1.005194843E-2,2.212939429E-2
1.341736718E2,-6.221437454E-4,-4.604974687E-3,2.247669697E-3,5.161867276E-3
1.341836598E2,2.288307846E-2,-5.094825178E-3,6.087536216E-3,2.422087159E-2
1.341936478E2,3.446933627E-3,-1.478775457E-2,-2.464542925E-2,2.894747346E-2
1.342036368E2,1.195170879E-2,1.369710267E-2,-4.822666526E-2,5.153896784E-2
1.342136248E2,1.478410006E-2,3.840334296E-2,-3.538150191E-2,5.427003817E-2
1.342236127E2,1.884674549E-2,3.473392278E-2,1.440169215E-3,3.954389074E-2
1.342336008E2,4.237769544E-2,1.387515038E-2,4.471950531E-3,4.481503331E-2
1.342435888E2,4.295715451E-2,1.892729089E-2,2.168849230E-2,5.171025200E-2
1.342535778E2,5.896332264E-2,1.373218596E-2,1.189849913E-2,6.169943784E-2
1.342635658E2,4.953702629E-2,-5.728809536E-4,5.844292045E-3,4.988387430E-2
1.342735538E2,3.642347574E-2,-1.812636852E-3,-9.747308493E-3,3.774871204E-2
1.342835418E2,2.419343948E-2,-1.900783628E-3,-4.049430728E-2,4.720936787E-2
1.342935308E2,3.761923134E-2,2.612097412E-3,-3.514527440E-2,5.154822919E-2
1.343035188E2,3.951080561E-2,-1.439087480E-2,-3.561772943E-2,5.510738323E-2
1.343135067E2,4.594391227E-2,-1.765011281E-2,-1.819653511E-3,4.925119994E-2
1.343234948E2,4.153803527E-2,-2.152579352E-2,-6.187523603E-3,4.719166886E-2
1.343334828E2,2.493428171E-2,-3.510317445E-2,-3.235264421E-3,4.317890916E-2
1.343434718E2,1.861285686E-2,-3.613593891E-2,-1.191662550E-3,4.066527488E-2
1.343534598E2,1.201076567E-2,-2.832171991E-2,-1.764572740E-2,3.546477134E-2
1.343634477E2,1.025543153E-2,-9.656676650E-3,-2.165223956E-3,1.425178847E-2
1.343734358E2,1.923032284E-2,9.595280886E-4,-2.993774414E-2,3.559486669E-2
1.343834238E2,8.587805629E-3,-1.195331678E-2,-3.540839911E-2,3.834562445E-2
1.343934128E2,9.926818013E-3,-1.123849466E-2,-3.560603499E-2,3.863463739E-2
1.344034008E2,2.546462417E-2,-5.758045614E-4,-1.077291012E-2,2.765563645E-2
1.344133888E2,1.720835567E-2,4.333225340E-3,7.602549791E-3,1.930552019E-2
1.344233768E2,2.307720602E-2,-1.453033090E-3,2.633235097E-2,3.504370771E-2
1.344333658E2,2.818182528E-2,-1.658679664E-2,2.155634522E-2,3.916647952E-2
1.344433538E2,2.307545185E-2,6.765813231E-3,1.544834375E-3,2.409645659E-2
1.344533417E2,7.788491249E-3,8.159497082E-3,-2.309416294E-2,2.570171882E-2
1.344633298E2,4.056798220E-3,1.523214296E-2,-1.752001226E-2,2.356749075E-2
1.344733178E2,-7.694935799E-3,1.606580973E-2,1.586291134E-2,2.385276159E-2
1.344833068E2,-1.172834516E-2,1.277324259E-2,2.505707324E-2,3.047239284E-2
1.344932948E2,-1.718438208E-2,1.790110454E-2,7.133603096E-5,2.481446393E-2
1.345032828E2,-1.662071049E-2,2.765718386E-2,-2.078568220E-2,3.838244938E-2
1.345132708E2,-1.506125808E-2,4.231673822E-2,-1.092259884E-2,4.622608564E-2
1.345232598E2,-2.229660273E-2,3.687897384E-2,-3.377936482E-3,4.322739478E-2
1.345332478E2,-4.278992414E-3,4.451002881E-2,-1.906309247E-2,4.860919599E-2
1.345432357E2,-1.901748419E-2,4.414282367E-2,-1.307495892E-2,4.981172690E-2
1.345532238E2,9.023423195E-3,3.750711098E-2,-2.456415296E-3,3.865539440E-2
1.345632118E2,-1.364798605E-2,3.874101967E-2,2.051086307E-2,4.591110576E-2
1.345732008E2,-1.246567905E-2,2.567161560E-2,3.636968136E-3,2.876895095E-2
1.345831888E2,-1.099744320E-2,1.791820765E-2,1.747966647E-2,2.734126299E-2
1.345931768E2,1.143539965E-2,1.179880410E-2,1.787552297E-2,2.427991897E-2
1.346031648E2,1.354507506E-2,2.303495988E-2,1.550681591E-3,2.676720098E-2
1.346131538E2,2.958691120E-3,1.763067082E-2,-3.908278942E-3,1.829942761E-2
1.346231418E2,-2.719540000E-3,-8.155404031E-3,-3.008392453E-2,3.128816115E-2
1.346331298E2,1.723174453E-3,-5.777049065E-3,-3.087563753E-2,3.145868114E-2
1.346431178E2,2.889577031E-2,-1.540244311E-2,-1.339655578E-2,3.537892738E-2
1.346531058E2,1.647745371E-2,-2.526026398E-2,-1.365909576E-2,3.310828165E-2
1.346630948E2,2.418291450E-2,-8.584589660E-3,-8.277903199E-3,2.696353490E-2
1.346730828E2,1.124068737E-2,-7.989635468E-3,-8.420575261E-3,1.615838529E-2
1.346830707E2,3.507744670E-2,-2.437426463E-2,-3.382029533E-3,4.284822245E-2
1.346930588E2,2.355375409E-2,-8.971967697E-3,-1.971271813E-2,3.199791856E-2
1.347030478E2,2.171129644E-2,-1.299543679E-4,-3.049907684E-2,3.743782806E-2
1.347130358E2,3.573525846E-2,-2.714131325E-3,-2.715446949E-2,4.496376785E-2
1.347230238E2,4.532118380E-2,-1.100153625E-3,-2.418174505E-2,5.138070487E-2
1.347330118E2,3.775781035E-2,1.953978673E-2,-3.412844360E-2,5.451794356E-2
1.347429998E2,4.901311576E-2,2.436622471E-2,-2.400925219E-2,5.976991395E-2
1.347529888E2,5.237000227E-2,2.257668436E-2,-1.942445040E-2,6.024643631E-2
1.347629768E2,3.770518541E-2,7.903973758E-3,-4.771327972E-3,3.881905948E-2
1.347729647E2,2.350522220E-2,1.575897709E-2,-4.593572617E-3,2.866952631E-2
1.347829528E2,3.421615183E-2,2.516203076E-3,-2.217264175E-3,3.438011903E-2
1.347929408E2,5.391483665E-2,7.574483156E-3,1.247328043E-2,5.585485771E-2
1.348029298E2,4.561880708E-2,-2.737520188E-3,-1.065771997E-2,4.692714109E-2
1.348129178E2,6.228921890E-2,-5.001328200E-2,-3.260290504E-2,8.627991994E-2
1.348229058E2,5.712144971E-2,-6.305169582E-2,-2.377185524E-2,8.833729373E-2
1.348328938E2,1.647628427E-2,-7.059124187E-2,-4.784250319E-2,8.685330439E-2
1.348428828E2,-5.710390806E-3,-5.475815132E-2,-4.814363480E-2,7.313599162E-2
1.348528708E2,-1.486654580E-2,-3.503227696E-2,-4.137606740E-2,5.621613262E-2
1.348628587E2,-2.070499063E-2,-2.300762415E-2,-1.252824426E-2,3.339168025E-2
1.348728468E2,-7.732357979E-3,-4.725281149E-3,8.152772784E-3,1.218955889E-2
1.348828345E2,3.383257449E-2,-1.179529577E-2,3.334550142E-2,4.894583296E-2
1.348928235E2,3.156385481E-2,-3.450222686E-2,3.608550668E-2,5.906644040E-2
1.349028115E2,4.841143727E-2,-3.347823322E-3,2.059272408E-2,5.271560931E-2
1.349127995E2,3.870213568E-2,3.108599111E-2,1.956478357E-3,4.967919039E-2
1.349227875E2,4.793430448E-2,6.244285449E-2,-2.349937499E-2,8.215246952E-2
1.349327765E2,5.529302537E-2,1.045043617E-1,-7.040632367E-3,1.184400725E-1
1.349427645E2,4.412542820E-2,1.165499184E-1,-3.605802476E-2,1.297347988E-1
1.349527525E2,3.270406187E-2,1.151648591E-1,-6.127882004E-2,1.344901269E-1
1.349627405E2,-3.096568465E-2,1.491365974E-1,-6.878313661E-2,1.671278498E-1
1.349727285E2,-8.298368454E-2,1.835879534E-1,-6.648985863E-2,2.121596801E-1
1.349827175E2,-1.235791487E-1,1.789074035E-1,-6.106130362E-2,2.258498346E-1
1.349927055E2,-1.269050449E-1,1.975856030E-1,-3.066221416E-2,2.368229979E-1
1.350026935E2,-1.179301536E-1,1.848141146E-1,8.400110006E-3,2.193953963E-1
1.350126815E2,-7.538288891E-2,1.642463873E-1,2.628615797E-2,1.826209676E-1
1.350226695E2,-7.147227108E-2,1.394974624E-1,3.457575560E-2,1.605095337E-1
1.350326585E2,-4.710984707E-2,1.007529344E-1,2.803506017E-2,1.147015958E-1
1.350426465E2,-3.702573895E-2,6.962981343E-2,2.048864365E-2,8.148006371E-2
1.350526345E2,-3.048328936E-2,4.526271164E-2,2.471033335E-3,5.462645880E-2
1.350626225E2,-2.177444637E-2,2.118782446E-2,-3.025349379E-3,3.053200221E-2
1.350726115E2,-7.357551455E-3,-2.908112705E-3,-1.273289680E-2,1.499057517E-2
1.350825995E2,1.756094277E-2,-2.166115656E-2,-1.958583355E-2,3.407634503E-2
1.350925875E2,2.421273530E-2,-4.316312268E-2,-3.722454429E-2,6.192720249E-2
1.351025755E2,2.924192548E-2,-5.836909935E-2,-4.320566118E-2,7.828646832E-2
1.351125635E2,4.434996128E-2,-7.683153659E-2,-3.342326939E-2,9.480041676E-2
1.351225525E2,6.443748593E-2,-8.960127085E-2,-1.667625904E-3,1.103782511E-1
1.351325405E2,7.262066424E-2,-1.104746613E-1,1.258847058E-2,1.328039203E-1
1.351425285E2,8.019046962E-2,-1.391891679E-1,2.002612889E-2,1.618801462E-1
1.351525165E2,6.931874156E-2,-1.576799642E-1,2.277724385E-2,1.737436671E-1
1.351625055E2,5.876802564E-2,-1.572760677E-1,1.395262599E-2,1.684758680E-1
1.351724935E2,5.456621647E-2,-1.528190276E-1,-2.701413631E-3,1.622911729E-1
1.351824815E2,3.459622085E-2,-1.318699157E-1,-2.522605777E-2,1.386467712E-1
1.351924695E2,2.707845569E-3,-1.213421501E-1,-1.252882898E-2,1.220172995E-1
1.352024575E2,-1.069338799E-2,-9.130704984E-2,-6.878079772E-3,9.218803544E-2
1.352124465E2,-2.019686759E-2,-7.264566109E-2,-1.044312716E-3,7.540819666E-2
1.352224345E2,-3.982830942E-2,-4.259784311E-2,1.648914814E-3,5.834028958E-2
1.352324225E2,-4.962298036E-2,-6.771806628E-3,5.443757772E-3,5.037789240E-2
1.352424105E2,-4.720164835E-2,4.140793473E-2,1.989515126E-2,6.586675724E-2
1.352523995E2,-3.533530891E-2,5.910350963E-2,1.459172666E-2,7.038982450E-2
1.352623875E2,-2.658728957E-2,7.201079965E-2,4.568371117E-2,8.932771518E-2
1.352723755E2,-4.458501935E-3,6.928760514E-2,3.798234344E-2,7.914106948E-2
1.352823635E2,-4.110592604E-3,7.967839971E-2,3.392028272E-2,8.669561657E-2
1.352923515E2,-1.343280852E-2,9.402790546E-2,2.223403752E-2,9.755019106E-2
1.353023405E2,-3.007749259E-2,7.528173208E-2,1.573778093E-2,8.258130839E-2
1.353123285E2,-3.571713209E-2,5.050444812E-2,6.928365827E-3,6.224479944E-2
1.353223165E2,-5.671272933E-2,7.860178113E-2,1.751825809E-3,9.694143881E-2
1.353323045E2,-4.682918072E-2,7.397049397E-2,-1.686336994E-3,8.756397591E-2
1.353422935E2,-3.770986319E-2,8.321260303E-2,-2.380050659E-2,9.440781323E-2
1.353522815E2,-4.693560004E-3,6.755434424E-2,-1.216747105E-2,6.880164448E-2
1.353622695E2,-1.213004887E-2,5.006356806E-2,5.309271812E-4,5.151486014E-2
1.353722575E2,3.534524918E-2,1.898810193E-2,3.527625203E-3,4.027752219E-2
1.353822455E2,3.234913588E-2,3.720144778E-3,-2.108739853E-2,3.879412901E-2
1.353922345E2,-1.902683973E-3,1.037339911E-2,-6.433866799E-2,6.519732981E-2
1.354022225E2,-5.293484330E-3,7.671546936E-3,-5.534974337E-2,5.612902724E-2
1.354122105E2,-1.740131378E-3,1.054969266E-2,-1.428416312E-2,1.784268445E-2
1.354221985E2,3.058678508E-3,1.313196927E-2,4.106499553E-3,1.409494483E-2
1.354321875E2,4.733321071E-3,-3.837235272E-3,3.502891481E-2,3.555493743E-2
1.354421755E2,1.388012052E-2,-2.560905039E-2,3.429684341E-2,4.499727409E-2
1.354521635E2,1.180552840E-3,-2.082909778E-2,-1.305390894E-2,2.460994835E-2
1.354621515E2,-9.847295880E-3,-1.326367781E-2,-4.037443936E-2,4.362327061E-2
1.354721395E2,-2.375548303E-2,3.671715215E-2,-6.802592218E-2,8.087025612E-2
1.354821285E2,2.279829383E-3,3.896935344E-2,-5.879141450E-2,7.057080521E-2
1.354921165E2,1.021800935E-2,1.667362779E-2,-4.999369383E-3,2.018443146E-2
1.355021045E2,3.013713419E-2,-3.053854555E-3,1.065947413E-2,3.211226049E-2
1.355120925E2,3.172874629E-2,4.419617951E-3,9.142706394E-3,3.331419284E-2
1.355220815E2,5.412065864E-2,-9.101775885E-3,2.344733477E-2,5.967969104E-2
1.355320695E2,5.944981098E-2,-1.214554399E-2,-8.244574070E-3,6.123534328E-2
1.355420575E2,7.122902691E-2,-3.080678657E-2,-2.256148160E-2,8.081864157E-2
1.355520455E2,9.453485906E-2,-2.875499859E-2,-5.752490759E-2,1.143363657E-1
1.355620335E2,1.014643943E-1,-3.499909401E-2,-4.661692679E-2,1.170175105E-1
1.355720225E2,1.216524911E-1,-5.345056772E-2,-4.781034350E-2,1.412165738E-1
1.355820105E2,1.060696614E-1,-5.349383712E-2,-3.449155569E-2,1.237013787E-1
1.355919985E2,9.092595756E-2,-5.667267591E-2,-9.190653563E-3,1.075350644E-1
1.356019865E2,6.482164800E-2,-7.702127874E-2,-3.239942193E-3,1.007205076E-1
1.356119755E2,5.308511674E-2,-6.288592726E-2,-4.909906983E-3,8.244256579E-2
1.356219635E2,4.251510501E-2,-5.474835724E-2,-5.698696375E-3,6.955136170E-2
1.356319515E2,3.807823777E-2,-3.062596142E-2,-1.678267837E-2,5.166778492E-2
1.356419395E2,1.985539019E-2,-2.362275124E-3,-2.397943139E-2,3.122226759E-2
1.356519275E2,1.330709338E-2,1.556411862E-2,-3.035406590E-2,3.661543171E-2
1.356619165E2,1.855906248E-2,1.875231296E-2,-1.779307723E-2,3.182265920E-2
1.356719045E2,2.295090616E-2,2.434502855E-2,-1.914144516E-2,3.854632838E-2
1.356818925E2,2.712991118E-2,1.621579081E-3,-9.632118344E-3,2.883468924E-2
1.356918805E2,4.549309194E-2,8.541904986E-3,3.162174225E-3,4.639595781E-2
1.357018695E2,4.257357717E-2,1.305025443E-2,-1.941275597E-4,4.452927463E-2
1.357118575E2,3.860565662E-2,7.984519154E-3,2.275853276E-2,4.552032604E-2
1.357218455E2,1.031565785E-2,9.614576697E-3,8.858531713E-4,1.412931767E-2
1.357318335E2,7.769195437E-3,1.881750941E-2,1.806965053E-2,2.722078854E-2
1.357418215E2,-4.500601888E-3,2.403410286E-2,2.235156655E-2,3.312832693E-2
1.357518105E2,-1.887422740E-2,3.320969984E-2,9.556104541E-3,3.937562390E-2
1.357617985E2,-2.953428626E-2,4.354655385E-2,1.353981256E-2,5.433141763E-2
1.357717865E2,-5.939075410E-2,2.611483455E-2,-5.518602133E-3,6.511298815E-2
1.357817745E2,-6.415331125E-2,2.053863734E-2,-1.408769667E-2,6.881821101E-2
1.357917625E2,-6.862935483E-2,3.203572512E-2,9.315199256E-3,7.630890489E-2
1.358017515E2,-7.543375969E-2,4.195508793E-2,-5.632038116E-3,8.649971883E-2
1.358117395E2,-8.090558410E-2,4.190874875E-2,1.795095205E-4,9.111579985E-2
1.358217275E2,-7.277970850E-2,3.364502504E-2,1.398303151E-2,8.139041006E-2
1.358317155E2,-6.576480389E-2,3.210983858E-2,1.297847986E-2,7.432692717E-2
1.358417045E2,-6.004564226E-2,2.973586902E-2,3.410563946E-2,7.518574136E-2
1.358516925E2,-3.922078371E-2,1.645406485E-2,2.295207560E-2,4.833015517E-2
1.358616805E2,-3.601300120E-2,2.753146872E-2,1.441280186E-2,4.756728795E-2
1.358716685E2,-1.515715241E-2,2.067926288E-2,-1.065947413E-3,2.566139954E-2
1.358816562E2,-1.650552034E-2,2.690055415E-2,-6.952339411E-3,3.231728699E-2
1.358916452E2,-7.395558357E-3,2.835636467E-2,-4.809919596E-3,2.969702051E-2
1.359016332E2,6.785693765E-3,2.292357042E-2,-6.696816087E-3,2.482706319E-2
1.359116212E2,1.510277331E-2,1.974210039E-2,-2.820579886E-2,3.759536380E-2
1.359216092E2,1.376434565E-2,1.506827474E-2,-2.986173034E-2,3.616950447E-2
1.359315982E2,1.030045509E-2,2.976232767E-2,-3.312740028E-2,4.570908195E-2
1.359415862E2,2.751465797E-2,2.384523779E-2,-3.426468372E-2,4.999720312E-2
1.359515742E2,4.589421093E-2,-2.485066652E-6,-2.197266698E-2,5.088297061E-2
1.359615622E2,6.079584002E-2,-2.203625545E-2,-3.887462854E-2,7.545175586E-2
1.359715502E2,3.943946958E-2,-3.679345831E-2,-2.492960393E-2,5.941982403E-2
1.359815392E2,2.320350587E-2,-4.102391884E-2,-2.719773889E-2,5.441582125E-2
1.359915272E2,3.463422775E-2,-2.862051263E-2,-1.716976404E-2,4.809848514E-2
1.360015152E2,8.341637850E-3,-1.120545790E-2,-3.007807732E-3,1.428958068E-2
1.360115032E2,-1.779366195E-2,1.967398033E-2,-1.744282901E-2,3.174794783E-2
1.360214922E2,-3.214389861E-2,4.748860046E-2,-2.685041428E-2,6.331936622E-2
1.360314802E2,-5.720915794E-3,7.264551491E-2,-5.005216599E-3,7.304212419E-2
1.360414682E2,-3.672051430E-4,7.613761827E-2,-1.371230543E-2,7.736342208E-2
1.360514562E2,2.630428433E-2,7.927099496E-2,-2.038573265E-2,8.597315925E-2
1.360614442E2,5.320615411E-2,8.999581173E-2,-2.031965911E-2,1.065036596E-1
1.360714332E2,6.996953666E-2,9.073226854E-2,-3.456756949E-2,1.196787261E-1
1.360814212E2,8.437941492E-2,8.185604900E-2,-3.568204880E-2,1.228556349E-1
1.360914092E2,8.528807223E-2,7.359583363E-2,-1.386842608E-2,1.135021376E-1
1.361013972E2,6.280494332E-2,7.716088101E-2,-4.396170616E-2,1.087699135E-1
1.361113862E2,7.671897769E-2,7.342144042E-2,-4.570008337E-2,1.156071238E-1
1.361213742E2,6.384223938E-2,5.525721118E-2,-3.708830416E-2,9.222111050E-2
1.361313622E2,4.549601555E-2,3.556700483E-2,-2.715330005E-2,6.381379919E-2
1.361413502E2,8.275271952E-2,1.574874446E-2,-8.398940563E-3,8.465564212E-2
1.361513382E2,8.103714645E-2,-2.429152653E-2,4.100067616E-3,8.469892514E-2
1.361613272E2,1.002540207E-1,-4.361160412E-2,-1.166051745E-2,1.099491171E-1
1.361713152E2,8.486181021E-2,-5.571548671E-2,-3.899508119E-2,1.087490627E-1
1.361813032E2,7.888770998E-2,-6.772464439E-2,-2.401334524E-2,1.067077270E-1
1.361912912E2,6.868841171E-2,-7.404168382E-2,-4.115270376E-2,1.090587634E-1
1.362012802E2,3.811799884E-2,-8.310545281E-2,-4.699816525E-2,1.028023621E-1
1.362112682E2,3.258770227E-2,-7.991126508E-2,-2.219661534E-2,8.910924956E-2
1.362212562E2,-1.034957170E-4,-7.179825336E-2,-2.556870461E-2,7.621521208E-2
1.362312442E2,-1.694640040E-2,-6.762392610E-2,-1.299836040E-2,7.091638204E-2
1.362412322E2,-2.370461226E-3,-6.737556562E-2,-8.507114053E-3,6.795187207E-2
1.362512212E2,-2.942786694E-2,-4.286301434E-2,-1.466247797E-2,5.402060358E-2
1.362612092E2,-1.803339779E-2,-3.446451232E-2,-1.768490374E-2,4.272893476E-2
1.362711972E2,-1.498115122E-2,-6.185769439E-3,1.822577119E-3,1.631013252E-2
1.362811852E2,-1.891515791E-2,-9.489153922E-3,-9.839694500E-3,2.333766974E-2
1.362911742E2,-2.135987878E-2,-3.226055056E-3,-4.806995988E-3,2.213050074E-2
1.363011622E2,-4.772614360E-2,1.726770490E-2,-1.041915357E-2,5.181232649E-2
1.363111502E2,-7.284929037E-2,3.606197163E-2,-8.431684971E-4,8.129081030E-2
1.363211382E2,-7.346500218E-2,6.219142422E-2,6.482807994E-3,9.647230997E-2
1.363311262E2,-8.213349938E-2,6.919595003E-2,2.154348135E-2,1.095358974E-1
1.363411152E2,-8.726793945E-2,6.660314843E-2,4.933529735E-2,1.203563218E-1
1.363511032E2,-6.871238530E-2,7.877222747E-2,3.442548215E-2,1.100525762E-1
1.363610912E2,-6.390772820E-2,6.557871625E-2,4.179180443E-2,1.006544617E-1
1.363710792E2,-5.288046420E-2,5.551521957E-2,5.006795347E-2,9.157009917E-2
1.363810682E2,-4.495105505E-2,5.067971841E-2,4.139360905E-2,7.938804745E-2
1.363910562E2,-4.114978015E-2,5.124616742E-2,5.569122076E-2,8.614514584E-2
1.364010442E2,-5.619291186E-2,2.930551395E-2,2.864901781E-2,6.955014531E-2
1.364110322E2,-4.205609858E-2,4.516769439E-2,1.738494158E-2,6.411764373E-2
1.364210202E2,-1.856257081E-2,4.528580815E-2,5.456621647E-3,4.924579347E-2
1.364310092E2,2.112599015E-3,5.279860318E-2,1.807491302E-2,5.584673717E-2
1.364409972E2,3.034003258E-2,5.467658266E-2,1.089453220E-2,6.347233335E-2
1.364509852E2,2.975297213E-2,4.298960656E-2,-2.653466463E-3,5.234870110E-2
1.364609732E2,6.138933241E-2,1.240589127E-2,-3.517684937E-3,6.272902342E-2
1.364709622E2,6.958245099E-2,-1.931335330E-3,-1.855029166E-2,7.203860675E-2
1.364809502E2,4.197365284E-2,-7.570390105E-3,-3.295900047E-2,5.390170731E-2
1.364909382E2,2.327659607E-2,-8.987170458E-3,-3.417229772E-2,4.231211515E-2
1.365009262E2,2.072896421E-2,1.666164100E-3,-3.550020039E-2,4.114280360E-2
1.365109142E2,2.703869462E-2,-1.536940634E-3,-3.376474679E-2,4.328407697E-2
1.365209032E2,2.778596878E-2,-7.227889448E-3,-2.772866607E-2,3.991467611E-2
1.365308912E2,2.008401632E-2,-3.013859600E-2,-2.351867080E-2,4.318368392E-2
1.365408792E2,2.822275579E-2,-5.240464702E-2,-1.976183474E-2,6.271603532E-2
1.365508672E2,3.065285861E-2,-8.464677885E-2,-2.896242857E-2,9.457006492E-2
1.365608562E2,2.272637308E-2,-7.831482902E-2,-2.576984882E-2,8.552067344E-2
1.365708442E2,4.689350009E-2,-7.571311042E-2,-5.229691207E-2,1.032784704E-1
1.365808322E2,3.017981887E-2,-7.467610672E-2,-4.571294725E-2,9.261218024E-2
1.365908202E2,2.190016150E-2,-4.166287333E-2,-4.153920472E-2,6.277672830E-2
1.366008082E2,2.065178096E-2,-3.148959517E-2,-4.969665527E-2,6.235261187E-2
1.366107972E2,9.467811584E-3,-5.861541331E-3,-4.309748769E-2,4.451281353E-2
1.366207852E2,-9.990552664E-3,2.383997530E-2,-2.081901133E-2,3.319016116E-2
1.366307732E2,1.198620737E-2,4.814655840E-2,-1.506067336E-2,5.185155866E-2
1.366407612E2,1.795913815E-2,4.456382319E-2,-1.306443393E-2,4.979100737E-2
1.366507502E2,1.825617671E-2,3.867596939E-2,-3.119489551E-3,4.288181213E-2
1.366607382E2,2.449690998E-2,6.323939145E-2,-1.329422951E-2,6.910901365E-2
1.366707262E2,4.694729447E-3,8.652826667E-2,-2.176801443E-2,8.934779163E-2
1.366807142E2,2.842682362E-2,7.223664835E-2,-1.151726067E-2,7.847843627E-2
1.366907022E2,3.259530365E-2,6.838859573E-2,-1.788780212E-2,7.784232339E-2
1.367006912E2,2.707143903E-2,7.883917809E-2,-1.621900678E-2,8.492075714E-2
1.367106792E2,2.575406134E-2,7.774297133E-2,-3.159367561E-2,8.778041698E-2
1.367206672E2,3.095457494E-2,6.069541410E-2,-3.743095100E-2,7.773799004E-2
1.367306552E2,2.957697093E-2,6.861122847E-2,-2.157564104E-2,7.776764216E-2
1.367406442E2,1.800708532E-2,4.241526380E-2,-1.951449752E-2,5.004123638E-2
1.367506322E2,5.386279643E-2,3.623139471E-2,-2.942026556E-2,7.127037833E-2
1.367606202E2,6.377207279E-2,2.575449988E-2,-3.403664231E-2,7.673763452E-2
1.367706082E2,1.006972396E-1,1.313196927E-2,-3.512773275E-2,1.074538985E-1
1.367805962E2,1.004019552E-1,-2.693227530E-3,-1.804743111E-2,1.020466357E-1
1.367905852E2,7.492856026E-2,2.907820344E-3,-2.560144901E-2,7.923495916E-2
1.368005732E2,6.003219366E-2,7.165762782E-4,-1.736623049E-2,6.249770971E-2
1.368105612E2,5.445745826E-2,-3.425883651E-3,-7.071622610E-3,5.502144387E-2
1.368205492E2,4.543929756E-2,-1.234449551E-2,-7.550509572E-3,4.768780270E-2
1.368305382E2,4.473763168E-2,-3.737978786E-2,-1.840937376E-2,6.113598998E-2
1.368405262E2,6.998532414E-3,-3.589050204E-2,-3.508680224E-2,5.067732515E-2
1.368505142E2,1.660433829E-2,-4.942607537E-2,-3.197666824E-2,6.116492694E-2
1.368605022E2,1.082904339E-3,-4.762367114E-2,-2.474834025E-2,5.368116132E-2
1.368704902E2,1.795855343E-2,-4.034710363E-2,7.524197102E-3,4.479968699E-2
1.368804792E2,-1.224406958E-3,-4.857092008E-2,1.686103106E-2,5.142886172E-2
1.368904672E2,-2.392095923E-3,-5.524244696E-2,2.545819223E-2,6.087339009E-2
1.369004552E2,-1.507236779E-2,-3.711607844E-2,1.846550703E-2,4.411070731E-2
1.369104432E2,3.894245625E-4,-3.772915900E-2,2.553537548E-2,4.555981223E-2
1.369204322E2,-1.558399916E-2,-2.869521081E-2,2.319005728E-2,4.005065430E-2
1.369304202E2,-1.913735211E-2,-6.808059365E-3,2.583299875E-3,2.047587254E-2
1.369404082E2,-1.818542540E-2,-5.315119028E-3,5.906272531E-3,1.984550938E-2
1.369503962E2,-2.736906230E-2,8.355086446E-3,4.383072853E-3,2.894968685E-2
1.369603842E2,-2.140080929E-2,-2.062020600E-3,-5.097017884E-3,2.209584030E-2
1.369703732E2,-3.204274178E-2,1.369549468E-2,1.527760506E-2,3.804877253E-2
1.369803612E2,-2.277432024E-2,8.689108640E-3,2.245038450E-2,3.313895043E-2
1.369903492E2,3.023010492E-4,1.234244898E-2,1.757789969E-2,2.148045601E-2
1.370003372E2,-1.218091965E-2,3.299642265E-2,6.500934362E-3,3.576871340E-2
1.370103262E2,-1.490045965E-2,2.132377222E-2,-6.465851068E-3,2.680548805E-2
1.370203142E2,-5.142626166E-3,1.986445338E-2,9.090081453E-3,2.244265342E-2
1.370303022E2,-6.075841784E-3,2.393864706E-2,-2.140080929E-3,2.479021224E-2
1.370402902E2,-1.292819381E-3,2.730678946E-2,1.775565505E-2,3.259747565E-2
1.370502782E2,1.038407028E-2,1.778971508E-2,4.263204932E-3,2.103515616E-2
1.370602672E2,1.064368665E-2,1.671192706E-2,1.555359364E-3,1.987449909E-2
1.370702552E2,1.509224832E-2,-1.896836758E-3,-7.027183771E-3,1.675575307E-2
1.370802432E2,3.563644052E-2,-7.777089179E-3,-1.477123618E-2,3.935261652E-2
1.370902312E2,1.823805034E-2,1.313869357E-3,-1.015661359E-3,1.831350051E-2
1.371002202E2,7.361644506E-3,2.433026433E-3,-1.566118240E-2,1.747529862E-2
1.371102082E2,-1.109918475E-2,2.232145339E-2,-2.411567152E-2,3.468435953E-2
1.371201962E2,-2.440569341E-2,1.162923485E-2,-1.724870145E-2,3.206859330E-2
1.371301842E2,-8.145171404E-3,1.662348792E-2,-4.872484803E-3,1.914223801E-2
1.371401722E2,-4.570183754E-3,4.424588084E-3,-5.842537880E-3,8.637060156E-3
1.371501612E2,-1.901222169E-2,1.950938120E-2,3.269178271E-3,2.743661888E-2
1.371601492E2,9.630364180E-4,6.945615113E-3,5.851308703E-3,9.132733544E-3
1.371701372E2,2.254510939E-2,1.284925640E-2,-1.737792492E-3,2.600779249E-2
1.371801252E2,1.577344894E-2,5.830843449E-3,-1.172659099E-2,2.050154539E-2
1.371901142E2,1.103428066E-2,-2.183935046E-4,-5.835521221E-4,1.105185860E-2
1.372001022E2,1.428123951E-2,4.686981887E-3,-3.688715994E-2,3.983194911E-2
1.372100902E2,2.707494736E-2,1.397279888E-2,-3.008217037E-2,4.281622189E-2
1.372200782E2,2.772106469E-2,2.011120588E-2,-4.336295128E-2,5.525634419E-2
1.372300662E2,3.197725296E-2,3.255481169E-2,-3.617847741E-2,5.823437729E-2
1.372400552E2,2.330700159E-2,1.448545352E-2,-3.254033983E-2,4.256663485E-2
1.372500432E2,3.065870583E-2,1.365602598E-2,-2.381044686E-2,4.115070678E-2
1.372600312E2,2.672762275E-2,1.341029674E-2,-2.652998686E-2,3.997551850E-2
1.372700192E2,2.593474030E-2,1.890287876E-2,-2.773802161E-2,4.241847974E-2
1.372800082E2,2.611717343E-2,3.946826711E-2,-2.789180338E-2,5.493453880E-2
1.372899962E2,2.870865941E-2,2.864843309E-2,-2.860516369E-2,4.963038619E-2
1.372999842E2,3.326773345E-2,1.180582076E-2,-1.807725191E-2,3.965988565E-2
1.373099722E2,4.618832588E-2,7.042971253E-3,-1.682653248E-2,4.965981360E-2
1.373199602E2,5.163383782E-2,-9.990260303E-3,-2.400048137E-2,5.780900981E-2
1.373299492E2,4.274782419E-2,-4.924525023E-3,-1.265512884E-2,4.485286731E-2
1.373399372E2,4.035748243E-2,-3.825540841E-3,-3.322154045E-2,5.241213505E-2
1.373499252E2,4.115036488E-2,-7.313112617E-3,1.430228949E-3,4.181960904E-2
1.373599132E2,3.749000788E-2,1.076472402E-3,9.381272793E-3,3.866093329E-2
1.373699022E2,2.560612679E-2,2.181596160E-3,-1.657159388E-2,3.057860060E-2
1.373798902E2,3.456640005E-2,2.327498809E-2,-9.040380120E-3,4.264140659E-2
1.373898782E2,1.740540683E-2,1.667318925E-2,-1.750305533E-2,2.978758756E-2
1.373998662E2,8.056293726E-3,1.649338737E-2,-3.122705519E-2,3.622243326E-2
1.374098542E2,2.541082978E-2,3.949399486E-2,-3.257659256E-2,5.715522971E-2
1.374198432E2,1.633478165E-2,5.819192871E-2,-3.531250477E-2,7.000070465E-2
1.374298312E2,2.300762415E-2,4.859065443E-2,-6.602091193E-3,5.416631864E-2
1.374398192E2,4.793547392E-3,3.314260304E-2,-2.411859512E-2,4.126883647E-2
1.374498072E2,2.523658276E-3,3.016797826E-2,-9.385365844E-3,3.169480802E-2
1.374597962E2,-1.911045492E-2,3.437782735E-2,4.978319407E-3,3.964628815E-2
1.374697842E2,-8.012439609E-3,1.753389940E-2,3.806537390E-4,1.928164189E-2
1.374797722E2,2.801401019E-3,2.146205887E-2,-8.276149035E-3,2.317245049E-2
1.374897602E2,1.836025715E-4,2.973309159E-2,-1.067818522E-2,3.159294360E-2
1.374997492E2,-8.480216861E-3,2.385795549E-2,-1.462680995E-2,2.924140365E-2
1.375097372E2,6.633081436E-3,2.356807977E-2,-2.142829120E-2,3.253649977E-2
1.375197252E2,2.500327885E-2,2.335246369E-2,-1.560972691E-2,3.760538642E-2
1.375297132E2,9.749062657E-3,2.054199949E-2,-7.341763973E-3,2.389392107E-2
1.375397012E2,6.545373201E-3,2.847170100E-2,-5.729101896E-3,2.977082929E-2
1.375496902E2,3.344022632E-3,3.133245125E-2,-1.294105768E-2,3.406429161E-2
1.375596782E2,-2.840577364E-3,1.308826134E-2,-9.083649516E-3,1.618283514E-2
1.375696662E2,-2.075176835E-3,1.780652583E-2,-1.199965596E-2,2.157244687E-2
1.375796542E2,7.675639987E-3,2.463285774E-2,-3.613579273E-4,2.580356001E-2
1.375896432E2,2.407298684E-2,1.612428188E-2,-7.045894861E-3,2.981854785E-2
1.375996312E2,3.271458685E-2,2.998598367E-3,-2.107979715E-2,3.903323754E-2
1.376096192E2,4.584743321E-2,5.723985583E-3,-3.661526442E-2,5.895276695E-2
1.376196072E2,4.871198416E-2,6.326687336E-3,-8.679606915E-3,4.988206040E-2
1.376295952E2,5.599059820E-2,8.951502442E-3,-1.865203321E-2,5.969065945E-2
1.376395842E2,4.411314905E-2,-4.290102124E-3,1.869354844E-3,4.436067383E-2
1.376495722E2,2.310001016E-2,6.810544431E-4,-5.758922696E-3,2.381679019E-2
1.376595602E2,2.815375865E-2,-5.499160141E-3,-1.686453938E-2,3.327593089E-2
1.376695482E2,1.110561669E-2,3.935322315E-3,-1.501331091E-2,1.908457461E-2
1.376795372E2,-9.163756371E-3,1.300771594E-2,-1.315798938E-2,2.064722232E-2
1.376895252E2,-1.617749155E-2,1.757029831E-2,-1.529748559E-2,2.836264587E-2
1.376995132E2,-2.184636712E-2,2.843807951E-2,-1.713234186E-3,3.590157787E-2
1.377095012E2,1.738318741E-2,3.960319161E-3,-8.857362270E-3,1.990759149E-2
1.377194892E2,-4.743261337E-3,4.814012647E-3,-4.364361763E-3,8.044930048E-3
1.377294782E2,-2.646449804E-3,1.649791896E-3,1.329130590E-2,1.365226437E-2
1.377394662E2,-1.224991679E-3,-3.166998178E-3,1.236452222E-2,1.282232006E-2
1.377494542E2,-8.414143324E-3,-9.867322594E-3,-5.965914130E-3,1.427424234E-2
1.377594422E2,-1.868887067E-2,5.352833569E-3,1.050744653E-3,1.946871281E-2
1.377694312E2,7.828837037E-3,2.563682467E-2,-1.473498344E-4,2.680595420E-2
1.377794192E2,1.945017815E-2,3.158870548E-2,-4.984166622E-3,3.742990330E-2
1.377894072E2,6.566423178E-4,2.914310753E-2,-1.249549985E-2,3.171575968E-2
1.377993952E2,1.701422811E-2,2.808768511E-2,-7.780305147E-3,3.374811344E-2
1.378093832E2,1.523608983E-2,3.345572144E-2,-1.532438278E-2,3.982788518E-2
1.378193722E2,-7.687919140E-3,2.650718272E-2,-1.593366265E-3,2.764549968E-2
1.378293602E2,1.174881041E-2,9.457871318E-5,-1.345912099E-2,1.786592928E-2
1.378393482E2,8.889521956E-3,4.933588207E-4,-1.473498344E-2,1.721588629E-2
1.378493362E2,2.917175889E-3,6.125543118E-3,-1.775390089E-2,1.900613560E-2
1.378593252E2,2.283922434E-2,2.427720085E-2,-2.883378983E-2,4.407266823E-2
1.378693132E2,1.686687827E-2,2.453827903E-2,-4.271391034E-3,3.008094915E-2
1.378793012E2,2.433552682E-2,2.941076383E-2,-2.029276192E-2,4.323201454E-2
1.378892889E2,1.700136423E-2,2.328068912E-2,-2.287255347E-2,3.679932844E-2
1.378992769E2,-1.827254891E-3,2.392885298E-2,-2.288541734E-2,3.316129057E-2
1.379092659E2,-5.892239213E-3,1.130939215E-2,-1.172776043E-2,1.732516085E-2
1.379192539E2,-1.983550966E-2,1.377852514E-2,-1.973903060E-2,3.119173813E-2
1.379292419E2,-1.538051605E-2,1.825763851E-2,-1.440110743E-2,2.787998446E-2
1.379392299E2,1.686921716E-3,1.208444059E-2,4.487738013E-3,1.300073851E-2
1.379492189E2,1.430813670E-3,1.431939259E-2,1.847720146E-4,1.439188565E-2
1.379592069E2,1.353045702E-3,2.755310342E-2,2.579791546E-3,2.770667005E-2
1.379691949E2,2.083421409E-2,1.829623014E-2,-2.481558323E-3,2.783836643E-2
1.379791829E2,3.239357471E-2,4.724988788E-3,-1.012679279E-2,3.426691019E-2
1.379891709E2,6.847089529E-3,-2.674370259E-3,-5.501060486E-3,9.181315688E-3
1.379991599E2,5.965914130E-3,1.704390272E-2,-7.580330372E-3,1.958438562E-2
1.380091479E2,8.934545517E-3,-7.567905039E-3,-2.056290329E-2,2.366288828E-2
1.380191359E2,1.227389038E-2,2.610197067E-3,-3.122413158E-2,3.365126902E-2
1.380291239E2,-4.260866046E-3,1.351715460E-2,-2.571313083E-2,2.936040778E-2
1.380391129E2,4.050366282E-3,2.729597211E-2,-7.470987439E-3,2.858830554E-2
1.380491009E2,1.554716170E-2,1.010033414E-2,-1.980451941E-3,1.864545994E-2
1.380590889E2,1.969342232E-2,1.505102545E-2,2.808417678E-3,2.494496862E-2
1.380690769E2,1.496419430E-2,-5.152858794E-3,-2.066230595E-2,2.602710034E-2
1.380790649E2,2.265035927E-2,1.537773862E-2,-2.253049135E-2,3.545612304E-2
1.380890539E2,3.923189342E-2,2.147974670E-3,-9.647905827E-4,3.930249454E-2
1.380990419E2,3.670180321E-2,1.395306453E-2,-5.694603324E-3,3.967541903E-2
1.381090299E2,2.177620053E-2,1.355808511E-2,-2.528394520E-2,3.601808527E-2
1.381190179E2,3.614047050E-2,2.483546376E-2,-3.320165992E-2,5.500258257E-2
1.381290069E2,1.559276998E-2,3.370305866E-2,-2.249774694E-2,4.341865102E-2
1.381389949E2,2.284624100E-2,5.025535673E-2,-2.930390596E-2,6.250016410E-2
1.381489829E2,1.078928232E-2,6.825542539E-2,-4.203504860E-2,8.088360167E-2
1.381589709E2,3.087739170E-2,9.272836179E-2,-3.066747665E-2,1.024326926E-1
1.381689599E2,4.462244153E-2,7.156568035E-2,-2.078100443E-3,8.436306890E-2
1.381789479E2,6.381592691E-2,3.933582768E-2,1.048873544E-2,7.569539905E-2
1.381889359E2,6.163082242E-2,1.548021108E-2,5.426216125E-4,6.354753847E-2
1.381989239E2,3.644803405E-2,3.397963196E-3,9.121656418E-4,3.661744647E-2
1.382089119E2,2.577452660E-2,2.813095450E-3,-1.001043320E-3,2.594690377E-2
1.382189009E2,5.837860107E-3,3.147351533E-2,-2.004893303E-2,3.777065652E-2
1.382288889E2,8.959688544E-3,3.623665720E-2,-4.848511219E-3,3.764145859E-2
1.382388769E2,-3.409511447E-3,4.025062457E-2,-4.075509310E-3,4.059984387E-2
1.382488649E2,-9.760172367E-3,2.317339271E-2,1.651019812E-2,3.008078683E-2
1.382588529E2,1.867600679E-3,-1.894497871E-4,2.237787902E-2,2.245647553E-2
1.382688419E2,-9.911615252E-3,-3.009766549E-2,2.904838264E-2,4.298741815E-2
1.382788299E2,-1.957706273E-2,-5.691504300E-2,-8.538104296E-3,6.079048223E-2
1.382888179E2,-9.208195210E-3,-4.980512112E-2,-9.445592165E-3,5.152242386E-2
1.382988059E2,-2.745969415E-2,-4.314616576E-2,-3.319347382E-2,6.097075632E-2
1.383087949E2,-4.781326711E-2,-5.970825791E-2,-1.446718097E-2,7.784910982E-2
1.383187829E2,-8.952087164E-4,-4.344817445E-2,-6.929535270E-3,4.400640545E-2
1.383287709E2,-1.424264789E-2,-5.229705825E-2,2.445305586E-3,5.425693357E-2
1.383387589E2,-6.567007899E-3,-6.035247490E-2,2.847360134E-2,6.705440174E-2
1.383487479E2,2.397358418E-4,-4.153949708E-2,1.348367929E-2,4.367375525E-2
1.383587359E2,-2.336021125E-2,-3.741604060E-2,1.074250460E-2,4.539890934E-2
1.383687239E2,-2.758774817E-2,-3.163650647E-2,5.527372956E-3,4.233797636E-2
1.383787119E2,-9.484768510E-3,-2.849041209E-2,2.889693975E-3,3.016645067E-2
1.383886999E2,-7.331238985E-3,-1.248146653E-2,1.138277471E-2,1.841471238E-2
1.383986889E2,9.426881075E-3,-7.376262546E-4,-1.422393680E-2,1.708012170E-2
1.384086769E2,2.256206632E-2,2.242772654E-2,-2.670306444E-2,4.153436414E-2
1.384186649E2,4.582696795E-2,3.248479128E-2,-1.495191514E-2,5.812858525E-2
1.384286529E2,6.075900257E-2,4.123383388E-2,-2.541901588E-2,7.770464476E-2
1.384386419E2,7.631318092E-2,3.309611768E-2,-1.935136020E-2,8.540216467E-2
1.384486299E2,7.252418518E-2,4.148716450E-2,-3.117033720E-2,8.917697110E-2
1.384586179E2,5.136895895E-2,4.691221118E-2,-3.074349046E-2,7.605713449E-2
1.384686059E2,1.618918598E-2,5.631833464E-2,-2.782222152E-2,6.486848672E-2
1.384785939E2,-1.102667928E-2,3.646309063E-2,-2.594935834E-2,4.609244876E-2
1.384885829E2,1.098048627E-2,5.245010912E-2,-1.891223431E-2,5.682655746E-2
1.384985709E2,3.391092718E-2,2.532619134E-2,-1.020748436E-2,4.353802575E-2
1.385085589E2,2.729714155E-2,-4.496216476E-3,-6.850597858E-3,2.850053667E-2
1.385185469E2,1.166402578E-2,1.845147371E-2,-2.428757966E-2,3.265567187E-2
1.385285359E2,-5.099941492E-3,3.378725857E-2,-2.433143377E-2,4.194766876E-2
1.385385239E2,-4.508203268E-3,5.683362052E-2,-2.323098779E-2,6.156348846E-2
1.385485119E2,1.165700912E-2,4.438533694E-2,-7.176872492E-3,4.644837452E-2
1.385584999E2,6.164134741E-3,1.937869594E-2,-1.371990681E-2,2.453092448E-2
1.385684879E2,3.651001453E-3,2.560364172E-2,-1.367956102E-2,2.925759167E-2
1.385784769E2,-2.707494736E-2,1.908735842E-2,-1.052264929E-2,3.475782176E-2
1.385884649E2,-1.598102510E-2,-2.019087419E-2,-2.955884457E-2,3.920191138E-2
1.385984529E2,7.073961496E-3,-2.334427759E-2,-5.950126648E-3,2.510777239E-2
1.386084409E2,2.245096922E-2,1.130544528E-2,-9.870100021E-3,2.700514741E-2
1.386184299E2,1.811116576E-2,1.484885797E-2,-1.511973023E-2,2.787667754E-2
1.386284179E2,4.213386655E-2,2.206373736E-2,-2.305557132E-2,5.285480665E-2
1.386384059E2,3.064174891E-2,8.820963353E-3,-3.344607353E-4,3.188789793E-2
1.386483939E2,2.410807014E-3,1.394619405E-2,2.696151137E-2,3.045047478E-2
1.386583829E2,-1.085652530E-2,7.052326798E-3,3.497804403E-2,3.729695724E-2
1.386683709E2,-1.639910102E-2,-7.570682466E-3,2.108389020E-2,2.776285600E-2
1.386783589E2,-7.482097149E-3,-1.428854853E-2,-7.739374638E-3,1.788972657E-2
1.386883469E2,-8.729308248E-3,-4.258819520E-3,-7.090333700E-3,1.202543962E-2
1.386983349E2,1.620029569E-2,-1.121700615E-2,-1.041096747E-2,2.228584867E-2
1.387083239E2,6.597413421E-3,-3.693072170E-2,-1.879236639E-2,4.195899312E-2
1.387183119E2,5.461884141E-3,-3.836665168E-2,-1.761766076E-2,4.257010818E-2
1.387282999E2,1.687331021E-2,-3.224096239E-2,-2.306434214E-2,4.308308405E-2
1.387382879E2,2.605168462E-2,-1.359653056E-2,1.701539755E-4,2.938681451E-2
1.387482769E2,1.298140347E-2,-2.601353154E-2,7.175703049E-3,2.994513939E-2
1.387582649E2,1.685167551E-2,-2.744054452E-2,7.407837510E-3,3.304297970E-2
1.387682529E2,1.497530401E-2,1.147896141E-2,-1.462973356E-3,1.892528933E-2
1.387782409E2,9.284209013E-3,2.388529122E-2,-1.601201534E-2,3.021735112E-2
1.387882289E2,5.681739450E-3,2.274903104E-2,-2.461970150E-2,3.399897467E-2
1.387982179E2,3.024764657E-2,4.515760794E-2,-1.508757055E-2,5.640713132E-2
1.388082059E2,1.020163715E-2,4.009962022E-2,-1.286621332E-2,4.333119417E-2
1.388181939E2,1.817606986E-2,3.839267179E-2,-6.500349641E-3,4.297233189E-2
1.388281819E2,2.887296617E-2,2.413891420E-2,-2.196448088E-2,4.357492139E-2
1.388381709E2,2.289535761E-2,8.048692346E-3,-3.814372659E-2,4.520976362E-2
1.388481589E2,3.020320773E-2,1.746694878E-2,-4.166959763E-2,5.434780054E-2
1.388581469E2,3.208016396E-2,1.112096563E-2,-3.215149999E-2,4.676036513E-2
1.388681349E2,5.010362148E-2,2.628805831E-2,-2.240828454E-2,6.085693150E-2
1.388781229E2,3.489910662E-2,5.122774869E-2,-9.812212586E-3,6.275754453E-2
1.388881125E2,3.289468110E-2,3.437987387E-2,-2.894371748E-3,4.766983490E-2
1.388981005E2,1.833452940E-2,2.693534508E-2,8.343392015E-3,3.363450570E-2
1.389080885E2,9.215211868E-4,3.212738022E-2,1.642541349E-2,3.609448669E-2
1.389180765E2,-2.089151680E-2,4.790097535E-2,3.062186837E-3,5.234821775E-2
1.389280655E2,-3.165974915E-2,3.832396701E-2,1.403390229E-2,5.165284675E-2
1.389380535E2,-1.617105961E-2,2.423963249E-2,-1.054837704E-3,2.915777143E-2
1.389480415E2,-1.419762433E-2,1.547918782E-2,-1.103720427E-2,2.372757194E-2
1.389580295E2,-2.301347136E-2,5.367305428E-3,-1.004960954E-2,2.567922280E-2
1.389680175E2,-1.279429257E-2,1.419952467E-2,-1.639851630E-2,2.518395839E-2
1.389780065E2,8.459751606E-3,6.624018252E-3,-1.739546657E-3,1.088444016E-2
1.389879945E2,-9.239770174E-3,8.491034210E-3,-2.252698302E-2,2.578635257E-2
1.389979825E2,-3.048913658E-2,7.444382608E-3,-2.300703943E-2,3.891439509E-2
1.390079705E2,-1.871693730E-2,7.417485416E-3,-1.424557149E-2,2.466331566E-2
1.390179595E2,-5.630868673E-4,2.690450102E-2,7.702537179E-3,2.799104001E-2
1.390279475E2,9.911615252E-3,3.676334515E-2,1.406430781E-2,4.059049664E-2
1.390379355E2,2.864200115E-2,1.479959518E-2,2.469396114E-2,4.061014608E-2
1.390479235E2,1.696861982E-2,1.645903498E-2,-1.078811288E-3,2.366427106E-2
1.390579125E2,1.030864120E-3,1.861139506E-2,-4.912421286E-2,5.254174527E-2
1.390679005E2,-1.117929161E-2,2.092630774E-2,-2.575347662E-2,3.501611735E-2
1.390778885E2,-1.134944558E-2,9.583878815E-3,-2.650484383E-2,3.038366987E-2
1.390878765E2,2.135110795E-2,1.439730674E-3,-9.198839664E-3,2.329294499E-2
1.390978645E2,3.411850333E-2,1.479594067E-2,-3.081482649E-4,3.718987880E-2
1.391078535E2,3.976866782E-2,2.290939093E-3,2.814264894E-3,3.993388822E-2
1.391178415E2,4.906457126E-2,-6.724298000E-3,-2.151892304E-2,5.399641086E-2
1.391278295E2,4.220052481E-2,2.445597947E-4,-3.266020775E-2,5.336322023E-2
1.391378175E2,4.362607598E-2,1.122416899E-2,-2.929513514E-2,5.373473195E-2
1.391478065E2,4.229115665E-2,6.996778250E-3,-3.125219822E-2,5.304900310E-2
1.391577945E2,4.599010527E-2,1.610527843E-2,-2.519682169E-2,5.485753913E-2
1.391677825E2,3.719238460E-2,9.609460384E-3,-9.629194736E-3,3.960222964E-2
1.391777705E2,5.798215985E-2,1.744092867E-2,-3.691931963E-3,6.066092000E-2
1.391877585E2,5.844759822E-2,1.571614623E-2,-7.093257308E-3,6.093794622E-2
1.391977475E2,5.661098778E-2,4.063230157E-3,-2.198670030E-2,6.086648312E-2
1.392077355E2,3.910500884E-2,5.843122602E-3,-2.076229334E-2,4.465889187E-2
1.392177235E2,2.557045877E-2,5.442295969E-4,-2.155634522E-2,3.344877527E-2
1.392277115E2,2.823152661E-2,-8.694517314E-3,-2.690888643E-2,3.995875242E-2
1.392377005E2,1.726916671E-2,6.809959710E-3,-3.300051570E-2,3.786335572E-2
1.392476885E2,2.442791283E-2,1.595588207E-2,-2.093712509E-2,3.591206350E-2
1.392576765E2,7.339425087E-3,4.477841601E-2,-2.667265892E-2,5.263463151E-2
1.392676645E2,1.512791634E-2,3.596023008E-2,-2.600666106E-2,4.688644175E-2
1.392776525E2,3.518795907E-2,2.669838667E-2,-2.919456303E-2,5.294637688E-2
1.392876415E2,3.730465114E-2,1.199351639E-2,-1.549395204E-2,4.213720425E-2
1.392976295E2,7.095596194E-3,1.599096537E-2,-1.167922854E-2,2.103480064E-2
1.393076175E2,9.657846093E-3,2.117525294E-2,-6.811421514E-3,2.424996477E-2
1.393176055E2,-2.049741447E-2,4.218502969E-2,-1.232943892E-2,4.849469861E-2
1.393275945E2,-3.735376775E-2,3.159981519E-2,2.227204442E-3,4.897767578E-2
1.393375825E2,-3.169015467E-2,2.980998248E-2,8.010685444E-3,4.423880694E-2
1.393475705E2,-1.654762030E-2,2.565889791E-2,2.334793210E-2,3.843603404E-2
1.393575585E2,-5.089065671E-2,7.000286579E-3,2.636626482E-2,5.774117139E-2
1.393675465E2,-5.609526336E-2,-1.062687591E-2,8.130553365E-3,5.766901214E-2
1.393775355E2,-4.472769141E-2,-1.200228721E-2,-3.201350570E-3,4.642057650E-2
1.393875235E2,-2.043192565E-2,-2.231151313E-3,-2.156043828E-2,2.978748262E-2
1.393975115E2,7.354627848E-3,2.273689806E-3,2.095057368E-3,7.978062515E-3
1.394074995E2,1.962442517E-2,2.648057789E-3,-1.858479023E-2,2.715740601E-2
1.394174885E2,3.928861141E-2,2.392622173E-2,-3.258711755E-2,5.637356919E-2
1.394274765E2,4.213094294E-2,4.752880007E-2,-2.620605111E-2,6.870778925E-2
1.394374645E2,3.275493264E-2,4.517207980E-2,-2.470448613E-2,6.102224218E-2
1.394474525E2,3.886351883E-2,5.906433329E-2,-2.764271200E-2,7.591500570E-2
1.394574415E2,-7.662191391E-3,6.735758543E-2,-6.348322034E-3,6.808857969E-2
1.394674295E2,1.102492511E-2,5.162682116E-2,-6.779261827E-3,5.322439317E-2
1.394774175E2,1.725805700E-2,4.273773775E-2,-5.030944347E-3,4.636448166E-2
1.394874055E2,3.226552069E-2,2.394624844E-2,3.225908875E-3,4.030996314E-2
1.394973935E2,4.553343773E-2,5.729540437E-3,3.691347241E-3,4.604071708E-2
1.395073825E2,4.211690962E-2,-9.320900291E-3,-1.565942824E-2,4.589042331E-2
1.395173705E2,4.812726259E-2,-3.755578905E-2,-3.519731462E-2,7.046645764E-2
1.395273585E2,4.394767284E-2,-3.600291476E-2,-2.909340620E-2,6.382816074E-2
1.395373465E2,3.453950286E-2,-4.710619256E-2,-1.729430974E-2,6.091850117E-2
1.395473355E2,1.449758649E-2,-3.984424308E-2,-6.022632122E-4,4.240408520E-2
1.395573235E2,-9.866006970E-3,-4.887775272E-2,-3.265085220E-3,4.997032706E-2
1.395673115E2,-1.664234519E-2,-5.163953885E-2,4.300627112E-3,5.442522412E-2
1.395772995E2,-2.204809606E-2,-3.868795618E-2,-3.484940529E-4,4.453086505E-2
1.395872875E2,-1.732588470E-2,-3.061265901E-2,1.156579256E-2,3.702821532E-2
1.395972765E2,-2.159493685E-2,-4.607664406E-2,4.583047628E-3,5.109210067E-2
1.396072645E2,-2.464601398E-2,-4.868391752E-2,-4.326939583E-4,5.456864534E-2
1.396172525E2,-5.154671431E-2,-6.008540332E-2,-2.523482859E-2,8.309101048E-2
1.396272405E2,-4.238412738E-2,-9.088268816E-2,-4.387048960E-2,1.094563708E-1
1.396372295E2,-6.262484908E-2,-6.848609805E-2,-6.577298999E-2,1.137466640E-1
1.396472175E2,-5.477145374E-2,-4.439410776E-2,-5.584675670E-2,8.994225471E-2
1.396572055E2,-4.225314975E-2,2.316988438E-2,-2.844494998E-2,5.595790727E-2
1.396671935E2,-3.857115805E-2,7.815797746E-2,1.628800392E-2,8.866624355E-2
1.396771825E2,2.697320580E-3,1.193200368E-1,4.950252771E-2,1.292093145E-1
1.396871705E2,2.583592236E-2,1.174853267E-1,9.866299331E-2,1.555785432E-1
1.396971585E2,3.345075130E-2,1.209369381E-1,1.030852425E-1,1.623923119E-1
1.397071465E2,8.311407745E-2,1.246294548E-1,6.068357348E-2,1.616259477E-1
1.397171345E2,6.565487623E-2,1.323452944E-1,2.634755373E-3,1.477592016E-1
1.397271235E2,9.011787236E-2,1.382248159E-1,-6.558061659E-2,1.775616736E-1
1.397371115E2,1.057223368E-1,1.306566185E-1,-9.482488096E-2,1.929769999E-1
1.397470995E2,1.101311374E-1,1.450669353E-1,-1.037869084E-1,2.096306406E-1
1.397570875E2,1.043207592E-1,1.387547198E-1,-8.927821219E-2,1.952083303E-1
1.397670765E2,8.476416171E-2,1.257610372E-1,-5.700567484E-2,1.620199017E-1
1.397770645E2,6.918600976E-2,9.567082688E-2,-1.923675478E-2,1.196230070E-1
1.397870525E2,8.332983971E-2,5.612333000E-2,1.419937849E-2,1.014658204E-1
1.397970405E2,6.204129696E-2,2.008606285E-2,1.626286089E-2,6.720902539E-2
1.398070285E2,4.191284180E-2,7.770218700E-3,2.364029288E-3,4.269251973E-2
1.398170175E2,2.925595880E-2,-1.588527694E-2,-2.412210345E-2,4.111117882E-2
1.398270055E2,1.654586613E-2,-6.346114710E-2,-3.922136843E-2,7.641595788E-2
1.398369935E2,5.190573335E-3,-6.013963625E-2,-7.045777917E-2,9.277939720E-2
1.398469815E2,-2.480564296E-2,-8.851558909E-2,-6.442520678E-2,1.122538939E-1
1.398569705E2,-3.634219944E-2,-1.031060001E-1,-3.271809518E-2,1.141143132E-1
1.398669585E2,-5.387156725E-2,-1.271985751E-1,-7.236514091E-3,1.383256679E-1
1.398769465E2,-3.581653476E-2,-1.668412355E-1,1.439233661E-2,1.712482449E-1
1.398869343E2,-9.922140241E-3,-1.685338582E-1,1.507879972E-2,1.694977299E-1
1.398969233E2,-7.530044317E-3,-1.725009017E-1,-9.049735665E-3,1.729021699E-1
1.399069113E2,-1.693119764E-2,-1.531477873E-1,-2.134409130E-2,1.555521792E-1
1.399168993E2,-1.114596248E-2,-1.251982427E-1,-1.884908438E-2,1.270988608E-1
1.399268873E2,-2.289769650E-2,-1.095446616E-1,-1.754223168E-2,1.132787151E-1
1.399368753E2,-4.553636134E-2,-7.719172508E-2,-1.859940827E-2,9.153174647E-2
1.399468643E2,-4.001892865E-2,-5.250887364E-2,-1.709550440E-2,6.819789390E-2
1.399568523E2,-5.078306794E-2,-1.923076138E-2,-1.605002224E-2,5.662460054E-2
1.399668403E2,-1.888475239E-2,-8.162274510E-3,-2.754857183E-2,3.438285049E-2
1.399768283E2,1.568807960E-3,2.031848967E-2,-4.301387250E-2,4.759722060E-2
1.399868173E2,4.018206596E-3,3.915646434E-2,-3.888924658E-2,5.533306591E-2
1.399968053E2,-1.281768143E-2,8.982171088E-2,6.332534552E-4,9.073386200E-2
1.400067933E2,-1.939287543E-2,1.254982048E-1,4.341966927E-2,1.342056285E-1
1.400167813E2,3.492541909E-3,9.855642781E-2,6.892580867E-2,1.203176397E-1
1.400267693E2,3.847409427E-2,9.430564821E-2,3.718653738E-2,1.084280857E-1
1.400367583E2,5.052462101E-2,1.038041577E-1,1.351642370E-2,1.162356838E-1
1.400467463E2,6.900006831E-2,1.015113182E-1,-1.039459527E-2,1.231811867E-1
1.400567343E2,5.432881951E-2,1.170869851E-1,-9.208195210E-3,1.294054619E-1
1.400667223E2,3.637552857E-2,1.174255389E-1,-3.486226916E-2,1.277783787E-1
1.400767113E2,4.314835846E-2,1.106477389E-1,-3.649948955E-2,1.242453850E-1
1.400866993E2,1.942211151E-2,1.174924895E-1,-3.341976106E-2,1.236874445E-1
1.400966873E2,2.563477814E-2,9.591597140E-2,-1.900228143E-2,1.010846285E-1
1.401066753E2,4.803721547E-2,6.928804368E-2,-1.424849510E-2,8.550688089E-2
1.401166633E2,3.459388196E-2,5.937701315E-2,-2.150138140E-2,7.200469264E-2
1.401266523E2,3.755198836E-2,3.108818382E-2,5.802192092E-3,4.909472921E-2
1.401366403E2,4.130414665E-2,1.341088146E-2,6.423751116E-3,4.389930353E-2
1.401466283E2,4.760802984E-2,-1.333881453E-2,1.221775711E-2,5.092859773E-2
1.401566163E2,3.484706640E-2,-2.425541997E-2,1.201719761E-2,4.412546287E-2
1.401666053E2,1.845615149E-2,-1.880026013E-2,-2.369174838E-2,3.543131736E-2
1.401765933E2,7.897249460E-3,-1.694976255E-2,-3.721051097E-2,4.164472507E-2
1.401865813E2,-1.612895966E-2,-1.606814861E-2,-5.927965701E-2,6.350123207E-2
1.401965693E2,-2.022844255E-2,-1.639120728E-2,-3.252513707E-2,4.166228637E-2
1.402065583E2,-3.916523516E-2,-1.903546438E-2,-1.254578590E-2,4.531733987E-2
1.402165463E2,-4.102874279E-2,-5.367773205E-2,1.275043845E-2,6.875485680E-2
1.402265343E2,-4.543345034E-2,-7.299780965E-2,3.809811831E-2,9.404437911E-2
1.402365223E2,-2.705448210E-2,-7.557555467E-2,1.486946940E-3,8.028586723E-2
1.402465103E2,-4.849622190E-2,-4.705619887E-2,-2.775673270E-2,7.305207458E-2
1.402564993E2,-3.080897927E-2,-1.331864163E-2,-3.795427680E-3,3.377846489E-2
1.402664873E2,-4.171637535E-2,1.385336950E-2,1.508464694E-2,4.647277044E-2
1.402764753E2,-3.410563946E-2,1.695692539E-2,1.113719165E-2,3.968335923E-2
1.402864633E2,-1.126875401E-2,1.054048330E-2,-2.271058559E-3,1.559629161E-2
1.402964523E2,-3.307185173E-3,1.711991653E-2,-7.226573825E-3,1.887464927E-2
1.403064403E2,-7.555772066E-3,1.279341549E-2,-1.401928425E-2,2.042795884E-2
1.403164283E2,8.073835373E-3,3.629001305E-2,-2.775790215E-2,4.639669165E-2
1.403264163E2,3.286895335E-2,3.546424001E-2,-2.436768651E-2,5.414669482E-2
1.403364043E2,6.429189026E-2,4.147634715E-2,-6.502103806E-3,7.678549264E-2
1.403463933E2,8.450805366E-2,2.234966621E-2,-2.988862753E-2,9.238208034E-2
1.403563813E2,8.515007794E-2,5.144219533E-2,-5.277813792E-2,1.126160161E-1
1.403663693E2,8.179143727E-2,5.782267705E-2,-5.937613606E-2,1.164423751E-1
1.403763573E2,6.093324959E-2,7.405542478E-2,-5.098596632E-2,1.086123179E-1
1.403863463E2,6.276225865E-2,6.632569805E-2,-2.451094329E-2,9.454620920E-2
1.403963343E2,4.788401842E-2,7.230696112E-2,-1.645991206E-3,8.674033164E-2
1.404063223E2,4.272268116E-2,2.589541778E-2,4.016452432E-3,5.011917835E-2
1.404163103E2,2.683462679E-2,-1.237270832E-3,-7.054080963E-3,2.777387428E-2
1.404262993E2,7.326561213E-3,2.250300944E-3,-2.979156375E-2,3.076165835E-2
1.404362873E2,6.706756353E-4,6.683952212E-3,-2.731877625E-2,2.813255336E-2
1.404462753E2,6.835395098E-4,1.698908508E-3,7.687334418E-3,7.902444358E-3
1.404562633E2,-1.947590590E-2,-6.096160859E-3,2.324794471E-2,3.093446332E-2
1.404662513E2,-8.991848230E-3,4.785068929E-3,1.557113528E-3,1.030411674E-2
1.404762403E2,-6.575778723E-3,-3.317344710E-2,-6.904392242E-3,3.451650461E-2
1.404862283E2,1.739546657E-3,-3.679959789E-2,-1.367137492E-2,3.929558397E-2
1.404962163E2,1.800065339E-2,-2.918710783E-2,-4.203329444E-2,5.424673840E-2
1.405062043E2,6.634835601E-3,-8.525532782E-3,-4.697302222E-2,4.819927976E-2
1.405161933E2,-8.924020529E-3,-7.771680504E-3,-1.550213814E-2,1.950265231E-2
1.405261813E2,-6.830132604E-3,1.207362324E-2,-3.200765848E-3,1.423615087E-2
1.405361693E2,-1.995537758E-2,-4.186460227E-3,9.343850613E-4,2.041118857E-2
1.405461573E2,-1.620263457E-2,-9.899336100E-3,1.751241088E-3,1.906801163E-2
1.405561453E2,-2.514945924E-2,-1.183841899E-2,-1.072437823E-2,2.979355220E-2
1.405661343E2,-1.874617338E-2,-7.374800742E-4,5.147888660E-3,1.945414226E-2
1.405761223E2,-2.041730762E-2,1.251318768E-2,-3.072711825E-3,2.414307093E-2
1.405861103E2,-4.259696603E-3,-6.493332982E-3,-2.467525005E-4,7.769766738E-3
1.405960983E2,6.076426506E-3,-2.645280361E-3,-5.712729692E-3,8.749614152E-3
1.406060873E2,9.114055037E-3,-4.729520380E-3,-9.732105732E-3,1.414737588E-2
1.406160753E2,2.803155184E-3,-7.001894563E-3,-1.797901869E-2,1.949690538E-2
1.406260633E2,2.631013155E-2,1.352285564E-2,-1.677039921E-2,3.400495459E-2
1.406360513E2,2.424898803E-2,1.389795452E-2,-2.110786378E-2,3.502439827E-2
1.406460403E2,3.223569989E-2,1.123103946E-2,-1.447653651E-2,3.707892534E-2
1.406560283E2,3.850625396E-2,1.559686303E-2,-2.706910014E-2,4.958558170E-2
1.406660163E2,4.879442990E-2,1.871825293E-2,-3.000381768E-2,6.026191548E-2
1.406760043E2,6.381709635E-2,2.798404321E-2,-3.196205020E-2,7.666355793E-2
1.406859923E2,9.268012226E-2,1.396402806E-2,-2.789004922E-2,9.778780081E-2
1.406959813E2,7.315042198E-2,5.239982307E-3,-3.178371012E-2,7.992900524E-2
1.407059693E2,3.806595862E-2,9.037164152E-3,-2.147974670E-2,4.463257846E-2
1.407159573E2,4.057149053E-2,1.364418536E-2,-1.659615219E-2,4.590906125E-2
1.407259453E2,3.389280081E-2,1.737821728E-2,-8.788365126E-3,3.908912565E-2
1.407359343E2,1.241363883E-3,6.931581795E-3,1.502383590E-2,1.659227096E-2
1.407459223E2,7.111968398E-3,2.364029288E-2,9.883548617E-3,2.659187988E-2
1.407559103E2,-2.250125527E-2,-4.123895019E-3,1.077641845E-3,2.290140413E-2
1.407658983E2,-1.964021266E-2,-1.515876040E-2,-8.550383449E-3,2.624185640E-2
1.407758873E2,-1.508581638E-4,-3.052421987E-2,-2.502608299E-3,3.062701104E-2
1.407858753E2,2.308363795E-2,-5.897516325E-2,6.035495996E-3,6.361879780E-2
1.407958633E2,-9.355545044E-5,-8.795381784E-2,5.470654964E-3,8.812383839E-2
1.408058513E2,-1.324686706E-2,-7.302865371E-2,-1.846433759E-2,7.648264844E-2
1.408158393E2,-2.199664056E-2,-2.870807469E-2,-2.978103876E-2,4.684993082E-2
1.408258283E2,-3.300811708E-2,1.289311051E-3,5.778803229E-3,3.353494719E-2
1.408358163E2,-1.329715312E-2,2.831733450E-2,2.859405398E-2,4.238284603E-2
1.408458043E2,1.486537635E-2,1.292819381E-2,2.147506893E-2,2.914268681E-2
1.408557923E2,8.737494349E-3,3.634950846E-2,-3.285433531E-2,4.976984952E-2
1.408657813E2,-3.153403401E-3,6.288022622E-2,-6.730145216E-2,9.215938512E-2
1.408757693E2,-6.106247306E-3,1.293120512E-1,-6.165713489E-2,1.433893132E-1
1.408857573E2,3.646323681E-3,1.621713567E-1,-5.353535235E-2,1.708182618E-1
1.408957452E2,4.718703032E-3,2.020344570E-1,-3.086920559E-2,2.044335976E-1
1.409057333E2,4.084163189E-2,1.737231159E-1,-6.366448402E-3,1.785729307E-1
1.409157223E2,4.004348695E-2,1.418568139E-1,2.690888643E-3,1.474248194E-1
1.409257103E2,6.869425893E-2,1.238874431E-1,-2.126983166E-2,1.432459616E-1
1.409356983E2,5.838737190E-2,8.189025521E-2,-3.163869917E-2,1.054329473E-1
1.409456862E2,6.820718586E-2,6.007239327E-2,-2.739712894E-2,9.492900142E-2
1.409556752E2,9.238483787E-2,4.174093366E-2,-3.387935221E-2,1.068881393E-1
1.409656633E2,8.831166744E-2,3.757128417E-2,-1.439935327E-2,9.704583131E-2
1.409756513E2,8.601429641E-2,1.062731445E-4,-1.483029306E-2,8.728349256E-2
1.409856393E2,5.858559251E-2,-1.206119791E-2,-6.031402946E-3,6.011756786E-2
1.409956283E2,4.769047558E-2,-6.430007637E-2,-8.608855605E-3,8.051703967E-2
1.410056162E2,2.030796468E-2,-7.631318092E-2,-1.884733021E-2,8.118704865E-2
1.410156043E2,-1.948526144E-2,-8.816987246E-2,-8.774916530E-3,9.072265970E-2
1.410255923E2,-5.554504037E-2,-7.323301390E-2,-1.968114316E-2,9.399826185E-2
1.410355802E2,-7.580330372E-2,-4.357637465E-2,-1.109801531E-2,8.813743374E-2
1.410455693E2,-7.442043722E-2,-2.344411880E-2,-1.573485732E-2,7.959656975E-2
1.410555573E2,-7.225404382E-2,-4.068375707E-2,-8.743926287E-3,8.338028055E-2
1.410655453E2,-6.276752114E-2,-7.785786912E-2,9.145045280E-3,1.004253023E-1
1.410755333E2,-5.586546779E-2,-1.187690829E-1,2.078275859E-2,1.328870520E-1
1.410855223E2,-2.467525005E-2,-1.126097721E-1,3.274323821E-2,1.198413467E-1
1.410955102E2,4.721041918E-3,-7.459044501E-2,4.547321141E-2,8.748620280E-2
1.411054983E2,4.676252246E-2,-4.661634207E-2,4.092466235E-2,7.768297653E-2
1.411154863E2,8.521849036E-2,-4.868567169E-2,2.964245975E-2,1.025239540E-1
1.411254753E2,1.033939755E-1,-6.875492379E-2,1.413447440E-2,1.249693446E-1
1.411354633E2,7.819949269E-2,-6.693775535E-2,-2.980091929E-2,1.071630465E-1
1.411454513E2,1.211133778E-2,-3.075006858E-2,-3.952659309E-2,5.152283747E-2
1.411554393E2,-2.545117557E-2,9.290787131E-3,-2.635398567E-2,3.779700549E-2
1.411654273E2,-3.837410688E-2,5.639464080E-2,-2.956001401E-2,7.434192639E-2
1.411754163E2,-6.481580079E-2,1.098127565E-1,-2.433552682E-2,1.298158210E-1
1.411854042E2,-5.922410846E-2,1.441562314E-1,1.650610507E-2,1.567193849E-1
1.411953923E2,-4.211690962E-2,1.349353185E-1,5.343419552E-2,1.511177935E-1
1.412053803E2,-1.198737681E-2,1.301139969E-1,5.883585334E-2,1.433004083E-1
1.412153693E2,-6.798557639E-3,1.127511285E-1,4.728760242E-2,1.224547047E-1
1.412253573E2,-7.689088583E-3,6.540943936E-2,1.929522693E-2,6.862814745E-2
1.412353452E2,-3.199479461E-2,2.079079852E-2,-6.291604042E-4,3.816176133E-2
1.412453333E2,-3.342385411E-2,1.262852401E-3,-2.978980958E-2,4.479041834E-2
1.412553213E2,-2.242699564E-2,-2.727843046E-2,-4.477739275E-2,5.702716723E-2
1.412653103E2,-2.068218648E-2,-1.064938769E-2,-5.721734405E-2,6.176557905E-2
1.412752983E2,-6.692138314E-3,-3.255583495E-3,-2.199430168E-2,2.321923438E-2
1.412852863E2,2.957287788E-2,-1.486727670E-2,-6.510289907E-3,3.373388352E-2
1.412952743E2,3.785078108E-2,-3.660970956E-2,-1.755918860E-3,5.268809841E-2
1.413052633E2,-3.816477656E-3,-2.346999273E-2,-3.329696953E-2,4.091569675E-2
1.413152513E2,-1.225693345E-2,2.116692066E-3,-2.096519172E-2,2.437728588E-2
1.413252392E2,-2.511671484E-2,1.098180190E-2,-1.121846795E-2,2.961930722E-2
1.413352273E2,-2.645514250E-2,2.130272225E-2,-7.352288961E-3,3.475250628E-2
1.413452153E2,3.554522395E-3,1.368350789E-2,7.248208523E-3,1.588740207E-2
1.413552043E2,2.776257992E-2,1.653154045E-2,-1.084716976E-2,3.408392239E-2
1.413651923E2,3.377585649E-2,3.805952668E-3,-6.731314659E-3,3.464973816E-2
1.413751803E2,3.736663163E-2,-8.224547356E-3,-2.274391472E-2,4.451060543E-2
1.413851683E2,4.887570620E-2,-7.353458405E-3,-3.341917634E-2,5.966363510E-2
1.413951573E2,6.262367964E-2,-1.402717799E-2,-5.413410723E-2,8.395825474E-2
1.414051453E2,8.595173120E-2,-3.975521922E-3,-3.732570112E-2,9.379079291E-2
1.414151332E2,6.443924010E-2,-1.613846138E-2,-2.929805875E-2,7.260331843E-2
1.414251213E2,4.578077495E-2,-2.880163014E-2,-3.614924133E-2,6.505521426E-2
1.414351103E2,4.395293534E-2,-2.943093672E-2,-4.015516877E-2,6.641143080E-2
1.414450983E2,6.908134460E-2,-4.850016877E-2,-2.928402543E-2,8.934233425E-2
1.414550863E2,7.252886295E-2,-3.910837099E-2,-2.318011701E-2,8.559917329E-2
1.414650743E2,5.082341373E-2,-2.633001208E-2,-1.155175924E-2,5.839291105E-2
1.414750623E2,3.851677895E-2,1.153304815E-2,1.643886209E-2,4.343719198E-2
1.414850513E2,3.650533676E-2,4.479931980E-2,3.773149788E-2,6.901655308E-2
1.414950393E2,3.828464448E-2,6.720658109E-2,5.515386164E-2,9.499677362E-2
1.415050272E2,3.526572704E-2,3.105807066E-2,5.076435685E-2,6.917582803E-2
1.415150153E2,1.101089180E-2,-4.675638288E-2,3.819284320E-2,6.136849640E-2
1.415250042E2,1.679729640E-2,-9.597868279E-2,9.566629529E-3,9.790596058E-2
1.415349923E2,9.816890359E-3,-1.169440207E-1,-7.438243032E-3,1.175908277E-1
1.415449803E2,5.414521694E-3,-1.212344152E-1,-4.495631754E-2,1.294147246E-1
1.415549682E2,-4.546210170E-3,-1.076962106E-1,-7.995073378E-2,1.342060417E-1
1.415649573E2,-3.570309877E-3,-9.528958842E-2,-8.223290205E-2,1.259170479E-1
1.415749453E2,1.688149631E-2,-4.344349667E-2,-3.167729080E-2,5.635399785E-2
1.415849333E2,6.240031600E-2,-2.619552612E-2,-1.946538091E-2,7.041950071E-2
1.415949213E2,3.161647975E-2,-3.360774904E-2,-7.240022421E-3,4.670653608E-2
1.416049093E2,2.019803703E-2,-2.266526967E-2,1.706217527E-3,3.040701116E-2
1.416148982E2,3.383491337E-2,-2.921590537E-2,-2.400574386E-2,5.074097188E-2
1.416248863E2,6.580456495E-2,-7.386348993E-3,-1.789891183E-2,6.859424149E-2
1.416348743E2,6.971108973E-2,4.940751046E-2,-3.667958379E-2,9.298456855E-2
1.416448622E2,7.150443077E-2,7.861142904E-2,-4.673796415E-2,1.160908166E-1
1.416548513E2,8.141429186E-2,6.716550440E-2,-3.899157286E-2,1.125159307E-1
1.416648393E2,1.899351060E-2,7.053437769E-2,-2.780760348E-2,7.816082582E-2
1.416748273E2,-1.433035612E-2,6.606476605E-2,-2.086929739E-2,7.074913422E-2
1.416848153E2,-4.000138700E-2,6.144049555E-2,-1.462330163E-2,7.475885503E-2
1.416948043E2,-6.509705186E-2,5.616002128E-2,2.856364846E-3,8.602170058E-2
1.417047922E2,-7.747560740E-2,6.244110033E-2,2.356427908E-3,9.953347931E-2
1.417147803E2,-6.741547287E-2,8.071686521E-2,-1.133307338E-2,1.057756913E-1
1.417247683E2,-5.440074027E-2,1.031463459E-1,-1.055773258E-2,1.170900292E-1
1.417347562E2,-3.218424439E-2,1.132041416E-1,-2.310761154E-2,1.199373377E-1
1.417447453E2,-3.524526179E-2,1.034252581E-1,-1.421224236E-2,1.101862075E-1
1.417547333E2,-4.785068929E-2,8.486926541E-2,-4.846172333E-3,9.754981324E-2
1.417647213E2,-5.681213200E-2,9.585545272E-2,-5.761846304E-3,1.115754679E-1
1.417747093E2,-4.044694483E-2,1.008266093E-1,-2.444720864E-3,1.086643324E-1
1.417846983E2,-2.789355755E-2,1.032130042E-1,6.941814423E-3,1.071408585E-1
1.417946862E2,-5.202384710E-2,8.933229893E-2,3.554463923E-2,1.093167950E-1
1.418046743E2,-5.065969169E-2,8.296438873E-2,8.067988157E-3,9.754274239E-2
1.418146623E2,-5.058367789E-2,9.574362472E-2,-8.224693537E-3,1.085964812E-1
1.418246503E2,-3.858460665E-2,1.000210091E-1,-1.766093016E-2,1.086502766E-1
1.418346393E2,-1.810648799E-2,8.910937384E-2,6.483392715E-3,9.116117482E-2
1.418446272E2,-1.999046087E-2,8.491984382E-2,3.235205948E-2,9.304651607E-2
1.418546153E2,1.854619861E-2,3.390522614E-2,3.535577416E-2,5.237897106E-2
1.418646033E2,4.164913237E-2,-1.190668523E-2,2.673054636E-2,5.090129162E-2
1.418745923E2,4.812141538E-2,-3.833317637E-2,-1.011334419E-2,6.234887938E-2
1.418845803E2,2.699776411E-2,-5.056803659E-2,-3.435414612E-2,6.682973101E-2
1.418945678E2,2.886185646E-2,-4.792874962E-2,-4.718936920E-2,7.319158670E-2
1.419045558E2,3.602820396E-2,-1.748799875E-2,-4.407163382E-2,5.954973122E-2
1.419145448E2,2.842565417E-2,-9.978419691E-3,-3.632758141E-2,4.719406579E-2
1.419245328E2,3.814548075E-2,-8.616456985E-3,-4.378862858E-2,5.870915623E-2
1.419345208E2,5.592803299E-2,-2.054770052E-2,-3.259705782E-2,6.791701591E-2
1.419445088E2,5.806811392E-2,-2.228710100E-2,-3.133581340E-2,6.964591824E-2
1.419544968E2,4.245721757E-2,-2.401685357E-2,-1.051153958E-2,4.989906857E-2
1.419644858E2,4.838921785E-2,-1.520816937E-2,-3.252221346E-3,5.082697870E-2
1.419744738E2,4.433943629E-2,-1.166928828E-2,-1.998753726E-2,5.001659270E-2
1.419844618E2,3.804256976E-2,-1.760538161E-2,-2.793741167E-2,5.037544586E-2
1.419944498E2,2.896769106E-2,6.252866238E-3,-5.240333140E-2,6.020244682E-2
1.420044388E2,2.492317200E-2,3.023697540E-2,-4.838746369E-2,6.226384044E-2
1.420144268E2,5.291730165E-3,2.284434065E-2,-3.176850736E-2,3.948549567E-2
1.420244148E2,9.910445809E-3,2.747109622E-2,-1.278084397E-2,3.187833177E-2
1.420344028E2,1.662948132E-2,2.921151996E-2,-5.264248252E-3,3.402300482E-2
1.420443918E2,7.463970780E-3,2.799734563E-2,4.521067142E-3,2.932579530E-2
1.420543798E2,-9.592357278E-3,4.402164012E-2,-2.179608107E-2,5.004984782E-2
1.420643678E2,-7.626523376E-3,5.577074289E-2,-2.651478410E-2,6.222196877E-2
1.420743558E2,-9.823322296E-4,5.056745186E-2,-9.826245904E-3,5.152268698E-2
1.420843438E2,-1.357898891E-2,6.258625746E-2,-1.784862578E-2,6.648309563E-2
1.420943328E2,4.076678753E-3,6.607938409E-2,1.847135425E-3,6.623078001E-2
1.421043208E2,-1.820939898E-2,6.151621699E-2,2.257025242E-3,6.419440262E-2
1.421143088E2,-3.505581200E-2,5.461664870E-2,1.255689561E-2,6.610267694E-2
1.421242968E2,-2.160780072E-2,4.218459114E-2,8.181424141E-3,4.809753095E-2
1.421342858E2,-2.074767530E-2,5.373649657E-2,2.212001681E-2,6.170390780E-2
1.421442738E2,7.279198766E-3,1.401109815E-2,5.298162103E-3,1.665437263E-2
1.421542618E2,2.404725909E-2,4.458501935E-4,-1.404735088E-2,2.785314200E-2
1.421642498E2,7.442336082E-3,1.318167061E-2,-1.858888328E-2,2.397272175E-2
1.421742378E2,3.831680417E-3,3.651425377E-2,-2.857417345E-2,4.652371321E-2
1.421842268E2,5.399903655E-3,4.620148212E-2,-1.935779214E-2,5.038313235E-2
1.421942148E2,-3.029150069E-2,2.924967304E-2,-5.129177570E-3,4.241965169E-2
1.422042028E2,-2.838063061E-2,4.078096703E-2,2.689953089E-2,5.649895776E-2
1.422141908E2,-3.000498712E-2,3.361228064E-2,1.870056510E-2,4.878315075E-2
1.422241798E2,-2.015535235E-2,2.578958318E-2,3.080547094E-2,4.494794622E-2
1.422341678E2,1.369944155E-2,6.940644979E-4,2.856832623E-2,3.169078239E-2
1.422441558E2,2.175632000E-2,-8.683699965E-3,-2.704921961E-3,2.358093950E-2
1.422541438E2,3.151883125E-2,-1.633785143E-2,-2.704278767E-2,4.462818031E-2
1.422641328E2,8.303046227E-3,-5.822072625E-3,-3.568672657E-2,3.709958975E-2
1.422741208E2,2.009103298E-3,-2.367596090E-2,-4.225899696E-2,4.848103181E-2
1.422841088E2,-2.633001208E-2,-3.422696918E-2,-4.592052341E-2,6.303530301E-2
1.422940968E2,-5.649930596E-2,-3.939123005E-2,-3.611532748E-2,7.776990072E-2
1.423040848E2,-6.584315658E-2,-2.605226934E-2,-9.525114298E-3,7.144767182E-2
1.423140738E2,-5.468316078E-2,-2.611074150E-3,8.334621191E-3,5.537627373E-2
1.423240618E2,-5.116898417E-3,-2.502228230E-2,2.084473908E-2,3.296665601E-2
1.423340498E2,2.476705134E-2,-5.394831195E-2,2.504654825E-2,6.442947131E-2
1.423440378E2,1.961974740E-2,-7.147285581E-2,9.426296353E-3,7.471384522E-2
1.423540268E2,3.589547217E-2,-6.632584423E-2,-5.437910557E-4,7.541815593E-2
1.423640148E2,3.298121989E-2,-6.383931577E-2,-1.093429327E-3,7.186386221E-2
1.423740028E2,3.738475800E-2,-3.789419666E-2,-3.618607879E-2,6.436631548E-2
1.423839908E2,2.961965561E-2,-2.847944856E-2,-4.035455883E-2,5.759247700E-2
1.423939788E2,4.916514337E-2,-1.899263352E-2,-2.416888118E-2,5.798332750E-2
1.424039678E2,8.659609437E-2,-1.055363953E-2,-1.602312505E-2,8.869612959E-2
1.424139558E2,9.449977577E-2,-2.020461515E-2,-2.457000017E-3,9.666680372E-2
1.424239438E2,9.265790284E-2,-2.415309370E-2,-4.964870811E-3,9.588278696E-2
1.424339318E2,8.592191041E-2,-2.234060302E-2,-3.147848547E-2,9.419433252E-2
1.424439208E2,7.824860930E-2,-2.396188974E-3,-6.001406729E-2,9.864215556E-2
1.424539088E2,4.645145059E-2,8.253929615E-3,-5.631921172E-2,7.346916513E-2
1.424638968E2,4.526446581E-2,4.253483936E-2,-2.907411039E-2,6.858125341E-2
1.424738848E2,2.403556466E-2,6.220896587E-2,-3.221815825E-3,6.676858468E-2
1.424838738E2,2.017406344E-2,3.472778320E-2,1.329656839E-3,4.018432218E-2
1.424938618E2,5.565262914E-2,1.613685340E-2,-8.072665930E-3,5.850453916E-2
1.425038498E2,5.412592113E-2,8.481678665E-3,-3.594868183E-3,5.490425565E-2
1.425138378E2,4.683619738E-2,2.554882407E-2,-2.330115438E-2,5.821782881E-2
1.425238268E2,2.753161490E-2,1.816934556E-2,-3.247368157E-2,4.628882081E-2
1.425338148E2,3.542769492E-2,6.816976368E-3,-1.252239704E-2,3.818904505E-2
1.425438028E2,6.324348450E-3,2.944365442E-3,-2.761581481E-2,2.848332668E-2
1.425537908E2,1.320886016E-3,1.734825030E-2,-2.471091807E-2,3.022144934E-2
1.425637788E2,2.854025960E-3,1.050072223E-2,-2.105348468E-2,2.369936389E-2
1.425737678E2,7.465724945E-3,2.329516098E-2,-1.083255172E-2,2.675342503E-2
1.425837558E2,-1.806789637E-3,1.697139725E-2,7.784982920E-3,1.875896512E-2
1.425937438E2,8.180254698E-4,1.145045623E-2,-8.101317286E-3,1.405038987E-2
1.426037318E2,-5.879375339E-3,4.657336503E-2,-7.963322997E-3,4.761365243E-2
1.426137208E2,-1.426135898E-3,3.488945872E-2,1.761122882E-2,3.910835683E-2
1.426237088E2,-3.105456233E-3,1.141829655E-2,9.104114771E-4,1.186803284E-2
1.426336968E2,-2.001735806E-2,-2.571313083E-4,-2.502374411E-2,3.204603734E-2
1.426436848E2,-1.928879499E-2,1.919787079E-3,-2.828239739E-2,3.428756621E-2
1.426536728E2,-2.090321124E-2,3.036298290E-2,-2.321695447E-2,4.356468691E-2
1.426636618E2,-1.814624906E-2,5.829162374E-2,-1.348309457E-2,6.252194489E-2
1.426736498E2,1.284925640E-2,5.550966471E-2,-1.457301557E-2,5.881155541E-2
1.426836378E2,2.201418221E-2,7.203988954E-2,-2.882209539E-2,8.065409529E-2
1.426936258E2,2.882501900E-2,5.827861369E-2,-2.488516510E-2,6.961716725E-2
1.427036148E2,3.249882460E-2,4.638333052E-2,-4.072351813E-2,6.975666190E-2
1.427136028E2,5.729218841E-2,7.511669442E-2,-3.605919421E-2,1.011196228E-1
1.427235908E2,5.629348397E-2,7.515426278E-2,2.709950566E-2,9.773178991E-2
1.427335788E2,4.858509958E-2,5.369848967E-2,2.955942929E-2,7.821636372E-2
1.427435678E2,1.358483613E-2,1.801907212E-2,1.933381855E-2,2.971584211E-2
1.427535558E2,-2.912732005E-2,-8.846398741E-3,-5.540821552E-3,3.094123862E-2
1.427635438E2,-3.513942719E-2,-1.117315203E-2,-1.508932471E-2,3.984101391E-2
1.427735318E2,-1.575473785E-2,-3.018361956E-2,-1.039459527E-2,3.559930147E-2
1.427835198E2,3.272686601E-3,-4.034724981E-3,-2.513776481E-2,2.566898329E-2
1.427935088E2,2.144115508E-2,5.907880515E-3,-3.321744740E-2,3.997530481E-2
1.428034968E2,2.660190761E-2,1.465604603E-3,-1.552084923E-2,3.083352471E-2
1.428134848E2,2.964538336E-4,-1.443619072E-2,2.297371030E-3,1.462085501E-2
1.428234728E2,-1.844738066E-2,-3.539626613E-2,1.415669382E-2,4.235107424E-2
1.428334618E2,-1.318547130E-2,-4.063069358E-2,3.533589363E-2,5.543767034E-2
1.428434498E2,-4.137957573E-2,-1.596640706E-2,2.078919053E-2,4.898352667E-2
1.428534378E2,-4.742091894E-2,1.855467707E-2,7.803694010E-3,5.151618420E-2
1.428634258E2,-2.334851682E-2,6.510436088E-3,1.231423616E-3,2.427046394E-2
1.428734148E2,2.414256871E-2,-1.673780099E-2,1.399881899E-2,3.254204263E-2
1.428834028E2,7.899237514E-2,-2.662529647E-2,2.124995112E-2,8.602477646E-2
1.428933917E2,1.163853192E-1,-2.934995279E-2,-2.125462890E-3,1.200478232E-1
1.429033797E2,1.252228010E-1,-3.307360590E-2,-8.269132376E-3,1.297805526E-1
1.429133677E2,1.025502223E-1,-1.983434021E-2,-2.224748611E-2,1.067937254E-1
1.429233567E2,7.561619282E-2,-2.019964501E-2,-5.697702348E-2,9.681020339E-2
1.429333447E2,5.391717553E-2,-5.775879622E-3,-4.737063289E-2,7.200277399E-2
1.429433327E2,2.574061275E-2,-1.675519645E-3,-3.518445075E-2,4.362719433E-2
1.429533207E2,1.668035209E-2,3.439405337E-2,-4.434879184E-2,5.854912801E-2
1.429633097E2,2.808008373E-2,6.694433346E-2,-6.839137316E-2,9.973672748E-2
1.429732977E2,1.999630809E-2,7.450492948E-2,-7.336209118E-2,1.064557809E-1
1.429832857E2,1.231365144E-2,7.833938733E-2,-5.051468074E-2,9.402350020E-2
1.429932737E2,-2.062722266E-2,5.100687012E-2,-3.417112827E-2,6.476765490E-2
1.430032627E2,-3.661643386E-2,1.950821176E-2,-9.180128574E-4,4.149911207E-2
1.430132507E2,-7.750191987E-2,3.458467260E-2,-2.206095994E-2,8.768884259E-2
1.430232387E2,-1.123086405E-1,5.373254970E-2,-3.584694028E-2,1.295585611E-1
1.430332267E2,-1.045324284E-1,7.987252727E-2,-3.742159545E-2,1.367736269E-1
1.430432147E2,-6.387966156E-2,8.971616864E-2,-1.702182949E-2,1.114421139E-1
1.430532037E2,-3.519263685E-2,8.720742077E-2,-1.551851034E-3,9.405351757E-2
1.430631917E2,-1.346087515E-2,7.589335084E-2,-3.017163277E-3,7.713688570E-2
1.430731797E2,-1.432567835E-4,5.379847705E-2,1.952794611E-2,5.723318386E-2
1.430831677E2,-5.011707008E-2,2.709234282E-2,-6.507366300E-3,5.734162161E-2
1.430931567E2,-8.111432970E-2,2.036702156E-2,6.233716607E-3,8.386423118E-2
1.431031447E2,-6.621387005E-2,2.239074290E-2,7.543492913E-3,7.030310263E-2
1.431131327E2,-8.564007461E-2,3.503695473E-2,1.311179638E-2,9.345442622E-2
1.431231207E2,-7.046654999E-2,2.302341163E-2,7.524781823E-3,7.451331755E-2
1.431331097E2,-1.312115192E-2,8.619819134E-3,3.561363637E-2,3.892039318E-2
1.431430977E2,1.370002627E-2,-2.249146119E-2,4.593689561E-2,5.295049503E-2
1.431530857E2,2.988745809E-2,-3.466097876E-2,3.279469371E-2,5.630395666E-2
1.431630737E2,1.116818190E-2,-4.355283961E-2,4.779514074E-3,4.521528369E-2
1.431730617E2,1.333457530E-2,-3.680076733E-2,-2.379465938E-2,4.580713033E-2
1.431830507E2,-5.429724455E-3,-1.995581612E-2,-3.942192793E-2,4.451746743E-2
1.431930387E2,-2.182122409E-2,-1.586334988E-2,-1.862805963E-2,3.278439104E-2
1.432030267E2,-3.907109499E-3,-7.009788305E-3,1.063491583E-2,1.332306539E-2
1.432130147E2,4.065744460E-2,-2.059462443E-2,2.627270937E-2,5.260628873E-2
1.432230037E2,6.343878150E-2,-4.650159046E-2,2.447819889E-2,8.237754023E-2
1.432329917E2,9.743975580E-2,-9.239375487E-2,2.719481528E-2,1.370060945E-1
1.432429797E2,1.154632133E-1,-1.228842071E-1,-5.751906037E-3,1.687168231E-1
1.432529677E2,1.227084982E-1,-1.094518371E-1,-2.408351183E-2,1.661839214E-1
1.432629567E2,1.147475141E-1,-8.467323750E-2,-5.163734615E-2,1.516672828E-1
1.432729447E2,1.056112397E-1,-4.574422985E-2,-6.837967873E-2,1.338732571E-1
1.432829327E2,8.490858793E-2,1.542495489E-3,-7.990571022E-2,1.166051891E-1
1.432929207E2,8.025537372E-2,1.626432270E-2,-4.542467952E-2,9.364216311E-2
1.433029087E2,6.514207542E-2,2.302779704E-2,-1.631957889E-2,7.099364818E-2
1.433128977E2,4.319572091E-2,1.601026118E-2,-5.034452677E-3,4.634160638E-2
1.433228857E2,4.304018497E-2,1.039985776E-2,-3.676319897E-2,5.755125857E-2
1.433328737E2,1.727852225E-2,3.541965500E-2,-5.998073816E-2,7.176899220E-2
1.433428617E2,1.155468285E-2,4.596759349E-2,-7.187455952E-2,8.609577605E-2
1.433528507E2,4.129303694E-2,6.272235140E-2,-6.753767967E-2,1.009977546E-1
1.433628387E2,3.152760208E-2,5.720711142E-2,-4.979956627E-2,8.213793332E-2
1.433728267E2,2.801927269E-2,8.050826579E-2,-3.318060994E-2,9.147465976E-2
1.433828147E2,1.048581183E-2,7.024976447E-2,-8.553891778E-3,7.154125189E-2
1.433928037E2,-1.450694203E-2,6.217622146E-2,-2.070499063E-3,6.387973739E-2
1.434027917E2,-2.798535883E-2,7.275719672E-2,2.312456846E-2,8.131135007E-2
1.434127797E2,-4.707359433E-2,7.216487378E-2,3.551364899E-2,9.319287288E-2
1.434227677E2,-6.936727345E-2,6.031212911E-2,3.863547742E-2,9.970993762E-2
1.434327557E2,-1.044651854E-1,7.569352224E-2,-7.575652599E-3,1.292279954E-1
1.434427447E2,-9.629662514E-2,1.131934704E-1,-1.754164696E-3,1.486232783E-1
1.434527327E2,-7.226749241E-2,9.235092402E-2,3.013011754E-2,1.210748017E-1
1.434627207E2,-6.642261565E-2,5.927059382E-2,4.354947746E-2,9.910360310E-2
1.434727087E2,-3.098907351E-2,4.073141187E-2,4.563693345E-2,6.857186220E-2
1.434826977E2,-1.191837966E-2,5.913143009E-3,1.264752746E-3,1.336460376E-2
1.434926857E2,-4.253264666E-3,1.089307040E-2,-1.528052866E-2,1.924172028E-2
1.435026737E2,-9.889395833E-3,1.612647459E-2,-2.370110393E-2,3.032500058E-2
1.435126617E2,3.220061660E-3,2.695888013E-2,-3.094346523E-3,2.732626932E-2
1.435226507E2,3.230820537E-2,7.418947220E-3,3.580484033E-2,4.879392895E-2
1.435326387E2,5.092164695E-2,-3.346361518E-2,5.851484120E-2,8.447966803E-2
1.435426267E2,6.587180793E-2,-5.130931735E-2,3.610889554E-2,9.097028891E-2
1.435526147E2,4.544748366E-2,-6.185520932E-2,-9.281870127E-3,7.731554698E-2
1.435626027E2,3.287012279E-2,-4.089922696E-2,-2.458403349E-2,5.794451174E-2
1.435725917E2,3.622642457E-2,-1.463411897E-2,-3.820921540E-2,5.464847132E-2
1.435825797E2,6.049704731E-2,1.731360555E-3,-7.409591675E-2,9.567180996E-2
1.435925677E2,8.791639566E-2,2.689792290E-2,-7.438769281E-2,1.182637718E-1
1.436025557E2,8.202591062E-2,1.759778023E-2,-7.560683727E-2,1.129350509E-1
1.436125447E2,6.662259042E-2,1.529529288E-2,-6.488187432E-2,9.424528187E-2
1.436225327E2,3.562883914E-2,5.811898470E-2,-7.863686442E-2,1.040720280E-1
1.436325207E2,9.471319914E-3,8.103012979E-2,-4.303199887E-2,9.223524685E-2
1.436425087E2,-4.362022877E-4,7.012536496E-2,-1.189674497E-2,7.112868355E-2
1.436524977E2,2.094472647E-3,3.597587138E-2,3.352150261E-2,4.921728634E-2
1.436624857E2,5.872358680E-3,3.748854607E-2,1.710719883E-2,4.162369440E-2
1.436724737E2,-9.849050045E-3,3.802795172E-2,-1.715573072E-3,3.932012321E-2
1.436824617E2,-3.602294147E-2,6.864528850E-2,-3.765372992E-2,8.618370682E-2
1.436924497E2,-5.435864031E-2,1.006213720E-1,-3.954705834E-2,1.210102975E-1
1.437024387E2,-7.700490654E-2,9.022604585E-2,-9.214042425E-3,1.189764412E-1
1.437124267E2,-7.788257360E-2,6.154004440E-2,-2.212761819E-2,1.016981014E-1
1.437224147E2,-6.626474082E-2,4.444746360E-2,-6.455326080E-3,8.005163416E-2
1.437324027E2,-4.923238635E-2,3.396954551E-2,5.733779669E-3,6.008855230E-2
1.437423917E2,-3.982246220E-2,1.146492809E-2,3.864307880E-2,5.666180911E-2
1.437523797E2,-4.218356788E-2,9.798763990E-3,4.506975353E-2,6.250401474E-2
1.437623677E2,-3.067156971E-2,-5.281351358E-3,5.444225550E-2,6.271042213E-2
1.437723557E2,-4.733028710E-2,-4.608483016E-3,2.642415226E-2,5.440248170E-2
1.437823447E2,-8.030332088E-2,-7.181111723E-3,-3.228832483E-3,8.068839489E-2
1.437923327E2,-1.411412609E-1,8.950332999E-3,-9.200067580E-2,1.687159990E-1
1.438023207E2,-2.339810121E-1,5.883775368E-2,-2.004554164E-1,3.136739856E-1
1.438123087E2,-3.109865034E-1,1.334837472E-1,-2.547859901E-1,4.236111623E-1
1.438222967E2,-1.929499304E-1,2.175257778E-1,-1.175079846E-1,3.136164315E-1
1.438322857E2,1.291176313E-1,1.973125380E-1,1.407670391E-1,2.746251257E-1
1.438422737E2,4.161609560E-1,-2.730255023E-2,2.711710578E-1,4.974626752E-1
1.438522617E2,5.840438730E-1,-2.794850676E-1,2.432511878E-1,6.916576385E-1
1.438622497E2,5.409826380E-1,-3.815492401E-1,9.170422196E-2,6.683200592E-1
1.438722387E2,3.267967898E-1,-2.878682207E-1,-7.545305550E-2,4.419925541E-1
1.438822267E2,6.644191146E-2,-7.892074674E-2,-1.600610965E-1,1.904273260E-1
1.438922144E2,-1.548535663E-1,2.900043547E-2,-1.341035521E-1,2.068922786E-1
1.439022024E2,-2.701963270E-1,2.549576059E-2,-2.008050799E-2,2.721384128E-1
1.439121914E2,-2.718084043E-1,-2.502988368E-2,8.095002294E-2,2.847089917E-1
1.439221794E2,-2.303802967E-1,-5.510898426E-2,1.193217909E-1,2.652353126E-1
1.439321674E2,-1.319435906E-1,-6.089027256E-2,6.737220347E-2,1.601741246E-1
1.439421554E2,-3.987450242E-2,-4.169327885E-2,7.499054074E-3,5.817681030E-2
1.439521444E2,4.742442727E-2,-5.240464702E-2,-2.028866887E-2,7.353198907E-2
1.439621324E2,6.533503354E-2,-3.483361781E-2,-6.967483699E-2,1.016692207E-1
1.439721204E2,4.013353407E-2,-2.331138700E-3,-8.460394800E-2,9.366943355E-2
1.439821084E2,8.541027904E-3,2.533525452E-2,-6.026491284E-2,6.592938646E-2
1.439920964E2,-1.975189447E-3,3.390493378E-2,1.406840086E-3,3.399154464E-2
1.440020854E2,2.599964440E-2,1.773621306E-2,6.300550282E-2,7.042902916E-2
1.440120734E2,6.269092262E-2,1.950046420E-3,3.841796100E-2,7.355198289E-2
1.440220614E2,1.007048410E-1,-2.039830416E-2,1.117285967E-2,1.033556414E-1
1.440320494E2,1.124402028E-1,-2.431915462E-2,9.941436052E-3,1.154688384E-1
1.440420384E2,9.750582933E-2,-9.999762028E-3,-3.100895405E-2,1.028053366E-1
1.440520264E2,7.301535130E-2,2.503514618E-2,-6.256286860E-2,9.935850540E-2
1.440620144E2,2.974127769E-2,6.568191960E-2,-4.888447702E-2,8.711113738E-2
1.440720024E2,1.868711650E-2,9.678925306E-2,-4.436633348E-2,1.081005984E-1
1.440819914E2,-5.970007181E-3,8.523296222E-2,-3.360044003E-2,9.181115621E-2
1.440919794E2,-5.383531451E-3,7.567554206E-2,-9.062014818E-3,7.640608738E-2
1.441019674E2,1.595646679E-2,5.116766855E-2,-1.778956890E-2,5.647307234E-2
1.441119554E2,3.200531960E-2,5.164377809E-2,-4.126847863E-2,7.344731190E-2
1.441219434E2,5.481296897E-2,2.463578135E-2,-4.379506052E-2,7.435987235E-2
1.441319324E2,1.113935512E-1,-1.227330565E-3,-4.848628163E-2,1.214946464E-1
1.441419204E2,1.245392615E-1,-3.321510851E-3,-4.766825616E-2,1.333916141E-1
1.441519084E2,1.449904829E-1,-1.360267013E-2,-5.595843852E-2,1.560083960E-1
1.441618964E2,1.512025648E-1,-3.070621446E-2,-7.482214093E-2,1.714743129E-1
1.441718854E2,1.215320385E-1,-2.175032660E-2,-9.027808607E-2,1.529485074E-1
1.441818734E2,1.175506693E-1,-2.450056449E-2,-9.139724314E-2,1.509035903E-1
1.441918614E2,9.792916775E-2,-3.047349527E-2,-1.015778303E-1,1.443496152E-1
1.442018494E2,7.358662426E-2,-2.607902035E-2,-7.112436175E-2,1.056114644E-1
1.442118374E2,4.247300506E-2,-3.475453421E-2,-5.289332807E-2,7.622032512E-2
1.442218264E2,-7.069283724E-4,-1.385980144E-2,-3.872435510E-2,4.113598816E-2
1.442318144E2,-3.998092175E-2,9.854751080E-3,5.629114509E-3,4.156052397E-2
1.442418024E2,-6.871998668E-2,2.506365135E-2,1.553254366E-2,7.477889475E-2
1.442517904E2,-7.019874752E-2,4.936321780E-2,2.254393995E-2,8.872891667E-2
1.442617794E2,-7.538698196E-2,5.881509572E-2,-1.013380945E-2,9.615147752E-2
1.442717674E2,-9.623172104E-2,7.372783452E-2,-7.428302765E-3,1.214558249E-1
1.442817554E2,-9.063125789E-2,7.583911791E-2,-1.102784872E-3,1.181812711E-1
1.442917434E2,-8.239428520E-2,6.623638183E-2,1.524018288E-2,1.068098295E-1
1.443017324E2,-7.407954454E-2,6.461085588E-2,1.593366265E-2,9.958023510E-2
1.443117204E2,-5.092866361E-2,5.653555870E-2,2.951966822E-2,8.161745516E-2
1.443217084E2,-5.075617075E-2,4.174838886E-2,3.457341671E-2,7.425926194E-2
1.443316964E2,-5.374760628E-2,3.716534123E-2,1.305390894E-2,6.663686898E-2
1.443416844E2,-1.810122550E-2,3.689052209E-2,1.810882688E-3,4.113203473E-2
1.443516734E2,1.731945276E-3,2.924236402E-2,-5.287052393E-3,2.976690126E-2
1.443616614E2,2.551315606E-2,2.762429327E-2,1.886545658E-2,4.207051417E-2
1.443716494E2,4.888096869E-2,3.025670975E-2,1.821524620E-2,6.030433466E-2
1.443816374E2,5.411130309E-2,2.563843265E-2,1.553020477E-3,5.989803188E-2
1.443916264E2,3.059029341E-2,2.658305034E-2,-2.108096659E-2,4.568185382E-2
1.444016144E2,1.632191777E-2,4.369843528E-2,-4.911076427E-2,6.773348811E-2
1.444116024E2,2.692818224E-2,5.092647091E-2,-4.123222589E-2,7.084298759E-2
1.444215904E2,2.173000753E-2,4.059853390E-2,-2.933138788E-2,5.459637806E-2
1.444315794E2,2.456824601E-2,9.757833481E-3,-3.780049503E-2,4.612690593E-2
1.444415674E2,2.591135144E-2,1.705925167E-2,-3.471550405E-2,4.655730257E-2
1.444515554E2,3.867757738E-2,-1.564422548E-3,-3.294613659E-2,5.083158788E-2
1.444615434E2,2.675101161E-2,-1.712415576E-2,-3.849280536E-2,4.990540449E-2
1.444715324E2,1.803807557E-2,-1.476787403E-2,-9.797594547E-3,2.528745010E-2
1.444815204E2,2.987400949E-2,-1.327961147E-2,2.028399110E-2,3.847394987E-2
1.444915084E2,3.412551999E-2,-3.219301522E-2,2.355726242E-2,5.249653280E-2
1.445014964E2,4.860264122E-2,-4.241087839E-2,1.654645085E-2,6.659342592E-2
1.445114854E2,5.344530523E-2,-6.377850473E-2,1.022619545E-2,8.383718381E-2
1.445214734E2,5.969948709E-2,-2.359980091E-2,-6.497426033E-3,6.452283245E-2
1.445314614E2,2.418876171E-2,9.966140538E-3,3.711227775E-3,2.642334880E-2
1.445414494E2,3.708538055E-2,3.843374848E-3,1.802579641E-2,4.141287623E-2
1.445514374E2,2.793741167E-2,-1.903561056E-2,2.173410058E-2,4.018985653E-2
1.445614264E2,1.525597036E-2,-9.812358767E-3,2.366368175E-2,2.981605021E-2
1.445714144E2,5.379438400E-5,-4.611552805E-3,1.428767145E-2,1.501355616E-2
1.445814024E2,-1.064777970E-3,3.385260120E-2,-1.005370259E-2,3.533000560E-2
1.445913904E2,-1.347783208E-2,6.674421251E-2,-3.597791791E-3,6.818640603E-2
1.446013794E2,2.290295899E-2,6.694871888E-2,1.575181425E-2,7.248997270E-2
1.446113674E2,5.404815316E-2,8.199638218E-2,5.139702559E-4,9.820831796E-2
1.446213554E2,6.170742095E-2,4.087072179E-2,-1.196632683E-2,7.497609404E-2
1.446313434E2,8.058574140E-2,1.219787657E-2,2.204868078E-2,8.443337157E-2
1.446413314E2,7.793110549E-2,2.916547313E-2,-4.462010264E-3,8.332941595E-2
1.446513204E2,1.936363935E-2,-1.722048864E-2,-4.921542943E-2,5.562062793E-2
1.446613084E2,-2.776959658E-2,-1.796030760E-2,-5.067781806E-2,6.051416682E-2
1.446712964E2,-3.984877467E-2,5.712729692E-4,-7.542732775E-2,8.530845777E-2
1.446812844E2,-7.130621016E-2,-3.901408464E-3,-7.408656120E-2,1.029009968E-1
1.446912734E2,-2.896710634E-2,-2.556066468E-2,-8.970213532E-3,3.965987342E-2
1.447012614E2,5.875165343E-2,-2.695361763E-2,2.392154396E-2,6.892383151E-2
1.447112494E2,1.173395848E-1,-2.387271971E-3,1.978756249E-2,1.190202708E-1
1.447212374E2,1.482029432E-1,1.811262757E-2,-5.022582829E-2,1.575271833E-1
1.447312264E2,1.299637234E-1,3.434362113E-3,-1.178395218E-1,1.754665699E-1
1.447412144E2,8.574883282E-2,1.447273582E-2,-1.376604134E-1,1.628272453E-1
1.447512024E2,1.951683640E-2,1.776047900E-2,-1.156129020E-1,1.185861908E-1
1.447611904E2,1.213472664E-2,5.408352882E-2,-6.816800952E-2,8.785873435E-2
1.447711794E2,3.957804859E-2,6.474680364E-2,-4.583515406E-2,8.865343681E-2
1.447811674E2,4.449614167E-2,2.801751852E-2,-2.415426314E-2,5.786463856E-2
1.447911554E2,5.690334857E-2,8.666743040E-3,-3.864892602E-2,6.933139978E-2
1.448011434E2,7.894852102E-2,-2.104266733E-3,-8.141429186E-2,1.134265570E-1
1.448111314E2,7.034200430E-2,1.948584616E-2,-1.088915277E-1,1.310918020E-1
1.448211204E2,5.214254558E-2,3.759920463E-2,-9.138905704E-2,1.117340816E-1
1.448311084E2,2.250651777E-2,4.247753665E-2,-6.129285336E-2,7.789543205E-2
1.448410964E2,-6.851182580E-3,4.595867649E-2,-3.348583460E-2,5.727512345E-2
1.448510844E2,-3.420855045E-2,5.133928433E-2,1.691014767E-2,6.396796178E-2
1.448610734E2,-3.407347977E-2,4.478660211E-2,5.331666648E-2,7.752102087E-2
1.448710614E2,-4.372781754E-2,2.886697277E-2,1.655229807E-2,5.494909203E-2
1.448810494E2,-7.930695534E-2,2.088903174E-2,-3.440092385E-2,8.893462978E-2
1.448910380E2,-1.097189087E-1,-4.380733967E-3,-5.030184209E-2,1.207795722E-1
1.449010270E2,-1.103726274E-1,-1.169121534E-2,-5.470128715E-2,1.237377558E-1
1.449110150E2,-9.156154990E-2,-3.202724665E-2,-2.081433356E-2,9.920936665E-2
1.449210030E2,-4.396521449E-2,-6.577869102E-2,2.163060486E-2,8.202231004E-2
1.449309910E2,-3.080897927E-3,-9.498787209E-2,7.497416854E-2,1.210508725E-1
1.449409790E2,1.097522378E-2,-1.101907790E-1,7.355154097E-2,1.329371750E-1
1.449509680E2,-8.359179497E-3,-1.101823005E-1,7.677569568E-2,1.345530478E-1
1.449609560E2,-9.427465796E-3,-8.377437428E-2,1.832225025E-2,8.627124521E-2
1.449709440E2,-1.918062150E-2,-4.014654413E-2,-1.880698442E-2,4.830469863E-2
1.449809320E2,-2.320584476E-2,-1.064324811E-2,-6.129051447E-3,2.625557527E-2
1.449909210E2,-1.156871617E-2,1.344406441E-2,2.715973198E-2,3.243808106E-2
1.450009090E2,2.392271340E-2,2.159800664E-2,5.099473715E-2,6.032605841E-2
1.450108970E2,5.413059890E-2,6.188707665E-2,3.826476395E-2,9.068805960E-2
1.450208850E2,6.157176554E-2,9.669701323E-2,2.163820624E-2,1.166602188E-1
1.450308740E2,7.455375373E-2,1.161047991E-1,-1.497939706E-2,1.387910980E-1
1.450408620E2,9.891149998E-2,1.305617474E-1,-3.353085816E-2,1.671950154E-1
1.450508500E2,9.757716537E-2,1.377978230E-1,-2.851102352E-2,1.712379096E-1
1.450608380E2,8.309595108E-2,1.387490188E-1,-3.332094312E-2,1.651257477E-1
1.450708260E2,5.903582811E-2,1.156886235E-1,-4.353485942E-2,1.369831033E-1
1.450808150E2,1.930341303E-2,8.047873735E-2,-5.337163031E-2,9.847832169E-2
1.450908030E2,-8.688377738E-3,6.111962959E-2,-4.197189867E-2,7.465076897E-2
1.451007910E2,1.474083066E-3,5.517681196E-2,-2.646508276E-2,6.121318571E-2
1.451107790E2,9.490615726E-3,2.845810622E-2,4.015282989E-3,3.026645162E-2
1.451207680E2,3.619309545E-2,-4.626170844E-3,-7.624769211E-4,3.649552008E-2
1.451307560E2,2.335962653E-3,-1.792215452E-2,-2.451152802E-2,3.045447996E-2
1.451407440E2,7.148221135E-3,-2.957974836E-2,-3.052480459E-2,4.310246250E-2
1.451507320E2,1.420230210E-2,-1.363059059E-2,-3.480847478E-2,3.998910228E-2
1.451607210E2,2.089268625E-2,-1.414266050E-2,-2.419110060E-2,3.495323351E-2
1.451707090E2,3.642230630E-3,-3.706813127E-2,-2.641362727E-2,4.566171159E-2
1.451806970E2,1.285802722E-2,-6.623316586E-2,-3.515930772E-2,7.608112803E-2
1.451906850E2,1.554131448E-2,-6.931932628E-2,-2.912556589E-2,7.677890361E-2
1.452006730E2,4.353719831E-2,-8.731398627E-2,-3.105982482E-2,1.023910765E-1
1.452106620E2,7.524489462E-2,-4.619081095E-2,-1.027823567E-2,8.888772306E-2
1.452206500E2,8.130377948E-2,-3.792708725E-2,-1.510628164E-2,9.097784483E-2
1.452306380E2,3.564111829E-2,-6.848507479E-2,-1.669204652E-2,7.898809530E-2
1.452406260E2,1.192831993E-4,-5.664256275E-2,-5.854056895E-2,8.145791770E-2
1.452506150E2,-4.070480704E-2,-1.650712833E-2,-4.480253577E-2,6.274259967E-2
1.452606030E2,-1.317611575E-2,9.778883457E-3,-1.020280659E-2,1.932184904E-2
1.452705910E2,2.696092665E-2,6.551658958E-3,1.493378878E-2,3.150926607E-2
1.452805790E2,2.644286335E-2,1.994821474E-2,-6.978067160E-3,3.385040198E-2
1.452905680E2,3.865126491E-2,4.547291905E-2,-2.784327149E-2,6.585555719E-2
1.453005560E2,3.103760540E-2,4.203914165E-2,-1.678560197E-2,5.488514201E-2
1.453105440E2,8.690131903E-3,3.550604761E-2,1.101732373E-2,3.817825600E-2
1.453205320E2,8.873734474E-3,4.553139120E-2,2.393031478E-2,5.219684582E-2
1.453305210E2,-1.641254961E-2,5.127832711E-2,3.319405854E-2,6.325096156E-2
1.453405090E2,-2.480622768E-2,5.794663802E-2,9.215796590E-3,6.370316080E-2
1.453504970E2,-1.656399250E-2,6.739486143E-2,-5.089416504E-3,6.958689068E-2
1.453604850E2,-2.204809606E-2,5.046775684E-2,-3.445764184E-3,5.518139461E-2
1.453704730E2,-2.517928004E-2,4.197526082E-2,-1.229961812E-2,5.046978572E-2
1.453804620E2,-3.577268064E-2,5.984844491E-2,-7.659852505E-3,7.014409725E-2
1.453904500E2,-3.764554381E-2,6.581552848E-2,-1.249433041E-2,7.684386150E-2
1.454004380E2,-3.658135056E-2,5.494657785E-2,-6.817268729E-3,6.636110894E-2
1.454104260E2,-2.147974670E-2,6.095342249E-2,5.499891043E-3,6.486099007E-2
1.454204150E2,1.957881689E-2,4.338648632E-2,-1.816905320E-2,5.094930579E-2
1.454304030E2,4.916748226E-2,1.535127997E-2,-5.164611697E-2,7.294124010E-2
1.454403910E2,5.889374077E-2,4.797932804E-3,-2.454368770E-2,6.398347808E-2
1.454503790E2,8.120671570E-2,-1.710997626E-2,-2.412678123E-2,8.642559537E-2
1.454603680E2,4.379915357E-2,-4.968744591E-2,-3.854835391E-2,7.663669958E-2
1.454703560E2,2.657910347E-2,-4.346805498E-2,-6.279909611E-3,5.133573619E-2
1.454803440E2,4.895230472E-2,-3.107093453E-2,4.347404838E-3,5.814319426E-2
1.454903320E2,4.568488061E-2,-2.136046350E-2,-4.184852242E-3,5.060524386E-2
1.455003200E2,3.638839245E-2,-3.370422810E-2,-8.324680924E-3,5.029304534E-2
1.455103090E2,3.264968276E-2,-4.000241026E-2,-1.310010195E-2,5.327107360E-2
1.455202970E2,-1.667041183E-3,-4.813004002E-2,-1.100679874E-2,4.940070240E-2
1.455302850E2,-7.800770402E-3,-4.101514801E-2,-3.039265752E-2,5.164114655E-2
1.455402730E2,-1.975715697E-2,-5.387419850E-2,-8.193118572E-3,5.796465912E-2
1.455502620E2,-2.300294638E-3,-5.035125107E-2,-6.914917231E-3,5.087588741E-2
1.455602500E2,6.057715416E-4,-5.461036295E-2,4.191284180E-3,5.477431481E-2
1.455702380E2,-4.162632823E-3,-3.486987054E-2,-2.050560057E-2,4.066589528E-2
1.455802260E2,-1.635933995E-2,-2.896023586E-2,-7.837023139E-3,3.417224307E-2
1.455902150E2,-3.791334629E-2,-8.361664563E-3,-3.548850596E-2,5.260012658E-2
1.456002030E2,-1.496244013E-2,2.218272820E-2,-3.759993553E-2,4.614870743E-2
1.456101910E2,1.282118976E-2,3.320926130E-2,-1.855029166E-2,4.014164002E-2
1.456201790E2,9.950791597E-3,5.164100066E-2,-2.084707797E-2,5.657218276E-2
1.456301680E2,1.811291993E-2,6.515961707E-2,-4.162866712E-2,7.941536054E-2
1.456401560E2,1.399355650E-2,5.318890482E-2,-2.809821010E-2,6.176073696E-2
1.456501440E2,9.936173558E-3,7.218109980E-2,-1.821115315E-2,7.510316114E-2
1.456601320E2,-3.905940056E-4,8.099329233E-2,-2.098975003E-2,8.366980084E-2
1.456701200E2,-2.778421462E-2,8.560791492E-2,-3.562416136E-2,9.679751315E-2
1.456801090E2,-5.131750345E-2,9.993344709E-2,-4.193447649E-2,1.199111351E-1
1.456900970E2,-4.193623066E-2,1.095015384E-1,-2.157447159E-2,1.192253840E-1
1.457000850E2,-2.174111724E-2,1.010406174E-1,-2.756377459E-2,1.069656216E-1
1.457100730E2,-3.336070418E-2,1.032856558E-1,-1.490630686E-2,1.095584833E-1
1.457200620E2,-2.704278767E-2,7.509871423E-2,-2.199137807E-3,7.984964278E-2
1.457300500E2,-2.435950041E-3,5.875896245E-2,-2.258194685E-3,5.885277363E-2
1.457400380E2,1.672303677E-4,3.843564883E-2,-2.126807749E-2,4.392787483E-2
1.457500260E2,8.525825143E-3,2.160531566E-2,-3.267950356E-2,4.009275885E-2
1.457600150E2,1.914319932E-2,1.223105952E-2,-1.555417836E-2,2.753167924E-2
1.457700030E2,4.540362954E-2,1.423592359E-2,-3.489735246E-2,5.900827319E-2
1.457799910E2,4.132227302E-2,9.589287490E-3,-3.105397761E-2,5.257218092E-2
1.457899790E2,5.670746684E-2,-2.402372405E-2,-2.424080193E-2,6.618528984E-2
1.457999680E2,3.836299717E-2,-3.212986529E-2,-1.423563123E-2,5.202596460E-2
1.458099560E2,2.072253227E-2,-2.312339902E-2,-2.528920770E-2,4.004571078E-2
1.458199440E2,1.487180829E-2,-3.453570217E-2,-6.922518611E-3,3.823358040E-2
1.458299320E2,2.452322245E-2,-2.654621288E-2,-1.576701701E-2,3.942954074E-2
1.458399200E2,2.889460087E-2,-1.349025741E-2,-1.856490970E-2,3.689906335E-2
1.458499090E2,1.767437875E-2,3.734616637E-3,-4.098956645E-2,4.479370026E-2
1.458598970E2,4.216193318E-2,9.770112634E-3,-4.209585965E-2,6.037503714E-2
1.458698850E2,4.030778110E-2,-1.881093130E-2,-1.398478568E-2,4.662770189E-2
1.458798730E2,9.216966033E-3,-5.972053707E-3,-8.714105487E-3,1.401975473E-2
1.458898608E2,6.634250879E-3,-3.433777392E-3,-8.496589065E-3,1.131353780E-2
1.458998488E2,-5.539067388E-3,-9.868930578E-3,8.312401772E-3,1.404183327E-2
1.459098368E2,1.501740396E-2,-1.573836565E-2,1.254403174E-2,2.511117893E-2
1.459198248E2,1.044663548E-2,-8.759129047E-4,2.191536427E-3,1.070991355E-2
1.459298138E2,1.130442202E-2,1.050466910E-2,-9.434482455E-3,1.808721895E-2
1.459398018E2,1.184002697E-2,4.484522045E-3,-3.537565470E-3,1.314578055E-2
1.459497898E2,1.131845534E-2,1.465896964E-2,-7.349950075E-4,1.853464431E-2
1.459597778E2,1.632484138E-2,1.740306795E-2,8.525240421E-3,2.533864527E-2
1.459697658E2,1.927066863E-2,1.258905530E-2,-7.403159738E-3,2.417953177E-2
1.459797548E2,3.308062255E-2,-9.094174504E-3,1.908765078E-2,3.926028541E-2
1.459897428E2,3.191234887E-2,-1.689494491E-2,1.084892392E-2,3.770326675E-2
1.459997308E2,2.916649640E-2,-2.064520285E-2,-1.375849843E-2,3.829105890E-2
1.460097188E2,1.232476115E-2,-2.291567668E-2,-2.192004204E-2,3.402229002E-2
1.460197078E2,1.301005483E-3,-6.354607791E-3,-2.094180286E-2,2.192333831E-2
1.460296958E2,-1.865788043E-2,1.792025417E-3,-8.631659746E-3,2.063573132E-2
1.460396838E2,-1.715163767E-2,8.636191338E-3,1.708439469E-2,2.570289901E-2
1.460496718E2,1.001043320E-3,9.288740605E-3,1.027940512E-2,1.389060687E-2
1.460596608E2,-1.040804386E-3,1.432582453E-2,2.725971937E-3,1.461996735E-2
1.460696488E2,6.990931034E-3,3.174789593E-2,3.810045719E-3,3.273100153E-2
1.460796368E2,2.766259253E-2,2.788741797E-2,3.905355334E-3,3.947377493E-2
1.460896248E2,2.370110393E-2,2.777485907E-2,-1.341292799E-2,3.889848019E-2
1.460996138E2,2.325905442E-2,3.056120351E-2,-3.407172561E-2,5.134056153E-2
1.461096018E2,3.693042934E-2,2.380606145E-2,-4.379272163E-2,6.203537411E-2
1.461195898E2,4.817813337E-2,2.293877319E-2,-4.308462381E-2,6.858283064E-2
1.461295778E2,3.550136983E-2,1.618363112E-2,-2.878759682E-2,4.848693543E-2
1.461395658E2,3.092299998E-2,2.233139366E-2,-2.213288069E-2,4.409974465E-2
1.461495548E2,4.897218525E-2,1.554906204E-2,-8.028227091E-3,5.200481410E-2
1.461595428E2,3.619017184E-2,8.604031652E-3,-1.069455743E-2,3.870570316E-2
1.461695308E2,5.155139208E-2,-2.257902324E-3,-2.890454113E-2,5.914487845E-2
1.461795188E2,5.822657347E-2,-1.299982220E-2,-2.448112249E-2,6.448763132E-2
1.461895078E2,3.822090983E-2,-2.118153870E-2,-3.356711090E-2,5.510214573E-2
1.461994958E2,4.283494771E-2,-2.409242883E-2,-3.431847811E-2,5.994193700E-2
1.462094838E2,2.108096659E-2,9.068300575E-3,-4.801441133E-2,5.321677295E-2
1.462194718E2,1.311764359E-2,1.409471333E-2,-4.046741009E-2,4.481456010E-2
1.462294608E2,1.112081945E-2,5.765354633E-3,-1.779307723E-2,2.176018237E-2
1.462394488E2,2.474015415E-2,1.112286597E-3,-1.156813145E-2,2.733375338E-2
1.462494368E2,4.093284845E-2,-1.068140119E-3,-8.491326571E-3,4.181795826E-2
1.462594248E2,5.418731689E-2,3.162978217E-2,-1.991093874E-2,6.582669606E-2
1.462694128E2,4.692858338E-2,6.598685190E-2,-3.162232697E-2,8.692829301E-2
1.462794018E2,3.068267941E-2,6.577167436E-2,-6.597881198E-2,9.808436978E-2
1.462893898E2,1.833569884E-2,9.099890158E-2,-4.114451766E-2,1.015375264E-1
1.462993778E2,-6.674596667E-3,1.020030691E-1,-1.538928688E-2,1.033731420E-1
1.463093658E2,-1.974020004E-2,1.116036125E-1,-1.593950987E-3,1.133471768E-1
1.463193548E2,-4.455987632E-2,1.064066072E-1,-6.917840838E-3,1.155673187E-1
1.463293428E2,-6.829313993E-2,9.653065994E-2,7.238268256E-3,1.184673533E-1
1.463393308E2,-7.313755810E-2,1.001002389E-1,1.719958484E-2,1.251598416E-1
1.463493188E2,-1.082693839E-1,9.237679794E-2,2.655863822E-2,1.447794652E-1
1.463593078E2,-1.062748986E-1,7.122639567E-2,3.215325415E-2,1.319143103E-1
1.463692958E2,-9.139081120E-2,3.182551771E-2,2.770995498E-2,1.006627317E-1
1.463792838E2,-6.748505473E-2,1.646663636E-2,2.303978384E-2,7.318616238E-2
1.463892718E2,-6.049704731E-2,-1.715441510E-2,2.455362797E-2,6.750590594E-2
1.463992608E2,-5.368036330E-2,-4.720778793E-2,1.280891061E-2,7.262385859E-2
1.464092488E2,-6.053973198E-2,-6.782141581E-2,1.555885613E-2,9.223275771E-2
1.464192368E2,-4.464349151E-2,-1.000039060E-1,1.781178832E-2,1.109553170E-1
1.464292248E2,-4.365238845E-2,-1.080066977E-1,2.423729360E-2,1.189891767E-1
1.464392138E2,-2.448521554E-2,-1.321247081E-1,3.399629653E-2,1.386081255E-1
1.464492018E2,-1.219144464E-3,-1.313055132E-1,1.311939776E-2,1.319649299E-1
1.464591898E2,3.405418396E-2,-1.073083940E-1,7.738205194E-3,1.128479450E-1
1.464691778E2,6.630625606E-2,-1.069093215E-1,-1.022151768E-2,1.262164888E-1
1.464791658E2,8.288954437E-2,-9.251449987E-2,-4.231396079E-2,1.312253045E-1
1.464891548E2,9.855189621E-2,-9.589287490E-2,-5.840257466E-2,1.493947135E-1
1.464991428E2,1.087892014E-1,-6.537304044E-2,-6.046254873E-2,1.405860752E-1
1.465091308E2,1.180634701E-1,-2.718502119E-2,-5.398792684E-2,1.326374932E-1
1.465191188E2,1.355706185E-1,9.764850140E-4,-5.511760890E-2,1.463499127E-1
1.465291078E2,1.303204036E-1,2.528920770E-5,-4.798985302E-2,1.388756070E-1
1.465390958E2,1.064468068E-1,-2.461093068E-3,-4.037853241E-2,1.138745166E-1
1.465490838E2,1.105591536E-1,1.064953387E-2,-5.319679856E-2,1.231529065E-1
1.465590718E2,8.881511271E-2,1.383582786E-2,-6.261373937E-2,1.095446700E-1
1.465690608E2,9.673341215E-2,3.423997924E-2,-6.001172841E-2,1.188744579E-1
1.465790488E2,9.537685812E-2,3.995256275E-2,-5.424520433E-2,1.167711203E-1
1.465890368E2,8.588799655E-2,6.923132569E-2,-5.102104962E-2,1.215437037E-1
1.465990248E2,5.999243259E-2,8.425589249E-2,-5.358505368E-2,1.164882199E-1
1.466090128E2,3.020730078E-2,9.734371528E-2,-3.287538528E-2,1.070937481E-1
1.466190018E2,1.786792159E-2,1.119361728E-1,-2.713049591E-2,1.165548507E-1
1.466289898E2,2.164405346E-2,9.348616093E-2,-2.298014224E-2,9.867225686E-2
1.466389778E2,-3.739879131E-3,1.026847082E-1,-1.373277068E-2,1.036664121E-1
1.466489658E2,-4.007389247E-2,1.149493892E-1,-4.046273232E-4,1.217351333E-1
1.466589548E2,-5.661741972E-2,1.024397099E-1,-5.760676861E-3,1.171862269E-1
1.466689428E2,-5.895806015E-2,9.289018348E-2,-1.125004292E-3,1.100268362E-1
1.466789308E2,-7.078756213E-2,1.091796492E-1,1.199614763E-2,1.306712758E-1
1.466889188E2,-4.959959149E-2,1.110238610E-1,2.282636046E-2,1.237233201E-1
1.466989078E2,-5.980473697E-2,9.714052454E-2,2.516349256E-2,1.168164776E-1
1.467088958E2,-4.530948937E-2,7.763509020E-2,6.329610944E-3,9.011226904E-2
1.467188838E2,-4.493468285E-2,7.202863365E-2,2.008401632E-2,8.723885316E-2
1.467288718E2,-3.131593287E-2,8.553175494E-2,1.850643754E-2,9.294545166E-2
1.467388608E2,-4.033643246E-2,5.043808222E-2,-5.447266102E-3,6.481281223E-2
1.467488488E2,-2.877122462E-2,2.283147678E-2,7.753407955E-4,3.673773062E-2
1.467588368E2,-1.445373237E-2,2.076068535E-2,-4.618715644E-3,2.571476171E-2
1.467688248E2,-4.300042391E-3,-1.887188852E-4,9.057337046E-3,1.002802741E-2
1.467788138E2,-1.243878186E-2,1.276271760E-2,-8.127629757E-5,1.782180857E-2
1.467888018E2,1.730191112E-3,2.338257685E-2,-2.222994447E-2,3.230957896E-2
1.467987898E2,-1.584712386E-2,7.476834655E-3,-3.886878133E-2,4.263585994E-2
1.468087778E2,-3.840100408E-2,-4.197131395E-3,-3.903191864E-2,5.491578734E-2
1.468187658E2,-2.027346611E-2,-2.039143369E-2,-2.663231313E-2,3.919316393E-2
1.468287548E2,-1.557522833E-2,-3.570792273E-2,-1.317553103E-2,4.112466536E-2
1.468387428E2,-6.689214706E-4,-2.269245923E-2,-3.981953859E-4,2.270580809E-2
1.468487308E2,5.877621174E-3,-3.081263378E-2,1.217507243E-2,3.364813843E-2
1.468587188E2,4.006512165E-2,-5.604600057E-2,1.800123811E-2,7.120683061E-2
1.468687078E2,5.824996233E-2,-8.712936044E-2,8.587220907E-3,1.051585656E-1
1.468786958E2,7.163423896E-2,-8.842817321E-2,-9.505818486E-3,1.141988029E-1
1.468886838E2,6.567475677E-2,-1.020397604E-1,-6.031987667E-3,1.214976183E-1
1.468986733E2,6.603552997E-2,-8.877228186E-2,-2.856774151E-2,1.142686532E-1
1.469086623E2,5.533571005E-2,-8.391660780E-2,-3.271634102E-2,1.057090197E-1
1.469186503E2,5.892882407E-2,-5.037171632E-2,-2.912205756E-2,8.281310493E-2
1.469286383E2,5.652854204E-2,-4.529516369E-2,-2.687965035E-2,7.726346823E-2
1.469386263E2,3.677313924E-2,-4.323036566E-2,-2.585287929E-2,6.236585326E-2
1.469486153E2,2.610314012E-2,-1.484856561E-2,-8.629320860E-3,3.124610381E-2
1.469586033E2,2.843442500E-2,-5.404142886E-3,-6.975143552E-3,2.977203239E-2
1.469685913E2,1.662655771E-2,2.288044721E-2,-1.947122812E-3,2.835045984E-2
1.469785793E2,2.887004256E-2,3.383052796E-2,-4.208825827E-3,4.467323801E-2
1.469885673E2,2.743981361E-2,2.250140145E-2,-2.423612416E-2,4.297262097E-2
1.469985563E2,2.438522816E-2,2.244526818E-2,-3.651644647E-2,4.931409818E-2
1.470085443E2,3.728827894E-2,4.755525872E-2,-2.510092735E-2,6.543680105E-2
1.470185323E2,1.915313959E-2,4.848584309E-2,-3.241930246E-2,6.138999030E-2
1.470285203E2,-1.069923520E-2,3.949589521E-2,-9.029270411E-3,4.190378379E-2
1.470385093E2,-1.430228949E-2,5.021442622E-2,-1.069104910E-2,5.329486482E-2
1.470484973E2,-3.600598454E-2,5.867827088E-2,-1.045014381E-2,6.963315232E-2
1.470584853E2,-2.822977245E-2,3.625083670E-2,4.045688510E-3,4.612386377E-2
1.470684733E2,-3.355541646E-2,3.571143106E-2,5.177124739E-3,4.927550003E-2
1.470784623E2,-3.747889817E-2,3.172772303E-2,4.999369383E-3,4.935899017E-2
1.470884503E2,-3.339403331E-2,3.105938628E-2,-2.928285599E-3,4.569925375E-2
1.470984383E2,-2.152652442E-2,3.031722844E-2,-5.267171860E-3,3.755354435E-2
1.471084263E2,-1.708790302E-2,5.159729272E-3,-3.911787271E-3,1.827351404E-2
1.471184153E2,1.280540228E-3,-1.305975616E-2,-5.875282288E-3,1.437761998E-2
1.471284033E2,1.796498537E-2,-1.534338623E-2,-8.245743513E-3,2.502303911E-2
1.471383913E2,2.066990733E-2,-1.290670529E-2,-2.259831905E-2,3.323420128E-2
1.471483793E2,6.835395098E-3,6.281371415E-4,-3.846883178E-3,7.868652527E-3
1.471583673E2,1.451045036E-2,6.564376652E-3,-8.102486730E-3,1.786881366E-2
1.471683563E2,2.275794804E-2,1.467797309E-3,-2.265503705E-2,3.214544029E-2
1.471783443E2,2.334500849E-2,1.043435633E-2,-3.024179935E-3,2.574899761E-2
1.471883323E2,3.220997214E-2,5.137363672E-3,-3.011900783E-3,3.275585989E-2
1.471983203E2,2.443025172E-2,-2.502973750E-2,-8.811753988E-4,3.498716091E-2
1.472083093E2,3.727015257E-3,4.662131220E-3,-1.024081349E-2,1.185328525E-2
1.472182973E2,7.830006480E-3,8.061994761E-3,-1.937357962E-2,2.239732905E-2
1.472282853E2,5.592101634E-2,1.866241202E-2,-1.064310193E-2,5.990593718E-2
1.472382733E2,3.248537600E-2,7.144712806E-3,-1.569860458E-2,3.678033117E-2
1.472482623E2,2.724393189E-2,-2.989973724E-3,-1.742119431E-2,3.247567981E-2
1.472582503E2,4.328635275E-2,-5.705128312E-3,-2.352802634E-2,4.959662133E-2
1.472682383E2,5.583681643E-2,-1.358308196E-2,-4.297001839E-2,7.175425189E-2
1.472782263E2,6.051985145E-2,-5.807162225E-3,-4.005342722E-2,7.280558072E-2
1.472882153E2,4.016803265E-2,2.050106898E-2,-1.858829856E-2,4.877796141E-2
1.472982033E2,4.097553313E-2,4.987689570E-2,-1.555944085E-2,6.639875932E-2
1.473081913E2,4.116732180E-2,4.702593952E-2,-9.802272320E-3,6.326351172E-2
1.473181793E2,2.680948377E-2,3.489252850E-2,-5.182971954E-3,4.430688619E-2
1.473281673E2,1.496477902E-2,4.222230569E-2,1.173594654E-2,4.630766837E-2
1.473381563E2,4.751447439E-3,6.091117635E-2,1.574070454E-3,6.111649004E-2
1.473481443E2,-2.492258728E-2,4.221938208E-2,-1.231423616E-2,5.054950041E-2
1.473581323E2,-6.447958589E-2,2.678068623E-2,-1.740833044E-2,7.195743269E-2
1.473681203E2,-6.836155236E-2,3.718829155E-2,-2.796781719E-2,8.269504016E-2
1.473781093E2,-6.576772749E-2,4.017022535E-2,-7.708969116E-3,7.744978495E-2
1.473880973E2,-5.109823287E-2,4.545289233E-2,4.813427925E-3,6.855774144E-2
1.473980853E2,-7.631201148E-3,3.127734125E-2,9.542655945E-3,3.357930298E-2
1.474080733E2,8.797720671E-3,1.548342705E-2,5.303424597E-4,1.781621916E-2
1.474180623E2,2.469279170E-2,4.155762345E-3,-1.189499080E-2,2.772174469E-2
1.474280503E2,2.319239616E-2,3.929036558E-3,-2.024715364E-2,3.103662028E-2
1.474380383E2,3.759584248E-2,1.932650954E-3,-1.087582111E-2,3.918502260E-2
1.474480263E2,4.587199152E-2,7.266627252E-4,-1.532672167E-2,4.837019786E-2
1.474580153E2,3.108964562E-2,1.308884606E-2,-2.068744898E-2,3.957087946E-2
1.474680033E2,2.667324364E-2,-6.219390929E-3,-5.349208295E-2,6.009613705E-2
1.474779913E2,4.100710809E-2,-1.275482386E-2,-5.607889116E-2,7.063363561E-2
1.474879793E2,6.159398496E-2,9.595427066E-3,-4.861024261E-2,7.904964826E-2
1.474979683E2,8.665865958E-2,5.237789601E-3,-4.081707358E-2,9.593326439E-2
1.475079563E2,7.125124633E-2,1.387982816E-3,-3.207197785E-2,7.814907782E-2
1.475179443E2,8.188440800E-2,5.667852312E-3,-3.768647432E-2,9.031860921E-2
1.475279323E2,7.195057333E-2,2.653027922E-2,-2.613003731E-2,8.101555139E-2
1.475379203E2,5.790673077E-2,4.034637272E-2,-1.239609718E-2,7.165669882E-2
1.475479093E2,3.293210328E-2,1.667245835E-2,-1.106351674E-2,3.853434437E-2
1.475578973E2,1.225225568E-2,1.650712833E-2,-1.489519715E-2,2.538641276E-2
1.475678853E2,-5.775294900E-3,1.726419657E-2,-1.662831187E-2,2.465577560E-2
1.475778733E2,-1.421750486E-2,-4.553519189E-4,-1.654937446E-2,2.182261636E-2
1.475878623E2,-2.619961917E-2,-2.854903042E-4,-1.323575735E-2,2.935450259E-2
1.475978503E2,-4.844008863E-2,-3.749380857E-3,-1.319307268E-2,5.034438608E-2
1.476078383E2,-4.324951530E-2,-1.148860931E-2,-3.691815019E-2,5.801257218E-2
1.476178263E2,-2.361865819E-2,5.816956311E-3,-2.224865556E-2,3.296483990E-2
1.476278153E2,-1.626286089E-2,5.477671623E-3,9.530961514E-4,1.718702776E-2
1.476378033E2,-1.505131781E-2,1.608715206E-2,7.549340129E-3,2.328800476E-2
1.476477913E2,2.169317007E-4,1.283171475E-3,3.837527633E-3,4.052185426E-3
1.476577793E2,-1.114128470E-2,1.994616821E-2,2.142244399E-2,3.131930647E-2
1.476677673E2,-5.380607843E-3,3.130847767E-2,1.600441396E-2,3.557123812E-2
1.476777563E2,-6.132559776E-3,6.111217439E-3,5.697526932E-3,1.036422120E-2
1.476877443E2,-1.279487729E-2,-1.224114597E-3,1.211133778E-2,1.766045991E-2
1.476977323E2,-2.969274580E-2,-3.071396202E-3,7.295570970E-3,3.072975730E-2
1.477077203E2,-4.475341916E-2,8.145171404E-4,1.260659695E-2,4.650223921E-2
1.477177093E2,-2.174404085E-2,-5.022904426E-3,1.527877450E-3,2.236889114E-2
1.477276973E2,-2.055764079E-2,-1.235692084E-2,-3.139954805E-3,2.419027498E-2
1.477376853E2,4.853188992E-3,1.536063552E-2,-2.787543118E-2,3.219537592E-2
1.477476733E2,1.184528947E-2,2.050516203E-2,-3.512013137E-2,4.235795297E-2
1.477576623E2,2.646040499E-2,2.818986520E-2,-2.996464133E-2,4.891524571E-2
1.477676503E2,2.679077268E-2,2.986757755E-2,-1.436660886E-2,4.261709915E-2
1.477776383E2,1.211309195E-2,2.796036199E-2,-1.202304482E-2,3.275763187E-2
1.477876263E2,3.141065776E-2,1.975043267E-2,-1.930633664E-2,4.182635110E-2
1.477976153E2,2.147799253E-2,2.785174996E-2,-2.685801566E-2,4.425355516E-2
1.478076033E2,1.188914359E-2,2.912658915E-2,-1.957589328E-2,3.705300971E-2
1.478175913E2,-1.505658031E-3,2.301902622E-2,-2.800290048E-2,3.628091798E-2
1.478275793E2,1.777553558E-3,1.634209067E-2,-1.585121691E-2,2.283603953E-2
1.478375683E2,-1.459581971E-2,9.157762975E-3,-1.610089302E-2,2.358264896E-2
1.478475563E2,1.837779880E-2,5.947641581E-3,-2.411450207E-2,3.089704094E-2
1.478575443E2,3.737715662E-2,1.865934223E-2,-1.871986091E-2,4.577833638E-2
1.478675323E2,2.355960131E-2,1.745744705E-2,-5.955973864E-3,2.992141200E-2
1.478775203E2,3.693042934E-2,4.225344211E-3,-1.636752605E-2,4.061534259E-2
1.478875093E2,2.771814108E-2,8.718929440E-3,-4.244493842E-3,2.936546958E-2
1.478974965E2,1.971681118E-3,1.069207236E-2,2.017874122E-3,1.105801762E-2
1.479074845E2,3.547505736E-3,1.201734379E-2,-8.105410337E-3,1.492310375E-2
1.479174725E2,5.399903655E-3,9.655507207E-3,4.886518121E-3,1.209404144E-2
1.479274615E2,6.595659256E-3,1.249023736E-2,5.004047155E-3,1.498496707E-2
1.479374495E2,1.950572670E-2,-1.143423021E-3,-1.302116454E-2,2.348044965E-2
1.479474375E2,1.959577382E-2,2.313743234E-3,-1.704872668E-2,2.607694078E-2
1.479574255E2,5.361896753E-3,-5.928930491E-3,-1.381346226E-2,1.595975855E-2
1.479674145E2,1.291357577E-2,2.207470089E-3,-1.706451416E-2,2.151350754E-2
1.479774025E2,2.767662585E-2,-9.027223885E-3,-2.858352900E-2,4.079833966E-2
1.479873905E2,1.428123951E-2,-1.148553953E-2,-1.720016956E-2,2.513398602E-2
1.479973785E2,4.082525969E-3,-2.313450873E-3,-1.338486135E-2,1.418356748E-2
1.480073675E2,4.259111881E-3,1.139052227E-2,-2.546520889E-2,2.821986703E-2
1.480173555E2,6.516137123E-3,6.738038957E-3,-4.773082137E-3,1.051872260E-2
1.480273435E2,1.078928232E-2,3.930717632E-2,-6.482807994E-3,4.127335124E-2
1.480373315E2,2.609787762E-2,2.504844859E-2,-1.299192846E-2,3.843584523E-2
1.480473205E2,9.307597876E-3,2.208975747E-2,-3.772915900E-2,4.469986803E-2
1.480573085E2,2.779181600E-3,3.487951845E-2,-2.225859582E-2,4.146986551E-2
1.480672965E2,3.412435055E-3,4.011116847E-2,-5.067781806E-3,4.057379649E-2
1.480772845E2,6.675766110E-3,3.024311498E-2,-2.468168199E-2,3.960299588E-2
1.480872725E2,2.207499325E-2,3.193778425E-2,-1.522498012E-2,4.170284654E-2
1.480972615E2,1.733465552E-2,5.544914603E-3,-3.749234676E-3,1.858206449E-2
1.481072495E2,1.588162243E-2,4.339218736E-3,-4.535100460E-3,1.707694020E-2
1.481172375E2,2.697671413E-2,6.153755933E-3,-1.966886401E-2,3.394813734E-2
1.481272255E2,5.898086429E-3,7.740690261E-3,-2.120668173E-2,2.333300365E-2
1.481372145E2,8.605931997E-3,1.275540859E-2,-2.973659992E-2,3.348175456E-2
1.481472025E2,2.472787499E-2,1.681439951E-2,-1.476831257E-2,3.335108527E-2
1.481571905E2,2.065061152E-2,-5.399172753E-3,1.027472734E-2,2.368900261E-2
1.481671785E2,8.674929142E-3,-8.215484172E-3,1.207274616E-2,1.698528115E-2
1.481771675E2,-1.015427470E-2,-1.700881943E-2,1.052440345E-2,2.243150243E-2
1.481871555E2,-1.874734282E-2,4.244347662E-3,-1.027004957E-2,2.179337671E-2
1.481971435E2,-1.309776306E-2,-6.408548355E-4,2.910159230E-3,1.343246511E-2
1.482071315E2,-1.315623522E-2,-1.377896369E-3,2.364730954E-2,2.709576299E-2
1.482171205E2,-5.055502653E-3,-1.211367667E-2,5.820318460E-3,1.435880832E-2
1.482271085E2,-4.436282516E-3,-1.962895676E-2,-1.071502268E-2,2.279886526E-2
1.482370965E2,-1.636518717E-2,-5.179902166E-3,-7.664530277E-3,1.879882342E-2
1.482470845E2,-2.992020249E-3,1.607984304E-5,-1.866431236E-3,3.526472642E-3
1.482570735E2,1.162309527E-2,3.520170003E-3,-7.705460787E-3,1.438270025E-2
1.482670615E2,6.920764446E-3,9.762072712E-3,-9.374840856E-3,1.520140405E-2
1.482770495E2,2.112949848E-2,2.792747140E-2,-2.770937026E-2,4.465656239E-2
1.482870375E2,3.988970518E-3,3.050507024E-2,-2.467700422E-2,3.943888606E-2
1.482970255E2,-1.389883161E-3,2.420264885E-2,-1.599973619E-2,2.904636887E-2
1.483070145E2,2.917760611E-4,3.056325004E-2,-3.908278942E-3,3.081350402E-2
1.483170025E2,1.735161245E-2,5.177767932E-2,-1.977002084E-2,5.807633128E-2
1.483269905E2,2.255271077E-3,4.340154290E-2,-1.752410531E-2,4.686015835E-2
1.483369785E2,1.095066547E-2,2.374963582E-2,-1.446776569E-2,2.988776539E-2
1.483469675E2,2.407006323E-2,5.171131343E-3,-9.376595020E-3,2.634443162E-2
1.483569555E2,2.703635573E-2,3.774523884E-3,-3.114811778E-3,2.747569133E-2
1.483669435E2,3.290228248E-2,6.102008075E-3,-2.061962128E-2,3.930602341E-2
1.483769315E2,2.994008303E-2,8.913934082E-3,-2.868760943E-2,4.241280146E-2
1.483869205E2,3.380743146E-2,1.335197076E-2,-1.126933873E-2,3.805542721E-2
1.483969085E2,2.865311086E-2,1.350765288E-2,-1.398186207E-2,3.462585617E-2
1.484068965E2,1.742177904E-2,2.499626219E-2,-3.378170371E-2,4.549214233E-2
1.484168845E2,1.977060556E-2,6.207550317E-3,-3.541424632E-2,4.103144365E-2
1.484268735E2,3.022016466E-2,1.207493886E-2,-2.779123127E-2,4.279503518E-2
1.484368615E2,3.812267661E-2,1.070362061E-2,-2.089151680E-2,4.477009538E-2
1.484468495E2,3.954764307E-2,7.632516772E-3,-1.872570813E-2,4.441760382E-2
1.484568375E2,5.631102562E-2,2.160955489E-2,-1.961390018E-2,6.342404551E-2
1.484668255E2,4.195961952E-2,-4.630117714E-3,-1.556704223E-2,4.499311574E-2
1.484768145E2,4.981769264E-2,5.766231716E-3,-3.626677036E-2,6.188966441E-2
1.484868025E2,3.598902762E-2,7.268381417E-3,-2.223696113E-2,4.292460737E-2
1.484967905E2,2.047577977E-2,2.514712036E-2,-1.154357314E-2,3.442222103E-2
1.485067785E2,1.855555415E-2,7.137842327E-3,4.983581901E-3,2.049618188E-2
1.485167675E2,3.810571969E-2,1.422554478E-2,-2.353504300E-3,4.074249599E-2
1.485267555E2,1.890814126E-2,-1.042836294E-2,-6.750610471E-3,2.262386574E-2
1.485367435E2,1.846784592E-2,-3.474941790E-2,-8.584297299E-3,4.027745694E-2
1.485467315E2,-4.481890798E-3,-2.750866458E-2,6.373465061E-5,2.787145554E-2
1.485567205E2,-1.608861387E-2,-2.936413229E-2,9.956638813E-3,3.493179665E-2
1.485667085E2,-1.560797274E-2,-1.641561940E-2,1.224114597E-2,2.574736934E-2
1.485766965E2,-8.218846321E-3,1.757322192E-2,2.748366773E-2,3.364103975E-2
1.485866845E2,-1.667684376E-2,1.986591518E-2,1.461394608E-2,2.977144813E-2
1.485966735E2,-2.814147949E-2,3.297844246E-2,1.863624573E-2,4.718930165E-2
1.486066615E2,-5.780148089E-2,5.119631991E-2,-1.166928828E-2,7.809127130E-2
1.486166495E2,-7.406375706E-2,3.032395273E-2,-2.310819626E-2,8.330048592E-2
1.486266375E2,-4.840149701E-2,1.158581927E-2,-2.275677860E-2,5.472483068E-2
1.486366265E2,5.761846304E-3,-4.989136755E-4,-1.899877310E-2,1.985953592E-2
1.486466145E2,4.533931017E-2,7.388395518E-3,-1.649382591E-2,4.880868497E-2
1.486566025E2,6.727455497E-2,2.250871047E-2,-4.120649815E-2,8.203952269E-2
1.486665905E2,8.865139067E-2,2.262521625E-2,-3.437519610E-2,9.773752394E-2
1.486765785E2,5.685072362E-2,2.645645812E-2,-3.410563946E-2,7.138027456E-2
1.486865675E2,5.305646539E-2,3.566582277E-2,-4.863012314E-2,8.032389626E-2
1.486965555E2,1.797200203E-2,3.455178201E-2,-2.785613537E-2,4.788301134E-2
1.487065435E2,-1.641664267E-2,4.173479408E-2,-7.141789198E-3,4.541260118E-2
1.487165315E2,-3.797123373E-2,4.694480941E-2,-1.331995726E-3,6.039374085E-2
1.487265205E2,-3.355073869E-2,5.435893267E-2,-8.195457458E-3,6.440272627E-2
1.487365085E2,-3.907401860E-2,4.750658065E-2,-6.300959587E-3,6.183329383E-2
1.487464965E2,-2.254803300E-2,3.231244460E-2,-4.349743724E-3,3.964124290E-2
1.487564845E2,-2.154698968E-3,3.089420244E-2,-8.846837282E-3,3.220808908E-2
1.487664735E2,1.441689491E-2,1.896398216E-2,-2.878876626E-2,3.736673041E-2
1.487764615E2,1.737558603E-2,2.477830723E-2,-3.363552332E-2,4.524625872E-2
1.487864495E2,2.032901466E-2,2.790598288E-2,-4.038730323E-2,5.313329446E-2
1.487964375E2,5.777049065E-4,2.533481598E-2,-3.471959710E-2,4.298414901E-2
1.488064265E2,1.476538897E-2,9.443253279E-3,-1.880464554E-2,2.570615564E-2
1.488164145E2,2.131660938E-2,2.501497328E-2,2.353504300E-3,3.294974516E-2
1.488264025E2,2.127684832E-2,1.965073764E-2,1.285627306E-2,3.168816058E-2
1.488363905E2,3.655854642E-2,-1.095768213E-3,5.481179953E-3,3.698339301E-2
1.488463785E2,1.350823760E-2,5.140141100E-3,1.010106504E-2,1.763306691E-2
1.488563675E2,1.378188729E-2,8.200866133E-3,1.473381400E-2,2.177796817E-2
1.488663555E2,8.679606915E-3,-8.098978400E-3,6.586303711E-3,1.357602386E-2
1.488763435E2,2.917409778E-2,-1.060977280E-3,-1.620380402E-2,3.338887417E-2
1.488863315E2,1.091675162E-2,3.348992765E-2,-1.787201464E-2,3.949885603E-2
1.488963203E2,1.964664459E-4,1.036725953E-2,-2.483254015E-2,2.691047602E-2
1.489063083E2,1.007475257E-3,1.846170634E-2,-1.935194492E-2,2.676466663E-2
1.489162963E2,2.533013821E-2,1.451600522E-2,-2.242874980E-2,3.681547401E-2
1.489262843E2,2.689777672E-2,5.844730586E-3,-8.871980309E-3,2.891994645E-2
1.489362733E2,3.586915970E-2,-1.664146811E-2,4.636842012E-4,3.954428001E-2
1.489462613E2,3.611825109E-2,-8.148241192E-3,-1.774396062E-2,4.105812994E-2
1.489562493E2,5.807863891E-2,-5.844145864E-3,-3.765080631E-2,6.946125218E-2
1.489662373E2,4.902188659E-2,-1.043596432E-2,-2.475418746E-2,5.590012981E-2
1.489762263E2,3.844310403E-2,-1.107433408E-2,-3.311395168E-2,5.193310042E-2
1.489862143E2,4.419384062E-2,-3.144340217E-3,-2.288307846E-2,4.986599747E-2
1.489962023E2,3.056105733E-2,-9.835893810E-3,-2.796898663E-2,4.257918794E-2
1.490061903E2,2.431740046E-2,1.557113528E-3,-1.053726733E-2,2.654796735E-2
1.490161793E2,2.146395922E-2,1.357825801E-2,-5.032113791E-3,2.589194479E-2
1.490261673E2,2.437119484E-2,1.541954622E-2,-8.301292062E-3,3.001048139E-2
1.490361553E2,1.009638727E-2,1.698192224E-2,-1.275277734E-2,2.351501751E-2
1.490461433E2,2.083012104E-2,1.541837677E-2,-1.193475187E-2,2.853171195E-2
1.490561323E2,6.778677106E-3,1.692578897E-2,-5.191742778E-3,1.895750481E-2
1.490661203E2,3.700118065E-3,2.934469029E-2,-7.986127138E-3,3.063625220E-2
1.490761083E2,-2.417823672E-3,3.958813503E-2,-2.072136283E-2,4.474864450E-2
1.490860963E2,-2.906533957E-2,3.395960525E-2,-5.147888660E-3,4.499499428E-2
1.490960843E2,-3.619835794E-2,2.139817804E-2,1.036945224E-2,4.330968345E-2
1.491060733E2,-2.329706132E-2,1.453325450E-2,5.101695657E-3,2.792840582E-2
1.491160613E2,-2.787426174E-2,2.662675828E-3,6.046605706E-3,2.864656612E-2
1.491260493E2,-1.506476641E-2,6.709095240E-3,3.660356998E-3,1.689252377E-2
1.491360373E2,-1.873506367E-2,-1.359185278E-3,3.166851997E-3,1.904938180E-2
1.491460263E2,-1.399706483E-2,-1.708644122E-2,3.508329391E-3,2.236454052E-2
1.491560143E2,9.895827770E-3,-1.804289952E-2,-7.981449366E-3,2.207209017E-2
1.491660023E2,9.787654281E-3,-1.986211449E-2,1.828424335E-3,2.221812107E-2
1.491759903E2,2.108272076E-2,-7.700490654E-3,2.385663986E-3,2.257144354E-2
1.491859793E2,1.522439539E-2,-2.111531898E-2,-7.944611907E-3,2.721682879E-2
1.491959673E2,5.460129976E-3,-8.003376424E-3,-8.561493158E-3,1.292927758E-2
1.492059553E2,7.149390578E-3,-1.344567239E-3,2.435365319E-3,7.671548145E-3
1.492159433E2,1.970102370E-2,2.725533396E-3,4.859620929E-3,2.047375839E-2
1.492259323E2,2.376483858E-2,5.126107782E-3,1.101030707E-3,2.433632680E-2
1.492359203E2,2.256732881E-2,-1.145981178E-2,9.786484838E-3,2.713644968E-2
1.492459083E2,2.334968626E-2,7.806763798E-3,-1.330767810E-2,2.798656296E-2
1.492558963E2,3.155917704E-2,-7.889063358E-3,-2.473606110E-2,4.086675537E-2
1.492658853E2,3.829809308E-2,3.856823444E-3,-3.964704573E-2,5.525854917E-2
1.492758733E2,4.332377493E-2,1.697841391E-2,-4.330915689E-2,6.356806655E-2
1.492858613E2,3.537682414E-2,1.452594548E-2,-3.656848669E-2,5.291291900E-2
1.492958493E2,4.697536111E-2,2.264685094E-2,-1.490513742E-2,5.423769474E-2
1.493058383E2,1.703469336E-2,1.084980100E-2,-1.024841487E-2,2.264793516E-2
1.493158263E2,8.457997441E-3,9.157032073E-3,-5.505738258E-3,1.362725618E-2
1.493258143E2,-1.167688966E-3,3.541512340E-3,-1.394151628E-2,1.443162095E-2
1.493358023E2,-6.220852733E-3,1.785301119E-3,-9.461964369E-3,1.146364159E-2
1.493457903E2,-6.254181862E-3,9.734736979E-3,-4.150353670E-3,1.229249081E-2
1.493557793E2,-1.504196227E-2,2.394332483E-2,-1.435432971E-2,3.171104246E-2
1.493657673E2,-2.751524270E-2,3.712397218E-3,3.086160421E-3,2.793554832E-2
1.493757553E2,-1.902976334E-2,9.962193668E-3,2.113183737E-3,2.158339040E-2
1.493857433E2,-1.641488850E-2,-4.617546201E-3,-9.352036715E-3,1.944815899E-2
1.493957323E2,-4.730982184E-3,-5.465977192E-3,2.444136143E-4,7.233176142E-3
1.494057203E2,8.638091683E-3,4.772205055E-3,-2.502608299E-4,9.871838709E-3
1.494157083E2,-5.274773240E-3,2.364774808E-2,-1.237095416E-2,2.720440642E-2
1.494256963E2,-1.380936921E-2,2.221386462E-2,-1.645523429E-2,3.090192866E-2
1.494356853E2,-3.069203496E-3,2.852417976E-2,-1.962267101E-2,3.475770502E-2
1.494456733E2,-5.139702559E-3,3.055944934E-2,-7.968585491E-3,3.199679424E-2
1.494556613E2,8.981323242E-3,4.301299542E-2,-2.209604323E-2,4.918350403E-2
1.494656493E2,2.024364531E-2,2.940316245E-2,-1.312758386E-2,3.803530722E-2
1.494756383E2,3.330632508E-2,2.340830460E-2,-2.751524270E-2,4.913602136E-2
1.494856263E2,2.060149491E-2,3.448760882E-2,-3.316599190E-2,5.209414337E-2
1.494956143E2,2.450509608E-2,2.705828279E-2,-7.214294672E-3,3.721150963E-2
1.495056023E2,2.567512393E-2,1.367605269E-2,-3.945116401E-3,2.935660657E-2
1.495155913E2,5.201683044E-3,1.337272838E-2,2.514887452E-3,1.456749909E-2
1.495255793E2,3.142469108E-2,1.837604463E-2,-1.708497941E-2,4.021301714E-2
1.495355673E2,1.820472121E-2,3.846152276E-3,-2.074358225E-2,2.786576692E-2
1.495455553E2,9.080141187E-3,2.487697899E-2,-2.921619773E-2,3.943221091E-2
1.495555433E2,2.648671746E-2,1.561952099E-2,-1.643827736E-2,3.486735724E-2
1.495655323E2,2.114411652E-2,8.066964895E-3,-1.925137281E-2,2.971136048E-2
1.495755203E2,1.973786116E-2,-2.612828314E-3,-2.725270271E-2,3.375084947E-2
1.495855083E2,2.673463941E-2,1.805561721E-2,-2.735795259E-2,4.229898140E-2
1.495954963E2,1.773518980E-2,1.216644779E-2,-9.794086218E-3,2.363225621E-2
1.496054853E2,6.481053829E-3,9.515174031E-3,-1.607224166E-2,1.977016812E-2
1.496154733E2,-3.935176134E-3,1.269956768E-2,-7.901927233E-3,1.546625631E-2
1.496254613E2,1.663942158E-2,1.577417985E-2,-2.259247184E-2,3.218873847E-2
1.496354493E2,9.419279695E-3,2.555174768E-2,-8.774331808E-3,2.861124845E-2
1.496454383E2,3.139370084E-3,1.793589547E-2,1.561791301E-3,1.827542566E-2
1.496554263E2,2.569441974E-2,2.442615867E-2,-2.256206632E-2,4.202246149E-2
1.496654143E2,6.957601905E-3,2.710564524E-2,-2.557572126E-3,2.810098581E-2
1.496754023E2,2.184987545E-2,1.459903568E-2,5.598124266E-3,2.686797155E-2
1.496853913E2,1.188212693E-2,1.664731532E-2,7.783813477E-3,2.188391647E-2
1.496953793E2,5.733194947E-3,1.106848687E-2,-7.335916758E-3,1.446363027E-2
1.497053673E2,-1.089862525E-2,3.325165361E-3,-2.025650918E-2,2.324140532E-2
1.497153553E2,-2.514302731E-4,3.516807854E-3,-1.269781351E-2,1.317822532E-2
1.497253443E2,1.558341444E-2,2.028545290E-2,-1.720192373E-2,3.082610233E-2
1.497353323E2,2.058804631E-3,1.490192145E-2,-1.375615954E-2,2.038474589E-2
1.497453203E2,1.398069263E-3,2.727155998E-2,-8.369704485E-3,2.856124183E-2
1.497553083E2,1.358249724E-2,1.677332282E-2,-9.091250896E-3,2.341963775E-2
1.497652963E2,1.432100058E-2,4.245809466E-3,-9.856066704E-3,1.789580974E-2
1.497752853E2,-1.535478830E-3,2.005463406E-2,-1.051212430E-2,2.269473067E-2
1.497852733E2,5.114559531E-3,2.565568194E-2,-1.289486468E-2,2.916590938E-2
1.497952613E2,1.381872475E-2,2.378354967E-2,-4.547379613E-3,2.787997579E-2
1.498052493E2,1.844738066E-2,3.089288682E-2,-1.051212430E-2,3.748574484E-2
1.498152383E2,6.968126893E-3,2.397636160E-2,-2.477699161E-2,3.517556000E-2
1.498252263E2,2.925712824E-2,1.659498274E-2,-2.151833832E-2,3.993008752E-2
1.498352143E2,1.788721740E-2,1.294646636E-2,-2.734333456E-2,3.514571784E-2
1.498452023E2,1.622543871E-2,1.721683413E-2,-1.466013908E-2,2.783170704E-2
1.498551913E2,2.438522816E-2,1.545945346E-2,-8.908817768E-3,3.021590786E-2
1.498651793E2,1.352636397E-2,3.654509783E-3,-1.741300821E-3,1.411913923E-2
1.498751673E2,6.416149735E-3,1.997277305E-2,-1.201018095E-3,2.101240312E-2
1.498851553E2,-2.055881023E-3,3.454198793E-2,-8.232879639E-4,3.461290770E-2
1.498951450E2,-6.404455304E-3,2.246763378E-2,1.278084397E-2,2.663008803E-2
1.499051330E2,-3.731108308E-3,2.251236498E-2,-4.854943156E-3,2.333019973E-2
1.499151210E2,-1.823161840E-3,3.407786518E-2,-2.535937428E-3,3.422069247E-2
1.499251090E2,3.692516685E-3,2.551637203E-2,-3.985462189E-3,2.608838496E-2
1.499350980E2,9.154400826E-3,1.842194527E-2,-2.706676126E-3,2.074842688E-2
1.499450860E2,2.861042619E-3,1.740833044E-2,-6.251258254E-3,1.871667073E-2
1.499550740E2,1.268553436E-2,1.562975362E-2,-2.759885788E-3,2.031819258E-2
1.499650620E2,2.069563508E-2,9.562536478E-3,-5.947203040E-3,2.356099827E-2
1.499750510E2,5.702204704E-3,2.893816262E-2,-2.170486450E-3,2.957437076E-2
1.499850390E2,6.747686863E-3,2.143910855E-2,-3.177493930E-2,3.892060407E-2
1.499950270E2,1.628741920E-2,1.043406397E-2,-1.878593445E-2,2.696406958E-2
1.500050150E2,-1.017064691E-2,1.997657374E-2,8.197796345E-4,2.243162044E-2
1.500150040E2,2.636509538E-3,1.619576409E-2,-5.987548828E-3,1.746724644E-2
1.500249920E2,1.212127805E-2,8.559885174E-3,-1.051914096E-3,1.487627436E-2
1.500349800E2,1.927125335E-2,-8.091084659E-4,-3.031196594E-3,1.952495877E-2
1.500449680E2,3.312213778E-2,9.962339848E-3,-7.577991486E-3,3.540833492E-2
1.500549560E2,1.708205581E-2,1.147808433E-2,-3.441144884E-2,4.009602052E-2
1.500649450E2,1.358074307E-2,-1.562083662E-3,-3.213571250E-2,3.492249570E-2
1.500749330E2,1.438473523E-2,1.956244469E-2,-3.404833674E-2,4.181984080E-2
1.500849210E2,2.210305989E-2,2.051188633E-2,9.288302064E-3,3.155242134E-2
1.500949090E2,3.089844167E-2,7.128048241E-3,1.846492231E-2,3.669436095E-2
1.501048980E2,3.880621612E-2,-7.898126543E-4,-4.213152766E-2,5.728535447E-2
1.501148860E2,1.668619931E-2,1.179968119E-2,-3.870330513E-2,4.376765416E-2
1.501248740E2,-8.851515055E-3,1.976943612E-2,-6.551220417E-3,2.262959152E-2
1.501348620E2,-2.109675407E-3,2.883525163E-2,-3.801859617E-3,2.916121745E-2
1.501448510E2,3.449857235E-4,1.282849878E-2,1.670023263E-2,2.106150911E-2
1.501548390E2,1.010048032E-2,4.457040131E-3,2.682702541E-3,1.136141727E-2
1.501648270E2,2.169726312E-2,3.265962303E-3,-9.312275648E-3,2.383602766E-2
1.501748150E2,1.404150367E-2,1.407117829E-2,-9.552596211E-3,2.205479490E-2
1.501848040E2,2.144583285E-2,-4.558781683E-3,-2.698490024E-3,2.209045236E-2
1.501947920E2,1.233587086E-2,-1.452536076E-2,-5.808624029E-3,1.992234746E-2
1.502047800E2,1.220138490E-2,-1.383699730E-2,9.169603586E-3,2.060140572E-2
1.502147680E2,1.229084730E-3,-1.991707832E-2,6.823700666E-3,2.108941793E-2
1.502247570E2,2.037754655E-3,-5.223025382E-4,6.610862017E-3,6.937488060E-3
1.502347450E2,-1.633419693E-2,5.427677929E-3,1.267617881E-2,2.137641659E-2
1.502447330E2,-8.152188063E-3,1.110722467E-2,2.720709443E-3,1.404389084E-2
1.502547210E2,2.133064270E-3,3.826417923E-3,6.809082627E-3,8.096606914E-3
1.502647090E2,-1.198679209E-3,1.618158460E-2,5.987548828E-3,1.729541132E-2
1.502746980E2,7.372169495E-3,2.291933119E-2,-1.586583495E-2,2.883347610E-2
1.502846860E2,1.791177571E-2,2.189592227E-2,-6.781600714E-3,2.909043192E-2
1.502946740E2,1.603014171E-2,1.467227206E-2,-1.432567835E-2,2.602817840E-2
1.503046620E2,3.898514092E-2,3.082155079E-2,-3.490963161E-2,6.073295304E-2
1.503146510E2,3.498856902E-2,2.753746212E-2,-5.057724595E-2,6.738374871E-2
1.503246390E2,3.850391507E-2,2.406246185E-2,-2.298131168E-2,5.088903843E-2
1.503346270E2,3.436817944E-2,2.540410548E-2,-2.886419535E-2,5.157210590E-2
1.503446150E2,3.209361255E-2,1.790432051E-2,-1.821758509E-2,4.101761897E-2
1.503546040E2,3.238714278E-2,7.936279625E-3,-1.497588873E-2,3.655391627E-2
1.503645920E2,2.219544590E-2,1.508873999E-2,-1.751767337E-2,3.204959865E-2
1.503745800E2,2.540966034E-2,9.173404276E-3,-1.339714050E-2,3.015436218E-2
1.503845680E2,3.302858233E-2,1.469741508E-2,-2.266848564E-2,4.267038203E-2
1.503945570E2,2.236267626E-2,1.557157382E-2,-2.384202182E-2,3.620780587E-2
1.504045450E2,1.429468811E-2,4.270513952E-3,-1.608744442E-2,2.194040258E-2
1.504145330E2,4.540947676E-3,-8.620988578E-3,-1.146755934E-2,1.504814165E-2
1.504245210E2,3.076395571E-2,1.691745669E-3,5.949541926E-3,3.137961159E-2
1.504345100E2,2.498807609E-2,-5.858471543E-3,-4.928033352E-3,2.613448198E-2
1.504444980E2,2.104880691E-2,-6.475791335E-5,-7.449937463E-3,2.232841315E-2
1.504544860E2,1.214525163E-2,1.008571610E-2,-2.091022789E-2,2.620050452E-2
1.504644740E2,-3.367411494E-3,6.087974757E-3,-2.303101301E-2,2.405889559E-2
1.504744630E2,1.957063079E-3,2.960883826E-3,-1.769718289E-2,1.804957649E-2
1.504844510E2,7.776796818E-4,1.866138875E-2,-2.138268292E-2,2.839139561E-2
1.504944390E2,1.111555696E-3,3.568000227E-2,-2.239366651E-2,4.213993851E-2
1.505044270E2,2.183467269E-2,1.357460350E-2,-2.104705274E-2,3.322651382E-2
1.505144150E2,2.077398777E-2,1.901017517E-2,-2.110026240E-2,3.518758874E-2
1.505244040E2,1.917535901E-2,2.595900625E-2,1.113894582E-2,3.414147789E-2
1.505343920E2,1.952502251E-2,1.891091868E-2,-7.648158073E-4,2.719254112E-2
1.505443800E2,1.301005483E-2,1.821086079E-2,3.180885315E-4,2.238298813E-2
1.505543680E2,3.541073799E-3,2.543334156E-2,-5.806285143E-4,2.568523304E-2
1.505643570E2,7.861581445E-3,2.316199064E-2,-2.321227670E-2,3.372079570E-2
1.505743450E2,7.438243032E-3,2.327060267E-2,-4.352491915E-2,4.991259355E-2
1.505843330E2,2.370461226E-2,2.569295794E-2,-2.204575717E-2,4.132858743E-2
1.505943210E2,1.125589013E-3,2.570245966E-2,-1.170671046E-2,2.826535783E-2
1.506043100E2,-8.669081926E-3,2.940871730E-2,-2.031790495E-2,3.678101272E-2
1.506142980E2,2.897295356E-3,1.411006227E-2,-1.822927952E-2,2.323348466E-2
1.506242860E2,1.180026591E-2,2.319502741E-2,8.311817050E-3,2.731925831E-2
1.506342740E2,-8.752697110E-3,3.845552936E-2,4.001249671E-3,3.964148640E-2
1.506442630E2,-4.590649009E-3,3.202066854E-2,4.171403646E-3,3.261591452E-2
1.506542510E2,-2.066289067E-2,1.402659327E-2,-1.226161122E-2,2.782170878E-2
1.506642390E2,-2.919339359E-2,2.115259498E-2,-1.901280642E-2,4.075749393E-2
1.506742270E2,-3.638780773E-2,2.870281219E-2,-1.132547200E-2,4.770943612E-2
1.506842160E2,-5.706297755E-3,3.050521642E-2,-1.918997705E-2,3.648815263E-2
1.506942040E2,-5.447266102E-3,2.604320616E-2,-1.310945749E-3,2.663906668E-2
1.507041920E2,2.900218964E-4,2.988204941E-2,1.395145655E-3,2.991600610E-2
1.507141800E2,1.772758842E-2,1.348514110E-2,-1.152720094E-2,2.507972853E-2
1.507241690E2,2.859814703E-2,2.336693555E-2,-1.243644297E-2,3.896835645E-2
1.507341570E2,2.158324242E-2,2.075746939E-2,-1.910928547E-2,3.552286137E-2
1.507441450E2,1.651779950E-2,2.888568386E-2,-1.328662813E-2,3.582952581E-2
1.507541330E2,1.804567695E-2,2.104018226E-2,-2.909866869E-2,4.018791169E-2
1.507641210E2,1.409062028E-2,1.629165843E-2,-1.652013838E-2,2.714550951E-2
1.507741100E2,3.202520013E-3,2.825228423E-3,-1.319424212E-2,1.386816769E-2
1.507840980E2,1.885727048E-3,3.806829751E-3,-1.997291923E-2,2.041973118E-2
1.507940860E2,7.841700912E-3,1.442946643E-3,-2.398644805E-2,2.527694717E-2
1.508040740E2,1.422744513E-2,-7.879415452E-3,-2.422618389E-2,2.917898848E-2
1.508140630E2,3.354372203E-2,-1.884382188E-2,-1.616111934E-2,4.173071638E-2
1.508240510E2,2.217965841E-2,1.209058017E-3,-8.276733756E-3,2.370450148E-2
1.508340390E2,3.104871511E-4,6.061662287E-3,-3.253917038E-2,3.310041935E-2
1.508440270E2,1.348952651E-2,1.398215443E-3,-2.109383047E-2,2.507732074E-2
1.508540160E2,1.524778426E-2,3.282334507E-3,-3.237837195E-2,3.593922112E-2
1.508640040E2,1.818893373E-2,1.615775719E-2,-3.764905214E-2,4.482590272E-2
1.508739920E2,2.384553015E-2,7.731773257E-3,-1.956127524E-2,3.179674693E-2
1.508839800E2,1.541676879E-2,-8.365611434E-3,5.231503844E-3,1.830379324E-2
1.508939687E2,1.126524568E-2,-2.392095923E-3,-6.288680434E-3,1.312156182E-2
1.509039567E2,1.517644823E-2,7.352873683E-3,-9.106453657E-3,1.916551148E-2
1.509139447E2,2.092601538E-2,3.652170897E-3,-2.288600206E-3,2.136525597E-2
1.509239327E2,1.404267311E-2,-3.654948324E-3,-9.946113825E-3,1.759205774E-2
1.509339217E2,3.466872633E-2,-1.149562597E-3,-8.880166411E-3,3.580641611E-2
1.509439097E2,4.416285038E-2,6.550489515E-3,-2.930156708E-2,5.340269750E-2
1.509538977E2,1.787376881E-2,2.535835102E-2,-1.857368052E-2,3.615935821E-2
1.509638857E2,6.371126175E-3,3.412025750E-2,-1.554072976E-2,3.803021827E-2
1.509738747E2,-2.384494543E-3,3.324536785E-2,-1.199673235E-2,3.542402977E-2
1.509838627E2,-1.218910575E-2,4.393130064E-2,-4.665493369E-3,4.582903341E-2
1.509938507E2,1.202012122E-2,2.758117005E-2,-7.861581445E-3,3.109676379E-2
1.510038387E2,-6.348906755E-3,1.679393426E-2,1.909700632E-3,1.805524304E-2
1.510138277E2,-3.946870565E-3,1.191019356E-2,-1.705106556E-2,2.117001027E-2
1.510238157E2,1.453150034E-2,2.476632044E-2,-1.673180759E-2,3.323384593E-2
1.510338037E2,7.543492913E-3,2.879958361E-2,-8.729308248E-3,3.102452456E-2
1.510437917E2,2.744624555E-2,3.494763851E-2,-1.400174260E-2,4.659058519E-2
1.510537797E2,2.359468460E-2,2.097074658E-2,-4.806995988E-3,3.193099691E-2
1.510637687E2,2.302984357E-2,3.023858339E-2,-2.269012034E-2,4.426722468E-2
1.510737567E2,-5.817979574E-4,3.806990549E-2,-2.657325625E-2,4.643053027E-2
1.510837447E2,5.868850350E-3,3.921011254E-2,-7.673885822E-3,4.038272965E-2
1.510937327E2,3.765606880E-3,3.775167078E-2,-2.506116629E-3,3.802169200E-2
1.511037217E2,-1.715456128E-2,3.417902201E-2,-3.180300593E-3,3.837445544E-2
1.511137097E2,-7.338840365E-3,2.205803633E-2,-2.084356964E-2,3.122290729E-2
1.511236977E2,9.408169985E-3,2.170691103E-2,-1.175290346E-4,2.365834867E-2
1.511336857E2,-3.220646381E-3,1.915927917E-2,-2.979624152E-2,3.557058546E-2
1.511436747E2,-2.173702419E-2,2.294769019E-2,-1.676279783E-2,3.577829086E-2
1.511536627E2,-2.601075411E-2,1.709491968E-2,-2.564004064E-3,3.123090977E-2
1.511636507E2,-2.033486187E-2,1.397236034E-2,-1.071560740E-2,2.689902792E-2
1.511736387E2,-8.940977454E-3,-3.654509783E-6,-5.883468390E-3,1.070309728E-2
1.511836277E2,1.327317953E-3,-1.581379473E-3,-8.127629757E-4,2.218809961E-3
1.511936157E2,1.418943822E-2,-7.087410092E-3,3.429391980E-3,1.622751578E-2
1.512036037E2,2.226034999E-3,-1.684977517E-2,-1.078811288E-3,1.703038428E-2
1.512135917E2,2.337190568E-2,-2.917833701E-2,-1.504254699E-2,4.029763697E-2
1.512235807E2,1.824857533E-2,-2.710125983E-2,-1.928177834E-2,3.793778804E-2
1.512335687E2,2.525646329E-2,-2.052358076E-2,-2.685041428E-2,4.219065124E-2
1.512435567E2,3.922019899E-2,-2.927817822E-2,-2.371279836E-2,5.438503962E-2
1.512535447E2,1.906601608E-2,-2.143384606E-2,-2.002320528E-2,3.498358866E-2
1.512635337E2,2.263515651E-2,-1.171197295E-2,-1.610674024E-2,3.014875954E-2
1.512735217E2,1.770712316E-2,-3.870418221E-3,-3.771454096E-4,1.812910882E-2
1.512835097E2,5.403645873E-2,-4.338634014E-3,-6.626064777E-3,5.461380184E-2
1.512934977E2,1.695867956E-2,1.589594811E-2,-1.214817524E-2,2.622701165E-2
1.513034867E2,1.410816193E-2,3.109695464E-2,-2.540030479E-2,4.255862198E-2
1.513134747E2,1.452565312E-2,2.818445653E-2,-3.302799761E-2,4.578435120E-2
1.513234627E2,3.362909138E-2,3.968651444E-2,-2.211300015E-2,5.652362330E-2
1.513334507E2,2.373911083E-2,3.583144516E-2,-5.385285616E-3,4.331788483E-2
1.513434397E2,2.204166412E-2,3.344548881E-2,2.833560705E-3,4.015550704E-2
1.513534277E2,2.050501585E-2,3.472500578E-2,3.574402928E-3,4.048528199E-2
1.513634157E2,2.682994902E-2,4.006102860E-2,-2.495942473E-2,5.429277171E-2
1.513734037E2,3.174511850E-2,1.726858199E-2,-2.907644928E-2,4.638314753E-2
1.513833917E2,2.238255680E-2,2.957857892E-2,-3.567620158E-2,5.146515850E-2
1.513933807E2,4.050951004E-3,1.440446958E-2,-1.053726733E-2,1.830117348E-2
1.514033687E2,-1.417482018E-2,2.375285178E-2,1.272354126E-3,2.769011340E-2
1.514133567E2,2.158792019E-3,1.024709925E-2,-1.021157742E-2,1.462667903E-2
1.514233447E2,-9.834432006E-3,-5.763015747E-3,-4.778344631E-3,1.235965132E-2
1.514333337E2,-1.489929020E-2,1.527526617E-2,1.389473855E-2,2.546343191E-2
1.514433217E2,-1.463382661E-2,2.750384063E-3,1.221424878E-2,1.925879973E-2
1.514533097E2,-2.307428241E-2,-1.697446704E-3,-1.130266786E-2,2.574983756E-2
1.514632977E2,-2.314912677E-3,-1.491990164E-2,-1.490689158E-2,2.121739151E-2
1.514732867E2,-2.210832238E-2,-2.021499395E-2,-8.525825143E-3,3.114664658E-2
1.514832747E2,-1.964138210E-2,-1.437304080E-2,1.036009669E-2,2.645183918E-2
1.514932627E2,-7.021336555E-3,-6.502103806E-3,4.586555958E-3,1.061192803E-2
1.515032507E2,-2.585638762E-3,-9.565313905E-3,5.175370574E-3,1.117878430E-2
1.515132397E2,1.084015310E-2,1.047280177E-2,1.010925114E-2,1.814897944E-2
1.515232277E2,2.746203303E-2,2.574134365E-2,-1.975540280E-2,4.250948095E-2
1.515332157E2,2.046291590E-2,2.406041533E-2,-1.597283900E-2,3.539443598E-2
1.515432037E2,1.630905390E-2,5.214722335E-2,-2.039274931E-2,5.831965678E-2
1.515531927E2,4.601057053E-2,5.754873499E-2,-2.130842328E-2,7.669992439E-2
1.515631807E2,3.481607616E-2,6.636151224E-2,-1.102784872E-2,7.574709839E-2
1.515731687E2,3.465527773E-2,6.562505543E-2,-2.259598017E-2,7.757715189E-2
1.515831567E2,3.593523324E-2,4.888535410E-2,-1.982673883E-2,6.382960446E-2
1.515931457E2,2.993832886E-2,4.630950943E-2,-9.480090737E-3,5.595307247E-2
1.516031337E2,9.517512918E-3,3.516106188E-2,-9.578323960E-3,3.766467330E-2
1.516131217E2,1.081501007E-2,2.151673034E-2,1.767028570E-3,2.414656326E-2
1.516231097E2,7.021921277E-3,1.484008715E-2,8.572018147E-3,1.852066576E-2
1.516330987E2,1.061737418E-2,6.959648430E-3,1.219144464E-2,1.760104153E-2
1.516430867E2,9.655507207E-3,-1.562668383E-3,-1.181079090E-2,1.533510787E-2
1.516530747E2,5.803946257E-3,-7.842577994E-4,-3.041487694E-2,3.097362736E-2
1.516630627E2,8.744511008E-3,-4.948352426E-3,-1.283814669E-2,1.630247450E-2
1.516730507E2,1.825091422E-2,-1.898357034E-2,-1.455196559E-2,3.008706558E-2
1.516830397E2,1.965424597E-2,-9.707108885E-3,-6.864046454E-3,2.297025210E-2
1.516930277E2,3.712397218E-3,-2.145343423E-2,6.794464588E-4,2.178286898E-2
1.517030157E2,-5.001708269E-3,-5.792251825E-3,7.262241840E-3,1.055023333E-2
1.517130037E2,-1.569334209E-2,1.966710985E-3,5.275357962E-3,1.667268244E-2
1.517229927E2,-3.227136791E-2,3.478070050E-3,2.436534762E-3,3.254957541E-2
1.517329807E2,-2.065353513E-2,-3.351770192E-3,-3.908863664E-3,2.128572507E-2
1.517429687E2,-2.445305586E-2,-3.969236165E-3,-1.416429520E-2,2.853653859E-2
1.517529567E2,-5.710975528E-3,-1.336468846E-2,-1.855672359E-2,2.357078975E-2
1.517629457E2,2.801401019E-3,4.578369856E-4,-7.553433180E-3,8.069189252E-3
1.517729337E2,2.982079983E-3,7.793607563E-3,-8.460336328E-3,1.188319867E-2
1.517829217E2,-6.557652354E-3,1.305683255E-3,-1.414090633E-2,1.564202177E-2
1.517929097E2,-7.671546936E-4,1.504079282E-2,-1.038465500E-3,1.509610498E-2
1.518028987E2,-3.298414350E-3,2.185352996E-2,-9.280700684E-3,2.397055932E-2
1.518128867E2,6.493917704E-3,1.136070147E-2,-2.992604971E-3,1.342356844E-2
1.518228747E2,1.589974880E-2,2.976729780E-2,-5.733194947E-3,3.423103204E-2
1.518328627E2,-2.887939811E-3,3.646542951E-2,-2.053074360E-2,4.194733816E-2
1.518428517E2,1.751591921E-2,4.267590344E-2,-2.034714103E-2,5.041870990E-2
1.518528397E2,4.901720881E-3,3.902373254E-2,-2.218784451E-2,4.515726977E-2
1.518628277E2,6.229038835E-3,4.230358198E-2,-1.124244153E-2,4.421296716E-2
1.518728157E2,2.850576103E-2,3.320779949E-2,-1.177512288E-2,4.532096510E-2
1.518828047E2,2.672703803E-2,2.618909419E-2,-5.492874384E-3,3.782029726E-2
1.518927927E2,3.386590362E-2,7.278321683E-3,-3.899508119E-3,3.485799130E-2
1.519027803E2,9.729766846E-3,1.413608238E-2,-4.853773713E-3,1.783413321E-2
1.519127683E2,2.850342214E-2,1.924494088E-2,-1.103018761E-2,3.611755614E-2
1.519227573E2,3.817237794E-2,1.795884579E-2,-5.808624029E-3,4.258392529E-2
1.519327453E2,4.681105435E-2,-2.989973724E-3,-1.393683851E-2,4.893311986E-2
1.519427333E2,2.762809396E-2,-4.567552507E-3,-1.877657890E-2,3.371548646E-2
1.519527213E2,3.583115280E-2,6.090752184E-3,-7.037708759E-3,3.702023930E-2
1.519627103E2,4.631345630E-2,5.063981116E-3,-9.812797308E-3,4.761167010E-2
1.519726983E2,2.521494806E-2,-3.108496785E-2,-6.027309895E-3,4.047712065E-2
1.519826863E2,1.725396395E-2,-1.362240449E-2,-2.061728239E-3,2.207985279E-2
1.519926743E2,9.645566940E-3,-3.542681783E-3,-8.925774693E-3,1.361091509E-2
1.520026633E2,3.339929581E-3,-9.654483944E-3,-7.977356315E-3,1.296157412E-2
1.520126513E2,-1.397484541E-4,1.405232102E-3,-7.209616899E-3,7.346617094E-3
1.520226393E2,-1.123834848E-2,-3.993940651E-3,1.312582970E-2,1.773525990E-2
1.520326273E2,-1.788546324E-2,9.537685812E-3,1.868536234E-2,2.756809771E-2
1.520426153E2,-2.148208559E-2,6.970904320E-3,-4.303550720E-4,2.258890687E-2
1.520526043E2,-2.732228458E-2,2.603545859E-2,9.759002924E-4,3.775320808E-2
1.520625923E2,-3.396179795E-2,2.240492240E-2,1.545711458E-2,4.352363334E-2
1.520725803E2,-1.406313837E-2,3.281939819E-2,1.609153748E-3,3.574177016E-2
1.520825683E2,-4.422249198E-3,4.730236664E-2,-8.576695919E-3,4.827659776E-2
1.520925573E2,-1.261653721E-2,5.550410986E-2,-3.859747052E-3,5.705068685E-2
1.521025453E2,-2.631247044E-5,3.695118695E-2,-5.965914130E-3,3.742970800E-2
1.521125333E2,-1.800942421E-4,2.457643211E-2,5.125669241E-3,2.510589441E-2
1.521225213E2,-1.463791966E-2,1.739868253E-2,-2.138326764E-3,2.283758497E-2
1.521325103E2,-2.237027764E-2,1.381156191E-2,-9.993476272E-3,2.812575567E-2
1.521424983E2,-2.282636046E-2,3.416908175E-2,-1.091792107E-2,4.251787718E-2
1.521524863E2,-2.071551561E-2,4.765626937E-2,2.211416960E-3,5.201098886E-2
1.521624743E2,-5.504568815E-3,3.528078362E-2,-1.625525951E-4,3.570798782E-2
1.521724633E2,1.913501322E-2,2.264056519E-2,-1.857426524E-2,3.498209903E-2
1.521824513E2,3.608959973E-2,2.657910347E-2,-3.943420708E-2,5.969895006E-2
1.521924393E2,6.872817278E-3,2.263427943E-2,-2.714745283E-2,3.600736616E-2
1.522024273E2,-2.637094259E-4,7.068260461E-3,-3.754672587E-2,3.820715211E-2
1.522124163E2,1.843627095E-2,1.648607835E-2,-1.594828069E-2,2.942846450E-2
1.522224043E2,1.335796416E-2,1.191911057E-2,1.519808292E-2,2.348365661E-2
1.522323923E2,-2.090964317E-3,-1.266214550E-3,-8.273810148E-4,2.580695721E-3
1.522423803E2,-6.734238267E-3,-5.536143780E-3,4.718703032E-4,8.730493375E-3
1.522523693E2,1.286387444E-4,5.948226303E-3,-4.676018357E-3,7.567238053E-3
1.522623573E2,1.661778688E-2,1.227666780E-2,-3.112823725E-2,3.736086947E-2
1.522723453E2,2.598853469E-2,2.977694571E-3,-2.707670152E-2,3.764861705E-2
1.522823333E2,3.059263229E-2,1.016392261E-3,-1.480865836E-2,3.400350815E-2
1.522923223E2,2.698080719E-2,3.850099146E-3,-1.931920052E-2,3.340686649E-2
1.523023103E2,3.043943524E-2,-4.334394783E-3,-2.477289855E-2,3.948471475E-2
1.523122983E2,1.663006604E-2,2.291026801E-2,-2.791577697E-2,3.975839635E-2
1.523222863E2,3.496634960E-4,2.578242034E-2,-3.981953859E-3,2.609044690E-2
1.523322753E2,-4.978319407E-3,2.583109841E-2,2.757079124E-2,3.810745123E-2
1.523422633E2,-7.662191391E-3,2.607258841E-2,3.368931770E-2,4.328347457E-2
1.523522513E2,-1.060801864E-2,2.584279284E-2,2.729772627E-2,3.905823679E-2
1.523622393E2,-1.273348153E-2,2.700273424E-2,4.926279187E-3,3.025817964E-2
1.523722283E2,9.399399161E-3,1.997818172E-2,-3.654743671E-2,4.269884752E-2
1.523822163E2,2.515062869E-2,2.375826046E-2,-3.576332510E-2,4.975966725E-2
1.523922043E2,2.838004589E-2,4.531504422E-2,-2.762692451E-2,6.018411083E-2
1.524021923E2,3.174921155E-2,4.368235543E-2,-3.067449331E-2,6.210543575E-2
1.524121803E2,2.565524340E-2,2.444969371E-2,-7.938179970E-3,3.631795338E-2
1.524221693E2,3.961020827E-2,1.767554820E-2,-8.538104296E-3,4.420738432E-2
1.524321573E2,1.887364268E-2,1.613889992E-2,-9.016991258E-3,2.641939837E-2
1.524421453E2,2.216270149E-2,8.032758683E-3,-2.513133287E-3,2.370709574E-2
1.524521333E2,2.557806015E-2,-1.509575665E-2,-1.070742130E-2,3.157163127E-2
1.524621223E2,1.058930755E-3,-1.248994499E-2,-1.826787114E-2,2.215480030E-2
1.524721103E2,8.117689490E-3,-1.163639769E-2,-2.970736384E-2,3.292157500E-2
1.524820983E2,4.235723019E-3,-1.544892848E-2,-1.374914289E-2,2.111041616E-2
1.524920863E2,-5.641978383E-3,-1.463879675E-2,-1.437245607E-2,2.127660179E-2
1.525020753E2,9.917462468E-3,-4.552203566E-3,-2.280764937E-2,2.528373962E-2
1.525120633E2,3.856180251E-2,1.120311901E-2,-2.347774029E-2,4.651587661E-2
1.525220513E2,-6.218513846E-3,-2.526874244E-3,-2.827655017E-2,2.906231749E-2
1.525320393E2,-1.679671168E-2,8.663965613E-3,-2.704629600E-2,3.299539287E-2
1.525420283E2,2.132479548E-3,7.887016833E-3,-3.106742620E-2,3.212378363E-2
1.525520163E2,-1.374680400E-3,7.454176694E-3,-2.514595091E-2,2.626353639E-2
1.525620043E2,2.361164153E-2,3.373039439E-2,-1.988462627E-2,4.572359876E-2
1.525719923E2,2.843734860E-2,4.363353118E-2,-1.969634593E-2,5.568225823E-2
1.525819813E2,3.813612521E-2,3.050302371E-2,-2.678492546E-2,5.569767260E-2
1.525919693E2,4.290452957E-2,2.463943586E-2,-3.116565943E-2,5.847391542E-2
1.526019573E2,3.526514232E-2,2.791270718E-2,-3.379456758E-2,5.625675322E-2
1.526119453E2,3.027045071E-2,5.956017718E-2,-1.829944611E-2,6.927181692E-2
1.526219343E2,3.219535410E-2,4.996811226E-2,1.858829856E-2,6.228063834E-2
1.526319223E2,3.580308616E-2,2.663991451E-2,1.716684043E-2,4.781470939E-2
1.526419103E2,3.191351831E-2,2.998627603E-2,1.875786781E-2,4.763934305E-2
1.526518983E2,2.663289785E-2,2.005580351E-2,-8.630490303E-4,3.335103231E-2
1.526618873E2,1.532028973E-2,1.646780580E-2,-2.283103824E-2,3.204927788E-2
1.526718753E2,2.114937901E-3,7.494814843E-3,-3.286427557E-2,3.377433672E-2
1.526818633E2,1.178272426E-2,1.689158276E-2,-1.564130187E-2,2.586133182E-2
1.526918513E2,-8.956180215E-3,1.631972507E-2,-1.144592464E-2,2.185304970E-2
1.527018403E2,8.389585018E-3,-4.766942561E-4,2.266380787E-3,8.703381875E-3
1.527118283E2,4.371378422E-3,4.497239739E-3,4.284839630E-3,7.595654365E-3
1.527218163E2,-1.043552577E-2,-1.218442798E-2,3.712397218E-3,1.646640144E-2
1.527318043E2,-1.234931946E-2,1.946391910E-3,-6.008598804E-3,1.387073870E-2
1.527417933E2,-2.627855659E-2,1.387295768E-2,2.872152328E-3,2.985415800E-2
1.527517813E2,-3.429918230E-2,2.050998598E-2,1.806204915E-3,4.000444735E-2
1.527617693E2,-9.730936289E-3,1.974034622E-2,-1.156579256E-3,2.203883086E-2
1.527717573E2,-5.097602606E-3,1.495045334E-2,-6.637759209E-3,1.713363519E-2
1.527817463E2,-1.099627376E-2,1.458193257E-2,-7.866843939E-3,1.988562364E-2
1.527917343E2,-2.925361991E-3,-1.760888994E-3,-3.021841049E-3,4.559604824E-3
1.528017223E2,3.162758946E-3,7.297471315E-3,-1.264284968E-2,1.493645808E-2
1.528117103E2,-3.068034053E-3,2.756026626E-2,-1.011042058E-2,2.951612633E-2
1.528216983E2,-1.727092087E-2,5.300325572E-2,-5.996904373E-3,5.606775087E-2
1.528316873E2,-1.545652986E-2,3.563263983E-2,1.743639708E-3,3.887968127E-2
1.528416753E2,-1.918588400E-2,2.726746693E-2,2.126047611E-3,3.340857639E-2
1.528516633E2,-5.041469336E-3,2.777368963E-2,1.607399583E-3,2.827327328E-2
1.528616513E2,5.684078336E-3,2.437645733E-2,3.691931963E-3,2.530120116E-2
1.528716403E2,1.009931087E-2,2.215305358E-2,-1.235575140E-2,2.730235257E-2
1.528816283E2,-3.529379368E-3,1.459815860E-2,-2.114353180E-2,2.593475834E-2
1.528916163E2,-1.276564121E-2,2.155956119E-2,-2.829116821E-2,3.779108987E-2
1.529016046E2,2.107511938E-2,3.596125335E-2,-2.236676931E-2,4.730375005E-2
1.529115936E2,3.616561353E-2,1.640056282E-2,-2.550730884E-2,4.719695824E-2
1.529215816E2,1.971739590E-2,2.453023911E-2,-1.793808818E-2,3.622545154E-2
1.529315696E2,4.096091509E-2,2.385152355E-2,7.173948884E-3,4.793909973E-2
1.529415576E2,3.753093839E-2,1.409763694E-2,9.376010299E-3,4.117310132E-2
1.529515466E2,2.086286545E-2,2.779181600E-3,1.688617408E-2,2.698380774E-2
1.529615346E2,2.056348801E-2,5.062665492E-3,-6.632496715E-3,2.219183709E-2
1.529715226E2,-2.426009774E-3,-4.487445652E-3,5.655426979E-3,7.616202874E-3
1.529815106E2,-2.835197926E-2,-5.863003135E-3,2.088040709E-3,2.902704683E-2
1.529914996E2,-1.099101126E-2,-1.627426296E-3,1.026186347E-3,1.115813171E-2
1.530014876E2,-1.883329690E-2,8.112280816E-3,-7.835268974E-4,2.052111319E-2
1.530114756E2,-2.343564034E-2,-1.103720427E-2,2.121369839E-3,2.599133175E-2
1.530214636E2,-1.633302748E-2,1.474390045E-2,-1.702709198E-2,2.782215391E-2
1.530314526E2,2.640602589E-3,-1.712064743E-3,-1.387895107E-2,1.423127649E-2
1.530414406E2,2.366368175E-3,-6.630742550E-4,-2.809762537E-2,2.820489173E-2
1.530514286E2,-6.127882004E-4,5.375930071E-3,-1.808192968E-2,1.887411758E-2
1.530614166E2,9.460794926E-4,2.835958064E-2,-6.265291572E-3,2.905881551E-2
1.530714056E2,1.134125948E-2,3.377190962E-2,-9.317538142E-3,3.682366852E-2
1.530813936E2,-2.794384360E-3,2.916635022E-2,-9.536808729E-3,3.081290784E-2
1.530913816E2,1.018526495E-2,3.734105006E-2,-2.272812724E-3,3.877188826E-2
1.531013696E2,3.632290363E-2,3.383944497E-2,-7.638802528E-3,5.022760862E-2
1.531113586E2,3.412961304E-2,2.965210766E-2,-2.182180882E-3,4.526411259E-2
1.531213466E2,2.442089617E-2,2.612623662E-2,-1.464902937E-2,3.864653246E-2
1.531313346E2,2.806780457E-2,2.808987781E-2,-3.493594408E-2,5.289010378E-2
1.531413226E2,2.862212062E-2,1.014360353E-2,-4.077672780E-2,5.084151858E-2
1.531513116E2,2.902323961E-2,9.437990785E-3,-3.654626727E-2,4.761358797E-2
1.531612996E2,2.033603132E-2,-4.343311787E-3,-1.814215600E-2,2.759631047E-2
1.531712876E2,1.376551509E-2,8.710450977E-3,-1.205345035E-2,2.026442763E-2
1.531812756E2,2.206856132E-2,7.048964649E-3,-1.275453150E-2,2.644593305E-2
1.531912646E2,4.135852575E-2,-2.411537915E-3,-2.548099637E-2,4.863768440E-2
1.532012526E2,3.668893933E-2,3.020817786E-3,-4.088957906E-3,3.703948145E-2
1.532112406E2,2.914778531E-2,-1.311428145E-2,-7.112553120E-3,3.274394872E-2
1.532212286E2,1.834563911E-2,-2.820112109E-3,-1.328487396E-2,2.282549852E-2
1.532312176E2,1.073197961E-2,-2.667645961E-3,-6.161795855E-3,1.265936213E-2
1.532412056E2,2.154348135E-2,-4.815035909E-3,-9.205271602E-3,2.391742429E-2
1.532511936E2,6.776922941E-4,1.654177308E-3,-1.267091632E-3,2.191139114E-3
1.532611816E2,2.269304395E-3,9.615746140E-4,-6.649453640E-3,7.091516191E-3
1.532711706E2,-3.583173752E-3,-4.937827438E-3,-3.822324872E-3,7.199405626E-3
1.532811586E2,1.688441992E-2,-3.432315588E-4,6.477545500E-3,1.808756588E-2
1.532911466E2,-1.980276525E-2,-1.081734896E-3,5.475332737E-3,2.057422977E-2
1.533011346E2,-7.697859406E-3,3.240526915E-3,-1.259314835E-2,1.511110319E-2
1.533111226E2,-4.630994797E-3,8.781640828E-3,4.847341776E-4,9.939733178E-3
1.533211116E2,-1.322932541E-2,2.036190525E-2,-6.858783960E-3,2.523222451E-2
1.533310996E2,-1.197158933E-2,2.008781701E-2,-1.759778023E-2,2.926638366E-2
1.533410876E2,-8.480801582E-3,2.395545781E-2,4.626317024E-3,2.583003607E-2
1.533510756E2,-1.193767548E-2,3.663090572E-2,8.885428905E-3,3.953836360E-2
1.533610646E2,-1.071736157E-2,9.099436998E-3,2.507286072E-2,2.874560727E-2
1.533710526E2,-2.031322718E-3,2.490066022E-2,1.730483472E-2,3.039122334E-2
1.533810406E2,3.147556186E-3,4.033672482E-2,-2.514302731E-3,4.053739258E-2
1.533910286E2,-7.433565259E-3,3.583261460E-2,5.384700894E-3,3.698958185E-2
1.534010176E2,-6.314992905E-4,2.618397787E-2,2.245506227E-2,3.449970015E-2
1.534110056E2,-2.105933189E-2,2.145635784E-2,1.585647941E-2,3.398968506E-2
1.534209936E2,-1.448179901E-2,1.984384194E-2,-5.615665913E-3,2.519992597E-2
1.534309816E2,-2.075761557E-4,1.398230061E-2,-9.256142378E-3,1.676973434E-2
1.534409706E2,8.063310385E-3,4.037736297E-2,-2.008693993E-2,4.581302839E-2
1.534509586E2,1.644704819E-2,3.571230814E-2,-3.375071347E-2,5.181684095E-2
1.534609466E2,3.054760873E-2,1.678311691E-2,-1.682653248E-2,3.870350899E-2
1.534709346E2,1.870816648E-2,2.927642405E-2,-1.854912221E-2,3.938495186E-2
1.534809236E2,2.911094785E-2,2.016441554E-2,2.517811060E-3,3.550197616E-2
1.534909116E2,1.566293657E-2,5.514509082E-3,-1.975423336E-2,2.580633891E-2
1.535008996E2,1.580560863E-2,1.217653424E-2,-1.366377354E-2,2.418230670E-2
1.535108876E2,3.118904829E-3,-5.004485697E-3,-5.522695184E-3,8.079146397E-3
1.535208766E2,-1.321996987E-2,2.705360502E-3,-7.424209714E-3,1.540147618E-2
1.535308646E2,-8.722876310E-3,9.881648272E-3,-5.556609035E-3,1.430424579E-2
1.535408526E2,-1.778021336E-2,1.846843064E-3,1.326733232E-3,1.792503940E-2
1.535508406E2,6.477545500E-3,-4.556881338E-3,-1.527526617E-2,1.720632209E-2
1.535608296E2,1.066882968E-2,-2.067210004E-2,-7.283876538E-3,2.437651542E-2
1.535708176E2,-4.803487659E-3,-1.359039098E-2,-6.252427697E-3,1.571194045E-2
1.535808056E2,2.851102352E-3,3.294906020E-3,4.697653055E-3,6.407272004E-3
1.535907936E2,2.300528526E-2,1.406971648E-2,-1.056474924E-2,2.896228580E-2
1.536007826E2,4.888272285E-4,-1.804304570E-3,-1.911922574E-2,1.921039458E-2
1.536107706E2,8.891860843E-3,1.983989507E-2,-8.660311103E-3,2.340272664E-2
1.536207586E2,5.226241350E-3,1.529383108E-2,-1.063257694E-2,1.934597013E-2
1.536307466E2,2.579616129E-2,3.252075166E-2,-2.174404085E-2,4.685983929E-2
1.536407356E2,3.371796906E-2,2.991099313E-2,-2.017406344E-2,4.938179607E-2
1.536507236E2,2.052606583E-2,3.432140172E-2,-9.584755898E-3,4.112353997E-2
1.536607116E2,3.940672517E-2,4.012183964E-2,-1.326967120E-2,5.778179799E-2
1.536706996E2,4.111294270E-2,3.244327605E-2,-2.656740904E-2,5.872535603E-2
1.536806886E2,3.054176152E-2,2.368633971E-2,-3.354723036E-2,5.117869235E-2
1.536906766E2,1.971856534E-2,3.129926831E-2,-2.303802967E-2,4.358000490E-2
1.537006646E2,7.229497433E-3,3.400199756E-2,-7.567466497E-3,3.557622830E-2
1.537106526E2,-3.590190411E-3,3.799476877E-2,1.997993588E-3,3.821627794E-2
1.537206406E2,-1.536122024E-2,3.065300480E-2,9.556104541E-3,3.559343934E-2
1.537306296E2,-1.433854222E-2,1.593322411E-2,-6.151270866E-4,2.144387570E-2
1.537406176E2,1.603306532E-3,1.718979076E-2,1.103954315E-3,1.729965934E-2
1.537506056E2,-3.112472892E-3,1.324540526E-2,-1.130617619E-2,1.769061525E-2
1.537605936E2,7.676809430E-3,2.615430325E-2,-8.196626902E-3,2.846340939E-2
1.537705826E2,-1.503319144E-3,2.055150121E-2,-3.646908402E-3,2.092663641E-2
1.537805706E2,1.348134041E-2,1.675124958E-2,-4.385996461E-3,2.194511031E-2
1.537905586E2,8.621134758E-3,3.308646977E-3,5.105788708E-3,1.055178599E-2
1.538005466E2,-1.837896824E-2,1.500205502E-2,-6.554144025E-3,2.461310489E-2
1.538105356E2,-1.137166500E-2,2.579426095E-2,-5.513339639E-3,2.872378068E-2
1.538205236E2,-8.641600013E-3,3.451304421E-2,-7.396727800E-3,3.633922197E-2
1.538305116E2,-2.119030952E-3,2.588094592E-2,3.409511447E-3,2.619042616E-2
1.538404996E2,8.173822761E-3,4.476014346E-2,3.409511447E-3,4.562791458E-2
1.538504886E2,2.804324627E-3,2.427880883E-2,-1.223237514E-2,2.733049207E-2
1.538604766E2,-1.249549985E-3,3.357412755E-2,-9.971256852E-3,3.504581829E-2
1.538704646E2,1.460751414E-2,2.924075603E-2,2.198553085E-4,3.268714762E-2
1.538804526E2,1.744224429E-2,2.498281360E-2,-3.044060469E-3,3.062089426E-2
1.538904416E2,7.090918422E-3,2.942216590E-2,-1.018584967E-2,3.193268707E-2
1.539004296E2,4.654383659E-4,2.428743348E-2,-4.403538108E-3,2.468779467E-2
1.539104176E2,1.431690753E-2,1.905856088E-2,-1.729957223E-2,2.945297579E-2
1.539204056E2,2.182122409E-2,3.610480249E-2,-2.042549372E-2,4.687134922E-2
1.539303946E2,2.523015082E-2,2.824497521E-2,-2.307252824E-2,4.434727381E-2
1.539403826E2,1.159912169E-2,1.714579046E-2,-1.524836898E-2,2.571051363E-2
1.539503706E2,-1.178798676E-3,2.265796065E-4,3.573818207E-3,3.770024033E-3
1.539603586E2,9.243863225E-3,-7.329046279E-3,1.426720619E-3,1.188273783E-2
1.539703476E2,1.907946467E-2,-1.806862727E-2,-1.788663268E-3,2.633819622E-2
1.539803356E2,1.115590274E-2,-1.599228099E-2,-2.246500254E-3,1.962788783E-2
1.539903236E2,3.175213516E-2,-2.904750556E-3,1.038933277E-2,3.353466711E-2
1.540003116E2,3.348349571E-2,-1.526781097E-2,2.785613537E-3,3.690542209E-2
1.540103006E2,2.850985408E-2,-6.725905985E-3,1.246626377E-3,2.931899842E-2
1.540202886E2,1.162134111E-2,-1.557098910E-2,-2.703752518E-3,1.961686898E-2
1.540302766E2,-2.292108536E-4,1.524661481E-4,5.397564769E-3,5.404580370E-3
1.540402646E2,5.738457441E-3,2.837873027E-2,-1.301707149E-2,3.174470626E-2
1.540502536E2,1.683004081E-2,6.354607791E-3,-1.064017832E-2,2.090083033E-2
1.540602416E2,-5.753660202E-4,1.545448333E-2,-1.462388635E-2,2.128450500E-2
1.540702296E2,8.897708058E-3,2.043382600E-2,-7.798431516E-3,2.361198822E-2
1.540802176E2,-1.763520241E-3,1.106819451E-2,-1.329832256E-2,1.739138626E-2
1.540902066E2,9.516928196E-3,2.574543670E-2,-4.507033825E-3,2.781569318E-2
1.541001946E2,-7.614244223E-3,3.960187599E-2,-1.117052078E-2,4.184573851E-2
1.541101826E2,-4.000664949E-3,4.172163785E-2,-1.271009266E-2,4.379779492E-2
1.541201706E2,-5.350202322E-3,4.563766435E-2,-4.502356052E-3,4.617025322E-2
1.541301596E2,-1.971739590E-2,4.159606889E-2,2.764563560E-3,4.611563140E-2
1.541401476E2,-3.094521940E-2,4.167792991E-2,-1.587402105E-2,5.428297145E-2
1.541501356E2,-2.849231243E-2,4.735864609E-2,-1.774396062E-2,5.804740620E-2
1.541601236E2,-2.587626815E-2,4.645232767E-2,7.166347504E-3,5.365404491E-2
1.541701126E2,-9.762511253E-3,1.386506394E-2,-1.724928617E-3,1.704470600E-2
1.541801006E2,7.920053601E-3,-1.953510895E-2,5.895162821E-3,2.188836850E-2
1.541900886E2,2.043484926E-2,-1.439891472E-2,-1.791294515E-2,3.075362440E-2
1.542000766E2,2.400223553E-2,-1.471217930E-2,-1.834330022E-2,3.360107429E-2
1.542100656E2,1.914846182E-2,4.712271094E-3,-1.661954105E-2,2.578911076E-2
1.542200536E2,3.203864872E-2,2.095349729E-2,-1.208911836E-2,4.014562048E-2
1.542300416E2,4.101997197E-2,1.402761653E-2,-5.441418886E-3,4.369234676E-2
1.542400296E2,4.481306076E-2,1.013527125E-2,1.806789637E-3,4.598041569E-2
1.542500186E2,2.808183789E-2,-5.856132656E-3,-9.904598594E-3,3.034773439E-2
1.542600066E2,4.626901746E-2,3.972744495E-3,-7.443505526E-3,4.703201516E-2
1.542699946E2,5.932117224E-2,9.963070750E-3,-1.463265717E-2,6.190621060E-2
1.542799826E2,6.017778933E-2,2.091329768E-2,-2.442323506E-2,6.822922218E-2
1.542899716E2,7.532909453E-2,2.125287473E-2,-2.637035787E-2,8.259269303E-2
1.542999596E2,2.776199520E-2,2.244015187E-2,-3.458101809E-2,4.970045880E-2
1.543099476E2,3.083178341E-2,1.725717992E-2,-2.203815579E-2,4.164239952E-2
1.543199356E2,1.131787062E-2,1.520349160E-2,-8.878996968E-3,2.093028761E-2
1.543299236E2,3.161589503E-3,1.160321474E-2,1.107462645E-3,1.207711530E-2
1.543399126E2,-1.375265121E-2,7.285630703E-4,1.139622331E-2,1.787568531E-2
1.543499006E2,-8.228786588E-3,7.262972742E-3,2.275502443E-2,2.526370596E-2
1.543598886E2,-1.574538231E-2,4.325331599E-3,-2.174579501E-3,1.647283684E-2
1.543698766E2,-4.594332755E-2,-3.094346523E-3,5.174785852E-3,4.633727155E-2
1.543798656E2,-2.942085028E-2,2.156745493E-3,8.755620718E-3,3.077172202E-2
1.543898536E2,-1.636577189E-2,-3.536834568E-3,1.186984777E-2,2.052415588E-2
1.543998416E2,-3.105807066E-2,1.695692539E-3,8.105410337E-3,3.214306773E-2
1.544098296E2,-3.403021038E-2,2.226122707E-2,-2.413730621E-3,4.073626817E-2
1.544198186E2,-4.689642370E-2,3.781964466E-2,1.565533519E-2,6.224700473E-2
1.544298066E2,-4.489609122E-2,3.389090046E-2,2.036234379E-2,5.982371759E-2
1.544397946E2,-2.953253210E-2,1.584522352E-2,1.481392086E-2,3.664278662E-2
1.544497826E2,-1.409237444E-2,1.712050125E-2,1.463265717E-2,2.656729637E-2
1.544597716E2,-8.182008862E-3,3.310459614E-2,-8.823448420E-4,3.411213988E-2
1.544697596E2,-1.172659099E-2,3.543295741E-2,-6.806159019E-3,3.793851879E-2
1.544797476E2,9.291810393E-3,3.373477980E-2,-1.827839613E-2,3.947749832E-2
1.544897356E2,3.572297931E-2,1.947415173E-2,-4.470196366E-3,4.093111887E-2
1.544997246E2,4.445638061E-2,1.068023175E-2,-1.307086587E-2,4.755296690E-2
1.545097126E2,5.898144901E-2,2.182765603E-3,-3.552592814E-2,6.888880434E-2
1.545197006E2,6.347035646E-2,1.192598104E-2,-6.823700666E-2,9.395213809E-2
1.545296886E2,3.064350307E-2,4.280498073E-2,-7.135240316E-2,8.867049167E-2
1.545396776E2,4.257299244E-2,6.336627603E-2,-4.924466550E-2,9.084482211E-2
1.545496656E2,4.184793770E-2,5.912631378E-2,-2.268953562E-2,7.590774596E-2
1.545596536E2,2.546813250E-2,2.215012997E-2,1.640027046E-2,3.752629614E-2
1.545696416E2,8.496004343E-4,8.153503686E-3,9.823322296E-3,1.279449507E-2
1.545796306E2,3.521193266E-3,1.914115280E-2,3.026752710E-2,3.598479859E-2
1.545896186E2,1.333808362E-2,4.764018953E-4,-9.033948183E-4,1.337712808E-2
1.545996066E2,3.778002977E-2,1.091382802E-2,-2.823620439E-2,4.841203910E-2
1.546095946E2,2.611191094E-2,2.095627472E-2,-3.164863944E-2,4.607204924E-2
1.546195836E2,1.128103316E-2,7.145736068E-3,-4.957854152E-2,5.134544802E-2
1.546295716E2,2.812510729E-4,-1.271096975E-2,-4.001366615E-2,4.198501320E-2
1.546395596E2,-1.682302415E-2,-4.541970938E-3,1.531385779E-3,1.749253510E-2
1.546495476E2,-4.150236726E-2,-6.554144025E-3,2.600081384E-2,4.941098676E-2
1.546595366E2,-4.079193056E-2,9.944067299E-3,3.564871967E-2,5.507900950E-2
1.546695246E2,-5.664957941E-2,1.826757878E-2,2.697846830E-2,6.535072328E-2
1.546795126E2,-5.471064270E-2,7.399212867E-3,2.213697374E-2,5.948149613E-2
1.546895006E2,-3.589079440E-2,1.190069184E-2,1.248789847E-2,3.982114007E-2
1.546994896E2,-3.190708637E-2,2.986143798E-2,-2.468694448E-3,4.377056192E-2
1.547094776E2,-2.393850088E-2,1.891530409E-2,-1.124594986E-2,3.251633346E-2
1.547194656E2,-3.428222537E-3,3.669230148E-2,-1.095183492E-2,3.844503070E-2
1.547294536E2,-3.276194930E-3,2.487200886E-2,9.143291116E-3,2.670112452E-2
1.547394426E2,8.945070505E-3,6.980552226E-3,4.600004554E-3,1.224346510E-2
1.547494306E2,1.990275264E-2,1.118367702E-2,-1.876780808E-2,2.955376142E-2
1.547594186E2,3.345718324E-2,9.764557779E-3,-1.884674549E-2,3.962233606E-2
1.547694066E2,4.760686040E-2,2.794135854E-2,-2.921912134E-2,6.245710308E-2
1.547793956E2,1.959518909E-2,2.278952301E-2,-5.085206509E-2,5.907001200E-2
1.547893836E2,3.430795312E-2,3.932968810E-2,-2.078100443E-2,5.617570790E-2
1.547993716E2,3.779874086E-2,2.807189763E-2,-1.896193564E-2,5.075757333E-2
1.548093596E2,2.292810202E-2,2.359512314E-2,-1.256215811E-2,3.521697765E-2
1.548193486E2,3.320984602E-2,2.801459491E-2,-1.756211221E-2,4.686298311E-2
1.548293366E2,2.008810937E-2,2.156146154E-2,-1.423913956E-2,3.272891470E-2
1.548393246E2,1.510686636E-2,3.204420358E-2,-6.614370346E-3,3.603884417E-2
1.548493126E2,2.151775360E-3,1.867001340E-2,-8.852684498E-4,1.881444226E-2
1.548593016E2,5.765354633E-3,2.691210240E-2,1.420814931E-2,3.097373204E-2
1.548692896E2,3.459212780E-3,1.295757607E-2,5.772956014E-3,1.460109420E-2
1.548792776E2,-7.471572161E-3,1.443019733E-2,7.590855360E-3,1.793533023E-2
1.548892656E2,-6.238979101E-3,2.055267066E-2,6.686875820E-3,2.249558711E-2
1.548992550E2,-9.191823006E-3,2.129979864E-2,7.392634749E-3,2.434793791E-2
1.549092430E2,-1.497998178E-2,-9.618815929E-3,-1.225050151E-2,2.161009628E-2
1.549192310E2,-1.754749417E-2,4.860790372E-3,1.219144464E-3,1.824905883E-2
1.549292190E2,-1.956887662E-2,-3.440209329E-3,1.113134444E-2,2.277460870E-2
1.549392080E2,-3.303092122E-3,-4.647659361E-3,7.978525758E-3,9.806529884E-3
1.549491960E2,-9.045642614E-3,-1.910431534E-2,1.757029831E-2,2.748661306E-2
1.549591840E2,-1.120852768E-2,-5.050824881E-3,4.998784661E-3,1.327138926E-2
1.549691720E2,-5.246706605E-3,1.092172176E-2,-5.332660675E-3,1.323817231E-2
1.549791610E2,-1.512557745E-2,1.747308835E-2,-2.243576646E-3,2.321907720E-2
1.549891490E2,-6.502688527E-3,3.002501383E-2,-1.475486398E-2,3.408067524E-2
1.549991370E2,1.968991399E-2,5.188146740E-2,-3.711403191E-2,6.675949923E-2
1.550091250E2,1.650844395E-2,4.767805025E-2,-3.063824058E-2,5.902903508E-2
1.550191130E2,4.612751484E-2,8.248360142E-2,-4.616025925E-2,1.051763360E-1
1.550291020E2,5.699456513E-2,8.792414322E-2,-4.116088986E-2,1.125755492E-1
1.550390900E2,6.353818417E-2,9.195185155E-2,-3.986222327E-2,1.186644037E-1
1.550490780E2,5.211038589E-2,1.177376340E-1,-2.709833622E-2,1.315749315E-1
1.550590660E2,4.255778968E-2,1.094265479E-1,-1.839417100E-2,1.188430914E-1
1.550690550E2,4.704084992E-2,1.073889394E-1,-1.217448771E-2,1.178704544E-1
1.550790430E2,4.653681993E-2,9.498217106E-2,-2.297955751E-3,1.057949386E-1
1.550890310E2,3.314728081E-2,7.192455322E-2,-3.194333911E-3,7.925961992E-2
1.550990190E2,2.856949568E-2,3.319946721E-2,-5.742550492E-3,4.417462612E-2
1.551090080E2,3.119664967E-2,1.214072004E-2,-2.685626149E-3,3.358333845E-2
1.551189960E2,7.304341793E-3,-3.137586683E-2,-2.675685883E-3,3.232580584E-2
1.551289840E2,1.071677685E-2,-3.104739949E-2,1.211192250E-2,3.500698484E-2
1.551389720E2,-1.241363883E-3,-3.677021563E-2,3.108613729E-2,4.816573132E-2
1.551489610E2,-3.917692959E-2,-3.014429703E-2,1.680255890E-2,5.220954359E-2
1.551589490E2,-4.557904601E-2,-6.029254094E-2,2.929338098E-2,8.106011409E-2
1.551689370E2,-7.073084414E-2,-7.551693633E-2,6.739500761E-3,1.036874190E-1
1.551789250E2,-9.434716344E-2,-7.149946064E-2,2.036819100E-2,1.201183721E-1
1.551889140E2,-1.100089306E-1,-8.440397322E-2,2.485826790E-2,1.408684812E-1
1.551989020E2,-8.232938111E-2,-9.060479924E-2,2.965824723E-2,1.259641547E-1
1.552088900E2,-6.226875365E-2,-9.598175257E-2,4.531884491E-2,1.230597099E-1
1.552188780E2,-3.986339271E-2,-1.156876002E-1,3.749000788E-2,1.279773871E-1
1.552288670E2,-2.388704538E-2,-1.135603832E-1,2.277139664E-2,1.182585645E-1
1.552388550E2,2.865720391E-3,-9.993695542E-2,-7.773873210E-3,1.002798111E-1
1.552488430E2,1.540741324E-3,-8.681901947E-2,-1.977645278E-2,8.905629742E-2
1.552588310E2,4.578369856E-3,-7.742561370E-2,-7.541154027E-3,7.792660734E-2
1.552688200E2,-1.695107818E-3,-4.991329461E-2,-5.680570006E-3,5.026409499E-2
1.552788080E2,6.431937218E-6,-1.520948499E-2,3.217722774E-3,1.554613183E-2
1.552887960E2,-5.022758245E-4,9.333617985E-4,1.071034491E-2,1.076266386E-2
1.552987840E2,4.922186136E-3,4.115270376E-3,4.186606407E-3,7.661007756E-3
1.553087730E2,4.363660097E-2,2.106342494E-2,-1.820238233E-3,4.848849433E-2
1.553187610E2,4.752441466E-2,5.200221241E-2,-3.703977227E-2,7.959111014E-2
1.553287490E2,5.629348397E-2,7.347786605E-2,-4.924817383E-2,1.048491095E-1
1.553387370E2,7.885847390E-2,7.612797037E-2,-4.406871021E-2,1.181362688E-1
1.553487260E2,6.418079317E-2,9.944359660E-2,-3.554580867E-2,1.235787507E-1
1.553587140E2,5.850431621E-2,1.022968917E-1,-3.118320107E-2,1.219007838E-1
1.553687020E2,4.045045316E-2,1.172359429E-1,-1.425609648E-2,1.248348580E-1
1.553786900E2,1.432100058E-2,1.083325338E-1,-2.721235693E-2,1.126123497E-1
1.553886790E2,1.041915357E-2,1.120769446E-1,-2.666330338E-3,1.125917829E-1
1.553986670E2,1.224056125E-2,9.365704581E-2,-3.496167183E-2,1.007163942E-1
1.554086550E2,3.987801075E-4,1.008116989E-1,-4.036391437E-2,1.085928324E-1
1.554186430E2,-2.645397305E-2,9.673385069E-2,-2.605460823E-2,1.036151204E-1
1.554286320E2,-2.719890833E-2,8.458596781E-2,-2.357831240E-2,9.192661954E-2
1.554386200E2,-2.062079072E-2,7.314004317E-2,-1.167396605E-2,7.688279657E-2
1.554486080E2,-3.218365967E-2,3.363026083E-2,5.729101896E-3,4.689994671E-2
1.554585960E2,-7.773288488E-3,1.886180207E-2,6.752364635E-3,2.148920705E-2
1.554685850E2,3.084406257E-3,-8.065795451E-3,-1.548693538E-2,1.773177333E-2
1.554785730E2,-5.821487904E-3,-5.787866414E-3,2.097396255E-3,8.472791162E-3
1.554885610E2,-1.543080211E-3,-1.546296179E-3,-2.119089425E-2,2.130319524E-2
1.554985490E2,1.589507103E-2,-2.565407395E-2,-2.813095450E-2,4.125694359E-2
1.555085380E2,2.357071102E-2,-1.377019286E-2,-3.526455760E-3,2.752512524E-2
1.555185260E2,2.105699301E-2,1.867746860E-3,6.198048592E-3,2.202955377E-2
1.555285140E2,8.039921522E-3,3.857992887E-2,2.564588785E-3,3.949213043E-2
1.555385020E2,1.692301154E-2,2.215846226E-2,1.449875593E-2,3.142609891E-2
1.555484910E2,1.416721880E-2,3.239094347E-2,-4.991768003E-3,3.570435625E-2
1.555584790E2,1.475544870E-2,4.774061546E-2,-2.589556396E-2,5.628027952E-2
1.555684670E2,9.971256852E-3,4.344773591E-2,-4.319221258E-2,6.207011315E-2
1.555784550E2,1.138452888E-2,4.539427400E-2,-5.033049345E-2,6.872704111E-2
1.555884440E2,2.204868078E-2,3.292932585E-2,-2.688198924E-2,4.788659698E-2
1.555984320E2,8.629320860E-3,2.634360686E-2,-1.503143728E-2,3.153402777E-2
1.556084200E2,3.878399670E-2,3.522362709E-2,-1.096352935E-2,5.352664086E-2
1.556184080E2,3.363961637E-2,2.694192320E-2,-2.977402210E-3,4.320134187E-2
1.556283970E2,3.858928442E-2,1.603978962E-2,-9.314614534E-4,4.180042277E-2
1.556383850E2,5.218581498E-2,1.681936964E-2,-1.307846725E-2,5.636751534E-2
1.556483730E2,3.276604235E-2,2.157286361E-2,-7.109629512E-3,3.986914606E-2
1.556583610E2,5.912236691E-2,3.230908245E-2,-1.530567169E-2,6.909120540E-2
1.556683500E2,6.507190883E-2,5.366282165E-3,-9.355545044E-4,6.529950663E-2
1.556783380E2,5.180691540E-2,-1.144446284E-2,1.218150437E-2,5.443639648E-2
1.556883260E2,3.322095573E-2,-1.041798413E-2,2.210539877E-2,4.124093777E-2
1.556983140E2,2.764505088E-2,-1.355793893E-2,-9.340342283E-3,3.217621078E-2
1.557083030E2,2.576341689E-2,1.129097342E-2,-3.391385078E-5,2.812900426E-2
1.557182910E2,1.420873404E-4,1.518858120E-2,8.711766601E-3,1.751022744E-2
1.557282790E2,-2.134935379E-2,2.017932594E-2,-1.080565453E-3,2.939672982E-2
1.557382670E2,-6.176764727E-2,1.562449113E-2,8.945655227E-3,6.433810472E-2
1.557482560E2,-8.634583354E-2,4.632895142E-3,3.119957328E-2,9.192649270E-2
1.557582440E2,-8.817659676E-2,2.013050169E-2,2.722755969E-2,9.445469454E-2
1.557682320E2,-9.072422862E-2,5.243052095E-3,3.688891411E-2,9.807735334E-2
1.557782200E2,-8.742406011E-2,-1.511651427E-3,4.109715521E-2,9.661380617E-2
1.557882090E2,-7.620851576E-2,3.054000735E-3,1.118572354E-2,7.708557068E-2
1.557981970E2,-5.558304727E-2,8.722145408E-3,-2.679778934E-3,5.632701110E-2
1.558081850E2,-2.778596878E-2,1.657042444E-2,-7.002625465E-3,3.310099380E-2
1.558181730E2,-1.226979733E-2,2.439604551E-2,-6.373465061E-5,2.730785647E-2
1.558281620E2,-2.117686093E-2,4.725763544E-2,-1.206397533E-2,5.317220183E-2
1.558381500E2,-1.044312716E-2,6.232912615E-2,1.250427067E-2,6.442309878E-2
1.558481380E2,4.969548583E-3,4.185261548E-2,1.251362622E-2,4.396508474E-2
1.558581260E2,7.563373446E-3,3.778368428E-2,1.411576331E-2,4.103737552E-2
1.558681150E2,9.801102877E-3,1.728875488E-2,5.741965771E-3,2.068653750E-2
1.558781030E2,1.511622190E-2,-1.060260996E-2,1.054662287E-2,2.126374277E-2
1.558880910E2,8.992432952E-3,-2.022215679E-2,-6.641852260E-3,2.310657216E-2
1.558980790E2,2.283922434E-3,-3.256226689E-2,-3.525929511E-2,4.804930195E-2
1.559080673E2,2.345025837E-2,-3.966312557E-2,-3.744439960E-2,5.937306805E-2
1.559180553E2,4.373366475E-2,-1.092698425E-2,-3.412318110E-2,5.653692516E-2
1.559280432E2,5.592627883E-2,-2.582408175E-2,-3.452020705E-2,7.061357204E-2
1.559380313E2,5.511176169E-2,-2.643599287E-2,-1.088985443E-2,6.208668879E-2
1.559480203E2,5.812541664E-2,-3.509206474E-3,9.870684743E-3,5.906190825E-2
1.559580083E2,6.012048662E-2,9.958100617E-3,6.684536934E-3,6.130513611E-2
1.559679963E2,4.616903007E-2,-1.939039037E-2,7.597872019E-3,5.064873380E-2
1.559779843E2,2.305089355E-2,-2.059594005E-2,-1.889059961E-2,3.622694016E-2
1.559879732E2,1.661661744E-2,4.435551614E-3,-1.779424667E-2,2.474714747E-2
1.559979613E2,2.061435878E-2,2.252654448E-2,-3.104579151E-2,4.354581684E-2
1.560079493E2,-5.079476237E-3,4.084207043E-2,-1.842282236E-2,4.509186378E-2
1.560179372E2,-1.248380542E-2,5.262304053E-2,8.035243750E-3,5.467718843E-2
1.560279263E2,-5.520941019E-3,6.238335907E-2,2.598093331E-2,6.780245700E-2
1.560379143E2,-6.243072152E-3,7.270705685E-2,2.273806751E-2,7.643501671E-2
1.560479023E2,-7.038878202E-3,5.496952817E-2,2.308363795E-2,6.003373364E-2
1.560578903E2,-3.232925534E-3,5.136150375E-2,-1.938351989E-3,5.149964159E-2
1.560678793E2,9.635041952E-3,6.114667296E-2,-3.179131150E-2,6.958762200E-2
1.560778672E2,1.731535971E-2,8.275783584E-2,-3.553762257E-2,9.171479538E-2
1.560878553E2,3.276136458E-2,7.989284635E-2,-3.233393312E-2,9.220443122E-2
1.560978433E2,5.014747560E-2,5.990764797E-2,-3.097971797E-2,8.404426524E-2
1.561078323E2,2.604525268E-2,6.799829409E-2,-1.705632806E-2,7.478663993E-2
1.561178203E2,2.456707656E-2,5.527270630E-2,1.637805104E-3,6.050864168E-2
1.561278083E2,3.064993501E-2,4.942052051E-2,2.485066652E-4,5.815383151E-2
1.561377963E2,2.153061748E-2,2.902587086E-2,-4.607021213E-3,3.643203690E-2
1.561477853E2,3.430152118E-2,2.849128917E-2,-1.282820642E-2,4.639946976E-2
1.561577733E2,2.136455655E-2,2.206943840E-2,-1.435374498E-2,3.390478407E-2
1.561677612E2,3.133815229E-2,1.151214436E-2,-2.462730289E-2,4.148630261E-2
1.561777493E2,1.427129924E-2,7.054227144E-3,-3.563059330E-2,3.902526466E-2
1.561877373E2,2.934074342E-2,7.067237198E-3,-3.279586315E-2,4.456897695E-2
1.561977263E2,4.619475782E-2,-5.243344456E-3,-2.173176169E-2,5.131976011E-2
1.562077143E2,4.406637132E-2,-2.809630975E-2,-1.624239564E-2,5.472716984E-2
1.562177022E2,5.586897612E-2,-3.171982929E-2,-3.888456881E-2,7.509660281E-2
1.562276912E2,3.866412878E-2,-2.140884921E-2,-2.359819293E-2,5.010118151E-2
1.562376793E2,3.099375129E-2,-1.038991749E-2,-3.960553050E-2,5.135329639E-2
1.562476673E2,2.856189430E-2,1.721391052E-2,-2.579499185E-2,4.216019599E-2
1.562576553E2,3.676144481E-2,1.665038511E-2,7.601380348E-4,4.036355978E-2
1.562676433E2,3.220295548E-2,1.393362254E-2,-1.091207385E-2,3.674574172E-2
1.562776322E2,2.063365459E-2,3.196702033E-2,-1.895082593E-2,4.250613949E-2
1.562876203E2,1.871752203E-2,3.811332107E-2,-3.031430483E-2,5.217209935E-2
1.562976083E2,1.007826090E-2,3.368580937E-2,-8.326435089E-3,3.613356635E-2
1.563075962E2,9.691175222E-3,2.617155254E-2,2.584469318E-4,2.790942196E-2
1.563175853E2,1.769542873E-2,6.986984164E-3,1.507412195E-3,1.908450778E-2
1.563275733E2,-1.360764027E-2,1.247942001E-2,-6.010352969E-3,1.941721247E-2
1.563375613E2,-3.398460209E-2,1.072101608E-2,-1.051621735E-2,3.715486768E-2
1.563475493E2,-3.648311734E-2,-1.533286124E-3,-3.803613782E-3,3.671289004E-2
1.563575383E2,-2.059681714E-2,-7.934817821E-3,1.172834516E-2,2.499488528E-2
1.563675262E2,-1.816379070E-2,-1.174398646E-2,3.040142834E-2,3.731074049E-2
1.563775143E2,-7.173948884E-3,-1.655463696E-2,3.222868323E-2,3.693520773E-2
1.563875023E2,2.185104489E-3,-2.793097973E-2,2.185046017E-2,3.552966254E-2
1.563974913E2,1.198854625E-2,-4.834360957E-2,2.654402018E-2,5.643947940E-2
1.564074793E2,7.821235657E-3,-5.848940581E-2,1.277441204E-2,6.037688235E-2
1.564174673E2,1.393683851E-2,-6.420856744E-2,7.704876065E-3,6.615391686E-2
1.564274553E2,2.305498660E-2,-6.670372054E-2,2.262813985E-2,7.411444835E-2
1.564374443E2,9.689421058E-3,-7.687217474E-2,1.058638394E-2,7.820030470E-2
1.564474323E2,2.380986214E-3,-5.119500428E-2,3.387584388E-2,6.143427673E-2
1.564574202E2,1.082319617E-2,-3.742422670E-2,3.032541454E-2,4.936947525E-2
1.564674083E2,3.558030725E-3,-1.434702069E-2,-8.888937235E-3,1.724847212E-2
1.564773973E2,-3.706082225E-2,2.348855764E-2,-2.268895090E-2,4.939641058E-2
1.564873853E2,-6.311835408E-2,3.491021633E-2,-7.194414139E-3,7.248730524E-2
1.564973733E2,-7.471104383E-2,5.752373815E-2,-1.404618144E-2,9.533108483E-2
1.565073612E2,-8.418353319E-2,1.024911654E-1,-3.074349046E-2,1.361486998E-1
1.565173502E2,-8.631308913E-2,1.273570347E-1,-1.523550510E-2,1.546023423E-1
1.565273383E2,-6.376154780E-2,1.230771652E-1,2.729480267E-3,1.386397260E-1
1.565373263E2,-3.883779109E-2,1.156435999E-1,3.758941054E-2,1.276510086E-1
1.565473143E2,-2.386248708E-3,9.255586892E-2,3.156502426E-2,9.781939384E-2
1.565573033E2,2.048221171E-2,8.855081856E-2,-7.367491722E-4,9.089175575E-2
1.565672912E2,2.253399968E-2,6.720278040E-2,-2.206271410E-2,7.423448113E-2
1.565772793E2,3.496284127E-2,6.398461908E-2,-3.196555853E-2,7.961299317E-2
1.565872683E2,3.646031320E-2,4.605106249E-2,-2.361865819E-2,6.330794429E-2
1.565972563E2,4.854358435E-2,3.246666491E-2,-1.302759647E-2,5.983545923E-2
1.566072443E2,3.888164520E-2,1.763754129E-2,-1.257736087E-3,4.271354699E-2
1.566172323E2,2.369759560E-2,1.164604560E-2,-1.184178114E-2,2.893845531E-2
1.566272203E2,1.871109009E-3,-5.129616112E-3,8.940392733E-4,5.532930200E-3
1.566372093E2,-1.824272811E-2,-5.591107607E-3,7.256394625E-3,2.041354639E-2
1.566471973E2,-4.357403576E-2,-1.061357349E-2,2.061728239E-3,4.489538126E-2
1.566571852E2,-3.664859354E-2,-1.433327973E-2,1.777553558E-4,3.935217800E-2
1.566671733E2,-4.798342109E-2,1.275423914E-3,1.461511552E-2,5.017606010E-2
1.566771623E2,-5.101812601E-2,7.270574123E-3,2.091256678E-2,5.561515872E-2
1.566871503E2,-5.084270954E-2,-1.212230131E-2,2.444486976E-2,5.770167207E-2
1.566971383E2,-5.981935501E-2,5.119383484E-3,1.709375024E-2,6.242403078E-2
1.567071263E2,-4.927740991E-2,1.453325450E-2,1.690722406E-2,5.408634615E-2
1.567171152E2,-2.456824601E-2,-8.809415102E-3,4.191868901E-3,2.643437669E-2
1.567271033E2,-4.882015765E-2,7.813926637E-3,-6.496841311E-3,4.986656384E-2
1.567370913E2,-7.478004098E-3,2.000771016E-2,3.279703259E-3,2.160984647E-2
1.567470792E2,1.265220523E-2,4.650012866E-2,-3.325019181E-2,5.854840320E-2
1.567570683E2,3.584869444E-2,4.310026512E-2,-3.273212850E-2,6.491651548E-2
1.567670563E2,5.080821097E-2,1.870758176E-2,-1.414382994E-2,5.595976986E-2
1.567770443E2,5.606953561E-2,1.284033939E-2,-9.546748996E-3,5.830786873E-2
1.567870323E2,5.229632735E-2,3.192594364E-2,-2.479511797E-2,6.609818157E-2
1.567970213E2,4.550127804E-2,3.203265533E-2,-3.934415996E-2,6.814998337E-2
1.568070092E2,4.282851577E-2,3.840348914E-2,-2.974537075E-2,6.476030283E-2
1.568169973E2,4.541707814E-2,4.493687555E-2,-3.595628321E-2,7.331362816E-2
1.568269853E2,4.911310315E-2,3.751836687E-2,-3.847935677E-2,7.280374751E-2
1.568369743E2,5.341840804E-2,3.550999448E-2,-1.758374691E-2,6.651070726E-2
1.568469623E2,5.636423528E-2,3.104316026E-2,-2.248137474E-2,6.816169766E-2
1.568569502E2,6.472341478E-2,2.348271042E-2,-6.733068824E-3,6.918014401E-2
1.568669383E2,7.009408236E-2,1.020879999E-2,8.705334663E-3,7.136653859E-2
1.568769273E2,4.580299437E-2,5.606602728E-3,-1.423913956E-2,4.829183557E-2
1.568869153E2,4.459905267E-2,-3.346361518E-3,-2.553712964E-2,5.150163711E-2
1.568969033E2,4.863538563E-2,-8.865694553E-3,-1.042383134E-2,5.052383136E-2
1.569068923E2,4.329219997E-2,-2.121618345E-2,-4.280161858E-4,4.821331991E-2
1.569168813E2,4.271683395E-2,-3.716344088E-2,-7.034200430E-3,5.705549243E-2
1.569268693E2,3.474357069E-2,-3.530534193E-2,-1.359770000E-2,5.136613980E-2
1.569368573E2,3.360394835E-2,-2.162475765E-2,-2.165750206E-2,4.545220439E-2
1.569468453E2,2.015067458E-2,-1.816583723E-2,-8.702995777E-3,2.849191927E-2
1.569568343E2,3.997916758E-2,-1.373364776E-2,-1.560972691E-2,4.506229572E-2
1.569668223E2,2.990441501E-2,-1.239799753E-2,-4.457332492E-3,3.267800779E-2
1.569768103E2,1.918471456E-2,-1.811818242E-2,-8.241650462E-3,2.764501057E-2
1.569867983E2,1.243995130E-2,-1.220226198E-2,-2.866948307E-2,3.354976669E-2
1.569967873E2,5.627360344E-3,9.717049152E-3,-2.184753656E-2,2.456426434E-2
1.570067753E2,7.839946747E-3,1.400671273E-2,2.154523551E-2,2.686726521E-2
1.570167633E2,5.863587856E-3,5.417445302E-4,4.362139821E-2,4.401705955E-2
1.570267513E2,9.015237093E-3,1.419411600E-2,2.971087217E-2,3.413917624E-2
1.570367403E2,3.528794646E-3,2.195190936E-2,1.320827544E-2,2.586111476E-2
1.570467283E2,-6.538941264E-3,1.075186014E-2,2.448229194E-2,2.752712967E-2
1.570567163E2,-8.799474835E-3,2.691297948E-2,1.402513146E-2,3.159815714E-2
1.570667043E2,-2.241120815E-2,4.307278320E-2,-1.257969975E-2,5.015750940E-2
1.570766933E2,-1.483087778E-2,3.380231515E-2,-1.637980521E-2,4.038377723E-2
1.570866813E2,-1.844387233E-2,3.439624608E-2,1.610323191E-3,3.906240279E-2
1.570966693E2,-2.579031408E-2,4.224613309E-2,1.261244416E-2,5.107787984E-2
1.571066573E2,-2.782397568E-2,3.930352181E-2,8.067988157E-3,4.882655919E-2
1.571166463E2,-5.018022001E-2,5.165123329E-2,1.035308003E-2,7.275362978E-2
1.571266343E2,-4.637075901E-2,5.555410355E-2,9.019330144E-3,7.292361777E-2
1.571366223E2,-4.778520048E-2,5.673743382E-2,2.617213726E-3,7.422541067E-2
1.571466103E2,-5.503107011E-2,5.114734948E-2,4.399445057E-3,7.525838925E-2
1.571565993E2,-4.258644104E-2,5.845783085E-2,2.543831170E-2,7.666831581E-2
1.571665873E2,-3.893894792E-2,4.485369891E-2,2.382272601E-2,6.399701747E-2
1.571765753E2,-3.888164520E-2,3.415124774E-2,2.708839595E-2,5.841122539E-2
1.571865633E2,-2.550555468E-2,1.990158319E-2,3.161004782E-3,3.250535778E-2
1.571965523E2,-3.994583845E-2,2.909618363E-2,1.733699441E-3,4.944960693E-2
1.572065403E2,-4.292616427E-2,3.518942088E-2,6.619632840E-3,5.589964633E-2
1.572165283E2,-4.551472664E-2,2.844918922E-2,-8.279657364E-4,5.368083676E-2
1.572265163E2,-2.606688738E-2,2.589117855E-2,-2.241003871E-2,4.303539914E-2
1.572365053E2,-1.636284828E-2,1.275087699E-2,6.924272776E-3,2.186945865E-2
1.572464933E2,-2.462379456E-2,1.360632464E-2,-1.177102983E-2,3.049623701E-2
1.572564813E2,-2.564237952E-2,1.083211318E-2,-1.363979995E-2,3.099855555E-2
1.572664703E2,1.161257029E-3,1.566586018E-2,-4.535100460E-3,1.635037703E-2
1.572764583E2,-5.787574053E-3,1.653139427E-2,-8.079682589E-3,1.928896785E-2
1.572864463E2,-1.130851507E-2,2.771258622E-2,-2.100553751E-2,3.656641293E-2
1.572964343E2,3.821155429E-3,2.857285783E-2,-1.591612101E-3,2.887113892E-2
1.573064223E2,2.245272338E-2,3.070504501E-2,-3.796012402E-3,3.822740230E-2
1.573164113E2,2.958925009E-2,2.871567607E-2,-1.394034684E-2,4.352524604E-2
1.573263993E2,3.103935957E-2,1.881517053E-2,-2.838823199E-2,4.607975912E-2
1.573363873E2,2.883203566E-2,8.410634995E-3,-2.453667104E-2,3.878238372E-2
1.573463753E2,4.425289750E-2,2.053249776E-3,-3.323089600E-2,5.537894203E-2
1.573563643E2,2.964070559E-2,3.577326536E-3,-2.027522027E-2,3.608951718E-2
1.573663523E2,5.833182335E-2,-1.123396307E-3,-1.515715241E-2,6.027937378E-2
1.573763403E2,3.724208593E-2,1.378071785E-2,-1.619152486E-2,4.288410692E-2
1.573863293E2,2.641772032E-2,-9.046812057E-3,1.215636134E-2,3.045517815E-2
1.573963173E2,3.055053234E-2,-1.122533843E-2,-5.379438400E-5,3.254759811E-2
1.574063053E2,3.074290574E-2,1.068578660E-4,2.078685164E-3,3.081328616E-2
1.574162933E2,2.966175556E-2,-1.166563377E-2,3.280872703E-3,3.204170532E-2
1.574262823E2,2.366543591E-2,-1.503874630E-2,-1.158567309E-2,3.033882938E-2
1.574362703E2,-3.205443621E-3,-7.658390701E-3,3.828172088E-3,9.142249092E-3
1.574462583E2,9.138613343E-3,-1.787113756E-2,-7.830591202E-3,2.154553249E-2
1.574562463E2,1.692301154E-2,1.100738347E-3,-1.670958817E-2,2.380777775E-2
1.574662343E2,9.119317532E-3,6.884804070E-3,-5.146719217E-3,1.253200694E-2
1.574762233E2,1.569100320E-2,1.916614965E-2,2.013781071E-3,2.485164357E-2
1.574862113E2,1.163537443E-2,2.611015677E-2,3.200181127E-3,2.876392505E-2
1.574961993E2,9.698191881E-3,2.999797046E-2,1.621549845E-2,3.545244064E-2
1.575061883E2,1.046476185E-2,3.335529551E-2,7.797262073E-3,3.581737393E-2
1.575161763E2,-1.489695132E-2,4.471599698E-2,-9.822152853E-3,4.814472174E-2
1.575261643E2,-6.057715416E-3,3.537390053E-2,-6.400362253E-3,3.645508733E-2
1.575361523E2,-1.048230350E-2,5.059668794E-2,-1.667567432E-2,5.429531869E-2
1.575461413E2,2.540030479E-3,4.968247578E-2,-8.895369172E-3,5.053640022E-2
1.575561293E2,-1.041038275E-2,2.882311866E-2,6.489824653E-3,3.132516659E-2
1.575661173E2,-2.616395116E-2,3.633225918E-2,3.003129959E-3,4.487320121E-2
1.575761053E2,-4.735075235E-3,2.564851910E-2,1.303753674E-2,2.915895804E-2
1.575860943E2,-1.290597439E-2,2.192881286E-2,3.415358663E-3,2.567297574E-2
1.575960823E2,-2.549386024E-2,2.537823156E-2,-8.360933661E-3,3.693097289E-2
1.576060703E2,5.518017411E-3,7.415146530E-3,1.152720094E-2,1.477529274E-2
1.576160583E2,-1.133190393E-3,2.333974600E-2,2.723048329E-3,2.352536622E-2
1.576260473E2,-1.429702699E-2,5.036791563E-3,4.607605934E-4,1.516530746E-2
1.576360353E2,-7.744637132E-3,4.870730639E-4,7.242946029E-3,1.061493814E-2
1.576460233E2,-5.022758245E-3,1.342930019E-2,-4.024638534E-3,1.489200857E-2
1.576560113E2,4.318168759E-3,3.793819696E-3,-1.557405889E-2,1.660093249E-2
1.576660003E2,4.815182090E-3,-4.317145497E-3,-1.947356701E-2,2.051934541E-2
1.576759883E2,6.247165203E-3,-2.919514775E-3,-9.680650234E-3,1.188552180E-2
1.576859763E2,1.109567642E-2,6.640828997E-3,-2.130725384E-3,1.310551928E-2
1.576959643E2,1.210256696E-2,2.639579326E-2,-1.081676424E-2,3.098729445E-2
1.577059533E2,1.264109552E-2,4.462668076E-2,-7.601380348E-5,4.638257981E-2
1.577159413E2,1.846141398E-2,4.479347259E-2,-2.644695640E-3,4.852085539E-2
1.577259293E2,1.629735947E-2,4.152575612E-2,3.993648291E-3,4.478773910E-2
1.577359173E2,1.731243610E-2,2.385196209E-2,-1.051329374E-2,3.129162643E-2
1.577459063E2,2.359234571E-2,2.675203487E-2,-9.577739239E-4,3.568175272E-2
1.577558943E2,2.623119414E-2,1.113953054E-2,-3.255144954E-2,4.326385967E-2
1.577658823E2,1.673122287E-2,2.108023569E-2,-2.904019654E-2,3.959347384E-2
1.577758703E2,2.985471368E-2,3.956269965E-2,-2.554239213E-2,5.575773424E-2
1.577858593E2,1.762701631E-2,2.172956899E-2,-1.783342302E-2,3.318006704E-2
1.577958473E2,8.995356560E-3,2.158938199E-3,1.320067406E-2,1.611940599E-2
1.578058353E2,-2.973893881E-3,-1.584800094E-2,3.339754164E-2,3.708637171E-2
1.578158233E2,-4.998199940E-3,-3.049045220E-2,1.288843274E-2,3.347777437E-2
1.578258123E2,6.588057876E-3,-5.243183658E-2,1.335036278E-2,5.450442349E-2
1.578358003E2,-6.800896525E-3,-3.675910592E-2,2.091549039E-3,3.744140274E-2
1.578457883E2,1.867659152E-2,-3.622949436E-2,-5.426216125E-3,4.111976598E-2
1.578557763E2,-1.812987685E-2,-2.825740054E-2,-1.062088251E-2,3.521329671E-2
1.578657653E2,-2.738777339E-2,-2.661023989E-2,2.125813723E-2,4.370472969E-2
1.578757533E2,-4.665142536E-2,-3.809958011E-2,2.921853662E-2,6.694517439E-2
1.578857413E2,-6.939650953E-2,-3.859089240E-2,2.817480862E-2,8.425528086E-2
1.578957293E2,-7.214060783E-2,-4.818880454E-2,3.979848862E-2,9.544814235E-2
1.579057169E2,-4.259930491E-2,-5.415150270E-2,4.106674969E-2,8.020950040E-2
1.579157049E2,-3.670998931E-2,-1.463675022E-2,3.319873631E-2,5.161408591E-2
1.579256929E2,-2.787192285E-2,-3.399863541E-3,-1.238791108E-2,3.068979466E-2
1.579356809E2,8.595991731E-3,3.487440214E-2,-3.586448193E-2,5.075801476E-2
1.579456699E2,-3.324142098E-3,7.561619282E-2,-3.781452835E-2,8.460967493E-2
1.579556579E2,-1.703820169E-2,9.459406212E-2,-4.898738801E-2,1.078800310E-1
1.579656459E2,-1.463090301E-2,1.033422276E-1,-4.386464238E-2,1.132156623E-1
1.579756339E2,5.740796328E-3,1.090223591E-1,-1.874208033E-2,1.107704704E-1
1.579856229E2,7.917129993E-4,1.230577232E-1,-1.397250652E-2,1.238509628E-1
1.579956109E2,4.534047961E-2,1.332241309E-1,-2.435716152E-2,1.428205148E-1
1.580055989E2,6.292539597E-2,1.559296001E-1,-4.020136178E-2,1.728866541E-1
1.580155869E2,6.598407447E-2,1.478832467E-1,-3.843257904E-2,1.664344191E-1
1.580255759E2,8.943140924E-2,1.487468804E-1,-4.958497345E-2,1.805056259E-1
1.580355639E2,7.355797291E-2,1.396494900E-1,-5.597422600E-2,1.674690103E-1
1.580455519E2,4.567377090E-2,1.523436490E-1,-4.125093699E-2,1.643055706E-1
1.580555399E2,3.078500569E-2,1.565118366E-1,-3.732511640E-2,1.638195223E-1
1.580655289E2,3.740405381E-2,1.391252871E-1,-1.836318076E-2,1.452312472E-1
1.580755169E2,4.871315360E-2,1.240866870E-1,-1.898649395E-2,1.346512687E-1
1.580855049E2,3.742218018E-2,9.967003003E-2,-7.174533606E-3,1.067052407E-1
1.580954929E2,3.073179603E-2,4.938046709E-2,7.219557166E-3,5.860883741E-2
1.581054819E2,2.138268292E-2,2.382564962E-2,-9.838525057E-3,3.349145091E-2
1.581154699E2,7.406668067E-3,-1.097361580E-2,1.288375497E-2,1.847349771E-2
1.581254579E2,1.817606986E-2,-5.287067011E-2,1.538402438E-3,5.592891877E-2
1.581354459E2,-1.452857673E-2,-6.877743557E-2,1.211776972E-2,7.133200914E-2
1.581454349E2,-2.912498116E-2,-7.549822524E-2,1.998929143E-2,8.335357409E-2
1.581554229E2,-2.838764727E-2,-8.772606879E-2,1.154123425E-2,9.292427967E-2
1.581654109E2,-2.263047874E-2,-9.097887486E-2,-1.460634470E-3,9.376261351E-2
1.581753989E2,-3.574929178E-2,-9.283258840E-2,-1.602721810E-3,9.949105512E-2
1.581853879E2,-3.640301049E-2,-8.087269351E-2,9.275438190E-3,8.917177514E-2
1.581953759E2,-2.683462679E-2,-7.614054188E-2,2.594701946E-2,8.479815524E-2
1.582053639E2,-4.064750433E-2,-7.740470991E-2,2.995879412E-2,9.241881880E-2
1.582153519E2,-2.240477622E-2,-7.991024181E-2,3.252045929E-2,8.913585708E-2
1.582253409E2,-4.142752290E-3,-5.774359345E-2,2.297721863E-2,6.228513111E-2
1.582353289E2,1.129915953E-2,-5.582380638E-2,1.935720742E-2,6.015538083E-2
1.582453169E2,6.654131413E-4,-3.397217676E-2,5.849554539E-3,3.447852747E-2
1.582553049E2,1.714520574E-2,-1.873316333E-2,-6.036665440E-3,2.610231441E-2
1.582652939E2,2.026001751E-2,9.930764884E-3,-2.224280834E-2,3.168329092E-2
1.582752819E2,3.903952003E-2,2.470083162E-2,-1.277031898E-2,4.793011844E-2
1.582852699E2,4.364888012E-2,2.563989446E-2,-1.678618670E-2,5.333296342E-2
1.582952579E2,4.004874945E-2,1.414777681E-2,-1.101381540E-2,4.387899327E-2
1.583052469E2,4.915754199E-2,3.883092061E-2,-3.445179462E-3,6.273893202E-2
1.583152349E2,3.528092980E-2,5.107747525E-2,-7.940518856E-3,6.258357872E-2
1.583252229E2,2.941032529E-2,5.217441291E-2,-8.017117381E-3,6.042690433E-2
1.583352109E2,1.733290136E-2,4.400336757E-2,8.657972217E-3,4.807999907E-2
1.583451999E2,1.256859004E-2,5.256778434E-2,2.160019934E-2,5.820575588E-2
1.583551879E2,3.642230630E-3,4.571747884E-2,-6.643606424E-3,4.634103173E-2
1.583651759E2,-6.013861299E-3,4.429660544E-2,-1.038056195E-2,4.589239422E-2
1.583751639E2,-5.558947921E-3,6.086381391E-2,-1.447010458E-2,6.280676454E-2
1.583851529E2,-2.644286335E-2,3.993604437E-2,-1.742879570E-2,5.096935923E-2
1.583951409E2,-1.544015765E-2,5.264233634E-2,-8.652125001E-3,5.553803481E-2
1.584051289E2,-3.119138718E-2,3.149705037E-2,-5.443757772E-4,4.433128874E-2
1.584151169E2,-4.451953053E-2,2.440203890E-2,1.857894301E-2,5.406130987E-2
1.584251059E2,-5.586780667E-2,1.471875742E-2,1.446425736E-2,5.955726978E-2
1.584350939E2,-3.997156620E-2,4.703500271E-3,2.201535165E-2,4.587509921E-2
1.584450819E2,-2.807949901E-2,-3.872318566E-4,8.693640232E-3,2.939706777E-2
1.584550699E2,-3.534057140E-3,1.767774090E-2,1.895024121E-2,2.615537660E-2
1.584650589E2,-2.768247306E-2,3.081584975E-2,-1.068578660E-2,4.277992457E-2
1.584750469E2,-1.664702296E-2,2.568024024E-2,-1.525187731E-2,3.419382801E-2
1.584850349E2,-2.489744425E-3,3.183750451E-2,-6.130220890E-3,3.251776635E-2
1.584950229E2,1.638389826E-2,4.821614027E-2,-1.950981975E-2,5.453312178E-2
1.585050119E2,5.053163767E-3,6.031783015E-2,-2.765733004E-2,6.654850113E-2
1.585149999E2,7.501977682E-3,6.208310455E-2,-2.208376408E-2,6.631956103E-2
1.585249879E2,1.226161122E-3,6.175215214E-2,-4.652044773E-3,6.193927095E-2
1.585349759E2,1.670724928E-2,7.424458221E-2,-2.285910487E-2,7.946023434E-2
1.585449649E2,2.274976194E-2,5.066685453E-2,-2.159844518E-2,5.959173307E-2
1.585549529E2,2.258545518E-2,4.391142011E-2,-1.690722406E-2,5.219358032E-2
1.585649409E2,4.646548390E-2,2.628805831E-2,-2.506701350E-2,5.897845683E-2
1.585749289E2,4.962590396E-2,2.615781158E-2,-3.296426296E-2,6.506615160E-2
1.585849179E2,6.144371152E-2,2.275546297E-2,-2.718078196E-2,7.093613810E-2
1.585949059E2,5.996962845E-2,2.408292711E-2,-2.383032739E-2,6.887835813E-2
1.586048939E2,5.674488902E-2,1.254388556E-2,-1.984428048E-2,6.140950222E-2
1.586148819E2,4.151815474E-2,-1.437874183E-2,-1.661661744E-2,4.697464598E-2
1.586248709E2,5.004807293E-2,-2.680685252E-2,-1.078401983E-2,5.779024165E-2
1.586348589E2,5.266060889E-2,-2.603940547E-2,-1.502734423E-2,6.063836607E-2
1.586448469E2,1.629209697E-2,-1.912141845E-2,-6.085197330E-3,2.584745043E-2
1.586548349E2,1.279487729E-2,-2.889123872E-2,9.656676650E-3,3.304033843E-2
1.586648239E2,1.657159388E-2,-2.278177544E-2,8.606516719E-3,2.945673346E-2
1.586748119E2,6.361770630E-3,-1.367049783E-2,2.800056159E-2,3.180229687E-2
1.586847999E2,9.036871791E-3,-1.867045194E-2,1.770244539E-2,2.726953245E-2
1.586947879E2,2.254218578E-2,3.561246693E-3,1.802638113E-2,2.908234920E-2
1.587047769E2,4.820444584E-3,5.779534131E-3,-2.823035717E-3,8.037986777E-3
1.587147649E2,-1.878359556E-2,7.403744459E-3,1.064076304E-2,2.282246114E-2
1.587247529E2,-4.575212359E-2,1.757892296E-2,4.177835584E-3,4.919074767E-2
1.587347409E2,-1.925488114E-2,3.891526669E-2,1.306852698E-3,4.343795913E-2
1.587447299E2,-2.581487238E-2,4.097144008E-2,8.752697110E-3,4.921052982E-2
1.587547179E2,-3.308296144E-2,5.705859214E-2,3.430502951E-2,7.434379816E-2
1.587647059E2,-2.557104349E-2,4.670390412E-2,8.142247796E-3,5.386491553E-2
1.587746939E2,-6.883342266E-3,5.617887855E-2,-3.517684937E-3,5.670820842E-2
1.587846829E2,-6.169397235E-3,5.419360265E-2,6.405040026E-3,5.491841739E-2
1.587946709E2,1.128220260E-2,5.445394993E-2,-3.743387461E-3,5.573628717E-2
1.588046589E2,3.134049118E-2,5.567821071E-2,-1.740306795E-2,6.622051275E-2
1.588146469E2,1.929698110E-2,5.376514792E-2,-2.457175434E-2,6.218388635E-2
1.588246359E2,1.020339131E-2,4.177250862E-2,-2.760645926E-2,5.109959162E-2
1.588346239E2,2.117861509E-3,3.697691470E-2,-1.234522641E-2,3.904077578E-2
1.588446119E2,3.851560950E-3,2.504464790E-2,-1.094715714E-2,2.760270204E-2
1.588546009E2,-2.227847636E-2,1.544205800E-2,-2.272052586E-2,3.536961916E-2
1.588645889E2,-3.052188098E-2,1.579800725E-2,-2.348241806E-3,3.444817109E-2
1.588745769E2,-1.673297703E-2,2.185396850E-4,8.407711387E-3,1.872778392E-2
1.588845649E2,-1.633770525E-2,-4.005196542E-3,-3.874365091E-3,1.726189205E-2
1.588945539E2,-2.090087235E-2,-1.033056825E-2,9.792916775E-3,2.528771094E-2
1.589045421E2,-4.420495033E-3,-3.012953281E-2,2.320759892E-2,3.828736308E-2
1.589145301E2,6.356508136E-3,-2.163542882E-2,7.294401526E-3,2.370032214E-2
1.589245181E2,-9.963070750E-3,-1.813923240E-2,-1.102550983E-2,2.344901699E-2
1.589345071E2,4.681280851E-3,-7.583546340E-3,-2.490913868E-4,8.915526458E-3
1.589444951E2,4.093050957E-4,3.800690174E-6,-1.052966595E-2,1.053761880E-2
1.589544831E2,-1.129974425E-2,5.312926322E-3,4.479551911E-3,1.326566212E-2
1.589644711E2,-2.752869129E-2,2.543421865E-2,2.348007917E-2,4.422716858E-2
1.589744601E2,1.950046420E-3,4.495909497E-2,-6.206234694E-3,4.542730732E-2
1.589844481E2,-6.527246833E-3,5.310353547E-2,-1.776384115E-3,5.353266266E-2
1.589944361E2,3.691347241E-3,4.211910233E-2,-2.042432427E-3,4.232985183E-2
1.590044241E2,1.826377809E-2,3.328410566E-2,-6.267045736E-3,3.847951587E-2
1.590144131E2,3.613579273E-2,4.432087138E-2,-2.495299280E-2,6.239220309E-2
1.590244011E2,3.154455900E-2,2.139744714E-2,-1.338778496E-2,4.039978630E-2
1.590343891E2,3.299525321E-2,1.678750232E-2,-2.317953229E-2,4.367834344E-2
1.590443771E2,1.476421952E-2,3.273519829E-2,6.050114036E-3,3.641674429E-2
1.590543661E2,3.600130677E-3,2.973674610E-2,-4.695314169E-3,3.031964685E-2
1.590643541E2,9.043303728E-3,3.133288980E-2,-4.402953386E-4,3.261480009E-2
1.590743421E2,-3.404248953E-3,2.285910487E-2,-2.831221819E-3,2.328397310E-2
1.590843301E2,3.141708970E-3,4.560989007E-2,1.034372449E-2,4.687350045E-2
1.590943191E2,-1.464727521E-3,4.642016798E-2,8.888937235E-3,4.728626257E-2
1.591043071E2,-1.300186872E-2,4.544879928E-2,5.411598086E-3,4.758074548E-2
1.591142951E2,-2.798243523E-2,1.984574229E-2,6.220268011E-3,3.486490932E-2
1.591242831E2,-2.162768126E-2,-3.060432673E-3,1.741125405E-2,2.793339600E-2
1.591342721E2,5.089416504E-3,-1.962354809E-2,3.347530961E-3,2.054730551E-2
1.591442601E2,1.614884019E-2,-2.439677641E-2,3.825248480E-3,2.950627500E-2
1.591542481E2,2.439750731E-2,-2.108929887E-2,-1.750247061E-2,3.669241567E-2
1.591642361E2,3.311044335E-2,-3.419524804E-2,-1.757614553E-2,5.073989889E-2
1.591742251E2,2.629492879E-2,-2.251485005E-2,-1.365266383E-2,3.721205426E-2
1.591842131E2,6.283067107E-2,-2.916971236E-2,-1.528111339E-2,7.093713959E-2
1.591942011E2,5.724248707E-2,-2.481236726E-2,-1.067058384E-2,6.329468583E-2
1.592041891E2,4.413770735E-2,-1.105708480E-3,-1.036886752E-2,4.535276414E-2
1.592141781E2,4.760744512E-2,-1.357460350E-2,3.633459806E-3,4.963809748E-2
1.592241661E2,4.794599891E-2,-1.389912397E-2,-3.697194457E-3,5.005670490E-2
1.592341541E2,2.472261250E-2,1.088590756E-2,-3.803613782E-3,2.727962665E-2
1.592441421E2,3.565047383E-2,1.527862832E-2,-4.797640443E-3,3.908209464E-2
1.592541311E2,2.475886524E-2,2.792893320E-2,-1.569158792E-2,4.048768516E-2
1.592641191E2,1.189440608E-2,2.696165755E-2,-2.293453395E-2,3.734167540E-2
1.592741071E2,1.550272286E-2,2.442908227E-2,-3.124752045E-2,4.258546713E-2
1.592840951E2,5.288806558E-3,3.476564392E-2,-4.244435370E-2,5.511936713E-2
1.592940841E2,1.374271095E-2,3.614748716E-2,-4.117784679E-2,5.648998140E-2
1.593040721E2,2.196623504E-2,4.498847723E-2,-1.489929020E-2,5.223473379E-2
1.593140601E2,2.227613747E-2,5.006546840E-2,-5.892239213E-3,5.511348211E-2
1.593240481E2,6.748271585E-3,4.265266076E-2,-1.039284110E-2,4.441621084E-2
1.593340371E2,-7.869767547E-3,4.977413088E-2,7.104951739E-3,5.089084088E-2
1.593440251E2,-1.913384378E-2,4.325360835E-2,1.972733617E-2,5.124594038E-2
1.593540131E2,-2.781228125E-2,4.197701499E-2,1.555534780E-2,5.270257699E-2
1.593640011E2,-1.035483420E-2,4.119992003E-2,1.377604008E-3,4.250357390E-2
1.593739901E2,-2.242758036E-2,4.900463730E-2,-2.127801776E-3,5.393494580E-2
1.593839781E2,-3.746778846E-2,5.442676038E-2,1.948876977E-3,6.610526105E-2
1.593939661E2,-3.625741482E-2,3.242748857E-2,8.650955558E-3,4.940628681E-2
1.594039541E2,-3.908045053E-2,3.374866694E-2,1.154825091E-3,5.164869558E-2
1.594139431E2,-4.965572476E-2,3.315795198E-2,3.784902692E-3,5.982864088E-2
1.594239311E2,-6.049880147E-2,4.332567528E-2,1.121612906E-2,7.525304425E-2
1.594339191E2,-4.681514740E-2,5.172110751E-2,1.429468811E-2,7.121143937E-2
1.594439071E2,-2.320292115E-2,3.414028421E-2,2.423729360E-2,4.786837116E-2
1.594538961E2,-4.443942368E-2,4.961625606E-2,8.271471262E-3,6.711968772E-2
1.594638841E2,-7.693473995E-2,6.068386585E-2,2.149378002E-2,1.003168399E-1
1.594738721E2,-6.526194334E-2,8.514803141E-2,4.413478374E-3,1.073721905E-1
1.594838601E2,-2.012202322E-2,7.185526371E-2,-4.791383922E-2,8.867812994E-2
1.594938491E2,3.704795837E-3,4.685300812E-2,-5.098888993E-2,6.934548852E-2
1.595038371E2,5.707467198E-3,1.276300997E-2,1.261536777E-2,1.883128007E-2
1.595138251E2,2.022844255E-2,-1.829593778E-3,5.831252754E-2,6.174858840E-2
1.595238131E2,5.053923905E-2,1.387222677E-2,5.247115910E-2,7.416114816E-2
1.595338021E2,5.454282761E-2,9.757248759E-3,1.864092350E-3,5.544004678E-2
1.595437901E2,5.590990663E-2,2.866407439E-2,-3.543763518E-2,7.213440793E-2
1.595537781E2,5.555498064E-2,3.598420367E-2,-6.412582934E-2,9.215932278E-2
1.595637661E2,4.388393819E-2,4.560652792E-2,-6.616182983E-2,9.155950604E-2
1.595737551E2,5.245771050E-2,4.276887417E-2,-5.708753586E-2,8.854363184E-2
1.595837431E2,4.412718236E-2,3.553659931E-2,-4.987674952E-2,7.548343034E-2
1.595937311E2,6.660855711E-2,1.826494753E-2,-3.449915707E-2,7.720427467E-2
1.596037201E2,5.916972935E-2,1.490542978E-2,-3.320750713E-2,6.946918193E-2
1.596137081E2,5.106607318E-2,1.214700580E-2,-2.887355089E-2,5.990805890E-2
1.596236961E2,3.786715329E-2,4.264666736E-3,-4.917216003E-2,6.220940445E-2
1.596336841E2,5.067489445E-2,2.930492923E-2,-5.950126648E-2,8.346930284E-2
1.596436731E2,5.849086761E-2,1.371405959E-2,-7.329367876E-2,9.476930078E-2
1.596536611E2,4.450374305E-2,3.969674706E-3,-4.286126018E-2,6.191469201E-2
1.596636491E2,8.149849176E-3,2.632036418E-2,-4.160176992E-2,4.989878629E-2
1.596736371E2,-1.128337204E-2,1.224363104E-2,-4.051594198E-2,4.380368181E-2
1.596836261E2,-3.195854187E-2,9.100167900E-3,-2.301814914E-2,4.042272435E-2
1.596936141E2,-8.197796345E-3,9.652145058E-3,4.849095941E-3,1.356029132E-2
1.597036021E2,-6.900883913E-3,-3.821067721E-2,3.720875680E-2,5.377889581E-2
1.597135901E2,4.649705887E-3,-7.410804972E-2,5.739860773E-2,9.385213353E-2
1.597235791E2,4.856697321E-3,-7.339454323E-2,6.382879078E-2,9.738819753E-2
1.597335671E2,3.342736244E-2,-8.739306986E-2,7.061799288E-2,1.172255865E-1
1.597435551E2,3.252689123E-2,-8.585013583E-2,7.915317357E-2,1.212166216E-1
1.597535431E2,5.961236358E-3,-7.105609551E-2,9.935588837E-2,1.222951250E-1
1.597635321E2,-3.006462872E-2,-4.227770805E-2,5.469719410E-2,7.538613626E-2
1.597735201E2,-2.717668891E-2,8.533134162E-3,-6.568177342E-3,2.923230665E-2
1.597835081E2,-2.481967628E-2,4.988069639E-2,-2.822334051E-2,6.245524119E-2
1.597934961E2,-6.981575489E-3,5.320717737E-2,-4.093986511E-2,6.749680493E-2
1.598034851E2,-7.216633558E-3,6.581684411E-2,-4.035982132E-2,7.754258149E-2
1.598134731E2,-1.027472734E-2,6.381388038E-2,-1.275745511E-2,6.588272924E-2
1.598234611E2,1.996999562E-2,6.935060889E-2,4.552642107E-3,7.231206143E-2
1.598334491E2,6.435445547E-3,5.286336109E-2,2.307369769E-2,5.803744851E-2
1.598434381E2,-7.442336082E-3,4.348179594E-2,2.611892760E-2,5.126649318E-2
1.598534261E2,-7.604303956E-3,2.620210424E-2,3.352851927E-2,4.322658106E-2
1.598634141E2,-3.384894669E-2,3.711534753E-2,1.115765691E-2,5.145671504E-2
1.598734021E2,-4.542234063E-2,5.134293884E-2,9.335079789E-3,6.918403076E-2
1.598833911E2,-3.266020775E-2,4.283801749E-2,1.011159003E-2,5.480902449E-2
1.598933791E2,-3.931784749E-2,2.391511202E-2,2.938225865E-3,4.611354341E-2
1.599033678E2,-1.811291993E-2,3.996279538E-3,5.941355824E-3,1.947685363E-2
1.599133558E2,-2.215276122E-2,1.714695990E-2,-3.013070226E-2,4.114149100E-2
1.599233448E2,-1.037880778E-3,1.348967269E-2,-2.531610489E-2,2.870459253E-2
1.599333328E2,1.743054986E-3,-6.260613799E-3,-1.395788848E-2,1.539662875E-2
1.599433208E2,6.793295145E-3,-2.044040412E-3,-2.371923029E-2,2.475739982E-2
1.599533088E2,3.039382696E-3,-7.516011000E-3,-4.639180899E-3,9.340785188E-3
1.599632978E2,-1.543840349E-2,-1.349712789E-2,-3.872026205E-3,2.086886078E-2
1.599732858E2,1.541150630E-2,9.691467583E-3,-2.042315483E-2,2.735953807E-2
1.599832738E2,1.531093419E-2,2.510297388E-2,-1.873798728E-2,3.486683482E-2
1.599932618E2,2.547397971E-2,2.482055336E-2,-1.501623452E-2,3.860661615E-2
1.600032508E2,3.460908473E-2,3.220558673E-2,-1.504371643E-2,4.961151042E-2
1.600132388E2,1.520626903E-2,1.733114719E-2,-1.524836898E-2,2.764257653E-2
1.600232268E2,2.050910890E-2,2.496585667E-2,-4.587725401E-3,3.263379800E-2
1.600332148E2,1.552903533E-2,3.524014547E-2,-1.504547060E-2,4.134470918E-2
1.600432038E2,2.046116173E-2,2.411289409E-2,-1.714462101E-2,3.597261223E-2
1.600531918E2,9.364315867E-3,2.832332790E-2,-7.394388914E-3,3.073399262E-2
1.600631798E2,8.509452939E-3,3.921859100E-2,3.678483367E-3,4.029937853E-2
1.600731678E2,2.574529052E-3,1.904043451E-2,-1.398127735E-2,2.376220660E-2
1.600831568E2,-1.666397989E-2,1.726945907E-2,-2.017874122E-3,2.408306995E-2
1.600931448E2,1.751533449E-2,1.725527957E-2,-1.789014101E-2,3.040705117E-2
1.601031328E2,2.202938497E-2,6.636735946E-3,-3.199596405E-3,2.322880719E-2
1.601131208E2,1.918939233E-2,6.746225059E-3,4.571353197E-3,2.084805987E-2
1.601231098E2,4.350153029E-2,-8.598184437E-3,1.588688493E-3,4.437156572E-2
1.601330978E2,2.515238285E-2,7.135064900E-3,2.171538949E-2,3.398690417E-2
1.601430858E2,3.286486030E-2,-3.760052025E-3,6.170566678E-3,3.364985775E-2
1.601530738E2,1.952151418E-2,1.266667709E-2,-2.058219910E-3,2.336173139E-2
1.601630628E2,4.566675425E-4,2.160151497E-2,-1.235925972E-2,2.489147033E-2
1.601730508E2,4.366115928E-3,2.155488342E-2,-1.328604341E-2,2.569425844E-2
1.601830388E2,9.109961987E-4,1.743639708E-2,-2.074592113E-2,2.711551402E-2
1.601930268E2,1.305157006E-2,1.695283234E-2,-1.672771454E-2,2.715802716E-2
1.602030158E2,2.360871792E-2,4.384330004E-2,9.091250896E-3,5.061874518E-2
1.602130038E2,6.035495996E-3,2.861612722E-2,9.739707112E-3,3.082485756E-2
1.602229918E2,-2.967461944E-3,1.577403367E-2,-4.046273232E-3,1.655289387E-2
1.602329808E2,1.224406958E-2,2.473766908E-2,1.228500009E-3,2.762930914E-2
1.602429688E2,1.795855343E-2,3.412142694E-2,-2.024598420E-2,4.355090463E-2
1.602529568E2,2.002437472E-2,2.464732960E-2,-2.738426507E-2,4.193285600E-2
1.602629448E2,1.535186470E-2,2.932802573E-2,-8.641600013E-3,3.421242601E-2
1.602729338E2,1.355969310E-2,2.268763527E-2,-1.895199537E-2,3.252341003E-2
1.602829218E2,4.167310596E-3,2.603238881E-2,-1.567872405E-2,3.067367165E-2
1.602929098E2,8.857946992E-3,2.786490619E-2,-2.255972743E-2,3.693044169E-2
1.603028978E2,-1.090037942E-2,2.111283392E-2,1.163595915E-2,2.645686249E-2
1.603128868E2,-1.208502531E-2,1.060655683E-2,2.372800112E-3,1.625352469E-2
1.603228748E2,-1.642248988E-2,2.669210091E-2,1.615819573E-2,3.525980310E-2
1.603328628E2,-9.892319441E-3,2.589965701E-2,-1.008293867E-2,2.950111641E-2
1.603428508E2,-1.903268695E-3,1.905505255E-2,-2.014541209E-2,2.779487520E-2
1.603528398E2,1.365909576E-3,2.582247376E-2,-4.101821780E-3,2.618187927E-2
1.603628278E2,-4.002419114E-3,1.132167131E-2,6.813760400E-3,1.380677119E-2
1.603728158E2,-1.356554031E-2,1.567126885E-2,-1.067292273E-2,2.331359756E-2
1.603828038E2,-7.595533133E-4,2.099179655E-2,2.456415296E-3,2.114867419E-2
1.603927928E2,-6.783939600E-3,1.193738312E-2,1.426720619E-4,1.373110729E-2
1.604027808E2,-1.983960271E-3,2.343505561E-2,-2.247845113E-2,3.253334743E-2
1.604127688E2,9.342096448E-3,4.156215504E-2,9.162586927E-4,4.260900172E-2
1.604227568E2,1.062439084E-3,1.777772829E-2,1.012386918E-2,2.048582747E-2
1.604327458E2,4.806411266E-4,2.733631790E-2,-7.969754934E-3,2.847845301E-2
1.604427338E2,1.056474924E-2,3.267760321E-2,-7.159330845E-3,3.508127273E-2
1.604527218E2,1.084073782E-3,3.747860581E-2,-1.232008338E-2,3.946651193E-2
1.604627098E2,8.051031232E-3,2.116575122E-2,5.845461488E-3,2.338755114E-2
1.604726988E2,-3.683161139E-3,2.896798342E-2,2.367362201E-2,3.759188900E-2
1.604826868E2,1.445256293E-2,1.116321176E-2,8.021210432E-3,1.994576870E-2
1.604926748E2,2.316549897E-2,3.797971219E-2,7.496130466E-4,4.449337929E-2
1.605026628E2,2.156043828E-2,2.506584406E-2,-2.106576383E-2,3.920351314E-2
1.605126518E2,2.732871652E-2,3.032307565E-2,-2.343622506E-2,4.707020616E-2
1.605226398E2,2.097162366E-2,1.332668155E-2,-1.307086587E-2,2.807591449E-2
1.605326278E2,3.433368087E-2,1.698323786E-3,-8.218261600E-3,3.534438809E-2
1.605426158E2,2.753278434E-2,4.605705589E-3,-9.122241139E-3,2.936804422E-2
1.605526048E2,1.150673568E-2,6.882026643E-3,-1.681308389E-2,2.150458199E-2
1.605625928E2,1.158801198E-2,-8.623327464E-3,-2.856306374E-2,3.200769296E-2
1.605725808E2,2.211066127E-2,3.317125440E-3,-3.529730201E-2,4.178258240E-2
1.605825688E2,2.186858654E-3,8.626835793E-3,-1.632893443E-2,1.859674020E-2
1.605925578E2,1.886311769E-3,2.500167087E-2,-1.320652127E-2,2.833820605E-2
1.606025458E2,5.577074289E-3,2.578987554E-2,-8.864378929E-4,2.640089411E-2
1.606125338E2,2.881800234E-2,1.427802354E-2,1.648505509E-2,3.613995374E-2
1.606225218E2,3.001785100E-2,4.912392050E-3,1.623128593E-2,3.447691426E-2
1.606325108E2,4.825882494E-2,4.893973321E-3,1.040278137E-2,4.960930377E-2
1.606424988E2,3.945876539E-2,-1.198138341E-2,-1.184353530E-2,4.290474383E-2
1.606524868E2,3.746895790E-2,7.149244398E-3,-3.476754427E-3,3.830303282E-2
1.606624748E2,1.185581446E-2,1.708673358E-2,6.200387478E-3,2.170164984E-2
1.606724638E2,1.785798132E-2,4.927302450E-3,-1.077700317E-2,2.143197620E-2
1.606824518E2,2.802336574E-2,1.059573948E-2,1.643067598E-3,3.000463953E-2
1.606924398E2,2.777427435E-3,5.065296739E-3,6.424335837E-3,8.639642653E-3
1.607024278E2,1.079162121E-2,9.216966033E-3,-5.294069052E-3,1.514723467E-2
1.607124168E2,-1.363219857E-2,2.407810315E-2,-1.661252439E-2,3.227333041E-2
1.607224048E2,-3.045873106E-2,4.136934310E-2,-1.511505246E-3,5.139495592E-2
1.607323928E2,-3.594283462E-2,2.919982553E-2,-7.149975300E-3,4.685764951E-2
1.607423808E2,-2.342102230E-2,3.639497057E-2,2.116867483E-2,4.817936241E-2
1.607523698E2,-2.126690805E-2,3.149485767E-2,2.916474223E-2,4.790396254E-2
1.607623578E2,-9.725673795E-3,3.903761968E-2,-2.319005728E-3,4.029767076E-2
1.607723458E2,1.782114387E-2,3.264602825E-2,-1.437245607E-2,3.987384886E-2
1.607823338E2,1.040745914E-2,3.044279739E-2,-1.756562054E-2,3.665556089E-2
1.607923228E2,1.509049416E-2,3.108160570E-2,-1.040804386E-2,3.608485283E-2
1.608023108E2,2.029451609E-2,3.559594855E-2,2.847594023E-4,4.097584684E-2
1.608122988E2,-4.207656384E-3,6.106261924E-2,-4.954345822E-3,6.140760037E-2
1.608222868E2,-5.530296564E-3,4.331778154E-2,-1.719841540E-2,4.693399482E-2
1.608322758E2,-2.915538669E-2,3.971955121E-2,-9.217550755E-3,5.012626620E-2
1.608422638E2,-2.097162366E-2,4.050907150E-2,-9.287132621E-3,4.655152742E-2
1.608522518E2,-2.622359276E-2,3.947484523E-2,-8.490741849E-3,4.814595435E-2
1.608622408E2,-1.318897963E-2,1.628186435E-2,-1.067233801E-2,2.351482700E-2
1.608722288E2,-8.720537424E-3,3.581595004E-2,-9.588264227E-3,3.808890732E-2
1.608822168E2,1.325388372E-2,2.560729623E-2,-1.425434232E-2,3.216497052E-2
1.608922048E2,1.080623925E-2,2.701267451E-2,-9.559028149E-3,3.062408219E-2
1.609021938E2,-9.724504352E-3,1.814975739E-3,-7.421286106E-3,1.236671376E-2
1.609121818E2,-1.309016168E-2,2.562980801E-2,-1.099335015E-2,3.080735527E-2
1.609221698E2,7.037124038E-3,2.374115735E-2,-8.148095012E-3,2.606827803E-2
1.609321578E2,3.496634960E-3,2.630355343E-2,-6.085782051E-3,2.722388882E-2
1.609421468E2,-2.374320388E-2,9.977688789E-3,-1.009287894E-2,2.766152941E-2
1.609521348E2,5.844292045E-3,2.247055739E-2,-8.387246132E-3,2.468658738E-2
1.609621228E2,-7.839362025E-3,1.669453159E-2,9.528037906E-3,2.075925067E-2
1.609721108E2,-1.454728782E-2,3.256124362E-2,-1.769484401E-2,3.981162737E-2
1.609820998E2,1.458997250E-2,3.408605129E-2,-1.338018358E-2,3.941770544E-2
1.609920878E2,2.455889046E-2,2.828254357E-2,-1.331995726E-2,3.975503280E-2
1.610020758E2,1.338193774E-2,3.070753008E-2,-2.307311296E-2,4.067428184E-2
1.610120638E2,9.710471034E-3,3.510317445E-2,-9.219304919E-3,3.757022341E-2
1.610220528E2,1.641196489E-2,2.975691900E-2,-7.755746841E-3,3.485654069E-2
1.610320408E2,1.881517053E-2,2.354483709E-2,-6.873986721E-3,3.091313133E-2
1.610420288E2,-9.782391787E-4,2.231575236E-2,2.237670958E-2,3.161750918E-2
1.610520168E2,-5.177709460E-3,1.376419947E-2,1.175875068E-2,1.882896916E-2
1.610620058E2,-4.903475046E-3,2.173410058E-3,-1.652423143E-2,1.737291004E-2
1.610719938E2,2.545176029E-2,2.133985206E-2,-4.329863191E-3,3.349521016E-2
1.610819818E2,2.439224482E-2,1.315448105E-2,-1.223763764E-2,3.029491300E-2
1.610919698E2,1.408418834E-2,1.100475222E-2,-1.532555223E-2,2.354445760E-2
1.611019588E2,1.205929756E-2,7.203915864E-3,-1.033378422E-2,1.743875448E-2
1.611119468E2,1.929405749E-2,2.850663811E-3,-2.414139926E-2,3.103536848E-2
1.611219348E2,8.665573597E-3,2.870251983E-3,-1.830178499E-4,9.130389244E-3
1.611319228E2,1.526357174E-2,7.187105119E-3,-5.097602606E-3,1.762431997E-2
1.611419118E2,3.798702121E-2,2.231838360E-2,-1.476421952E-3,4.408292015E-2
1.611518998E2,3.145217299E-2,9.323970079E-3,-1.725981116E-2,3.706854037E-2
1.611618878E2,3.398635626E-2,7.361059785E-3,-8.159789443E-3,3.571889943E-2
1.611718758E2,3.700293481E-2,4.691074938E-3,-1.984720409E-2,4.225085655E-2
1.611818648E2,2.392037451E-2,1.050203785E-2,-1.719139874E-2,3.127333219E-2
1.611918528E2,2.150664389E-2,2.205613598E-2,1.085594058E-2,3.266282768E-2
1.612018408E2,-9.901674986E-3,1.126144499E-2,3.081482649E-3,1.530878330E-2
1.612118288E2,5.699865818E-3,1.054881558E-2,4.408800602E-3,1.277511265E-2
1.612218178E2,1.588688493E-3,-4.331909716E-3,1.162952721E-2,1.251140584E-2
1.612318058E2,-3.748065233E-4,1.538650945E-2,-5.812717080E-3,1.645213764E-2
1.612417938E2,-2.048805892E-2,2.915290162E-2,6.686875820E-3,3.625419341E-2
1.612517818E2,-2.156453133E-2,4.366481379E-2,-2.127801776E-3,4.874599999E-2
1.612617708E2,-8.449226618E-3,1.870319635E-2,4.774836302E-3,2.107126113E-2
1.612717588E2,-1.757029831E-2,1.227359802E-2,2.223696113E-3,2.154765452E-2
1.612817468E2,-1.627280116E-2,2.416464195E-2,6.133144498E-3,2.977162138E-2
1.612917348E2,-6.960525513E-3,1.376522273E-2,1.458704889E-2,2.122998510E-2
1.613017238E2,5.777049065E-3,1.494519085E-2,-9.180128574E-4,1.604916736E-2
1.613117118E2,1.905198276E-2,1.983156279E-2,-7.780305147E-3,2.857974944E-2
1.613216998E2,1.862338185E-3,2.518819705E-2,-1.353221118E-2,2.865369633E-2
1.613316878E2,1.461803913E-5,2.771594837E-2,-9.043303728E-3,2.915399373E-2
1.613416768E2,3.158548951E-2,1.438897446E-2,-3.021197855E-2,4.601575145E-2
1.613516648E2,2.962725699E-2,2.369321018E-2,-8.229371309E-3,3.881836057E-2
1.613616528E2,2.681474626E-2,6.098645926E-3,-2.058219910E-3,2.757644590E-2
1.613716418E2,2.146220505E-2,7.478150278E-3,-6.677520275E-3,2.368835694E-2
1.613816298E2,6.619632840E-3,1.193869874E-2,1.163654387E-2,1.793770386E-2
1.613916178E2,1.806497276E-2,1.577812672E-2,-5.748982430E-3,2.466461681E-2
1.614016058E2,1.181722283E-2,1.899482623E-2,-2.278484523E-2,3.193116583E-2
1.614115948E2,1.678267837E-2,2.462364838E-2,-1.267734826E-2,3.238359942E-2
1.614215828E2,7.392634749E-3,1.710266724E-2,-2.326782525E-2,2.980845462E-2
1.614315708E2,3.987801075E-3,1.004946336E-2,6.827208996E-3,1.278690948E-2
1.614415588E2,1.194586158E-2,1.163420498E-2,-8.845083117E-3,1.887574713E-2
1.614515478E2,1.965658486E-2,9.683281481E-3,-1.046651602E-4,2.191251294E-2
1.614615358E2,1.771121621E-2,1.421998993E-2,4.587725401E-3,2.317202014E-2
1.614715238E2,7.803109288E-3,1.380600706E-2,6.157118082E-3,1.701189139E-2
1.614815118E2,-2.161715627E-3,1.314380988E-2,-2.096811533E-3,1.348441216E-2
1.614915008E2,-4.694144726E-3,2.415250897E-2,-8.515300155E-3,2.603630199E-2
1.615014888E2,-9.673633575E-3,1.638243645E-2,-9.821568131E-3,2.141089936E-2
1.615114768E2,-1.362810552E-2,2.131924063E-2,-3.972598314E-3,2.561282527E-2
1.615214648E2,-1.000341654E-2,2.503368437E-2,-8.266793489E-3,2.819740361E-2
1.615314538E2,-2.456239879E-2,4.159986958E-2,-8.885428905E-3,4.912037693E-2
1.615414418E2,-1.358659029E-2,3.115308791E-2,6.654131413E-4,3.399342726E-2
1.615514298E2,-1.533023000E-2,3.856735736E-2,3.600715399E-3,4.165839840E-2
1.615614178E2,-2.502842188E-2,4.297703505E-2,8.945655227E-3,5.053189281E-2
1.615714068E2,-1.788838685E-2,3.208688825E-2,-4.560243487E-3,3.701835494E-2
1.615813948E2,3.929328918E-4,3.741194755E-2,6.671673059E-3,3.800420289E-2
1.615913828E2,-8.400694728E-3,2.207630888E-2,1.908765078E-2,3.036895615E-2
1.616013708E2,-1.488701105E-2,2.425439671E-2,7.507240176E-3,2.943225293E-2
1.616113598E2,-1.065304220E-2,2.827494219E-2,-1.262647748E-2,3.274732962E-2
1.616213478E2,1.370002627E-3,2.596850798E-2,-2.409169793E-2,3.544926266E-2
1.616313358E2,2.169317007E-3,2.716309413E-2,-2.966935694E-2,4.028412045E-2
1.616413238E2,8.076758981E-3,1.431252211E-2,-1.160263002E-2,2.011724008E-2
1.616513128E2,1.351759315E-2,1.679057211E-2,2.086286545E-2,2.999846314E-2
1.616613008E2,-7.224234939E-3,1.170247123E-2,1.752235115E-2,2.227487807E-2
1.616712888E2,-6.658224463E-3,1.135807022E-2,-4.914000034E-3,1.405293950E-2
1.616812768E2,-9.078387022E-3,2.389011517E-2,-1.455255032E-2,2.940971667E-2
1.616912658E2,4.022884369E-4,2.048455060E-2,3.121243715E-3,2.072488387E-2
1.617012538E2,-1.329130590E-2,2.936281666E-2,1.822752535E-2,3.702805012E-2
1.617112418E2,1.878710389E-3,2.836922854E-2,9.254972935E-3,2.989978603E-2
1.617212298E2,9.076632857E-3,2.126296118E-2,-1.558750749E-2,2.788313418E-2
1.617312188E2,2.138443708E-2,1.617851481E-2,-1.153538704E-2,2.919081439E-2
1.617412068E2,1.834037662E-2,2.050370023E-2,-2.905189097E-2,4.000979263E-2
1.617511948E2,1.882686496E-2,4.555361062E-2,-6.236640215E-3,4.968377971E-2
1.617611828E2,6.267045736E-3,4.462741166E-2,-4.678941965E-3,4.530755160E-2
1.617711718E2,-8.476123810E-3,4.121980056E-2,-1.438005745E-2,4.447136928E-2
1.617811598E2,-1.164882302E-2,3.017864943E-2,-1.737909436E-2,3.672164048E-2
1.617911478E2,-1.605937779E-2,2.395180330E-2,-6.084027886E-3,2.947215451E-2
1.618011368E2,-6.866970062E-3,1.750407860E-2,-2.753687739E-2,3.334407986E-2
1.618111248E2,-1.373978734E-2,1.900403559E-2,-2.039508820E-2,3.107884727E-2
1.618211128E2,3.902431726E-3,1.059369296E-3,-1.004610121E-2,1.082937608E-2
1.618311008E2,-7.244700193E-3,1.514516562E-2,-1.942152679E-2,2.567211377E-2
1.618410898E2,-2.237144709E-3,1.516022220E-2,-1.231949866E-2,1.966232949E-2
1.618510778E2,-1.138160527E-2,1.220036164E-2,-3.655094504E-3,1.708067558E-2
1.618610658E2,1.589214742E-2,9.093297422E-3,-4.268467426E-3,1.880075057E-2
1.618710538E2,1.249082208E-2,-3.164074570E-3,-1.391403437E-2,1.896397523E-2
1.618810428E2,1.670841873E-2,7.193829417E-3,-7.190905809E-3,1.956097044E-2
1.618910308E2,9.436236620E-3,1.785856605E-2,-1.295509100E-2,2.399594394E-2
1.619010188E2,1.481275141E-2,2.838004589E-2,-1.263875663E-2,3.441776835E-2
1.619110065E2,7.407252789E-3,3.701448306E-2,-1.701832116E-2,4.140727720E-2
1.619209955E2,9.160248041E-3,2.903040245E-2,-2.905364513E-2,4.208074032E-2
1.619309835E2,1.171255767E-2,5.117936298E-2,-3.834428608E-2,6.501380990E-2
1.619409715E2,1.116467357E-2,3.849704459E-2,-1.906660080E-2,4.438702112E-2
1.619509595E2,1.754807889E-2,3.916523516E-2,-2.391335785E-2,4.912941483E-2
1.619609485E2,8.111842275E-3,3.008246273E-2,-2.173000753E-2,3.798617875E-2
1.619709365E2,2.118329287E-2,2.970385551E-2,-3.451026678E-3,3.664642567E-2
1.619809245E2,-2.736496925E-4,2.463797405E-2,2.240653038E-3,2.474116359E-2
1.619909125E2,-3.801859617E-3,2.837726846E-2,2.160897017E-2,3.587019785E-2
1.620009015E2,-2.158792019E-3,2.546433181E-2,6.100984812E-3,2.627383857E-2
1.620108895E2,1.930984497E-2,2.387812838E-2,1.762935519E-3,3.075943870E-2
1.620208775E2,-3.721752763E-3,2.680787578E-2,-2.549386024E-4,2.706619000E-2
1.620308655E2,-1.889820099E-3,1.666865766E-2,7.846963406E-3,1.852000008E-2
1.620408545E2,-8.173238039E-3,1.489519715E-2,1.226278067E-2,2.095338894E-2
1.620508425E2,1.358483613E-2,9.759880006E-3,2.704337239E-3,1.694451151E-2
1.620608305E2,-5.291730165E-4,1.258145392E-2,-5.392886996E-3,1.369876772E-2
1.620708185E2,-1.339772522E-2,1.353952020E-2,-4.112931490E-3,1.948676099E-2
1.620808075E2,-2.475652635E-2,2.411771804E-2,3.420621157E-3,3.473111817E-2
1.620907955E2,-1.777085781E-2,1.907829523E-2,2.472612083E-2,3.593279543E-2
1.621007835E2,-2.158207297E-3,2.596192986E-2,1.260367334E-2,2.894014931E-2
1.621107715E2,-1.974546254E-2,3.311146662E-2,-2.133064270E-3,3.861091135E-2
1.621207605E2,-1.212186277E-2,1.853143439E-2,-1.653592587E-3,2.220558457E-2
1.621307485E2,-8.869641423E-3,-7.884970307E-4,-1.135470808E-2,1.442988780E-2
1.621407365E2,7.884970307E-3,1.155979916E-2,-8.221769929E-3,1.622957838E-2
1.621507255E2,1.459523499E-2,2.239907518E-2,-1.626929283E-2,3.129583587E-2
1.621607135E2,3.041312277E-2,1.646078914E-2,-4.543871284E-3,3.487925433E-2
1.621707015E2,2.160780072E-2,3.578642160E-3,-3.069788218E-3,2.211622326E-2
1.621806895E2,-6.843581200E-3,1.743201166E-3,-4.268467426E-3,8.251858464E-3
1.621906785E2,6.631327271E-3,2.534767985E-2,-3.834019303E-3,2.647978624E-2
1.622006665E2,1.309717834E-2,1.313196927E-2,-7.283876538E-3,1.992585142E-2
1.622106545E2,2.536522150E-3,3.054819345E-2,-2.857885122E-2,4.190914942E-2
1.622206425E2,-1.645991206E-3,1.881122366E-2,-1.374446511E-2,2.335555060E-2
1.622306315E2,1.108690560E-2,1.629940599E-2,-1.359419167E-2,2.394560834E-2
1.622406195E2,1.533841610E-2,1.663854450E-2,-1.767203987E-2,2.871252627E-2
1.622506075E2,1.824331284E-2,2.350244477E-2,-6.610277295E-3,3.047751859E-2
1.622605955E2,2.039450347E-2,2.417209715E-2,8.669666648E-3,3.279312690E-2
1.622705845E2,2.352451801E-2,1.642175898E-2,4.531592131E-3,2.904500720E-2
1.622805725E2,-3.338760138E-4,2.639637798E-2,-7.041801810E-3,2.732155223E-2
1.622905605E2,7.908359170E-3,3.342575446E-2,-6.414980292E-3,3.494245524E-2
1.623005485E2,1.347315431E-2,3.513138726E-2,-2.254920244E-2,4.386578153E-2
1.623105375E2,2.180719078E-2,1.717137203E-2,-1.447010458E-2,3.130165352E-2
1.623205255E2,1.834914744E-2,1.908004940E-2,-1.128629565E-2,2.877707362E-2
1.623305135E2,-4.204148054E-4,2.503149167E-2,-4.477213025E-3,2.543221894E-2
1.623405015E2,2.830052376E-3,2.399551123E-2,-1.312290609E-2,2.749553455E-2
1.623504905E2,3.457458615E-3,1.171153441E-2,3.245204687E-4,1.221553813E-2
1.623604785E2,3.480847478E-3,1.839753315E-2,-2.138911486E-3,1.884570156E-2
1.623704665E2,2.689719200E-5,-6.584549546E-3,-1.466540158E-2,1.607578986E-2
1.623804545E2,2.502608299E-3,4.995276332E-3,2.500269413E-3,6.121044116E-3
1.623904435E2,3.189656138E-3,2.920830399E-3,-7.431811094E-4,4.388333928E-3
1.624004315E2,1.039459527E-2,1.421165764E-3,-1.003966928E-2,1.452109782E-2
1.624104195E2,6.141915321E-3,2.671139672E-2,-2.320467532E-2,3.591209817E-2
1.624204075E2,-2.739420533E-3,1.890624091E-2,-1.987819433E-2,2.756978382E-2
1.624303965E2,-1.399297178E-2,1.612165064E-2,-5.808624029E-3,2.212353931E-2
1.624403845E2,-2.115639567E-2,2.955562860E-2,1.074601293E-2,3.790257318E-2
1.624503725E2,-9.000034332E-3,3.351214707E-2,1.976066530E-2,3.993179826E-2
1.624603605E2,5.764185190E-3,2.192983612E-2,2.572774887E-4,2.267619313E-2
1.624703495E2,-9.228660464E-3,3.090458125E-2,-1.072379351E-2,3.398913155E-2
1.624803375E2,8.523486257E-3,2.737900257E-2,6.443631649E-4,2.868230820E-2
1.624903255E2,1.759427190E-3,2.587699905E-2,1.438415051E-4,2.593714237E-2
1.625003135E2,-4.124041200E-3,1.401446030E-2,-1.255280256E-2,1.926098817E-2
1.625103025E2,-7.043555975E-3,2.252873719E-2,-5.797514319E-3,2.430569588E-2
1.625202905E2,-8.992432952E-3,4.058830127E-2,-3.746895790E-3,4.174102632E-2
1.625302785E2,1.833569884E-2,2.159230560E-2,-4.891195893E-3,2.874629212E-2
1.625402675E2,6.630742550E-3,3.426117539E-2,-9.107623100E-3,3.606582433E-2
1.625502555E2,1.832926691E-2,1.230254173E-2,9.825076461E-3,2.416291965E-2
1.625602435E2,1.227038205E-2,2.502637535E-2,5.353125930E-3,2.838199599E-2
1.625702315E2,2.985003591E-3,2.223637640E-2,-4.246832728E-3,2.283423461E-2
1.625802205E2,-6.408548355E-3,1.602838755E-2,-7.586177588E-3,1.885547108E-2
1.625902085E2,1.814507961E-2,1.829856902E-2,-5.478841066E-4,2.577560318E-2
1.626001965E2,2.108213603E-2,1.355311498E-2,-1.535011053E-2,2.938995200E-2
1.626101845E2,6.403285861E-3,1.245325372E-2,-3.230762064E-2,3.521175868E-2
1.626201735E2,1.458821833E-2,1.124872729E-2,-3.051603377E-2,3.564517214E-2
1.626301615E2,5.931415558E-3,1.843948692E-2,-1.893211484E-2,2.708544518E-2
1.626401495E2,-2.395604253E-3,1.641401142E-2,-1.221717238E-2,2.060140752E-2
1.626501375E2,1.668210626E-3,2.155517578E-2,-4.696483612E-3,2.212386693E-2
1.626601265E2,1.112081945E-2,3.216553330E-2,4.491831064E-3,3.432886110E-2
1.626701145E2,2.319648921E-2,1.999294594E-2,3.585512638E-3,3.083262720E-2
1.626801025E2,2.240126789E-2,6.774730235E-3,5.637885332E-3,2.407279634E-2
1.626900905E2,8.417066932E-3,1.158421129E-2,1.340649605E-2,1.961568513E-2
1.627000795E2,1.113777637E-2,1.956829190E-2,1.509283304E-2,2.710648852E-2
1.627100675E2,-2.376308441E-3,-4.718556851E-3,1.882335663E-2,1.955071291E-2
1.627200555E2,-9.964240193E-3,-4.736975580E-3,2.368590117E-2,2.612942660E-2
1.627300435E2,7.153483629E-3,2.202456102E-2,1.794627428E-2,2.929713939E-2
1.627400325E2,-8.199550509E-3,2.645821229E-2,-1.913092017E-2,3.366395301E-2
1.627500205E2,6.303883195E-3,1.065143421E-2,2.075176835E-3,1.254983478E-2
1.627600085E2,1.776501060E-2,2.612799078E-2,-1.432158530E-2,3.468970033E-2
1.627699965E2,9.589433670E-3,2.174447939E-2,-1.481801391E-2,2.800630568E-2
1.627799855E2,4.754371047E-3,1.905929178E-2,-1.462680995E-2,2.449090069E-2
1.627899735E2,-2.338886261E-6,2.284360975E-2,-4.159124494E-3,2.321914788E-2
1.627999615E2,5.414521694E-3,1.185449883E-2,1.234347224E-3,1.309082888E-2
1.628099505E2,2.865135670E-4,-5.739626884E-3,-1.973435283E-3,6.076170966E-3
1.628199385E2,2.472787499E-3,2.159946844E-2,-1.447653651E-2,2.611937641E-2
1.628299265E2,2.021967173E-2,1.850439101E-2,-2.264509678E-2,3.555345299E-2
1.628399145E2,6.781600714E-3,1.293184832E-2,-7.406083345E-3,1.637293131E-2
1.628499035E2,2.312573791E-3,-5.901887119E-3,-1.574070454E-3,6.531306676E-3
1.628598915E2,6.753534079E-3,-8.260946274E-3,5.061349869E-3,1.180977216E-2
1.628698795E2,1.333808362E-2,-6.907608211E-3,-8.668497205E-3,1.734250183E-2
1.628798675E2,1.809128523E-2,5.948518664E-3,-2.221941948E-4,1.904544160E-2
1.628898565E2,-2.300937831E-2,4.726889133E-3,3.918219209E-3,2.381443707E-2
1.628998445E2,-1.919056177E-3,1.259110183E-2,1.893913150E-3,1.287654957E-2
1.629098327E2,-2.651712298E-3,3.103029639E-2,-5.371252298E-3,3.160318375E-2
1.629198207E2,2.990324557E-2,3.218205169E-2,1.153070927E-3,4.394562685E-2
1.629298097E2,2.797892690E-3,1.271155447E-2,2.695566416E-3,1.329202388E-2
1.629397977E2,1.368248463E-2,3.512656331E-2,-1.966067791E-2,4.251620975E-2
1.629497857E2,2.392622173E-2,3.794696778E-2,-1.526591063E-2,4.738654321E-2
1.629597737E2,3.393139243E-3,4.062645435E-2,-1.068871021E-3,4.078191600E-2
1.629697627E2,-1.007007480E-2,3.565515161E-2,-1.833452940E-2,4.133825360E-2
1.629797507E2,-1.180669785E-2,2.567190796E-2,-3.208951950E-3,2.843839561E-2
1.629897387E2,1.504780948E-2,2.956264526E-2,-1.454202533E-3,3.320393455E-2
1.629997267E2,4.072000980E-3,3.224637106E-2,4.194792509E-3,3.277202958E-2
1.630097157E2,-5.303424597E-3,4.203636423E-2,1.754164696E-5,4.236959449E-2
1.630197037E2,-1.190434635E-2,2.002379000E-2,-1.463733494E-2,2.751212827E-2
1.630296917E2,-2.382740378E-3,2.702656165E-2,-1.385205388E-3,2.716673113E-2
1.630396797E2,-1.810122550E-2,4.412528202E-2,-9.226906300E-4,4.770268583E-2
1.630496687E2,-2.838238478E-2,2.116545886E-2,-6.847089529E-3,3.606132345E-2
1.630596567E2,6.758796573E-3,3.079743102E-2,-1.032384396E-2,3.317747493E-2
1.630696447E2,-5.405166149E-3,4.274022281E-2,-1.400174260E-2,4.529891017E-2
1.630796327E2,-1.113134444E-2,1.938936710E-2,-5.326813459E-3,2.298324014E-2
1.630896217E2,-1.468820572E-3,1.031331897E-2,1.700370312E-3,1.055524709E-2
1.630996097E2,4.332786798E-4,1.433591098E-2,-5.893993378E-4,1.435456253E-2
1.631095977E2,-8.672590256E-3,5.131516457E-3,-1.914612293E-2,2.163608805E-2
1.631195857E2,-2.001501918E-2,1.701159686E-2,-2.427705467E-2,3.576829327E-2
1.631295747E2,3.638722301E-3,2.030621052E-2,-3.692458212E-2,4.229665768E-2
1.631395627E2,1.715163767E-2,1.918412983E-2,-4.712271094E-3,2.616132663E-2
1.631495507E2,-9.507572651E-4,3.293444216E-2,1.338427663E-3,3.297533637E-2
1.631595397E2,-3.971428871E-3,3.050740913E-2,-1.249316096E-2,3.320471849E-2
1.631695277E2,4.191868901E-3,3.321481615E-2,2.309650183E-3,3.355786437E-2
1.631795157E2,9.529207349E-3,3.467632771E-2,1.106293201E-3,3.597884629E-2
1.631895037E2,-2.269889116E-3,2.806985110E-2,4.224613309E-3,2.847659205E-2
1.631994927E2,2.124001086E-2,3.465586245E-2,-1.015310526E-2,4.189573260E-2
1.632094807E2,1.457476974E-2,3.498447597E-2,-6.008598804E-3,3.837239543E-2
1.632194687E2,2.793156445E-2,2.865881190E-2,-1.256040394E-2,4.194357566E-2
1.632294567E2,2.044362009E-2,1.681366861E-2,-1.282762170E-2,2.941409412E-2
1.632394457E2,2.165808678E-2,1.607048750E-2,-3.121769965E-2,4.125382482E-2
1.632494337E2,1.917769790E-2,6.311484575E-3,-8.187271357E-3,2.178647164E-2
1.632594217E2,3.805952668E-3,2.228900135E-2,-1.157748699E-4,2.261190528E-2
1.632694097E2,8.608270884E-3,2.275560915E-2,-2.631247044E-3,2.447127983E-2
1.632793987E2,9.463133812E-3,3.439127594E-2,-2.308071434E-2,4.248564625E-2
1.632893867E2,5.810962915E-3,2.380576909E-2,-2.897763133E-2,3.794977008E-2
1.632993747E2,-3.885474801E-3,1.523068115E-2,-9.633287787E-3,1.843558506E-2
1.633093627E2,-6.596828699E-3,2.282139033E-2,-1.509868026E-2,2.814789781E-2
1.633193517E2,-3.099609017E-3,2.289024130E-2,-1.849532783E-2,2.959134796E-2
1.633293397E2,8.500097394E-3,1.679612696E-2,-3.687838912E-3,1.918232761E-2
1.633393277E2,-1.118689299E-2,4.494169950E-3,-1.722297370E-2,2.102320055E-2
1.633493157E2,3.957395554E-3,7.400528491E-3,-7.725341320E-3,1.140656390E-2
1.633593047E2,1.025893986E-2,2.015900686E-2,-1.353221118E-2,2.635815138E-2
1.633692927E2,-6.712018847E-3,2.149641126E-2,1.320301294E-3,2.255859237E-2
1.633792807E2,8.308893442E-3,3.064540341E-2,1.990976930E-3,3.181418630E-2
1.633892687E2,1.316325188E-2,2.707129285E-2,4.449146390E-3,3.042895003E-2
1.633992577E2,-2.690303922E-3,1.381843239E-2,1.380644560E-2,1.971813249E-2
1.634092457E2,4.297703505E-4,2.641684324E-2,7.016074061E-3,2.733604954E-2
1.634192337E2,1.674817979E-2,1.390818715E-2,-6.633666158E-3,2.275839895E-2
1.634292227E2,1.340181828E-2,3.184262082E-2,-1.801761031E-2,3.896402848E-2
1.634392107E2,1.670549512E-3,2.821471587E-2,-2.322981834E-2,3.658531656E-2
1.634491987E2,-1.523433566E-2,4.014902920E-2,-3.571303904E-2,5.585204281E-2
1.634591867E2,-3.688423634E-3,3.474196270E-2,-2.484832764E-2,4.287246001E-2
1.634691757E2,-1.310828805E-2,3.497102737E-2,-1.619620264E-2,4.070770137E-2
1.634791637E2,4.516974092E-3,3.295403033E-2,4.318168759E-3,3.354128429E-2
1.634891517E2,1.627280116E-3,2.708664179E-2,4.004173279E-3,2.742932022E-2
1.634991397E2,-9.703454375E-3,2.014541209E-2,-3.754497170E-3,2.267357281E-2
1.635091287E2,1.029519260E-2,2.388631448E-2,-6.217344403E-3,2.674326797E-2
1.635191167E2,2.050033808E-3,2.790452108E-2,-1.882686496E-2,3.372411273E-2
1.635291047E2,8.726969361E-3,2.444516212E-2,-1.908940494E-2,3.222004541E-2
1.635390927E2,-9.508157372E-3,1.428284749E-2,-2.116692066E-3,1.728829588E-2
1.635490817E2,-3.941608071E-3,7.314135879E-3,-8.256853223E-3,1.171360248E-2
1.635590697E2,-2.865135670E-3,1.211660028E-2,-1.856783330E-2,2.235588151E-2
1.635690577E2,-1.297672570E-2,1.357811183E-2,-1.604651392E-2,2.470326172E-2
1.635790457E2,-2.606104016E-3,2.117466822E-2,-1.122489989E-2,2.410719249E-2
1.635890347E2,-7.581499815E-3,1.685021371E-3,-1.158041060E-2,1.394361309E-2
1.635990227E2,4.052705169E-3,3.979468793E-3,-1.104948342E-2,1.242383495E-2
1.636090107E2,3.094931245E-3,6.373757422E-3,-2.567336977E-2,2.663316163E-2
1.636189987E2,7.346441746E-3,7.901196331E-3,-3.162174225E-2,3.341158022E-2
1.636289877E2,-1.888650656E-3,2.140227109E-3,-1.022678018E-3,3.032069212E-3
1.636389757E2,-8.505359888E-3,1.919158503E-2,-9.119902253E-3,2.288734803E-2
1.636489637E2,-1.721946537E-2,1.806394950E-2,-1.141376495E-3,2.498237378E-2
1.636589517E2,-1.832517385E-2,2.191200212E-2,1.311530471E-2,3.143181591E-2
1.636689407E2,-6.524907947E-3,1.985992178E-2,1.359653056E-2,2.493705195E-2
1.636789287E2,3.769115210E-3,1.658898935E-2,2.292108536E-3,1.716550490E-2
1.636889167E2,1.500395536E-3,2.687775001E-2,9.263159037E-3,2.846876793E-2
1.636989047E2,3.022542715E-2,2.775658652E-2,-1.146288157E-2,4.260753684E-2
1.637088937E2,2.148559391E-2,2.808563858E-2,-1.148977876E-2,3.718129713E-2
1.637188817E2,2.539855063E-2,2.542252421E-2,-8.620550036E-3,3.695544607E-2
1.637288697E2,1.002622068E-2,3.314801171E-2,-3.296309352E-2,4.781089119E-2
1.637388587E2,2.313392401E-2,2.928914174E-2,-2.553596020E-2,4.522297566E-2
1.637488467E2,2.946704328E-2,2.494319871E-2,-1.602721810E-2,4.180121436E-2
1.637588347E2,3.873838842E-2,3.332211256E-2,-2.009746492E-2,5.490841483E-2
1.637688227E2,2.127626359E-2,1.687418729E-2,-2.634112179E-2,3.783215942E-2
1.637788117E2,7.596702576E-3,6.511459351E-3,-6.467020512E-3,1.191349433E-2
1.637887997E2,-1.079512954E-2,4.744138420E-3,4.231629968E-3,1.252790339E-2
1.637987877E2,-6.407378912E-3,9.931788146E-3,-1.355150700E-2,1.798160900E-2
1.638087757E2,9.345020056E-3,7.790245414E-3,-1.279955506E-2,1.765916004E-2
1.638187647E2,1.342637658E-2,1.825997740E-2,-2.959334314E-2,3.727546540E-2
1.638287527E2,-7.300248742E-3,2.024276823E-2,-1.093020022E-2,2.413571159E-2
1.638387407E2,1.551383257E-2,-7.236806452E-3,-1.439935327E-2,2.236943770E-2
1.638487287E2,-6.815514565E-3,-3.272832781E-3,-9.005296826E-3,1.175831808E-2
1.638587177E2,-7.496130466E-3,-3.430561423E-3,6.100400090E-3,1.025551583E-2
1.638687057E2,9.066692591E-3,-7.806032896E-5,-1.128103316E-2,1.447317232E-2
1.638786937E2,5.857740641E-3,6.575486362E-3,2.034831047E-3,9.038289866E-3
1.638886817E2,4.414647818E-4,3.153286457E-2,-1.266039133E-2,3.398237702E-2
1.638986707E2,-8.411219716E-3,2.774986222E-2,-1.796732426E-2,3.411199513E-2
1.639086582E2,-1.365617216E-2,3.773266733E-2,-1.045072854E-2,4.146640747E-2
1.639186462E2,-2.721294165E-3,3.224213183E-2,-1.250134706E-2,3.468781033E-2
1.639286342E2,2.365783453E-3,2.818694159E-2,-8.051031232E-3,2.940951737E-2
1.639386232E2,1.724928617E-4,3.852087200E-2,-5.917966962E-3,3.897319163E-2
1.639486112E2,5.717992187E-3,4.771664187E-2,4.197131395E-3,4.824095001E-2
1.639585992E2,1.001043320E-2,3.263067931E-2,-1.828424335E-2,3.872058315E-2
1.639685872E2,8.793627620E-3,3.211919412E-2,-1.491332352E-2,3.648804922E-2
1.639785762E2,1.574830592E-2,3.447679147E-2,-8.157450557E-3,3.877115279E-2
1.639885642E2,-3.165097833E-3,4.311166719E-2,2.315497398E-3,4.328966643E-2
1.639985522E2,-2.886185646E-3,2.888027519E-2,1.295567572E-2,3.178442851E-2
1.640085412E2,9.595280886E-4,3.194933251E-2,-1.475252509E-3,3.199776417E-2
1.640185292E2,9.935004115E-3,3.668177649E-2,-5.975854397E-3,3.847035052E-2
1.640285172E2,1.843627095E-3,2.933445767E-2,-3.277949095E-3,2.957455524E-2
1.640385052E2,8.132307529E-3,2.471471876E-2,-7.764517665E-3,2.715215431E-2
1.640484942E2,2.375782192E-2,2.924455673E-2,-7.051157355E-3,3.833271475E-2
1.640584822E2,2.842448473E-2,1.937884212E-2,-1.032501340E-2,3.591791692E-2
1.640684702E2,3.985345244E-2,1.573441878E-2,-3.718829155E-3,4.300813058E-2
1.640784582E2,3.883720636E-3,2.515486792E-2,-2.119030952E-3,2.554096627E-2
1.640884472E2,1.372516930E-2,2.558785424E-2,-6.512628794E-3,2.975790467E-2
1.640984352E2,1.244755268E-2,3.895429686E-2,-1.115941107E-2,4.238999017E-2
1.641084232E2,1.495483875E-2,2.436827123E-2,-2.331284881E-2,3.689103908E-2
1.641184112E2,-3.203104734E-3,1.986854643E-2,-4.162048101E-3,2.055095281E-2
1.641284002E2,-4.160293937E-3,3.853066608E-2,-1.341468215E-2,4.101065681E-2
1.641383882E2,-5.627360344E-3,2.187852681E-2,-1.999747753E-4,2.259152739E-2
1.641483762E2,5.154320598E-3,4.147868603E-3,1.257677615E-2,1.421081043E-2
1.641583642E2,7.345272303E-3,7.233882844E-3,2.549386024E-4,1.031247206E-2
1.641683532E2,1.265571356E-2,6.257982552E-4,8.579034805E-3,1.530223994E-2
1.641783412E2,1.616287351E-2,-4.854650795E-3,-2.876830101E-4,1.687865148E-2
1.641883292E2,-8.375551701E-3,1.551704854E-3,9.946698546E-3,1.309558957E-2
1.641983172E2,-8.880166411E-3,1.485485137E-2,1.188621998E-2,2.099538497E-2
1.642083062E2,-7.577991486E-3,9.393551946E-3,-1.347783208E-3,1.214418761E-2
1.642182942E2,4.480136633E-3,3.519146740E-3,1.756503582E-3,5.961654373E-3
1.642282822E2,1.527409673E-2,1.981519058E-2,-1.669380069E-3,2.507442200E-2
1.642382702E2,9.594696164E-3,3.399249583E-2,-1.203356981E-3,3.534113801E-2
1.642482592E2,6.083443165E-3,3.158929020E-2,6.216174960E-3,3.276480379E-2
1.642582472E2,1.035074115E-2,3.024384588E-2,-9.559028149E-3,3.336469804E-2
1.642682352E2,2.236910820E-2,2.317193091E-2,-6.573439837E-3,3.287134763E-2
1.642782242E2,5.687586665E-3,3.754716441E-2,-4.207656384E-3,3.820788622E-2
1.642882122E2,1.063608527E-3,4.216427207E-2,8.981323242E-4,4.218724622E-2
1.642982002E2,8.609440327E-3,3.922136843E-2,-1.082904339E-3,4.016977578E-2
1.643081882E2,2.046350062E-2,2.692993641E-2,7.609566450E-3,3.466816745E-2
1.643181772E2,2.687906563E-2,1.479126289E-2,-3.454535007E-3,3.087392815E-2
1.643281652E2,-5.575904846E-3,3.573993623E-2,-1.302057981E-2,3.844436572E-2
1.643381532E2,1.565299630E-3,1.519179717E-2,-2.445305586E-3,1.546675090E-2
1.643481412E2,1.366318882E-2,1.163844422E-2,-3.313617110E-3,1.825147037E-2
1.643581302E2,5.905103087E-3,7.789075971E-3,1.059807837E-2,1.441732333E-2
1.643681182E2,-2.441797256E-3,2.588737786E-2,-7.657513618E-3,2.710638709E-2
1.643781062E2,8.809415102E-3,2.584907860E-2,-1.902567029E-2,3.328298047E-2
1.643880942E2,2.047694921E-2,2.633615166E-2,-1.148860931E-2,3.528294882E-2
1.643980832E2,-8.266208768E-3,1.592781544E-2,9.637380838E-3,2.036920768E-2
1.644080712E2,-1.520276070E-3,1.219860747E-2,-7.395558357E-3,1.434613352E-2
1.644180592E2,8.818185925E-3,1.587226689E-2,-6.634250879E-3,1.933138753E-2
1.644280472E2,3.973767757E-3,1.442654282E-3,-8.817601204E-4,4.318516236E-3
1.644380362E2,-1.936305463E-2,1.342549950E-2,-1.301414788E-2,2.691728007E-2
1.644480242E2,-9.560782313E-3,1.775989428E-2,-1.022444129E-2,2.261330588E-2
1.644580122E2,-7.654590011E-3,8.865109831E-3,-9.159078598E-3,1.486847811E-2
1.644680002E2,2.176333666E-3,2.842580035E-2,-2.394961059E-2,3.723367295E-2
1.644779892E2,6.928950548E-4,2.455772102E-2,-2.848178744E-3,2.473204171E-2
1.644879772E2,1.305098534E-3,1.482196078E-2,-6.153609753E-3,1.610157497E-2
1.644979652E2,1.012620807E-2,1.676791415E-2,-2.701413631E-4,1.959020191E-2
1.645079532E2,1.614357769E-2,3.032409891E-2,-1.015193582E-2,3.582217018E-2
1.645179422E2,-5.675892234E-3,1.941246361E-2,-3.401910067E-3,2.050932685E-2
1.645279302E2,-4.762557149E-3,1.974385455E-2,-1.055422425E-2,2.288871759E-2
1.645379182E2,-2.173994780E-3,1.441060916E-2,9.670709968E-3,1.749041283E-2
1.645479072E2,1.499050677E-2,2.466355562E-3,-9.443838000E-3,1.788810440E-2
1.645578952E2,1.723993063E-2,-3.321510851E-3,-1.811701298E-2,2.522843241E-2
1.645678832E2,6.203895807E-3,6.708949059E-3,-1.788253963E-2,2.008192083E-2
1.645778712E2,-1.185815334E-3,2.732652381E-2,-2.054770052E-2,3.421042324E-2
1.645878602E2,-1.686804771E-2,1.049136668E-3,-1.176225901E-2,2.059083433E-2
1.645978482E2,-4.102406502E-3,1.656399250E-2,1.079220593E-2,2.019077253E-2
1.646078362E2,4.826876521E-3,1.962632552E-2,7.552848458E-3,2.157630437E-2
1.646178242E2,1.906893969E-2,8.410927355E-3,-7.129510045E-3,2.202721211E-2
1.646278132E2,5.671214461E-3,1.276140198E-2,1.343807101E-2,1.938034588E-2
1.646378012E2,-2.004425526E-3,4.760510623E-3,1.102434039E-2,1.217441022E-2
1.646477892E2,8.490157127E-3,2.851511657E-2,-1.369593322E-2,3.275321706E-2
1.646577772E2,1.852397919E-3,1.441207096E-2,4.784776568E-3,1.529814545E-2
1.646677662E2,-3.404248953E-3,1.739590511E-2,1.399706483E-2,2.258593034E-2
1.646777542E2,8.218261600E-3,3.484326571E-2,1.218559742E-3,3.582007645E-2
1.646877422E2,-7.428887486E-3,1.785023376E-2,-1.004785538E-2,2.178941515E-2
1.646977302E2,3.835188746E-3,3.086788997E-2,-1.565358102E-2,3.482197442E-2
1.647077192E2,-7.955136895E-3,3.928057149E-2,-1.571029902E-2,4.304719497E-2
1.647177072E2,1.367195964E-2,4.612999991E-2,-1.281475782E-2,4.979073598E-2
1.647276952E2,1.946830451E-2,3.553659931E-2,-7.643480301E-3,4.123454331E-2
1.647376832E2,-2.607858181E-4,5.145081997E-2,-5.331491232E-3,5.172697250E-2
1.647476722E2,5.094678998E-3,3.081833482E-2,2.297371030E-3,3.132097426E-2
1.647576602E2,1.201076567E-2,2.143121481E-2,-9.794670939E-3,2.644789290E-2
1.647676482E2,2.072837949E-3,1.669818610E-2,-1.501272619E-2,2.255012248E-2
1.647776362E2,-1.029811621E-2,1.135500044E-2,-1.167045772E-2,1.926620917E-2
1.647876252E2,-9.598789215E-3,-7.220726609E-3,1.463850439E-2,1.893571910E-2
1.647976132E2,5.533804893E-3,4.736390859E-3,-1.800942421E-3,7.503318504E-3
1.648076012E2,1.380527616E-3,-4.054459333E-3,3.610655665E-3,5.601904258E-3
1.648175902E2,-6.613785625E-3,-7.715108693E-3,-4.379564524E-4,1.017137495E-2
1.648275782E2,-1.682828665E-3,-1.399180233E-2,1.057468951E-2,1.761892457E-2
1.648375662E2,1.104305148E-2,1.321763098E-3,-8.659726381E-4,1.115553460E-2
1.648475542E2,8.504775167E-3,1.214846760E-2,-1.440403104E-2,2.067347518E-2
1.648575432E2,2.822450995E-3,1.356378615E-2,-1.592781544E-3,1.394558989E-2
1.648675312E2,1.322230875E-2,3.994773880E-2,-1.155468285E-2,4.363670450E-2
1.648775192E2,9.565460086E-3,2.441212535E-2,-2.069329619E-3,2.630079877E-2
1.648875072E2,-5.399318933E-3,3.270947054E-2,-1.343456268E-2,3.577079231E-2
1.648974962E2,9.854897261E-3,4.990043074E-2,-1.160029113E-2,5.217028601E-2
1.649074856E2,1.492794156E-2,4.967911363E-2,-2.212703347E-2,5.639559717E-2
1.649174736E2,2.342570007E-2,4.615017280E-2,-2.399697304E-2,5.704784473E-2
1.649274616E2,1.724928617E-2,4.057368323E-2,-2.749477744E-2,5.195887250E-2
1.649374506E2,4.581293464E-3,3.834604025E-2,-8.969628811E-3,3.964670596E-2
1.649474386E2,-3.086745143E-3,2.162651181E-2,-6.271723509E-3,2.272814389E-2
1.649574266E2,-1.941275597E-4,2.006793648E-2,1.350823760E-2,2.419157380E-2
1.649674146E2,2.493252754E-3,1.931569219E-2,1.601552367E-2,2.521525872E-2
1.649774036E2,5.770617127E-3,8.406541944E-3,4.540947676E-3,1.116199692E-2
1.649873916E2,2.808417678E-3,2.111283392E-2,4.361438155E-3,2.174077065E-2
1.649973796E2,-1.212478638E-2,2.814089477E-2,5.865926743E-3,3.119822911E-2
1.650073676E2,-7.353458405E-3,2.079693809E-2,-1.387836635E-2,2.606137059E-2
1.650173566E2,-3.796012402E-3,1.336088777E-2,-1.694523096E-2,2.191036021E-2
1.650273446E2,8.719367981E-3,1.006028071E-2,6.336042881E-3,1.474388230E-2
1.650373326E2,-8.407126665E-3,1.581657216E-2,2.421448946E-2,3.011951582E-2
1.650473216E2,5.648995042E-3,2.166714996E-2,3.571479321E-3,2.267447898E-2
1.650573096E2,2.871567607E-3,1.649938077E-3,-6.271138787E-3,7.091923425E-3
1.650672976E2,4.264959097E-3,6.134313941E-3,-1.712006271E-2,1.867929953E-2
1.650772856E2,7.285630703E-3,2.480827421E-2,-6.106832027E-3,2.656735368E-2
1.650872746E2,-7.509579062E-3,2.772354975E-2,-2.234513462E-2,3.639085091E-2
1.650972626E2,8.453904390E-3,1.322874069E-2,2.101489305E-3,1.583932881E-2
1.651072506E2,4.918677807E-3,2.597070068E-2,4.721626639E-3,2.685078106E-2
1.651172386E2,8.013609052E-3,2.232847005E-2,-6.443046927E-3,2.458233835E-2
1.651272276E2,-3.753327727E-3,2.168600723E-2,1.101673901E-2,2.461176380E-2
1.651372156E2,-1.633770525E-2,2.493588969E-2,1.240135968E-2,3.228796880E-2
1.651472036E2,8.075004816E-4,2.215100706E-2,-9.981197119E-3,2.430932880E-2
1.651571916E2,2.099150419E-4,1.281709671E-3,-4.156785607E-3,4.354963902E-3
1.651671806E2,3.649832010E-3,3.766820177E-2,-1.454202533E-3,3.787254155E-2
1.651771686E2,4.139828682E-4,2.754725620E-2,-1.315798938E-2,3.053121993E-2
1.651871566E2,1.069163382E-2,2.352583364E-2,-2.190834761E-2,3.387848251E-2
1.651971446E2,1.335913360E-2,1.554950058E-2,-8.273810148E-3,2.210677166E-2
1.652071336E2,5.455452204E-3,1.991751686E-2,-1.851228476E-3,2.073394520E-2
1.652171216E2,-4.438621402E-3,3.015423730E-2,-6.316162348E-3,3.112672957E-2
1.652271096E2,1.803456724E-2,2.407576427E-2,-9.160832763E-3,3.144533189E-2
1.652370986E2,8.879581690E-3,2.040005833E-2,-1.492677212E-2,2.679212341E-2
1.652470866E2,6.307391524E-3,2.764022693E-2,2.321929336E-3,2.844567961E-2
1.652570746E2,1.669789374E-2,1.986723080E-2,-5.840198994E-3,2.660139920E-2
1.652670626E2,6.874571443E-3,1.720206991E-2,-1.470808625E-2,2.365372577E-2
1.652770516E2,5.712729692E-4,1.052659616E-2,-8.580788970E-3,1.359284808E-2
1.652870396E2,-5.239105225E-4,9.247079194E-3,-1.133365810E-2,1.463676063E-2
1.652970276E2,1.733816385E-2,1.843437061E-2,-2.112014294E-3,2.539485282E-2
1.653070156E2,4.485399127E-3,1.884002119E-2,8.043429852E-3,2.097050232E-2
1.653170046E2,3.915880322E-3,1.832532004E-2,4.564921260E-3,1.928704174E-2
1.653269926E2,-1.165350080E-3,2.147886962E-2,3.478508592E-3,2.178990369E-2
1.653369806E2,1.411050081E-2,1.854342118E-2,-5.528542399E-3,2.394847559E-2
1.653469686E2,7.863335609E-3,1.671558157E-2,-1.522030234E-3,1.853535244E-2
1.653569576E2,1.028115928E-2,1.028963774E-2,1.422627568E-3,1.461515482E-2
1.653669456E2,-2.186273932E-3,1.145644963E-2,3.094931245E-3,1.206684015E-2
1.653769336E2,-1.662948132E-2,2.133882880E-2,5.509831309E-3,2.760875775E-2
1.653869216E2,-1.727735281E-2,1.771589398E-2,-9.877701402E-3,2.664448920E-2
1.653969106E2,1.157280922E-2,1.176518261E-2,-1.062263668E-2,1.962625398E-2
1.654068986E2,1.710018218E-2,2.639827833E-2,-7.330654263E-3,3.229587932E-2
1.654168866E2,6.098645926E-3,3.178897262E-2,-2.148851752E-3,3.243994183E-2
1.654268746E2,2.019920647E-2,2.226093471E-2,-9.998738766E-5,3.005939377E-2
1.654368636E2,1.910285354E-3,2.437061012E-2,-2.437119484E-3,2.456655000E-2
1.654468516E2,-9.992891550E-4,2.811589792E-2,5.095848441E-3,2.859143169E-2
1.654568396E2,-1.189908385E-3,1.704404891E-2,-5.236181617E-3,1.786989320E-2
1.654668276E2,1.240545273E-2,2.096899241E-2,-7.453445792E-3,2.547837817E-2
1.654768166E2,2.270473838E-2,2.726322770E-2,-2.131368577E-2,4.138915233E-2
1.654868046E2,7.386787534E-3,2.969523087E-2,-2.439458370E-3,3.069726899E-2
1.654967926E2,1.007943034E-2,2.578855991E-2,-1.280657172E-2,3.050660613E-2
1.655067816E2,-1.516183019E-3,2.085307136E-2,5.247291327E-3,2.155651786E-2
1.655167696E2,-5.905687809E-5,2.550657794E-2,4.268467426E-5,2.550668202E-2
1.655267576E2,-1.613188326E-2,2.868600145E-2,-6.492163539E-3,3.354508197E-2
1.655367456E2,-2.034187853E-2,3.672226846E-2,-5.403996706E-3,4.232635354E-2
1.655467346E2,-1.142545938E-3,3.714180619E-2,-1.325973094E-2,3.945427280E-2
1.655567226E2,6.945907474E-3,1.736769229E-2,-8.287843466E-3,2.045900084E-2
1.655667106E2,-6.433691382E-3,2.560291082E-2,-1.362927496E-2,2.970957023E-2
1.655766986E2,5.357803702E-3,2.423919395E-2,-1.962910295E-3,2.490175898E-2
1.655866876E2,9.754909873E-3,1.100606784E-2,-5.906857252E-3,1.584874628E-2
1.655966756E2,-2.966292500E-3,7.933940738E-3,5.865926743E-3,1.030317443E-2
1.656066636E2,-2.192121148E-3,5.028605461E-4,-1.202187538E-2,1.223044364E-2
1.656166516E2,-1.013322473E-3,2.606542557E-3,-9.963655472E-4,2.968775984E-3
1.656266406E2,-2.684982955E-2,1.168756083E-2,2.952259183E-3,2.943175597E-2
1.656366286E2,-1.086061835E-2,2.412034929E-2,-5.385285616E-4,2.645816119E-2
1.656466166E2,-4.871315360E-3,1.576818645E-2,9.875362515E-3,1.923247779E-2
1.656566046E2,1.483438611E-3,8.781202286E-3,-3.106625676E-3,9.431925933E-3
1.656665936E2,1.422218263E-2,2.644724876E-2,2.923607826E-5,3.002879119E-2
1.656765816E2,9.846711159E-3,1.088196069E-2,-3.155157566E-3,1.501098959E-2
1.656865696E2,-4.952591658E-3,6.097476482E-3,-7.126586437E-3,1.060639514E-2
1.656965586E2,-3.508329391E-3,1.275204644E-2,-1.338661551E-2,1.881819700E-2
1.657065466E2,7.446429133E-3,1.257984594E-2,-2.379816771E-4,1.462048104E-2
1.657165346E2,3.319464326E-3,4.720457196E-3,1.320301294E-2,1.440906348E-2
1.657265226E2,-1.436134636E-2,2.975940406E-2,1.729840279E-2,3.729752188E-2
1.657365116E2,-1.024432182E-3,2.819410443E-2,-8.075004816E-4,2.822426338E-2
1.657464996E2,2.636509538E-3,3.885898724E-2,4.215842485E-4,3.895060725E-2
1.657564876E2,7.018997669E-3,4.822666526E-2,-3.809577942E-2,6.185762669E-2
1.657664756E2,9.551426768E-3,5.162272811E-2,-7.148805857E-3,5.298340529E-2
1.657764646E2,2.300937831E-2,4.543549687E-2,-1.542086184E-2,5.321295750E-2
1.657864526E2,3.687312663E-2,4.136305735E-2,-2.148442447E-2,5.943156127E-2
1.657964406E2,1.516709268E-2,2.340669662E-2,-6.809082627E-3,2.871023778E-2
1.658064286E2,1.502734423E-4,1.489139646E-2,-3.359225392E-3,1.526632457E-2
1.658164176E2,2.023721337E-3,2.268734291E-2,5.568888187E-3,2.344831534E-2
1.658264056E2,3.077974319E-3,1.872687757E-2,-1.185815334E-3,1.901515257E-2
1.658363936E2,-1.105883896E-2,1.607677326E-2,-1.280072451E-2,2.333707577E-2
1.658463816E2,-1.331995726E-3,3.195503354E-3,1.606814861E-3,3.816714333E-3
1.658563706E2,7.261657119E-3,-1.168873027E-2,1.082436562E-2,1.750785453E-2
1.658663586E2,1.659439802E-3,-1.809201613E-2,2.075878501E-2,2.758626367E-2
1.658763466E2,1.462797940E-2,-1.128775746E-2,3.300753236E-3,1.876928932E-2
1.658863346E2,-1.157748699E-3,-1.826670170E-3,-7.684410810E-3,7.982936519E-3
1.658963236E2,-8.127629757E-3,-1.095373526E-2,-9.570722580E-3,1.666257520E-2
1.659063116E2,-6.210912466E-3,1.111658022E-2,-7.027183771E-3,1.454424632E-2
1.659162984E2,-1.057059646E-2,2.522371888E-2,-9.474828243E-3,2.894384000E-2
1.659262874E2,-3.231756091E-3,1.925941274E-2,-1.594886541E-2,2.521379651E-2
1.659362754E2,-5.695188046E-4,1.934799805E-2,3.218307495E-3,1.962210191E-2
1.659462634E2,1.054252982E-3,3.147322297E-2,-5.634961724E-3,3.199106136E-2
1.659562514E2,-9.735029340E-3,3.048782095E-2,-2.208493352E-3,3.208045301E-2
1.659662404E2,5.012817979E-3,3.694007725E-2,-8.475539088E-3,3.822999364E-2
1.659762284E2,1.046534657E-2,3.550838649E-2,-5.586429834E-3,3.743764400E-2
1.659862164E2,5.610403419E-3,2.704074115E-2,-2.017289400E-4,2.761736777E-2
1.659962044E2,9.507572651E-4,2.964640662E-2,-1.738611102E-2,3.438153896E-2
1.660061934E2,3.103117347E-3,2.347277015E-2,-8.869641423E-3,2.528380539E-2
1.660161814E2,3.542827964E-3,2.558434591E-2,1.198211432E-2,2.847246826E-2
1.660261694E2,-2.559326291E-3,2.210174426E-2,1.130909979E-2,2.495862554E-2
1.660361574E2,-4.576030970E-3,2.282533720E-2,-5.373006463E-3,2.389153148E-2
1.660461464E2,1.754164696E-4,2.069198057E-2,4.853188992E-4,2.069841456E-2
1.660561344E2,-5.782311559E-3,2.458227932E-2,1.625525951E-3,2.530545234E-2
1.660661224E2,-1.250953317E-2,3.139910951E-2,3.700118065E-3,3.400122604E-2
1.660761104E2,7.106705904E-3,2.880981624E-2,5.781726837E-3,3.023142646E-2
1.660860994E2,1.753287613E-2,1.684480503E-2,1.600382924E-2,2.910793281E-2
1.660960874E2,5.767108798E-3,2.705535918E-2,1.125413597E-2,2.986482180E-2
1.661060754E2,-4.471365809E-3,2.568974197E-2,-1.475018620E-2,2.995870404E-2
1.661160634E2,-7.244700193E-3,1.878695771E-2,3.269178271E-3,2.039909281E-2
1.661260524E2,1.162075639E-2,1.929727346E-2,-1.714812934E-2,2.831051186E-2
1.661360404E2,-2.681825459E-2,2.849085063E-2,-2.213346541E-2,4.495372776E-2
1.661460284E2,-1.941860318E-3,2.528379902E-2,1.779892445E-3,2.542064774E-2
1.661560174E2,8.572018147E-4,2.854639918E-2,1.138686776E-2,3.074560876E-2
1.661660054E2,1.853508890E-2,1.633448929E-2,-9.265497923E-3,2.638587714E-2
1.661759934E2,1.790651321E-2,6.573732197E-3,6.724298000E-5,1.907515903E-2
1.661859814E2,9.452608824E-3,2.512636274E-2,-7.028353214E-3,2.775038139E-2
1.661959704E2,-2.285091877E-3,1.324672088E-2,-1.069923520E-2,1.718053820E-2
1.662059584E2,1.549512148E-3,7.920784503E-3,-8.842744231E-3,1.197221536E-2
1.662159464E2,1.082027256E-2,1.830821693E-2,-1.035424948E-2,2.365332086E-2
1.662259344E2,9.349697828E-4,1.835192487E-2,-2.456005991E-2,3.067350416E-2
1.662359234E2,1.916424930E-2,1.210066661E-2,-4.024229228E-2,4.618589257E-2
1.662459114E2,9.078971744E-3,1.902143106E-2,-2.832859039E-2,3.530936988E-2
1.662558994E2,1.835616410E-2,1.327098683E-2,-9.592941999E-3,2.459862573E-2
1.662658874E2,2.079328358E-2,3.083529174E-3,-3.603639007E-3,2.132733008E-2
1.662758764E2,8.556230664E-3,1.431500718E-2,-1.950046420E-3,1.679080685E-2
1.662858644E2,1.300420761E-2,1.625818312E-3,6.507366300E-3,1.463210569E-2
1.662958524E2,2.561665177E-2,-1.826377809E-3,1.373160124E-2,2.912224882E-2
1.663058414E2,2.349411249E-2,6.343205720E-3,6.285756826E-3,2.513404702E-2
1.663158294E2,5.732610226E-3,2.796577066E-2,-6.912578344E-3,2.937228095E-2
1.663258174E2,1.643652320E-3,1.975014031E-2,-5.676476955E-3,2.061533472E-2
1.663358054E2,-1.477006674E-3,8.227324784E-3,-4.795301557E-3,9.636666375E-3
1.663457944E2,1.868711650E-2,1.619181722E-2,8.901801109E-3,2.627975135E-2
1.663557824E2,1.189849913E-2,2.621292159E-2,4.783022404E-3,2.918165251E-2
1.663657704E2,-7.601380348E-6,1.160672307E-2,-5.653672814E-3,1.291046453E-2
1.663757584E2,-1.210899889E-2,6.006990820E-3,6.137822270E-3,1.484535803E-2
1.663857474E2,-6.814345121E-3,1.121817559E-2,1.507236779E-2,1.998647127E-2
1.663957354E2,-1.907946467E-3,1.848977298E-2,-2.730649710E-3,1.878745359E-2
1.664057234E2,-1.443092823E-3,2.911971867E-2,-2.027229667E-3,2.922584802E-2
1.664157114E2,-4.814012647E-3,8.404495418E-3,6.999117136E-3,1.194980760E-2
1.664257004E2,-2.331284881E-3,1.260074973E-2,-6.423166394E-3,1.433425441E-2
1.664356884E2,5.872358680E-3,9.854312539E-3,6.425505280E-3,1.314835314E-2
1.664456764E2,-3.727015257E-3,3.126067668E-2,-1.824331284E-4,3.148259569E-2
1.664556644E2,-9.916877747E-4,1.282908350E-2,-4.181928635E-3,1.352986900E-2
1.664656534E2,2.267725646E-2,1.505467996E-2,-9.061430097E-3,2.868816594E-2
1.664756414E2,7.607227564E-3,2.409476772E-2,-1.181312978E-2,2.789225301E-2
1.664856294E2,8.220015764E-3,1.927096099E-2,-6.057715416E-4,2.095961726E-2
1.664956174E2,-8.098393679E-4,1.432977140E-2,-1.580268502E-2,2.134767065E-2
1.665056064E2,9.637380838E-3,5.288660377E-3,-1.022151768E-2,1.501094473E-2
1.665155944E2,1.117578328E-2,2.837697610E-2,-2.308305323E-2,3.824889869E-2
1.665255824E2,2.470156252E-2,1.225751817E-2,-1.952034473E-2,3.378546731E-2
1.665355714E2,1.608627498E-2,1.314395607E-2,-2.810171843E-3,2.096255923E-2
1.665455594E2,1.828131974E-2,1.702606872E-2,2.499684691E-3,2.510661448E-2
1.665555474E2,2.199488640E-2,2.206198320E-2,5.536728501E-3,3.164113609E-2
1.665655354E2,1.259490252E-2,2.249073029E-2,-2.687965035E-3,2.591697656E-2
1.665755244E2,1.981679857E-2,1.800416172E-2,-1.331411004E-3,2.680723783E-2
1.665855124E2,1.096119046E-2,8.941854537E-3,-6.614370346E-3,1.561583664E-2
1.665955004E2,3.729938865E-3,1.439438313E-2,-1.670783401E-2,2.236654705E-2
1.666054884E2,1.424089372E-2,2.142580613E-2,-1.744458318E-2,3.108346353E-2
1.666154774E2,-5.441418886E-3,3.445632622E-2,-3.765606880E-3,3.508599793E-2
1.666254654E2,-8.970213532E-3,1.076910943E-2,2.051787972E-3,1.416503733E-2
1.666354534E2,-2.832391262E-3,1.180655167E-2,5.940771103E-3,1.351702126E-2
1.666454414E2,-8.034074306E-3,1.599213481E-2,2.317836285E-3,1.804624866E-2
1.666554304E2,2.514302731E-5,1.820033580E-2,-1.545185208E-2,2.387493640E-2
1.666654184E2,5.191742778E-3,1.293111742E-3,-2.783274651E-4,5.357592484E-3
1.666754064E2,-1.452448368E-3,7.996944487E-3,-4.020545483E-3,9.067828481E-3
1.666853944E2,2.901388407E-3,-2.600549161E-3,-5.029190183E-3,6.361891584E-3
1.666953834E2,5.549007654E-4,4.727912396E-3,-1.640260935E-2,1.707942224E-2
1.667053714E2,-2.157622576E-3,1.218150437E-2,-2.286261320E-3,1.258059516E-2
1.667153594E2,2.508455515E-4,1.470574737E-2,3.013654947E-3,1.501346213E-2
1.667253484E2,8.604762554E-3,-3.268593550E-4,-3.341099024E-3,9.236434287E-3
1.667353364E2,-3.791334629E-3,4.017037153E-4,1.194235325E-2,1.253616310E-2
1.667453244E2,8.700656891E-3,-5.697819293E-3,2.829935431E-2,3.014995903E-2
1.667553124E2,2.023136616E-2,-1.258832440E-2,1.416604936E-2,2.772094952E-2
1.667653014E2,3.532419920E-2,-2.134906143E-2,2.141776621E-2,4.650056110E-2
1.667752894E2,1.888767600E-2,-2.667719051E-2,1.370119572E-2,3.544205923E-2
1.667852774E2,1.654235780E-2,5.756437629E-3,5.678815842E-3,1.841290648E-2
1.667952654E2,8.568509817E-3,2.641055748E-2,-1.495366931E-2,3.153647305E-2
1.668052544E2,-5.170108080E-3,5.133387566E-2,-1.350589871E-2,5.333203641E-2
1.668152424E2,5.606310368E-3,3.719530821E-2,-3.313617110E-3,3.776111395E-2
1.668252304E2,1.433503389E-2,4.031699046E-2,-2.584410846E-2,4.998870732E-2
1.668352184E2,3.301396430E-2,5.308687091E-2,-4.249171615E-2,7.558891217E-2
1.668452074E2,2.197676003E-2,8.223728746E-2,-1.666573405E-2,8.673924211E-2
1.668551954E2,-2.043017149E-2,6.748125404E-2,7.856903672E-3,7.094252948E-2
1.668651834E2,-3.388519943E-2,2.976861343E-2,1.703586280E-2,4.821408204E-2
1.668751724E2,-2.406480074E-2,1.854327500E-2,-2.483078599E-2,3.923691648E-2
1.668851604E2,-2.110844851E-3,4.294502154E-2,-6.869250476E-2,8.103943948E-2
1.668951484E2,3.147556186E-2,3.288722590E-2,-4.580416381E-2,6.457787581E-2
1.669051364E2,2.366602063E-2,5.128037363E-2,-4.519546866E-2,7.233524480E-2
1.669151257E2,1.243351936E-2,3.349825993E-2,-1.322698653E-2,3.810090543E-2
1.669251137E2,1.877190113E-2,9.407439083E-3,1.042207718E-2,2.344149899E-2
1.669351017E2,1.272938848E-3,6.072625816E-3,3.659362972E-2,3.711591160E-2
1.669450897E2,-1.786441326E-2,1.626929283E-2,2.092835426E-2,3.196596882E-2
1.669550787E2,-1.461803913E-2,5.732697934E-2,-1.212127805E-2,6.039035527E-2
1.669650667E2,1.817022264E-2,3.878925920E-2,-4.375003695E-2,6.122768453E-2
1.669750547E2,4.333371520E-2,2.413555205E-2,-6.068006516E-2,7.837350351E-2
1.669850427E2,2.524535358E-2,2.680261329E-2,-3.077389598E-2,4.798687977E-2
1.669950317E2,-2.302048802E-3,3.447416022E-2,7.587347031E-3,3.537421359E-2
1.670050197E2,-2.918111444E-2,3.940233976E-2,2.585638762E-3,4.909956564E-2
1.670150077E2,-4.007447720E-2,2.640017867E-2,7.198507190E-3,4.852578348E-2
1.670249957E2,-2.945651829E-2,1.615790337E-2,1.287264526E-2,3.597873410E-2
1.670349847E2,-3.067040026E-2,2.230128050E-3,-8.818770647E-3,3.199089932E-2
1.670449727E2,-2.130140662E-2,-3.647931665E-3,1.103954315E-3,2.163968680E-2
1.670549607E2,-4.059838772E-2,-1.804772347E-2,3.870856762E-4,4.443083662E-2
1.670649497E2,-1.880113721E-2,-2.080804780E-2,9.329232574E-3,2.955490135E-2
1.670749377E2,-4.300977945E-2,-1.786075875E-2,1.019871354E-2,4.767453817E-2
1.670849257E2,-3.549318373E-2,-3.463393539E-2,8.354501724E-3,5.028989234E-2
1.670949137E2,-1.020397604E-2,-5.512842625E-2,2.948224604E-2,6.334403950E-2
1.671049027E2,9.921555519E-3,-5.146470711E-2,4.297411144E-2,6.777778099E-2
1.671148907E2,2.584293902E-2,-7.619331300E-2,2.815668225E-2,8.524128811E-2
1.671248787E2,1.907946467E-2,-8.107646897E-2,2.367713034E-2,8.659114444E-2
1.671348667E2,4.975395799E-2,-8.803158581E-2,6.395099759E-3,1.013208455E-1
1.671448557E2,5.046673357E-2,-7.519680128E-2,-3.343320966E-2,9.653615710E-2
1.671548437E2,2.897002995E-2,-6.691348940E-2,-1.388128996E-3,7.292876388E-2
1.671648317E2,4.449087918E-2,-5.154919937E-2,9.525114298E-3,6.875671668E-2
1.671748197E2,6.327739835E-2,-6.370673016E-2,-2.145051062E-2,9.231847602E-2
1.671848087E2,7.605765760E-2,-5.522622094E-2,-3.778236866E-2,1.013025673E-1
1.671947967E2,6.999760330E-2,-2.810113370E-2,-4.804130852E-2,8.942765516E-2
1.672047847E2,8.290123880E-2,-9.740876555E-3,-5.405926287E-2,9.944799632E-2
1.672147727E2,7.287969589E-2,5.408440590E-2,-6.385276437E-2,1.109673310E-1
1.672247617E2,4.579071522E-2,1.084065011E-1,-7.303640127E-2,1.385029783E-1
1.672347497E2,3.785721302E-2,1.083750723E-1,-4.574218333E-2,1.235745614E-1
1.672447377E2,3.755842030E-2,8.167010754E-2,-2.272461891E-2,9.272027667E-2
1.672547267E2,1.738201797E-2,5.991524935E-2,-1.964489043E-2,6.540560659E-2
1.672647147E2,4.176490724E-2,8.587293997E-2,-2.002203584E-2,9.756716259E-2
1.672747027E2,6.811304569E-2,1.128511159E-1,-3.544231296E-2,1.364951241E-1
1.672846907E2,1.048616266E-1,1.712814648E-1,-5.758454919E-2,2.089241040E-1
1.672946797E2,1.186587167E-1,2.398204802E-1,-1.122004670E-1,2.901425487E-1
1.673046677E2,1.012480474E-1,2.828822999E-1,-1.377832049E-1,3.305416377E-1
1.673146557E2,8.428235114E-2,2.971974532E-1,-1.665532601E-1,3.509555946E-1
1.673246437E2,6.788383484E-2,2.957065594E-1,-1.521808040E-1,3.394253695E-1
1.673346327E2,3.962365687E-2,2.691894364E-1,-1.193036646E-1,2.970965352E-1
1.673446207E2,2.020446897E-2,2.266091350E-1,-5.594265103E-2,2.342850845E-1
1.673546087E2,1.300830066E-2,1.721262413E-1,9.426881075E-3,1.728743038E-1
1.673645967E2,1.068871021E-3,1.459079111E-1,-1.124419570E-3,1.459161585E-1
1.673745857E2,-2.150605917E-3,1.424063060E-1,5.623267293E-3,1.425335126E-1
1.673845737E2,1.477883756E-2,1.505772051E-1,-2.949160159E-2,1.541481862E-1
1.673945617E2,1.343105435E-2,1.730979024E-1,-4.861492038E-2,1.802961106E-1
1.674045497E2,4.293610454E-3,1.790644012E-1,-1.304162979E-2,1.795900303E-1
1.674145387E2,3.122763991E-2,1.686275598E-1,-3.499850929E-2,1.750294692E-1
1.674245267E2,-9.347943664E-3,1.072601545E-1,-4.052763641E-2,1.150417929E-1
1.674345147E2,-5.882182002E-2,4.548125133E-2,3.042774081E-2,8.033926900E-2
1.674445037E2,-5.484863698E-2,2.983717203E-2,3.822324872E-2,7.320960700E-2
1.674544917E2,-8.928639829E-2,-4.158978313E-3,3.383374393E-2,9.557238225E-2
1.674644797E2,-7.789134443E-2,-2.900862157E-2,2.906066179E-2,8.805159695E-2
1.674744677E2,-4.306708217E-2,-4.651109219E-2,-4.018791318E-3,6.351539929E-2
1.674844567E2,6.554144025E-3,-2.718516737E-2,-3.411908805E-2,4.411464948E-2
1.674944447E2,5.000538826E-2,3.298326641E-2,-6.250498116E-2,8.657544333E-2
1.675044327E2,8.432445109E-2,3.217225760E-2,-6.417377651E-2,1.107426783E-1
1.675144207E2,1.334685445E-1,-1.323517263E-3,-3.412142694E-2,1.377674702E-1
1.675244097E2,1.402934146E-1,-7.047649026E-3,-2.506642878E-2,1.426893037E-1
1.675343977E2,1.492150962E-1,1.218925193E-2,-3.883837581E-2,1.546678449E-1
1.675443857E2,1.408839834E-1,5.588154763E-2,-5.401599348E-2,1.608998809E-1
1.675543747E2,1.342614269E-1,8.007513329E-2,-6.964793980E-2,1.711402736E-1
1.675643627E2,1.482117140E-1,1.174533132E-1,-5.810729027E-2,1.978344008E-1
1.675743507E2,1.421937597E-1,1.137759992E-1,-1.875728309E-2,1.830734251E-1
1.675843387E2,1.748522133E-1,1.640924594E-1,-7.734696865E-2,2.519567131E-1
1.675943277E2,1.446279556E-1,1.457107137E-1,-9.168200254E-2,2.248431614E-1
1.676043157E2,1.369037837E-1,1.484099346E-1,-6.885271847E-2,2.133280374E-1
1.676143037E2,1.555283350E-1,1.541293886E-1,-5.700918317E-2,2.262630734E-1
1.676242917E2,1.332492739E-1,1.406233437E-1,-5.715711772E-2,2.019832416E-1
1.676342807E2,1.263612539E-1,1.375930242E-1,-6.423751116E-2,1.975486386E-1
1.676442687E2,1.046645755E-1,1.762232392E-1,-6.482749522E-2,2.149695502E-1
1.676542567E2,9.282162488E-2,2.146416387E-1,-1.104100496E-1,2.586063923E-1
1.676642447E2,4.273729920E-2,2.627811804E-1,-1.273786694E-1,2.951368343E-1
1.676742337E2,3.746018708E-2,1.648388565E-1,3.109549284E-3,1.690703508E-1
1.676842217E2,5.960943997E-2,1.224738787E-1,-7.198097885E-2,1.540597209E-1
1.676942097E2,6.470938146E-2,1.464460011E-1,-3.853490531E-2,1.646774854E-1
1.677041987E2,3.906758666E-2,7.948982701E-2,4.601758718E-3,8.869095280E-2
1.677141867E2,-2.584060013E-2,4.199791878E-2,2.692701280E-2,5.618385725E-2
1.677241747E2,-4.561062098E-2,-3.826184034E-2,1.799071312E-2,6.219294920E-2
1.677341627E2,-1.005838037E-2,-1.469073464E-1,-2.277139664E-2,1.490015971E-1
1.677441517E2,-5.184784591E-2,-1.547543098E-1,-2.551023245E-2,1.651903977E-1
1.677541397E2,-8.699136615E-2,-1.489145494E-1,8.422329426E-3,1.726672419E-1
1.677641277E2,-9.265264034E-2,-1.654066211E-1,-1.686570883E-2,1.903373694E-1
1.677741157E2,-1.256139797E-1,-2.173730193E-1,-2.544182003E-2,2.523433923E-1
1.677841047E2,-1.392204505E-1,-2.352969280E-1,-3.299291432E-2,2.753824805E-1
1.677940927E2,-1.630192029E-1,-2.359588328E-1,-1.893386900E-2,2.874201153E-1
1.678040807E2,-1.722057635E-1,-2.525877294E-1,-5.911535025E-4,3.057053082E-1
1.678140687E2,-1.737798339E-1,-2.214634390E-1,1.002154291E-2,2.816840727E-1
1.678240577E2,-1.815145308E-1,-2.284165093E-1,4.988025784E-2,2.959893017E-1
1.678340457E2,-1.634203219E-1,-2.298022994E-1,6.376271725E-2,2.891037574E-1
1.678440337E2,-1.653458101E-1,-2.213573121E-1,6.561686933E-2,2.839786436E-1
1.678540227E2,-1.635583162E-1,-2.388444337E-1,8.000452816E-2,3.003310022E-1
1.678640107E2,-1.486303747E-1,-2.288262530E-1,9.036170125E-2,2.874329128E-1
1.678739987E2,-1.542887253E-1,-2.379082945E-1,1.184792072E-1,3.073152939E-1
1.678839867E2,-1.832897455E-1,-2.676242830E-1,1.337076956E-1,3.508498760E-1
1.678939757E2,-1.741417766E-1,-2.819809516E-1,1.281996185E-1,3.553501901E-1
1.679039637E2,-1.862735796E-1,-2.306264645E-1,1.299648929E-1,3.236931973E-1
1.679139517E2,-2.114908665E-1,-1.857689649E-1,1.391964769E-1,3.140289065E-1
1.679239397E2,-2.315848231E-1,-2.198630561E-1,1.209560877E-1,3.414698653E-1
1.679339287E2,-1.892661846E-1,-1.728434023E-1,6.859953403E-2,2.653345556E-1
1.679439167E2,-2.096641964E-1,-1.597064629E-1,8.053136230E-2,2.755912369E-1
1.679539047E2,-1.887960684E-1,-1.468437579E-1,6.160392523E-2,2.469860083E-1
1.679638927E2,-1.578531879E-1,-1.415599215E-1,6.071924150E-2,2.205530925E-1
1.679738817E2,-1.607867360E-1,-1.439952868E-1,6.434626937E-2,2.252275727E-1
1.679838697E2,-1.418481892E-1,-1.760579091E-1,8.484543800E-2,2.414871518E-1
1.679938577E2,-1.196311086E-1,-2.184733191E-1,9.242459893E-2,2.656774356E-1
1.680038467E2,-1.074197835E-1,-2.103502209E-1,5.011531591E-2,2.414493119E-1
1.680138347E2,-9.852499902E-2,-2.058135125E-1,1.822694063E-2,2.289074021E-1
1.680238227E2,-7.576471210E-2,-1.978984290E-1,-3.812209189E-2,2.153076257E-1
1.680338107E2,-5.029131711E-2,-2.245377588E-1,-6.515552402E-2,2.391477870E-1
1.680437997E2,-2.080614746E-2,-2.696083894E-1,-5.636832833E-2,2.762226780E-1
1.680537877E2,-2.046408534E-2,-2.820481946E-1,-7.703531206E-2,2.930945277E-1
1.680637757E2,6.293358207E-3,-3.069178645E-1,-5.412592113E-2,3.117174959E-1
1.680737637E2,3.481373727E-2,-3.150864248E-1,-1.812461436E-2,3.175215789E-1
1.680837527E2,3.303442955E-2,-3.462354197E-1,5.559532642E-3,3.478521924E-1
1.680937407E2,4.107142746E-2,-3.836209086E-1,-2.740297616E-2,3.867851946E-1
1.681037287E2,3.821681678E-2,-3.893890406E-1,-3.800046980E-2,3.931009867E-1
1.681137167E2,-1.069631159E-2,-3.559315650E-1,-8.116286159E-2,3.652247256E-1
1.681237057E2,-7.557994008E-2,-3.384650548E-1,-1.011585850E-1,3.612533459E-1
1.681336937E2,-1.066269010E-1,-3.129394734E-1,-9.261404872E-2,3.433333250E-1
1.681436817E2,-8.916477621E-2,-3.041481847E-1,-7.123195052E-2,3.248545310E-1
1.681536707E2,-2.541141450E-2,-2.733349662E-1,-3.790983796E-2,2.771189267E-1
1.681636587E2,1.985772908E-2,-2.507841557E-1,-3.703509450E-2,2.542805938E-1
1.681736467E2,4.048612118E-3,-2.088259980E-1,-1.047651476E-1,2.336673380E-1
1.681836347E2,4.321677089E-3,-1.872031407E-1,-1.106725895E-1,2.175134820E-1
1.681936237E2,-4.869619668E-2,-1.664836782E-1,-1.028916997E-1,2.016800351E-1
1.682036117E2,-5.382011175E-2,-1.470525035E-1,-1.336404526E-1,2.058660093E-1
1.682135997E2,-9.211820483E-2,-1.227465051E-1,-1.120560408E-1,1.900237471E-1
1.682235877E2,-5.801198065E-2,-9.869676098E-2,-1.283539850E-1,1.719918195E-1
1.682335767E2,6.947895527E-2,-3.642742261E-2,-1.284294140E-1,1.504938428E-1
1.682435647E2,1.931417191E-1,-4.043203443E-3,-1.422001916E-1,2.398769802E-1
1.682535527E2,2.862329006E-1,2.862095118E-2,-1.050516611E-1,3.062421979E-1
1.682635407E2,3.473123306E-1,2.405222923E-2,-8.131722808E-2,3.575148337E-1
1.682735297E2,3.292643148E-1,7.847328857E-2,-5.041235447E-2,3.422198876E-1
1.682835177E2,3.380222744E-1,1.096196522E-1,-2.356486380E-2,3.561331618E-1
1.682935057E2,3.658971208E-1,1.469934466E-1,5.943109989E-3,3.943641679E-1
1.683034947E2,3.944069749E-1,1.872392473E-1,-1.879704416E-2,4.369996870E-1
1.683134827E2,4.067217958E-1,2.104964013E-1,-4.931073904E-2,4.606114449E-1
1.683234707E2,3.935316467E-1,2.835151148E-1,-3.588319302E-2,4.863492375E-1
1.683334587E2,3.061643046E-1,2.832876581E-1,-6.957894266E-2,4.228826172E-1
1.683434477E2,2.333752406E-1,2.610556671E-1,-5.725768983E-2,3.548133415E-1
1.683534357E2,2.286407501E-1,2.794260107E-1,-6.705411494E-2,3.672216529E-1
1.683634237E2,2.459344751E-1,2.897342134E-1,-5.061291397E-2,3.833945063E-1
1.683734117E2,2.709225512E-1,3.066985939E-1,-5.670922101E-2,4.131331408E-1
1.683834007E2,2.274333000E-1,2.938037293E-1,-9.450328410E-2,3.833763269E-1
1.683933887E2,1.731927735E-1,3.189634211E-1,-9.301984549E-2,3.746813212E-1
1.684033767E2,1.151708525E-1,3.202370909E-1,-5.585260391E-2,3.448704583E-1
1.684133647E2,2.044011176E-2,2.785750946E-1,-2.742987335E-2,2.806675604E-1
1.684233537E2,4.565505981E-3,2.361694787E-1,-4.482943296E-2,2.404299162E-1
1.684333417E2,-1.232183754E-2,2.101859142E-1,-5.262611032E-2,2.170240855E-1
1.684433297E2,-1.721420288E-3,1.971008688E-1,-2.538159370E-2,1.987358576E-1
1.684533187E2,1.838715434E-2,1.619712357E-1,1.691131711E-2,1.638864280E-1
1.684633067E2,5.619758964E-2,1.460204700E-1,1.973318338E-2,1.577008093E-1
1.684732947E2,2.987342477E-3,1.168633291E-1,4.160820186E-2,1.240854720E-1
1.684832827E2,-3.046516299E-2,1.055805418E-1,4.491246343E-2,1.187118626E-1
1.684932717E2,-7.292881250E-2,9.943044037E-2,6.077479005E-2,1.374721763E-1
1.685032597E2,-1.113245541E-1,9.565372378E-2,3.891205072E-2,1.518451149E-1
1.685132477E2,-1.266869438E-1,1.057506958E-1,4.914233923E-2,1.721852516E-1
1.685232357E2,-1.390175521E-1,9.321017236E-2,4.916338921E-2,1.744449910E-1
1.685332247E2,-1.257203990E-1,9.580560520E-2,4.614271760E-2,1.646617233E-1
1.685432127E2,-1.017748815E-1,6.981955558E-2,5.781025171E-2,1.362898457E-1
1.685532007E2,-5.014922976E-2,3.276531145E-2,7.307499290E-2,9.449055755E-2
1.685631897E2,-6.764526844E-2,3.772798955E-2,5.419550300E-2,9.453272493E-2
1.685731777E2,-8.700072169E-2,8.038576663E-2,5.922352374E-2,1.324327105E-1
1.685831657E2,-1.263390344E-1,8.205807030E-2,8.238551438E-2,1.717045471E-1
1.685931537E2,-1.380591935E-1,1.014962617E-1,7.862926304E-2,1.885322069E-1
1.686031427E2,-1.026256514E-1,8.105176449E-2,1.046780241E-1,1.675079149E-1
1.686131307E2,-1.256192422E-1,6.343834296E-2,9.768533885E-2,1.713097860E-1
1.686231187E2,-1.392672282E-1,8.246927574E-2,7.181433320E-2,1.770701577E-1
1.686331067E2,-1.211443681E-1,1.054149194E-1,6.871530890E-2,1.746712822E-1
1.686430957E2,-6.369547427E-2,9.658898592E-2,3.459797502E-2,1.207624342E-1
1.686530837E2,-5.876217842E-2,8.752419367E-2,3.079786956E-2,1.098270771E-1
1.686630717E2,-1.387368858E-2,1.075706416E-1,3.087680697E-2,1.127710042E-1
1.686730597E2,-9.723919630E-4,1.120292898E-1,4.097904146E-2,1.192928713E-1
1.686830487E2,-4.759516597E-2,9.814302966E-2,4.073462784E-2,1.164330881E-1
1.686930367E2,-3.574110568E-2,8.578844771E-2,3.488741219E-2,9.926840345E-2
1.687030247E2,-3.429333508E-2,8.234239116E-2,5.358329952E-2,1.040551402E-1
1.687130137E2,-3.871499956E-2,5.632140443E-2,4.855410933E-2,8.383587132E-2
1.687230017E2,-5.304827929E-2,6.594621375E-2,2.457701683E-2,8.813088448E-2
1.687329897E2,-2.827187240E-2,7.338811129E-2,6.241317987E-3,7.889276075E-2
1.687429777E2,6.555898190E-3,5.219414726E-2,-9.394721389E-3,5.343659419E-2
1.687529667E2,1.884557605E-2,4.051506490E-2,-2.171655893E-2,4.968133605E-2
1.687629547E2,2.589439452E-2,3.021037057E-2,-2.118914008E-2,4.507954985E-2
1.687729427E2,5.658175170E-2,3.581960455E-2,-2.694104612E-2,7.218281417E-2
1.687829307E2,7.576120377E-2,-7.222773135E-4,1.104129732E-2,7.656495234E-2
1.687929197E2,6.161912799E-2,1.884762257E-2,2.822567940E-2,7.034798354E-2
1.688029077E2,6.023567677E-2,3.119065627E-2,5.614087164E-2,8.805107190E-2
1.688128957E2,4.817170143E-2,2.080117732E-2,5.778452396E-2,7.805288596E-2
1.688228847E2,1.205812812E-2,3.714604542E-2,5.603620648E-2,6.830288121E-2
1.688328727E2,4.027562141E-3,3.514381260E-2,4.708879709E-2,5.889536172E-2
1.688428607E2,-1.937416434E-2,6.181442499E-2,3.753152311E-2,7.486652528E-2
1.688528487E2,-5.491704941E-3,8.137277663E-2,2.592538476E-2,8.557928005E-2
1.688628377E2,-1.339480162E-2,9.857265383E-2,3.752275229E-2,1.063200157E-1
1.688728257E2,-3.448687792E-2,9.721712306E-2,9.847880602E-3,1.036218824E-1
1.688828137E2,-2.777252018E-2,1.150851908E-1,3.672051430E-4,1.183893951E-1
1.688928017E2,-7.686164975E-3,1.269814973E-1,-9.515174031E-3,1.275692609E-1
1.689027907E2,-1.450109482E-4,1.237697679E-1,5.699865818E-3,1.239010288E-1
1.689127785E2,-8.145171404E-3,8.645181432E-2,3.140539527E-2,9.233936793E-2
1.689227665E2,-4.520190060E-2,8.130217150E-2,2.707611680E-2,9.688328550E-2
1.689327545E2,-3.474532485E-2,8.697528630E-2,2.447293639E-2,9.680321607E-2
1.689427435E2,-3.427813232E-2,8.658410758E-2,4.476452887E-2,1.033230908E-1
1.689527315E2,-3.188779056E-2,7.897804946E-2,4.665259480E-2,9.711245072E-2
1.689627195E2,-1.174179375E-2,8.439929545E-2,3.803906143E-2,9.331709911E-2
1.689727085E2,5.262494087E-6,9.598716125E-2,4.043349624E-3,9.607228439E-2
1.689826965E2,2.050560057E-2,1.048170416E-1,-9.130427241E-3,1.071935472E-1
1.689926845E2,2.214340568E-2,8.684942499E-2,6.431937218E-4,8.963016643E-2
1.690026725E2,3.158490479E-2,7.758480415E-2,1.045248270E-2,8.441719280E-2
1.690126615E2,2.885483980E-2,8.541115612E-2,1.820881426E-2,9.197406312E-2
1.690226495E2,2.746788025E-2,6.778530926E-2,3.232340813E-2,7.996333728E-2
1.690326375E2,2.610372484E-2,7.965793446E-2,2.766843975E-2,8.827419516E-2
1.690426255E2,3.123933434E-2,5.802703723E-2,2.981553733E-2,7.233256063E-2
1.690526145E2,3.413429081E-2,5.689720899E-2,1.918997705E-2,6.907023541E-2
1.690626025E2,2.553303659E-2,8.661582872E-2,-3.727599978E-3,9.037772261E-2
1.690725905E2,6.457664967E-3,7.471791431E-2,-6.292188764E-3,7.525994815E-2
1.690825795E2,6.931289434E-3,6.434509993E-2,5.487027168E-3,6.494953522E-2
1.690925675E2,-8.075004816E-4,8.590159133E-2,1.094014049E-2,8.659920395E-2
1.691025555E2,-7.480927706E-3,6.728668794E-2,-2.640017867E-3,6.775272945E-2
1.691125435E2,-2.341517508E-2,6.950819135E-2,2.722463608E-3,7.339666816E-2
1.691225325E2,-5.287286282E-2,8.293807626E-2,-1.309308529E-2,9.922546547E-2
1.691325205E2,-2.079094470E-2,6.714957073E-2,-7.967416048E-3,7.074466729E-2
1.691425085E2,-1.700662673E-2,6.404572248E-2,9.732105732E-3,6.697606888E-2
1.691524965E2,-3.060023367E-2,4.874341294E-2,7.324807048E-3,5.801678554E-2
1.691624855E2,-5.507667840E-2,4.904352129E-2,-1.029870093E-2,7.446321725E-2
1.691724735E2,-3.815074325E-2,2.058249146E-2,1.441923380E-2,4.568405048E-2
1.691824615E2,-5.904927671E-2,3.308296144E-2,1.845965981E-2,7.015738349E-2
1.691924495E2,-6.608990908E-2,2.413906038E-2,9.707547426E-3,7.102680335E-2
1.692024385E2,-3.778412282E-2,1.922798395E-2,1.381814003E-2,4.459031619E-2
1.692124265E2,-1.305975616E-2,1.736827701E-2,-1.294281185E-2,2.529289734E-2
1.692224145E2,-1.950981975E-2,1.396285862E-2,-5.385285616E-4,2.399759364E-2
1.692324035E2,-2.421156585E-2,8.794504702E-3,-5.901594758E-3,2.642672993E-2
1.692423915E2,9.561367035E-3,1.689611435E-2,-7.172779441E-3,2.069655006E-2
1.692523795E2,-4.702915549E-3,1.493642002E-2,-7.115476727E-3,1.720011822E-2
1.692623675E2,-1.209028780E-2,4.822491109E-3,3.891322017E-3,1.358579651E-2
1.692723565E2,6.198048592E-3,4.150353670E-3,-7.618921995E-4,7.498114540E-3
1.692823445E2,-1.754164696E-6,-1.961740851E-3,1.413388968E-2,1.426938217E-2
1.692923325E2,-2.198553085E-3,-5.250214934E-3,6.448894143E-3,8.601548012E-3
1.693023205E2,2.349177361E-2,-5.080499500E-3,1.271769404E-3,2.406849185E-2
1.693123095E2,2.930858374E-2,8.647301048E-3,-5.446096659E-3,3.103915052E-2
1.693222975E2,5.332368314E-2,1.803281307E-3,-2.142419815E-2,5.749489781E-2
1.693322855E2,3.680646837E-2,-9.818936884E-3,-3.094229579E-2,4.907701401E-2
1.693422745E2,3.427111566E-2,4.684350640E-3,-2.076814055E-2,4.034560907E-2
1.693522625E2,3.639307022E-2,-1.341585159E-2,-1.973669171E-2,4.351985333E-2
1.693622505E2,5.918785572E-2,2.577160299E-4,-1.436426997E-2,6.090649337E-2
1.693722385E2,4.267181039E-2,1.024417564E-2,-1.449641705E-2,4.621658408E-2
1.693822275E2,4.380149245E-2,-6.417757720E-3,-9.525699019E-3,4.528241708E-2
1.693922155E2,2.764505088E-2,-2.713692784E-3,7.618921995E-3,2.880383550E-2
1.694022035E2,2.488808870E-2,-1.739005789E-2,-3.465059996E-3,3.055875838E-2
1.694121915E2,3.804549336E-2,-1.166724175E-2,-2.699600995E-2,4.808709441E-2
1.694221805E2,4.147254646E-2,-1.835923389E-2,-2.142185926E-2,5.015904338E-2
1.694321685E2,1.210841417E-2,-1.660477683E-2,-1.073314905E-2,2.318475352E-2
1.694421565E2,2.019862175E-2,-1.022064060E-2,-2.352861106E-2,3.265028872E-2
1.694521455E2,1.090271831E-2,-7.796384990E-3,1.033144534E-2,1.692310988E-2
1.694621335E2,-7.904266119E-3,-4.333371520E-3,2.523658276E-3,9.360789641E-3
1.694721215E2,-4.233384132E-4,7.172048539E-3,1.869647205E-2,2.002936751E-2
1.694821095E2,-1.054954648E-2,2.728062317E-2,4.462594986E-3,2.958783678E-2
1.694920985E2,-1.831874192E-2,3.281837493E-2,2.365783453E-3,3.765924813E-2
1.695020865E2,-1.793984234E-2,3.148696393E-2,-3.553937674E-3,3.641287291E-2
1.695120745E2,-2.241822481E-3,1.720016956E-2,1.030864120E-3,1.737625627E-2
1.695220625E2,-2.269304395E-3,3.719136134E-2,-1.896544397E-2,4.180951047E-2
1.695320515E2,-1.691424072E-2,3.514629766E-2,-2.273689806E-2,4.514776088E-2
1.695420395E2,-3.137031198E-2,4.989297554E-2,-3.281106591E-2,6.745347677E-2
1.695520275E2,-2.776491880E-2,2.828473628E-2,-1.144943297E-2,4.125538192E-2
1.695620155E2,-8.372043371E-3,-7.661606669E-3,-4.046273232E-3,1.204838803E-2
1.695720045E2,-9.514004588E-3,1.939316779E-2,1.614065409E-2,2.696538438E-2
1.695819925E2,1.157807171E-2,2.225040972E-2,1.094715714E-2,2.736736609E-2
1.695919805E2,8.621719480E-3,2.311155841E-2,7.803694010E-3,2.587229829E-2
1.696019695E2,-6.772245169E-3,6.132705957E-3,5.454282761E-3,1.064061029E-2
1.696119575E2,-9.484183788E-3,3.002150550E-2,-1.308606863E-3,3.151115655E-2
1.696219455E2,3.211875558E-3,1.272076383E-2,-5.519771576E-4,1.313159000E-2
1.696319335E2,5.088247061E-3,2.693666071E-3,-6.179337502E-3,8.445727145E-3
1.696419225E2,-5.267171860E-3,1.220167726E-2,-9.685328007E-3,1.644474402E-2
1.696519105E2,6.011522412E-3,2.578870609E-2,-9.884718060E-3,2.826487953E-2
1.696618985E2,2.848880410E-2,3.358377546E-2,-9.636211395E-3,4.508146519E-2
1.696718865E2,1.885551631E-2,3.766864032E-2,-4.214731514E-2,5.958903534E-2
1.696818755E2,2.603706658E-2,2.953925639E-2,-4.264374375E-2,5.804296155E-2
1.696918635E2,2.648496330E-2,2.974727109E-2,-2.579148352E-2,4.745054310E-2
1.697018515E2,2.501965106E-2,3.164805472E-3,-8.850345612E-3,2.672690686E-2
1.697118405E2,1.107930422E-2,1.292907089E-2,6.773414612E-3,1.832460099E-2
1.697218285E2,1.069981992E-2,2.808125317E-4,8.272055984E-3,1.352745032E-2
1.697318165E2,2.565875173E-2,2.738251090E-3,-6.266461015E-3,2.655443641E-2
1.697418045E2,1.826670170E-2,8.218261600E-3,-2.499450803E-2,3.203026141E-2
1.697517935E2,1.699551702E-2,1.950046420E-3,-1.775565505E-2,2.465590327E-2
1.697617815E2,2.537983954E-2,-1.690956295E-2,-9.418110251E-3,3.191818251E-2
1.697717695E2,4.319572091E-2,-7.299079299E-3,-1.671134233E-3,4.383993104E-2
1.697817575E2,2.684982955E-2,-9.058360308E-3,-1.167513549E-2,3.064761047E-2
1.697917465E2,1.900871336E-2,8.136692941E-3,-5.426216125E-3,2.137710872E-2
1.698017345E2,1.341292799E-2,9.825807363E-3,-1.004960954E-2,1.942801532E-2
1.698117225E2,-4.595911503E-4,-1.964518279E-3,-2.048045754E-2,2.057959420E-2
1.698217105E2,-7.016658783E-6,2.404608965E-2,-3.254443288E-2,4.046423838E-2
1.698316995E2,1.029285371E-2,2.273952931E-2,-2.379933715E-2,3.448822233E-2
1.698416875E2,3.256723702E-2,3.313777909E-2,-2.173643947E-2,5.129532270E-2
1.698516755E2,2.591661394E-2,2.873599514E-2,-2.402679384E-2,4.554904079E-2
1.698616645E2,6.696231365E-3,3.654305130E-2,-1.043143272E-3,3.716614401E-2
1.698716525E2,1.186166167E-2,2.752182081E-2,-1.037880778E-3,2.998711115E-2
1.698816405E2,2.048688948E-2,4.847487956E-3,-6.585718989E-3,2.205861452E-2
1.698916285E2,9.864252806E-3,1.065932795E-2,-8.653879166E-4,1.454900863E-2
1.699016175E2,2.525061607E-2,2.276043311E-2,1.633712053E-3,3.403380588E-2
1.699116055E2,4.880086184E-3,1.186166167E-2,-1.476948202E-2,1.956148915E-2
1.699215931E2,-4.998199940E-3,2.411187083E-2,-5.901594758E-3,2.532179176E-2
1.699315811E2,-8.006592393E-3,-1.202918440E-3,-4.804657102E-3,9.414736554E-3
1.699415701E2,-3.498915374E-2,1.679188773E-2,8.294275403E-3,3.968631222E-2
1.699515581E2,-1.558224499E-2,1.430579782E-2,1.801527143E-3,2.122987777E-2
1.699615461E2,-2.158792019E-3,-4.440960288E-3,-3.031196594E-3,5.794019680E-3
1.699715351E2,1.013497889E-2,3.362149000E-4,-1.273582041E-2,1.627980218E-2
1.699815231E2,-1.200433373E-2,-7.300541103E-3,-4.769573808E-3,1.483747833E-2
1.699915111E2,-1.242650270E-2,-9.312714189E-3,-1.509166360E-3,1.560199340E-2
1.700014991E2,-1.282762170E-2,5.378561318E-3,4.139828682E-4,1.391575302E-2
1.700114881E2,-7.768025994E-3,1.877117023E-2,-6.764643788E-3,2.141166657E-2
1.700214761E2,4.090712070E-3,2.620239660E-2,-3.849222064E-3,2.679768690E-2
1.700314641E2,6.314992905E-5,1.744560644E-2,8.343976736E-4,1.746566321E-2
1.700414521E2,8.782517910E-3,7.429472208E-3,-1.034781754E-2,1.547278275E-2
1.700514411E2,2.190951705E-3,1.927388459E-3,-1.449992537E-2,1.479063662E-2
1.700614291E2,1.736623049E-3,9.178666770E-3,-1.186224639E-2,1.509889641E-2
1.700714171E2,8.739248514E-3,8.558131009E-3,-7.390880585E-3,1.429129759E-2
1.700814061E2,1.048288822E-2,-3.078559041E-3,5.502229929E-4,1.093943402E-2
1.700913941E2,5.451943874E-3,1.778284460E-2,-4.636842012E-4,1.860559747E-2
1.701013821E2,8.850930333E-3,-1.175728887E-3,-4.402953386E-3,9.955265175E-3
1.701113701E2,4.657716572E-2,-5.409990102E-3,-1.012094557E-2,4.797013549E-2
1.701213591E2,4.739051342E-2,-5.287198573E-3,-1.364096940E-2,4.959729103E-2
1.701313471E2,3.584284723E-2,9.070493281E-3,-4.179765165E-2,5.580346969E-2
1.701413351E2,3.500435650E-2,3.651264578E-2,-5.772254348E-2,7.674874788E-2
1.701513231E2,2.471384168E-2,2.159289032E-2,-3.496751904E-2,4.795575326E-2
1.701613121E2,2.373794138E-2,1.612588987E-2,-3.247660518E-2,4.333894402E-2
1.701713001E2,4.585971236E-3,2.331007138E-2,-1.370528877E-2,2.742672966E-2
1.701812881E2,-2.204751134E-2,8.188733160E-3,1.154532731E-2,2.620005133E-2
1.701912771E2,-2.004367054E-2,-5.196391314E-2,4.440083206E-2,7.122802036E-2
1.702012651E2,1.223822236E-3,-1.447146405E-1,3.190240860E-2,1.481944284E-1
1.702112531E2,2.838706255E-2,-1.594231653E-1,-1.175290346E-3,1.619350248E-1
1.702212411E2,2.264626622E-2,-1.328317827E-1,-5.920656681E-2,1.471820418E-1
1.702312301E2,9.097098112E-3,-5.104063779E-2,-9.592357278E-2,1.090377720E-1
1.702412181E2,5.078891516E-3,2.353957459E-2,-8.638208628E-2,8.967592509E-2
1.702512061E2,2.093244731E-2,6.152191803E-2,-5.624027431E-2,8.594231905E-2
1.702611941E2,3.594400406E-2,1.062731445E-1,-9.838525057E-3,1.126177128E-1
1.702711831E2,2.511554539E-2,1.056091931E-1,3.154455900E-2,1.130449092E-1
1.702811711E2,3.150830626E-2,1.320327607E-1,5.497786045E-2,1.464513175E-1
1.702911591E2,5.669460297E-2,1.172508533E-1,7.116002977E-2,1.484108839E-1
1.703011481E2,6.174893618E-2,9.061269298E-2,4.724082470E-2,1.193955056E-1
1.703111361E2,6.950234413E-2,8.341418579E-2,6.953508854E-3,1.087973047E-1
1.703211241E2,4.265485346E-2,5.120143622E-2,-2.906884789E-2,7.270503086E-2
1.703311121E2,7.366907001E-3,4.799526170E-2,-5.144204915E-2,7.073966981E-2
1.703411011E2,-3.367177606E-2,2.741715565E-2,-2.720592499E-2,5.124110929E-2
1.703510891E2,-4.804481685E-2,1.177936211E-2,3.249297738E-3,4.957434552E-2
1.703610771E2,-4.772029638E-2,1.319950461E-2,1.921979785E-3,4.954944616E-2
1.703710651E2,-2.649548829E-2,1.133438900E-2,3.955641389E-3,2.908825145E-2
1.703810541E2,-3.354489148E-2,1.397893846E-2,6.949415803E-3,3.699952492E-2
1.703910421E2,-3.940964878E-2,-7.671546936E-3,1.507996917E-2,4.288797639E-2
1.704010301E2,-2.886010230E-2,-3.589868814E-2,1.158274949E-2,4.749506711E-2
1.704110191E2,-5.230860651E-2,-5.921080604E-2,3.623402596E-2,8.691958642E-2
1.704210071E2,-6.666176677E-2,-4.431414708E-2,2.880806208E-2,8.507314042E-2
1.704309951E2,-7.944085658E-2,-5.629114509E-2,1.803924501E-2,9.901998318E-2
1.704409831E2,-6.550167918E-2,-6.449668899E-2,1.586232662E-2,9.328400866E-2
1.704509721E2,-5.351605654E-2,-7.543405205E-2,-8.624643087E-3,9.289052150E-2
1.704609601E2,-2.419460893E-2,-6.936551929E-2,-1.817548513E-2,7.567894441E-2
1.704709481E2,2.227029026E-2,-5.854597762E-2,-2.611366510E-3,6.269303437E-2
1.704809361E2,4.540713787E-2,-3.362733722E-2,-1.400057316E-2,5.821187187E-2
1.704909251E2,8.680776358E-3,-5.332514495E-3,-1.209671974E-2,1.581525269E-2
1.705009131E2,-1.233762503E-3,2.671154290E-2,-6.903807521E-3,2.761686536E-2
1.705109011E2,8.788365126E-4,4.255486608E-2,-2.371981502E-2,4.872698025E-2
1.705208901E2,1.322815597E-2,5.699573457E-2,3.157496452E-3,5.859579894E-2
1.705308781E2,9.815136194E-3,4.733613431E-2,5.098772049E-4,4.834569769E-2
1.705408661E2,1.859706938E-2,7.543507531E-2,2.904896736E-3,7.774792603E-2
1.705508541E2,1.045599103E-2,6.300111741E-2,-1.209262669E-2,6.499769352E-2
1.705608431E2,1.265512884E-2,5.606529638E-2,-1.527877450E-2,5.947193199E-2
1.705708311E2,-2.372215390E-3,6.158652976E-2,-7.187982202E-3,6.204994071E-2
1.705808191E2,-9.101775885E-3,4.205916837E-2,-2.135110795E-2,4.803837819E-2
1.705908071E2,-3.715145409E-2,4.322451845E-2,-7.837607861E-3,5.753275270E-2
1.706007961E2,-2.971145689E-2,2.490431473E-2,7.535306811E-3,3.949400475E-2
1.706107841E2,-1.653651059E-2,2.421346620E-2,1.788721740E-2,3.434677094E-2
1.706207721E2,-1.712357104E-2,1.463265717E-4,1.011159003E-2,1.988673803E-2
1.706307611E2,-3.281165063E-2,7.065483034E-3,-6.207988858E-3,3.413304255E-2
1.706407491E2,-9.764265418E-3,-1.238542601E-2,1.469405293E-2,2.155585416E-2
1.706507371E2,4.794716835E-4,-3.037584677E-2,5.364820361E-3,3.084968813E-2
1.706607251E2,-3.903016448E-3,-4.234363541E-2,8.693640232E-3,4.340272316E-2
1.706707141E2,1.249374568E-2,-3.747670546E-2,-4.665493369E-3,3.977893867E-2
1.706807021E2,2.555291712E-2,-3.231814563E-2,-1.765566766E-2,4.482339469E-2
1.706906901E2,3.473596931E-2,-2.575771585E-2,-1.796206176E-2,4.682609478E-2
1.707006781E2,4.947446108E-2,-1.273669749E-3,-7.354627848E-3,5.003433905E-2
1.707106671E2,3.890327990E-2,-4.600004554E-3,-1.215168357E-2,4.101571214E-2
1.707206551E2,5.780265033E-2,1.099700466E-2,-1.912624240E-2,6.186997370E-2
1.707306431E2,4.295832396E-2,1.431690753E-2,-3.379983008E-2,5.650504359E-2
1.707406321E2,5.742258132E-2,1.715207621E-2,-4.568663478E-2,7.535791372E-2
1.707506201E2,3.873312593E-2,5.218727678E-2,-4.354830801E-2,7.823184794E-2
1.707606081E2,5.433466673E-2,3.585673437E-2,-2.390634120E-2,6.935037532E-2
1.707705961E2,4.898037136E-2,3.982977122E-2,-1.595646679E-2,6.511602173E-2
1.707805851E2,4.003530085E-2,5.463901430E-2,-1.988579571E-2,7.059526945E-2
1.707905731E2,2.403088689E-2,4.070743829E-2,-2.080146968E-2,5.164571810E-2
1.708005611E2,2.462730289E-2,3.967394292E-2,-1.691073239E-2,4.966385672E-2
1.708105491E2,2.538568676E-2,3.248552218E-2,-1.632659554E-2,4.434298102E-2
1.708205381E2,3.585337222E-2,2.465303063E-2,-7.165178061E-3,4.409734681E-2
1.708305261E2,2.028223693E-2,2.651990041E-2,-1.979165554E-2,3.881216152E-2
1.708405141E2,1.765040517E-2,2.979068667E-2,-1.166519523E-3,3.464653781E-2
1.708505031E2,1.855672359E-2,2.837449104E-2,-1.147282183E-2,3.579230885E-2
1.708604911E2,2.104003608E-2,1.472255811E-2,6.013861299E-3,2.637429361E-2
1.708704791E2,2.459338903E-2,2.014614299E-2,2.846424580E-3,3.191870916E-2
1.708804671E2,1.424557149E-2,2.200161070E-3,9.682989120E-4,1.444695880E-2
1.708904561E2,2.509975791E-2,1.966637895E-2,-1.207099199E-2,3.409506058E-2
1.709004441E2,-5.353710651E-3,2.810464203E-2,-1.715163767E-2,3.335733497E-2
1.709104321E2,-3.085634172E-2,3.045697689E-2,-8.984246850E-3,4.427705904E-2
1.709204203E2,-2.268953562E-2,1.985246658E-2,6.838318706E-3,3.091436654E-2
1.709304093E2,-1.423797011E-2,1.433795750E-2,7.061097622E-3,2.140457703E-2
1.709403973E2,-2.687555730E-2,5.632184297E-3,3.108964562E-3,2.763481031E-2
1.709503853E2,-1.276622593E-2,-4.823660553E-3,-7.723002434E-3,1.568084795E-2
1.709603743E2,4.742091894E-4,8.077782243E-3,-5.925568342E-3,1.002934696E-2
1.709703623E2,9.543825388E-3,-3.298560530E-3,-2.933723509E-2,3.102641564E-2
1.709803503E2,-4.973056912E-3,-9.609898925E-4,-1.449407816E-2,1.535360213E-2
1.709903383E2,-6.229038835E-3,6.607353687E-4,-1.112023473E-2,1.276311547E-2
1.710003273E2,-1.470808625E-2,6.383112967E-3,2.357772768E-2,2.851282474E-2
1.710103153E2,-5.435571671E-3,7.367053181E-3,1.256917477E-2,1.555001821E-2
1.710203033E2,1.098808765E-2,1.276593357E-3,-1.119741797E-3,1.111852430E-2
1.710302913E2,2.963251948E-2,2.809733301E-3,-1.022093296E-3,2.978297310E-2
1.710402803E2,5.643849492E-2,7.620383799E-3,-2.080965579E-2,6.063345390E-2
1.710502683E2,3.940672517E-2,1.240033641E-2,-3.437168777E-2,5.374077830E-2
1.710602563E2,4.407338798E-2,-7.149244398E-3,-8.695979118E-3,4.548840815E-2
1.710702453E2,3.222926795E-2,-6.730437577E-3,-1.504664004E-2,3.619980496E-2
1.710802333E2,2.219720006E-2,2.914690822E-3,-1.754047751E-2,2.844080633E-2
1.710902213E2,2.111897349E-2,-6.381358802E-3,-1.005019426E-2,2.424333282E-2
1.711002093E2,2.321987808E-2,5.521818101E-3,-2.355960131E-2,3.353666690E-2
1.711101983E2,2.801167130E-2,1.302496523E-2,-1.612720549E-2,3.484810189E-2
1.711201863E2,2.539328814E-2,8.245158792E-3,-1.518288016E-2,3.071354060E-2
1.711301743E2,1.937299490E-2,1.839753315E-2,-1.248439014E-2,2.948969573E-2
1.711401623E2,2.887530506E-2,-4.320215285E-3,-7.589685917E-4,2.920656665E-2
1.711501513E2,8.646277785E-3,-1.418680698E-3,-2.279829383E-3,9.053639957E-3
1.711601393E2,-5.581752062E-3,-4.023176730E-3,-1.558282971E-2,1.703427395E-2
1.711701273E2,-4.669586420E-3,5.860371888E-4,-8.317079544E-3,9.556269621E-3
1.711801163E2,-6.566423178E-3,6.275962740E-3,-2.516817033E-2,2.675710036E-2
1.711901043E2,-1.837019742E-2,1.157894880E-2,-2.379933715E-2,3.221714849E-2
1.712000923E2,-3.343613327E-2,6.044266820E-3,-7.390295863E-3,3.477246960E-2
1.712100803E2,-1.888533711E-2,-6.465704888E-3,1.095475852E-2,2.276989310E-2
1.712200693E2,-1.581496418E-2,-8.581812233E-3,2.385254681E-2,2.987816230E-2
1.712300573E2,-8.000745177E-3,2.358912975E-3,3.901262283E-3,9.208487455E-3
1.712400453E2,1.131845534E-2,-4.021422565E-4,-5.728517175E-3,1.269192888E-2
1.712500333E2,1.024549127E-2,1.507295251E-2,-1.668795347E-2,2.471136944E-2
1.712600223E2,6.642436981E-4,2.471559584E-2,-2.765733004E-2,3.709757138E-2
1.712700103E2,-3.525286317E-3,3.679126561E-2,-1.237972498E-2,3.897797403E-2
1.712799983E2,-1.083138227E-2,2.862285152E-2,-6.631327271E-3,3.131391021E-2
1.712899873E2,1.006364286E-2,2.468051255E-2,-1.596289873E-3,2.670117504E-2
1.712999753E2,4.728058577E-3,3.445150226E-2,-5.796344876E-3,3.525419351E-2
1.713099633E2,-2.206739187E-3,4.513728887E-2,-2.054243803E-2,4.964107477E-2
1.713199513E2,1.192831993E-3,4.083344579E-2,-1.874675810E-2,4.494701417E-2
1.713299403E2,2.526231050E-2,9.041695744E-3,1.516943157E-2,3.082285269E-2
1.713399283E2,1.811116576E-2,1.825237602E-2,-1.201251984E-2,2.838070099E-2
1.713499163E2,1.822167814E-2,2.828912169E-2,-1.191779494E-2,3.569786823E-2
1.713599053E2,1.744165957E-2,1.707796276E-2,-2.440101564E-2,3.451489337E-2
1.713698933E2,-4.446807504E-3,8.054101020E-3,-1.205052674E-2,1.516106312E-2
1.713798813E2,1.755801916E-2,-1.576219305E-2,-2.632474959E-2,3.535142441E-2
1.713898693E2,1.346672237E-2,-1.626096055E-2,-2.454895020E-2,3.237935152E-2
1.713998583E2,2.992780387E-2,-1.059442386E-2,2.604934573E-3,3.185437091E-2
1.714098463E2,3.132061064E-2,5.307956189E-3,6.685706377E-3,3.246311322E-2
1.714198343E2,7.040047646E-3,4.463179708E-3,-1.744809151E-3,8.516255217E-3
1.714298223E2,8.246328235E-3,6.179337502E-3,1.817899346E-3,1.046378991E-2
1.714398113E2,3.845713735E-3,1.343865573E-2,-1.195638657E-2,1.839407953E-2
1.714497993E2,-1.144533992E-2,-4.684496820E-3,-1.295275211E-2,1.790849250E-2
1.714597873E2,-5.243782997E-3,6.385013312E-3,-1.506242752E-2,1.717970832E-2
1.714697763E2,-8.174407482E-3,1.111599550E-2,8.556230664E-3,1.623562061E-2
1.714797643E2,-8.826372027E-3,1.598555669E-2,1.571146846E-3,1.832788499E-2
1.714897523E2,8.436947465E-3,1.680694431E-2,-1.065596581E-2,2.161492694E-2
1.714997403E2,1.021450102E-2,3.466697216E-2,-2.497813582E-2,4.393224623E-2
1.715097293E2,8.183763027E-3,2.585390255E-2,-3.587968469E-2,4.497499336E-2
1.715197173E2,1.036185086E-2,3.317169294E-2,2.099735141E-3,3.481577305E-2
1.715297053E2,-6.102738976E-3,3.008173183E-2,3.118904829E-3,3.085257817E-2
1.715396933E2,-3.365072608E-3,3.172304526E-2,-5.939601660E-3,3.244925549E-2
1.715496823E2,3.555691838E-3,2.090291888E-2,1.797200203E-2,2.779510423E-2
1.715596703E2,-2.277841330E-2,1.993271962E-2,9.373086691E-3,3.168634055E-2
1.715696583E2,-1.441104770E-2,7.020751834E-3,-2.681533098E-3,1.625299578E-2
1.715796473E2,-5.543745160E-3,6.376681030E-3,-4.036917686E-3,9.364394041E-3
1.715896353E2,-2.030036330E-2,-6.424774379E-3,-1.964313626E-2,2.896955779E-2
1.715996233E2,-7.607227564E-4,-1.318605602E-2,-2.177327693E-2,2.546618072E-2
1.716096113E2,1.094832659E-2,-4.567552507E-3,-7.527120709E-3,1.404941056E-2
1.716196003E2,2.743689001E-2,1.005998835E-2,-1.980510414E-2,3.530196097E-2
1.716295883E2,1.350472927E-2,2.572336346E-3,-1.243761241E-2,1.853884650E-2
1.716395763E2,1.394443989E-2,3.827879727E-3,-1.684115052E-2,2.219739665E-2
1.716495643E2,7.943442464E-3,1.349668935E-2,-1.419762433E-2,2.113838778E-2
1.716595533E2,2.394434810E-3,2.155722231E-2,-1.296912432E-3,2.172853270E-2
1.716695413E2,-1.260718167E-2,2.473459929E-2,-1.754164696E-6,2.776223037E-2
1.716795293E2,4.174911976E-4,3.037453115E-2,-1.989924431E-2,3.631482294E-2
1.716895183E2,-3.025349379E-3,1.574815974E-2,-2.383325100E-2,2.872596608E-2
1.716995063E2,3.272628129E-2,6.063562632E-3,-2.257843852E-2,4.021892794E-2
1.717094943E2,3.843667209E-2,1.343543977E-3,-2.042432427E-3,3.851434021E-2
1.717194823E2,2.928636432E-2,4.107522815E-3,1.104188204E-2,3.156716708E-2
1.717294713E2,3.171471298E-2,2.887647450E-3,-1.680548251E-2,3.600813477E-2
1.717394593E2,1.797083259E-2,9.160394222E-3,-1.246334016E-2,2.371072530E-2
1.717494473E2,2.015827596E-2,2.809104726E-2,-9.192992449E-3,3.577672618E-2
1.717594353E2,1.658796608E-2,2.070484444E-2,-1.919114649E-2,3.274372163E-2
1.717694243E2,7.665699720E-3,9.158055335E-3,-1.208619475E-3,1.200390315E-2
1.717794123E2,9.969502687E-4,1.066429809E-2,-1.150732040E-3,1.077243463E-2
1.717894003E2,8.218846321E-3,9.532861859E-3,-1.186692417E-2,1.729880861E-2
1.717993893E2,-3.576157093E-3,9.622762799E-3,-9.618669748E-3,1.406788083E-2
1.718093773E2,3.183224201E-3,9.057337046E-4,-2.648203969E-3,4.238661831E-3
1.718193653E2,-1.989807487E-3,1.050189167E-2,-7.893741131E-5,1.068902679E-2
1.718293533E2,1.760011911E-3,1.104349002E-2,6.467020512E-4,1.120154174E-2
1.718393423E2,1.714169741E-2,-3.498242944E-3,-3.715905547E-3,1.788528579E-2
1.718493303E2,7.592024803E-3,2.344309554E-2,-1.471100986E-2,2.869897873E-2
1.718593183E2,-3.302507401E-3,1.597488552E-2,-2.465244591E-2,2.956089667E-2
1.718693073E2,1.069689631E-2,1.188417345E-2,-1.978580832E-2,2.543885572E-2
1.718792953E2,2.419577837E-3,1.933688834E-2,-9.995230436E-3,2.190146660E-2
1.718892833E2,1.344625711E-2,1.472007304E-2,-2.952200711E-2,3.562346536E-2
1.718992713E2,1.441046298E-2,2.766010746E-2,-1.024256766E-2,3.282762831E-2
1.719092603E2,-5.768278241E-3,2.139730096E-2,-3.521777987E-3,2.243926118E-2
1.719192487E2,3.570894599E-3,7.717155218E-3,-2.341809869E-3,8.819855235E-3
1.719292367E2,4.474289417E-3,-8.972552419E-3,-5.767108798E-3,1.156656849E-2
1.719392247E2,1.270833850E-2,7.048964649E-3,-1.744224429E-2,2.270289973E-2
1.719492137E2,1.242884159E-2,8.332867026E-3,-3.663572967E-2,3.957384824E-2
1.719592017E2,2.306843519E-2,8.550968170E-3,-1.487648606E-2,2.875033211E-2
1.719691897E2,2.595579028E-2,1.136976466E-2,-3.197257519E-3,2.851661013E-2
1.719791787E2,3.953887224E-2,1.762672395E-2,-1.776618004E-2,4.679381336E-2
1.719891667E2,3.792562544E-2,1.069791958E-2,-6.197463870E-3,3.988993742E-2
1.719991547E2,2.146688282E-2,1.459274992E-2,-4.175496697E-3,2.629087639E-2
1.720091427E2,1.557990611E-2,2.124439627E-2,-8.957934380E-4,2.636020283E-2
1.720191317E2,1.539571881E-3,2.789268047E-3,-2.109558463E-2,2.133480698E-2
1.720291197E2,-7.101443410E-3,1.704010203E-2,-1.049048960E-2,2.123313326E-2
1.720391077E2,-9.768943191E-3,1.608685970E-2,-1.063140750E-2,2.161587684E-2
1.720490957E2,-6.706171632E-3,1.755275667E-2,6.264122128E-3,1.980684807E-2
1.720590847E2,-8.918173313E-3,2.092718482E-3,-7.642310858E-4,9.192243200E-3
1.720690727E2,-2.409052849E-3,1.022078678E-2,1.656340778E-2,1.961159084E-2
1.720790607E2,1.502500534E-2,6.040466130E-3,-2.752284408E-3,1.642598813E-2
1.720890497E2,4.464349151E-3,1.440549284E-2,-3.363903165E-3,1.545200576E-2
1.720990377E2,6.393345594E-3,5.534389615E-3,-1.982790828E-2,2.155574826E-2
1.721090257E2,1.250719428E-2,7.718324661E-5,-1.129799008E-2,1.685468617E-2
1.721190137E2,1.139037609E-3,1.357021809E-2,-1.185347557E-2,1.805417150E-2
1.721290027E2,-2.584469318E-3,1.077612609E-2,-1.754106224E-2,2.074833100E-2
1.721389907E2,-7.877368927E-3,1.041155219E-2,-6.661148071E-3,1.465688418E-2
1.721489787E2,-1.350882232E-2,2.099106565E-2,-8.172068596E-3,2.626586802E-2
1.721589677E2,1.179441869E-2,-6.823700666E-4,9.046812057E-3,1.488014616E-2
1.721689557E2,1.180494368E-2,8.421306163E-3,6.529000998E-3,1.590292259E-2
1.721789437E2,3.425298929E-3,1.597064629E-2,-2.921853662E-3,1.659311437E-2
1.721889317E2,2.154231191E-2,1.871810675E-2,-1.327551842E-2,3.147503950E-2
1.721989207E2,7.871521711E-3,2.050355405E-2,-1.004902482E-2,2.415242187E-2
1.722089087E2,1.361758053E-2,1.862338185E-2,-9.469565749E-3,2.493875552E-2
1.722188967E2,2.108798325E-2,8.455512375E-3,1.365324855E-3,2.276099381E-2
1.722288847E2,1.901163697E-2,4.359391630E-3,1.122080684E-3,1.953729001E-2
1.722388737E2,1.184061170E-3,9.208779931E-3,-1.426779091E-2,1.702273439E-2
1.722488617E2,-5.600463152E-3,2.080059260E-2,-3.857408166E-2,4.418132655E-2
1.722588497E2,2.792337835E-2,9.227637202E-3,-2.960211396E-2,4.172708350E-2
1.722688377E2,3.743972182E-3,-3.546336293E-3,-1.170612574E-2,1.279168513E-2
1.722788267E2,1.716157794E-2,-1.040424317E-2,4.439790845E-3,2.055431283E-2
1.722888147E2,3.363493860E-2,1.795928434E-2,-5.541990995E-3,3.852997083E-2
1.722988027E2,7.882046700E-4,2.267550230E-3,-5.605140924E-3,6.097594233E-3
1.723087917E2,-9.918631911E-3,1.349771261E-2,-5.705713034E-3,1.769527242E-2
1.723187797E2,-4.541532397E-3,-4.684496820E-3,-3.947221398E-2,4.000782053E-2
1.723287677E2,9.335664511E-3,-1.517206281E-2,-3.536337554E-2,3.959689952E-2
1.723387557E2,1.982556939E-2,6.203895807E-4,-9.224567413E-3,2.187534523E-2
1.723487447E2,1.197334349E-2,4.593864977E-3,5.450774431E-3,1.393468664E-2
1.723587327E2,4.619300365E-3,5.567718744E-3,1.866021931E-2,2.001352574E-2
1.723687207E2,-1.181780756E-2,-7.419385761E-3,1.303929090E-4,1.395438507E-2
1.723787097E2,7.324807048E-3,1.129389703E-3,-1.439759910E-2,1.619318311E-2
1.723886977E2,1.848538756E-2,-5.672383904E-3,-7.913036942E-3,2.089262181E-2
1.723986857E2,-1.466423213E-2,9.584317356E-3,-2.416888118E-2,2.985018695E-2
1.724086737E2,5.081815124E-3,2.049069017E-2,4.024638534E-3,2.149164824E-2
1.724186627E2,1.508289278E-2,1.763534859E-2,1.178857148E-2,2.602824604E-2
1.724286507E2,7.953382730E-3,1.408579633E-2,1.433503389E-2,2.161386480E-2
1.724386387E2,1.247503459E-2,1.171533510E-2,-1.596640706E-2,2.340516437E-2
1.724486267E2,-1.365909576E-3,1.503626123E-2,-2.179374218E-2,2.651267733E-2
1.724586157E2,-9.919216633E-3,1.732690796E-2,-2.990266085E-3,2.018797388E-2
1.724686037E2,-6.814929843E-3,2.997297361E-2,1.014491916E-3,3.075470062E-2
1.724785917E2,-2.052548110E-2,1.202465281E-2,9.761341810E-3,2.571325424E-2
1.724885807E2,2.923023105E-3,1.969941571E-2,3.206788480E-2,3.774864606E-2
1.724985687E2,-3.845713735E-3,9.268129170E-3,-2.409052849E-3,1.031946065E-2
1.725085567E2,-1.160321474E-2,1.339012384E-4,-7.776796818E-5,1.160424792E-2
1.725185447E2,7.626523376E-3,5.678523481E-3,-2.527575910E-2,2.700506408E-2
1.725285337E2,1.395204127E-2,7.258148789E-3,-1.169677019E-2,1.959986256E-2
1.725385217E2,2.217205703E-2,5.184726119E-3,-1.871576786E-2,2.947475979E-2
1.725485097E2,-6.478714943E-4,1.357796565E-2,-2.461210012E-2,2.811647846E-2
1.725584977E2,1.019695938E-2,2.040444374E-2,-1.150790513E-2,2.554899578E-2
1.725684867E2,4.794716835E-4,2.130930036E-2,1.059515476E-3,2.134101094E-2
1.725784747E2,2.509274125E-2,1.274488360E-2,3.888398409E-3,2.841121897E-2
1.725884627E2,1.953730166E-2,2.108476728E-2,-2.122129977E-2,3.572977933E-2
1.725984517E2,1.223354459E-2,3.695586473E-3,-3.802268922E-2,4.011286413E-2
1.726084397E2,1.972324312E-2,1.442376539E-2,-3.032658398E-2,3.894551352E-2
1.726184277E2,1.805620193E-2,4.160454735E-2,-2.560729623E-2,5.208357139E-2
1.726284157E2,3.677313924E-2,2.029436991E-2,-1.432100058E-2,4.437585241E-2
1.726384047E2,3.626677036E-2,5.218786150E-3,-8.839235902E-3,3.769146392E-2
1.726483927E2,2.601952493E-2,8.185078651E-3,-3.139370084E-3,2.745663553E-2
1.726583807E2,3.680471420E-2,2.662822008E-3,-1.518404961E-2,3.990279403E-2
1.726683697E2,1.478293061E-2,-3.469737768E-3,3.771454096E-3,1.564602134E-2
1.726783577E2,1.533198416E-2,5.372567922E-3,7.522442937E-3,1.790311068E-2
1.726883457E2,7.965077162E-3,-6.110340357E-5,5.106958151E-3,9.461881915E-3
1.726983337E2,1.240779161E-3,4.268028885E-3,-3.063356280E-3,5.398125155E-3
1.727083227E2,1.854210556E-2,1.135997057E-2,-1.838598490E-2,2.847635950E-2
1.727183107E2,-1.892158985E-3,4.885056317E-3,-2.047227144E-2,2.113191754E-2
1.727282987E2,9.766604304E-3,1.520012945E-2,-2.498632193E-2,3.083418198E-2
1.727382867E2,1.296620071E-2,8.364734352E-3,-7.126001716E-3,1.699620670E-2
1.727482757E2,4.612868428E-3,3.441524953E-3,5.718576908E-4,5.783568998E-3
1.727582637E2,3.320049047E-3,9.497340024E-4,7.338255644E-4,3.530328641E-3
1.727682517E2,-1.888650656E-4,2.532370627E-2,-8.686038852E-3,2.677261736E-2
1.727782407E2,3.030611873E-3,1.572550178E-2,-6.914332509E-3,1.744373837E-2
1.727882287E2,-7.753407955E-4,1.137415007E-2,1.208034754E-3,1.146437050E-2
1.727982167E2,1.932095468E-2,5.076406449E-3,-1.165408552E-2,2.312762204E-2
1.728082047E2,1.074250460E-2,6.392176151E-3,-4.105914831E-3,1.315750195E-2
1.728181937E2,-1.936422408E-2,1.289734975E-2,-1.121963739E-2,2.583011939E-2
1.728281817E2,1.034372449E-3,2.067093059E-2,-5.072459579E-3,2.130932059E-2
1.728381697E2,-3.544582129E-3,1.471568763E-2,3.872610927E-3,1.562410447E-2
1.728481577E2,-2.269889116E-3,2.267053217E-2,-3.171529770E-3,2.300356552E-2
1.728581467E2,5.241444111E-3,2.489364356E-2,6.574609280E-3,2.627530615E-2
1.728681347E2,6.800896525E-3,1.260221153E-2,-1.701539755E-4,1.432120391E-2
1.728781227E2,2.185806155E-2,1.092318356E-2,1.855906248E-3,2.450581935E-2
1.728881117E2,2.527751327E-2,2.589790285E-2,-3.026518822E-2,4.717664323E-2
1.728980997E2,6.644775867E-3,1.667962119E-2,-1.058404505E-2,2.084190056E-2
1.729080877E2,1.592489183E-2,2.225654930E-2,-6.786863208E-3,2.819605786E-2
1.729180756E2,-4.128134251E-4,1.218998283E-2,-3.894830346E-3,1.280374163E-2
1.729280646E2,2.237670958E-2,1.861811936E-2,-7.666869164E-3,3.010203287E-2
1.729380526E2,3.110192478E-2,1.700545728E-2,2.444136143E-4,3.544820221E-2
1.729480406E2,1.913325906E-2,3.806683570E-3,-1.668327570E-2,2.566912796E-2
1.729580296E2,1.046593130E-2,1.345970571E-2,-2.599087358E-2,3.108415842E-2
1.729680176E2,2.586223483E-3,2.415967181E-2,-3.045814633E-2,3.896250726E-2
1.729780056E2,1.762350798E-2,1.015149727E-2,-1.222945154E-2,2.373184391E-2
1.729879936E2,1.882920384E-2,1.299616769E-2,6.519060731E-3,2.378943978E-2
1.729979826E2,6.436030269E-3,5.915920436E-3,-7.544077635E-3,1.154702159E-2
1.730079706E2,-2.571605444E-3,3.903162628E-3,-1.513844132E-3,4.913202328E-3
1.730179586E2,-3.113057613E-3,9.311690927E-5,-1.620204985E-2,1.649867321E-2
1.730279466E2,-9.124580026E-3,2.204575717E-2,-1.042441607E-2,2.603731592E-2
1.730379356E2,-5.144965053E-3,5.832597613E-3,-1.394093156E-2,1.596369108E-2
1.730479236E2,2.910743952E-3,-8.789826930E-4,-3.135277033E-3,4.367493904E-3
1.730579116E2,-5.308102369E-3,-2.787660062E-3,-6.129051447E-3,8.573929731E-3
1.730679006E2,4.847926497E-3,9.270321876E-3,-2.538861036E-3,1.076508590E-2
1.730778886E2,1.454553366E-2,-2.052665055E-3,-1.002680540E-2,1.778546625E-2
1.730878766E2,2.082427382E-2,9.489153922E-3,-1.889820099E-3,2.296226998E-2
1.730978646E2,7.651081681E-3,1.427802354E-2,-6.979236603E-3,1.763833186E-2
1.731078536E2,5.494043827E-3,1.613816902E-2,-7.363398671E-3,1.856999345E-2
1.731178416E2,-1.442508101E-3,2.074445933E-2,-2.106342494E-2,2.959867046E-2
1.731278296E2,9.735614061E-4,2.111181065E-2,-1.641956627E-2,2.676300670E-2
1.731378186E2,2.184227407E-2,9.939097166E-3,6.139576435E-4,2.400515638E-2
1.731478066E2,3.113057613E-3,7.687626779E-3,-1.020923853E-3,8.356615266E-3
1.731577946E2,7.134772539E-3,2.295236796E-2,-1.462797940E-2,2.813705662E-2
1.731677826E2,1.617281377E-2,3.030714199E-2,-1.062322140E-2,3.595741361E-2
1.731777716E2,1.540624380E-2,1.233850211E-2,-2.019160509E-2,2.823635774E-2
1.731877596E2,2.211475432E-2,2.359731585E-2,-1.043143272E-2,3.398103092E-2
1.731977476E2,2.508163154E-2,2.281451985E-2,-3.536396027E-3,3.408953877E-2
1.732077356E2,2.128269553E-2,2.777705178E-2,-1.138335943E-2,3.679807884E-2
1.732177246E2,4.812258482E-3,2.781271979E-2,-1.451278925E-2,3.173840364E-2
1.732277126E2,6.386328936E-3,3.917517543E-2,-1.572901011E-2,4.269521432E-2
1.732377006E2,2.066406012E-3,3.020569280E-2,-2.517167866E-2,3.937343416E-2
1.732476896E2,1.798662007E-2,6.698277891E-3,-9.832093120E-3,2.156514510E-2
1.732576776E2,1.588571548E-2,1.323414937E-2,-8.153942227E-3,2.222578322E-2
1.732676656E2,2.884431481E-3,2.328580543E-2,-2.013781071E-2,3.092054495E-2
1.732776536E2,-9.439744949E-3,2.408380419E-2,-3.171529770E-3,2.606140844E-2
1.732876426E2,1.820062816E-2,2.225523368E-2,6.437784433E-4,2.875713376E-2
1.732976306E2,1.543021739E-2,-5.899694413E-3,-1.093546271E-2,1.981116724E-2
1.733076186E2,1.096002102E-2,2.080073878E-2,-1.202012122E-2,2.640598623E-2
1.733176066E2,1.809888661E-2,2.274289146E-2,-1.147457600E-2,3.124859521E-2
1.733275956E2,-3.081014872E-2,2.874052674E-3,-1.719900012E-2,3.540241585E-2
1.733375836E2,-5.078306794E-2,6.087536216E-3,-1.340591133E-2,5.287434676E-2
1.733475716E2,-3.247309685E-2,-2.409696043E-2,3.925235868E-3,4.062724452E-2
1.733575606E2,-3.621940792E-2,-1.948219165E-2,-1.105299175E-2,4.258602973E-2
1.733675486E2,-3.746311069E-2,-2.153821886E-2,1.773285091E-2,4.671010100E-2
1.733775366E2,-1.789306462E-2,-1.620029569E-2,2.354790688E-2,3.372113966E-2
1.733875246E2,-2.576341689E-2,-2.496965736E-2,-1.404735088E-2,3.853005976E-2
1.733975136E2,-7.943442464E-3,-3.376430824E-2,-2.176567554E-2,4.094962053E-2
1.734075016E2,4.651576996E-2,-7.204208225E-3,-3.917225182E-2,6.123791949E-2
1.734174896E2,8.034132779E-2,5.432063341E-4,-7.648625851E-2,1.109286787E-1
1.734274786E2,1.044698632E-1,4.351117820E-2,-9.909334838E-2,1.504216295E-1
1.734374666E2,1.236259264E-1,8.572135091E-2,-7.757617950E-2,1.692618779E-1
1.734474546E2,1.651130909E-1,8.975476027E-2,-7.507941842E-2,2.023738344E-1
1.734574426E2,1.743528610E-1,8.131752044E-2,-8.241416574E-2,2.092929860E-1
1.734674316E2,1.810490924E-1,7.774940327E-2,-5.686241806E-2,2.050782245E-1
1.734774196E2,1.787335950E-1,7.586543038E-2,-3.074524462E-2,1.965872111E-1
1.734874076E2,1.486870927E-1,8.739511639E-2,-3.145334244E-2,1.753142055E-1
1.734973966E2,1.320722294E-1,9.164545745E-2,-7.975017428E-3,1.609520567E-1
1.735073846E2,8.704048276E-2,6.839634329E-2,-1.501214147E-2,1.117115473E-1
1.735173726E2,2.931267679E-2,6.343395755E-2,-1.885610104E-2,7.237853644E-2
1.735273606E2,-3.341742218E-2,3.820731506E-2,-1.437362552E-2,5.275532333E-2
1.735373496E2,-4.185320020E-2,2.306200325E-2,9.236846566E-3,4.867099439E-2
1.735473376E2,-8.045359433E-2,4.061914533E-3,1.542553961E-2,8.201967607E-2
1.735573256E2,-9.857528508E-2,-6.006844640E-3,1.375732899E-2,9.971175012E-2
1.735673146E2,-1.063310319E-1,-2.145591930E-2,2.436768651E-2,1.111774661E-1
1.735773026E2,-1.202971065E-1,-3.523283646E-2,1.549921453E-2,1.263050761E-1
1.735872906E2,-1.369230795E-1,-4.260997608E-2,5.880544782E-3,1.435204535E-1
1.735972786E2,-1.394134086E-1,-4.194646329E-2,2.362509012E-2,1.474915224E-1
1.736072676E2,-1.355647713E-1,-3.434669092E-2,5.089182615E-2,1.488202955E-1
1.736172556E2,-1.402016133E-1,-3.264061958E-2,7.323696077E-2,1.615102314E-1
1.736272436E2,-1.429883963E-1,-3.241520941E-2,6.518826842E-2,1.604554069E-1
1.736372316E2,-1.286451763E-1,-1.019491285E-2,7.841817856E-2,1.510063852E-1
1.736472206E2,-1.184388614E-1,-2.199430168E-3,5.492348135E-2,1.305725476E-1
1.736572086E2,-9.911907613E-2,6.300667226E-3,3.201935291E-2,1.043529042E-1
1.736671966E2,-6.175302923E-2,1.846024454E-2,2.721469581E-2,6.996325404E-2
1.736771856E2,-2.357772768E-2,2.552134216E-2,9.412847757E-3,3.599791453E-2
1.736871736E2,-2.347247779E-2,4.103122786E-2,1.142604411E-2,4.863201988E-2
1.736971616E2,9.361976981E-3,5.836076707E-2,-1.144300103E-3,5.911797669E-2
1.737071496E2,1.021508574E-2,5.443450794E-2,-1.664176047E-2,5.783088986E-2
1.737171386E2,3.462370276E-2,5.244718552E-2,-5.430893898E-3,6.307933632E-2
1.737271266E2,4.596262336E-2,5.820245370E-2,-2.090438068E-2,7.705245937E-2
1.737371146E2,6.155363917E-2,5.998921663E-2,-2.232876241E-2,8.880388639E-2
1.737471036E2,8.920453727E-2,5.577161998E-2,-3.111244977E-2,1.097082841E-1
1.737570916E2,1.036857516E-1,3.569242761E-2,-2.668084502E-2,1.128563333E-1
1.737670796E2,1.003961080E-1,2.442952082E-2,-3.321744740E-2,1.085337680E-1
1.737770676E2,1.143475646E-1,1.298783541E-2,-7.792584300E-3,1.153463210E-1
1.737870566E2,1.164016914E-1,-9.451293200E-3,-2.387418151E-2,1.192000724E-1
1.737970446E2,1.110877419E-1,-1.100299805E-3,-1.974195421E-2,1.128336909E-1
1.738070326E2,9.718364775E-2,-9.494416416E-3,-1.849240422E-2,9.938196188E-2
1.738170206E2,7.505369067E-2,-3.032015204E-2,-3.237603307E-2,8.718128022E-2
1.738270096E2,6.684536934E-2,-5.480536759E-2,-4.078491390E-2,9.557897740E-2
1.738369976E2,2.448521554E-2,-6.079086989E-2,-2.094823480E-2,6.880322800E-2
1.738469856E2,2.120200396E-3,-5.771991223E-2,-2.383851349E-2,6.248486411E-2
1.738569746E2,-1.643886209E-2,-5.241868034E-2,-2.046993256E-2,5.862569722E-2
1.738669626E2,-1.205403507E-2,-6.879132271E-2,3.461551666E-4,6.984028683E-2
1.738769506E2,4.986505508E-3,-5.773204520E-2,3.106625676E-3,5.803021113E-2
1.738869386E2,1.110561669E-2,-8.490127891E-2,1.990976930E-2,8.790882093E-2
1.738969276E2,2.863556921E-2,-7.254947439E-2,-1.025835514E-2,7.866801071E-2
1.739069156E2,6.058884859E-2,-7.558900326E-2,-2.295207560E-2,9.955653551E-2
1.739169035E2,5.266470194E-2,-6.837061554E-2,-3.778412282E-2,9.421120866E-2
1.739268925E2,5.833825529E-2,-4.194924071E-2,-2.574645996E-2,7.632804876E-2
1.739368805E2,4.279927969E-2,-2.365783453E-3,-2.346780002E-2,4.886832216E-2
1.739468685E2,2.065178096E-2,9.421326220E-3,-2.941617250E-2,3.715600422E-2
1.739568565E2,-2.983249426E-3,1.768300340E-2,-1.619152486E-2,2.416099881E-2
1.739668455E2,1.071151435E-2,3.429801285E-2,-1.834856272E-2,4.034550755E-2
1.739768335E2,2.641187310E-2,5.190617189E-2,-2.665979505E-2,6.405140430E-2
1.739868215E2,2.793214917E-2,6.341700062E-2,-2.940740168E-2,7.527759427E-2
1.739968105E2,4.636374235E-2,6.181150138E-2,-4.445462644E-2,8.914298694E-2
1.740067985E2,4.872601748E-2,4.851610243E-2,-3.566450715E-2,7.745962848E-2
1.740167865E2,5.261032283E-2,6.229258105E-2,-1.997174978E-2,8.394690293E-2
1.740267745E2,5.567484856E-2,5.184243724E-2,-1.225693345E-2,7.705556098E-2
1.740367635E2,1.759544134E-2,4.226411328E-2,-4.795886278E-3,4.603102597E-2
1.740467515E2,1.787259936E-2,4.696922153E-2,-1.074835181E-2,5.139128959E-2
1.740567395E2,1.506769001E-2,6.341992423E-2,-5.792251825E-3,6.544212904E-2
1.740667285E2,1.645406485E-3,4.990525469E-2,-1.248439014E-2,5.146942593E-2
1.740767165E2,2.397358418E-5,3.427374691E-2,-1.148568571E-2,3.614707842E-2
1.740867045E2,-6.764059067E-3,3.798263580E-2,-4.988844395E-3,3.890143552E-2
1.740966925E2,-6.809082627E-3,2.732053041E-2,9.478336573E-4,2.817220930E-2
1.741066815E2,-8.923435807E-3,2.544488981E-2,8.953841329E-3,2.841199392E-2
1.741166695E2,-1.181488395E-2,2.293248743E-2,1.869705677E-2,3.186016940E-2
1.741266575E2,-4.393597841E-3,1.154225752E-2,1.556528807E-2,1.986971573E-2
1.741366455E2,-1.853567362E-3,1.074425876E-2,-1.183242559E-2,1.608978259E-2
1.741466345E2,-1.010925114E-2,3.618841767E-3,1.117344439E-2,1.549641358E-2
1.741566225E2,-5.703958869E-3,-4.864006341E-3,1.805678666E-2,1.955099099E-2
1.741666105E2,-3.355717063E-3,-7.837754041E-3,1.917068124E-2,2.098109255E-2
1.741765995E2,-1.636343300E-2,1.616462767E-3,1.196925044E-2,2.033808859E-2
1.741865875E2,-6.705586910E-3,-5.872212499E-3,-7.868598104E-3,1.188960098E-2
1.741965755E2,5.097602606E-3,2.646449804E-3,-6.189277768E-3,8.443720044E-3
1.742065635E2,1.019169688E-2,3.118320107E-3,-1.559803247E-2,1.889161779E-2
1.742165525E2,6.330780387E-3,-3.528502285E-3,-2.448813915E-2,2.553816884E-2
1.742265405E2,8.932791352E-3,-9.781953245E-3,9.290056229E-3,1.617981815E-2
1.742365285E2,1.693762958E-2,-3.337005973E-3,8.921096921E-3,1.943205792E-2
1.742465175E2,2.096109867E-2,-8.180547059E-3,-2.475126386E-3,2.263659114E-2
1.742565055E2,2.892442167E-2,-3.388753831E-3,9.821568131E-3,3.073384164E-2
1.742664935E2,1.111497223E-2,1.415435493E-2,5.125669241E-3,1.871258551E-2
1.742764815E2,3.083646119E-2,2.602420270E-2,-1.211426139E-2,4.212958336E-2
1.742864705E2,3.122822464E-2,4.023264438E-2,-1.423797011E-2,5.288277111E-2
1.742964585E2,3.764086604E-2,4.620499045E-2,-1.683647275E-2,6.192901382E-2
1.743064465E2,2.024364531E-2,5.103362113E-2,-1.112725139E-3,5.491333006E-2
1.743164345E2,3.241111636E-3,3.891672850E-2,-1.473381400E-2,4.173849346E-2
1.743264235E2,-1.221249461E-2,5.693667769E-2,-2.025241613E-2,6.165298574E-2
1.743364115E2,-2.126632333E-2,3.869965062E-2,-2.128854275E-2,4.902164336E-2
1.743463995E2,-1.277441204E-2,3.444580123E-2,-1.095300436E-2,3.833623781E-2
1.743563885E2,1.597400844E-2,2.362216651E-2,1.146054268E-3,2.853925607E-2
1.743663765E2,2.476412773E-2,3.421249732E-2,-2.176333666E-3,4.229058316E-2
1.743763645E2,2.200365722E-2,1.888285205E-2,-2.251353443E-2,3.670943019E-2
1.743863525E2,1.431222975E-2,9.762365073E-3,-3.273972988E-2,3.704097198E-2
1.743963415E2,-2.334208488E-3,-5.488781333E-3,-1.764163435E-2,1.862263440E-2
1.744063295E2,1.219027519E-2,-1.366611242E-2,-1.966126263E-2,2.686876786E-2
1.744163175E2,3.443366826E-2,-3.033637807E-2,1.273757458E-2,4.762582440E-2
1.744263065E2,1.992263317E-2,-1.857601941E-2,-1.470574737E-3,2.727897358E-2
1.744362945E2,1.676806033E-2,-5.317896456E-3,-1.955016553E-2,2.629936962E-2
1.744462825E2,2.247669697E-3,1.120662734E-2,-2.227087498E-2,2.503262646E-2
1.744562705E2,1.171606600E-2,-5.853062868E-4,-3.037160754E-2,3.255830663E-2
1.744662595E2,-6.019708514E-3,1.701539755E-2,-2.172240615E-2,2.824223032E-2
1.744762475E2,8.414143324E-3,2.237627104E-2,-1.178155482E-2,2.665146051E-2
1.744862355E2,3.278943121E-2,3.234928206E-2,-3.194450855E-2,5.605421015E-2
1.744962245E2,3.711403191E-2,4.662292019E-2,-3.105573177E-2,6.719826283E-2
1.745062125E2,2.994066775E-2,3.514439732E-2,-3.191117942E-2,5.612393091E-2
1.745162005E2,1.104655981E-2,4.951948464E-2,-2.724451661E-2,5.758879690E-2
1.745261885E2,1.251713455E-2,5.810188159E-2,-1.912682712E-2,6.243671050E-2
1.745361775E2,1.388713717E-2,5.106431901E-2,-1.285159528E-2,5.445714606E-2
1.745461655E2,8.200719953E-3,3.758546367E-2,2.312573791E-3,3.853916041E-2
1.745561535E2,2.814849615E-3,1.349873587E-2,-8.307723999E-3,1.609837031E-2
1.745661425E2,1.722999036E-2,-4.621785432E-3,-5.045562387E-3,1.853890958E-2
1.745761305E2,3.135277033E-3,8.650955558E-4,-5.747228265E-3,6.603709951E-3
1.745861185E2,9.899336100E-3,2.407006323E-3,-8.599500060E-3,1.333198920E-2
1.745961065E2,1.333808362E-2,-3.058239967E-3,-1.830470860E-2,2.285431389E-2
1.746060955E2,8.934545517E-3,-3.684038222E-3,-1.055071592E-2,1.430789459E-2
1.746160835E2,1.644470930E-2,9.399837703E-3,5.994565487E-3,1.986756724E-2
1.746260715E2,-2.838823199E-3,4.096559286E-3,-1.851286948E-2,1.917203827E-2
1.746360605E2,9.023423195E-3,1.606566355E-2,-1.096937656E-3,1.845889985E-2
1.746460485E2,-1.033203006E-3,2.707874805E-2,3.139954805E-3,2.727976210E-2
1.746560365E2,5.152566433E-3,2.122290775E-2,-1.462797940E-2,2.628570972E-2
1.746660245E2,2.192998230E-2,1.854283646E-2,-2.319064200E-2,3.691296228E-2
1.746760135E2,3.386707306E-3,1.716742516E-2,-6.623141170E-3,1.870979080E-2
1.746860015E2,1.623479426E-2,1.618860126E-2,-1.129331231E-2,2.555735233E-2
1.746959895E2,1.916483402E-2,2.606571794E-2,-1.427188396E-2,3.536098396E-2
1.747059775E2,2.850926936E-2,4.490690857E-2,-3.186381698E-2,6.200573932E-2
1.747159665E2,1.998519838E-2,3.135043144E-2,-1.784921050E-2,4.124138724E-2
1.747259545E2,3.267307162E-2,2.556811988E-2,-3.611240387E-3,4.164492071E-2
1.747359425E2,2.983249426E-2,2.100071356E-2,-8.857362270E-3,3.754278293E-2
1.747459315E2,5.312780142E-3,2.799880743E-2,5.347863436E-3,2.899583580E-2
1.747559195E2,-3.390215635E-3,1.640319407E-2,1.459874332E-2,2.221894787E-2
1.747659075E2,-1.031858146E-2,2.365593418E-2,2.537691593E-3,2.593291777E-2
1.747758955E2,-1.607282639E-2,1.075419903E-2,1.202187538E-2,2.277090320E-2
1.747858845E2,8.101317286E-3,1.355633095E-2,4.294779897E-3,1.636614142E-2
1.747958725E2,8.553307056E-3,9.919508994E-3,1.683998108E-4,1.309901060E-2
1.748058605E2,1.004200816E-2,6.031110585E-3,-7.078054547E-3,1.368630991E-2
1.748158495E2,1.359477639E-3,8.946239948E-5,-4.138659239E-3,4.357141640E-3
1.748258375E2,6.662317514E-3,3.195985749E-2,-6.310899854E-3,3.325126197E-2
1.748358255E2,4.438621402E-3,1.574640557E-2,-6.067070961E-3,1.744878215E-2
1.748458135E2,5.932000279E-3,4.883155972E-3,-9.856651425E-3,1.249749642E-2
1.748558025E2,8.641015291E-3,1.289033309E-2,-1.574713647E-2,2.210882492E-2
1.748657905E2,2.697379053E-2,1.207830101E-2,-2.752284408E-3,2.968241567E-2
1.748757785E2,9.492369890E-3,9.143729657E-3,-8.191364408E-3,1.551809682E-2
1.748857675E2,-5.368913412E-3,2.394873351E-3,-2.724276245E-2,2.786985388E-2
1.748957555E2,1.986416101E-2,5.488342792E-3,-9.807534814E-3,2.282311413E-2
1.749057435E2,2.133590519E-2,1.313533142E-2,-1.637161911E-2,2.992971256E-2
1.749157315E2,2.173819363E-2,-5.867680907E-4,-3.035465062E-2,3.734030226E-2
1.749257201E2,2.195044756E-2,1.607955068E-2,-2.653291047E-2,3.800486069E-2
1.749357081E2,2.075703084E-2,9.403053671E-3,-1.753755391E-2,2.875478299E-2
1.749456961E2,3.199596405E-2,1.206923783E-2,-1.661310911E-2,3.801846409E-2
1.749556851E2,2.072487116E-2,7.427718043E-3,-2.087748349E-2,3.034074153E-2
1.749656731E2,1.919699371E-2,1.352607161E-3,-3.622350097E-3,1.958253134E-2
1.749756611E2,6.722543836E-3,1.100650638E-2,-3.005819678E-2,3.270827070E-2
1.749856491E2,1.494197488E-2,1.382968828E-2,-2.282577574E-2,3.058658087E-2
1.749956381E2,4.060248077E-2,1.961784706E-2,-6.865800619E-3,4.561316242E-2
1.750056261E2,2.605870128E-2,1.277982071E-2,-5.635546446E-3,2.956584369E-2
1.750156141E2,1.357723475E-2,2.251806602E-2,-6.706756353E-3,2.713641799E-2
1.750256031E2,5.625021458E-4,2.331738040E-2,-1.488818049E-2,2.767082499E-2
1.750355911E2,3.410096169E-3,2.209195018E-2,-1.960162103E-2,2.973056618E-2
1.750455791E2,1.113017499E-2,2.791460752E-2,5.227410793E-3,3.050298235E-2
1.750555671E2,6.869308949E-3,1.946538091E-2,-6.971050501E-3,2.178724407E-2
1.750655561E2,1.078518927E-2,1.500834078E-2,-8.776085973E-3,2.045947911E-2
1.750755441E2,1.369593322E-2,-5.302986056E-3,-1.793750346E-2,2.318306016E-2
1.750855321E2,7.969754934E-3,2.435219139E-3,-9.944944382E-3,1.297494527E-2
1.750955201E2,2.395194948E-2,2.076053917E-3,-4.060891271E-3,2.438230345E-2
1.751055091E2,1.980568886E-2,-1.895959675E-3,-6.662317514E-3,2.098205064E-2
1.751154971E2,-3.695440292E-4,2.337132096E-3,-2.044654369E-2,2.058300022E-2
1.751254851E2,1.414850771E-2,1.011568308E-4,-1.336965859E-2,1.946633694E-2
1.751354741E2,1.791820765E-2,1.287264526E-3,-2.060558796E-3,1.808217680E-2
1.751454621E2,8.191949129E-3,1.374241859E-2,-2.652297020E-3,1.621717542E-2
1.751554501E2,-2.427179217E-3,2.170603395E-2,1.540156603E-3,2.189555185E-2
1.751654381E2,4.340388179E-3,5.054917932E-4,-2.508455515E-3,5.038535558E-3
1.751754271E2,5.544914603E-3,1.559817865E-2,2.567512393E-3,1.675235432E-2
1.751854151E2,8.737494349E-3,2.811341286E-2,-1.264168024E-2,3.203934876E-2
1.751954031E2,6.052452922E-3,2.371075183E-2,-9.523360133E-3,2.625883331E-2
1.752053921E2,1.660609245E-4,3.455265909E-3,1.277031898E-3,3.687444807E-3
1.752153801E2,2.414256871E-2,1.402805507E-2,-5.981701612E-3,2.855574736E-2
1.752253681E2,1.904730499E-2,1.274693012E-2,-1.104714453E-2,2.544255210E-2
1.752353561E2,1.584010720E-3,2.124878168E-2,-2.205862105E-2,3.066924478E-2
1.752453451E2,8.164467216E-3,9.710617214E-3,-2.029919386E-2,2.393766661E-2
1.752553331E2,1.779249251E-2,2.326767907E-2,6.783939600E-3,3.006625210E-2
1.752653211E2,-4.704669714E-3,1.733918712E-2,-1.187744915E-2,2.153729615E-2
1.752753101E2,1.289311051E-2,2.139350027E-2,-6.248919368E-3,2.574807072E-2
1.752852981E2,2.383909822E-3,2.306755811E-2,-2.148559391E-2,3.161369971E-2
1.752952861E2,-4.626317024E-3,2.553449839E-2,-1.340123355E-2,2.920627464E-2
1.753052741E2,2.075118363E-2,2.124995112E-2,-8.542197347E-3,3.090535844E-2
1.753152631E2,2.187326431E-2,1.350677580E-2,-1.955075026E-2,3.229712866E-2
1.753252511E2,3.747538984E-2,2.457920954E-2,-1.328487396E-2,4.674430726E-2
1.753352391E2,2.070732951E-2,2.286743715E-2,-1.280891061E-2,3.340331373E-2
1.753452281E2,2.020856202E-2,3.265055984E-2,-1.414733827E-2,4.092178169E-2
1.753552161E2,1.040512025E-2,5.426947027E-3,-2.710886121E-2,2.953994986E-2
1.753652041E2,2.535177290E-2,2.550043836E-2,-8.783102632E-3,3.701523521E-2
1.753751921E2,1.403741062E-2,1.526430264E-2,-2.702056825E-2,3.406110598E-2
1.753851811E2,1.013088584E-2,1.043567196E-2,-1.395496488E-2,2.015636728E-2
1.753951691E2,6.050114036E-3,2.713751256E-2,-2.407883406E-2,3.678095591E-2
1.754051571E2,1.759661078E-2,1.734722704E-3,-2.288424790E-2,2.891952240E-2
1.754151461E2,2.223813057E-2,-2.820696831E-3,-9.499971271E-3,2.434625712E-2
1.754251341E2,3.033243120E-2,-1.063520819E-2,-1.471861124E-2,3.535253248E-2
1.754351221E2,4.026392698E-2,6.652084887E-3,-2.690479338E-2,4.888048646E-2
1.754451101E2,2.758540928E-2,2.938971385E-2,-2.833443761E-2,4.927017800E-2
1.754550991E2,6.658809185E-3,1.816159800E-2,-2.350463748E-2,3.044094881E-2
1.754650871E2,8.086699247E-3,7.064605951E-3,-1.459465027E-3,1.083666924E-2
1.754750751E2,1.714403629E-3,-8.154673129E-3,6.801481247E-3,1.075630145E-2
1.754850641E2,1.773109674E-2,-1.323181048E-2,-6.966372728E-3,2.319489059E-2
1.754950521E2,1.348952651E-3,-9.138759524E-3,9.264913201E-3,1.308339465E-2
1.755050401E2,5.291145444E-3,2.591193616E-3,6.467605233E-3,8.748738304E-3
1.755150281E2,1.973610699E-2,1.226088032E-2,-4.859036207E-4,2.323960429E-2
1.755250171E2,-3.194918633E-3,2.268120334E-2,-1.324218929E-2,2.645751438E-2
1.755350051E2,2.247669697E-3,1.392616734E-2,-1.894263983E-2,2.361808120E-2
1.755449931E2,6.390421987E-3,3.305854931E-2,3.707134724E-4,3.367257941E-2
1.755549821E2,1.386374831E-3,3.042774081E-2,-3.080313206E-3,3.061466602E-2
1.755649701E2,3.536396027E-3,1.543781877E-2,1.741768599E-2,2.354162548E-2
1.755749581E2,2.407181740E-2,1.921395063E-2,2.303802967E-4,3.080067153E-2
1.755849461E2,2.362275124E-2,2.942085028E-2,-2.151015222E-2,4.343164118E-2
1.755949351E2,1.753404558E-2,4.992571995E-2,-3.490729272E-2,6.339195021E-2
1.756049231E2,1.368482351E-2,5.672179252E-2,-3.870155096E-2,7.001747059E-2
1.756149111E2,1.851813197E-2,5.556331292E-2,-1.076823235E-2,5.954962453E-2
1.756249001E2,1.527526617E-2,1.851272330E-2,-2.140665650E-3,2.409641322E-2
1.756348881E2,-1.045891464E-2,9.973449558E-3,-7.607227564E-4,1.447194840E-2
1.756448761E2,-2.492668033E-3,5.520941019E-3,-2.595929861E-2,2.665669462E-2
1.756548641E2,-9.835016727E-4,6.032280028E-3,-1.985714436E-2,2.077647371E-2
1.756648531E2,1.488701105E-2,1.740277559E-2,-5.528542399E-3,2.355938194E-2
1.756748411E2,1.322347820E-2,4.280600399E-3,-1.321704626E-2,1.918004764E-2
1.756848291E2,1.550973952E-2,3.434362113E-3,7.344102859E-3,1.750093454E-2
1.756948181E2,2.177152276E-2,-4.094951302E-3,-1.615117908E-2,2.741584241E-2
1.757048061E2,1.313401580E-2,-4.352667332E-3,-1.261712193E-2,1.872537983E-2
1.757147941E2,3.428573370E-2,-6.506781578E-3,-1.236919999E-2,3.702494902E-2
1.757247821E2,1.633712053E-2,7.030692101E-3,-2.692467391E-2,3.226871866E-2
1.757347711E2,3.567386270E-3,2.211095363E-2,-3.513942719E-2,4.167013149E-2
1.757447591E2,-7.328315377E-3,1.039254874E-2,-3.057918370E-2,3.311790681E-2
1.757547471E2,1.420464098E-2,1.395744994E-2,-2.541784644E-2,3.229007823E-2
1.757647361E2,1.853801250E-2,1.646195859E-2,-1.818250179E-2,3.074503797E-2
1.757747241E2,2.246617198E-2,2.340625808E-2,3.488448858E-3,3.263052369E-2
1.757847121E2,1.613597631E-2,8.347777426E-3,-1.716800988E-2,2.499591332E-2
1.757947001E2,2.590491951E-2,5.046147108E-3,-1.784219384E-2,3.185706101E-2
1.758046891E2,3.252513707E-2,6.460880935E-3,-2.067575455E-3,3.322502659E-2
1.758146771E2,2.270239949E-2,1.997291923E-2,-1.729898751E-2,3.483635190E-2
1.758246651E2,-4.218766093E-3,2.068452537E-2,-2.949452519E-2,3.627085047E-2
1.758346541E2,-6.880418658E-3,3.709795207E-2,-2.440043092E-3,3.780941707E-2
1.758446421E2,1.561206579E-4,1.583221346E-2,3.474415541E-3,1.620971684E-2
1.758546301E2,6.956432462E-3,1.957238495E-2,6.250673532E-4,2.078126355E-2
1.758646181E2,1.869062483E-2,1.510788962E-2,-1.972558200E-2,3.109158039E-2
1.758746071E2,7.689673305E-3,2.874944374E-2,-6.854106188E-3,3.053916113E-2
1.758845951E2,6.160041690E-3,3.789317340E-2,6.177583337E-3,3.888446013E-2
1.758945831E2,7.800185680E-3,1.557362035E-2,-2.866305113E-3,1.765208918E-2
1.759045721E2,8.945655227E-3,2.308729246E-2,-1.500570953E-2,2.895201442E-2
1.759145601E2,-1.353045702E-3,2.380927742E-2,-2.628148019E-2,3.548842945E-2
1.759245485E2,6.182261109E-3,7.202600241E-3,-2.472729027E-2,2.648653784E-2
1.759345365E2,6.949415803E-3,2.356398672E-2,-1.828658223E-2,3.062605002E-2
1.759445255E2,1.167688966E-3,2.611541927E-2,-1.677917004E-2,3.106314807E-2
1.759545135E2,2.012787044E-2,2.574967593E-3,-1.995947063E-2,2.846299518E-2
1.759645015E2,2.176918387E-2,-3.290812969E-3,-1.632776499E-2,2.741026680E-2
1.759744905E2,1.734751940E-2,-4.858012944E-3,-1.714286685E-2,2.486794328E-2
1.759844785E2,2.257200658E-2,-1.338281482E-2,-6.351245642E-3,2.699876914E-2
1.759944665E2,3.010614395E-2,9.412555397E-4,-2.057927549E-2,3.647975391E-2
1.760044545E2,1.660141468E-2,3.513007164E-3,-1.512089968E-2,2.272861183E-2
1.760144435E2,6.218513846E-3,2.313450873E-3,-4.607605934E-3,8.077871121E-3
1.760244315E2,3.104579151E-2,7.356820554E-3,-2.118329287E-2,3.829746565E-2
1.760344195E2,8.131722808E-3,1.602531776E-2,-1.006422758E-2,2.059670852E-2
1.760444085E2,2.109967768E-2,1.452024445E-2,-1.024432182E-2,2.758586643E-2
1.760543965E2,2.748132885E-2,2.314503372E-2,-6.844750643E-3,3.657549223E-2
1.760643845E2,2.152944803E-3,-2.786052078E-3,-3.538734913E-3,4.991983803E-3
1.760743725E2,2.382740378E-3,1.829023674E-2,-1.558282971E-2,2.414611343E-2
1.760843615E2,8.010685444E-3,3.230586648E-2,-1.696920455E-2,3.736032646E-2
1.760943495E2,-3.565632105E-3,1.695020109E-2,-1.062614501E-2,2.032087614E-2
1.761043375E2,-1.430813670E-3,2.282606810E-2,-1.252181232E-2,2.607436282E-2
1.761143265E2,5.292899609E-3,2.655922294E-2,-6.864631176E-3,2.793797184E-2
1.761243145E2,1.049107432E-2,8.693640232E-3,7.370415330E-3,1.549080511E-2
1.761343025E2,2.461560845E-2,2.931793928E-3,9.516928196E-3,2.655363473E-2
1.761442905E2,2.821456969E-2,-4.372547865E-3,1.245924711E-2,3.115146796E-2
1.761542795E2,4.475809693E-2,-3.242573440E-3,2.792922556E-2,5.285681758E-2
1.761642675E2,3.362441361E-2,-3.604077548E-3,1.266097605E-2,3.610942924E-2
1.761742555E2,1.258905530E-2,-1.456658363E-2,2.749945521E-2,3.356917796E-2
1.761842445E2,-2.102015555E-2,-9.159663320E-4,2.505473435E-2,3.271736002E-2
1.761942325E2,-1.537934661E-2,3.960026801E-4,3.434946835E-2,3.763730990E-2
1.762042205E2,2.205043495E-2,-3.135744810E-2,4.949083328E-2,6.260074929E-2
1.762142085E2,4.363133848E-2,-5.361765191E-2,9.071721196E-2,1.140533158E-1
1.762241975E2,1.433795750E-2,-3.835568815E-2,5.190105557E-2,6.610941997E-2
1.762341855E2,-4.111001909E-2,-5.467292815E-3,-1.180377424E-2,4.311906825E-2
1.762441735E2,-5.716413438E-2,4.613716274E-2,-2.658787429E-2,7.812356306E-2
1.762541625E2,-6.168870986E-2,4.275834918E-2,-1.194703102E-2,7.600332163E-2
1.762641505E2,-4.641929090E-2,-3.846824706E-2,7.322234273E-2,9.484760447E-2
1.762741385E2,-4.373424947E-2,-4.451280624E-2,1.311863762E-1,1.452719512E-1
1.762841265E2,-9.359053373E-2,-2.897295356E-2,1.213811803E-1,1.559872141E-1
1.762941155E2,-1.203538245E-1,1.563662410E-2,1.052756095E-1,1.606626934E-1
1.763041035E2,-1.409705222E-1,5.267522693E-2,7.441400528E-2,1.678833280E-1
1.763140915E2,-1.846895689E-1,8.625417843E-2,4.024521589E-2,2.077731878E-1
1.763240805E2,-1.846451300E-1,1.026671666E-1,1.576409340E-2,2.118557948E-1
1.763340685E2,-1.968400830E-1,1.063251847E-1,4.693092227E-2,2.285904080E-1
1.763440565E2,-1.944497412E-1,8.933858469E-2,5.918551683E-2,2.220247959E-1
1.763540445E2,-1.938732058E-1,8.997783154E-2,5.167535305E-2,2.198935474E-1
1.763640335E2,-1.690225393E-1,8.276382923E-2,6.717047453E-2,1.998257813E-1
1.763740215E2,-1.196849030E-1,4.921674505E-2,1.106106091E-1,1.702394515E-1
1.763840095E2,-7.279198766E-2,6.439100057E-3,1.385065055E-1,1.566020036E-1
1.763939985E2,-2.225099444E-2,-5.479308844E-2,1.474153233E-1,1.588353450E-1
1.764039865E2,4.668709338E-2,-9.892933398E-2,1.404612297E-1,1.780338587E-1
1.764139745E2,2.121837616E-2,-6.835979819E-2,9.226672411E-2,1.167751252E-1
1.764239625E2,-3.158373535E-2,-2.413496733E-2,2.913842976E-2,4.928566805E-2
1.764339515E2,-9.517512918E-2,2.528277576E-2,9.334495068E-3,9.891742395E-2
1.764439395E2,-1.415032035E-1,2.053015888E-2,5.388677001E-2,1.528019241E-1
1.764539275E2,-1.331294060E-1,2.031673551E-2,6.381066442E-2,1.490235195E-1
1.764639165E2,-1.245994878E-1,1.005399495E-2,5.855577171E-2,1.380394638E-1
1.764739045E2,-9.634457231E-2,-9.309644401E-3,4.542994201E-2,1.069243926E-1
1.764838925E2,-4.348398864E-2,-4.884880900E-2,5.019016027E-2,8.243855650E-2
1.764938805E2,6.516137123E-3,-5.820113808E-2,6.235412300E-2,8.554454495E-2
1.765038695E2,4.885641038E-2,-9.175129205E-2,5.204548180E-2,1.162496478E-1
1.765138575E2,6.821712613E-2,-9.724986747E-2,5.582278311E-2,1.312527948E-1
1.765238455E2,4.370442867E-2,-1.378966409E-1,3.651469231E-2,1.491941132E-1
1.765338345E2,1.985188186E-2,-1.443193687E-1,6.428428888E-3,1.458201019E-1
1.765438225E2,2.514302731E-3,-1.360113524E-1,-2.209896684E-2,1.378179017E-1
1.765538105E2,-3.188077390E-2,-1.233609013E-1,-2.705799043E-2,1.302552516E-1
1.765637985E2,-5.553159177E-2,-1.254119584E-1,-4.034286439E-2,1.429666524E-1
1.765737875E2,-6.021345735E-2,-1.449162233E-1,-1.560212553E-2,1.577016124E-1
1.765837755E2,-7.397897243E-2,-1.777046312E-1,-2.565524340E-2,1.941906688E-1
1.765937635E2,-7.333694816E-2,-2.019616592E-1,-5.029365599E-2,2.206723172E-1
1.766037525E2,-5.593446493E-2,-2.340729596E-1,-4.092817068E-2,2.441186800E-1
1.766137405E2,-3.913482964E-2,-2.649110287E-1,-2.563419342E-2,2.690102227E-1
1.766237285E2,-1.146346629E-2,-3.105539556E-1,-4.812843204E-2,3.144702154E-1
1.766337165E2,1.846024454E-2,-3.326343575E-1,-4.654792964E-2,3.363823809E-1
1.766437055E2,2.563828647E-2,-3.302111252E-1,-7.122201025E-2,3.387761557E-1
1.766536935E2,6.764292955E-2,-3.188629952E-1,-8.688670099E-2,3.373402947E-1
1.766636815E2,6.920121253E-2,-3.096967538E-1,-1.276178205E-1,3.420339095E-1
1.766736705E2,4.829273880E-2,-2.889541948E-1,-1.438134384E-1,3.263571975E-1
1.766836585E2,7.942623854E-2,-2.949777040E-1,-1.309606737E-1,3.323718870E-1
1.766936465E2,7.901050150E-2,-2.962186293E-1,-1.066192997E-1,3.245855985E-1
1.767036345E2,9.630598068E-2,-2.664720891E-1,-9.759002924E-2,2.996765423E-1
1.767136235E2,1.012474626E-1,-2.004972240E-1,-7.266685724E-2,2.360734159E-1
1.767236115E2,8.666509151E-2,-1.388976842E-1,-9.473307967E-2,1.891501022E-1
1.767335995E2,2.947405994E-2,-7.378601432E-2,-9.876415014E-2,1.267574592E-1
1.767435885E2,-3.905179918E-2,-2.015959159E-2,-1.176845706E-1,1.256228892E-1
1.767535765E2,-1.100674027E-1,2.032784522E-2,-1.323862249E-1,1.733613768E-1
1.767635645E2,-1.516832060E-1,3.373784959E-2,-1.088634610E-1,1.897295196E-1
1.767735525E2,-1.403600729E-1,4.913312986E-2,-7.842811882E-2,1.681249069E-1
1.767835415E2,-1.379638839E-1,4.837533072E-2,-9.420098305E-2,1.739196110E-1
1.767935295E2,-1.061790043E-1,5.441608921E-2,-9.793969274E-2,1.543608601E-1
1.768035175E2,-1.014994776E-1,3.510317445E-2,-1.260712320E-1,1.656150124E-1
1.768135065E2,-1.038816333E-1,8.180400878E-3,-1.629981530E-1,1.934598423E-1
1.768234945E2,-4.667481422E-2,-1.843422443E-2,-1.760158092E-1,1.830298445E-1
1.768334825E2,9.578908682E-3,-4.563123241E-2,-1.532069904E-1,1.601447681E-1
1.768434715E2,9.805254400E-2,-1.973610699E-2,-1.908694911E-1,2.154877675E-1
1.768534595E2,1.593787265E-1,1.615512595E-2,-1.859531522E-1,2.454407084E-1
1.768634475E2,2.107652271E-1,4.450652048E-2,-8.812689543E-2,2.327426927E-1
1.768734355E2,2.183438033E-1,5.221271217E-2,-2.547748804E-2,2.259408908E-1
1.768834245E2,2.069247758E-1,1.317013697E-1,2.176275194E-2,2.462452660E-1
1.768934125E2,2.185221434E-1,1.911621442E-1,5.410487115E-2,2.953340983E-1
1.769034005E2,2.171778685E-1,2.285191280E-1,4.048787534E-2,3.178466398E-1
1.769133895E2,2.138993347E-1,2.543449639E-1,1.089102387E-2,3.325100005E-1
1.769233773E2,2.059845436E-1,2.568471336E-1,-3.548441291E-2,3.311483441E-1
1.769333653E2,1.748335022E-1,2.522282718E-1,-7.819890797E-2,3.167032109E-1
1.769433533E2,2.028697318E-1,2.162838292E-1,-7.484319091E-2,3.058370907E-1
1.769533423E2,2.580265170E-1,1.677250421E-1,-6.245118678E-2,3.140215342E-1
1.769633303E2,3.003305376E-1,1.856371102E-1,-7.762061834E-2,3.615031519E-1
1.769733183E2,2.650589633E-1,2.540559652E-1,-1.099054348E-1,3.832491254E-1
1.769833073E2,2.305054271E-1,3.152893232E-1,-1.405407518E-1,4.150804888E-1
1.769932953E2,2.313994664E-1,3.421711662E-1,-1.255742186E-1,4.317356882E-1
1.770032833E2,2.228654552E-1,3.514433885E-1,-1.025087070E-1,4.285901322E-1
1.770132713E2,2.205803633E-1,3.690090090E-1,-1.120069242E-1,4.442621934E-1
1.770232603E2,2.024376225E-1,4.030219701E-1,-1.340088272E-1,4.704955528E-1
1.770332483E2,1.306887782E-1,4.358299662E-1,-1.080927980E-1,4.676658734E-1
1.770432363E2,1.055691397E-1,4.537478815E-1,-9.355545044E-2,4.751679761E-1
1.770532253E2,-4.948790967E-2,5.533636786E-1,-1.989053196E-1,5.901048552E-1
1.770632133E2,-1.692149127E-1,7.990190953E-1,-2.901856184E-1,8.667599982E-1
1.770732013E2,-1.139669108E-1,9.904734541E-1,-2.191466260E-1,1.020809171E0
1.770831893E2,4.826525688E-2,8.346267383E-1,1.021298075E-1,8.422362049E-1
1.770931783E2,2.192255634E-1,4.331555960E-1,6.315074766E-1,7.965458624E-1
1.771031663E2,4.153341597E-1,1.475147259E-1,9.746033800E-1,1.069633024E0
1.771131543E2,5.226773447E-1,-3.051691085E-2,8.727536541E-1,1.017753324E0
1.771231433E2,4.546993697E-1,-9.403039053E-2,4.145851314E-1,6.224741459E-1
1.771331313E2,4.016347182E-1,4.198490873E-2,-1.284516335E-1,4.237605474E-1
1.771431193E2,4.589853787E-1,8.605902761E-2,-4.821134555E-1,6.711982704E-1
1.771531073E2,6.647822267E-1,-1.940193862E-2,-5.361879212E-1,8.542887866E-1
1.771630963E2,8.676051807E-1,-1.442185043E-1,-4.881974834E-1,1.005919733E0
1.771730843E2,9.716774333E-1,-1.524630783E-1,-5.156653637E-1,1.110546168E0
1.771830723E2,9.242161685E-1,-1.175932078E-1,-3.945701122E-1,1.011775302E0
1.771930613E2,7.505538636E-1,-7.217715293E-2,-2.098477989E-1,7.826728195E-1
1.772030493E2,7.179924738E-1,-1.636849084E-1,-1.623485273E-1,7.540974646E-1
1.772130373E2,6.665907705E-1,-2.172271313E-1,-3.615134633E-1,7.888110458E-1
1.772230253E2,7.103162491E-1,-1.881477584E-1,-6.449513948E-1,9.777070392E-1
1.772330143E2,6.961408442E-1,-1.971238191E-1,-6.439854348E-1,9.686005964E-1
1.772430023E2,5.431700814E-1,-2.324991815E-1,-4.083391356E-1,7.182133780E-1
1.772529903E2,3.874493730E-1,-1.993809906E-1,-1.380153394E-1,4.570755189E-1
1.772629793E2,1.869062483E-1,-6.630289391E-2,7.998757124E-2,2.138411349E-1
1.772729673E2,-2.947932243E-2,3.114870250E-2,1.708094484E-1,1.761111574E-1
1.772829553E2,-1.430877990E-1,-3.276677325E-2,2.147810948E-1,2.601512989E-1
1.772929433E2,-2.799506521E-1,-2.310879560E-1,2.317719340E-1,4.306881011E-1
1.773029323E2,-4.462413722E-1,-4.011499840E-1,3.622619069E-1,7.009182271E-1
1.773129203E2,-6.883541071E-1,-6.021711186E-1,4.565178537E-1,1.022179037E0
1.773229083E2,-8.663696641E-1,-6.498155473E-1,4.239909625E-1,1.163024065E0
1.773328973E2,-7.382022053E-1,-7.302774739E-1,2.071048701E-1,1.058839040E0
1.773428853E2,-7.424180478E-1,-8.127331549E-1,-2.737783313E-2,1.101121830E0
1.773528733E2,-8.012439609E-1,-7.764545439E-1,-4.170585036E-2,1.116518214E0
1.773628623E2,-9.533423191E-1,-5.660318175E-1,-2.441095591E-2,1.108985794E0
1.773728503E2,-1.018910657E0,-2.872810140E-1,-1.026735985E-1,1.063602922E0
1.773828383E2,-9.266503644E-1,-1.717020258E-1,-1.189791441E-1,9.499044795E-1
1.773928263E2,-8.685196853E-1,-1.268095891E-1,-2.972665966E-2,8.782316266E-1
1.774028153E2,-8.430609083E-1,-6.707121804E-2,3.520257711E-2,8.464570071E-1
1.774128033E2,-7.409831411E-1,-3.782183737E-2,9.949505210E-2,7.485891878E-1
1.774227913E2,-5.883526862E-1,-1.803249148E-1,1.868115234E-1,6.430975847E-1
1.774327803E2,-3.368557549E-1,-2.845008092E-1,8.563013434E-2,4.491603610E-1
1.774427683E2,2.218433619E-3,-4.483658119E-1,-1.416751117E-1,4.702219263E-1
1.774527563E2,1.435087985E-1,-5.693284777E-1,-1.809578758E-1,6.143903023E-1
1.774627443E2,1.782757580E-1,-4.876449215E-1,-1.828781015E-1,5.504763532E-1
1.774727333E2,-1.400987023E-1,-4.364105947E-1,-3.266441774E-1,5.628305893E-1
1.774827213E2,-2.120019132E-1,-1.686053404E-1,-3.961003286E-1,4.798625244E-1
1.774927093E2,3.955349028E-2,-1.480076462E-2,-4.878063047E-1,4.896310163E-1
1.775026983E2,1.604277170E-1,2.146863699E-2,-5.509977490E-1,5.742790908E-1
1.775126863E2,4.065235752E-1,1.200360283E-1,-5.462679362E-1,6.914323708E-1
1.775226743E2,6.359536994E-1,4.307936132E-4,-3.668893933E-1,7.341969220E-1
1.775326623E2,6.116228503E-1,-2.473242120E-1,-7.306212902E-2,6.637694265E-1
1.775426513E2,2.811721355E-1,-4.811711767E-1,1.555078697E-1,5.785898103E-1
1.775526393E2,6.149282813E-2,-4.929346052E-1,3.399261278E-1,6.019266278E-1
1.775626273E2,-1.136622709E-1,-3.628206083E-1,4.307450813E-1,5.745426274E-1
1.775726163E2,-1.209917557E-1,-2.400887212E-1,3.156367940E-1,4.146181191E-1
1.775826043E2,-1.448834789E-1,-1.880789074E-1,1.182651991E-1,2.652386759E-1
1.775925923E2,-2.546439028E-1,-1.231524481E-1,4.936921120E-2,2.871364862E-1
1.776025803E2,-2.452415800E-1,-8.091406256E-2,6.085548162E-2,2.653185024E-1
1.776125693E2,-8.788482070E-2,-1.133041289E-1,-3.152409375E-2,1.468173553E-1
1.776225573E2,2.121516019E-1,-1.118857406E-1,-6.798908472E-2,2.492974865E-1
1.776325453E2,3.210150629E-1,-5.474294856E-2,-9.693514109E-2,3.397703381E-1
1.776425343E2,1.436520553E-1,1.114474918E-1,-1.826535684E-1,2.577184170E-1
1.776525223E2,1.097288489E-2,3.004536214E-1,-2.461642706E-1,3.885738424E-1
1.776625103E2,5.292958081E-2,4.750909495E-1,-2.820802081E-1,5.550515243E-1
1.776724993E2,1.349011123E-2,3.989765739E-1,-3.927440268E-1,5.600108572E-1
1.776824873E2,4.544806838E-2,3.608939508E-1,-3.679769754E-1,5.174137852E-1
1.776924753E2,1.097428823E-1,5.800182112E-1,-3.240678942E-1,6.734126711E-1
1.777024633E2,2.059132075E-1,5.714672430E-1,-3.138528085E-1,6.837240995E-1
1.777124523E2,3.089756459E-1,4.003148554E-1,-3.386169362E-1,6.085880074E-1
1.777224403E2,4.933243221E-1,4.296047281E-1,-4.600864094E-1,7.997553459E-1
1.777324283E2,6.791693008E-1,1.759930050E-1,-2.202190053E-1,7.353508600E-1
1.777424173E2,4.738104093E-1,1.397351517E-1,-1.024578363E-1,5.044995786E-1
1.777524053E2,3.502733606E-1,3.452092333E-1,-1.471644777E-1,5.133402628E-1
1.777623933E2,1.575368536E-1,5.271156737E-1,-2.622581470E-1,6.094654456E-1
1.777723813E2,1.162777305E-1,5.641946223E-1,-2.004156554E-1,6.099200910E-1
1.777823703E2,2.270830518E-1,4.615217547E-1,-7.554953456E-2,5.198815006E-1
1.777923583E2,2.548023623E-1,4.676778495E-1,-1.974107713E-1,5.679945663E-1
1.778023463E2,1.057275993E-1,4.369580403E-1,-4.334014714E-1,6.244577565E-1
1.778123353E2,-2.468513185E-1,4.127527602E-1,-3.888720006E-1,6.184835061E-1
1.778223233E2,-5.294677162E-1,3.420239626E-1,-2.116399705E-1,6.649119721E-1
1.778323113E2,-6.050692910E-1,2.402489349E-1,-9.393961251E-2,6.577636722E-1
1.778422993E2,-6.170724553E-1,9.916176081E-2,-1.325563788E-2,6.251297320E-1
1.778522883E2,-5.353897762E-1,-5.372933373E-2,1.689710838E-1,5.639860645E-1
1.778622763E2,-5.199993199E-1,-1.945516290E-1,4.645174295E-1,7.238964507E-1
1.778722643E2,-6.319460177E-1,-6.804390237E-2,5.468064648E-1,8.384408458E-1
1.778822533E2,-6.077268505E-1,1.704460439E-1,2.724779105E-1,6.874794473E-1
1.778922413E2,-5.848811942E-1,2.757046965E-1,-1.401332009E-1,6.616165090E-1
1.779022293E2,-3.883182693E-1,3.556975302E-1,-5.281058997E-1,7.457933042E-1
1.779122183E2,-5.574150681E-2,1.933014943E-1,-5.051047075E-1,5.436941684E-1
1.779222060E2,5.299682379E-2,-7.985922486E-2,-3.489729398E-1,3.618953880E-1
1.779321940E2,-2.507286072E-2,-2.710033889E-1,-2.684597039E-1,3.822853617E-1
1.779421820E2,-1.245416003E-1,-3.394261909E-1,-2.127141041E-1,4.194854459E-1
1.779521710E2,-2.223818904E-1,-2.988932920E-1,-9.544760942E-2,3.845791873E-1
1.779621590E2,-2.899406201E-1,-1.732044679E-1,2.477465272E-2,3.386430780E-1
1.779721470E2,-2.829771709E-1,-8.687997669E-2,7.434208453E-2,3.052064140E-1
1.779821360E2,-2.391505355E-1,8.230306864E-2,-6.697868586E-2,2.616350857E-1
1.779921240E2,-1.325926316E-1,1.815893751E-1,-3.689458591E-1,4.320608222E-1
1.780021120E2,-5.820786238E-2,2.359716967E-1,-4.907030153E-1,5.475949654E-1
1.780121000E2,6.685063183E-2,2.269658151E-1,-4.443310869E-1,5.034010359E-1
1.780220890E2,2.835648161E-1,1.790958300E-1,-4.137846476E-1,5.326368893E-1
1.780320770E2,3.964435601E-1,1.168530965E-1,-4.645297086E-1,6.217796979E-1
1.780420650E2,2.845962650E-1,7.707156479E-2,-5.114044976E-1,5.903131545E-1
1.780520540E2,5.804764867E-2,7.436927408E-2,-3.814524686E-1,3.929456760E-1
1.780620420E2,-1.870307940E-1,9.529909015E-2,-1.654457974E-1,2.672727940E-1
1.780720300E2,-2.947809452E-1,9.501140714E-2,1.422516471E-1,3.408203401E-1
1.780820190E2,-2.421460640E-1,7.115739852E-2,1.171782017E-1,2.782603505E-1
1.780920070E2,-1.580935085E-1,2.114733249E-2,4.113399267E-2,1.647202855E-1
1.781019950E2,-1.478772533E-1,-2.715446949E-3,-1.703060031E-2,1.488794715E-1
1.781119830E2,-2.367186785E-1,6.589431971E-2,-9.979150593E-2,2.652096129E-1
1.781219720E2,-2.312085548E-1,1.969640440E-1,-1.870074052E-1,3.566847348E-1
1.781319600E2,-6.233570427E-2,2.510765165E-1,-1.548974204E-1,3.015267285E-1
1.781419480E2,-9.476582408E-3,1.473615289E-1,-2.357626587E-1,2.781892468E-1
1.781519370E2,2.108213603E-3,-1.818159547E-1,1.766473085E-1,2.535069182E-1
1.781619250E2,4.205723879E-1,-5.872010770E-1,9.153079355E-1,1.165965203E0
1.781719130E2,1.034524184E0,-7.374613631E-1,1.298067257E0,1.816333712E0
1.781819010E2,1.454028286E0,-8.849100155E-1,1.198878599E0,2.081963949E0
1.781918900E2,1.482235254E0,-8.625029004E-1,9.355293614E-1,1.953496298E0
1.782018780E2,1.134532329E0,-5.685964063E-1,7.279397571E-1,1.462997529E0
1.782118660E2,5.123733813E-1,-7.720488131E-2,4.820883125E-1,7.077402183E-1
1.782218550E2,8.069917738E-2,3.502610815E-1,2.465197814E-1,4.358522514E-1
1.782318430E2,-6.040086061E-2,6.798276973E-1,1.299157763E-1,6.947604414E-1
1.782418310E2,-2.321093184E-1,8.846957150E-1,-4.291446984E-2,9.156434325E-1
1.782518190E2,-3.413452470E-1,8.476103345E-1,-4.169591010E-2,9.147121983E-1
1.782618080E2,-2.390189731E-1,8.285644913E-1,1.178284121E-1,8.703635564E-1
1.782717960E2,3.567824811E-2,7.543112844E-1,7.700724542E-2,7.590708577E-1
1.782817840E2,1.877429849E-1,5.916756588E-1,-5.414872527E-2,6.231048050E-1
1.782917730E2,2.154313052E-1,4.982845151E-1,-9.621768773E-2,5.513220009E-1
1.783017610E2,1.298029250E-1,4.295238903E-1,-6.957952738E-2,4.540714507E-1
1.783117490E2,4.281623662E-3,3.306398723E-1,-2.724802494E-4,3.306677058E-1
1.783217380E2,-5.205863804E-2,4.035189834E-1,1.179459411E-1,4.236141131E-1
1.783317260E2,1.286586249E-1,5.070915914E-1,3.319715756E-1,6.195966840E-1
1.783417140E2,3.080982712E-1,4.943689272E-1,3.995338136E-1,7.063656624E-1
1.783517020E2,3.587293115E-1,4.240152285E-1,4.805586809E-1,7.344469203E-1
1.783616910E2,4.268093204E-1,3.322586739E-1,5.971223402E-1,8.056780446E-1
1.783716790E2,3.016619486E-1,2.923642910E-1,6.516698456E-1,7.753388920E-1
1.783816670E2,-5.700684428E-2,2.437464470E-1,6.498431754E-1,6.963894480E-1
1.783916560E2,-3.412072527E-1,1.964632300E-1,6.474651128E-1,7.577804843E-1
1.784016440E2,-5.223823527E-1,2.371393856E-1,5.160963035E-1,7.716694921E-1
1.784116320E2,-7.101177362E-1,4.018750387E-1,2.722030914E-1,8.601542123E-1
1.784216200E2,-6.872752959E-1,4.732139933E-1,3.388519943E-2,8.351209628E-1
1.784316090E2,-4.599586478E-1,4.974331605E-1,-1.369219100E-1,6.911941235E-1
1.784415970E2,-2.259674031E-1,4.490761024E-1,-1.801784420E-1,5.340364069E-1
1.784515850E2,-1.053779358E-1,4.360400274E-1,-1.792539972E-1,4.830811634E-1
1.784615740E2,-7.582318425E-2,3.248373878E-1,-1.430047685E-1,3.629309130E-1
1.784715620E2,4.022211939E-2,1.223316452E-1,-4.630819380E-2,1.368477224E-1
1.784815500E2,1.033928061E-1,-1.112666667E-2,2.602595687E-2,1.071971338E-1
1.784915380E2,4.771503389E-2,-9.686146617E-2,6.451993167E-2,1.257842982E-1
1.785015270E2,-3.504236341E-3,-9.460999578E-2,5.147537827E-2,1.077638415E-1
1.785115150E2,-2.456707656E-3,-3.740346909E-2,-6.142616987E-2,7.195991424E-2
1.785215030E2,-8.194024891E-2,1.152796108E-1,-2.852862364E-1,3.184208375E-1
1.785314920E2,-1.618991688E-1,3.831534237E-1,-4.964403033E-1,6.476657021E-1
1.785414800E2,-1.449206087E-1,5.833284661E-1,-5.528618413E-1,8.166580054E-1
1.785514680E2,-1.945295557E-1,6.456972072E-1,-5.117097223E-1,8.465302542E-1
1.785614570E2,-1.784035197E-1,6.201130074E-1,-5.532845950E-1,8.499951770E-1
1.785714450E2,-2.631100863E-2,4.565567377E-1,-4.932214111E-1,6.726096077E-1
1.785814330E2,1.038830951E-1,2.330533513E-1,-2.779538280E-1,3.773113999E-1
1.785914210E2,-3.687049538E-2,1.326092961E-1,8.290357769E-2,1.606787542E-1
1.786014100E2,-2.097250074E-1,1.267606187E-1,4.689999050E-1,5.291632490E-1
1.786113980E2,-3.125243211E-1,9.302335382E-3,6.476188946E-1,7.191440866E-1
1.786213860E2,-3.724384010E-1,-2.073568851E-2,6.068293029E-1,7.123076120E-1
1.786313750E2,-3.023723853E-1,-1.507967681E-2,4.683257210E-1,5.576606827E-1
1.786413630E2,-2.363672608E-1,-2.233402491E-2,2.664927006E-1,3.569126645E-1
1.786513510E2,-2.811849993E-1,-1.751358032E-2,1.667660987E-1,3.273876312E-1
1.786613390E2,-3.139504570E-1,-7.636171281E-2,1.475644273E-1,3.552059414E-1
1.786713280E2,-2.217512682E-1,-1.192191723E-1,8.072607458E-2,2.643927668E-1
1.786813160E2,-7.869241297E-2,-7.480050623E-2,1.320926946E-1,1.709856473E-1
1.786913040E2,1.538896528E-1,-9.156535059E-2,2.975320601E-1,3.472629630E-1
1.787012930E2,3.179347497E-1,-1.834104905E-1,5.595352685E-1,6.691798188E-1
1.787112810E2,4.460121614E-1,-3.131043649E-1,6.540829915E-1,8.513434977E-1
1.787212690E2,6.048508975E-1,-3.703608853E-1,5.230012804E-1,8.812162804E-1
1.787312580E2,7.588504779E-1,-3.015040737E-1,2.797161788E-1,8.631337643E-1
1.787412460E2,8.976104602E-1,-1.392222047E-1,1.399542761E-1,9.190617825E-1
1.787512340E2,1.019228453E0,-1.128787440E-1,2.481523240E-1,1.055058210E0
1.787612220E2,1.156281340E0,-1.432638001E-1,4.900516355E-1,1.263986416E0
1.787712110E2,1.205586525E0,-9.252575576E-2,6.962028247E-1,1.395241290E0
1.787811990E2,1.356571573E0,-6.240440905E-2,8.127021646E-1,1.582613519E0
1.787911870E2,1.547291375E0,-1.353870159E-1,9.601040393E-1,1.825990145E0
1.788011760E2,1.744230569E0,-1.664345616E-1,9.529762834E-1,1.994543691E0
1.788111640E2,1.736988792E0,-1.319582087E-1,6.768654978E-1,1.868873975E0
1.788211520E2,1.835777501E0,-3.870330513E-1,8.642330915E-1,2.065616724E0
1.788311410E2,2.689583252E0,-9.609232342E-1,1.980293482E0,3.475455914E0
1.788411290E2,3.840224953E0,-1.206410397E0,2.263654815E0,4.618104250E0
1.788511170E2,4.914778299E0,-1.478858487E0,1.472937012E-1,5.134565569E0
1.788611050E2,4.395031871E0,-8.662117893E-1,-2.082142038E0,4.939832333E0
1.788710940E2,3.339305683E0,1.467768073E-2,-3.556985242E0,4.878864816E0
1.788810820E2,1.121188399E0,7.081200349E-1,-1.385024124E0,1.917495563E0
1.788910700E2,-2.833712148E0,8.963009763E-1,3.387532933E0,4.506512992E0
1.789010590E2,-5.076814000E0,2.267713952E-1,5.296085172E0,7.339889904E0
1.789110470E2,-4.097760012E0,-1.479708672E0,4.334626917E0,6.145743680E0
1.789210350E2,-3.206195573E0,-3.403316322E0,2.618125307E0,5.358808838E0
1.789310237E2,-2.485499931E0,-4.756773668E0,2.133261906E0,5.775414443E0
1.789410128E2,-3.664765799E-1,-5.929843826E0,4.139790090E0,7.241216395E0
1.789510008E2,2.569723810E0,-5.444965807E0,3.394109881E0,6.911665138E0
1.789609888E2,3.057715764E0,-2.784721252E0,1.786903256E-1,4.139592779E0
1.789709778E2,1.828086365E0,-3.379597092E-1,9.898277754E-1,2.106151834E0
1.789809658E2,6.098029044E-1,5.995518583E-1,1.907816074E0,2.090713798E0
1.789909537E2,4.624130166E-1,3.850765729E-1,9.250283468E-1,1.103533963E0
1.790009428E2,3.986608243E-1,-2.934968966E-1,-1.157169825E-1,5.083908941E-1
1.790109308E2,-3.818597272E-1,-9.655776179E-1,-4.154282999E-1,1.118363832E0
1.790209188E2,-1.532962189E0,-1.390864323E0,1.945848119E-1,2.079023782E0
1.790309068E2,-2.444710047E0,-1.430635330E0,7.382934219E-1,2.927183260E0
1.790408958E2,-2.155350348E0,-1.435901917E0,6.706972700E-1,2.675291436E0
1.790508837E2,-1.333997228E0,-1.475248416E0,3.699574274E-1,2.023060797E0
1.790608718E2,-6.944906138E-1,-1.296577971E0,1.277376884E-1,1.476397157E0
1.790708608E2,-1.919241826E-1,-9.665611196E-1,-3.176195848E-1,1.035353800E0
1.790808488E2,2.099742450E-1,-6.170098901E-1,-7.090643603E-1,9.631005425E-1
1.790908368E2,3.941204613E-1,-3.189170820E-1,-9.643362540E-1,1.089487703E0
1.791008258E2,4.776344883E-1,-5.868791878E-2,-9.792033845E-1,1.091062897E0
1.791108137E2,5.776350322E-1,8.254163504E-2,-6.287475908E-1,8.577872026E-1
1.791208018E2,6.912598810E-1,1.264776134E-1,-5.042825890E-1,8.649495588E-1
1.791307898E2,7.025219107E-1,1.515791255E-1,-5.991349518E-1,9.356687217E-1
1.791407788E2,6.919668093E-1,2.257557338E-1,-5.612081569E-1,9.190964650E-1
1.791507668E2,6.659934774E-1,2.584060013E-1,-6.770619643E-1,9.842427937E-1
1.791607548E2,5.191567361E-1,2.494229239E-1,-6.030391377E-1,8.339015009E-1
1.791707437E2,2.845788695E-1,2.890331322E-1,-6.647237545E-1,7.787059485E-1
1.791807318E2,-2.647414595E-2,4.744828391E-1,-7.894922268E-1,9.214840320E-1
1.791907198E2,-3.959810454E-1,7.220510262E-1,-7.702104485E-1,1.127556122E0
1.792007077E2,-6.345301947E-1,9.420297110E-1,-6.593226814E-1,1.313299259E0
1.792106968E2,-5.408229359E-1,1.025759500E0,-5.302179140E-1,1.275069816E0
1.792206848E2,-2.767914015E-1,1.034468928E0,-5.880848837E-1,1.221713253E0
1.792306728E2,1.087742910E-1,1.078382687E0,-6.550694168E-1,1.266434762E0
1.792406618E2,4.309745845E-1,1.200625162E0,-6.280622971E-1,1.421865719E0
1.792506498E2,6.868415055E-1,1.336755359E0,-6.539069903E-1,1.638981542E0
1.792606377E2,8.387310451E-1,1.474220476E0,-6.009762400E-1,1.799435528E0
1.792706268E2,8.381708819E-1,1.588104356E0,-4.369144785E-1,1.848107176E0
1.792806147E2,8.693251392E-1,1.663997122E0,-2.562594885E-1,1.894803828E0
1.792906028E2,8.959179837E-1,1.596082882E0,-1.756591290E-1,1.838751133E0
1.793005908E2,8.231958702E-1,1.508428441E0,-1.194416589E-1,1.722577752E0
1.793105798E2,6.982288849E-1,1.481018448E0,-5.792778075E-2,1.638381777E0
1.793205678E2,5.406940779E-1,1.525319878E0,-9.888109446E-2,1.621335341E0
1.793305558E2,3.668817919E-1,1.696705277E0,-1.215700454E-1,1.740169625E0
1.793405447E2,2.869056228E-1,1.918609450E0,-1.549523842E-1,1.946121090E0
1.793505328E2,4.096214300E-1,2.056957496E0,-5.896683097E-2,2.098175622E0
1.793605208E2,5.061818011E-1,2.018822540E0,1.508292201E-1,2.086771170E0
1.793705087E2,6.705943590E-1,1.704721810E0,1.142221418E-1,1.835434537E0
1.793804978E2,7.933432031E-1,1.328196205E0,-3.769290626E-2,1.547552698E0
1.793904858E2,7.987609407E-1,9.404638267E-1,-2.485160208E-1,1.258670514E0
1.794004738E2,7.120517758E-1,6.814912301E-1,-4.392010322E-1,1.079048458E0
1.794104628E2,4.399822202E-1,6.524200433E-1,-5.084686106E-1,9.368973237E-1
1.794204508E2,1.048736134E-1,7.241852599E-1,-4.785220957E-1,8.743146811E-1
1.794304387E2,-1.489633005E-1,9.156511670E-1,-3.409391579E-1,9.883555200E-1
1.794404278E2,-2.667134330E-1,1.009045819E0,-1.432035738E-1,1.053478421E0
1.794504158E2,-2.552113751E-1,9.898418087E-1,-3.347940266E-2,1.022761225E0
1.794604038E2,-2.527157834E-1,8.917594439E-1,6.759264350E-2,9.293379032E-1
1.794703918E2,-2.553928580E-1,7.265299934E-1,1.006753126E-1,7.766639311E-1
1.794803808E2,-2.504662865E-1,4.604360729E-1,1.300014380E-1,5.400325099E-1
1.794903687E2,-2.727924907E-1,3.384169614E-1,2.370244879E-1,4.950983646E-1
1.795003568E2,-2.308840343E-1,3.455201590E-1,3.013432753E-1,5.133219138E-1
1.795103458E2,-1.997160360E-1,4.159264827E-1,2.756009084E-1,5.374357587E-1
1.795203338E2,-1.336810908E-1,3.853391129E-1,2.570073473E-1,4.820888326E-1
1.795303218E2,7.219557166E-3,4.072468758E-1,2.586872524E-1,4.825155276E-1
1.795403098E2,1.819909327E-1,4.147377437E-1,2.290544406E-1,5.075372227E-1
1.795502987E2,3.341008392E-1,4.627346134E-1,2.098536462E-1,6.080997007E-1
1.795602868E2,4.557360810E-1,4.513781512E-1,1.792978513E-1,6.660220194E-1
1.795702748E2,5.564732279E-1,4.508706129E-1,1.002788714E-1,7.231891972E-1
1.795802638E2,6.124012609E-1,3.476198941E-1,5.597861141E-2,7.064053370E-1
1.795902518E2,7.087896873E-1,2.749974757E-1,4.342697829E-2,7.615066217E-1
1.796002397E2,6.987200511E-1,1.978130597E-1,7.739959359E-3,7.262228469E-1
1.796102287E2,7.038496672E-1,1.201667136E-1,7.981449366E-5,7.140338923E-1
1.796202168E2,6.690229198E-1,2.135169268E-2,2.747021914E-2,6.699269923E-1
1.796302048E2,6.084108286E-1,2.004893303E-2,6.333557814E-2,6.120270349E-1
1.796401928E2,5.436248486E-1,1.122542614E-1,9.663605601E-2,5.634425636E-1
1.796501818E2,4.621598321E-1,1.270553184E-1,1.888562948E-1,5.151712962E-1
1.796601697E2,3.849064189E-1,1.411482775E-1,2.474231762E-1,4.788465471E-1
1.796701578E2,3.703689252E-1,1.333130085E-1,2.736482307E-1,4.794046862E-1
1.796801468E2,3.843980035E-1,1.355840671E-1,1.609200525E-1,4.382238328E-1
1.796901348E2,3.571572876E-1,1.493039739E-1,3.329667717E-2,3.885378661E-1
1.797001228E2,2.553736353E-1,1.352718258E-1,-1.451395869E-2,2.893524070E-1
1.797101108E2,2.356588706E-1,1.020397604E-1,2.176509082E-2,2.577225935E-1
1.797200997E2,1.630905390E-1,6.533912659E-2,7.220434248E-2,1.899505000E-1
1.797300878E2,2.316052884E-2,1.546705484E-2,1.101948720E-1,1.136597981E-1
1.797400758E2,-6.349374533E-2,-2.889810920E-2,1.694067013E-1,1.832080426E-1
1.797500648E2,-1.218280537E-1,-2.081550300E-2,3.055374831E-2,1.273141445E-1
1.797600528E2,-2.029723504E-1,-2.199254751E-2,-1.002835491E-1,2.274604084E-1
1.797700408E2,-3.141407838E-1,-2.530850351E-2,-1.636267287E-1,3.551037296E-1
1.797800297E2,-5.096801537E-1,9.446761608E-2,-1.256873623E-1,5.333810107E-1
1.797900178E2,-7.202071068E-1,8.408880830E-2,2.180075884E-2,7.254271000E-1
1.798000058E2,-8.522448376E-1,1.537314856E-1,2.730892369E-1,9.080376447E-1
1.798099937E2,-6.703750885E-1,1.966488791E-1,3.933807886E-1,8.017618011E-1
1.798199828E2,-4.076127653E-1,2.731257820E-1,4.204881880E-1,6.461858676E-1
1.798299708E2,-2.718496272E-1,1.808099413E-1,5.122397724E-1,6.074405642E-1
1.798399588E2,-7.639898881E-2,5.501177430E-2,5.315975645E-1,5.398694948E-1
1.798499478E2,1.260969597E-1,7.087994814E-2,5.513424423E-1,5.700025430E-1
1.798599358E2,2.837107041E-1,7.207570374E-2,7.223574203E-1,7.794144683E-1
1.798699237E2,3.373700175E-1,6.265642405E-2,1.093367931E0,1.145948423E0
1.798799118E2,3.491658980E-1,-6.121508539E-2,1.578159704E0,1.617483280E0
1.798899008E2,3.930328792E-1,-2.924707103E-1,1.842252707E0,1.906281458E0
1.798998888E2,5.883398223E-1,-3.408453101E-1,2.130688839E0,2.236549619E0
1.799098768E2,7.936335173E-1,-3.182066453E-1,2.023678653E0,2.196903484E0
1.799198658E2,9.122837555E-1,-2.455105519E-1,1.661870782E0,1.911635838E0
1.799298536E2,9.156573066E-1,-1.294719726E-1,1.349007615E0,1.635546649E0
1.799398416E2,6.928131938E-1,-6.469710231E-2,1.145622451E0,1.340383019E0
1.799498296E2,4.752994028E-1,1.340386480E-1,1.054947924E0,1.164813720E0
1.799598186E2,1.242422229E-1,3.492460048E-1,9.403623775E-1,1.010786972E0
1.799698066E2,-2.345245108E-1,7.021342403E-1,6.864256954E-1,1.009541714E0
1.799797946E2,-4.163933828E-1,1.056210045E0,4.564818934E-1,1.223657970E0
1.799897836E2,-6.740316448E-1,1.233775367E0,3.163393369E-1,1.441038129E0
1.799997716E2,-9.820550716E-1,1.241058658E0,1.061801738E-1,1.586169281E0
1.800097596E2,-1.118553936E0,1.167980742E0,-9.348733038E-2,1.619901787E0
1.800197486E2,-1.043994042E0,1.113271853E0,-3.988678157E-3,1.526208927E0
1.800297366E2,-9.253651464E-1,9.877987915E-1,-1.234800383E-1,1.359152098E0
1.800397246E2,-7.183070540E-1,7.085316789E-1,-2.371174586E-1,1.036439508E0
1.800497126E2,-4.086390978E-1,6.237751186E-1,-1.898608464E-1,7.694988316E-1
1.800597016E2,-1.072259483E-1,7.317603278E-1,-4.907685041E-2,7.412011323E-1
1.800696896E2,1.817978284E-1,8.152176368E-1,7.708062798E-2,8.387917912E-1
1.800796776E2,3.084037882E-1,9.895833617E-1,1.813937858E-1,1.052279351E0
1.800896666E2,3.208510485E-1,1.098036933E0,3.593315747E-1,1.199062001E0
1.800996546E2,3.043244782E-1,1.048009325E0,4.415603837E-1,1.177247853E0
1.801096426E2,3.301259020E-1,9.521196663E-1,3.959167260E-1,1.082711884E0
1.801196316E2,4.248209748E-1,8.686366296E-1,2.449620831E-1,9.975013168E-1
1.801296196E2,4.252314493E-1,7.114786756E-1,2.476260746E-1,8.650678379E-1
1.801396076E2,3.486285388E-1,5.253232098E-1,5.975842702E-1,8.686848064E-1
1.801495956E2,2.167937064E-1,2.973198062E-1,8.848489121E-1,9.583090188E-1
1.801595846E2,-4.290920734E-2,-2.559326291E-3,1.082456881E0,1.083310043E0
1.801695726E2,-1.346157682E-1,-3.276376194E-1,1.258885649E0,1.307769434E0
1.801795606E2,-1.112871319E-2,-4.852048784E-1,1.554427025E0,1.628432067E0
1.801895496E2,-3.905355334E-2,-6.260286355E-1,1.578105032E0,1.698190957E0
1.801995376E2,1.627016991E-2,-7.156559265E-1,1.438752727E0,1.606996432E0
1.802095256E2,9.301604480E-2,-8.405705792E-1,1.252861702E0,1.511579745E0
1.802195136E2,6.999029428E-2,-9.595263344E-1,1.054437169E0,1.427384732E0
1.802295026E2,2.578037381E-2,-8.783763367E-1,9.354334670E-1,1.283450579E0
1.802394906E2,-1.161765736E-1,-6.434270257E-1,7.614302695E-1,1.003629109E0
1.802494786E2,-1.235314938E-1,-3.006538886E-1,2.981919184E-1,4.411022681E-1
1.802594676E2,-1.844495407E-1,2.084123075E-2,-3.248071285E-1,3.741064830E-1
1.802694556E2,-4.415925434E-1,1.657007360E-1,-3.380895174E-1,5.803147681E-1
1.802794436E2,-6.549977884E-1,8.283633471E-2,1.405961542E-1,6.750194365E-1
1.802894326E2,-9.306738335E-1,3.237650084E-1,2.310742150E-1,1.012113066E0
1.802994206E2,-9.935445580E-1,5.393044871E-1,2.080176204E-1,1.149457024E0
1.803094086E2,-8.846673560E-1,4.846564096E-1,3.421469003E-1,1.065172600E0
1.803193966E2,-7.691342685E-1,3.450284082E-1,4.789629757E-1,9.695450776E-1
1.803293856E2,-5.389545313E-1,1.786546576E-1,6.006406099E-1,8.265340983E-1
1.803393736E2,-3.073623991E-1,1.655931473E-2,7.252757657E-1,7.878900885E-1
1.803493616E2,-2.104152712E-1,4.822900414E-2,6.684151018E-1,7.024096892E-1
1.803593506E2,-2.159096074E-1,7.641550720E-2,8.002163127E-1,8.323475449E-1
1.803693386E2,-2.689385909E-1,6.317858040E-2,8.439970475E-1,8.880599726E-1
1.803793266E2,-3.586471581E-1,7.543668330E-2,8.653140955E-1,9.397270673E-1
1.803893156E2,-4.147836444E-1,2.087169474E-1,6.089401478E-1,7.657782573E-1
1.803993036E2,-3.840919018E-1,4.644484323E-1,3.339169443E-1,6.890133968E-1
1.804092916E2,-4.820684320E-1,6.002839297E-1,3.533706307E-1,8.471136713E-1
1.804192796E2,-5.879404575E-1,8.160970581E-1,7.322047162E-1,1.244110982E0
1.804292686E2,-3.223891586E-1,9.364245701E-1,4.090481105E-1,1.071515796E0
1.804392566E2,-1.782567546E-1,9.442873210E-1,5.990430044E-1,1.132389746E0
1.804492446E2,-4.521417975E-1,1.091958168E0,6.165885982E-1,1.333036513E0
1.804592336E2,-4.682181323E-1,1.185765048E0,8.013525729E-1,1.505799759E0
1.804692216E2,-2.068315127E-1,1.035875183E0,5.376494327E-1,1.185277850E0
1.804792096E2,-6.021521151E-2,9.463975811E-1,6.854363465E-1,1.170092833E0
1.804891976E2,7.860090405E-2,8.646564299E-1,7.324216479E-1,1.135891858E0
1.804991866E2,5.366837651E-2,9.930232787E-1,7.223473339E-1,1.229130261E0
1.805091746E2,1.223567882E-1,1.213460970E0,5.084344044E-1,1.321349406E0
1.805191626E2,9.534820676E-2,1.149421095E0,4.870563993E-1,1.251992040E0
1.805291516E2,-4.883126736E-2,1.054438339E0,8.522603327E-1,1.356676961E0
1.805391396E2,1.654001892E-2,1.005079653E0,8.297696024E-1,1.303447841E0
1.805491276E2,2.652180076E-2,1.052664878E0,8.943152618E-1,1.381523268E0
1.805591166E2,-5.452820957E-3,1.155779942E0,9.643964803E-1,1.505296508E0
1.805691046E2,-5.544008285E-2,1.309515520E0,1.047570199E0,1.677887905E0
1.805790926E2,-2.680936682E-1,1.456804544E0,1.093547879E0,1.841195443E0
1.805890806E2,-4.322834837E-1,1.434115593E0,1.072056584E0,1.841972276E0
1.805990696E2,-7.206751764E-1,1.346999096E0,7.140730852E-1,1.686321335E0
1.806090576E2,-1.020772702E0,1.259318928E0,1.942328095E-2,1.621184239E0
1.806190456E2,-1.178793121E0,1.111036463E0,-7.105725034E-1,1.768860799E0
1.806290346E2,-1.260677821E0,1.013211375E0,-1.171846921E0,1.997280918E0
1.806390226E2,-1.672797182E0,1.093142813E0,-1.498591086E0,2.497796402E0
1.806490106E2,-2.218503347E0,1.273146424E0,-1.537571695E0,2.984423836E0
1.806589986E2,-2.643805109E0,1.174240186E0,-9.806151947E-1,3.054529690E0
1.806689876E2,-2.838004004E0,2.529388547E-1,-2.451874933E-1,2.859783506E0
1.806789756E2,-2.696820644E0,-1.054745318E0,3.246154860E-1,2.913881343E0
1.806889636E2,-2.257610987E0,-1.949634191E0,3.848613954E-1,3.007656753E0
1.806989526E2,-1.939361657E0,-2.211950226E0,1.598257461E-1,2.946080737E0
1.807089406E2,-1.665241117E0,-2.073358936E0,-2.088287754E-1,2.667480968E0
1.807189286E2,-1.202165173E0,-1.674802777E0,-9.221551712E-1,2.258436539E0
1.807289176E2,-4.886192138E-1,-8.389900768E-1,-1.354918711E0,1.666870661E0
1.807389056E2,2.925721595E-1,1.344970697E-1,-1.719623000E0,1.749511701E0
1.807488936E2,1.386767618E0,5.864067328E-1,-2.559497030E0,2.969515504E0
1.807588816E2,1.989262087E0,-5.636856222E-1,-2.772902859E0,3.458886440E0
1.807688706E2,2.078701829E0,-3.605382646E0,-1.152104967E0,4.318232413E0
1.807788586E2,2.172125571E0,-6.357733712E0,-9.694800496E-2,6.719248944E0
1.807888466E2,3.867404566E0,-7.194319414E0,-5.327354327E-2,8.168101859E0
1.807988356E2,5.005265130E0,-5.050827219E0,-8.682226467E-1,7.163612580E0
1.808088236E2,4.788196020E0,-1.673280746E0,-2.001506157E0,5.452771449E0
1.808188116E2,3.632193300E0,1.083752185E-1,-2.241854787E0,4.269717349E0
1.808287996E2,2.155962990E0,7.375397158E-1,-1.466354947E0,2.709674902E0
1.808387886E2,4.084439470E-1,5.875755912E-1,-1.680330442E-1,7.350555334E-1
1.808487766E2,-1.223577238E0,-2.152301610E-2,2.403905837E-1,1.247153611E0
1.808587646E2,-1.838739554E0,-6.027052617E-1,-1.021178792E0,2.187926622E0
1.808687536E2,-1.817331874E0,-1.057423927E0,-2.075191015E0,2.954193333E0
1.808787416E2,-1.306466490E0,-1.496626421E0,-1.353687872E0,2.404000039E0
1.808887296E2,-8.100003125E-1,-1.685741163E0,-5.405847350E-1,1.946806521E0
1.808987186E2,-7.468407355E-1,-1.088687820E0,1.909291327E-2,1.320369945E0
1.809087066E2,9.530362174E-2,-1.356717753E-1,2.802330726E-1,3.256074108E-1
1.809186946E2,1.098666240E0,6.239914656E-1,1.493247315E-2,1.263588475E0
1.809286824E2,1.606012185E0,1.184596190E0,-8.778338613E-1,2.180168700E0
1.809386714E2,1.768704675E0,1.172985958E0,-1.640573761E0,2.682479180E0
1.809486594E2,1.227020078E0,8.803339845E-1,-1.670183622E0,2.251683710E0
1.809586474E2,5.568223067E-1,6.587227571E-1,-1.032225936E0,1.345160635E0
1.809686364E2,3.589124756E-1,3.986748576E-1,-2.883488618E-1,6.090196001E-1
1.809786244E2,2.434074546E-1,1.853678459E-1,3.935994744E-1,4.985268032E-1
1.809886124E2,1.253372602E-1,4.193213761E-2,8.836400002E-1,8.934692960E-1
1.809986014E2,1.340023953E-1,1.287492567E-1,9.472031812E-1,9.652600062E-1
1.810085894E2,2.270381744E-1,3.201613694E-1,6.782429557E-1,7.836218106E-1
1.810185774E2,3.872265941E-1,6.027953088E-1,3.476975159E-1,7.963668640E-1
1.810285654E2,5.128205471E-1,8.089535147E-1,-1.724900843E-1,9.732129940E-1
1.810385544E2,5.210781312E-1,7.638305515E-1,-5.055210292E-1,1.053807877E0
1.810485424E2,5.709152658E-1,6.737927860E-1,-5.697388060E-1,1.050972534E0
1.810585304E2,6.216803536E-1,5.130493194E-1,-4.527575094E-1,9.244973923E-1
1.810685194E2,5.485641378E-1,2.886185646E-1,-2.346244982E-1,6.627759382E-1
1.810785074E2,5.286580230E-1,-8.456827998E-2,-2.137405828E-2,5.358058880E-1
1.810884954E2,3.327957407E-1,-2.554654366E-1,-2.908989787E-2,4.205494221E-1
1.810984844E2,1.391448753E-1,-2.915801793E-1,5.185895562E-3,3.231210157E-1
1.811084724E2,-1.679435818E-1,-1.308560085E-1,1.901194395E-1,2.854360575E-1
1.811184604E2,-5.013145423E-1,8.684518576E-2,3.292964745E-1,6.060482858E-1
1.811284484E2,-5.730078381E-1,2.814288282E-1,4.225085472E-1,7.655414034E-1
1.811384374E2,-4.347695737E-1,4.300323057E-1,4.957022385E-1,7.871931627E-1
1.811484254E2,-2.291056037E-1,4.065148044E-1,5.255247925E-1,7.027944019E-1
1.811584134E2,-3.495275483E-2,3.475818872E-1,4.567305462E-1,5.750110045E-1
1.811684024E2,6.793382853E-2,2.834531343E-1,3.956389832E-1,4.914172255E-1
1.811783904E2,2.282687210E-1,1.033197159E-1,4.172682725E-1,4.867179716E-1
1.811883784E2,3.105660886E-1,2.614582479E-2,3.888380867E-1,4.983271588E-1
1.811983664E2,4.258116393E-1,-5.118360221E-2,4.253625731E-1,6.040435679E-1
1.812083554E2,5.206176630E-1,-6.897551000E-2,4.118123817E-1,6.673753140E-1
1.812183434E2,5.648307994E-1,-1.118221521E-2,3.186089337E-1,6.485911860E-1
1.812283314E2,5.773493958E-1,5.096082330E-2,2.790244532E-1,6.432604261E-1
1.812383204E2,5.959100662E-1,6.873869777E-2,2.473423384E-1,6.488544120E-1
1.812483084E2,5.561218102E-1,3.017806470E-2,2.153390653E-1,5.971206716E-1
1.812582964E2,4.800622523E-1,-2.548742831E-2,1.814570819E-1,5.138443808E-1
1.812682854E2,3.448611778E-1,-3.914710879E-3,1.258993238E-1,3.671446536E-1
1.812782734E2,2.032476081E-1,3.167202830E-2,5.021223351E-2,2.117403504E-1
1.812882614E2,9.915006638E-2,1.018503106E-1,7.906078756E-2,1.626494069E-1
1.812982494E2,1.402581851E-1,1.784225231E-1,2.760526058E-1,3.573681525E-1
1.813082384E2,2.591332488E-1,1.362442178E-1,3.983474135E-1,4.943613955E-1
1.813182264E2,4.161213411E-1,-3.040552139E-2,2.902433597E-1,5.082545367E-1
1.813282144E2,6.332003917E-1,-9.281519294E-2,6.197580814E-2,6.429606495E-1
1.813382034E2,8.288244000E-1,-1.023847461E-1,-1.480300118E-1,8.481423269E-1
1.813481914E2,8.878264605E-1,-1.027747554E-1,-4.335173924E-1,9.933457624E-1
1.813581794E2,9.717949623E-1,-1.618637931E-1,-5.174335617E-1,1.112799545E0
1.813681684E2,1.121686435E0,-2.615576506E-1,-4.181269361E-1,1.225325670E0
1.813781564E2,1.188606941E0,-4.102681321E-1,-3.435375144E-1,1.303504670E0
1.813881444E2,1.243821468E0,-4.545847642E-1,-4.971653581E-1,1.414536159E0
1.813981324E2,1.180840816E0,-4.591537786E-1,-6.040105064E-1,1.403579679E0
1.814081214E2,9.895335142E-1,-4.155890983E-1,-7.371111149E-1,1.302007554E0
1.814181094E2,7.599373291E-1,-3.512282109E-1,-8.613068524E-1,1.201130923E0
1.814280974E2,5.311553688E-1,-2.363450414E-1,-9.211250380E-1,1.089245767E0
1.814380864E2,3.458370781E-1,-2.222228462E-1,-8.451404706E-1,9.398131160E-1
1.814480744E2,9.322800636E-2,-2.351492858E-1,-8.582154295E-1,8.947180400E-1
1.814580624E2,-6.104317725E-2,-2.182905936E-1,-9.965555817E-1,1.022007867E0
1.814680514E2,-1.279116431E-1,-2.165820372E-1,-1.101558419E0,1.129911553E0
1.814780394E2,-1.677168560E-1,-1.947613978E-1,-1.260447441E0,1.286385905E0
1.814880274E2,-2.024868853E-1,-1.700323534E-1,-1.269711185E0,1.296949664E0
1.814980154E2,-3.048754321E-1,-1.452787507E-1,-1.214483940E0,1.260565820E0
1.815080044E2,-5.816941693E-1,-2.039760250E-1,-1.056179201E0,1.222901807E0
1.815179924E2,-7.151036569E-1,-2.792057168E-1,-9.928671581E-1,1.255035564E0
1.815279804E2,-6.822067831E-1,-3.557434309E-1,-1.172747538E0,1.402603391E0
1.815379694E2,-5.351547182E-1,-3.415879065E-1,-1.392163575E0,1.530095516E0
1.815479574E2,-4.722370698E-1,-2.296739531E-1,-1.442076577E0,1.534712621E0
1.815579454E2,-4.530732590E-1,-1.517802697E-1,-1.570571187E0,1.641647491E0
1.815679344E2,-5.353636099E-1,-1.536776912E-1,-1.670003967E0,1.760438660E0
1.815779224E2,-7.281989349E-1,-1.436169720E-1,-1.728489864E0,1.881110506E0
1.815879104E2,-8.389256112E-1,-1.172004211E-1,-1.770124963E0,1.962364519E0
1.815978984E2,-8.819950323E-1,-9.169311225E-2,-1.790075078E0,1.997671557E0
1.816078874E2,-9.111315617E-1,-5.295238495E-2,-1.780297657E0,2.000606014E0
1.816178754E2,-9.236814407E-1,-3.513591886E-2,-1.890046386E0,2.103971786E0
1.816278634E2,-9.024408451E-1,-3.488448858E-2,-1.999173264E0,2.193697825E0
1.816378524E2,-8.930984563E-1,2.870865941E-2,-2.010531188E0,2.200155608E0
1.816478404E2,-1.047693868E0,7.738789916E-2,-1.802573209E0,2.086365621E0
1.816578284E2,-9.565331447E-1,3.938392103E-2,-1.774482016E0,2.016257219E0
1.816678174E2,-8.984759943E-1,-1.274482512E-1,-1.874051912E0,2.082203818E0
1.816778054E2,-9.447692777E-1,-2.476617426E-1,-1.923732488E0,2.157468890E0
1.816877934E2,-1.141318900E0,-2.242529994E-1,-1.905779782E0,2.232687801E0
1.816977814E2,-1.543643590E0,-8.559271216E-2,-1.734797840E0,2.323722271E0
1.817077704E2,-2.023527210E0,2.157493937E-1,-1.407499360E0,2.474321042E0
1.817177584E2,-2.605701143E0,5.863102537E-1,-9.404226038E-1,2.831577800E0
1.817277464E2,-3.006047720E0,9.353001505E-1,-1.992479664E-1,3.154490294E0
1.817377354E2,-2.929428729E0,1.156068794E0,4.522341835E-1,3.181597632E0
1.817477234E2,-2.398814082E0,1.217603137E0,8.461239722E-1,2.820069534E0
1.817577114E2,-1.715943640E0,9.498632258E-1,9.416452566E-1,2.175637495E0
1.817677004E2,-1.104845723E0,5.360546046E-1,8.544202942E-1,1.496018934E0
1.817776884E2,-6.748859230E-1,1.359489334E-1,8.669824523E-1,1.107073482E0
1.817876764E2,-3.633497813E-1,-1.581742001E-1,9.632442865E-1,1.041576544E0
1.817976644E2,-7.935285598E-2,-3.330690980E-1,1.096488590E0,1.148703238E0
1.818076534E2,1.253344828E-1,-4.273688990E-1,1.253082873E0,1.329875781E0
1.818176414E2,2.281204940E-1,-4.498701543E-1,1.422916713E0,1.509673504E0
1.818276294E2,3.274975786E-1,-5.247659701E-1,1.624211205E0,1.738014967E0
1.818376184E2,3.567511985E-1,-6.841096133E-1,1.700685184E0,1.867513715E0
1.818476064E2,2.881072256E-1,-9.599409020E-1,1.795612099E0,2.056383991E0
1.818575944E2,1.485683942E-1,-1.317302842E0,1.953540716E0,2.360864392E0
1.818675834E2,-5.946296722E-2,-1.614658901E0,2.074174038E0,2.629231285E0
1.818775714E2,-2.308816954E-1,-1.683235631E0,2.263326786E0,2.830059485E0
1.818875594E2,-3.552414474E-1,-1.490188052E0,2.427232719E0,2.870246608E0
1.818975474E2,-3.828506841E-1,-1.110223115E0,2.554096249E0,2.811152372E0
1.819075364E2,-2.780026522E-1,-6.264794558E-1,2.570906409E0,2.660699485E0
1.819175244E2,-3.115191847E-2,-1.183254254E-1,2.489045683E0,2.492051315E0
1.819275123E2,2.155305617E-1,1.528801310E-1,2.418710403E0,2.433102088E0
1.819375013E2,5.364896375E-1,2.932168150E-1,2.173976068E0,2.258311134E0
1.819474892E2,9.654434243E-1,4.183267647E-1,1.850123937E0,2.128388326E0
1.819574773E2,1.389270080E0,4.206925482E-1,1.634658718E0,2.186129616E0
1.819674663E2,1.780054412E0,3.991034585E-1,1.426269214E0,2.315625435E0
1.819774543E2,1.994020113E0,3.796445096E-1,1.216039300E0,2.366220138E0
1.819874423E2,2.026608692E0,4.749014997E-1,1.062671219E0,2.337080304E0
1.819974303E2,1.796839868E0,6.427142501E-1,9.770776293E-1,2.143920664E0
1.820074192E2,1.488828867E0,7.783257991E-1,9.081591296E-1,1.909752719E0
1.820174073E2,1.198385971E0,9.664611322E-1,7.720862353E-1,1.722293009E0
1.820273953E2,7.830273990E-1,1.153724645E0,5.671743634E-1,1.505290412E0
1.820373843E2,4.322609720E-1,1.325262657E0,3.214927804E-1,1.430569210E0
1.820473723E2,1.506286606E-1,1.458347039E0,4.852136493E-2,1.466908110E0
1.820573603E2,-9.061313152E-2,1.500756894E0,-1.214016455E-1,1.508383358E0
1.820673492E2,-2.152481411E-1,1.460205869E0,-1.770411184E-1,1.486565337E0
1.820773373E2,-3.079675859E-1,1.293856092E0,-1.049469960E-1,1.334136984E0
1.820873253E2,-3.041822447E-1,1.192581148E0,-2.099398926E-1,1.248539703E0
1.820973132E2,-2.669853285E-1,1.138586789E0,-2.670841464E-1,1.199581170E0
1.821073023E2,-2.436452901E-1,1.174110378E0,-3.733131444E-1,1.255890485E0
1.821172903E2,-3.049805358E-1,1.201078321E0,-4.819710758E-1,1.329623397E0
1.821272783E2,-4.602587561E-1,1.189559891E0,-5.074354076E-1,1.372727777E0
1.821372673E2,-6.453843811E-1,1.105504997E0,-4.751947376E-1,1.365456823E0
1.821472553E2,-7.967046212E-1,1.048149658E0,-4.968908313E-1,1.407215853E0
1.821572432E2,-9.539884365E-1,1.040024952E0,-4.370542270E-1,1.477417421E0
1.821672323E2,-1.185268327E0,9.892418844E-1,-3.853414518E-1,1.591209775E0
1.821772203E2,-1.348531067E0,9.610173744E-1,-3.275952271E-1,1.688019273E0
1.821872083E2,-1.423366510E0,8.897988725E-1,-3.027813980E-1,1.705693651E0
1.821971963E2,-1.416758133E0,7.097981858E-1,-2.133970588E-1,1.598923193E0
1.822071853E2,-1.471423460E0,5.303658485E-1,-3.168372273E-2,1.564410045E0
1.822171732E2,-1.450224233E0,3.976059866E-1,1.123329064E-1,1.507932203E0
1.822271613E2,-1.297283730E0,2.630463517E-1,1.839577898E-1,1.336405226E0
1.822371503E2,-1.107701357E0,1.336053693E-1,2.223567474E-1,1.137670961E0
1.822471383E2,-9.270222473E-1,5.570291519E-2,2.996654168E-1,9.758444670E-1
1.822571263E2,-6.918972275E-1,-1.642307460E-2,4.569140026E-1,8.293141121E-1
1.822671153E2,-4.887762116E-1,-6.470821202E-2,5.346664757E-1,7.272946981E-1
1.822771033E2,-2.188966575E-1,-1.402308494E-1,5.286040825E-1,5.890693625E-1
1.822870913E2,8.445864469E-3,-9.036111653E-2,5.119757706E-1,5.199573576E-1
1.822970793E2,1.005826342E-1,-1.399121761E-2,4.663531628E-1,4.772817752E-1
1.823070683E2,1.182010259E-1,-1.928470194E-2,4.601831809E-1,4.755122945E-1
1.823170563E2,9.313269675E-2,-8.658323050E-2,4.271344256E-1,4.456615000E-1
1.823270442E2,-1.285773486E-2,-1.082886797E-1,3.549715984E-1,3.713443081E-1
1.823370333E2,-1.015500560E-1,-4.620528281E-2,2.469977912E-1,2.710262919E-1
1.823470213E2,-2.239653164E-1,8.346257150E-2,1.689111498E-1,2.926729238E-1
1.823570093E2,-4.128961632E-1,2.190542400E-1,8.484017551E-2,4.750430054E-1
1.823669983E2,-6.348017979E-1,2.959843022E-1,5.699105680E-2,7.027289735E-1
1.823769863E2,-7.784222782E-1,3.805303627E-1,4.238237321E-2,8.674911329E-1
1.823869742E2,-8.332511808E-1,4.383183950E-1,-2.717945172E-1,9.799504096E-1
1.823969633E2,-9.145824422E-1,5.409446311E-1,-6.652865490E-1,1.253669945E0
1.824069513E2,-9.589819586E-1,5.540745538E-1,-5.405616385E-1,1.232417094E0
1.824169393E2,-1.046119944E0,4.666808993E-1,-5.219980444E-1,1.258824832E0
1.824269273E2,-1.150913012E0,4.209989423E-1,-4.537585527E-1,1.306804382E0
1.824369163E2,-1.217026748E0,2.968450123E-1,-3.186829010E-1,1.292605840E0
1.824469042E2,-1.332121295E0,8.385199606E-2,-9.802710861E-2,1.338352575E0
1.824568923E2,-1.472151731E0,-2.368262672E-1,1.194045290E-2,1.491127082E0
1.824668813E2,-1.455307949E0,-3.810110039E-1,-2.001260720E-1,1.517610311E0
1.824768693E2,-1.353134872E0,-2.529102033E-1,-1.434124656E-1,1.384017590E0
1.824868573E2,-1.218412977E0,5.094503582E-2,-1.176396932E-1,1.225138636E0
1.824968463E2,-1.002431156E0,3.907740998E-1,-5.473561031E-1,1.207133515E0
1.825068342E2,-1.070121741E0,8.077144897E-1,-9.830714639E-1,1.662526012E0
1.825168223E2,-1.234698934E0,1.045010288E0,-9.942989950E-1,1.898725481E0
1.825268103E2,-1.313590445E0,1.109691603E0,-6.179115307E-1,1.827224664E0
1.825367993E2,-1.202305067E0,1.019933335E0,-4.388889371E-1,1.636589436E0
1.825467873E2,-1.156195386E0,8.131225795E-1,-1.040745914E-1,1.417317050E0
1.825567753E2,-1.093960839E0,3.937631965E-1,1.709731704E-1,1.175173007E0
1.825667642E2,-7.242744300E-1,-3.415721190E-1,2.054150248E-1,8.267044785E-1
1.825767523E2,-3.501417983E-1,-7.322912550E-1,5.488195881E-1,9.798227907E-1
1.825867403E2,-2.008229139E-1,-5.328228486E-1,7.898751464E-1,9.737210985E-1
1.825967293E2,-2.427223071E-1,-2.871362954E-1,6.827957439E-1,7.794686642E-1
1.826067173E2,-1.674259570E-1,-4.283623409E-1,6.298299104E-1,7.798791331E-1
1.826167052E2,-3.229651093E-2,-6.278547210E-1,6.357448807E-1,8.941007597E-1
1.826266933E2,2.947657424E-1,-8.259367526E-1,8.651464266E-1,1.231883396E0
1.826366823E2,7.592132977E-1,-7.687001127E-1,6.420413817E-1,1.256790289E0
1.826466703E2,1.166683829E0,-6.235295355E-1,3.421622492E-1,1.366387663E0
1.826566583E2,1.374907564E0,-4.669352531E-1,1.582402736E-1,1.460629770E0
1.826666473E2,1.507952770E0,-3.228855872E-1,6.730496049E-2,1.543601833E0
1.826766352E2,1.618237982E0,-2.830759889E-1,8.780295968E-2,1.645155172E0
1.826866233E2,1.603115913E0,-2.419221157E-1,1.182487538E-1,1.625573655E0
1.826966123E2,1.358025191E0,-3.375936735E-1,3.940163078E-1,1.453771219E0
1.827066003E2,7.106647432E-1,-1.219481263E0,1.169010290E0,1.832693097E0
1.827165883E2,1.871018377E-1,-2.955141860E0,2.070017837E0,3.612872037E0
1.827265763E2,1.872716993E-1,-4.005525155E0,2.428435784E0,4.687920948E0
1.827365652E2,6.788924351E-1,-3.480538160E0,2.516695996E0,4.348424952E0
1.827465533E2,1.473414437E0,-1.881945069E0,1.960116933E0,3.091071940E0
1.827565413E2,2.505889172E0,-4.073632354E-1,9.276566702E-1,2.702956205E0
1.827665303E2,3.264270703E0,4.893797904E-1,-2.230461341E-1,3.308278311E0
1.827765183E2,3.205883331E0,8.715181375E-1,-1.112026835E0,3.503403414E0
1.827865063E2,2.448806899E0,7.859798044E-1,-1.469276655E0,2.961957692E0
1.827964952E2,1.587525628E0,5.437752682E-1,-1.201756671E0,2.064012659E0
1.828064833E2,9.206943905E-1,2.560647762E-1,-5.685329640E-1,1.111969901E0
1.828164713E2,7.028956939E-1,-5.603679121E-2,1.957391985E-1,7.317898006E-1
1.828264603E2,8.042288183E-1,-3.866699392E-1,4.862854439E-1,1.016253495E0
1.828364483E2,9.476678887E-1,-5.324977434E-1,4.240640527E-1,1.166815579E0
1.828464363E2,9.452443640E-1,-5.904828268E-1,1.949681700E-1,1.131445741E0
1.828564243E2,8.354756078E-1,-4.732139933E-1,1.069221854E-1,9.661176577E-1
1.828664133E2,7.894590439E-1,-3.617789268E-2,-6.501372904E-3,7.903142981E-1
1.828764013E2,7.325286520E-1,1.609118664E-1,-1.790646205E-1,7.710739219E-1
1.828863892E2,8.092292109E-1,1.815882057E-1,-2.908003069E-1,8.788577876E-1
1.828963783E2,9.948977499E-1,1.720823872E-1,-2.964591692E-1,1.052293647E0
1.829063663E2,1.073635186E0,9.087216318E-2,-1.578287027E-1,1.088972067E0
1.829163543E2,1.050404199E0,-4.355006218E-3,1.195815535E-1,1.057198039E0
1.829263435E2,9.484980471E-1,-9.593117416E-2,6.254311962E-1,1.140182230E0
1.829363315E2,6.908659248E-1,-1.309711987E-1,9.540189882E-1,1.185158812E0
1.829463195E2,3.329702801E-1,-6.367033124E-3,1.062139122E0,1.113125896E0
1.829563075E2,1.352705102E-1,1.429878116E-1,1.047618731E0,1.065949638E0
1.829662965E2,1.399954990E-1,2.790507656E-1,8.526930267E-1,9.080492648E-1
1.829762845E2,2.244984363E-1,3.098533130E-1,7.456107737E-1,8.380596932E-1
1.829862725E2,3.610097256E-1,2.491358256E-1,6.645033145E-1,7.962168904E-1
1.829962615E2,4.308859992E-1,2.053109443E-1,5.858535862E-1,7.556717228E-1
1.830062495E2,5.409789835E-1,6.835570514E-2,6.270898321E-1,8.310068715E-1
1.830162375E2,6.953016226E-1,-1.198211432E-2,6.547275008E-1,9.551209441E-1
1.830262265E2,8.336685258E-1,-1.034957170E-2,7.105916530E-1,1.095468312E0
1.830362145E2,9.463350159E-1,-1.715514600E-2,7.697385782E-1,1.219976123E0
1.830462025E2,1.068614036E0,-9.702928126E-2,7.674803104E-1,1.319233363E0
1.830561905E2,1.097374297E0,-2.228742260E-1,7.257143068E-1,1.334377954E0
1.830661795E2,1.021749918E0,-3.393940312E-1,7.382312221E-1,1.305429639E0
1.830761675E2,9.104072379E-1,-3.004948443E-1,6.221828487E-1,1.142912940E0
1.830861555E2,8.150255558E-1,-2.033813632E-1,5.465855862E-1,1.002190819E0
1.830961445E2,7.077301718E-1,-6.204597473E-2,4.772703530E-1,8.558730566E-1
1.831061325E2,6.565475929E-1,1.013205528E-1,2.800523937E-1,7.209368484E-1
1.831161205E2,6.975409600E-1,1.985030311E-1,1.551038271E-1,7.416360573E-1
1.831261095E2,7.519260590E-1,1.351934731E-1,1.381648819E-1,7.763759450E-1
1.831360975E2,7.340441041E-1,3.358406782E-2,1.924615417E-1,7.595986318E-1
1.831460855E2,7.268673778E-1,-5.896156847E-2,2.213732457E-1,7.621146668E-1
1.831560735E2,7.394792372E-1,-1.744662970E-1,2.573087713E-1,8.021694552E-1
1.831660625E2,7.059089103E-1,-2.005618358E-1,1.381122570E-1,7.467311666E-1
1.831760505E2,6.514704555E-1,-1.429024422E-1,-4.246949673E-2,6.683101979E-1
1.831860385E2,5.189706485E-1,-9.040555537E-2,-1.949784757E-1,5.617119408E-1
1.831960275E2,3.725815116E-1,-1.840873057E-1,-2.564056689E-1,4.883123856E-1
1.832060155E2,4.244599092E-1,-2.586088997E-1,-2.625003679E-1,5.620953840E-1
1.832160035E2,5.397570616E-1,-2.449644220E-1,-2.822680499E-1,6.565215195E-1
1.832259925E2,5.639275508E-1,-2.318374228E-1,-2.879432112E-1,6.742953107E-1
1.832359805E2,5.535265236E-1,-2.366906118E-1,-3.047456239E-1,6.747473255E-1
1.832459685E2,5.597627252E-1,-2.700747049E-1,-3.176137376E-1,6.979635672E-1
1.832559575E2,5.299425101E-1,-3.125354308E-1,-3.371155174E-1,7.015442478E-1
1.832659455E2,4.894577046E-1,-3.243830591E-1,-4.044127303E-1,7.129816758E-1
1.832759335E2,4.428029171E-1,-3.183171576E-1,-5.012648410E-1,7.407203771E-1
1.832859215E2,2.611946847E-1,-2.620458931E-1,-6.006816866E-1,7.054850827E-1
1.832959105E2,8.639743522E-2,-1.926300877E-1,-7.155057992E-1,7.460022897E-1
1.833058985E2,-5.622170940E-2,-1.235119057E-1,-8.075139302E-1,8.188374802E-1
1.833158865E2,-6.940908104E-2,-8.751586139E-2,-8.564486933E-1,8.637019224E-1
1.833258755E2,-3.429421216E-2,-1.079659134E-1,-8.555454446E-1,8.630125951E-1
1.833358635E2,-6.321322516E-2,-1.499904370E-1,-7.660529320E-1,7.831539680E-1
1.833458515E2,-3.431087673E-2,-2.072159672E-1,-7.172516316E-1,7.473724616E-1
1.833558405E2,-3.481300637E-2,-2.108774936E-1,-6.651924089E-1,6.986860551E-1
1.833658285E2,-3.709239721E-2,-2.101799208E-1,-6.891301788E-1,7.214234876E-1
1.833758165E2,-4.189369217E-2,-2.233484352E-1,-7.625564432E-1,7.956958804E-1
1.833858045E2,-1.706670687E-2,-1.908133578E-1,-8.438165148E-1,8.652903100E-1
1.833957935E2,2.100568369E-2,-1.786377007E-1,-8.870824023E-1,9.051341642E-1
1.834057815E2,-1.988930404E-2,-2.293932867E-1,-8.968965152E-1,9.259806820E-1
1.834157695E2,-8.163239300E-2,-2.135847545E-1,-9.270052904E-1,9.547885124E-1
1.834257585E2,-2.030723378E-2,-1.874892157E-1,-9.847532693E-1,1.002648289E0
1.834357465E2,-8.926081672E-2,-1.602464533E-1,-1.077667719E0,1.093167019E0
1.834457345E2,3.924110278E-2,-1.462739468E-1,-1.175980464E0,1.185692196E0
1.834557235E2,3.691347241E-2,-2.001905376E-1,-1.184095376E0,1.201466069E0
1.834657115E2,-8.613387197E-2,-2.492533547E-1,-1.166351415E0,1.195793420E0
1.834756995E2,-1.204564431E-1,-2.520629418E-1,-1.197479945E0,1.229635596E0
1.834856885E2,-2.696051735E-1,-1.930089873E-1,-1.237990624E0,1.281624050E0
1.834956765E2,-4.478569579E-1,-7.664179444E-2,-1.313339307E0,1.389715782E0
1.835056645E2,-5.783001530E-1,-3.201409042E-2,-1.399880145E0,1.514965475E0
1.835156525E2,-7.183330742E-1,1.672590190E-1,-1.470693143E0,1.645270891E0
1.835256415E2,-7.151720694E-1,3.002931154E-1,-1.469070540E0,1.661269182E0
1.835356295E2,-7.630683669E-1,2.752331185E-1,-1.443316918E0,1.655654048E0
1.835456175E2,-8.161374038E-1,1.514960951E-1,-1.515963748E0,1.728345282E0
1.835556065E2,-8.936787924E-1,-5.214605391E-2,-1.425743696E0,1.683486288E0
1.835655945E2,-1.094944048E0,-2.105927342E-1,-1.006330080E0,1.501982689E0
1.835755825E2,-1.321945239E0,-1.944368774E-1,-3.471312131E-1,1.380523449E0
1.835855715E2,-1.386666315E0,-1.457354182E-1,3.028977576E-1,1.426824913E0
1.835955595E2,-1.425922767E0,1.768256485E-2,7.731431195E-1,1.622133993E0
1.836055475E2,-1.420856739E0,2.449451262E-1,1.086635155E0,1.805438436E0
1.836155355E2,-1.423758127E0,5.772049695E-1,1.192864591E0,1.945039515E0
1.836255245E2,-1.441323748E0,8.400659645E-1,1.244825727E0,2.081517730E0
1.836355125E2,-1.302213517E0,9.319707459E-1,1.272841491E0,2.045594040E0
1.836455005E2,-9.783780500E-1,8.578169417E-1,1.221616959E0,1.784774918E0
1.836554895E2,-4.448558745E-1,6.407337981E-1,1.097996295E0,1.346860205E0
1.836654775E2,1.148729369E-1,3.142018872E-1,9.751296294E-1,1.030920177E0
1.836754655E2,6.433492577E-1,3.848228037E-2,9.708412814E-1,1.165294790E0
1.836854545E2,9.612661734E-1,-2.145448673E-1,1.081603626E0,1.462849466E0
1.836954425E2,9.779737151E-1,-3.964961851E-1,1.329584334E0,1.697479400E0
1.837054305E2,7.454480749E-1,-5.473461628E-1,1.651807285E0,1.893078964E0
1.837154195E2,4.607158622E-1,-6.184553218E-1,1.875981932E0,2.028313166E0
1.837254075E2,2.403708494E-1,-6.246141940E-1,1.904444570E0,2.018620855E0
1.837353955E2,5.637212902E-2,-5.756864476E-1,1.827723692E0,1.917072403E0
1.837453835E2,-1.176366234E-1,-4.453917718E-1,1.755286776E0,1.814729697E0
1.837553725E2,-1.680650577E-1,-2.855984777E-1,1.638920461E0,1.672086311E0
1.837653605E2,-2.857241929E-2,-7.009408236E-2,1.395534495E0,1.397585807E0
1.837753485E2,2.287117937E-1,8.787780404E-2,1.203168993E0,1.227862867E0
1.837853375E2,4.892450121E-1,1.707825512E-1,1.140002254E0,1.252250973E0
1.837953255E2,6.296232113E-1,2.033784395E-1,1.152025883E0,1.328514890E0
1.838053135E2,6.605526432E-1,2.030767232E-1,1.149418171E0,1.341168178E0
1.838153025E2,7.008873215E-1,2.253692329E-1,1.124033946E0,1.343683981E0
1.838252905E2,7.631166065E-1,2.825742978E-1,1.111439336E0,1.377495040E0
1.838352785E2,7.392854020E-1,3.622800332E-1,1.123309768E0,1.392700457E0
1.838452675E2,5.790301779E-1,4.011704493E-1,1.106959492E0,1.312087266E0
1.838552555E2,4.243476427E-1,4.535696876E-1,1.099053179E0,1.262423967E0
1.838652435E2,3.617020360E-1,5.097748786E-1,1.082944685E0,1.250387132E0
1.838752315E2,3.018151456E-1,5.943033975E-1,9.933904839E-1,1.196291588E0
1.838852205E2,2.697528157E-1,6.096213484E-1,9.075881490E-1,1.126108795E0
1.838952085E2,1.786850631E-1,5.592253661E-1,8.638246635E-1,1.044439759E0
1.839051965E2,4.373424947E-2,4.665277022E-1,7.844542658E-1,9.137446452E-1
1.839151855E2,-7.549778670E-2,4.160890353E-1,7.383831766E-1,8.509052336E-1
1.839251735E2,-9.175743163E-2,3.870406526E-1,7.299655250E-1,8.313059369E-1
1.839351611E2,-4.126497030E-2,3.906898999E-1,7.230848140E-1,8.229173979E-1
1.839451501E2,-5.223902464E-2,4.168953663E-1,5.679149133E-1,7.064403803E-1
1.839551381E2,-1.437333316E-2,4.394012994E-1,4.775418100E-1,6.490965066E-1
1.839651261E2,6.698277891E-3,4.384809476E-1,4.675515497E-1,6.410264113E-1
1.839751141E2,-4.970864207E-2,4.406654674E-1,4.892321482E-1,6.603068212E-1
1.839851031E2,-1.352376196E-1,4.502408677E-1,4.741127104E-1,6.676742580E-1
1.839950911E2,-2.063701674E-1,4.695512974E-1,4.620212531E-1,6.903120347E-1
1.840050791E2,-2.655711794E-1,4.525206971E-1,3.849815556E-1,6.507794026E-1
1.840150681E2,-2.157526097E-1,4.045366913E-1,3.683965132E-1,5.881454872E-1
1.840250561E2,-2.170305187E-1,3.740001923E-1,4.305342892E-1,6.101951852E-1
1.840350441E2,-2.954492819E-1,3.571824306E-1,4.268531746E-1,6.301374450E-1
1.840450331E2,-3.205443621E-1,4.003658724E-1,4.233641410E-1,6.650403865E-1
1.840550211E2,-2.371674523E-1,4.141881055E-1,4.345852402E-1,6.454955601E-1
1.840650091E2,-1.509040645E-1,4.077918363E-1,4.230498531E-1,6.066608580E-1
1.840749981E2,-9.348762274E-2,3.737481773E-1,4.369761667E-1,5.825597015E-1
1.840849861E2,-1.210133904E-1,2.973116201E-1,4.050050533E-1,5.167857712E-1
1.840949741E2,-1.672613579E-1,2.245400977E-1,3.652814090E-1,4.602446362E-1
1.841049621E2,-2.209586781E-1,2.265661579E-1,2.980726352E-1,4.347438984E-1
1.841149511E2,-2.714996713E-1,2.850581950E-1,2.922426689E-1,4.902815758E-1
1.841249391E2,-3.121945381E-1,3.073284853E-1,3.881984013E-1,5.853325775E-1
1.841349271E2,-2.898339084E-1,3.060935533E-1,4.296384957E-1,6.019021472E-1
1.841449161E2,-2.499892268E-1,2.995101732E-1,4.493991610E-1,5.951139078E-1
1.841549041E2,-2.472191083E-1,2.390791994E-1,5.164740336E-1,6.205010705E-1
1.841648921E2,-2.708915609E-1,1.519223571E-1,5.370062390E-1,6.203534001E-1
1.841748811E2,-3.133745062E-1,6.678748190E-2,5.659689599E-1,6.503729795E-1
1.841848691E2,-4.505890694E-1,-3.336479723E-2,5.588362339E-1,7.186387517E-1
1.841948571E2,-5.260748693E-1,-1.170741212E-1,5.352620146E-1,7.595831372E-1
1.842048461E2,-5.557567978E-1,-1.404167908E-1,4.821570173E-1,7.490379715E-1
1.842148341E2,-5.542344752E-1,-7.415614307E-2,3.908194157E-1,6.822131652E-1
1.842248221E2,-4.129911804E-1,2.268310368E-2,3.481107679E-1,5.406083102E-1
1.842348101E2,-4.345674062E-1,1.570766777E-1,2.593608516E-1,5.298961828E-1
1.842447991E2,-5.080087271E-1,2.335389626E-1,2.064996833E-1,5.960330805E-1
1.842547871E2,-4.703742930E-1,2.519021434E-1,1.687348562E-1,5.596231921E-1
1.842647751E2,-3.691654220E-1,2.470255655E-1,1.124346480E-1,4.581989621E-1
1.842747641E2,-3.044335288E-1,2.039350945E-1,6.372178674E-2,3.719270927E-1
1.842847521E2,-1.871895459E-1,2.106020898E-1,5.014981449E-2,2.861960346E-1
1.842947401E2,-1.532181001E-1,2.977045530E-1,8.189931840E-2,3.446901296E-1
1.843047291E2,-2.135137108E-1,4.030585152E-1,1.206844845E-1,4.718145994E-1
1.843147171E2,-2.438171983E-1,4.240418333E-1,2.348124862E-1,5.425819811E-1
1.843247051E2,-2.674235773E-1,3.730775017E-1,3.542690554E-1,5.798351107E-1
1.843346941E2,-2.703357831E-1,3.034699076E-1,4.547750911E-1,6.099145874E-1
1.843446821E2,-2.265000844E-1,2.190308511E-1,4.259468561E-1,5.298183899E-1
1.843546701E2,-2.086903426E-1,1.981995606E-1,3.451886219E-1,4.494328755E-1
1.843646581E2,-2.044081342E-1,2.673475635E-1,2.650396675E-1,4.283730038E-1
1.843746471E2,-2.142115760E-1,3.349571639E-1,2.082497549E-1,4.488327766E-1
1.843846351E2,-2.182818228E-1,3.813226604E-1,2.693326932E-1,5.153581523E-1
1.843946231E2,-3.040306556E-1,4.392989731E-1,3.570763037E-1,6.425898489E-1
1.844046121E2,-3.388604727E-1,4.859597540E-1,3.713937959E-1,6.992257533E-1
1.844146001E2,-2.353513071E-1,5.349453878E-1,3.585883936E-1,6.856693385E-1
1.844245881E2,-1.372999325E-1,6.474738836E-1,3.972615856E-1,7.719394205E-1
1.844345771E2,-8.140552104E-2,7.563221419E-1,3.623382130E-1,8.425787926E-1
1.844445651E2,9.959562421E-3,8.849217099E-1,2.895435941E-1,9.311396879E-1
1.844545531E2,4.133075148E-2,9.911100698E-1,2.024116024E-1,1.012411901E0
1.844645421E2,-3.099082768E-2,1.117520440E0,1.829067528E-1,1.132813862E0
1.844745301E2,-3.771161735E-3,1.209876042E0,1.691722280E-1,1.221651956E0
1.844845181E2,-8.072081208E-3,1.316305307E0,2.080030024E-1,1.332662774E0
1.844945061E2,-3.982918650E-2,1.381595317E0,1.568381113E-1,1.391039244E0
1.845044951E2,-1.033191311E-1,1.488976509E0,8.687296003E-2,1.495082873E0
1.845144831E2,-1.727755746E-1,1.614168320E0,-2.676855326E-2,1.623609349E0
1.845244711E2,1.489323834E-1,1.519040553E0,-1.295456475E-1,1.531811715E0
1.845344601E2,1.940486223E-1,1.348842139E0,-2.995858946E-1,1.395271189E0
1.845444481E2,6.881383449E-2,1.253334303E0,-3.230688974E-1,1.296131062E0
1.845544361E2,-8.015217036E-2,1.132941302E0,-1.152556372E-1,1.141605986E0
1.845644251E2,-8.284101248E-2,8.273739982E-1,1.603332844E-1,8.468276851E-1
1.845744131E2,-7.123019636E-2,4.501192456E-1,4.272946393E-1,6.247093604E-1
1.845844011E2,-1.370645821E-1,2.033854562E-1,8.444043061E-1,8.793014134E-1
1.845943901E2,-2.137119314E-1,-7.147460997E-2,1.355886279E0,1.374484999E0
1.846043781E2,-2.448302284E-1,-4.112036866E-1,1.815223660E0,1.877249917E0
1.846143661E2,-3.979196897E-1,-9.031673616E-1,2.298339036E0,2.501282409E0
1.846243541E2,-6.194031554E-1,-1.372115226E0,2.537349823E0,2.950339741E0
1.846343431E2,-7.548252547E-1,-1.505127103E0,2.766322988E0,3.238473658E0
1.846443311E2,-6.276398358E-1,-1.178385862E0,2.725543336E0,3.034981298E0
1.846543191E2,-4.716682819E-1,-6.857877642E-1,2.442270881E0,2.580205977E0
1.846643081E2,-2.026720959E-1,-1.736734146E-1,2.082460127E0,2.099494847E0
1.846742961E2,-1.540963519E-1,5.910424054E-2,1.921150065E0,1.928226275E0
1.846842841E2,-2.778111559E-1,2.423267430E-1,1.882695559E0,1.918448294E0
1.846942731E2,-4.692948970E-1,2.682211375E-1,1.993237463E0,2.065230221E0
1.847042611E2,-7.354736021E-1,3.541301841E-1,2.065201485E0,2.220672597E0
1.847142491E2,-9.739797744E-1,4.724187720E-1,2.036488733E0,2.306317943E0
1.847242381E2,-1.086365013E0,4.523821181E-1,2.042208479E0,2.357001060E0
1.847342261E2,-1.068345941E0,5.078429586E-1,1.988095422E0,2.313393811E0
1.847442141E2,-9.756149483E-1,5.536921459E-1,1.743896108E0,2.073541211E0
1.847542021E2,-8.061781338E-1,6.197077954E-1,1.464231969E0,1.782676694E0
1.847641911E2,-7.988334462E-1,6.414167529E-1,1.177703492E0,1.560940691E0
1.847741791E2,-9.096630335E-1,4.514266831E-1,9.292699170E-1,1.376522961E0
1.847841671E2,-9.213907939E-1,2.277899802E-2,8.362410083E-1,1.244499458E0
1.847941561E2,-9.921081895E-1,-6.608172297E-1,8.668435809E-1,1.473898187E0
1.848041441E2,-9.211212373E-1,-1.190970824E0,9.162423205E-1,1.762491370E0
1.848141321E2,-5.520642811E-1,-1.240259344E0,8.334761524E-1,1.593016230E0
1.848241211E2,5.507492423E-3,-8.059047765E-1,4.814059424E-1,9.387569028E-1
1.848341091E2,3.823003149E-1,-1.268442339E-1,-7.272065163E-2,4.093058558E-1
1.848440971E2,4.521526149E-1,5.083054733E-1,-6.239619371E-1,9.231169700E-1
1.848540861E2,2.955445915E-1,1.051570864E0,-9.930788273E-1,1.476263339E0
1.848640741E2,6.705265313E-2,1.393605498E0,-1.337492693E0,1.932749090E0
1.848740621E2,-5.952132243E-1,1.555357025E0,-1.349090061E0,2.143235463E0
1.848840501E2,-1.117763100E0,1.266908029E0,-1.075795879E0,2.002944601E0
1.848940391E2,-1.486031266E0,8.153655714E-1,-8.551237142E-1,1.898511656E0
1.849040271E2,-1.581513374E0,2.984904188E-1,-8.951172075E-1,1.841606880E0
1.849140151E2,-1.364282004E0,-2.597923762E-1,-1.272461130E0,1.883590930E0
1.849240041E2,-7.249842820E-1,-3.951372921E-1,-1.851829277E0,2.027561925E0
1.849339925E2,-3.416221127E-1,-2.875210422E-1,-2.113062699E0,2.159724054E0
1.849439805E2,-1.781798637E-1,-3.291257358E-1,-2.369071342E0,2.398451759E0
1.849539695E2,9.732982814E-2,-3.585951179E-1,-2.604522344E0,2.630893422E0
1.849639575E2,7.970009288E-1,-5.941870379E-1,-2.666197313E0,2.845501156E0
1.849739455E2,5.617118946E-1,-6.442333567E-1,-2.663150622E0,2.796949786E0
1.849839345E2,4.458592567E-1,-6.036823314E-1,-2.425566848E0,2.539015039E0
1.849939225E2,4.849644117E-1,-3.710128498E-1,-2.004029669E0,2.094988289E0
1.850039105E2,5.069337165E-1,-3.504902923E-1,-1.603384446E0,1.717750541E0
1.850138985E2,2.211373106E-1,-3.724348927E-1,-1.339882450E0,1.408152847E0
1.850238875E2,1.906532903E-1,-4.127561224E-1,-1.184851859E0,1.269090313E0
1.850338755E2,2.711160940E-1,-4.544572949E-1,-1.136865368E0,1.253992917E0
1.850438635E2,1.680669580E-1,-5.010964411E-1,-1.102564578E0,1.222698980E0
1.850538525E2,2.305359788E-1,-5.443196440E-1,-1.068059574E0,1.220730095E0
1.850638405E2,2.420596714E-1,-6.106931430E-1,-1.019419657E0,1.212747062E0
1.850738285E2,2.317650636E-1,-6.209667009E-1,-9.715736452E-1,1.176125009E0
1.850838175E2,2.257476939E-1,-6.061282218E-1,-9.261226532E-1,1.129626757E0
1.850938055E2,1.310999836E-1,-5.333099216E-1,-7.426531059E-1,9.236559499E-1
1.851037935E2,1.076943102E-1,-4.029082417E-1,-5.966231342E-1,7.279370027E-1
1.851137825E2,1.105157380E-1,-3.477192968E-1,-4.989594300E-1,6.181285874E-1
1.851237705E2,2.355400260E-1,-3.315622705E-1,-5.167466600E-1,6.576015159E-1
1.851337585E2,3.024399206E-1,-3.220272160E-1,-5.065717739E-1,6.721505750E-1
1.851437465E2,4.441381288E-1,-2.377852106E-1,-3.621578264E-1,6.204504614E-1
1.851537355E2,5.624096136E-1,-7.799600959E-2,-2.992068489E-1,6.418042454E-1
1.851637235E2,5.765743473E-1,1.099709237E-1,-2.771651848E-1,6.491164161E-1
1.851737115E2,6.274421999E-1,2.589649951E-1,-3.060030676E-1,7.445699835E-1
1.851837005E2,7.102979766E-1,2.768411028E-1,-4.084123720E-1,8.648496270E-1
1.851936885E2,7.405413839E-1,1.897292840E-1,-4.734648389E-1,8.992039236E-1
1.852036765E2,7.293834347E-1,7.376671851E-2,-4.553367162E-1,8.630024615E-1
1.852136655E2,6.127678813E-1,-1.082202673E-2,-3.648319043E-1,7.132348218E-1
1.852236535E2,4.118264151E-1,-1.826670170E-2,-2.669768500E-1,4.911326776E-1
1.852336415E2,3.357232954E-1,-8.607686162E-2,-2.329748525E-1,4.176082363E-1
1.852436305E2,1.572778219E-1,-1.531871098E-1,-2.519951141E-1,3.342216950E-1
1.852536185E2,4.260442123E-2,-1.773308480E-1,-1.889330395E-1,2.625967626E-1
1.852636065E2,3.805046350E-2,-2.837022257E-1,-1.281581032E-1,3.136228468E-1
1.852735945E2,-6.702370942E-3,-3.420691323E-1,-1.720309317E-1,3.829501985E-1
1.852835835E2,4.484478191E-2,-2.898920882E-1,-1.791459699E-1,3.437175523E-1
1.852935715E2,1.588827364E-1,-1.541349435E-1,-1.745594139E-1,2.819083073E-1
1.853035595E2,2.403565237E-1,-1.384562194E-2,-1.368534976E-1,2.769329152E-1
1.853135485E2,3.332705346E-1,1.230026132E-1,3.936930299E-3,3.552666484E-1
1.853235365E2,4.633938870E-1,8.602774501E-2,2.441873270E-1,5.308126959E-1
1.853335245E2,6.346240425E-1,3.742802739E-2,3.606188393E-1,7.308860922E-1
1.853435135E2,6.998634741E-1,-6.550752640E-2,3.437414360E-1,7.824693561E-1
1.853535015E2,8.188331164E-1,-1.016129136E-1,2.578284426E-1,8.644584216E-1
1.853634895E2,9.413473409E-1,-3.247485101E-2,2.434283584E-1,9.728549727E-1
1.853734785E2,9.456060143E-1,-8.340468407E-2,3.625804339E-1,1.016165167E0
1.853834665E2,1.100639529E0,-2.220070839E-2,5.294028121E-1,1.221543115E0
1.853934545E2,1.284669824E0,1.401443106E-1,3.167691804E-1,1.330548645E0
1.854034435E2,1.316286304E0,1.421177459E-1,2.161908585E-1,1.341471421E0
1.854134315E2,1.355582809E0,2.849699020E-2,3.725695248E-1,1.406138287E0
1.854234195E2,1.406446422E0,-7.212540507E-3,3.394173469E-1,1.446840591E0
1.854334075E2,1.508176865E0,-1.005001885E-1,3.836556264E-1,1.559451629E0
1.854433965E2,1.569746145E0,-1.014445138E-1,4.896259582E-1,1.647460934E0
1.854533845E2,1.650963094E0,-1.013801944E-1,5.781791157E-1,1.752212364E0
1.854633725E2,1.639019863E0,-5.485623837E-2,6.268441759E-1,1.755656270E0
1.854733615E2,1.592328385E0,5.250214934E-3,6.364209650E-1,1.714808705E0
1.854833495E2,1.402353956E0,1.051165652E-1,6.610861286E-1,1.553924380E0
1.854933375E2,1.137049263E0,1.071853101E-1,7.154074198E-1,1.347656297E0
1.855033265E2,8.125777651E-1,-1.725922644E-2,5.596802064E-1,9.868244214E-1
1.855133145E2,5.761466235E-1,-8.396250844E-2,6.726063129E-1,8.896032187E-1
1.855233025E2,3.852329859E-1,-9.509560704E-2,8.643781755E-1,9.511031796E-1
1.855332915E2,2.484730437E-1,-9.268889308E-2,1.064369835E0,1.096910766E0
1.855432795E2,1.730056626E-1,-5.377508819E-2,1.155681708E0,1.169796106E0
1.855532675E2,1.776312487E-1,-4.834653318E-2,1.195335698E0,1.209428658E0
1.855632555E2,2.620062782E-1,1.992789567E-2,1.151654731E0,1.181250621E0
1.855732445E2,3.591658062E-1,2.024902475E-1,9.802114445E-1,1.063398727E0
1.855832325E2,6.659060615E-1,7.233356595E-2,1.068068783E0,1.260727549E0
1.855932205E2,8.314863449E-1,7.749373376E-2,8.401489218E-1,1.184577997E0
1.856032095E2,9.938664472E-1,3.042364776E-2,7.403470371E-1,1.239681350E0
1.856131975E2,1.019277131E0,-1.801293254E-2,7.507380509E-1,1.266040266E0
1.856231855E2,9.707753541E-1,-6.433749855E-2,7.529284179E-1,1.230221648E0
1.856331745E2,8.513301869E-1,1.597459316E-3,7.843858534E-1,1.157595269E0
1.856431625E2,7.378446481E-1,1.204912341E-1,8.895357478E-1,1.161983954E0
1.856531505E2,7.493540150E-1,2.747653413E-1,9.280805933E-1,1.224075578E0
1.856631395E2,8.167814746E-1,3.256899118E-1,9.049683040E-1,1.261813587E0
1.856731275E2,9.699256074E-1,3.038868141E-1,8.162005538E-1,1.303566732E0
1.856831155E2,1.079028512E0,2.517483616E-1,7.489295071E-1,1.337376227E0
1.856931035E2,1.113171574E0,2.567781365E-1,7.970094073E-1,1.392950092E0
1.857030925E2,1.066516348E0,2.628124630E-1,7.649011767E-1,1.338507124E0
1.857130805E2,1.253204641E0,1.584981358E-1,6.354759818E-1,1.414027317E0
1.857230685E2,1.494162258E0,-1.380182630E-1,3.974334937E-1,1.552263920E0
1.857330575E2,1.448979069E0,-5.691556925E-1,1.087967845E-1,1.560549674E0
1.857430455E2,1.392652402E0,-1.020643187E0,2.578891075E-1,1.745766313E0
1.857530335E2,1.405471253E0,-1.181574934E0,5.231784511E-1,1.909236616E0
1.857630225E2,1.483195074E0,-9.439873588E-1,6.540204263E-1,1.875825813E0
1.857730105E2,1.541388465E0,-5.330573219E-1,5.756168658E-1,1.729555806E0
1.857829985E2,1.478501222E0,-3.663432634E-1,4.609991598E-1,1.591443834E0
1.857929875E2,1.504557000E0,-4.928501129E-1,4.514845705E-1,1.646338761E0
1.858029755E2,1.642213320E0,-6.962028247E-1,5.700836456E-1,1.872580659E0
1.858129635E2,1.825391384E0,-9.799559212E-1,5.836199498E-1,2.152435727E0
1.858229515E2,1.989108452E0,-1.126880078E0,4.798996997E-1,2.335961230E0
1.858329405E2,2.038082099E0,-1.334142823E0,3.511030805E-1,2.461095099E0
1.858429285E2,1.903321758E0,-1.560673898E0,1.790908964E-1,2.467875661E0
1.858529165E2,1.590474671E0,-1.696266151E0,7.892573515E-2,2.326619394E0
1.858629055E2,1.092333705E0,-1.694058242E0,2.409895031E-1,2.030049800E0
1.858728935E2,3.248384111E-1,-1.496789559E0,6.815654898E-1,1.676433862E0
1.858828815E2,-4.647713448E-1,-1.206805084E0,1.166740547E0,1.741744648E0
1.858928705E2,-9.383407027E-1,-8.384954023E-1,1.614219775E0,2.046768990E0
1.859028585E2,-1.169574839E0,-5.413521820E-1,1.834618875E0,2.242051272E0
1.859128465E2,-1.193847362E0,-2.837390631E-1,1.751315932E0,2.138430938E0
1.859228355E2,-1.075626748E0,-1.348654443E-1,1.424014528E0,1.789686834E0
1.859328232E2,-9.360585344E-1,1.903970361E-2,1.081412129E0,1.430391654E0
1.859428112E2,-7.536645824E-1,8.699838281E-2,7.933981669E-1,1.097752100E0
1.859528002E2,-4.518941680E-1,-8.113070190E-2,7.312966436E-1,8.634728199E-1
1.859627882E2,-3.044013691E-1,-1.370002627E-3,3.497956431E-1,4.637014798E-1
1.859727762E2,-7.611174434E-2,8.349473119E-2,-6.578643858E-2,1.307372298E-1
1.859827642E2,8.694546551E-2,2.365795147E-1,-3.797328025E-1,4.557700978E-1
1.859927532E2,2.855712882E-1,2.399124277E-1,-3.915576267E-1,5.407645593E-1
1.860027412E2,5.318824701E-1,2.363549817E-1,-3.137464257E-1,6.612106011E-1
1.860127292E2,6.170590067E-1,3.275095654E-1,-2.211077090E-1,7.327434422E-1
1.860227182E2,6.059979750E-1,1.657504374E-1,6.179739498E-2,6.312888968E-1
1.860327062E2,5.526921259E-1,7.079867184E-2,4.491882958E-1,7.157172368E-1
1.860426942E2,2.099274673E-1,1.118367702E-1,3.404335930E-1,4.152975270E-1
1.860526832E2,1.098952022E-1,-1.763789213E-1,-2.812539965E-1,3.497002858E-1
1.860626712E2,1.858058023E-1,-6.865297759E-1,-8.144079436E-1,1.081252620E0
1.860726592E2,4.772474027E-1,-1.158957903E0,-1.044278363E0,1.631399952E0
1.860826482E2,2.119519195E-1,-1.646787597E0,-1.105874395E0,1.994941398E0
1.860926362E2,-1.938615113E-1,-1.686912945E0,-1.071851786E0,2.008014895E0
1.861026242E2,-2.428693646E-1,-1.168433901E0,-1.114431356E0,1.632844315E0
1.861126132E2,-5.483021826E-2,-7.770727408E-1,-9.305829093E-1,1.213603291E0
1.861226012E2,2.059263638E-1,-5.840631688E-1,-8.865679935E-1,1.081451922E0
1.861325892E2,2.316877341E-1,-5.125797880E-1,-1.027374794E0,1.171288270E0
1.861425772E2,3.108562566E-1,-6.218706805E-1,-9.653567393E-1,1.189650533E0
1.861525662E2,3.198611149E-1,-7.920053601E-1,-1.229923221E0,1.497429381E0
1.861625542E2,1.855685516E-1,-1.117128677E0,-1.705761006E0,2.047445427E0
1.861725422E2,2.366376945E-1,-1.230120857E0,-1.508934810E0,1.961142265E0
1.861825312E2,1.895595686E-1,-9.414976144E-1,-1.227584042E0,1.558625410E0
1.861925192E2,1.222148471E-1,-5.603334135E-1,-1.103374564E0,1.243521383E0
1.862025072E2,-2.788537145E-3,-2.145717645E-1,-1.027228906E0,1.049403660E0
1.862124962E2,-9.711084992E-2,7.846144795E-2,-9.796600521E-1,9.875831781E-1
1.862224842E2,-1.918393980E-1,2.754202294E-1,-1.240860730E0,1.285454787E0
1.862324722E2,-3.027140088E-1,3.625840884E-1,-1.436157733E0,1.511837301E0
1.862424612E2,-4.073663051E-1,4.704441673E-1,-1.376551801E0,1.510681926E0
1.862524492E2,-3.154866667E-1,5.647743738E-1,-1.531415893E0,1.662448966E0
1.862624372E2,-2.599818259E-1,6.355455637E-1,-1.746381467E0,1.876527895E0
1.862724262E2,-2.201862609E-1,5.325076836E-1,-1.826985919E0,1.915704563E0
1.862824142E2,-1.763146019E-1,3.751304591E-1,-1.774565046E0,1.822331146E0
1.862924022E2,-1.687157066E-1,1.598505968E-1,-1.531280822E0,1.548818310E0
1.863023902E2,-3.020547353E-1,-2.212586403E-2,-1.295627506E0,1.330555242E0
1.863123792E2,-2.112866525E-1,-2.258335018E-1,-1.066361104E0,1.110301231E0
1.863223672E2,-5.814266592E-2,-4.631006491E-1,-8.188955355E-1,9.425670686E-1
1.863323552E2,-8.746499062E-2,-5.643557131E-1,-5.021045011E-1,7.604317363E-1
1.863423442E2,-1.185578522E-1,-5.213938808E-1,-2.751699686E-1,6.013535191E-1
1.863523322E2,-2.594177158E-1,-4.496625781E-1,2.171275824E-2,5.195819755E-1
1.863623202E2,-3.682576418E-1,-3.910044801E-1,3.390654176E-1,6.351878082E-1
1.863723092E2,-3.773051848E-1,-3.344326687E-1,4.907705507E-1,7.036051064E-1
1.863822972E2,-3.465365513E-1,-2.338851178E-1,4.839673153E-1,6.395421737E-1
1.863922852E2,-2.015259685E-1,-9.758125842E-2,3.346797135E-1,4.026727314E-1
1.864022742E2,-1.706316199E-1,4.969782472E-2,1.105448279E-1,2.092968764E-1
1.864122622E2,-1.946528589E-1,9.996926129E-2,9.856359065E-3,2.190450559E-1
1.864222502E2,-1.896464729E-1,4.328752220E-2,-5.484600574E-2,2.021080864E-1
1.864322392E2,-6.971394025E-2,1.635524690E-2,-2.038196120E-1,2.160323165E-1
1.864422272E2,1.233239177E-1,9.871795714E-2,-3.610000777E-1,3.940495906E-1
1.864522152E2,2.204660502E-1,8.083073974E-2,-4.728122896E-1,5.279113079E-1
1.864622032E2,1.368059890E-1,1.480631948E-1,-5.263885725E-1,5.636696883E-1
1.864721922E2,-2.984850101E-2,3.058508939E-1,-4.802145723E-1,5.701243177E-1
1.864821802E2,2.241829790E-2,4.100289810E-1,-4.636090645E-1,6.193219761E-1
1.864921682E2,9.279889382E-2,3.867839599E-1,-5.292773893E-1,6.620785612E-1
1.865021572E2,-9.013205186E-2,6.266180348E-1,-4.735882151E-1,7.906072007E-1
1.865121452E2,-2.351165414E-3,8.101925397E-1,-3.707260439E-1,8.909855661E-1
1.865221332E2,-6.754177272E-2,9.061973888E-1,-2.385716611E-1,9.395062724E-1
1.865321222E2,-6.472940817E-2,9.124153179E-1,-7.659706324E-2,9.179099731E-1
1.865421102E2,-2.502739862E-2,8.585630465E-1,5.890601993E-2,8.609452913E-1
1.865520982E2,1.639442325E-2,8.365436018E-1,9.922432601E-2,8.425671734E-1
1.865620872E2,1.185986365E-1,8.154608810E-1,1.056182563E-1,8.307811391E-1
1.865720752E2,1.694170801E-1,8.222506678E-1,1.673174912E-1,8.560335569E-1
1.865820632E2,2.211473970E-1,8.786587572E-1,2.110996878E-1,9.303281470E-1
1.865920522E2,2.481641646E-1,9.746396327E-1,2.568149740E-1,1.038008573E0
1.866020402E2,3.643179341E-1,1.044651854E0,3.203490651E-1,1.151802317E0
1.866120282E2,5.476910023E-1,1.020691134E0,3.484703717E-1,1.209631111E0
1.866220162E2,6.913861808E-1,1.017493876E0,4.504335335E-1,1.310037788E0
1.866320052E2,8.247421664E-1,1.032602497E0,7.169352973E-1,1.503483880E0
1.866419932E2,8.767934954E-1,1.006261960E0,8.539063239E-1,1.584451317E0
1.866519812E2,9.889270118E-1,9.955498606E-1,9.197921652E-1,1.677830083E0
1.866619702E2,1.118339343E0,8.287311369E-1,1.064434446E0,1.752283902E0
1.866719582E2,1.124979149E0,6.611090058E-1,1.083180620E0,1.695854787E0
1.866819462E2,8.745000713E-1,4.676000816E-1,1.052909292E0,1.446381066E0
1.866919352E2,5.936088945E-1,4.107014108E-1,1.080414887E0,1.299362727E0
1.867019232E2,3.892156707E-1,5.961177886E-1,8.337176424E-1,1.096325847E0
1.867119112E2,1.113046736E-1,9.087859511E-1,4.342613044E-1,1.013342744E0
1.867219002E2,2.873394862E-2,9.651273823E-1,2.417958158E-1,9.953701424E-1
1.867318882E2,-2.642653500E-1,6.420938605E-1,-1.361644033E-1,7.075743393E-1
1.867418762E2,-5.174568044E-1,1.336726123E-1,-2.816162315E-1,6.041006650E-1
1.867518652E2,-7.123392396E-1,-4.422711128E-1,6.837295443E-2,8.412525128E-1
1.867618532E2,-7.113117376E-1,-9.273181164E-1,7.720555374E-1,1.400697337E0
1.867718412E2,-5.353862679E-1,-1.098734506E0,1.308019803E0,1.790187637E0
1.867818292E2,-1.452892756E-1,-1.179361178E0,1.417034999E0,1.849321483E0
1.867918182E2,2.889967333E-1,-1.447187043E0,1.384466885E0,2.023516248E0
1.868018062E2,1.199527055E-1,-1.927628195E0,1.390652069E0,2.379926950E0
1.868117942E2,-5.997087099E-1,-2.474928165E0,1.508445106E0,2.959784890E0
1.868217832E2,-9.828612565E-1,-2.791454905E0,1.235090405E0,3.206818524E0
1.868317712E2,-1.069468607E0,-2.668786753E0,5.520999491E-1,2.927627057E0
1.868417592E2,-1.405675613E0,-1.914087798E0,1.928791791E-2,2.374874323E0
1.868517482E2,-1.672268155E0,-9.254201102E-1,-2.149661592E-1,1.923302787E0
1.868617362E2,-1.917602413E0,2.929794180E-1,3.923306286E-2,1.940251321E0
1.868717242E2,-1.754005505E0,1.211525542E0,7.604479373E-2,2.133099215E0
1.868817132E2,-1.218352897E0,1.675053622E0,-4.988543263E-1,2.130503240E0
1.868917012E2,-7.568736805E-1,1.801993750E0,-1.288955248E0,2.341248572E0
1.869016892E2,-7.299861364E-1,1.688930234E0,-1.888915827E0,2.636923984E0
1.869116782E2,-8.035487871E-1,1.331579404E0,-2.041057747E0,2.566069190E0
1.869216662E2,-7.282794803E-1,6.939066231E-1,-1.809295753E0,2.070132490E0
1.869316543E2,-5.374295774E-1,-1.259800154E-1,-1.598733132E0,1.691345365E0
1.869416422E2,-4.496657941E-1,-8.178079534E-1,-1.340955999E0,1.633760131E0
1.869516313E2,-3.176071595E-1,-1.105886820E0,-1.226125454E0,1.681440928E0
1.869616193E2,-2.449968740E-2,-1.170606726E0,-1.104599555E0,1.609677148E0
1.869716073E2,7.045412466E-2,-8.549348491E-1,-8.579107895E-1,1.213214038E0
1.869815963E2,5.865020424E-2,-4.310421199E-1,-4.353339761E-1,6.154289775E-1
1.869915843E2,1.483555555E-2,-6.458834410E-2,-6.493888468E-2,9.278365505E-2
1.870015722E2,-5.356692731E-2,2.444738406E-1,7.569542259E-2,2.614702114E-1
1.870115613E2,2.459163487E-2,3.530847019E-1,-9.962573737E-2,3.676939526E-1
1.870215492E2,1.706230684E-1,3.248672086E-1,-5.547466913E-1,6.651276766E-1
1.870315373E2,4.291751039E-1,1.900462031E-1,-1.206256031E0,1.294357926E0
1.870415263E2,6.560032171E-1,-1.247328043E-1,-1.681729973E0,1.809451352E0
1.870515143E2,9.243503621E-1,-3.459879363E-1,-1.851911723E0,2.098501435E0
1.870615023E2,1.223529875E0,-5.274317157E-1,-2.013944793E0,2.414784297E0
1.870714913E2,1.372570578E0,-6.410735214E-1,-2.069586312E0,2.564783179E0
1.870814792E2,1.403368009E0,-6.155597806E-1,-2.063933809E0,2.570637738E0
1.870914673E2,1.423803589E0,-5.709075183E-1,-1.978866761E0,2.503810239E0
1.871014553E2,1.379488419E0,-4.988891172E-1,-1.926730063E0,2.421604300E0
1.871114443E2,1.223456200E0,-3.577145272E-1,-1.784951602E0,2.193366585E0
1.871214323E2,8.581728910E-1,-2.887752700E-1,-1.405227570E0,1.671680708E0
1.871314203E2,6.656426445E-1,-3.370487130E-1,-1.021480069E0,1.264951974E0
1.871414092E2,5.793033890E-1,-5.082984567E-1,-7.741668208E-1,1.092379972E0
1.871513973E2,6.484166010E-1,-5.587523264E-1,-6.646741994E-1,1.083715849E0
1.871613853E2,7.600669912E-1,-5.819230878E-1,-6.205851701E-1,1.140816490E0
1.871713743E2,7.681004807E-1,-5.160635591E-1,-5.819333205E-1,1.093136009E0
1.871813623E2,9.267638004E-1,-4.806083822E-1,-5.259447688E-1,1.168971111E0
1.871913503E2,1.082999648E0,-3.226610541E-1,-7.473147985E-1,1.354798067E0
1.872013392E2,1.159256111E0,-2.197734475E-1,-8.647283506E-1,1.462850033E0
1.872113273E2,1.148930367E0,-2.775597256E-1,-8.429161897E-1,1.451753454E0
1.872213153E2,1.089544875E0,-3.596201348E-1,-6.622152990E-1,1.324750459E0
1.872313043E2,1.288581465E0,-1.939357710E-1,-7.721631262E-1,1.514691113E0
1.872412923E2,1.298808099E0,-2.256504840E-1,-7.621980089E-1,1.522749626E0
1.872512803E2,1.199059278E0,-2.024352837E-1,-7.027464437E-1,1.404484161E0
1.872612692E2,1.120044098E0,-1.095785755E-1,-5.558956692E-1,1.255199682E0
1.872712573E2,1.092700764E0,-2.963193476E-2,-3.712622336E-1,1.154430014E0
1.872812453E2,1.082040851E0,5.293016553E-2,-3.224150325E-1,1.130294413E0
1.872912332E2,1.133339497E0,3.682693362E-2,-3.248205771E-1,1.179543576E0
1.873012223E2,1.231821666E0,-5.362890780E-2,-4.298675604E-1,1.305774404E0
1.873112103E2,1.212294304E0,-1.209344530E-1,-5.049412778E-1,1.318805640E0
1.873211983E2,1.221105035E0,-1.032109576E-1,-5.203270563E-1,1.331349035E0
1.873311873E2,1.230361177E0,-8.779945135E-2,-4.236081161E-1,1.304201367E0
1.873411753E2,1.277280113E0,-1.220916170E-1,-3.452272135E-1,1.328733487E0
1.873511632E2,1.246460462E0,-2.414935148E-1,-3.388859081E-1,1.314087691E0
1.873611523E2,1.185513326E0,-3.529566479E-1,-4.533431080E-1,1.317399034E0
1.873711403E2,9.906019467E-1,-3.520450670E-1,-5.610619766E-1,1.191645286E0
1.873811283E2,7.606977595E-1,-3.290280873E-1,-6.033326679E-1,1.025149195E0
1.873911173E2,6.134895739E-1,-3.124430448E-1,-6.137776954E-1,9.223411370E-1
1.874011053E2,5.077618285E-1,-3.153929651E-1,-6.057972693E-1,8.510494277E-1
1.874110933E2,3.803654712E-1,-3.527291912E-1,-5.666466522E-1,7.682344710E-1
1.874210823E2,2.602829576E-1,-4.130671942E-1,-5.395763826E-1,7.276773994E-1
1.874310702E2,1.249146527E-1,-3.929048252E-1,-5.179299903E-1,6.619889327E-1
1.874410583E2,-1.418812260E-2,-3.244315910E-1,-4.518365729E-1,5.564291947E-1
1.874510463E2,-1.221416107E-1,-1.994239676E-1,-3.806723039E-1,4.467660404E-1
1.874610353E2,-1.426388790E-1,-6.307274580E-2,-4.280949770E-1,4.556197212E-1
1.874710233E2,-1.702285275E-1,1.246801794E-2,-5.031482291E-1,5.313109669E-1
1.874810113E2,-1.989443497E-1,-1.777845919E-2,-6.444438565E-1,6.746871957E-1
1.874910002E2,-2.275750950E-1,-1.617690682E-2,-7.300870009E-1,7.649046640E-1
1.875009883E2,-1.992906511E-1,-2.860457897E-3,-8.249140745E-1,8.486507976E-1
1.875109763E2,-1.131781214E-1,-4.521710336E-2,-7.861892809E-1,7.955799514E-1
1.875209653E2,-8.841867149E-3,-1.270751989E-1,-6.598993631E-1,6.720814342E-1
1.875309533E2,1.477319500E-1,-2.533218473E-1,-4.515599996E-1,5.384265229E-1
1.875409413E2,3.673526390E-1,-3.179148692E-1,-3.459891057E-1,5.964279392E-1
1.875509302E2,5.057427849E-1,-2.679656142E-1,-2.992159121E-1,6.458416965E-1
1.875609183E2,5.758719505E-1,-1.975540280E-1,-2.264088678E-1,6.495514397E-1
1.875709063E2,6.190822895E-1,-9.002256274E-2,-2.402568287E-1,6.701419899E-1
1.875808953E2,6.554186417E-1,3.599662900E-2,-2.883213799E-1,7.169369368E-1
1.875908833E2,5.903607662E-1,4.228530943E-2,-2.851044611E-1,6.569615174E-1
1.876008713E2,5.594099919E-1,5.703374147E-2,-3.069478315E-1,6.406319989E-1
1.876108602E2,4.258733274E-1,6.075432479E-2,-3.253718233E-1,5.393755671E-1
1.876208483E2,1.960070010E-1,8.849994779E-2,-2.280950586E-1,3.134937654E-1
1.876308363E2,-7.714611679E-2,8.617451012E-2,-1.775209556E-1,2.118755748E-1
1.876408242E2,-2.498370530E-1,1.398069263E-1,-1.317068515E-1,3.151368344E-1
1.876508133E2,-4.234901485E-1,1.336790442E-1,-1.176775539E-1,4.594148446E-1
1.876608013E2,-4.390552904E-1,1.578093338E-1,-8.066475190E-2,4.734766478E-1
1.876707893E2,-4.347479390E-1,1.886627519E-1,-5.042872667E-2,4.765946505E-1
1.876807783E2,-4.000523154E-1,1.672859162E-1,4.561683364E-2,4.360129911E-1
1.876907663E2,-3.648045686E-1,1.531046641E-1,1.407307863E-1,4.199149505E-1
1.877007542E2,-1.981062976E-1,7.303581655E-2,1.750994774E-1,2.742994032E-1
1.877107433E2,-1.419002295E-2,-4.602343440E-3,2.284852141E-1,2.289716825E-1
1.877207313E2,1.685831210E-1,-3.681406975E-2,2.882981372E-1,3.359930956E-1
1.877307193E2,4.261209570E-1,-4.475751221E-2,3.324656288E-1,5.423243487E-1
1.877407083E2,6.573271729E-1,-2.481090546E-2,4.745611553E-1,8.111121275E-1
1.877506963E2,9.027842228E-1,1.917126596E-2,4.516973726E-1,1.009662026E0
1.877606842E2,1.091716093E0,9.929039955E-2,4.132787903E-1,1.171538292E0
1.877706733E2,1.097697941E0,1.282931739E-1,4.446110954E-1,1.191250995E0
1.877806612E2,1.017695459E0,4.972062886E-2,6.642214787E-1,1.216292054E0
1.877906493E2,1.072302898E0,-6.752598524E-2,8.290334380E-1,1.357088687E0
1.878006373E2,1.274162962E0,-1.492846781E-1,9.042040730E-1,1.569510170E0
1.878106263E2,1.518842917E0,-1.642728460E-1,9.932267618E-1,1.822187909E0
1.878206143E2,1.782016592E0,-1.457465279E-1,8.474878353E-1,1.978651262E0
1.878306023E2,1.977472931E0,-3.050316989E-2,6.111340231E-1,2.069979331E0
1.878405912E2,2.086918190E0,8.360641301E-2,3.896327233E-1,2.124624961E0
1.878505793E2,2.132767085E0,1.613802284E-1,2.246927100E-1,2.150633821E0
1.878605673E2,2.092764383E0,1.608791220E-1,5.160460174E-2,2.099573263E0
1.878705563E2,1.908359573E0,9.258832097E-2,1.200491846E-2,1.910642032E0
1.878805443E2,1.630397267E0,9.213750064E-2,-5.943285406E-2,1.634079812E0
1.878905323E2,1.457585732E0,1.380194324E-1,-1.306267977E-2,1.464163981E0
1.879005212E2,1.253146023E0,6.361946046E-2,1.266430897E-1,1.261134752E0
1.879105093E2,1.214112057E0,-1.097762114E-1,3.653550839E-1,1.272636335E0
1.879204973E2,1.278881665E0,-1.987480295E-1,6.229904222E-1,1.436369089E0
1.879304863E2,1.529484850E0,-2.923584437E-1,8.329604280E-1,1.765961619E0
1.879404749E2,1.748270995E0,-3.744451654E-1,9.848395157E-1,2.041217657E0
1.879504629E2,1.919854030E0,-4.026731837E-1,1.139975502E0,2.268816726E0
1.879604519E2,2.068657482E0,-4.545754087E-1,1.336623212E0,2.504504780E0
1.879704399E2,2.333211831E0,-5.302196681E-1,1.382892230E0,2.763584857E0
1.879804279E2,2.416307489E0,-8.146294069E-1,1.182115216E0,2.810615473E0
1.879904169E2,2.402735517E0,-1.273971466E0,8.922851086E-1,2.862221860E0
1.880004049E2,2.326103370E0,-1.501025866E0,6.295650315E-1,2.839046965E0
1.880103929E2,2.365538747E0,-1.613713991E0,7.710957170E-1,2.965541268E0
1.880203809E2,2.592487313E0,-1.930636003E0,9.569494665E-1,3.371067802E0
1.880303699E2,2.908230526E0,-2.306464620E0,8.612644601E-1,3.810427838E0
1.880403579E2,3.189838864E0,-2.690726675E0,5.216488194E-1,4.205615236E0
1.880503459E2,3.470966853E0,-3.184188407E0,1.043423939E-1,4.711428026E0
1.880603349E2,3.518222003E0,-3.441408008E0,-4.563634416E-2,4.921712895E0
1.880703229E2,3.207892727E0,-3.240332787E0,1.369546453E-1,4.561698027E0
1.880803109E2,2.643955967E0,-3.047861159E0,3.341531718E-1,4.048656461E0
1.880902999E2,1.847368144E0,-2.504026834E0,6.225015950E-1,3.173393716E0
1.881002879E2,5.419009432E-1,-1.801410783E0,1.262360650E0,2.265456213E0
1.881102759E2,-6.676882929E-1,-1.139048134E0,1.965173167E0,2.367518508E0
1.881202649E2,-1.298528894E0,-5.742842853E-1,2.243778960E0,2.655282235E0
1.881302529E2,-1.407367505E0,-2.736514467E-1,2.192854389E0,2.619957782E0
1.881402409E2,-1.348046040E0,1.289194107E-2,1.708911340E0,2.176642436E0
1.881502299E2,-8.086833733E-1,-5.550995708E-2,9.089321315E-1,1.217870179E0
1.881602179E2,-3.906206104E-1,-3.726108938E-1,4.162960267E-1,6.817079443E-1
1.881702059E2,-2.514355356E-1,-6.050973576E-1,1.977307601E-1,6.844414469E-1
1.881801939E2,-4.321986991E-1,-1.098421680E0,2.332775921E-1,1.203222480E0
1.881901829E2,-1.082043775E0,-1.993261437E0,7.087578200E-1,2.376183396E0
1.882001709E2,-1.669961136E0,-2.967922119E0,9.316811626E-1,3.530631911E0
1.882101589E2,-1.959772386E0,-3.314802926E0,7.251553130E-1,3.918478846E0
1.882201479E2,-2.053103888E0,-2.739364985E0,4.640753800E-1,3.454666707E0
1.882301359E2,-1.967736733E0,-1.587948820E0,4.327158853E-2,2.528921061E0
1.882401239E2,-1.737471626E0,-4.372635573E-1,-5.158228000E-1,1.864424906E0
1.882501129E2,-1.161573948E0,3.922195315E-1,-1.335788230E0,1.813124483E0
1.882601009E2,-1.965002136E-1,9.295558459E-1,-2.224281127E0,2.418700671E0
1.882700889E2,1.251022460E0,1.214787703E0,-3.540533224E0,3.946662118E0
1.882800779E2,2.205917215E0,3.606223476E-1,-3.796467023E0,4.405596565E0
1.882900659E2,2.052012798E0,1.782909608E-1,-3.117600900E0,3.736573238E0
1.883000539E2,1.935863999E0,-5.718576908E-2,-2.278126089E0,2.990100017E0
1.883100429E2,1.835611293E0,-2.025838029E-1,-1.675312946E0,2.493427858E0
1.883200309E2,1.534748075E0,-2.001197863E-1,-1.704024529E0,2.301998952E0
1.883300189E2,9.821389791E-1,-2.574423802E-1,-1.371546292E0,1.706462067E0
1.883400079E2,3.317450691E-1,-3.476105386E-1,-1.060388173E0,1.164178232E0
1.883499959E2,1.902274668E-2,-2.226941317E-1,-1.086301571E0,1.109056195E0
1.883599839E2,-6.940818203E-1,-1.737207770E-1,-1.378604174E0,1.553215359E0
1.883699719E2,-1.347568030E0,-4.083461523E-2,-1.441284572E0,1.973552198E0
1.883799609E2,-1.787431260E0,1.688839602E-1,-1.406785999E0,2.280894375E0
1.883899489E2,-2.400329973E0,6.415728736E-1,-1.700757397E0,3.010942619E0
1.883999369E2,-2.617388850E0,1.229005793E0,-2.012562803E0,3.523008468E0
1.884099259E2,-2.553619116E0,1.569135988E0,-2.018767869E0,3.613666012E0
1.884199139E2,-2.318204367E0,1.504672190E0,-1.697922667E0,3.243617004E0
1.884299019E2,-1.963797025E0,1.443288120E0,-1.313462391E0,2.768530802E0
1.884398909E2,-1.521014281E0,1.469424589E0,-1.101234483E0,2.384409875E0
1.884498789E2,-1.132598363E0,1.411062945E0,-1.198834160E0,2.170502483E0
1.884598669E2,-7.923389438E-1,1.376764348E0,-1.330576606E0,2.072128176E0
1.884698559E2,-7.189645734E-1,1.445565611E0,-1.469714319E0,2.183261361E0
1.884798439E2,-9.381138307E-1,1.591871132E0,-1.500753971E0,2.380414616E0
1.884898319E2,-1.217339720E0,1.896875349E0,-1.444320154E0,2.676959617E0
1.884998209E2,-1.406957615E0,2.220406469E0,-1.446798788E0,3.000493518E0
1.885098089E2,-1.593561855E0,2.526102412E0,-1.244940040E0,3.235816509E0
1.885197969E2,-1.580260316E0,2.771843344E0,-1.100652393E0,3.375170200E0
1.885297859E2,-1.513136035E0,2.928831144E0,-9.255124962E-1,3.424062778E0
1.885397739E2,-1.245097623E0,3.012017727E0,-6.853176481E-1,3.330492329E0
1.885497619E2,-9.852356645E-1,2.965754557E0,-4.988692367E-1,3.164689546E0
1.885597509E2,-7.346871516E-1,2.759512151E0,-3.323990071E-1,2.874919411E0
1.885697389E2,-4.646889722E-1,2.528065322E0,-1.621459213E-1,2.575527405E0
1.885797269E2,-3.781112965E-1,1.953356529E0,6.858754724E-2,1.990797361E0
1.885897149E2,-1.578241711E-1,1.274534553E0,8.203418443E-1,1.523911919E0
1.885997039E2,2.450518379E-1,4.908831096E-1,2.191873811E0,2.259497164E0
1.886096919E2,1.014867088E0,-6.808550531E-1,2.993557190E0,3.233404314E0
1.886196799E2,1.719659984E0,-1.579267459E0,3.116704814E0,3.894247689E0
1.886296689E2,2.068607781E0,-2.373238653E0,3.909261274E0,5.019334972E0
1.886396569E2,1.976863505E0,-3.208894647E0,4.076456559E0,5.551800812E0
1.886496449E2,2.057259212E0,-3.741678320E0,3.391035415E0,5.452668457E0
1.886596339E2,2.250028317E0,-3.700857738E0,2.270763567E0,4.890331543E0
1.886696219E2,2.130026349E0,-3.086482603E0,1.774628196E0,4.148818186E0
1.886796099E2,2.003755435E0,-2.092572302E0,1.823581086E0,3.423352546E0
1.886895989E2,2.352602952E0,-1.048116329E0,1.555966597E0,3.009039804E0
1.886995869E2,2.748976053E0,-6.982744932E-2,1.181112126E0,2.992786506E0
1.887095749E2,2.902217834E0,1.090601029E0,8.188139668E-1,3.206670434E0
1.887195639E2,2.535514675E0,2.188388870E0,8.831470799E-1,3.463788284E0
1.887295519E2,1.416712233E0,2.464442353E0,5.123026299E-1,2.888425808E0
1.887395399E2,-3.176628176E-1,1.604673026E0,-2.573067248E-3,1.635815334E0
1.887495289E2,-1.180091787E0,6.625252014E-1,5.727359426E-1,1.469551880E0
1.887595169E2,-1.763580759E0,4.538608789E-3,1.439315814E0,2.276371610E0
1.887695049E2,-2.660937743E0,-4.878659463E-1,2.165128646E0,3.465023075E0
1.887794939E2,-3.335704383E0,-1.947934406E0,2.085646859E0,4.389908313E0
1.887894819E2,-3.798643356E0,-4.215934287E0,1.585811663E0,5.892248458E0
1.887994699E2,-4.074806182E0,-6.208251983E0,1.475509202E0,7.571232760E0
1.888094579E2,-4.219061670E0,-7.762914358E0,1.698710872E0,8.997162849E0
1.888194469E2,-3.865270040E0,-8.156851802E0,1.403554243E0,9.134796566E0
1.888294349E2,-2.996463841E0,-5.611941236E0,1.065100152E0,6.450358000E0
1.888394229E2,-2.545932074E0,-7.904195952E-1,-3.656819433E-1,2.690772481E0
1.888494119E2,-2.494881788E0,3.727768963E0,-2.466324280E0,5.118930751E0
1.888593999E2,-3.178967721E0,6.814224669E0,-3.789952347E0,8.420405715E0
1.888693879E2,-4.039032332E0,7.994222023E0,-3.723216906E0,9.699675874E0
1.888793769E2,-4.297894416E0,7.473134537E0,-3.258229945E0,9.216056564E0
1.888893649E2,-3.534059187E0,6.113539953E0,-3.155487349E0,7.734471249E0
1.888993529E2,-1.999671155E0,3.126875169E0,-3.335424593E0,4.990099224E0
1.889093419E2,1.057841711E-2,-6.404677498E-1,-4.461911739E0,4.507656509E0
1.889193299E2,1.549786090E0,-4.175118967E0,-4.146816105E0,6.085190147E0
1.889293179E2,2.050543393E0,-6.197262726E0,-3.909136729E0,7.608688682E0
1.889393069E2,1.554272951E0,-5.746256458E0,-3.537012031E0,6.924282041E0
1.889492949E2,7.098999274E-1,-3.183480309E0,-2.338036076E0,4.013093256E0
1.889592829E2,-1.326319541E0,-5.067448515E-1,-9.744688940E-1,1.722063731E0
1.889692719E2,-2.606020401E0,1.429679310E0,4.630524096E-1,3.008279042E0
1.889792599E2,-2.659007285E0,2.286021000E0,6.142102432E-1,3.559981176E0
1.889892479E2,-2.460357488E0,2.752283238E0,2.661453760E-1,3.701250512E0
1.889992369E2,-2.298008961E0,2.805961263E0,-2.491498590E-3,3.626881581E0
1.890092249E2,-2.305772602E0,2.339127166E0,3.531835198E-2,3.284714687E0
1.890192129E2,-2.081067905E0,1.979723378E0,-3.359947523E-1,2.891892244E0
1.890292009E2,-1.856314530E0,1.652300352E0,-1.128170851E0,2.729243404E0
1.890391899E2,-1.307250601E0,7.898372126E-1,-1.765474380E0,2.334447846E0
1.890491779E2,-4.325375453E-1,2.225801110E-2,-1.892237923E0,1.941171941E0
1.890591659E2,5.377222306E-1,-6.963460815E-1,-1.884468727E0,2.079727253E0
1.890691549E2,1.165626653E0,-1.618059057E0,-2.002492436E0,2.826088562E0
1.890791429E2,1.806640825E0,-2.043310094E0,-2.233365215E0,3.525193242E0
1.890891309E2,1.616128599E0,-1.721174705E0,-1.805044827E0,2.971952362E0
1.890991199E2,1.450864942E0,-6.693681979E-1,-7.326241077E-1,1.757782964E0
1.891091079E2,1.283769060E0,4.135624534E-1,1.786083184E-2,1.348857262E0
1.891190959E2,8.374260928E-1,1.119845293E0,4.430591713E-1,1.466846062E0
1.891290849E2,4.943616182E-1,1.341844191E0,8.133687472E-1,1.645146790E0
1.891390729E2,4.062114801E-1,1.111532891E0,1.074194180E0,1.598251004E0
1.891490609E2,6.304165323E-1,9.704272985E-1,1.054749338E0,1.565774668E0
1.891590499E2,7.456555049E-1,8.707071286E-1,7.558730026E-1,1.373126736E0
1.891690379E2,3.487037487E-1,5.662040180E-1,4.189061507E-1,7.859158081E-1
1.891790259E2,-1.576380104E-1,4.105026054E-1,7.781193924E-1,8.937739760E-1
1.891890149E2,-7.517525429E-1,1.935855228E-1,-2.632685459E-1,8.197057811E-1
1.891990029E2,-9.922591938E-1,3.009304619E-1,-1.149924394E-1,1.043245279E0
1.892089909E2,-1.053258809E0,6.755259007E-1,9.198757803E-1,1.553016682E0
1.892189799E2,-1.020321444E0,7.772633600E-1,1.282289130E0,1.813686740E0
1.892289679E2,-7.831715329E-1,6.500910974E-1,1.193520795E0,1.568587891E0
1.892389559E2,-1.372388291E-1,1.092908340E0,1.194602530E0,1.624917949E0
1.892489439E2,2.269226919E-1,9.837232822E-1,9.918526661E-1,1.415265740E0
1.892589329E2,1.918198098E-1,8.126542175E-1,7.812441444E-1,1.143478959E0
1.892689209E2,3.380621816E-1,9.434418136E-1,9.197249222E-1,1.360243517E0
1.892789089E2,5.090650266E-1,9.212802815E-1,1.107229925E0,1.527698487E0
1.892888979E2,5.408813350E-1,1.043844354E0,1.135270833E0,1.634320506E0
1.892988859E2,8.772966483E-1,8.599815810E-1,1.420651209E0,1.878155368E0
1.893088739E2,1.080500695E0,5.393255371E-1,1.610056558E0,2.012619165E0
1.893188629E2,1.281230638E0,-6.851124108E-2,1.627133936E0,2.072151197E0
1.893288509E2,1.569136135E0,-8.651709849E-1,1.624155364E0,2.418385761E0
1.893388389E2,1.965742686E0,-1.513578084E0,1.449132997E0,2.873160171E0
1.893488279E2,2.551894188E0,-1.902039025E0,1.270515761E0,3.426970484E0
1.893588159E2,2.905301363E0,-1.814162391E0,8.732603884E-1,3.534762354E0
1.893688039E2,2.869632763E0,-1.609902191E0,7.188367387E-1,3.367982114E0
1.893787929E2,2.387025657E0,-1.599665471E0,9.562981597E-1,3.028419930E0
1.893887809E2,1.745727894E0,-1.395950232E0,1.300161145E0,2.585858065E0
1.893987689E2,1.144003357E0,-9.745279509E-1,1.349441332E0,2.019762441E0
1.894087579E2,5.111267549E-1,-7.656975675E-1,1.408898452E0,1.683014609E0
1.894187459E2,-4.052149683E-1,-1.013197342E0,1.683366755E0,2.006113570E0
1.894287339E2,-1.606027534E0,-1.644636406E0,1.895919768E0,2.979708898E0
1.894387229E2,-2.618227341E0,-2.298419436E0,2.788642395E0,4.462552265E0
1.894487109E2,-2.544080261E0,-2.319344866E0,2.942772660E0,4.528975150E0
1.894586989E2,-1.577130448E0,-2.123554358E0,2.539508908E0,3.666869108E0
1.894686879E2,-5.440416089E-1,-2.121679741E0,1.988827493E0,2.958536968E0
1.894786759E2,2.057768212E-1,-2.390813044E0,1.743299400E0,2.966045163E0
1.894886639E2,5.798549277E-1,-2.732155368E0,1.463402688E0,3.153165412E0
1.894986519E2,7.281126885E-1,-2.844739997E0,1.187874797E0,3.167607973E0
1.895086409E2,1.023862079E0,-2.936872235E0,9.530446959E-1,3.252968840E0
1.895186289E2,1.562225895E0,-3.373065752E0,9.118241644E-1,3.827472485E0
1.895286169E2,1.670066240E0,-3.491007600E0,1.124012604E0,4.029846106E0
1.895386059E2,2.345900727E-1,-2.756371611E0,1.142038400E0,2.992802812E0
1.895485939E2,-2.118013391E0,-1.592680972E0,8.971301115E-1,2.797759074E0
1.895585819E2,-4.270676212E0,-7.089509243E-1,1.102432870E0,4.467286084E0
1.895685709E2,-5.653848231E0,-1.007446021E-1,1.601003314E0,5.877019730E0
1.895785589E2,-6.699319865E0,7.922334015E-2,2.424502216E0,7.124982384E0
1.895885469E2,-7.403928646E0,-3.264360166E-1,2.762834539E0,7.909359934E0
1.895985359E2,-7.217346919E0,-1.081587546E0,1.767203987E0,7.508857309E0
1.896085239E2,-6.175958396E0,-2.172290901E0,5.977390753E-1,6.574085630E0
1.896185119E2,-3.891707641E0,-2.978109139E0,-3.542911287E-1,4.913251938E0
1.896285009E2,-1.319601383E0,-2.602250701E0,-2.421428188E0,3.791618519E0
1.896384889E2,2.530847427E-1,-2.032024968E0,-5.030171345E0,5.431003694E0
1.896484769E2,6.150048798E-1,-1.921576327E0,-3.547411011E0,4.081030687E0
1.896584659E2,-1.597932575E-1,-1.822837905E0,-5.822215882E-1,1.920222354E0
1.896684539E2,-7.606675002E-1,-1.818576454E0,1.498208678E-1,1.976937444E0
1.896784419E2,-1.311817861E0,-1.923577829E0,-1.502605784E-1,2.333151518E0
1.896884309E2,-1.311177884E0,-1.382444918E0,-5.263420871E-1,1.976708726E0
1.896984189E2,-1.067217721E0,-4.005015278E-1,-8.445706594E-1,1.418680632E0
1.897084069E2,-1.279193029E0,1.976967001E-1,-9.635679299E-1,1.613654841E0
1.897183949E2,-1.720528295E0,6.319688219E-1,-1.318777510E0,2.258047016E0
1.897283839E2,-2.000524556E0,1.183321497E0,-1.324602799E0,2.675242202E0
1.897383719E2,-2.358258086E0,1.765622900E0,-1.976372047E0,3.547513480E0
1.897483599E2,-2.905732011E0,2.184284710E0,-2.369338560E0,4.339140862E0
1.897583489E2,-2.991479967E0,2.635005634E0,-3.016854544E0,4.999361801E0
1.897683369E2,-2.702805269E0,3.011223675E0,-3.094613449E0,5.094041297E0
1.897783249E2,-2.400402770E0,3.241316289E0,-2.994725171E0,5.023588717E0
1.897883139E2,-1.936901879E0,3.019783414E0,-2.898697810E0,4.612280320E0
1.897983019E2,-1.529907603E0,2.510096244E0,-2.407691617E0,3.799760433E0
1.898082899E2,-1.114428433E0,2.083681610E0,-1.581392629E0,2.843322429E0
1.898182789E2,-1.033616696E0,2.034491909E0,-1.556014544E0,2.762010511E0
1.898282669E2,-8.950289145E-1,2.272061942E0,-1.720988764E0,2.987498042E0
1.898382549E2,-6.779036710E-1,2.758117005E0,-1.757293248E0,3.339886579E0
1.898482439E2,-4.993624493E-1,3.337292486E0,-1.818770581E0,3.833381069E0
1.898582319E2,-4.699126554E-1,3.704062597E0,-1.837656503E0,4.161475585E0
1.898682199E2,-3.663520342E-1,3.911718274E0,-2.144003241E0,4.475768489E0
1.898782089E2,-9.461283168E-1,3.635187659E0,-2.533150645E0,4.530629128E0
1.898881969E2,-1.093564398E0,3.729897934E0,-2.635541824E0,4.696179553E0
1.898981849E2,-7.828989065E-1,3.918037945E0,-2.479184353E0,4.702159833E0
1.899081739E2,-6.078528580E-1,3.717198951E0,-2.138518553E0,4.331317899E0
1.899181619E2,-2.531037462E-1,3.525789177E0,-1.697667729E0,3.921393445E0
1.899281499E2,2.081374884E-1,3.418173512E0,-1.440655704E0,3.715201237E0
1.899381386E2,6.769342026E-1,3.565280102E0,-1.211730779E0,3.825931730E0
1.899481266E2,1.028985994E0,3.650571683E0,-1.047540086E0,3.934822235E0
1.899581146E2,1.122558694E0,3.615860857E0,-5.811997873E-1,3.830454405E0
1.899681036E2,1.230351822E0,3.490819319E0,4.437554285E-1,3.727801498E0
1.899780916E2,1.135757321E0,3.367924880E0,1.496969068E0,3.856653871E0
1.899880796E2,8.548933339E-1,2.473327782E0,3.155513077E0,4.099445781E0
1.899980686E2,3.733159950E-1,-1.544542015E-2,5.054008105E0,5.067800442E0
1.900080566E2,-1.205193007E-1,-3.122927129E0,6.344276345E0,7.072272697E0
1.900180446E2,-1.238948983E-1,-6.584650703E0,7.576724394E0,1.003891067E1
1.900280336E2,9.775823171E-1,-1.061063702E1,8.871923007E0,1.386550767E1
1.900380216E2,3.742860919E0,-1.255070458E1,7.483154325E0,1.508399125E1
1.900480096E2,5.302636392E0,-9.545907581E0,4.434609627E0,1.178592664E1
1.900579986E2,4.225419640E0,-4.810510749E0,3.550209197E0,7.321145412E0
1.900679866E2,2.590076798E0,-8.821548074E-1,3.878669227E0,4.746658814E0
1.900779746E2,1.684353034E0,1.890672623E0,4.015385607E0,4.747105401E0
1.900879626E2,5.445912837E-1,3.371063080E0,3.228342779E0,4.699238561E0
1.900979516E2,-8.598804241E-1,3.742116861E0,2.113393359E0,4.382837487E0
1.901079396E2,-2.238034947E0,2.989566173E0,1.742190475E0,4.120865683E0
1.901179276E2,-3.198814632E0,1.885249915E0,1.972921312E0,4.204640389E0
1.901279166E2,-3.786226501E0,1.235873348E0,2.030014403E0,4.470330248E0
1.901379046E2,-4.314568336E0,3.267704773E-1,1.022934126E0,4.446197600E0
1.901478926E2,-4.933497575E0,-1.702937824E0,-4.806858578E-1,5.241226426E0
1.901578816E2,-5.770866219E0,-4.312281198E0,-2.770074561E-1,7.209396589E0
1.901678696E2,-6.306081163E0,-6.311471127E0,7.054659837E-1,8.949805008E0
1.901778576E2,-5.882059211E0,-7.372254864E0,7.925535366E-1,9.464507565E0
1.901878466E2,-5.217721957E0,-6.599013804E0,-7.449668491E-1,8.445506569E0
1.901978346E2,-3.677821755E0,-2.859134088E0,-2.942862123E0,5.510123235E0
1.902078226E2,-3.147997066E0,2.042486807E0,-5.553512349E0,6.702472476E0
1.902178116E2,-3.663325045E0,5.363174370E0,-6.458685890E0,9.159596778E0
1.902277996E2,-5.024988958E0,6.667791093E0,-5.546519079E0,1.002366330E1
1.902377876E2,-6.090098466E0,6.024519019E0,-2.811134294E0,9.015908426E0
1.902477766E2,-5.355319805E0,4.436307659E0,-1.732627646E0,7.166747827E0
1.902577646E2,-3.788268934E0,1.913381454E0,-1.762618308E0,4.595523192E0
1.902677526E2,-1.841997915E0,-6.512383211E-1,-2.448934076E0,3.132785625E0
1.902777416E2,3.605175728E-2,-3.020100333E0,-3.412813662E0,4.557367973E0
1.902877296E2,1.255420005E0,-4.673015227E0,-3.681630338E0,6.080094790E0
1.902977176E2,1.334826363E0,-4.319085603E0,-2.759251950E0,5.296199882E0
1.903077066E2,4.528450349E-1,-2.979962706E0,-1.375875278E0,3.313348629E0
1.903176946E2,-9.118355665E-1,-1.132930777E0,-3.508443412E-1,1.496017379E0
1.903276826E2,-1.744708871E0,6.025415397E-1,2.769343659E-2,1.846031494E0
1.903376716E2,-2.039651492E0,1.475070661E0,-7.623789802E-2,2.518297814E0
1.903476596E2,-2.101407591E0,1.855772347E0,-1.662725937E-1,2.808460689E0
1.903576476E2,-2.541373585E0,2.033161667E0,4.665127918E-2,3.254919723E0
1.903676366E2,-2.501708120E0,1.881843327E0,-1.169869977E-1,3.132660816E0
1.903776246E2,-2.278048029E0,1.717514933E0,-7.204528360E-1,2.942518080E0
1.903876126E2,-1.892352089E0,1.608481902E0,-1.144683754E0,2.734686702E0
1.903976016E2,-1.231408852E0,1.185307211E0,-1.525143292E0,2.290716702E0
1.904075896E2,-5.903314570E-1,2.301773983E-1,-1.671243576E0,1.787324245E0
1.904175776E2,2.241150051E-2,-4.812597620E-1,-1.478638632E0,1.555148043E0
1.904275656E2,5.473963027E-1,-1.117749651E0,-1.463710105E0,1.921315765E0
1.904375546E2,5.625793656E-1,-1.532287420E0,-1.708764575E0,2.363107414E0
1.904475426E2,3.719976671E-2,-1.238065469E0,-1.090978759E0,1.650583103E0
1.904575306E2,-3.609208845E-1,-4.160253006E-1,-2.619166696E-1,6.098698857E-1
1.904675196E2,-8.359349066E-1,-3.047627270E-2,2.613909318E-1,8.763795927E-1
1.904775076E2,-1.174147289E0,2.527400494E-1,5.619705973E-1,1.326012949E0
1.904874956E2,-1.295100087E0,3.463481247E-1,4.466886842E-1,1.413071845E0
1.904974846E2,-1.082552848E0,4.359508574E-1,9.720236798E-2,1.171077333E0
1.905074726E2,-7.095709484E-1,4.993738514E-1,-2.215387219E-1,8.955135843E-1
1.905174606E2,-2.068921776E-1,2.304130411E-1,-2.133894575E-1,3.760712741E-1
1.905274496E2,4.539258561E-1,-8.043429852E-2,-1.849591255E-1,4.967174623E-1
1.905374376E2,1.112539197E0,-2.879782945E-1,3.119723439E-2,1.149629606E0
1.905474256E2,1.632590557E0,-3.029834193E-1,3.120974743E-1,1.689543049E0
1.905574146E2,2.028822448E0,-2.659079790E-1,8.144177377E-1,2.202295128E0
1.905674026E2,2.162136919E0,-9.395423055E-2,1.227159827E0,2.487887596E0
1.905773906E2,2.054747541E0,2.152640748E-1,1.310363367E0,2.446503266E0
1.905873796E2,2.158893176E0,3.774038565E-1,1.280218631E0,2.538151524E0
1.905973676E2,1.979577490E0,3.776108479E-1,1.767182937E0,2.680345598E0
1.906073556E2,1.409009988E0,1.184324294E-1,7.734031013E-1,1.611672344E0
1.906173446E2,1.284549371E0,1.619333750E-1,6.790711407E-1,1.461994227E0
1.906273326E2,1.307519573E0,4.028532779E-1,1.792851044E0,2.255263413E0
1.906373206E2,1.152548916E0,6.481129843E-1,1.926096225E0,2.336293242E0
1.906473096E2,8.778280140E-1,7.212031800E-1,1.620560496E0,1.979124142E0
1.906572976E2,9.657932340E-1,3.859951705E-1,1.758416791E0,2.042982734E0
1.906672856E2,9.542182320E-1,-9.637848616E-2,2.198457191E0,2.398548575E0
1.906772746E2,9.373811746E-1,-5.916592866E-1,2.491126707E0,2.726619967E0
1.906872626E2,9.042856416E-1,-8.412494409E-1,2.397352570E0,2.696800417E0
1.906972506E2,7.856770648E-1,-9.283723694E-1,2.577370799E0,2.849912971E0
1.907072396E2,7.406989664E-1,-9.439803421E-1,2.989642771E0,3.221443426E0
1.907172276E2,6.646660133E-1,-7.735766906E-1,2.993758042E0,3.162718612E0
1.907272156E2,8.093113643E-1,-5.040142018E-1,2.878256822E0,3.032058299E0
1.907372046E2,8.749944533E-1,-1.824512547E-1,2.561942335E0,2.713383917E0
1.907471926E2,9.188126104E-1,-1.756638068E-1,2.269542961E0,2.454770791E0
1.907571806E2,9.187345500E-1,-3.207145160E-1,2.532720290E0,2.713227422E0
1.907671696E2,7.182972600E-1,-4.394995326E-1,2.872057604E0,2.992962691E0
1.907771576E2,4.250974019E-1,-7.724721515E-1,3.065884616E0,3.190151957E0
1.907871456E2,1.076514794E-1,-1.040825436E0,3.042720287E0,3.217616070E0
1.907971336E2,1.167383449E-1,-1.246132872E0,2.998930489E0,3.249624448E0
1.908071226E2,7.034061559E-1,-1.577298701E0,2.916708989E0,3.389667054E0
1.908171106E2,1.343518541E0,-1.926809000E0,2.557780287E0,3.472733072E0
1.908270986E2,1.663015228E0,-2.150787181E0,1.977140225E0,3.361634813E0
1.908370876E2,1.751701702E0,-2.212278839E0,1.307333339E0,3.109944851E0
1.908470756E2,2.290229533E0,-2.387968959E0,8.566464023E-1,3.417804869E0
1.908570636E2,2.634216260E0,-2.754264860E0,8.175202703E-1,3.897872447E0
1.908670526E2,2.788194498E0,-3.039111970E0,3.301806100E-1,4.137541463E0
1.908770406E2,2.477526083E0,-3.020766916E0,2.440043274E-1,3.914422865E0
1.908870286E2,8.191956438E-1,-2.624815691E0,6.987656593E-1,2.837078138E0
1.908970176E2,-1.512494010E0,-2.223167524E0,7.830532730E-1,2.800586439E0
1.909070056E2,-3.620296555E0,-1.498981680E0,6.222583508E-1,3.967454937E0
1.909169936E2,-5.887257970E0,-1.708636521E0,1.765618076E0,6.379392789E0
1.909269826E2,-8.543014203E0,-2.380198009E0,4.174845902E0,9.801926981E0
1.909369710E2,-1.058537003E1,-3.369194310E0,4.596799110E0,1.202215002E1
1.909469590E2,-1.036340856E1,-3.640237314E0,1.525042574E0,1.108951394E1
1.909569480E2,-7.924508010E0,-3.018313424E0,-8.286504453E-1,8.520252619E0
1.909669360E2,-3.884944166E0,-2.237399063E0,-1.754465389E0,4.814238729E0
1.909769240E2,-9.882393061E-1,-1.024841487E0,-2.491769316E0,2.869813813E0
1.909869130E2,9.225561440E-1,-5.114799267E-1,-2.306868078E0,2.536604400E0
1.909969010E2,1.602552533E0,-7.977847481E-1,-1.451161542E0,2.304453286E0
1.910068890E2,1.584135266E0,-1.395193602E0,-8.144674391E-1,2.262610646E0
1.910168780E2,1.428284165E0,-1.472001457E0,-1.280435270E0,2.417911997E0
1.910268660E2,6.462737426E-1,-1.163208829E0,-1.451828563E0,1.969398565E0
1.910368540E2,-1.185593140E-1,-6.743166965E-1,-1.239009209E0,1.415592858E0
1.910468430E2,-8.087710816E-1,4.381318688E-1,-8.155901045E-1,1.229332101E0
1.910568310E2,-1.250914433E0,1.624312069E0,-1.399151290E0,2.482096080E0
1.910668190E2,-1.452574668E0,2.189147254E0,-1.374712560E0,2.965159943E0
1.910768080E2,-1.769692562E0,2.550672412E0,-1.680863416E0,3.530303576E0
1.910867960E2,-1.909316762E0,2.746899707E0,-2.132377222E0,3.967112441E0
1.910967840E2,-1.833961648E0,2.800333902E0,-2.339525069E0,4.083951865E0
1.911067730E2,-1.488916867E0,2.780686673E0,-2.628360858E0,4.105773083E0
1.911167610E2,-1.334612647E0,2.748100140E0,-2.718279925E0,4.089289798E0
1.911267490E2,-1.221150351E0,2.723471083E0,-2.601357247E0,3.959237609E0
1.911367380E2,-1.101799324E0,2.706825814E0,-2.327529799E0,3.736075843E0
1.911467260E2,-1.080069024E0,2.671967638E0,-1.961380078E0,3.486111296E0
1.911567140E2,-1.038052102E0,2.777344404E0,-1.658048165E0,3.397104329E0
1.911667030E2,-8.261957842E-1,2.963309251E0,-1.465033623E0,3.407363307E0
1.911766910E2,-7.839046276E-1,3.108304412E0,-1.224805738E0,3.431648565E0
1.911866790E2,-9.581355742E-1,3.173458182E0,-9.679679596E-1,3.453378430E0
1.911966680E2,-9.978191650E-1,3.321308538E0,-7.928298175E-1,3.557430619E0
1.912066560E2,-9.377767387E-1,3.525788008E0,-8.321599442E-1,3.742071146E0
1.912166440E2,-7.935265133E-1,3.608436062E0,-8.783392069E-1,3.797627536E0
1.912266330E2,-6.268650797E-1,3.455089324E0,-9.303615922E-1,3.632653955E0
1.912366210E2,-4.426137596E-1,3.273063746E0,-9.422577524E-1,3.434632862E0
1.912466090E2,-1.815753418E-1,3.158353069E0,-8.112368524E-1,3.265925435E0
1.912565970E2,1.858443940E-1,3.161214112E0,-5.775949788E-1,3.218917327E0
1.912665860E2,7.006865428E-1,3.333732702E0,-4.406148890E-1,3.434949321E0
1.912765740E2,1.162711304E0,3.433818322E0,-1.115944031E-1,3.627045514E0
1.912865620E2,1.627808412E0,3.426542632E0,5.262765983E-1,3.829872282E0
1.912965510E2,2.174277785E0,3.258555050E0,1.400083044E0,4.160035748E0
1.913065390E2,2.432643733E0,2.886948123E0,2.321510675E0,4.431888628E0
1.913165270E2,2.503141565E0,2.107014340E0,3.067495524E0,4.484947705E0
1.913265160E2,1.982897978E0,-5.450072765E-2,4.380304489E0,4.808525984E0
1.913365040E2,1.722853294E0,-3.694677815E0,6.014022682E0,7.265489416E0
1.913464920E2,1.860962628E0,-7.070477725E0,6.525247670E0,9.799678276E0
1.913564810E2,1.814687178E0,-9.600626410E0,6.501930728E0,1.173627795E1
1.913664690E2,2.024856867E0,-9.467015778E0,5.097676281E0,1.094124017E1
1.913764570E2,2.832177254E0,-6.402430998E0,4.264643055E0,8.197532011E0
1.913864460E2,3.548406208E0,-3.326407894E0,4.405803612E0,6.562566690E0
1.913964340E2,4.546280629E0,-1.144718179E0,4.185077945E0,6.284419199E0
1.914064220E2,5.020807030E0,2.726381242E-1,3.079058101E0,5.896052371E0
1.914164110E2,4.087501949E0,9.291453713E-1,1.821564966E0,4.570457551E0
1.914263990E2,2.200754270E0,1.460708145E0,1.337136890E0,2.960561214E0
1.914363870E2,2.772716772E-1,1.670941275E0,1.988964610E0,2.612451827E0
1.914463760E2,-1.293791188E0,1.587273467E0,2.325351711E0,3.098482415E0
1.914563640E2,-2.664843391E0,4.820386112E-1,2.222905569E0,3.503578269E0
1.914663520E2,-4.121964269E0,-1.872298917E0,2.024408093E0,4.959266155E0
1.914763410E2,-5.512822745E0,-4.737452129E0,2.039035780E0,7.549326738E0
1.914863290E2,-6.767079154E0,-7.225555825E0,1.327313275E0,9.988181906E0
1.914963170E2,-7.163315138E0,-8.272202164E0,4.956743181E-1,1.095390823E1
1.915063060E2,-5.914879047E0,-6.894076585E0,-2.039570215E-1,9.086015880E0
1.915162940E2,-3.153184131E0,-3.582360989E0,-1.702320066E0,5.066929447E0
1.915262820E2,-1.516147058E0,3.546347988E-1,-3.409531912E0,3.748249672E0
1.915362710E2,-1.769025687E0,4.071299899E0,-4.496375813E0,6.318412000E0
1.915462590E2,-2.832815770E0,6.865170874E0,-4.406269635E0,8.635428675E0
1.915562470E2,-4.342467156E0,8.223093154E0,-4.076164490E0,1.015339347E1
1.915662360E2,-5.208771039E0,7.907816548E0,-3.152923345E0,9.980269732E0
1.915762240E2,-5.171145376E0,6.295004783E0,-1.966589363E0,8.380650538E0
1.915862120E2,-4.514726422E0,3.819086099E0,-7.006917322E-1,5.954757946E0
1.915962010E2,-2.913024951E0,1.020647864E0,-3.535159341E-1,3.106832783E0
1.916061890E2,-3.231435956E-1,-1.928001832E0,-1.862076815E0,2.699804236E0
1.916161770E2,2.942508366E0,-4.861401991E0,-3.960033233E0,6.926286740E0
1.916261660E2,4.583545519E0,-6.819882435E0,-4.559076968E0,9.397067029E0
1.916361540E2,3.929327749E0,-6.661988901E0,-4.067146622E0,8.738615126E0
1.916461420E2,3.596078264E0,-4.312941349E0,-1.710895008E0,5.870298433E0
1.916561310E2,7.724806300E0,-1.777229623E0,1.475806679E0,8.062827225E0
1.916661190E2,-1.710860509E0,2.006528184E0,6.517657399E-2,2.637697295E0
1.916761070E2,-5.492855088E0,4.437973530E0,-7.028763981E-1,7.096555594E0
1.916860960E2,-1.105466990E0,3.051746634E0,1.301549274E0,3.497033785E0
1.916960840E2,-1.578898792E0,2.989774334E0,1.318408989E0,3.629032133E0
1.917060720E2,-1.577356589E0,2.837687670E0,5.749483828E-1,3.297133719E0
1.917160610E2,-1.231374792E0,2.090131674E0,-3.867044377E-1,2.456516765E0
1.917260490E2,-3.439234306E-1,1.073255848E0,-5.939033018E-1,1.273924085E0
1.917360370E2,6.831392679E-1,-1.974376684E-1,-7.325532103E-1,1.020928547E0
1.917460250E2,1.189414442E0,-1.015747898E0,-9.840894641E-1,1.847940091E0
1.917560140E2,1.532088907E0,-1.295396833E0,-1.011864177E0,2.247046615E0
1.917660020E2,1.483037200E0,-1.010889446E0,-7.320177515E-1,1.938336090E0
1.917759900E2,9.137755264E-1,-2.802073449E-1,-3.943480642E-1,1.033930493E0
1.917859790E2,1.026575187E-1,4.384891337E-1,4.351205528E-2,4.524429085E-1
1.917959670E2,-6.822832355E-1,9.948657364E-1,6.372886187E-1,1.364333182E0
1.918059550E2,-1.132909435E0,1.185666230E0,8.503348446E-1,1.847256762E0
1.918159440E2,-1.305969184E0,1.070733359E0,9.164270926E-1,1.921422404E0
1.918259320E2,-1.086036181E0,9.791846734E-1,9.658628158E-1,1.752474876E0
1.918359200E2,-9.153115900E-1,7.343962526E-1,6.813468770E-1,1.356969686E0
1.918459090E2,-7.611530384E-1,5.731809157E-1,-4.037812676E-1,1.034857295E0
1.918558970E2,-2.155440103E-1,5.923732316E-1,-1.069112219E-2,6.304598052E-1
1.918658850E2,-4.363879368E-2,5.771862584E-1,3.758671717E-1,6.901626272E-1
1.918758740E2,1.097051677E-1,6.249533325E-1,6.251246560E-1,8.907203417E-1
1.918858620E2,1.383870761E-1,6.626930165E-1,8.495659357E-1,1.086312706E0
1.918958500E2,2.187833677E-1,6.720661032E-1,9.562103784E-1,1.189065724E0
1.919058390E2,2.750442535E-1,6.738980359E-1,1.017403829E0,1.250959014E0
1.919158270E2,3.331826802E-1,7.164985102E-1,1.121652083E0,1.372036519E0
1.919258150E2,4.965771282E-1,7.632937771E-1,1.253736591E0,1.549535955E0
1.919358034E2,8.007991339E-1,7.761424488E-1,1.436148670E0,1.818295728E0
1.919457914E2,1.039189239E0,8.134032458E-1,1.444279808E0,1.956395481E0
1.919557794E2,1.408290195E0,7.153670740E-1,1.398045874E0,2.109398869E0
1.919657684E2,1.809552446E0,3.233481020E-1,1.364515600E0,2.289309257E0
1.919757564E2,2.153583027E0,-1.357980752E-1,1.132392833E0,2.436939576E0
1.919857444E2,2.477516727E0,-4.097863215E-1,7.834345845E-1,2.630548177E0
1.919957334E2,2.769252443E0,-5.381022996E-1,5.892765828E-1,2.881936860E0
1.920057214E2,3.019446030E0,-7.075247884E-1,4.530913123E-1,3.134156567E0
1.920157094E2,3.182855827E0,-8.469417053E-1,1.752995618E-1,3.298274003E0
1.920256984E2,2.967556084E0,-1.040849410E0,-2.178286636E-1,3.152333410E0
1.920356864E2,2.416856250E0,-1.360833024E0,-2.781356033E-1,2.787547321E0
1.920456744E2,1.927306891E0,-1.697259008E0,1.628765309E-1,2.573271994E0
1.920556634E2,1.313511508E0,-1.733721076E0,7.600256952E-1,2.304070378E0
1.920656514E2,5.471518891E-1,-1.552540421E0,1.420240735E0,2.174129870E0
1.920756394E2,-5.410300004E-1,-1.417524118E0,1.714514726E0,2.289464749E0
1.920856284E2,-1.217952216E0,-1.622295949E0,1.982256392E0,2.836299024E0
1.920956164E2,-1.609760104E0,-1.958484537E0,2.543178620E0,3.590925614E0
1.921056044E2,-1.390582341E0,-2.225681827E0,3.136294448E0,4.089464722E0
1.921155934E2,-5.461635634E-1,-2.201162698E0,3.076013163E0,3.821684032E0
1.921255814E2,6.801551414E-1,-1.998939083E0,2.363389603E0,3.169223705E0
1.921355694E2,1.605546893E0,-2.037586840E0,1.712669345E0,3.108500803E0
1.921455584E2,2.158245450E0,-2.265065163E0,1.015225303E0,3.289259192E0
1.921555464E2,2.670787670E0,-2.490053743E0,7.431939733E-1,3.726367092E0
1.921655344E2,3.248328270E0,-2.733744641E0,5.525069519E-1,4.281385318E0
1.921755234E2,3.846851603E0,-3.237975774E0,4.141863513E-1,5.045225932E0
1.921855114E2,4.194251934E0,-4.084032211E0,6.696944726E-1,5.892330530E0
1.921954994E2,3.456573347E0,-4.272097378E0,1.062764189E0,5.597158478E0
1.922054884E2,8.846463060E-1,-2.998893067E0,1.421639389E0,3.434678626E0
1.922154764E2,-2.087065979E0,-9.849120212E-1,1.271617377E0,2.634939628E0
1.922254644E2,-3.970274631E0,4.628644216E-1,1.629464636E0,4.316535546E0
1.922354534E2,-4.970027470E0,1.560292659E0,2.500120894E0,5.778087116E0
1.922454414E2,-6.042711461E0,1.649879605E0,3.333357895E0,7.095614093E0
1.922554294E2,-6.814758520E0,7.952032024E-1,3.313695463E0,7.619308330E0
1.922654174E2,-7.145741331E0,-6.699114043E-1,2.231659728E0,7.516029909E0
1.922754064E2,-6.402663717E0,-2.486029104E0,8.075028205E-1,6.915670914E0
1.922853944E2,-4.261054034E0,-3.358644179E0,-9.400802493E-1,5.506434697E0
1.922953824E2,-1.944125530E0,-3.396121323E0,-2.209246473E0,4.493777264E0
1.923053714E2,-4.257869348E-3,-3.358678093E0,-3.103411462E0,4.572953024E0
1.923153594E2,1.352484077E0,-2.507512359E0,-3.294861289E0,4.355794109E0
1.923253474E2,2.275079397E0,-1.720092970E0,-2.809580981E0,4.003554843E0
1.923353364E2,2.278385121E0,-1.699585031E0,-1.891996140E0,3.414568410E0
1.923453244E2,1.622241863E0,-1.648873299E0,-5.119979900E-1,2.369091336E0
1.923553124E2,8.381218383E-1,-1.120465683E0,-2.631156412E-1,1.423770137E0
1.923653014E2,-5.805226797E-1,-6.879629284E-1,-1.700370312E-3,9.001680197E-1
1.923752894E2,-1.609332965E0,1.700528187E-1,-4.686613512E-1,1.684789012E0
1.923852774E2,-1.931750482E0,9.477307463E-1,-1.334819931E0,2.532113295E0
1.923952664E2,-2.081931831E0,1.398930557E0,-1.812956987E0,3.094876393E0
1.924052544E2,-2.204757273E0,1.598819963E0,-2.343247992E0,3.592769275E0
1.924152424E2,-2.258459856E0,1.857093233E0,-2.849607804E0,4.082854496E0
1.924252314E2,-1.980971174E0,2.132219932E0,-3.260049598E0,4.370186725E0
1.924352194E2,-1.827883467E0,2.498407660E0,-3.410078627E0,4.605630798E0
1.924452074E2,-1.724377517E0,2.698125742E0,-3.264589084E0,4.572843998E0
1.924551964E2,-1.756415874E0,2.809044499E0,-2.814165491E0,4.346867278E0
1.924651844E2,-1.789172853E0,2.875134408E0,-2.489552051E0,4.203023529E0
1.924751724E2,-1.931656342E0,2.647412256E0,-1.888555346E0,3.782423717E0
1.924851614E2,-1.911148403E0,2.345338663E0,-1.408062739E0,3.337025972E0
1.924951494E2,-1.913203114E0,2.288769776E0,-1.248543094E0,3.233832572E0
1.925051374E2,-1.717764316E0,2.628557324E0,-1.373917923E0,3.427488631E0
1.925151264E2,-1.333283575E0,3.087187777E0,-1.638191898E0,3.740594359E0
1.925251144E2,-1.137360628E0,3.440999288E0,-1.758025320E0,4.027991847E0
1.925351024E2,-9.731073698E-1,3.587049871E0,-1.792996347E0,4.126584621E0
1.925450914E2,-8.739760146E-1,3.646741172E0,-1.964058103E0,4.233211486E0
1.925550794E2,-8.322751343E-1,3.609478036E0,-2.101166539E0,4.258628232E0
1.925650674E2,-7.641702747E-1,3.533475927E0,-2.125571063E0,4.193740655E0
1.925750564E2,-6.633680776E-1,3.483820202E0,-2.003915648E0,4.073418507E0
1.925850444E2,-4.857629952E-1,3.488537736E0,-1.820300213E0,3.964764065E0
1.925950324E2,-2.749851600E-1,3.620019397E0,-1.539535336E0,3.943390207E0
1.926050214E2,-1.389918244E-1,3.774346129E0,-1.018963866E0,3.911942585E0
1.926150094E2,2.479905754E-1,3.954450896E0,-4.759975603E-1,3.990708570E0
1.926249974E2,3.296374402E-1,3.985076857E0,6.081031188E-1,4.044661643E0
1.926349864E2,-1.189762205E-2,3.613233118E0,1.563767660E0,3.937126416E0
1.926449744E2,-2.588359179E-1,2.709250070E0,2.631896962E0,3.786015530E0
1.926549624E2,-6.347531198E-1,5.953389394E-1,4.267071404E0,4.354909682E0
1.926649514E2,-4.392804813E-1,-2.779123127E0,5.861240784E0,6.501587208E0
1.926749394E2,3.281885733E-1,-7.355268703E0,7.104637159E0,1.023149816E1
1.926849274E2,1.536591263E0,-1.173071211E1,7.988269558E0,1.427526426E1
1.926949164E2,2.183312318E0,-1.318387267E1,7.050477909E0,1.510928820E1
1.927049044E2,2.855272002E0,-9.837959046E0,5.389062917E0,1.157497367E1
1.927148924E2,3.770998305E0,-5.368329275E0,3.620185165E0,7.493005275E0
1.927248814E2,3.883766829E0,-2.598491526E0,3.443820570E0,5.804800006E0
1.927348694E2,4.334372856E0,-6.610663211E-1,3.871499371E0,5.849128492E0
1.927448574E2,4.932747962E0,1.457946505E0,2.542946778E0,5.737960333E0
1.927548464E2,4.336507089E0,2.664655695E0,1.296160187E0,5.252210481E0
1.927648344E2,2.490138527E0,2.855363218E0,1.308058394E0,4.008105008E0
1.927748224E2,6.199799833E-1,2.253691744E0,2.336128129E0,3.304693071E0
1.927848114E2,-1.132302786E0,1.543288372E0,2.977164813E0,3.539400927E0
1.927947994E2,-2.246529197E0,2.083608520E-1,2.687605432E0,3.509064068E0
1.928047874E2,-3.359619495E0,-2.124393434E0,2.079094762E0,4.485836114E0
1.928147764E2,-4.416037408E0,-4.864531420E0,1.184959010E0,6.676015293E0
1.928247644E2,-5.415763643E0,-6.731122870E0,-3.866389489E-1,8.648005586E0
1.928347524E2,-5.566710100E0,-7.183268176E0,-1.377830587E0,9.191627721E0
1.928447414E2,-4.284783789E0,-5.867682661E0,-1.662802828E0,7.453454580E0
1.928547294E2,-2.658132541E0,-2.684102950E0,-1.919472791E0,4.237269527E0
1.928647174E2,-2.591458495E0,1.458096194E0,-2.231935132E0,3.717961279E0
1.928747064E2,-3.271777651E0,4.933913897E0,-3.277426061E0,6.766798129E0
1.928846944E2,-4.580025787E0,7.336199763E0,-4.519015062E0,9.757969067E0
1.928946824E2,-6.098310295E0,8.193268846E0,-4.667326179E0,1.122955816E1
1.929046714E2,-6.674544042E0,7.187924314E0,-3.448005129E0,1.039733300E1
1.929146594E2,-6.367955230E0,5.042965053E0,-2.525310699E0,8.506441351E0
1.929246474E2,-4.806817648E0,2.441354038E0,-2.076240151E0,5.777237973E0
1.929346364E2,-2.520132112E0,-6.314723933E-1,-2.917744238E0,3.906795962E0
1.929446248E2,2.135783225E-1,-3.419593801E0,-4.316884126E0,5.511327065E0
1.929546128E2,2.590183510E0,-5.422981446E0,-5.735389992E0,8.307374840E0
1.929646018E2,2.877579422E0,-6.215806586E0,-6.061502073E0,9.146503278E0
1.929745898E2,2.167205285E0,-4.968609520E0,-3.775295717E0,6.605809342E0
1.929845778E2,6.068657749E-1,-2.509621450E0,-1.413016792E0,2.943314857E0
1.929945668E2,-1.087431838E0,-1.375452232E-1,-3.219734216E-1,1.142406922E0
1.930045548E2,-2.581439584E0,1.417160422E0,4.385094528E-1,2.977325062E0
1.930145428E2,-3.088036208E0,1.936893693E0,6.254877681E-1,3.698480735E0
1.930245318E2,-2.518559211E0,1.852337108E0,4.750476801E-1,3.162271898E0
1.930345198E2,-2.392395009E0,1.755471548E0,4.568743877E-1,3.002327171E0
1.930445078E2,-2.224860001E0,1.495559304E0,-1.333096464E-1,2.684114587E0
1.930544968E2,-1.777770782E0,1.035172933E0,-8.667656668E-1,2.232338388E0
1.930644848E2,-1.256914553E0,7.589680070E-1,-1.508508110E0,2.105104118E0
1.930744728E2,-7.460787702E-1,3.441402161E-1,-1.629515945E0,1.824935132E0
1.930844618E2,-5.567609109E-2,-2.740110505E-1,-1.315629223E0,1.345013805E0
1.930944498E2,6.238810263E-1,-4.926016062E-1,-1.057378465E0,1.322850368E0
1.931044378E2,9.290589056E-1,-6.224454618E-1,-1.201659096E0,1.641515576E0
1.931144268E2,1.182464368E0,-5.843526059E-1,-1.254265180E0,1.820129416E0
1.931244148E2,8.959486815E-1,-2.040011680E-1,-8.282639444E-1,1.237077879E0
1.931344028E2,1.912515336E-1,3.835235524E-1,-3.691720001E-1,5.656460289E-1
1.931443918E2,-3.886319724E-1,7.034364152E-1,1.734021038E-1,8.221471217E-1
1.931543798E2,-8.008104629E-1,8.981907964E-1,7.337613181E-1,1.409414693E0
1.931643678E2,-1.085983994E0,1.002573536E0,7.623119565E-1,1.663019678E0
1.931743568E2,-9.872669142E-1,7.458117718E-1,5.260172012E-1,1.344479548E0
1.931843448E2,-1.001736361E0,3.219091022E-1,5.378618694E-1,1.181692260E0
1.931943328E2,-1.019473670E0,2.099366766E-1,6.595378590E-1,1.232229751E0
1.932043218E2,-4.042488621E-1,3.659643638E-1,8.239024331E-1,9.880092497E-1
1.932143098E2,-4.488096155E-2,3.691727310E-1,6.842797673E-1,7.788078107E-1
1.932242978E2,1.205099452E-1,-5.376573265E-2,-3.381485742E-1,3.629846541E-1
1.932342868E2,5.133118594E-1,-8.594646871E-2,5.847426152E-1,7.828152953E-1
1.932442748E2,6.117851836E-1,1.293521047E-2,8.163110662E-1,1.020202033E0
1.932542628E2,5.111922437E-1,1.604639697E-1,9.045408726E-1,1.051313648E0
1.932642518E2,4.542682106E-1,3.172868782E-1,1.091319652E0,1.223931841E0
1.932742398E2,5.183889967E-1,4.850031495E-1,1.262287560E0,1.448214449E0
1.932842278E2,5.268336187E-1,7.382168233E-1,1.448493311E0,1.708991110E0
1.932942168E2,5.270791286E-1,9.243547475E-1,1.384647564E0,1.746279755E0
1.933042048E2,5.615730232E-1,9.116364688E-1,1.060489622E0,1.507011463E0
1.933141928E2,5.171374002E-1,7.534967673E-1,7.825375485E-1,1.203143168E0
1.933241818E2,3.774026871E-1,5.463983291E-1,6.592759037E-1,9.357503083E-1
1.933341698E2,7.567232609E-1,-5.231620789E-2,1.013862755E0,1.266208816E0
1.933441578E2,8.420066553E-1,-5.743638074E-1,1.057031579E0,1.468395298E0
1.933541468E2,1.268021047E0,-1.040520211E0,7.350745296E-1,1.797468845E0
1.933641348E2,1.643124316E0,-9.903206956E-1,3.883159304E-1,1.957391596E0
1.933741228E2,1.619128951E0,-6.123455662E-1,5.417584904E-1,1.813848923E0
1.933841118E2,1.274048649E0,-3.269160730E-1,8.044295239E-1,1.541810928E0
1.933940998E2,8.164442365E-1,-3.696446013E-1,8.449964098E-1,1.231761850E0
1.934040878E2,5.007356679E-1,-5.514006221E-1,6.764140928E-1,1.006138599E0
1.934140768E2,5.393993582E-1,-6.588250834E-1,5.389180592E-1,1.007687865E0
1.934240648E2,6.111389932E-1,-6.050920951E-1,5.085721064E-1,9.991360768E-1
1.934340528E2,6.995442161E-1,-7.907704282E-1,6.261011410E-1,1.227470007E0
1.934440418E2,1.530179791E-1,-1.100688061E0,9.209821466E-1,1.443307598E0
1.934540298E2,-5.008400407E-1,-1.320282583E0,1.345287616E0,1.950329617E0
1.934640178E2,-3.834805754E-1,-1.757006443E0,2.067042189E0,2.739852624E0
1.934740068E2,-4.071851876E-1,-2.013569986E0,2.233471488E0,3.034577195E0
1.934839948E2,-2.031214544E-1,-2.126743430E0,1.830525824E0,2.813382436E0
1.934939828E2,1.945527984E-1,-2.133352538E0,1.569205570E0,2.655456639E0
1.935039718E2,2.545287126E-1,-2.155597100E0,1.521975271E0,2.650998387E0
1.935139598E2,2.718497734E-1,-2.148087521E0,1.585189519E0,2.683469416E0
1.935239478E2,3.475444651E-1,-2.159506549E0,1.608366712E0,2.714976827E0
1.935339368E2,5.654734084E-1,-2.389078760E0,1.425554684E0,2.838954677E0
1.935439248E2,1.058324252E0,-2.459021984E0,9.804611206E-1,2.850989890E0
1.935539128E2,1.188339139E0,-2.465293123E0,7.948611403E-1,2.849846368E0
1.935639018E2,4.197267343E-1,-2.227428975E0,1.173924437E0,2.552588677E0
1.935738898E2,-1.328937339E0,-1.319057592E0,1.636695303E0,2.486917549E0
1.935838778E2,-2.952646853E0,2.413087428E-2,1.489146663E0,3.307002196E0
1.935938668E2,-3.925843686E0,1.081751268E0,1.344065548E0,4.288233511E0
1.936038548E2,-4.600184648E0,1.777140160E0,1.595674746E0,5.183252245E0
1.936138428E2,-5.846806932E0,1.549364213E0,1.584199001E0,6.252628826E0
1.936238318E2,-7.164141934E0,4.036900145E-1,1.165262664E0,7.269507023E0
1.936338198E2,-8.059836554E0,-1.403334095E0,8.227348173E-1,8.222360029E0
1.936438078E2,-7.930788504E0,-2.977800406E0,-4.222405985E-2,8.471510162E0
1.936537968E2,-6.668546553E0,-3.437827173E0,-1.695286158E0,7.691694479E0
1.936637848E2,-5.056331204E0,-3.204242603E0,-2.772737968E0,6.597100252E0
1.936737728E2,-3.418350975E0,-2.877865643E0,-2.541023921E0,5.140431559E0
1.936837618E2,-2.012048833E0,-2.427150566E0,-1.588872972E0,3.530427410E0
1.936937498E2,-6.216785994E-1,-2.135864502E0,-1.173180671E0,2.514906427E0
1.937037378E2,5.804671311E-1,-1.906565940E0,-1.110818654E0,2.281634032E0
1.937137268E2,1.107790089E0,-1.828769905E0,-5.621182761E-1,2.210786105E0
1.937237148E2,7.026631209E-1,-1.701313468E0,-5.225048518E-1,1.913429982E0
1.937337028E2,3.403789946E-1,-8.522240800E-1,-1.248579639E0,1.549546662E0
1.937436918E2,-2.615167201E-1,-6.627526581E-2,-1.891540934E0,1.910683258E0
1.937536798E2,-1.161304976E0,9.310527331E-1,-2.010797529E0,2.501758410E0
1.937636678E2,-1.568879880E0,1.884231330E0,-2.645380933E0,3.606903390E0
1.937736568E2,-1.672610363E0,2.502721735E0,-3.303659302E0,4.469385449E0
1.937836448E2,-1.735110666E0,2.857738357E0,-3.361469261E0,4.740965423E0
1.937936328E2,-1.601141016E0,3.135139039E0,-3.409995012E0,4.901103480E0
1.938036218E2,-1.593612725E0,3.121300433E0,-2.935306935E0,4.571448864E0
1.938136098E2,-1.613000046E0,2.724701922E0,-2.128806328E0,3.815440485E0
1.938235978E2,-1.689276097E0,2.120177007E0,-1.295920159E0,3.004698542E0
1.938335868E2,-1.548775691E0,1.270230417E0,-3.416218203E-1,2.031968731E0
1.938435748E2,-1.220779053E0,8.768741870E-1,-7.016074061E-2,1.504703414E0
1.938535628E2,-5.769810212E-1,9.844880980E-1,-2.829058349E-1,1.175652851E0
1.938635518E2,3.162612766E-2,1.471369373E0,-6.005447155E-1,1.589522570E0
1.938735398E2,3.444264373E-1,2.026858369E0,-7.188888520E-1,2.177977410E0
1.938835278E2,4.808165431E-1,2.298124736E0,-4.886699384E-1,2.398199358E0
1.938935168E2,5.368021712E-1,2.582992312E0,-4.863252050E-1,2.682632673E0
1.939035048E2,5.651006484E-1,2.877385587E0,-6.870700586E-1,3.011768886E0
1.939134928E2,5.656990744E-1,3.092024594E0,-7.748244864E-1,3.237434867E0
1.939234818E2,5.686636493E-1,3.202886633E0,-7.804705578E-1,3.345294520E0
1.939334698E2,6.777683079E-1,3.261274590E0,-8.484935564E-1,3.437327908E0
1.939434580E2,7.707917348E-1,3.383386672E0,-9.771112508E-1,3.605020342E0
1.939534470E2,7.372539331E-1,3.432317342E0,-1.041241173E0,3.661765814E0
1.939634350E2,6.870362178E-1,3.415534664E0,-9.862475252E-1,3.620853489E0
1.939734230E2,6.458823446E-1,3.353027344E0,-8.353200719E-1,3.515354320E0
1.939834120E2,6.106898540E-1,3.225951560E0,-4.765781888E-1,3.317654644E0
1.939934000E2,6.417913402E-1,3.138175498E0,1.070248041E-1,3.204917454E0
1.940033880E2,5.138211519E-1,2.989139911E0,8.292790210E-1,3.144308076E0
1.940133770E2,4.348849100E-1,2.785906482E0,1.757949891E0,3.322768068E0
1.940233650E2,6.468835341E-1,2.523012158E0,2.651367020E0,3.716691504E0
1.940333530E2,9.250390179E-1,1.474260237E0,4.157318873E0,4.506932509E0
1.940433420E2,8.108339062E-1,-1.401694536E-1,5.771903515E0,5.830263226E0
1.940533300E2,6.581887601E-1,-2.091056119E0,6.784840071E0,7.130202166E0
1.940633180E2,7.208853838E-1,-5.382883580E0,8.135153954E0,9.781402825E0
1.940733070E2,1.069018956E0,-7.844459628E0,8.056962647E0,1.129570695E1
1.940832950E2,1.912707124E0,-7.470428445E0,6.133770735E0,9.853369633E0
1.940932830E2,2.713066548E0,-5.187570789E0,3.802528539E0,6.980748103E0
1.941032720E2,2.726411355E0,-2.644036658E0,3.216091400E0,4.976694950E0
1.941132600E2,1.896211398E0,-4.801201397E-1,3.945819528E0,4.404046408E0
1.941232480E2,1.420614080E0,1.196553161E0,3.894665162E0,4.314892879E0
1.941332370E2,8.483926919E-1,2.016283679E0,3.221032882E0,3.893613086E0
1.941432250E2,-7.708439943E-1,2.000457020E0,2.634339636E0,3.396435495E0
1.941532130E2,-3.014822636E0,3.001674002E-1,2.915029961E0,4.204361506E0
1.941632020E2,-4.347234099E0,-2.439959477E0,2.638447305E0,5.640323638E0
1.941731900E2,-4.928225725E0,-4.897282845E0,2.566686766E0,7.406663825E0
1.941831780E2,-5.150633343E0,-6.337060297E0,2.383615707E0,8.506995996E0
1.941931670E2,-4.570797712E0,-6.065598632E0,1.532256430E0,7.747998984E0
1.942031550E2,-3.625543261E0,-3.974930184E0,1.673540363E-1,5.382624014E0
1.942131430E2,-2.828630041E0,-1.306666172E0,-6.211467952E-2,3.116469577E0
1.942231320E2,-2.114484888E0,8.259835303E-1,-6.676596415E-1,2.366234251E0
1.942331200E2,-1.881840988E0,3.211210145E0,-2.691913368E0,4.593429403E0
1.942431080E2,-2.639485478E0,5.203291029E0,-5.398975117E0,7.949217159E0
1.942530970E2,-3.399969960E0,5.880219092E0,-6.082306466E0,9.117632601E0
1.942630850E2,-3.797625648E0,5.056822370E0,-4.784884157E0,7.930228839E0
1.942730730E2,-3.163806183E0,3.607915075E0,-4.502188822E0,6.580001895E0
1.942830620E2,-1.758362997E0,1.736533002E0,-4.732886330E0,5.339250913E0
1.942930500E2,7.745448433E-2,-7.198437023E-1,-4.975204010E0,5.027606696E0
1.943030380E2,1.974813764E0,-3.356588298E0,-5.686758699E0,6.892445060E0
1.943130270E2,2.984149020E0,-4.821056203E0,-5.678167970E0,8.024295594E0
1.943230150E2,3.121658868E0,-4.396060104E0,-4.587142141E0,7.078980968E0
1.943330030E2,2.596110540E0,-2.710970321E0,-2.519072889E0,4.520495353E0
1.943429920E2,1.792478869E0,-8.994192964E-1,-9.267909899E-1,2.209270718E0
1.943529800E2,6.855238355E-1,3.901724213E-1,-2.751319617E-2,7.892619485E-1
1.943629680E2,-7.947663423E-1,1.180157568E0,5.175122067E-1,1.514015954E0
1.943729570E2,-1.171559238E0,1.356560463E0,4.422578104E-1,1.846185069E0
1.943829450E2,-1.867346472E0,1.192793401E0,1.276032025E-1,2.219464242E0
1.943929330E2,-2.451896714E0,1.033207684E0,2.530020046E-1,2.672700063E0
1.944029220E2,-2.672764029E0,1.067079434E0,3.417666851E-1,2.898125349E0
1.944129100E2,-2.506017811E0,9.152325064E-1,8.813391209E-2,2.669371348E0
1.944228980E2,-2.344026256E0,7.890747356E-1,-4.200540322E-1,2.508693568E0
1.944328870E2,-1.583581242E0,6.727923274E-1,-7.501145916E-1,1.876979213E0
1.944428750E2,-7.586282837E-1,7.366562015E-1,-4.779654408E-1,1.160443964E0
1.944528630E2,-4.620513663E-2,7.835836154E-1,-5.067694098E-1,9.343197695E-1
1.944628520E2,3.146553388E-1,5.563561374E-1,-5.506556869E-1,8.436597770E-1
1.944728400E2,6.889121508E-1,3.570304030E-1,-1.878454573E-1,7.983461505E-1
1.944828290E2,9.296668699E-1,8.876541138E-2,-1.112483649E0,1.452508057E0
1.944928170E2,1.081908412E0,9.754909873E-2,-1.857756161E0,2.152045444E0
1.945028050E2,1.206135286E0,1.822050869E-1,-9.571911027E-1,1.550540496E0
1.945127940E2,1.428374212E0,-3.128611207E-2,-3.437771040E-1,1.469494609E0
1.945227820E2,1.274350658E0,-4.031058776E-1,3.510010466E-3,1.336591287E0
1.945327700E2,1.339015308E0,-5.460264462E-1,3.788743582E-1,1.494875465E0
1.945427590E2,1.327623032E0,-7.114254659E-1,5.441531445E-1,1.601502967E0
1.945527470E2,1.520671195E0,-5.656988186E-1,6.908065756E-1,1.763425576E0
1.945627350E2,1.591523808E0,-2.695700902E-1,8.913214874E-1,1.843927888E0
1.945727240E2,1.307227797E0,-4.462653458E-2,9.127508750E-1,1.594976552E0
1.945827120E2,8.180696893E-1,2.696227151E-1,9.592953694E-1,1.289256387E0
1.945927000E2,4.668027406E-1,3.658333862E-1,1.199481374E0,1.338093581E0
1.946026890E2,1.001744986E-1,5.992331851E-1,1.406116201E0,1.531756544E0
1.946126770E2,-5.036001458E-1,8.427878433E-1,1.209218815E0,1.557598985E0
1.946226650E2,-8.299986671E-1,9.155102491E-1,1.133562203E0,1.676907890E0
1.946326540E2,-8.244336527E-1,1.008273402E0,1.227834595E0,1.789939634E0
1.946426420E2,-4.126900488E-1,1.068315536E0,1.407285644E0,1.814404598E0
1.946526300E2,-1.195229352E-2,1.067816768E0,1.531761755E0,1.867262591E0
1.946626190E2,3.294020898E-1,9.788776946E-1,1.606133076E0,1.909547259E0
1.946726070E2,5.474744361E-1,8.795639062E-1,1.481027219E0,1.807429818E0
1.946825950E2,8.122702016E-1,6.736009973E-1,1.367540950E0,1.727335935E0
1.946925840E2,9.634601949E-1,3.667326880E-1,1.165937725E0,1.556328754E0
1.947025720E2,9.907409643E-1,8.369002819E-2,9.528014517E-1,1.377099229E0
1.947125600E2,8.471991290E-1,-4.804072380E-3,8.723262227E-1,1.216027336E0
1.947225490E2,5.576300995E-1,5.798332930E-2,9.502298462E-1,1.103290603E0
1.947325370E2,3.418603867E-1,2.344452810E-1,1.079000738E0,1.155887410E0
1.947425250E2,2.101471764E-1,2.792945945E-1,1.288956710E0,1.335506161E0
1.947525140E2,1.352346960E-1,2.568313462E-1,1.225900337E0,1.259794586E0
1.947625020E2,1.053381747E-1,1.713421297E-1,9.225304163E-1,9.442015809E-1
1.947724900E2,2.098852211E-1,1.184119642E-1,6.001172841E-1,6.466946373E-1
1.947824790E2,4.093185443E-1,1.155099910E-1,3.029886818E-1,5.221938050E-1
1.947924670E2,4.679289874E-1,1.377978230E-1,3.465995550E-1,5.983953784E-1
1.948024550E2,2.960246480E-1,-7.049987912E-2,7.538861918E-1,8.129853722E-1
1.948124440E2,1.068479258E-1,-4.169006288E-1,1.236215994E0,1.308989151E0
1.948224320E2,-8.330893591E-2,-6.380569428E-1,1.360748824E0,1.505222377E0
1.948324200E2,-8.738488376E-2,-7.961060125E-1,1.504703765E0,1.704568661E0
1.948424090E2,3.755891731E-1,-1.052180144E0,1.511961329E0,1.879940782E0
1.948523970E2,7.310709411E-1,-1.457895049E0,8.882072604E-1,1.857103883E0
1.948623850E2,1.584307905E0,-2.633566634E0,8.423229897E-1,3.186724458E0
1.948723740E2,2.269827574E0,-3.299316575E0,8.212074514E-1,4.088029936E0
1.948823620E2,3.005589006E0,-3.387706010E0,9.346237008E-1,4.624244668E0
1.948923500E2,3.339914963E0,-3.004214618E0,7.343729369E-1,4.551883241E0
1.949023390E2,3.058941633E0,-2.666063704E0,6.347819173E-1,4.107063144E0
1.949123270E2,2.613945132E0,-2.877660990E0,9.732281148E-1,4.007594652E0
1.949223150E2,2.209797281E0,-3.162596979E0,1.202346582E0,4.041145998E0
1.949323040E2,1.768645764E0,-3.337575492E0,1.416526583E0,4.034112735E0
1.949422918E2,9.465925857E-1,-3.181450741E0,1.519032952E0,3.650359906E0
1.949522798E2,6.031169057E-2,-2.725855578E0,1.599891758E0,3.161262369E0
1.949622688E2,-7.192048940E-1,-2.166800365E0,1.837371744E0,2.930565548E0
1.949722568E2,-1.222844728E0,-1.482207772E0,2.254453636E0,2.962237382E0
1.949822448E2,-1.442048949E0,-6.073239774E-1,2.511033552E0,2.958654607E0
1.949922338E2,-1.714018444E0,3.113846987E-1,2.096765340E0,2.726030915E0
1.950022218E2,-1.926358180E0,7.897372252E-1,1.218083779E0,2.412108790E0
1.950122098E2,-2.146443869E0,1.140477194E0,4.960940751E-1,2.480729498E0
1.950221988E2,-2.461987692E0,9.152599883E-1,4.672983652E-1,2.667855319E0
1.950321868E2,-2.875069504E0,-1.678098267E-1,8.396648455E-1,2.999870305E0
1.950421748E2,-3.304293140E0,-1.367098900E0,8.567121103E-1,3.677127710E0
1.950521638E2,-3.702457536E0,-2.300770601E0,-3.773145403E-1,4.375397516E0
1.950621518E2,-3.355121232E0,-2.738497843E0,-2.055017097E0,4.793673350E0
1.950721398E2,-3.183195550E0,-2.750785766E0,-3.434506540E0,5.430965974E0
1.950821288E2,-2.896612986E0,-2.416592833E0,-3.647455117E0,5.247305646E0
1.950921168E2,-2.180820819E0,-1.924112265E0,-3.333347955E0,4.423731009E0
1.951021048E2,-1.651941479E0,-1.268276863E0,-3.342598250E0,3.938324505E0
1.951120938E2,-1.137380362E0,-8.013743538E-1,-1.652665803E0,2.160356267E0
1.951220818E2,-4.286796255E-1,-6.395462286E-1,-5.645448706E-1,9.547232640E-1
1.951320698E2,-3.495770303E-1,-5.123435605E-1,-7.804302120E-1,9.968808053E-1
1.951420588E2,-4.306575923E-1,-3.447196752E-1,-7.626438591E-1,9.412349718E-1
1.951520468E2,-4.345448213E-1,-5.453113317E-2,-3.074965927E-1,5.351233510E-1
1.951620348E2,-5.922370646E-1,1.230160618E-1,-6.430820400E-1,8.828545759E-1
1.951720238E2,-7.598190692E-1,3.965909100E-1,-1.313986009E0,1.568811206E0
1.951820118E2,-6.431921138E-1,6.729876244E-1,-2.030028436E0,2.233298881E0
1.951919998E2,-5.279474036E-1,1.099783496E0,-2.562432332E0,2.838011920E0
1.952019888E2,-5.507968240E-1,1.619423797E0,-2.608844022E0,3.119611788E0
1.952119768E2,-6.241736794E-1,1.995809653E0,-2.606098754E0,3.341346984E0
1.952219648E2,-7.583721026E-1,2.310386347E0,-2.518751292E0,3.501017194E0
1.952319538E2,-8.285426373E-1,2.529176293E0,-2.409342578E0,3.590006585E0
1.952419418E2,-9.806235270E-1,2.565441309E0,-2.291736068E0,3.577033103E0
1.952519308E2,-1.069617126E0,2.404445828E0,-2.100130705E0,3.366896124E0
1.952619188E2,-1.359183670E0,2.225973603E0,-1.895438104E0,3.224131563E0
1.952719068E2,-1.449717280E0,2.110221537E0,-1.771499059E0,3.113346117E0
1.952818958E2,-1.440911227E0,2.181240649E0,-1.711786123E0,3.124779619E0
1.952918838E2,-1.285680808E0,2.265756889E0,-1.668667586E0,3.093716362E0
1.953018718E2,-1.101020036E0,2.522699332E0,-1.599994084E0,3.183745924E0
1.953118608E2,-9.893892342E-1,2.848400354E0,-1.571532762E0,3.400292760E0
1.953218488E2,-9.210722668E-1,3.129764278E0,-1.520699116E0,3.599489458E0
1.953318368E2,-8.663307801E-1,3.289192121E0,-1.425454697E0,3.687985212E0
1.953418258E2,-8.010647437E-1,3.319392990E0,-1.382290551E0,3.683856907E0
1.953518138E2,-7.112395245E-1,3.248312482E0,-1.345036186E0,3.586992889E0
1.953618018E2,-5.717097197E-1,3.085160547E0,-1.192373571E0,3.356608756E0
1.953717908E2,-3.476614094E-1,2.925892918E0,-9.875768897E-1,3.107575572E0
1.953817788E2,-7.904573098E-2,2.906464375E0,-7.790520233E-1,3.010100570E0
1.953917668E2,2.269693235E-1,2.997264032E0,-4.633944717E-1,3.041355157E0
1.954017558E2,5.341212959E-1,2.934997033E0,2.245494533E-1,2.991640954E0
1.954117438E2,7.011371438E-1,2.655397798E0,1.187057868E0,2.991962089E0
1.954217318E2,8.717913486E-1,1.932811167E0,2.339266915E0,3.157205863E0
1.954317208E2,9.560151545E-1,8.094663155E-1,3.325213016E0,3.553342411E0
1.954417088E2,1.228949075E0,-5.818880045E-1,4.359456534E0,4.566592904E0
1.954516968E2,1.301387452E0,-2.542203889E0,5.506528217E0,6.203084952E0
1.954616858E2,9.762552915E-1,-5.170757121E0,6.736536223E0,8.548141545E0
1.954716738E2,7.661750657E-1,-7.672654399E0,6.805445074E0,1.028448990E1
1.954816618E2,8.133499631E-1,-8.169317481E0,5.669374343E0,9.977028200E0
1.954916508E2,1.087360721E0,-6.106093524E0,5.072085357E0,8.012039773E0
1.955016388E2,1.579113385E0,-3.487481729E0,4.494749117E0,5.904142403E0
1.955116268E2,2.174655515E0,-1.209834527E0,3.506082599E0,4.299469895E0
1.955216158E2,2.860972745E0,4.753605062E-1,2.887324684E0,4.092404731E0
1.955316038E2,3.050369030E0,1.508246008E0,2.523185821E0,4.236274770E0
1.955415918E2,2.864128194E0,2.120689223E0,1.687052109E0,3.942930117E0
1.955515808E2,2.199112079E0,1.944744750E0,8.663758036E-1,3.060838629E0
1.955615688E2,8.602597623E-1,1.008471622E0,1.150527388E0,1.755213703E0
1.955715568E2,-6.739155044E-1,5.404721761E-1,1.965324610E0,2.146805325E0
1.955815458E2,-1.762769166E0,5.460948586E-1,2.213730995E0,2.882044352E0
1.955915338E2,-2.680076557E0,-1.780401152E-1,1.886637459E0,3.282363407E0
1.956015218E2,-3.555789487E0,-1.694780958E0,1.625040632E0,4.261065410E0
1.956115108E2,-4.398383203E0,-3.261903750E0,8.339296040E-1,5.539063951E0
1.956214988E2,-5.079570962E0,-4.259824072E0,7.722242296E-2,6.629789257E0
1.956314868E2,-5.330200751E0,-4.656184017E0,-1.633425540E-1,7.079390542E0
1.956414758E2,-4.835145653E0,-4.040978578E0,-1.424182928E-1,6.303048812E0
1.956514638E2,-4.370903628E0,-2.111940619E0,-6.465734124E-2,4.854819489E0
1.956614528E2,-4.232792687E0,5.570186269E-1,-1.007369422E0,4.386524459E0
1.956714408E2,-4.518825320E0,3.240416402E0,-2.015702466E0,5.914654442E0
1.956814288E2,-4.706989304E0,4.922442244E0,-3.452147005E0,7.635673179E0
1.956914178E2,-4.258726257E0,5.378370114E0,-4.471291550E0,8.188776621E0
1.957014058E2,-3.324264013E0,4.710432730E0,-4.714713184E0,7.447645812E0
1.957113938E2,-1.882984704E0,3.040366783E0,-4.990728368E0,6.139774524E0
1.957213828E2,-3.177525359E-1,6.979868102E-1,-5.666074759E0,5.717740413E0
1.957313708E2,1.315323560E0,-2.214214268E0,-6.391221301E0,6.890611773E0
1.957413588E2,2.725578127E0,-4.414533797E0,-6.462849693E0,8.287660160E0
1.957513478E2,3.498699904E0,-5.501731746E0,-5.474399521E0,8.513460128E0
1.957613358E2,2.968010120E0,-5.102710149E0,-3.878864816E0,7.063450092E0
1.957713238E2,1.821376686E0,-2.697689540E0,-2.037896158E0,3.840307622E0
1.957813128E2,2.093227190E-1,-2.469559836E-1,-3.354959849E-1,4.662197061E-1
1.957913008E2,-1.885727925E0,1.028797129E0,1.219619257E0,2.470195230E0
1.958012888E2,-2.131172403E0,1.413949715E0,1.911506252E0,3.192961911E0
1.958112778E2,-2.025513363E0,1.374793836E0,1.207421089E0,2.729583880E0
1.958212658E2,-2.111148321E0,1.495200285E0,3.908539143E-1,2.616359667E0
1.958312538E2,-2.230923417E0,1.569098566E0,3.222298220E-2,2.727659789E0
1.958412428E2,-2.154675287E0,1.340969447E0,-1.038789582E0,2.742245147E0
1.958512308E2,-1.566059183E0,1.196245598E0,-1.960009052E0,2.779420872E0
1.958612188E2,-9.483090359E-1,7.154834336E-1,-1.890816464E0,2.233023393E0
1.958712078E2,-2.944229494E-1,2.763142687E-1,-1.318629575E0,1.379064322E0
1.958811958E2,3.212099945E-1,-1.361185026E-1,-1.113190723E0,1.166575198E0
1.958911838E2,6.654557528E-1,-3.399348986E-1,-1.011753226E0,1.257788410E0
1.959011728E2,1.000929811E0,-3.446331364E-1,-7.021799947E-1,1.270310682E0
1.959111608E2,9.702094167E-1,-2.094320619E-1,-5.565141584E-1,1.137926232E0
1.959211488E2,7.969364633E-1,1.342625964E-1,-3.989765739E-1,9.012860133E-1
1.959311378E2,5.386506953E-1,3.770921999E-1,-7.847065732E-2,6.621938862E-1
1.959411257E2,4.565523523E-1,4.888605577E-1,6.927383494E-1,9.629699455E-1
1.959511137E2,3.678739914E-1,6.374242741E-1,9.575124802E-1,1.207671780E0
1.959611027E2,4.353329529E-1,8.539256197E-1,7.184199053E-1,1.197844274E0
1.959710907E2,7.091090915E-1,7.503164667E-1,5.329438128E-1,1.161825982E0
1.959810787E2,9.623306590E-1,5.836655581E-1,5.025850692E-1,1.232614105E0
1.959910677E2,9.848194890E-1,4.677287203E-1,4.641999257E-1,1.184956182E0
1.960010557E2,8.062140942E-1,3.763355702E-1,5.011350328E-1,1.021149327E0
1.960110437E2,7.666779263E-1,3.567526603E-1,1.062477018E0,1.357911969E0
1.960210327E2,3.776915395E-1,2.661009371E-1,3.719419724E-1,5.931285178E-1
1.960310207E2,2.307993959E-1,4.963379771E-1,-1.564598330E-1,5.692973107E-1
1.960410087E2,1.692714845E-1,8.458921301E-1,1.049479900E0,1.358526552E0
1.960509977E2,-7.794236138E-2,1.069475623E0,1.135574303E0,1.561852144E0
1.960609857E2,-2.634217429E-1,1.205608159E0,9.699653685E-1,1.569622523E0
1.960709747E2,-2.217771421E-1,1.315669715E0,1.069675598E0,1.710081222E0
1.960809627E2,-3.667904292E-1,1.235149462E0,1.259101412E0,1.801517632E0
1.960909507E2,-2.259606788E-1,1.237058578E0,1.490006204E0,1.949741173E0
1.961009397E2,7.508672744E-2,1.021555352E0,1.436361508E0,1.764184723E0
1.961109277E2,4.510705876E-1,6.975915384E-1,1.437705199E0,1.660450200E0
1.961209157E2,9.523437609E-1,4.953281629E-1,1.132063050E0,1.560088260E0
1.961309047E2,1.661612335E0,1.089143318E-1,7.526021433E-1,1.827355431E0
1.961408927E2,2.302693019E0,-5.631172729E-1,3.442057415E-1,2.395406812E0
1.961508807E2,2.637585425E0,-1.228825114E0,2.080638134E-1,2.917217610E0
1.961608697E2,2.719097073E0,-1.659523417E0,3.612070692E-1,3.205928479E0
1.961708577E2,2.629004929E0,-1.869551895E0,6.217683542E-1,3.285344288E0
1.961808457E2,2.406021214E0,-1.943872930E0,8.364277538E-1,3.204245845E0
1.961908347E2,1.693643090E0,-1.785899874E0,1.069624070E0,2.683646945E0
1.962008227E2,8.586815988E-1,-1.334799466E0,1.526849656E0,2.202338206E0
1.962108107E2,1.291534455E-1,-8.302783102E-1,1.763018696E0,1.953017564E0
1.962207997E2,-3.390601552E-1,-5.491248858E-1,1.929095846E0,2.034185516E0
1.962307877E2,-3.985870032E-1,-1.038013510E0,2.016885942E0,2.303078928E0
1.962407757E2,-3.824470800E-1,-1.918260956E0,1.879306805E0,2.712523720E0
1.962507647E2,3.200458869E-2,-2.631800190E0,1.935410839E0,3.266988162E0
1.962607527E2,7.041902675E-1,-2.613669144E0,2.089005500E0,3.419224226E0
1.962707407E2,1.455550462E0,-2.249559517E0,1.955252781E0,3.316950196E0
1.962807297E2,2.731551350E0,-1.965583057E0,1.668535731E0,3.756181707E0
1.962907177E2,3.490032284E0,-2.037726004E0,1.094745024E0,4.187017946E0
1.963007057E2,3.831356481E0,-2.269544715E0,7.028062315E-1,4.508221634E0
1.963106947E2,4.049611992E0,-2.448037405E0,3.595265794E-1,4.745682646E0
1.963206827E2,4.091505538E0,-2.625255986E0,-4.864411991E-2,4.861558681E0
1.963306707E2,3.991725434E0,-2.879405215E0,-1.736236767E-1,4.924935686E0
1.963406597E2,3.534078190E0,-3.091725217E0,2.589030512E-1,4.702712436E0
1.963506477E2,2.131433043E0,-3.003721697E0,1.099268357E0,3.843662547E0
1.963606357E2,-5.369984914E-1,-2.055285192E0,2.331510583E0,3.154125267E0
1.963706247E2,-3.172114491E0,-5.964002091E-1,3.384729778E0,4.677007507E0
1.963806127E2,-4.603782440E0,2.057816452E-1,4.145511006E0,6.198582123E0
1.963906017E2,-5.288466250E0,4.199698323E-1,4.633034306E0,7.043383903E0
1.964005897E2,-5.048059148E0,3.309073824E-1,4.341941199E0,6.666697401E0
1.964105777E2,-4.287204244E0,-4.483785295E-1,2.774825424E0,5.126482193E0
1.964205667E2,-3.680821961E0,-1.625734112E0,3.805794062E-1,4.041819194E0
1.964305547E2,-3.135067995E0,-2.844082185E0,-1.769844005E0,4.588006387E0
1.964405427E2,-2.316413511E0,-3.944628743E0,-3.610008963E0,5.827352073E0
1.964505317E2,-1.687279565E0,-4.265136268E0,-4.776129121E0,6.621911287E0
1.964605197E2,-1.122244552E0,-3.811404612E0,-5.189507972E0,6.535842022E0
1.964705077E2,-2.976665461E-1,-2.689123954E0,-3.744246709E0,4.619456291E0
1.964804967E2,3.671102719E-1,-1.782126081E0,-2.163663919E0,2.827045255E0
1.964904847E2,8.382482844E-1,-1.479639675E0,-1.717271396E0,2.416819150E0
1.965004727E2,-7.068041191E-3,-1.335168425E0,-6.622688010E-1,1.490410898E0
1.965104617E2,-1.322848926E0,-1.265409388E0,6.490026382E-1,1.942265333E0
1.965204497E2,-1.797589628E0,-1.069046438E0,4.416679725E-1,2.137582596E0
1.965304377E2,-2.298391223E0,-7.511812699E-1,-2.267433286E-1,2.428639135E0
1.965404267E2,-2.343059126E0,-2.497351652E-1,-9.292629004E-1,2.532947544E0
1.965504147E2,-1.732292893E0,5.414422292E-1,-1.574310482E0,2.402592735E0
1.965604027E2,-1.384219255E0,1.026457658E0,-2.050523804E0,2.678493260E0
1.965703917E2,-1.149489215E0,1.240217829E0,-2.704384602E0,3.189539433E0
1.965803797E2,-9.322163290E-1,1.429569967E0,-3.013214944E0,3.462970095E0
1.965903677E2,-9.487421684E-1,1.390886543E0,-3.055945519E0,3.489051460E0
1.966003567E2,-9.956627119E-1,1.762809219E0,-3.039745516E0,3.652244978E0
1.966103447E2,-9.795352140E-1,1.896092407E0,-2.825110017E0,3.540607611E0
1.966203327E2,-1.178567857E0,1.707180564E0,-2.419236360E0,3.186878133E0
1.966303217E2,-1.229174485E0,1.756327581E0,-2.305176478E0,3.147919167E0
1.966403097E2,-1.329909147E0,1.889140652E0,-2.138322963E0,3.148005057E0
1.966502987E2,-1.254450829E0,2.189678766E0,-2.168635222E0,3.327359119E0
1.966602867E2,-1.078203470E0,2.537284042E0,-2.237683237E0,3.550712506E0
1.966702747E2,-8.398031321E-1,2.865799913E0,-2.464580348E0,3.871980725E0
1.966802637E2,-6.836864211E-1,3.349607892E0,-2.797240140E0,4.417222267E0
1.966902517E2,-6.238239428E-1,3.904253134E0,-3.002116637E0,4.964378425E0
1.967002397E2,-4.634415418E-1,4.347594287E0,-3.162808355E0,5.396268233E0
1.967102287E2,-4.789467497E-1,4.606176875E0,-3.266935572E0,5.667373591E0
1.967202167E2,-5.625816679E-1,4.740888537E0,-3.200920799E0,5.747905377E0
1.967302047E2,-6.497848494E-1,4.700983629E0,-3.059106524E0,5.646202277E0
1.967401937E2,-6.974757636E-1,4.640873083E0,-2.757328801E0,5.443072434E0
1.967501817E2,-7.451587839E-1,4.636823301E0,-2.342512996E0,5.248119576E0
1.967601697E2,-7.864997680E-1,4.702667627E0,-1.993288334E0,5.167868330E0
1.967701587E2,-6.797060752E-1,4.800544755E0,-1.612335218E0,5.109486779E0
1.967801467E2,-6.203885575E-1,4.645389472E0,-1.047356191E0,4.802237010E0
1.967901347E2,-5.394291059E-1,4.071668859E0,6.381133685E-1,4.156520146E0
1.968001237E2,-6.856268927E-1,2.930257865E0,2.023742095E0,3.626572411E0
1.968101117E2,-7.864108904E-1,1.150093524E0,3.430418167E0,3.702556684E0
1.968200997E2,-8.026536515E-1,-1.495639411E0,4.797153662E0,5.088602302E0
1.968300887E2,-2.177427095E-1,-4.981515495E0,6.133546786E0,7.904638176E0
1.968400767E2,6.900895607E-1,-9.060489864E0,7.714485964E0,1.191981518E1
1.968500647E2,1.497194917E0,-1.251196561E1,8.656191155E0,1.528792076E1
1.968600537E2,3.052469350E0,-1.237193532E1,7.158142106E0,1.461579115E1
1.968700417E2,4.627103182E0,-8.280839671E0,3.667089775E0,1.017005098E1
1.968800297E2,6.044691328E0,-4.450481309E0,1.662965088E0,7.688337273E0
1.968900187E2,6.795844531E0,-1.922892535E0,1.424534930E0,7.204881565E0
1.969000067E2,7.145744839E0,4.136612713E-2,1.531367945E0,7.308109759E0
1.969099957E2,6.515053049E0,1.643006203E0,1.363809549E0,6.856045661E0
1.969199837E2,4.962993270E0,3.456366355E0,1.365146807E0,6.200112610E0
1.969299717E2,2.314021415E0,4.106476749E0,1.978253388E0,5.111881539E0
1.969399605E2,-7.923492495E-2,3.190277113E0,2.029796887E0,3.782092229E0
1.969499485E2,-1.823550242E0,1.456427398E0,2.285457913E0,3.266471203E0
1.969599365E2,-3.017839800E0,-9.625043213E-2,3.094615495E0,4.323571008E0
1.969699255E2,-3.597675724E0,-1.058038470E0,2.974384755E0,4.786405821E0
1.969799135E2,-4.323955749E0,-3.388105960E0,1.636195951E0,5.731753004E0
1.969899015E2,-5.080952075E0,-6.591823483E0,-3.934842843E-1,8.332049009E0
1.969998905E2,-5.688120516E0,-8.717022663E0,-1.755287361E0,1.055567302E1
1.970098785E2,-5.882764385E0,-8.663696641E0,-1.415810884E0,1.056745365E1
1.970198665E2,-5.500927754E0,-7.171872538E0,2.164595380E-1,9.041173407E0
1.970298555E2,-4.279747582E0,-4.181883026E0,7.317638361E-1,6.028255413E0
1.970398435E2,-3.439854695E0,2.613857424E-1,-9.817741129E-1,3.586753858E0
1.970498315E2,-4.037874291E0,5.286493984E0,-3.843801403E0,7.682854720E0
1.970598205E2,-5.448202241E0,8.710691298E0,-5.440779201E0,1.162588185E1
1.970698085E2,-6.644771190E0,9.778309261E0,-5.631100808E0,1.309494607E1
1.970797965E2,-7.169359989E0,8.998411730E0,-4.107036912E0,1.221633695E1
1.970897855E2,-7.203983107E0,6.566926038E0,-2.243291594E0,1.000271200E1
1.970997735E2,-5.779941097E0,3.407412297E0,-2.907669193E0,7.312504208E0
1.971097615E2,-3.154536007E0,-1.068757585E0,-4.401345694E0,5.519527527E0
1.971197505E2,-1.280206571E-1,-6.056436630E0,-5.996470510E0,8.523759295E0
1.971297385E2,2.692521771E0,-9.143482320E0,-7.410749424E0,1.207361377E1
1.971397265E2,3.001659969E0,-8.817107699E0,-6.082045680E0,1.112396649E1
1.971497155E2,2.199467590E0,-4.869972839E0,-1.895246315E0,5.669766462E0
1.971597035E2,-1.545638368E-1,-6.525404960E-1,-9.428225935E-2,6.771914227E-1
1.971696925E2,-1.663230552E0,2.262238035E0,2.479166812E-1,2.818779785E0
1.971796805E2,-2.204503797E0,3.304457447E0,7.959975466E-2,3.973111140E0
1.971896685E2,-2.554625714E0,3.254956089E0,2.597666484E-1,4.145881136E0
1.971996575E2,-2.599675880E0,3.002216039E0,-1.260089591E-2,3.971369362E0
1.972096455E2,-2.732264711E0,2.415728030E0,-1.623375638E-1,3.650666494E0
1.972196335E2,-2.910736935E0,1.817307023E0,-1.465835568E-1,3.434600568E0
1.972296225E2,-2.322880093E0,1.570754498E0,-8.794908160E-1,2.938800046E0
1.972396105E2,-1.025874106E0,8.767087108E-1,-1.416142568E0,1.956143046E0
1.972495985E2,2.766397028E-1,-6.421651965E-1,-1.483487874E0,1.640012785E0
1.972595875E2,1.363507833E0,-1.544356658E0,-1.640752832E0,2.633678217E0
1.972695755E2,2.243799717E0,-1.735569381E0,-1.564013243E0,3.239286290E0
1.972795635E2,2.459632726E0,-1.451026910E0,-5.240824306E-1,2.903434972E0
1.972895525E2,2.012885277E0,-8.455909985E-1,-2.794221369E-1,2.201092458E0
1.972995405E2,1.787923303E0,-8.147802651E-2,3.081681454E-1,1.816115638E0
1.973095285E2,1.503362121E0,6.290019447E-1,1.052343355E0,1.939888566E0
1.973195175E2,1.144315598E0,9.069160116E-1,1.129756324E0,1.846159308E0
1.973295055E2,9.126094455E-1,9.421717983E-1,8.981188756E-1,1.589704756E0
1.973394935E2,9.564819816E-1,8.217951697E-1,5.494124957E-1,1.375521418E0
1.973494825E2,1.101191506E0,6.150832325E-1,5.883211112E-1,1.391787284E0
1.973594705E2,1.285603917E0,4.632696337E-1,5.780808459E-1,1.483770079E0
1.973694585E2,1.394041700E0,4.777794993E-1,6.978458923E-1,1.630525805E0
1.973794475E2,1.217514625E0,5.922334832E-1,9.753284347E-1,1.668636544E0
1.973894355E2,9.846948702E-1,6.507752216E-1,1.321835604E0,1.772112225E0
1.973994245E2,1.004224863E0,5.080265611E-1,1.600703351E0,1.956734469E0
1.974094125E2,8.734084692E-1,4.350164723E-1,1.671418408E0,1.935386571E0
1.974194005E2,7.181234515E-1,4.444398451E-1,1.687126953E0,1.886696961E0
1.974293895E2,4.639040565E-1,6.122485024E-1,1.647489263E0,1.817766782E0
1.974393775E2,2.360313383E-1,8.475919157E-1,1.506351510E0,1.744482078E0
1.974493655E2,5.691628553E-2,1.177416978E0,1.226714269E0,1.701287190E0
1.974593545E2,-4.313988000E-2,1.418467859E0,1.148569740E0,1.825684684E0
1.974693425E2,-2.917526722E-2,1.345327962E0,1.361387340E0,1.914192783E0
1.974793305E2,-1.860642493E-2,1.254756346E0,1.244982140E0,1.767693473E0
1.974893195E2,3.928010371E-1,6.339147753E-1,1.114501523E0,1.340990023E0
1.974993075E2,1.016276194E0,-1.589922255E-1,7.226269770E-1,1.257094100E0
1.975092955E2,1.459446608E0,-4.196014577E-1,4.914818645E-2,1.519363462E0
1.975192845E2,1.739943390E0,-4.389153957E-1,-8.433205247E-2,1.796430244E0
1.975292725E2,1.728357717E0,-3.045621675E-1,-1.278154564E-1,1.759634991E0
1.975392605E2,1.342462388E0,-2.484745055E-1,-1.248461672E-1,1.370960032E0
1.975492495E2,1.017840178E0,-4.536743528E-1,-2.571534546E-1,1.143655081E0
1.975592375E2,7.713100174E-1,-9.875081849E-1,-3.761291635E-1,1.308267826E0
1.975692255E2,5.432079421E-1,-1.356369844E0,-1.622753640E-1,1.470084119E0
1.975792145E2,2.023050369E-1,-1.139025330E0,9.444430031E-2,1.160700545E0
1.975892025E2,-4.400936097E-2,-1.110409641E0,1.038069059E0,1.520701735E0
1.975991915E2,-1.057953539E0,-1.342545857E0,1.550971613E0,2.308074525E0
1.976091795E2,-1.501331968E0,-2.171170574E0,2.007110567E0,3.316092907E0
1.976191675E2,-1.359708458E0,-3.138874240E0,2.504637283E0,4.239639903E0
1.976291565E2,-7.070706059E-1,-3.364235871E0,3.029764026E0,4.582303121E0
1.976391445E2,2.807467505E-2,-2.832591237E0,2.448661888E0,3.744369953E0
1.976491325E2,1.150233419E0,-2.179287094E0,1.796041285E0,3.049277530E0
1.976591215E2,1.738568564E0,-1.898903748E0,1.424372377E0,2.942327780E0
1.976691095E2,2.262448681E0,-2.066995996E0,1.511832690E0,3.417131042E0
1.976790975E2,2.781119952E0,-2.190327807E0,1.692081299E0,3.923684902E0
1.976890865E2,3.135686923E0,-2.265403132E0,1.963289194E0,4.338097312E0
1.976990745E2,3.378418878E0,-2.436814844E0,2.198054903E0,4.709907223E0
1.977090625E2,3.139692850E0,-2.456918741E0,2.015152828E0,4.467097694E0
1.977190515E2,2.157779866E0,-1.976372339E0,1.566640981E0,3.319100110E0
1.977290395E2,3.557216500E-1,-1.177038664E0,1.328473363E0,1.810193190E0
1.977390275E2,-1.551994291E0,-4.894838709E-1,1.572924399E0,2.263265761E0
1.977490165E2,-2.940373548E0,8.621368647E-2,1.892301657E0,3.497718537E0
1.977590045E2,-4.464896450E0,2.089028889E-1,1.777257689E0,4.810154428E0
1.977689925E2,-5.867262831E0,-3.090154070E-1,1.647313262E0,6.101959082E0
1.977789815E2,-6.674831725E0,-1.373265958E0,1.710335721E0,7.025986495E0
1.977889695E2,-7.088748520E0,-2.703822684E0,1.276553742E0,7.693542886E0
1.977989585E2,-6.895469391E0,-3.684776140E0,2.891740501E-2,7.818306054E0
1.978089465E2,-6.015905485E0,-3.775269989E0,-1.067122704E0,7.182098103E0
1.978189345E2,-4.761362270E0,-3.337782483E0,-1.478678977E0,5.999821172E0
1.978289235E2,-3.665764796E0,-2.647592350E0,-2.144200292E0,5.004515130E0
1.978389115E2,-2.830022847E0,-2.110938406E0,-1.769286765E0,3.949109511E0
1.978488995E2,-2.181342683E0,-1.686373247E0,-7.613355446E-1,2.860374528E0
1.978588885E2,-1.546255541E0,-1.447685226E0,-4.884763956E-1,2.173777335E0
1.978688765E2,-3.995066240E-1,-1.090271831E0,-6.037285244E-1,1.308734633E0
1.978788645E2,7.573401421E-2,-8.325844520E-1,-7.620383799E-1,1.131209531E0
1.978888535E2,2.643014565E-1,-5.035791689E-1,-1.291385643E0,1.411071975E0
1.978988415E2,2.791177163E-1,1.555675113E-1,-1.757879432E0,1.786686331E0
1.979088295E2,-9.056138366E-2,8.386988854E-1,-1.799170715E0,1.987116616E0
1.979188185E2,-4.301422334E-1,1.317075970E0,-2.074827172E0,2.494918685E0
1.979288065E2,-6.002956241E-1,1.740972208E0,-2.652543188E0,3.229136793E0
1.979387945E2,-7.781364224E-1,2.094926975E0,-2.971828937E0,3.718330614E0
1.979487831E2,-8.893837202E-1,2.207768297E0,-3.072854497E0,3.886859789E0
1.979587711E2,-1.221032822E0,2.427842876E0,-2.871167073E0,3.953345740E0
1.979687601E2,-1.318883345E0,2.604955038E0,-2.732265880E0,3.998814933E0
1.979787481E2,-1.569383326E0,2.563024070E0,-2.293142616E0,3.780285633E0
1.979887361E2,-1.893575181E0,2.349498373E0,-1.757393528E0,3.492019699E0
1.979987251E2,-2.267801076E0,2.413157009E0,-1.656565896E0,3.702763703E0
1.980087131E2,-2.561404392E0,2.506210184E0,-1.585779211E0,3.918746949E0
1.980187011E2,-2.786351163E0,2.626452327E0,-1.395671319E0,4.075524882E0
1.980286901E2,-2.842121029E0,2.744067900E0,-1.380148716E0,4.184778496E0
1.980386781E2,-2.718894760E0,2.879641442E0,-1.367001252E0,4.189679698E0
1.980486661E2,-2.332995776E0,3.000619165E0,-1.416389174E0,4.056198091E0
1.980586551E2,-1.883622635E0,3.139049656E0,-1.556544594E0,3.978001766E0
1.980686431E2,-1.493533536E0,3.286055675E0,-1.696802341E0,3.988476213E0
1.980786311E2,-1.195218827E0,3.438240572E0,-1.855096993E0,4.085514793E0
1.980886201E2,-9.964345443E-1,3.564332269E0,-1.960047498E0,4.187974751E0
1.980986081E2,-8.311866751E-1,3.623673906E0,-1.905805802E0,4.177796024E0
1.981085961E2,-6.212198853E-1,3.631000468E0,-1.755604865E0,4.080714029E0
1.981185851E2,-3.449842617E-1,3.696917299E0,-1.642844235E0,4.060190739E0
1.981285731E2,-3.968709916E-2,3.815705239E0,-1.467704923E0,4.088439712E0
1.981385611E2,3.124369052E-1,3.802843119E0,-1.039137345E0,3.954622489E0
1.981485501E2,5.883202341E-1,3.794854068E0,-2.966932771E-1,3.851631472E0
1.981585381E2,6.744652158E-1,3.672083589E0,1.597608420E-1,3.736927179E0
1.981685271E2,7.513932315E-1,2.855626928E0,1.066804615E0,3.139628804E0
1.981785151E2,4.045521499E-1,1.535294643E0,2.486683700E0,2.950319967E0
1.981885031E2,-1.593024934E-1,-3.431438506E-1,3.766913441E0,3.785863423E0
1.981984921E2,5.818345025E-3,-3.701045433E0,5.770456914E0,6.855358790E0
1.982084801E2,5.550358726E-1,-7.971237788E0,7.740807205E0,1.112514238E1
1.982184681E2,1.545402140E0,-1.132667068E1,8.837081788E0,1.444907440E1
1.982284571E2,2.296581363E0,-1.147409185E1,7.174393272E0,1.372592396E1
1.982384451E2,2.928272150E0,-8.161447129E0,4.498936893E0,9.768542890E0
1.982484331E2,3.333443557E0,-4.600886314E0,2.508716008E0,6.210769423E0
1.982584221E2,2.885392179E0,-2.066601309E0,3.314469927E0,4.856134254E0
1.982684101E2,2.798240891E0,6.121508539E-2,5.137693455E0,5.850623335E0
1.982783981E2,3.384939693E0,1.828907899E0,5.012432063E0,6.318797038E0
1.982883871E2,3.166612262E0,3.382726521E0,3.510827322E0,5.813448238E0
1.982983751E2,1.567280082E0,4.769355122E0,2.647176906E0,5.675443657E0
1.983083641E2,-6.646810699E-1,5.032933570E0,1.972495928E0,5.446371400E0
1.983183521E2,-2.107841136E0,3.785799070E0,1.437413715E0,4.565241181E0
1.983283401E2,-3.270719013E0,2.461381921E0,1.139090819E0,4.248944776E0
1.983383291E2,-4.724600241E0,1.812545051E0,5.110791001E-1,5.086095639E0
1.983483171E2,-6.280465096E0,4.272806060E-1,2.338292769E-1,6.299324303E0
1.983583051E2,-7.101890137E0,-1.781846584E0,4.438817284E-1,7.335451708E0
1.983682941E2,-6.804154594E0,-3.994355804E0,6.980789039E-1,7.920777246E0
1.983782821E2,-6.569996411E0,-5.955582685E0,1.245370103E0,8.954594611E0
1.983882701E2,-5.722700949E0,-7.089285294E0,1.681926732E0,9.264780066E0
1.983982591E2,-4.308646861E0,-7.359883325E0,2.194574640E0,8.806161376E0
1.984082471E2,-3.329582640E0,-5.739770141E0,1.335206139E0,6.768593448E0
1.984182351E2,-2.245011260E0,-1.535061924E0,-1.574504609E0,3.142539647E0
1.984282241E2,-1.996877063E0,3.114721146E0,-5.481631358E0,6.613417283E0
1.984382121E2,-3.278084165E0,5.767760763E0,-7.551780757E0,1.005197954E1
1.984482001E2,-5.049687012E0,6.510408021E0,-6.647396590E0,1.058643627E1
1.984581891E2,-5.997330635E0,6.297376998E0,-4.952008106E0,1.000736309E1
1.984681771E2,-5.472025552E0,5.090081332E0,-4.416013727E0,8.680620303E0
1.984781651E2,-4.326065716E0,2.731021593E0,-2.859483751E0,5.860884818E0
1.984881541E2,-2.503735642E0,-5.053017586E-1,-2.637947076E0,3.671891448E0
1.984981421E2,-3.712745127E-1,-3.176716835E0,-3.863980436E0,5.015946513E0
1.985081311E2,1.303940785E0,-4.964178500E0,-4.863777130E0,7.071043609E0
1.985181191E2,1.433502220E0,-5.494821507E0,-4.201886643E0,7.064265239E0
1.985281071E2,-1.359887858E-2,-4.381520417E0,-2.062334303E0,4.842636562E0
1.985380961E2,-1.542384100E0,-1.464953808E0,-5.081990540E-1,2.187076736E0
1.985480841E2,-2.217063616E0,9.568126416E-1,-9.609358057E-2,2.416628951E0
1.985580721E2,-2.583350161E0,2.027558280E0,1.048996335E-1,3.285680229E0
1.985680611E2,-3.090614246E0,2.248366685E0,6.311542317E-1,3.873681044E0
1.985780491E2,-3.351736863E0,2.228134734E0,7.503941616E-1,4.094119660E0
1.985880371E2,-3.679394363E0,2.081109420E0,2.833829677E-1,4.236657315E0
1.985980261E2,-3.183305770E0,1.466203943E0,-3.993437791E-1,3.527416205E0
1.986080141E2,-2.099196320E0,7.321655399E-1,-1.128499172E0,2.493231227E0
1.986180021E2,-1.438812369E0,2.322724557E-1,-1.561371471E0,2.135886794E0
1.986279911E2,-6.289887884E-1,-1.086038446E-1,-1.417583760E0,1.554659258E0
1.986379791E2,4.283233473E-2,-4.499116695E-1,-1.867625238E0,1.921530418E0
1.986479681E2,2.555519936E-1,-8.455190778E-1,-1.843465712E0,2.044156345E0
1.986579561E2,6.366150194E-1,-9.188969564E-1,-1.328327183E0,1.736117336E0
1.986679441E2,7.717932898E-1,-8.941141176E-1,-4.794330919E-1,1.274739592E0
1.986779331E2,6.967384297E-1,-7.090357089E-1,3.607053781E-1,1.057489691E0
1.986879211E2,4.982239965E-1,-4.666604340E-1,6.951415551E-1,9.742796790E-1
1.986979091E2,-9.576069128E-2,-5.796350724E-1,-5.097438884E-1,7.778083047E-1
1.987078981E2,-1.541838774E-1,-4.511267209E-1,-3.165963951E-1,5.722947351E-1
1.987178861E2,-1.900974394E-1,-3.113022530E-1,-2.237051519E-1,4.278903179E-1
1.987278741E2,-1.748346716E-2,-3.373849279E-1,-3.467726326E-1,4.841337831E-1
1.987378631E2,1.079367139E-1,-4.701687634E-1,-1.222862927E-1,4.976574501E-1
1.987478511E2,1.285986909E-1,-5.080446875E-1,2.122211838E-1,5.654068081E-1
1.987578391E2,3.510837116E-1,-2.929542750E-1,6.603903099E-1,8.032417701E-1
1.987678281E2,7.437918511E-1,-2.226853609E-2,1.018351078E0,1.261253790E0
1.987778161E2,8.738835555E-1,1.469434530E-1,1.324669164E0,1.593741899E0
1.987878051E2,6.843125848E-1,2.607700306E-1,1.329384359E0,1.517744213E0
1.987977931E2,6.286862681E-1,1.455120546E-1,1.381341548E0,1.524639188E0
1.988077811E2,2.805766696E-1,1.562177217E-1,1.665966464E0,1.696635348E0
1.988177701E2,4.043449757E-1,3.054211235E-1,1.846609321E0,1.914874123E0
1.988277581E2,8.825478865E-1,3.619245225E-1,2.048268241E0,2.259487313E0
1.988377461E2,1.371100150E0,6.294779080E-1,1.940055867E0,2.457636024E0
1.988477351E2,1.976742760E0,7.052163076E-1,1.830826371E0,2.785097338E0
1.988577231E2,2.535187523E0,5.551007402E-1,1.533111877E0,3.014256896E0
1.988677111E2,2.724907744E0,6.943106657E-1,1.313135239E0,3.103468007E0
1.988777001E2,2.604589587E0,7.624394989E-1,1.399440873E0,3.053462897E0
1.988876881E2,2.184971465E0,5.362890780E-1,1.446333642E0,2.674619091E0
1.988976761E2,1.632985098E0,-2.075738168E-1,1.436459888E0,2.184752670E0
1.989076651E2,1.408019177E0,-1.165386332E0,1.575543952E0,2.413085587E0
1.989176531E2,6.643483633E-1,-1.384159906E0,2.230284755E0,2.707660888E0
1.989276411E2,-1.867495430E-1,-8.814443707E-1,2.926023896E0,3.061606671E0
1.989376301E2,-3.825793733E-1,-6.448543310E-1,3.299915915E0,3.384028535E0
1.989476188E2,-2.201517624E-1,-7.664156055E-1,2.858369272E0,2.967513197E0
1.989576078E2,4.393691397E-1,-7.658916950E-1,2.049831348E0,2.231914847E0
1.989675958E2,1.377825617E0,-5.828007549E-1,1.877270951E0,2.400459617E0
1.989775838E2,1.876380858E0,-4.190360320E-1,1.878497843E0,2.687964000E0
1.989875728E2,1.950080626E0,-5.332450175E-1,1.934937215E0,2.798418611E0
1.989975608E2,1.751081605E0,-1.095170628E0,2.195852695E0,3.014540521E0
1.990075488E2,1.491708036E0,-1.910539123E0,2.288193240E0,3.333343803E0
1.990175378E2,1.674274334E0,-2.749654915E0,2.146070963E0,3.869033119E0
1.990275258E2,2.329209265E0,-3.270460566E0,1.499872649E0,4.286110833E0
1.990375138E2,2.742199715E0,-3.558614861E0,8.738349505E-1,4.576787796E0
1.990475028E2,3.057507895E0,-4.003609607E0,3.601640721E-1,5.050441820E0
1.990574908E2,2.911136885E0,-4.494640651E0,3.386558202E-1,5.365743221E0
1.990674788E2,2.303141501E0,-4.693521997E0,7.059708908E-2,5.228632083E0
1.990774678E2,4.233248185E-1,-3.949356802E0,4.471775115E-1,3.997072776E0
1.990874558E2,-2.120749157E0,-2.716849111E0,2.339163419E0,4.165396930E0
1.990974448E2,-3.818648728E0,-1.511452036E0,3.777087303E0,5.579691198E0
1.991074328E2,-4.903223616E0,-6.460582727E-1,3.301508696E0,5.946339445E0
1.991174208E2,-5.534578480E0,-2.999130464E-1,2.169242163E0,5.952068409E0
1.991274098E2,-5.695644128E0,-5.577553761E-1,1.574230667E0,5.935457463E0
1.991373978E2,-5.772692889E0,-1.686394882E0,1.615568143E0,6.227196104E0
1.991473858E2,-6.028599790E0,-3.169421264E0,1.686393127E0,7.016635117E0
1.991573748E2,-5.627091957E0,-4.108053158E0,1.422524657E0,7.110825623E0
1.991673628E2,-4.539692571E0,-3.967818215E0,2.208825912E-1,6.033338972E0
1.991773508E2,-3.184782484E0,-2.652730299E0,-1.470474164E0,4.397966778E0
1.991873398E2,-1.986745592E0,-1.291326002E0,-2.243084456E0,3.262837533E0
1.991973278E2,-1.018962697E0,-3.626636106E-1,-2.263535532E0,2.508665577E0
1.992073158E2,-4.667564745E-1,-6.143453139E-1,-1.650947306E0,1.822336077E0
1.992173048E2,-8.235345702E-1,-1.254152913E0,-6.360070552E-1,1.629605379E0
1.992272928E2,-1.338280313E0,-1.200639195E0,-6.442544067E-1,1.909867120E0
1.992372808E2,-1.206760865E0,-5.032376915E-1,-1.510977827E0,1.998142626E0
1.992472698E2,-4.561121301E-1,2.629340851E-1,-2.167515480E0,2.230537147E0
1.992572578E2,1.548905499E-2,5.483618242E-1,-2.698901668E0,2.754089834E0
1.992672468E2,7.167634805E-2,7.044462293E-1,-2.894641597E0,2.979988585E0
1.992772348E2,-1.018038983E-1,1.012283422E0,-2.815891881E0,2.994048905E0
1.992872228E2,-3.012754476E-1,1.485609097E0,-2.803389657E0,3.186972679E0
1.992972118E2,-6.154171816E-1,1.722660483E0,-3.024053051E0,3.534288373E0
1.993071998E2,-1.194204115E0,1.913392564E0,-2.981285054E0,3.738349254E0
1.993171878E2,-1.660817260E0,2.135793750E0,-2.663491807E0,3.796592883E0
1.993271768E2,-1.852987464E0,2.386892486E0,-2.515066377E0,3.931459928E0
1.993371648E2,-1.967230510E0,2.351377083E0,-2.277754791E0,3.819311057E0
1.993471528E2,-1.891851568E0,2.400008376E0,-2.015120375E0,3.660580922E0
1.993571418E2,-1.562999482E0,2.415151495E0,-1.765815858E0,3.375504372E0
1.993671298E2,-9.669461587E-1,2.496567541E0,-1.744175897E0,3.195306546E0
1.993771178E2,-5.837583826E-1,2.627680242E0,-1.683792578E0,3.175001536E0
1.993871068E2,-3.327360260E-1,2.799172645E0,-1.363037424E0,3.131126280E0
1.993970948E2,-1.048186496E-1,3.141133019E0,-1.500386766E0,3.482651869E0
1.994070838E2,-7.130907895E-2,3.525715503E0,-1.669371590E0,3.901609449E0
1.994170718E2,-2.141442599E-1,3.752802063E0,-1.553217528E0,4.067169258E0
1.994270598E2,-5.585733285E-1,3.868574594E0,-1.387256591E0,4.147572109E0
1.994370488E2,-7.655031475E-1,3.826814949E0,-1.403931389E0,4.147472853E0
1.994470368E2,-8.062313434E-1,3.657410002E0,-1.548785924E0,4.052825525E0
1.994570248E2,-7.050240073E-1,3.502975681E0,-1.691401268E0,3.953319582E0
1.994670138E2,-5.557141862E-1,3.408664770E0,-1.640892434E0,3.823655548E0
1.994770018E2,-3.534451827E-1,3.494404247E0,-1.318978654E0,3.751731498E0
1.994869898E2,-9.598343365E-2,3.690370172E0,-7.921997800E-1,3.775662235E0
1.994969788E2,2.532364049E-1,3.834260209E0,-1.897617361E-1,3.847296394E0
1.995069668E2,6.332166177E-1,3.774729121E0,3.012579060E-1,3.839309775E0
1.995169558E2,1.163461941E0,3.333789420E0,1.080918917E0,3.692720039E0
1.995269438E2,2.009648405E0,2.526849686E0,2.279990181E0,3.952469010E0
1.995369318E2,2.682531803E0,1.319386790E0,2.954920251E0,4.203369132E0
1.995469208E2,3.204079465E0,-8.962670624E-2,3.670802464E0,4.873289331E0
1.995569088E2,4.033791180E0,-1.614013953E0,4.607348949E0,6.332785853E0
1.995668968E2,4.578852544E0,-3.601799473E0,5.472923099E0,7.993230718E0
1.995768858E2,5.077615653E0,-5.931554137E0,6.030107203E0,9.865480631E0
1.995868738E2,5.554146187E0,-7.176375479E0,5.870769407E0,1.080809133E1
1.995968618E2,5.573514504E0,-6.679350454E0,5.339602489E0,1.020730822E1
1.996068508E2,5.441383803E0,-4.931828780E0,4.542680498E0,8.635249788E0
1.996168388E2,5.134559348E0,-3.347556689E0,3.566210687E0,7.091381681E0
1.996268268E2,4.491518531E0,-1.999120347E0,2.726235647E0,5.621617354E0
1.996368158E2,3.540817691E0,-7.466414917E-1,2.247883705E0,4.260028708E0
1.996468038E2,2.333923144E0,3.298045975E-1,2.219089676E0,3.237333364E0
1.996567928E2,1.352380143E0,1.378605051E0,2.335707715E0,3.030678879E0
1.996667808E2,6.952674895E-1,2.209889082E0,2.347527861E0,3.298165201E0
1.996767688E2,-2.579110345E-1,1.892927894E0,2.384282874E0,3.055241224E0
1.996867578E2,-9.974165842E-1,7.519595343E-1,2.452596479E0,2.752364887E0
1.996967458E2,-1.402123137E0,-2.574242538E-1,2.696629440E0,3.050250297E0
1.997067338E2,-2.001418887E0,-8.186604774E-1,2.720986016E0,3.475578720E0
1.997167228E2,-3.052843279E0,-1.112799398E0,1.922811551E0,3.775629596E0
1.997267108E2,-4.570919041E0,-2.711893596E0,1.315965584E-1,5.316482429E0
1.997366988E2,-6.092969449E0,-4.976759369E0,-1.331184424E0,7.979001347E0
1.997466878E2,-7.324979541E0,-6.376168814E0,-1.947065510E0,9.904641241E0
1.997566758E2,-8.444151819E0,-6.691910858E0,-1.682906725E0,1.090493218E1
1.997666638E2,-8.268069937E0,-5.699517324E0,-7.768376827E-1,1.007218720E1
1.997766528E2,-6.255990990E0,-3.523322822E0,1.203813064E-1,7.180927422E0
1.997866408E2,-3.622046041E0,4.110627687E-1,-1.377435023E0,3.896859937E0
1.997966298E2,-3.362407447E0,4.601678612E0,-4.476260806E0,7.246940091E0
1.998066178E2,-4.770932116E0,6.931073672E0,-5.902727948E0,1.027831566E1
1.998166058E2,-6.654657077E0,7.155181661E0,-5.244641368E0,1.108996612E1
1.998265948E2,-7.583308944E0,6.523105250E0,-4.236903279E0,1.086318673E1
1.998365828E2,-7.326409770E0,4.832021486E0,-2.898509530E0,9.242622423E0
1.998465708E2,-5.734180788E0,1.878572980E0,-2.834726640E0,6.666748898E0
1.998565598E2,-3.355453061E0,-1.553708110E0,-3.926076989E0,5.393250844E0
1.998665478E2,-6.115771324E-1,-4.390091851E0,-5.261334000E0,6.879576186E0
1.998765358E2,1.232092538E0,-5.728086235E0,-5.702746156E0,8.176205578E0
1.998865248E2,1.714984696E0,-5.498759606E0,-4.585100586E0,7.362110913E0
1.998965128E2,1.368235306E0,-3.361240928E0,-2.200596833E0,4.244129457E0
1.999065008E2,4.518186658E-1,-1.051294876E0,-8.869524479E-2,1.147705480E0
1.999164898E2,-1.870911300E-1,7.533207661E-1,6.574603432E-1,1.017226312E0
1.999264778E2,-6.753901722E-1,1.713460473E0,3.793135571E-1,1.880419489E0
1.999364668E2,-1.036238295E0,2.084826495E0,1.333663644E-1,2.331968676E0
1.999464541E2,-1.723699971E0,1.922421250E0,1.148030627E-1,2.584574394E0
1.999564421E2,-1.971703337E0,1.703031380E0,-4.108717109E-1,2.637564311E0
1.999664311E2,-1.668645074E0,1.374519601E0,-8.251317371E-1,2.313984205E0
1.999764191E2,-4.962683952E-1,5.243911636E-1,-1.165003924E0,1.370584750E0
1.999864071E2,7.690768196E-1,-1.974978948E-1,-1.461927436E0,1.663645515E0
1.999963961E2,1.605772741E0,-8.643044275E-1,-1.552211223E0,2.394762602E0
2.000063841E2,1.500250818E0,-1.340278891E0,-1.242822763E0,2.364679353E0
2.000163721E2,1.013227017E0,-9.947242337E-1,-3.186452595E-1,1.455211356E0
2.000263611E2,7.547898790E-1,-4.223549116E-1,4.356352539E-1,9.684366305E-1
2.000363491E2,3.508245703E-1,3.465346509E-1,1.023141044E0,1.135773630E0
2.000463371E2,-8.567311138E-2,7.725896806E-1,1.459118872E0,1.653258170E0
2.000563261E2,-1.782783893E-1,9.207025766E-1,1.515204780E0,1.781943305E0
2.000663141E2,-5.244893968E-2,9.652051502E-1,1.280295814E0,1.604222318E0
2.000763031E2,4.203175589E-1,9.425571299E-1,1.187251337E0,1.573100929E0
2.000862911E2,6.798127138E-1,5.326047474E-1,5.822188839E-1,1.041533471E0
2.000962791E2,1.009666428E0,2.785239315E-1,9.940844022E-2,1.052085507E0
2.001062681E2,1.642049306E0,1.453284520E-1,9.717961317E-1,1.913591911E0
2.001162561E2,1.982101733E0,5.908085167E-2,1.304345997E0,2.373507175E0
2.001262441E2,2.127238981E0,2.039766097E-1,1.454530562E0,2.585036034E0
2.001362331E2,2.103400322E0,4.123854089E-1,1.690382683E0,2.729789049E0
2.001462211E2,1.959593608E0,6.715883857E-1,1.891428083E0,2.805091489E0
2.001562091E2,1.833234985E0,8.640565056E-1,2.000420183E0,2.847634995E0
2.001661981E2,1.509529180E0,9.877754027E-1,1.960349799E0,2.664085195E0
2.001761861E2,1.285191688E0,9.722978228E-1,1.855191718E0,2.457400464E0
2.001861751E2,1.162951771E0,1.019413517E0,1.679630238E0,2.283159757E0
2.001961631E2,1.082575725E0,9.876683986E-1,1.551750462E0,2.134335626E0
2.002061511E2,9.383544436E-1,9.676440239E-1,1.500565106E0,2.017062135E0
2.002161401E2,1.061411290E0,1.047019976E0,1.357415911E0,2.016289342E0
2.002261281E2,1.539198537E0,7.856617159E-1,1.090216867E0,2.043274158E0
2.002361161E2,2.123248549E0,1.275932622E-1,6.925430524E-1,2.236980179E0
2.002461051E2,2.714688565E0,-7.262504965E-1,2.382937722E-1,2.820240719E0
2.002560931E2,2.895562241E0,-1.224478294E0,2.381126547E-1,3.152828162E0
2.002660811E2,2.437324136E0,-1.240111994E0,8.423848971E-1,2.861474973E0
2.002760701E2,1.653795777E0,-9.055740756E-1,1.509823587E0,2.415506602E0
2.002860581E2,1.263518545E0,-6.196054691E-1,1.526506863E0,2.076201640E0
2.002960461E2,1.241568974E0,-6.835266459E-1,9.855318260E-1,1.726260459E0
2.003060351E2,1.217944615E0,-1.083093204E0,6.656399401E-1,1.760555737E0
2.003160231E2,1.098192469E0,-1.019203602E0,5.629780360E-1,1.600545829E0
2.003260121E2,9.589945301E-1,-8.441677862E-1,9.339944673E-1,1.582604001E0
2.003360001E2,4.054618670E-1,-6.830442506E-1,1.776989887E0,1.946443380E0
2.003459881E2,-2.395854221E-1,-1.035166501E0,2.302680155E0,2.536002121E0
2.003559771E2,-7.779163478E-1,-1.586653662E0,2.490937257E0,3.054077947E0
2.003659651E2,-8.618322247E-1,-2.093847579E0,2.565789803E0,3.422021301E0
2.003759531E2,-6.915358695E-1,-2.402778786E0,2.501332437E0,3.536697855E0
2.003859421E2,-1.903974746E-1,-2.417752921E0,2.338744758E0,3.369199820E0
2.003959301E2,4.232732168E-1,-2.115492802E0,1.851526684E0,2.842995088E0
2.004059181E2,1.533247825E0,-1.945263398E0,1.226968038E0,2.764118150E0
2.004159071E2,2.632480221E0,-1.917806042E0,8.316600072E-1,3.361486353E0
2.004258951E2,3.529524963E0,-2.000292129E0,6.251516262E-1,4.104817855E0
2.004358841E2,4.167255339E0,-2.201572587E0,3.248174342E-1,4.724240181E0
2.004458721E2,4.473069103E0,-2.407478778E0,8.736562449E-2,5.080544658E0
2.004558601E2,3.880594130E0,-2.407981054E0,8.672683811E-1,4.648606028E0
2.004658491E2,2.387037643E0,-2.040868882E0,2.130705503E0,3.795128515E0
2.004758371E2,-2.481859455E-1,-7.962083387E-1,3.089082860E0,3.199683874E0
2.004858251E2,-2.708402808E0,6.923109180E-1,3.382415450E0,4.388106021E0
2.004958141E2,-3.933407936E0,1.360427227E0,3.264848408E0,5.289772713E0
2.005058021E2,-4.561061220E0,1.485517881E0,2.872868028E0,5.591369558E0
2.005157901E2,-4.837574879E0,1.100282848E0,1.959224795E0,5.333977395E0
2.005257791E2,-5.111655219E0,-3.225546348E-1,8.430954069E-1,5.190748543E0
2.005357671E2,-5.067183636E0,-2.373314082E0,-1.616411604E-1,5.597776129E0
2.005457551E2,-4.642531353E0,-4.261871767E0,-1.212304098E0,6.417657637E0
2.005557441E2,-3.756161288E0,-5.496489133E0,-1.821279183E0,6.901970608E0
2.005657321E2,-2.152992020E0,-5.794749171E0,-2.096098319E0,6.527489621E0
2.005757211E2,-1.475869025E-1,-4.949204950E0,-2.454234869E0,5.526271829E0
2.005857091E2,7.543959960E-1,-3.479135413E0,-1.985145794E0,4.076064323E0
2.005956971E2,2.014017152E0,-2.221887569E0,-5.140866154E-1,3.042586811E0
2.006056861E2,3.114296054E0,-1.701121679E0,1.012559411E-1,3.550057414E0
2.006156741E2,2.943633663E0,-1.485913737E0,-5.889643049E-1,3.349596652E0
2.006256621E2,1.364045338E0,-1.340290001E0,-9.053971973E-1,2.115831056E0
2.006356511E2,-1.763789213E-1,-9.748039395E-1,9.854955733E-2,9.955221040E-1
2.006456391E2,-1.091699428E0,-2.189402193E-1,-4.190328160E-1,1.189676831E0
2.006556271E2,-1.544457961E0,7.340980446E-1,-1.200733336E0,2.089500150E0
2.006656161E2,-1.626848153E0,1.368346696E0,-1.322669709E0,2.503689828E0
2.006756041E2,-1.663118286E0,1.748712167E0,-1.833132513E0,3.030566199E0
2.006855931E2,-1.532953564E0,1.916149526E0,-2.472686927E0,3.483641238E0
2.006955811E2,-1.989661745E0,2.045795746E0,-2.489580118E0,3.787089021E0
2.007055691E2,-2.159491346E0,2.261006026E0,-2.495737236E0,4.000531899E0
2.007155581E2,-2.120325526E0,2.249981686E0,-2.469146438E0,3.956625084E0
2.007255461E2,-2.174669841E0,2.480530382E0,-2.282006886E0,4.011206218E0
2.007355341E2,-2.164915369E0,2.604062753E0,-2.102602615E0,3.986093217E0
2.007455231E2,-2.023477216E0,2.489504689E0,-2.028117274E0,3.795438488E0
2.007555111E2,-1.917175713E0,2.400905339E0,-1.945581779E0,3.636646479E0
2.007654991E2,-1.764708687E0,2.392667196E0,-1.833017907E0,3.492707791E0
2.007754881E2,-1.557961375E0,2.490813881E0,-1.867772588E0,3.481374997E0
2.007854761E2,-1.376627961E0,2.761289704E0,-1.957398709E0,3.653934192E0
2.007954651E2,-1.173223794E0,2.926865895E0,-2.099065342E0,3.788017073E0
2.008054531E2,-1.134605712E0,3.178039475E0,-2.073808002E0,3.960801012E0
2.008154411E2,-1.099467747E0,3.381915513E0,-2.089959766E0,4.124816806E0
2.008254301E2,-1.039402809E0,3.488706136E0,-2.078585762E0,4.191890680E0
2.008354181E2,-9.369939427E-1,3.427722600E0,-2.057023862E0,4.105920973E0
2.008454061E2,-8.146117191E-1,3.405626557E0,-2.012010826E0,4.038573023E0
2.008553951E2,-6.101663089E-1,3.361383600E0,-1.797173306E0,3.860185814E0
2.008653831E2,-3.947500603E-1,3.282822164E0,-1.481133054E0,3.623051766E0
2.008753711E2,-2.062182677E-1,3.323784834E0,-1.137192813E0,3.518988361E0
2.008853601E2,-3.765314519E-2,3.460927768E0,-6.754966646E-1,3.526433683E0
2.008953481E2,1.532697017E-1,3.644032157E0,-3.071592084E-1,3.660165125E0
2.009053371E2,4.665984535E-1,3.613999103E0,6.683271012E-1,3.704775938E0
2.009153251E2,5.763619472E-1,3.036523408E0,1.818717957E0,3.586140335E0
2.009253131E2,6.578192161E-1,1.925564128E0,2.843857360E0,3.496862596E0
2.009353021E2,8.593138289E-1,1.356226587E-1,3.938580091E0,4.033512972E0
2.009452903E2,9.015294103E-1,-2.286837271E0,4.651830765E0,5.261360038E0
2.009552783E2,1.531969916E0,-4.928778872E0,5.078499752E0,7.240922091E0
2.009652673E2,2.143230385E0,-8.066980097E0,5.312823411E0,9.894225436E0
2.009752553E2,2.394400019E0,-1.017964226E1,5.048773677E0,1.161242368E1
2.009852433E2,2.619565476E0,-8.943870072E0,5.022669368E0,1.058688541E1
2.009952323E2,3.467760532E0,-5.873361477E0,4.260897329E0,8.042200209E0
2.010052203E2,4.420461412E0,-2.867845854E0,3.258246609E0,6.195255435E0
2.010152093E2,5.296210887E0,-5.854624075E-1,2.507664387E0,5.889057366E0
2.010251973E2,5.529917665E0,1.049054223E0,2.002466124E0,5.974142174E0
2.010351853E2,5.110730190E0,2.328633168E0,1.280087361E0,5.760270754E0
2.010451743E2,3.438303137E0,2.717553116E0,5.593247688E-1,4.418129423E0
2.010551623E2,1.032670178E0,1.636836805E0,9.001674476E-1,2.134465708E0
2.010651503E2,-1.236921753E0,2.628118783E-1,2.384763515E0,2.699285559E0
2.010751393E2,-2.307109275E0,-2.599087358E-1,3.367312092E0,4.090121817E0
2.010851273E2,-2.590788697E0,-1.255649216E0,3.048801391E0,4.193331724E0
2.010951153E2,-2.613670021E0,-3.214110364E0,2.154955368E0,4.669647636E0
2.011051043E2,-2.831687257E0,-5.218991387E0,6.970015544E-1,5.978472630E0
2.011150923E2,-3.508297232E0,-6.638504729E0,6.402759612E-2,7.508794446E0
2.011250813E2,-4.261578822E0,-7.275805627E0,-2.752787268E-1,8.436479120E0
2.011350693E2,-4.091198559E0,-6.242517251E0,-8.146194667E-1,7.508031177E0
2.011450573E2,-3.552376467E0,-2.585465099E0,-1.400416920E0,4.611417991E0
2.011550463E2,-4.442118621E0,1.839281445E0,-2.342185552E0,5.348009652E0
2.011650343E2,-5.463110887E0,5.434490520E0,-3.158176484E0,8.327865662E0
2.011750223E2,-5.360708014E0,7.212667977E0,-1.279888556E0,9.077328047E0
2.011850113E2,-6.080522481E0,6.192492567E0,-4.071199035E0,9.586155612E0
2.011949993E2,1.044882819E0,1.458814816E0,-4.475055987E0,4.821415442E0
2.012049873E2,-1.713132043E-1,2.348731218E0,-5.236061164E0,5.741273645E0
2.012149763E2,-7.281961575E0,7.240014235E0,-4.498284344E0,1.121067940E1
2.012249643E2,-8.366754565E0,2.212327956E0,-3.758041460E0,9.435033256E0
2.012349533E2,-4.031487377E0,-1.520937390E0,-3.110923964E0,5.314507402E0
2.012449413E2,-2.300642986E0,-2.017615090E0,-4.753903270E0,5.653611686E0
2.012549293E2,1.547538128E0,-4.075207009E0,-3.652203933E0,5.686895462E0
2.012649183E2,2.667000136E0,-4.405969380E0,-3.272426692E0,6.101985936E0
2.012749063E2,2.227076534E0,-3.960174150E0,-1.295098041E0,4.724418284E0
2.012848943E2,1.358666630E0,-2.268981044E0,3.680319393E-1,2.670149340E0
2.012948833E2,-2.559951578E-1,-4.997983593E-1,1.611178492E0,1.706232122E0
2.013048713E2,-1.089539467E0,1.052443269E0,1.699789537E0,2.276843770E0
2.013148593E2,-1.054004914E0,1.791728379E0,8.919389534E-1,2.262028302E0
2.013248483E2,-1.519089085E0,2.015375022E0,-7.288145006E-2,2.524812831E0
2.013348363E2,-2.168252229E0,1.906724399E0,-6.906288202E-1,2.968818592E0
2.013448253E2,-2.378684896E0,1.634326596E0,-1.359661242E0,3.190273334E0
2.013548133E2,-1.971050350E0,1.320468525E0,-1.983207296E0,3.092214058E0
2.013648013E2,-1.039919556E0,8.181903613E-1,-1.972797498E0,2.375457454E0
2.013747903E2,4.995192278E-2,-4.739577591E-2,-1.463260016E0,1.464879322E0
2.013847783E2,1.160505150E0,-4.945405430E-1,-1.061930815E0,1.648951063E0
2.013947663E2,2.045069814E0,-6.843025714E-1,-9.405924654E-1,2.352720710E0
2.014047553E2,1.880420992E0,-6.730612993E-1,-4.930717955E-1,2.057210348E0
2.014147433E2,1.777319377E0,-3.254209399E-1,-7.248749390E-2,1.808318941E0
2.014247323E2,1.614862969E0,7.797028184E-2,1.890531997E-1,1.627760082E0
2.014347203E2,1.151961783E0,3.167243761E-1,6.832856675E-1,1.376302868E0
2.014447083E2,6.946511929E-1,4.706523281E-1,1.050575741E0,1.344530878E0
2.014546973E2,2.566365608E-1,5.440483332E-1,1.002470552E0,1.169101416E0
2.014646853E2,1.117754475E-1,6.144026166E-1,1.111788926E0,1.275170162E0
2.014746733E2,9.248811431E-2,6.652318776E-1,1.039625076E0,1.237702630E0
2.014846623E2,2.336495481E-1,6.599571043E-1,1.061436360E0,1.271527678E0
2.014946503E2,5.042912136E-1,6.823133487E-1,1.113059599E0,1.399558075E0
2.015046383E2,7.627981525E-1,7.623389268E-1,1.208547555E0,1.619755800E0
2.015146273E2,1.440103873E0,7.730252981E-1,1.223709385E0,2.041796252E0
2.015246153E2,1.675414395E0,7.089702201E-1,1.075973634E0,2.113615724E0
2.015346043E2,1.697578559E0,8.505529457E-1,1.300029582E0,2.301149754E0
2.015445923E2,1.705673736E0,9.293067545E-1,1.535017485E0,2.475724665E0
2.015545803E2,1.694928308E0,9.231812114E-1,1.714745691E0,2.581743269E0
2.015645693E2,1.578458204E0,9.034936363E-1,1.556201947E0,2.393657359E0
2.015745573E2,1.500667140E0,7.414930183E-1,1.302890040E0,2.121163883E0
2.015845453E2,1.382834050E0,6.805018812E-1,1.376572559E0,2.066461911E0
2.015945343E2,1.313774194E0,6.718842548E-1,1.462607321E0,2.077655231E0
2.016045223E2,1.395047275E0,7.507304496E-1,1.373595157E0,2.096787248E0
2.016145103E2,1.722417531E0,5.005766237E-1,1.200756140E0,2.158498185E0
2.016244993E2,2.127715676E0,2.279303133E-2,8.576578975E-1,2.294181899E0
2.016344873E2,2.423666649E0,-4.033701718E-1,4.556291500E-1,2.498892843E0
2.016444763E2,2.462397874E0,-5.780756199E-1,2.493170893E-1,2.541600623E0
2.016544643E2,2.064727861E0,-6.873594958E-1,3.274124285E-1,2.200627891E0
2.016644523E2,1.614705971E0,-7.495352787E-1,4.051968420E-1,1.825722593E0
2.016744413E2,1.218453323E0,-1.007828429E0,4.075999745E-1,1.632937347E0
2.016844293E2,7.895213167E-1,-1.305504915E0,5.670325685E-1,1.627640294E0
2.016944173E2,3.984845307E-1,-1.190542808E0,6.187569650E-1,1.399657916E0
2.017044063E2,-1.647792149E-1,-7.581002802E-1,9.923824970E-1,1.259639331E0
2.017143943E2,-4.897186366E-1,-6.242820722E-1,1.531307427E0,1.724660803E0
2.017243833E2,-8.793053131E-1,-1.353136919E0,1.949754059E0,2.530948092E0
2.017343713E2,-1.418161319E0,-2.338397434E0,2.252770808E0,3.543199175E0
2.017443593E2,-1.500220851E0,-3.038376390E0,2.861766504E0,4.435324251E0
2.017543483E2,-7.812108153E-1,-3.238152945E0,3.211915319E0,4.627345335E0
2.017643363E2,2.295397595E-1,-3.051236756E0,2.856526229E0,4.185985708E0
2.017743243E2,1.209566870E0,-2.870257246E0,2.011919317E0,3.707997844E0
2.017843133E2,2.192231222E0,-2.695935375E0,1.478826327E0,3.776357052E0
2.017943013E2,2.798082139E0,-2.440071158E0,1.127761912E0,3.880084773E0
2.018042893E2,3.109748089E0,-2.327634464E0,1.218971386E0,4.071155440E0
2.018142783E2,3.307996767E0,-2.358934025E0,1.603614095E0,4.367950378E0
2.018242663E2,3.052678972E0,-2.289860281E0,1.896842605E0,4.261492800E0
2.018342553E2,1.747650167E0,-2.087986915E0,2.085153354E0,3.429553174E0
2.018442433E2,-4.820187306E-1,-1.233791154E0,2.280258569E0,2.637074479E0
2.018542313E2,-2.574178804E0,-5.291958207E-1,2.384402157E0,3.548495227E0
2.018642203E2,-3.970031387E0,-6.688109583E-1,2.728182185E0,4.863274138E0
2.018742083E2,-5.108580168E0,-1.029490024E0,2.954977553E0,5.990770684E0
2.018841963E2,-6.207003602E0,-1.823087581E0,2.035778735E0,6.781956731E0
2.018941853E2,-7.254342252E0,-3.113342957E0,9.937927723E-2,7.894825022E0
2.019041733E2,-7.081343606E0,-4.451047904E0,-2.307713731E0,8.676565990E0
2.019141613E2,-5.226810284E0,-5.057049826E0,-3.383093142E0,8.021135699E0
2.019241503E2,-2.970468290E0,-4.268320076E0,-3.538071839E0,6.289689219E0
2.019341383E2,-9.512955013E-1,-2.802269915E0,-2.744617538E0,4.036162192E0
2.019441277E2,5.535326997E-2,-1.877722794E0,-1.978484646E0,2.728242726E0
2.019541157E2,8.403346440E-1,-1.611611917E0,-1.162336717E0,2.157424837E0
2.019641037E2,1.557685094E0,-1.805700885E0,2.484563792E-1,2.397638236E0
2.019740927E2,1.045048588E0,-1.911246051E0,2.908188719E-1,2.197626819E0
2.019840807E2,-6.777977267E-2,-1.674868850E0,-6.171388212E-1,1.786236291E0
2.019940687E2,-8.037798983E-1,-7.806085521E-1,-1.210354344E0,1.649354260E0
2.020040577E2,-1.172822821E0,2.442522311E-1,-1.138658710E0,1.652790422E0
2.020140457E2,-1.311334297E0,1.138396754E0,-1.669739088E0,2.409060694E0
2.020240347E2,-1.413674604E0,1.872792422E0,-2.429354089E0,3.377512196E0
2.020340227E2,-1.750412245E0,2.447721655E0,-2.979353718E0,4.234599498E0
2.020440107E2,-1.891934160E0,2.967669520E0,-3.399841614E0,4.893403748E0
2.020539997E2,-2.144538261E0,3.367669356E0,-3.489949254E0,5.302828212E0
2.020639877E2,-2.332113431E0,3.629235193E0,-3.333189203E0,5.451628326E0
2.020739757E2,-2.490741083E0,3.517217159E0,-2.807976213E0,5.143864121E0
2.020839647E2,-2.558096914E0,3.273306990E0,-2.499664811E0,4.848373195E0
2.020939527E2,-2.381054626E0,3.115760196E0,-2.379245205E0,4.586740725E0
2.021039407E2,-2.116468118E0,3.010127907E0,-2.122706512E0,4.248080772E0
2.021139297E2,-1.887463671E0,3.089468776E0,-1.833401484E0,4.058164293E0
2.021239177E2,-1.626438702E0,3.258733975E0,-1.708495603E0,4.022885431E0
2.021339067E2,-1.594298896E0,3.355607135E0,-1.532548206E0,4.018779942E0
2.021438947E2,-1.511335092E0,3.509814584E0,-1.398944591E0,4.069395305E0
2.021538827E2,-1.377892860E0,3.740852693E0,-1.463304893E0,4.246625580E0
2.021638717E2,-1.318943278E0,3.932640781E0,-1.556387889E0,4.430306778E0
2.021738597E2,-1.256644412E0,4.056531587E0,-1.608309410E0,4.541064066E0
2.021838477E2,-1.197627002E0,4.065675462E0,-1.572097018E0,4.520565942E0
2.021938367E2,-1.117004131E0,3.913368359E0,-1.399916106E0,4.303709475E0
2.022038247E2,-9.433561519E-1,3.762254671E0,-1.134972917E0,4.041366670E0
2.022138137E2,-6.653175393E-1,3.685090136E0,-7.909019905E-1,3.827278759E0
2.022238017E2,-3.170465577E-1,3.639419873E0,-4.901030910E-1,3.685932253E0
2.022337897E2,3.693423003E-1,3.659247197E0,3.715408534E-2,3.678027217E0
2.022437787E2,9.108254600E-1,3.415920580E0,6.981601802E-1,3.603546040E0
2.022537667E2,1.184340959E0,2.756101470E0,1.430396179E0,3.323370586E0
2.022637547E2,1.646422438E0,2.182143459E0,1.905813403E0,3.332353770E0
2.022737437E2,2.112536742E0,1.276075879E0,2.847285874E0,3.768052280E0
2.022837317E2,1.967315294E0,-1.626194288E0,5.117391922E0,5.718613243E0
2.022937207E2,1.603731040E0,-6.368970891E0,7.498836558E0,9.968364619E0
2.023037087E2,2.023410850E0,-1.105759935E1,9.012317578E0,1.440786463E1
2.023136967E2,2.520831147E0,-1.298273897E1,8.079189084E0,1.549772232E1
2.023236857E2,2.920857881E0,-1.041551193E1,5.005251097E0,1.191917942E1
2.023336737E2,3.521087724E0,-5.861857080E0,2.439612444E0,7.260243527E0
2.023436617E2,3.780216148E0,-1.956918068E0,3.104431216E0,5.268496525E0
2.023536507E2,4.191517191E0,5.587891638E-1,4.306834517E0,6.035717459E0
2.023636387E2,4.973144621E0,2.608575634E0,2.926841336E0,6.332711462E0
2.023736267E2,4.436790346E0,4.014091326E0,1.214530718E0,6.105171792E0
2.023836157E2,2.015629083E0,3.647995985E0,1.350035848E0,4.381008114E0
2.023936037E2,-9.094203740E-1,2.143573471E0,2.233322384E0,3.226403805E0
2.024035927E2,-3.142955596E0,3.807069486E-1,2.389591853E0,3.966516972E0
2.024135807E2,-4.801024519E0,-1.753675869E0,1.770940357E0,5.409384922E0
2.024235687E2,-6.171436744E0,-4.488744904E0,1.315138788E0,7.743710501E0
2.024335577E2,-7.047253169E0,-6.555108231E0,6.561175302E-1,9.646953476E0
2.024435457E2,-7.089702201E0,-7.465034389E0,-5.345986480E-1,1.030904513E1
2.024535337E2,-5.995512736E0,-7.054811280E0,-1.036199704E0,9.316128219E0
2.024635227E2,-3.601351868E0,-4.783453344E0,-5.532913193E-1,6.013093418E0
2.024735107E2,-2.344610100E0,-1.425083984E0,-8.271494651E-1,2.865700110E0
2.024834987E2,-3.181762690E0,2.443284203E0,-2.350533915E0,4.649544192E0
2.024934877E2,-5.271216964E0,5.986761208E0,-3.550627565E0,8.731208058E0
2.025034757E2,-6.286851425E0,7.764845109E0,-4.508510832E0,1.096102141E1
2.025134647E2,-5.935022120E0,7.645729140E0,-4.270353153E0,1.057911044E1
2.025234527E2,-5.338992625E0,5.861358898E0,-3.244035829E0,8.566454274E0
2.025334407E2,-3.833979835E0,2.965315431E0,-3.944760305E0,6.249290427E0
2.025434297E2,-1.445030590E0,-5.457849562E-1,-4.660512126E0,4.909823612E0
2.025534177E2,1.227403071E0,-4.308944777E0,-5.793251699E0,7.323611721E0
2.025634057E2,3.584878508E0,-6.756587495E0,-6.924113731E0,1.031727578E1
2.025733947E2,4.073473894E0,-7.640163175E0,-6.407795234E0,1.077149584E1
2.025833827E2,2.778827258E0,-5.379499796E0,-3.266235952E0,6.879621813E0
2.025933717E2,8.679492894E-1,-1.528032401E0,-8.201012313E-1,1.939274353E0
2.026033597E2,-1.678500848E0,9.576920629E-1,6.905386269E-1,2.052165388E0
2.026133477E2,-2.927914008E0,2.246083932E0,1.087875642E0,3.847212872E0
2.026233367E2,-3.102811537E0,2.107082752E0,8.874247567E-1,3.854187315E0
2.026333247E2,-3.462279645E0,1.941608303E0,7.241997318E-1,4.035057421E0
2.026433127E2,-3.364152256E0,1.931592607E0,4.328278595E-1,3.903320428E0
2.026533017E2,-2.957429291E0,1.738228694E0,-7.007499120E-1,3.501267977E0
2.026632897E2,-2.543084480E0,1.499815493E0,-1.806922515E0,3.461458386E0
2.026732777E2,-1.871666833E0,1.082476323E0,-2.054817561E0,2.982811917E0
2.026832667E2,-1.023260985E0,9.547859967E-2,-1.767851420E0,2.044866218E0
2.026932547E2,-3.441720834E-1,-4.763697356E-1,-1.541716786E0,1.649931270E0
2.027032437E2,5.095009366E-1,-3.653410506E-1,-1.063302133E0,1.234373004E0
2.027132317E2,7.109994963E-1,-2.211007655E-1,-1.140098879E0,1.361701614E0
2.027232197E2,1.006071048E0,-1.285978138E-1,-7.899273328E-1,1.285574402E0
2.027332087E2,1.110214344E0,1.537385023E-1,-4.571500108E-1,1.210453448E0
2.027431967E2,9.018257180E-1,4.512261236E-1,-2.440370536E-1,1.037520469E0
2.027531847E2,7.137602592E-1,5.364931458E-1,2.379138494E-1,9.240571426E-1
2.027631737E2,2.550500285E-1,7.523091978E-1,9.634058889E-1,1.248667511E0
2.027731617E2,-1.003279880E-1,8.400928617E-1,8.542741138E-1,1.202333557E0
2.027831497E2,-2.229174954E-1,9.735099506E-1,9.591807640E-1,1.384717145E0
2.027931387E2,1.233818417E-1,1.021122658E0,1.275607517E0,1.638624148E0
2.028031267E2,3.410531786E-1,7.166359198E-1,1.010784196E0,1.285133847E0
2.028131157E2,4.388229366E-1,3.678144228E-1,-1.049656705E-1,5.821261129E-1
2.028231037E2,8.486661223E-1,4.306971341E-1,9.654799694E-1,1.355686461E0
2.028330917E2,7.313887373E-1,4.928243852E-1,1.533246363E0,1.768798963E0
2.028430807E2,6.471525060E-1,5.976977062E-1,1.742083763E0,1.952153875E0
2.028530687E2,9.519961439E-1,5.690972203E-1,1.586929066E0,1.936107477E0
2.028630567E2,1.176651139E0,4.959491372E-1,1.404030499E0,1.897834316E0
2.028730457E2,1.216165746E0,5.248519242E-1,1.438940715E0,1.955780930E0
2.028830337E2,1.349733547E0,5.661882305E-1,1.461791049E0,2.068618580E0
2.028930227E2,1.612723034E0,3.620420516E-1,1.507794603E0,2.237273921E0
2.029030107E2,1.785583101E0,9.797126770E-2,1.262077060E0,2.188776801E0
2.029129987E2,2.015323274E0,-2.671914428E-1,1.019981282E0,2.274484773E0
2.029229877E2,2.224090800E0,-6.460647047E-1,9.307703125E-1,2.496059467E0
2.029329757E2,2.641700988E0,-9.292827809E-1,1.073638841E0,2.999141704E0
2.029429637E2,3.036542119E0,-7.359153593E-1,5.324018490E-1,3.169481217E0
2.029529525E2,3.548754702E0,-5.748818707E-1,1.882440913E-1,3.599942352E0
2.029629405E2,3.890377107E0,-5.893613309E-1,-2.955334453E-1,3.945848556E0
2.029729295E2,4.026745285E0,-7.610747588E-1,-6.116280032E-1,4.143428676E0
2.029829175E2,3.707577943E0,-7.079036880E-1,-6.880161381E-1,3.836747065E0
2.029929055E2,2.750886338E0,-5.765535897E-1,-5.412509887E-1,2.862296686E0
2.030028945E2,1.377278610E0,-7.563782752E-1,-1.182681227E-1,1.575751190E0
2.030128825E2,6.766207919E-2,-1.424465348E0,4.897721751E-1,1.507831711E0
2.030228705E2,-1.009886795E0,-2.162917230E0,1.438458320E0,2.786977685E0
2.030328595E2,-1.985271363E0,-2.402144948E0,2.163614802E0,3.793788575E0
2.030428475E2,-2.426720357E0,-2.269413153E0,2.792740123E0,4.340346201E0
2.030528355E2,-2.391439573E0,-2.264420800E0,3.170743904E0,4.571673840E0
2.030628245E2,-1.800843749E0,-2.265255198E0,2.813405353E0,4.036046209E0
2.030728125E2,-9.198190624E-1,-2.051204420E0,2.421764696E0,3.304307934E0
2.030828015E2,3.502967495E-1,-1.794031597E0,1.684330230E0,2.485603650E0
2.030927895E2,1.424985019E0,-1.685238302E0,8.016053188E-1,2.348016509E0
2.031027775E2,2.150205383E0,-1.612101329E0,4.817451175E-1,2.730262303E0
2.031127665E2,2.897487437E0,-2.277747189E0,1.247737348E0,3.891068516E0
2.031227545E2,3.153168343E0,-3.050031061E0,2.348613689E0,4.976057308E0
2.031327425E2,1.878503544E0,-2.694075961E0,3.179557412E0,4.571258709E0
2.031427315E2,-9.705223158E-1,-1.087775069E0,2.995166051E0,3.331094091E0
2.031527195E2,-2.697246028E0,5.511737502E-1,2.469219528E0,3.698104071E0
2.031627085E2,-3.748332451E0,1.456746072E0,1.930198047E0,4.460691626E0
2.031726965E2,-4.985116795E0,1.394362128E0,1.549771764E0,5.403464418E0
2.031826845E2,-6.102247810E0,6.486673003E-1,1.587526066E0,6.338646276E0
2.031926735E2,-7.349568837E0,-7.368982762E-1,1.616291882E0,7.561189100E0
2.032026615E2,-8.075351556E0,-2.689346148E0,1.546147514E0,8.650691163E0
2.032126495E2,-7.638141793E0,-4.235409608E0,-5.689413920E-2,8.734022071E0
2.032226385E2,-6.041102307E0,-4.550858706E0,-1.715561378E0,7.755538852E0
2.032326265E2,-4.007986248E0,-3.926945009E0,-2.081833452E0,5.984887750E0
2.032426145E2,-1.927661817E0,-3.009663638E0,-2.211733294E0,4.203060725E0
2.032526035E2,-8.130638149E-1,-2.268434329E0,-1.761776893E0,2.985083733E0
2.032625915E2,1.161745271E-1,-2.194067101E0,-3.687382829E-1,2.227867790E0
2.032725805E2,1.026257683E0,-2.499030388E0,1.147093026E0,2.934992355E0
2.032825685E2,9.700814357E-1,-3.054999440E0,1.439607298E0,3.513765607E0
2.032925565E2,1.094969337E-1,-2.561956369E0,-6.183573809E-1,2.637797540E0
2.033025455E2,-3.265436053E-1,-1.257035590E0,-9.738145906E-1,1.623294200E0
2.033125335E2,-1.094371898E0,1.558762443E-1,-1.321545582E0,1.722913225E0
2.033225215E2,-1.881639552E0,1.316762559E0,-2.101646011E0,3.113092834E0
2.033325105E2,-2.188585629E0,2.250577517E0,-2.534374760E0,4.034607991E0
2.033424985E2,-2.164899143E0,3.018837335E0,-2.847115721E0,4.680409713E0
2.033524875E2,-2.042768058E0,3.467028753E0,-3.027131025E0,5.035544852E0
2.033624755E2,-2.069147186E0,3.537574825E0,-2.930373639E0,5.038144042E0
2.033724635E2,-2.085544825E0,3.372387475E0,-2.535025263E0,4.706256217E0
2.033824525E2,-1.886387783E0,3.257590259E0,-2.328866472E0,4.426507903E0
2.033924405E2,-1.684328476E0,3.224499696E0,-2.038266871E0,4.169999106E0
2.034024285E2,-1.372622765E0,2.880260078E0,-1.793149837E0,3.659969632E0
2.034124175E2,-1.146490324E0,2.682112557E0,-1.483538014E0,3.272468926E0
2.034224055E2,-9.280475566E-1,3.181047868E0,-1.604109939E0,3.681508726E0
2.034323945E2,-6.245320407E-1,3.517455726E0,-1.876549258E0,4.035340403E0
2.034423825E2,-5.433753917E-1,3.801163214E0,-1.800871962E0,4.241136454E0
2.034523705E2,-6.308470336E-1,3.863552420E0,-1.469868978E0,4.181569095E0
2.034623595E2,-7.715846173E-1,3.868012092E0,-1.159849311E0,4.111217677E0
2.034723475E2,-8.878804010E-1,3.980930597E0,-1.029713387E0,4.206714832E0
2.034823355E2,-8.146013403E-1,3.924457018E0,-1.107295414E0,4.158249796E0
2.034923245E2,-7.392555812E-1,3.818353443E0,-1.119136026E0,4.047071444E0
2.035023125E2,-7.581336093E-1,3.569470217E0,-9.037643623E-1,3.759344920E0
2.035123015E2,-7.126554278E-1,3.220775605E0,-5.667445931E-1,3.347009514E0
2.035222895E2,-5.540213807E-1,3.095048774E0,-2.729103121E-1,3.156065057E0
2.035322775E2,-3.592348033E-1,3.235855574E0,-1.030814418E-1,3.257366532E0
2.035422665E2,-1.029633281E-1,3.522198987E0,2.914994878E-1,3.535740248E0
2.035522545E2,1.725715068E-1,3.726027077E0,7.896208656E-1,3.812684070E0
2.035622425E2,6.176884595E-1,3.491218100E0,1.450122930E0,3.830535128E0
2.035722315E2,9.378118220E-1,2.806387525E0,2.311888497E0,3.755014031E0
2.035822195E2,1.083376794E0,1.822283589E0,2.897271675E0,3.590070460E0
2.035922085E2,1.272271388E0,-1.217062855E-1,4.409127461E0,4.590630880E0
2.036021965E2,1.777265583E0,-3.514895815E0,6.379836187E0,7.497698001E0
2.036121845E2,2.219738132E0,-8.403078638E0,8.353471445E0,1.205485185E1
2.036221735E2,3.073718424E0,-1.240759983E1,7.784823875E0,1.496662157E1
2.036321615E2,4.631496195E0,-1.168454249E1,5.336740862E0,1.365503912E1
2.036421495E2,4.963602549E0,-7.362750215E0,4.540456802E0,9.973123331E0
2.036521385E2,3.986234314E0,-3.389731486E0,4.869027929E0,7.147571373E0
2.036621265E2,2.787902137E0,-5.675944859E-1,4.234511476E0,5.101534011E0
2.036721145E2,1.937816091E0,1.458554031E0,3.265727537E0,4.067860299E0
2.036821035E2,1.018063103E0,2.614685390E0,2.202091236E0,3.566824635E0
2.036920915E2,-3.983921447E-1,2.695498588E0,2.487390336E0,3.689382011E0
2.037020805E2,-2.085290472E0,1.614476468E0,3.173472800E0,4.126245294E0
2.037120685E2,-3.350235591E0,-9.639398128E-1,3.139225950E0,4.691268276E0
2.037220565E2,-4.012384524E0,-3.797016369E0,2.501925052E0,6.064337708E0
2.037320455E2,-5.033551621E0,-6.332417607E0,1.996285032E0,8.331945067E0
2.037420335E2,-5.246841091E0,-7.845019206E0,1.927259821E0,9.632652708E0
2.037520215E2,-4.760164176E0,-7.301857311E0,3.444001248E-1,8.723238769E0
2.037620105E2,-2.758108819E0,-4.774567330E0,-2.985256775E0,6.270200592E0
2.037719985E2,-1.063489244E0,-7.755466175E-1,-4.496250975E0,4.684949813E0
2.037819875E2,-2.278874533E0,3.219824848E0,-4.012561694E0,5.626827928E0
2.037919755E2,-4.901068917E0,6.411477810E0,-3.944557407E0,8.982597474E0
2.038019635E2,-6.841308972E0,8.571771979E0,-4.145135615E0,1.172437344E1
2.038119525E2,-7.264011208E0,8.341971141E0,-3.808457908E0,1.169866202E1
2.038219405E2,-6.707379667E0,6.319508125E0,-1.854917776E0,9.400310893E0
2.038319285E2,-5.713365870E0,3.508256886E0,-2.933513010E-1,6.710921764E0
2.038419175E2,-3.027783282E0,-1.151112109E-1,-1.234285828E0,3.271724882E0
2.038519055E2,4.203060837E-1,-4.565778462E0,-3.722528981E0,5.905947187E0
2.038618945E2,3.205073492E0,-8.301030691E0,-6.345488473E0,1.092908187E1
2.038718825E2,3.259748467E0,-9.021583661E0,-7.067446529E0,1.191485343E1
2.038818705E2,1.501471424E0,-6.413344241E0,-4.907658144E0,8.214043417E0
2.038918595E2,-1.172097035E-1,-2.436966287E0,-2.242862993E0,3.314057514E0
2.039018475E2,-1.889785308E0,8.989988816E-1,-1.307287731E0,2.467486314E0
2.039118355E2,-3.936937315E0,2.847465384E0,4.967209697E-3,4.858761078E0
2.039218245E2,-4.534191218E0,3.266249986E0,1.386055573E0,5.757467240E0
2.039318125E2,-4.123285739E0,2.748317657E0,1.665151801E0,5.227567862E0
2.039418015E2,-3.597736827E0,2.545922134E0,1.239665559E0,4.578449573E0
2.039517891E2,-3.486173414E0,2.203423816E0,3.890959489E-1,4.142448219E0
2.039617771E2,-3.244868765E0,1.305734711E0,-4.255444215E-1,3.523521603E0
2.039717661E2,-2.324740092E0,6.429697734E-1,-1.274854542E0,2.728201006E0
2.039817541E2,-1.390677505E0,2.985231632E-1,-2.232750672E0,2.647314784E0
2.039917421E2,-7.185608232E-1,-8.241065741E-2,-2.719162855E0,2.813710682E0
2.040017311E2,-7.982618809E-3,-6.533509201E-1,-2.388716233E0,2.476468532E0
2.040117191E2,8.403697273E-1,-9.857247841E-1,-1.729561220E0,2.160846279E0
2.040217081E2,1.250769129E0,-9.735713464E-1,-1.055820109E0,1.904473860E0
2.040316961E2,1.422978401E0,-7.284987509E-1,-5.871744722E-1,1.703041932E0
2.040416841E2,1.212647330E0,-2.421893334E-1,-2.551977072E-1,1.262653986E0
2.040516731E2,1.060937519E0,1.019777799E-1,6.318428144E-3,1.065846053E0
2.040616611E2,1.081930485E0,2.399445873E-1,5.160716721E-1,1.222488016E0
2.040716491E2,7.512610844E-1,2.789022464E-1,6.997626096E-1,1.063883165E0
2.040816381E2,4.511384153E-1,4.755400157E-1,5.656806557E-1,8.658283782E-1
2.040916261E2,1.089307040E-1,5.589563942E-1,6.169894248E-1,8.396273574E-1
2.041016141E2,-3.388549179E-2,6.096780664E-1,7.299944687E-1,9.517076733E-1
2.041116031E2,-1.595632061E-1,5.919358599E-1,7.985864013E-1,1.006771434E0
2.041215911E2,-2.319654769E-1,4.876221174E-1,9.144904947E-1,1.062015149E0
2.041315801E2,-2.255329549E-1,3.639289480E-1,1.255507128E0,1.326501995E0
2.041415681E2,-3.447880876E-1,2.679433948E-1,1.883372959E0,1.933330337E0
2.041515561E2,-4.672191355E-1,1.294310421E-1,1.308772924E0,1.395683589E0
2.041615451E2,-1.850939038E-1,4.214614570E-1,1.683934958E0,1.745716602E0
2.041715331E2,2.369998930E-1,8.372633940E-1,2.364727446E0,2.519744994E0
2.041815211E2,6.338127413E-1,1.158128768E0,2.373415239E0,2.715894094E0
2.041915101E2,9.407094097E-1,1.162094350E0,1.962875211E0,2.467443326E0
2.042014981E2,1.376750899E0,8.424890506E-1,1.351001515E0,2.104860074E0
2.042114871E2,1.632471859E0,4.798809886E-1,8.496729398E-1,1.901892278E0
2.042214751E2,1.843438523E0,-2.070510757E-1,8.322623435E-1,2.033173958E0
2.042314631E2,1.935788277E0,-9.714213252E-1,7.271516255E-1,2.284663024E0
2.042414521E2,1.515381950E0,-1.217663949E0,2.803904358E-1,1.964104565E0
2.042514401E2,9.046411523E-1,-5.349968433E-1,3.943256986E-1,1.122537302E0
2.042614281E2,-3.629600644E-2,5.805869991E-1,1.096276921E0,1.241056707E0
2.042714171E2,-1.176293363E0,1.041198488E0,1.642807982E0,2.273010874E0
2.042814051E2,-2.187866714E0,1.172783060E0,1.601952317E0,2.954392000E0
2.042913941E2,-2.084429761E0,1.044864108E0,1.576190654E0,2.814420973E0
2.043013821E2,-1.540724952E0,7.364316684E-1,1.153166894E0,2.060572461E0
2.043113701E2,-6.684439724E-1,3.352898705E-1,9.819452170E-1,1.234282403E0
2.043213591E2,6.817802288E-2,-1.773343563E-2,9.524132697E-1,9.550150542E-1
2.043313471E2,3.524479401E-1,-4.604577076E-1,8.151486397E-1,1.000354015E0
2.043413351E2,1.837309179E-1,-1.092190302E0,8.813052070E-1,1.415392375E0
2.043513241E2,-4.079735385E-1,-1.899424735E0,1.348367783E0,2.364815513E0
2.043613121E2,-1.157099074E0,-2.693714603E0,2.109918652E0,3.612026210E0
2.043713011E2,-1.270720122E0,-3.173122551E0,2.798273928E0,4.417439681E0
2.043812891E2,-1.067925161E0,-3.424227719E0,3.116707445E0,4.751806491E0
2.043912771E2,-2.115395446E-1,-3.094427215E0,2.552720107E0,4.017039795E0
2.044012661E2,3.639819384E-1,-2.921016925E0,1.816851525E0,3.459157729E0
2.044112541E2,4.843712848E-1,-3.177605612E0,1.089117663E0,3.393813526E0
2.044212421E2,6.113193798E-1,-3.515315645E0,1.149994122E0,3.748818740E0
2.044312311E2,9.045426998E-1,-3.523194768E0,1.437059666E0,3.911040699E0
2.044412191E2,1.539140942E0,-3.356524563E0,1.589059352E0,4.019990250E0
2.044512081E2,1.829292208E0,-3.128694237E0,1.512321517E0,3.927105039E0
2.044611961E2,1.238648728E0,-2.660275546E0,1.615938857E0,3.350011200E0
2.044711841E2,-4.241723358E-1,-1.925674056E0,1.650095952E0,2.571178599E0
2.044811731E2,-2.226282044E0,-5.978596741E-1,8.684004021E-1,2.463308179E0
2.044911611E2,-3.600535889E0,3.176611000E-1,4.017165792E-1,3.636776522E0
2.045011491E2,-5.037488551E0,1.656288153E-1,1.292790145E0,5.203367195E0
2.045111381E2,-6.715457010E0,-1.109738966E0,2.903493989E0,7.399943295E0
2.045211261E2,-7.776703847E0,-2.644971043E0,3.432015626E0,8.902343838E0
2.045311151E2,-7.495697188E0,-3.726491931E0,1.926490035E0,8.589737033E0
2.045411031E2,-5.891693668E0,-3.723591712E0,-8.993799739E-1,7.027522597E0
2.045510911E2,-3.736366709E0,-2.738094385E0,-3.319494731E0,5.698828153E0
2.045610801E2,-2.017820035E0,-1.355786292E0,-3.929544388E0,4.620722158E0
2.045710681E2,-5.270466766E-1,-4.301925194E-1,-2.786470446E0,2.868320301E0
2.045810571E2,2.281337234E-1,-5.960522997E-1,-1.686165378E0,1.802907935E0
2.045910451E2,2.579723572E-1,-9.170521599E-1,-1.518221066E0,1.792353092E0
2.046010331E2,1.043411513E-1,-1.010970722E0,-1.680119065E0,1.963606109E0
2.046110221E2,-1.084627440E-1,-1.133159403E0,-1.499769884E0,1.882849996E0
2.046210101E2,-7.049239469E-1,-8.315547574E-1,-1.557036053E0,1.900726796E0
2.046309981E2,-8.937607996E-1,-1.553646129E-1,-1.618574781E0,1.855459742E0
2.046409871E2,-1.019958478E0,4.615447050E-1,-1.263141838E0,1.687858440E0
2.046509751E2,-1.331339960E0,9.746770549E-1,-1.630497254E0,2.319694537E0
2.046609641E2,-1.377357109E0,1.532494411E0,-2.269469286E0,3.065312801E0
2.046709521E2,-1.311072195E0,2.105166035E0,-2.861670610E0,3.786791916E0
2.046809401E2,-1.321871564E0,2.604956793E0,-3.233956691E0,4.357937609E0
2.046909291E2,-1.428731330E0,2.900765094E0,-3.154830707E0,4.517595393E0
2.047009171E2,-1.583270024E0,2.875490504E0,-2.619031918E0,4.199347306E0
2.047109051E2,-1.552776356E0,2.696097928E0,-2.113777522E0,3.761397860E0
2.047208941E2,-1.467064945E0,2.590976100E0,-2.046139562E0,3.612772317E0
2.047308821E2,-1.152935198E0,2.508003525E0,-1.799760114E0,3.295220436E0
2.047408711E2,-9.068452603E-1,2.663866906E0,-1.556277376E0,3.215673256E0
2.047508591E2,-7.573524213E-1,2.986658353E0,-1.557035760E0,3.452255953E0
2.047608471E2,-7.942287639E-1,3.038480471E0,-1.374145672E0,3.428037227E0
2.047708361E2,-7.772604364E-1,3.039771536E0,-1.193012672E0,3.356728171E0
2.047808241E2,-6.912182195E-1,3.148705748E0,-1.231774449E0,3.450999683E0
2.047908121E2,-5.571967843E-1,3.365963139E0,-1.291643506E0,3.648084299E0
2.048008011E2,-5.097926761E-1,3.603024464E0,-1.344635067E0,3.879396516E0
2.048107891E2,-5.434955520E-1,3.704100603E0,-1.412304017E0,4.001293707E0
2.048207781E2,-5.500528755E-1,3.743075219E0,-1.395648808E0,4.032493752E0
2.048307661E2,-5.102758388E-1,3.806404073E0,-1.239718184E0,4.035590982E0
2.048407541E2,-3.201037013E-1,3.847426969E0,-9.815346694E-1,3.983537494E0
2.048507431E2,9.361434286E-2,3.839423885E0,-6.107609707E-1,3.888826092E0
2.048607311E2,6.895592183E-1,3.841017836E0,-2.836753285E-1,3.912720489E0
2.048707191E2,1.132331584E0,3.781817116E0,9.643754303E-2,3.948875247E0
2.048807081E2,1.408427459E0,3.435648501E0,9.743729997E-1,3.838847649E0
2.048906961E2,1.678065815E0,2.653095165E0,2.047284739E0,3.747825188E0
2.049006851E2,2.005094155E0,1.587583954E0,3.325236112E0,4.194999474E0
2.049106731E2,2.309523006E0,-2.385149431E-1,5.003127388E0,5.515620505E0
2.049206611E2,2.184708487E0,-3.595445303E0,6.258228135E0,7.540928159E0
2.049306501E2,2.069615548E0,-7.707785640E0,7.656045967E0,1.105930865E1
2.049406381E2,2.622821206E0,-1.027627335E1,8.166541223E0,1.338556613E1
2.049506270E2,3.231234519E0,-9.600137583E0,6.178905392E0,1.186517551E1
2.049606160E2,3.525465534E0,-6.485198336E0,3.543930749E0,8.188171337E0
2.049706040E2,3.298413180E0,-2.964030797E0,3.016667140E0,5.363328138E0
2.049805930E2,3.518210601E0,-4.646782279E-1,4.114715183E0,5.433655558E0
2.049905810E2,4.292115028E0,1.174277024E0,4.859951881E0,6.589408944E0
2.050005690E2,4.319124487E0,2.343655835E0,3.846972933E0,6.240733911E0
2.050105580E2,3.202963524E0,2.558429913E0,1.966960953E0,4.546809249E0
2.050205460E2,1.799185333E0,1.679004001E0,1.669729148E0,2.973906139E0
2.050305340E2,-6.142946624E-1,5.770219517E-1,3.122494435E0,3.234236194E0
2.050405230E2,-3.268724820E0,-3.616660756E-1,3.668645134E0,4.926897748E0
2.050505110E2,-5.019664484E0,-1.612247509E0,3.016811274E0,6.074333200E0
2.050605000E2,-5.847980468E0,-2.593172314E0,2.211579805E0,6.768641181E0
2.050704880E2,-6.451931772E0,-3.425052761E0,1.698595097E0,7.499575675E0
2.050804760E2,-6.757611927E0,-3.999342894E0,1.472779137E0,7.989314171E0
2.050904650E2,-5.649042404E0,-3.596381443E0,7.635782441E-1,6.740080957E0
2.051004530E2,-3.262609802E0,-2.313886490E0,-5.806121421E-1,4.041757522E0
2.051104420E2,-1.944024811E0,-4.583182114E-1,-1.455312919E0,2.471279778E0
2.051204300E2,-2.171520969E0,1.404728072E0,-2.678666501E0,3.723441754E0
2.051304180E2,-3.336558953E0,3.063864403E0,-3.962707457E0,6.018549752E0
2.051404070E2,-4.543980626E0,4.527472767E0,-4.115886088E0,7.621436077E0
2.051503950E2,-4.757027437E0,5.248661329E0,-3.583099200E0,7.938284176E0
2.051603830E2,-4.178467375E0,4.640462608E0,-2.789910656E0,6.839377478E0
2.051703720E2,-2.562015133E0,2.810817960E0,-2.281965078E0,4.435311011E0
2.051803600E2,-3.404632676E-1,2.945125580E-2,-2.790935088E0,2.811779024E0
2.051903490E2,2.013610332E0,-3.069261383E0,-3.727539460E0,5.231590813E0
2.052003370E2,3.894274276E0,-4.956173077E0,-4.116491275E0,7.528248410E0
2.052103250E2,4.429628969E0,-5.230037947E0,-4.416763340E0,8.153692914E0
2.052203140E2,3.934029787E0,-4.270037988E0,-4.462782097E0,7.322993844E0
2.052303020E2,2.464822422E0,-2.087515630E0,-3.206928813E0,4.551644043E0
2.052402900E2,2.451210543E-1,5.553118247E-1,-1.395802882E0,1.522077934E0
2.052502790E2,-1.604942729E0,2.130277487E0,3.935082579E-1,2.696066039E0
2.052602670E2,-2.022710061E0,2.245157148E0,6.752952281E-1,3.096467384E0
2.052702560E2,-1.860120044E0,2.077724467E0,8.693061358E-1,2.921074921E0
2.052802440E2,-1.362071756E0,1.775474288E0,4.617914575E-1,2.284906950E0
2.052902320E2,-1.447595764E0,1.442069560E0,-2.447395965E-1,2.057910489E0
2.053002210E2,-1.164236550E0,1.259182103E0,-9.326773819E-1,1.952145848E0
2.053102090E2,-8.564753712E-1,9.258083653E-1,-1.420611594E0,1.899686420E0
2.053201970E2,-1.025181357E-1,4.693700337E-1,-1.669598901E0,1.737348176E0
2.053301860E2,3.955203579E-1,3.954881251E-2,-1.653543616E0,1.700648980E0
2.053401740E2,5.300522916E-1,-3.015192765E-1,-1.151374796E0,1.302894173E0
2.053501630E2,6.796978891E-1,-2.691660476E-1,-7.135785569E-1,1.021584034E0
2.053601510E2,7.028788101E-1,-1.533549249E-2,-4.047254102E-1,8.112191175E-1
2.053701390E2,4.381142541E-1,4.528925800E-1,6.594241306E-2,6.335646696E-1
2.053801280E2,1.568701979E-1,8.552482599E-1,4.167228004E-1,9.642176815E-1
2.053901160E2,-2.075552519E-1,1.069123621E0,6.296704276E-1,1.258010074E0
2.054001040E2,-5.417506698E-1,1.285610933E0,7.775095278E-1,1.597125645E0
2.054100930E2,-1.078713347E-1,1.128041335E0,4.262502535E-1,1.210703414E0
2.054200810E2,1.661183003E-1,8.478901237E-1,2.407012171E-1,8.969113822E-1
2.054300700E2,1.000682254E-1,6.096728039E-1,7.083228602E-1,9.399126831E-1
2.054400580E2,2.216197059E-1,4.480043077E-1,9.582924988E-1,1.080808802E0
2.054500460E2,4.867067358E-1,5.023939383E-1,9.284238249E-1,1.162434478E0
2.054600350E2,7.401340523E-1,5.877188480E-1,8.284721784E-1,1.256812639E0
2.054700230E2,8.921026023E-1,7.281923568E-1,8.140324062E-1,1.410233995E0
2.054800120E2,8.539677928E-1,8.083915973E-1,9.196582639E-1,1.492825940E0
2.054900000E2,8.049991889E-1,8.978206676E-1,1.042064461E0,1.593738996E0
2.054999880E2,7.465011585E-1,9.265533006E-1,1.090078288E0,1.613702473E0
2.055099770E2,6.943026258E-1,9.311690927E-1,1.094528019E0,1.595971052E0
2.055199650E2,7.572249520E-1,8.575772059E-1,1.080531539E0,1.573650755E0
2.055299530E2,9.766513672E-1,5.358324105E-1,1.074893653E0,1.548018292E0
2.055399420E2,1.318396418E0,1.093955576E-1,1.155329121E0,1.756394569E0
2.055499300E2,1.840347246E0,-4.334482491E-2,1.389234120E0,2.306236804E0
2.055599190E2,2.199889466E0,9.287132621E-3,1.398838756E0,2.606980971E0
2.055699070E2,2.471287689E0,-1.934738410E-1,1.260893583E0,2.781105463E0
2.055798950E2,2.627776721E0,-6.199808604E-1,1.099537328E0,2.915230540E0
2.055898840E2,2.623255946E0,-1.101520119E0,7.327741619E-1,2.937988479E0
2.055998720E2,2.671831983E0,-1.540975213E0,4.026661670E-1,3.110535451E0
2.056098600E2,2.913502376E0,-1.773396188E0,2.607834792E-1,3.420736493E0
2.056198490E2,3.091201306E0,-2.040178910E0,3.324645324E-1,3.718654080E0
2.056298370E2,2.865254953E0,-2.172875038E0,3.754392286E-1,3.615525756E0
2.056398260E2,2.290870534E0,-2.183140410E0,7.316784668E-1,3.248006039E0
2.056498140E2,1.420979823E0,-2.493291346E0,1.155798068E0,3.093792909E0
2.056598020E2,7.471561928E-1,-3.101594732E0,1.631250376E0,3.583170390E0
2.056697910E2,3.727944964E-1,-3.393130472E0,2.245330811E0,4.085807214E0
2.056797790E2,6.745754358E-1,-3.108882701E0,2.658740652E0,4.145974617E0
2.056897670E2,1.541604373E0,-2.853316693E0,2.453158396E0,4.066441480E0
2.056997560E2,2.244837306E0,-2.817127690E0,1.942225184E0,4.092400471E0
2.057097440E2,2.909465750E0,-2.761162820E0,1.523859243E0,4.290822539E0
2.057197330E2,3.471647176E0,-2.562044077E0,1.151203326E0,4.465610044E0
2.057297210E2,4.023225846E0,-2.625094603E0,1.152645249E0,4.940248876E0
2.057397090E2,4.460464845E0,-2.822713535E0,2.125230170E0,5.690348110E0
2.057496980E2,3.990965880E0,-2.491418483E0,2.665980674E0,5.407626806E0
2.057596860E2,1.888555054E0,-1.738846160E0,1.557552069E0,3.002697888E0
2.057696750E2,-6.248580229E-1,-9.178660923E-1,7.321731412E-1,1.330038804E0
2.057796630E2,-2.893200551E0,-2.845003706E-1,7.620857424E-1,3.005382599E0
2.057896510E2,-4.501730985E0,-1.750574505E-1,1.551861559E0,4.764924057E0
2.057996400E2,-5.261343355E0,-6.039138812E-1,2.101156599E0,5.697482333E0
2.058096280E2,-5.824145463E0,-1.809357734E0,1.924539696E0,6.395177779E0
2.058196160E2,-5.882726963E0,-3.308076873E0,5.208296245E-1,6.769129384E0
2.058296050E2,-4.930303241E0,-4.532052307E0,-1.329165819E0,6.827449739E0
2.058395930E2,-2.956055195E0,-4.756863130E0,-2.281154070E0,6.047286420E0
2.058495820E2,-1.039355812E0,-3.975868662E0,-2.384388855E0,4.751115904E0
2.058595700E2,2.863804697E-1,-2.916690570E0,-1.757176158E0,3.417128283E0
2.058695580E2,6.407716589E-1,-2.278797934E0,-1.151648591E0,2.632451865E0
2.058795470E2,8.959125750E-1,-1.936047016E0,-4.749745899E-1,2.185529284E0
2.058895350E2,5.688675344E-1,-2.208298640E0,-1.083844863E0,2.524858975E0
2.058995230E2,-4.239611417E-1,-1.835336913E0,-1.244005070E0,2.257377516E0
2.059095120E2,-4.015483256E-1,-6.772075599E-1,-2.180383447E0,2.318172365E0
2.059195000E2,-2.179783523E-1,-9.545813441E-2,-2.775662161E0,2.785844082E0
2.059294890E2,-3.508083808E-1,1.658048165E-1,-2.366304732E0,2.397906554E0
2.059394770E2,-2.265627958E-1,4.648454583E-1,-2.645529453E0,2.695596054E0
2.059494648E2,-3.455450097E-1,9.720405453E-1,-2.811262933E0,2.994572332E0
2.059594538E2,-5.571179200E-1,1.144660292E0,-2.827816693E0,3.101157011E0
2.059694418E2,-9.803130399E-1,1.468672637E0,-2.927848519E0,3.419109522E0
2.059794308E2,-1.368417447E0,1.838555805E0,-2.975141969E0,3.755572326E0
2.059894188E2,-1.475574398E0,2.240614446E0,-3.165926091E0,4.149790466E0
2.059994068E2,-1.589146914E0,2.630924862E0,-3.125418043E0,4.383536413E0
2.060093958E2,-1.523047650E0,2.959268825E0,-3.141835562E0,4.576906906E0
2.060193838E2,-1.482211865E0,3.287404627E0,-3.114196066E0,4.764682396E0
2.060293718E2,-1.393018730E0,3.300615826E0,-2.966639240E0,4.651399187E0
2.060393608E2,-1.264338324E0,3.286828092E0,-2.965090898E0,4.603645766E0
2.060493488E2,-1.302567859E0,3.512670364E0,-3.005531118E0,4.802994214E0
2.060593378E2,-1.338584222E0,3.563473313E0,-3.158599822E0,4.946402997E0
2.060693258E2,-1.485268497E0,3.772056359E0,-3.187214341E0,5.156817521E0
2.060793138E2,-1.586368025E0,4.103549632E0,-3.036645615E0,5.345736590E0
2.060893028E2,-1.644627928E0,4.156425419E0,-2.920814027E0,5.339646792E0
2.060992908E2,-1.738436855E0,4.063662266E0,-2.643111629E0,5.149908038E0
2.061092798E2,-1.871102284E0,3.905286922E0,-2.441113132E0,4.971048484E0
2.061192678E2,-2.100706363E0,3.859218464E0,-2.133842534E0,4.884651302E0
2.061292558E2,-2.283803443E0,4.004841616E0,-1.671780351E0,4.904015097E0
2.061392448E2,-2.434075716E0,4.217255173E0,-1.147571620E0,5.002687918E0
2.061492328E2,-2.429456123E0,4.377256043E0,-5.919715279E-1,5.041136559E0
2.061592208E2,-1.961966554E0,4.300345277E0,-5.570057631E-2,4.727090523E0
2.061692098E2,-1.220931665E0,3.624763827E0,1.309597966E-1,3.827105617E0
2.061791978E2,-2.021098861E-1,2.476684084E0,1.051363288E0,2.698180354E0
2.061891868E2,7.269100624E-1,7.775995749E-1,3.105641297E0,3.282996681E0
2.061991748E2,9.199665584E-1,-1.149242755E0,4.539891084E0,4.772599756E0
2.062091628E2,1.065733698E0,-3.895701581E0,6.338108702E0,7.515577226E0
2.062191518E2,1.561521744E0,-7.421084377E0,8.193816145E0,1.116465255E1
2.062291398E2,2.755702690E0,-1.100847105E1,9.101674143E0,1.454719232E1
2.062391288E2,3.639872740E0,-1.285587194E1,7.265119255E0,1.520868418E1
2.062491168E2,3.818268659E0,-1.024197358E1,3.080249763E0,1.135628183E1
2.062591048E2,3.338902810E0,-5.026600451E0,7.827597427E-1,6.085038774E0
2.062690938E2,3.043694141E0,-1.532140070E0,1.916113274E0,3.909349983E0
2.062790818E2,3.618121390E0,4.794798696E-1,3.005885459E0,4.728218558E0
2.062890698E2,4.087952769E0,1.482759749E0,2.655991291E0,5.095510186E0
2.062990588E2,3.299346103E0,1.748049093E0,1.864531476E0,4.173468338E0
2.063090468E2,2.056029250E0,1.761647378E0,2.186935545E0,3.480423083E0
2.063190358E2,5.218242725E-1,1.328654627E0,3.024157716E0,3.344122244E0
2.063290238E2,-7.628450764E-1,1.260729861E-1,3.018896099E0,3.116337701E0
2.063390118E2,-1.830664403E0,-2.477400368E0,1.981470819E0,3.662659054E0
2.063490008E2,-2.732872529E0,-5.048531603E0,1.448003315E0,5.920555481E0
2.063589888E2,-4.137058856E0,-6.716772634E0,4.939681005E-1,7.904068261E0
2.063689768E2,-4.973472065E0,-7.166112446E0,-1.843576224E0,8.915568701E0
2.063789658E2,-4.241057726E0,-6.238509570E0,-3.027524250E0,8.128436219E0
2.063889538E2,-3.700259275E0,-3.589778182E0,-2.696681480E0,5.818119722E0
2.063989428E2,-3.562396548E0,4.466910231E-1,-2.286446092E0,4.256528840E0
2.064089308E2,-4.291400206E0,4.838363961E0,-2.571261920E0,6.959688887E0
2.064189188E2,-5.680359507E0,8.082997960E0,-4.408461463E0,1.081831191E1
2.064289078E2,-6.059167280E0,8.671143655E0,-5.877642224E0,1.210160810E1
2.064388958E2,-5.841912813E0,6.798414967E0,-5.730281280E0,1.063872713E1
2.064488848E2,-4.869730472E0,4.037565558E0,-4.807334834E0,7.945229935E0
2.064588728E2,-2.704046048E0,4.939581603E-1,-4.412229409E0,5.198425536E0
2.064688608E2,-5.952317161E-1,-3.370843810E0,-5.440870417E0,6.428060336E0
2.064788498E2,1.224438386E0,-6.289963313E0,-6.849579273E0,9.379745416E0
2.064888378E2,2.249772502E0,-6.842736862E0,-6.817051213E0,9.917495213E0
2.064988258E2,2.056920512E0,-4.808630285E0,-4.539241166E0,6.925211735E0
2.065088148E2,7.510384516E-1,-1.460339186E0,-9.029369813E-1,1.874018272E0
2.065188028E2,-1.361272588E0,1.185235875E0,1.597103513E0,2.410100988E0
2.065287918E2,-2.151342228E0,2.489081935E0,1.568135822E0,3.644564750E0
2.065387798E2,-2.520623863E0,2.999891771E0,8.528051470E-1,4.010008967E0
2.065487678E2,-3.033924905E0,2.988647575E0,9.889382677E-1,4.372037689E0
2.065587568E2,-2.902513703E0,2.436332449E0,1.149761403E-1,3.791242687E0
2.065687448E2,-2.514795066E0,1.971339641E0,-8.910949078E-1,3.317291717E0
2.065787338E2,-1.446512567E0,1.633889809E0,-2.050107629E0,2.994150264E0
2.065887218E2,2.229035351E-1,1.003811976E0,-2.923513101E0,3.099072978E0
2.065987098E2,2.158877681E0,-2.947552174E-1,-2.526875998E0,3.336575458E0
2.066086988E2,3.409051563E0,-1.170491536E0,-2.136814674E0,4.190186147E0
2.066186868E2,3.671881860E0,-1.742249824E0,-1.859165486E0,4.469300522E0
2.066286748E2,3.025442057E0,-1.398614223E0,-1.250383359E0,3.559898865E0
2.066386638E2,2.458602739E0,-7.758074033E-1,-6.477177856E-1,2.658221752E0
2.066486518E2,1.926693226E0,-2.639257729E-1,2.528086080E-1,1.961049666E0
2.066586408E2,1.230216459E0,3.387058139E-1,8.820336239E-1,1.551172936E0
2.066686288E2,3.085093305E-1,7.788900554E-1,1.093519374E0,1.377545769E0
2.066786168E2,-2.550915071E-1,1.156956401E0,1.471505029E0,1.889165647E0
2.066886058E2,-4.185475702E-1,9.611477673E-1,7.906377695E-1,1.313048050E0
2.066985938E2,-8.213633528E-1,7.358416843E-1,-4.546286184E-1,1.192806741E0
2.067085828E2,-9.862318108E-1,7.452597946E-1,2.788882130E-1,1.267218995E0
2.067185708E2,-9.054132771E-1,6.842897075E-1,6.029993767E-1,1.285159078E0
2.067285588E2,-7.781848812E-1,9.068154395E-1,4.614383223E-1,1.280941558E0
2.067385478E2,-6.537305506E-1,1.020101150E0,6.842201257E-1,1.391447868E0
2.067485358E2,-6.101634584E-1,9.970315450E-1,7.819078034E-1,1.406325411E0
2.067585238E2,-4.963057443E-1,6.989059925E-1,9.671937883E-1,1.292382607E0
2.067685128E2,-5.424317973E-1,3.931977707E-1,9.329004532E-1,1.148538200E0
2.067785008E2,-4.014079924E-1,2.216521579E-1,8.547927618E-1,9.700148046E-1
2.067884898E2,-2.650054613E-1,3.620525765E-1,8.296310234E-1,9.431848163E-1
2.067984778E2,4.083037600E-2,6.448210019E-1,1.019036372E0,1.206605309E0
2.068084658E2,6.760854793E-1,4.938552493E-1,1.530561322E0,1.744592372E0
2.068184548E2,1.333296000E0,-1.139353359E-1,1.782412595E0,2.228823488E0
2.068284428E2,2.115957071E0,-4.735566401E-1,1.847913104E0,2.848914365E0
2.068384318E2,2.562546353E0,-4.341961080E-1,1.860711636E0,3.196469594E0
2.068484198E2,2.774027864E0,-4.399936223E-1,1.754698108E0,3.311765455E0
2.068584078E2,3.148918587E0,-5.640499038E-1,1.560338852E0,3.559283340E0
2.068683968E2,3.552389331E0,-8.103568465E-1,9.363101108E-1,3.762024030E0
2.068783848E2,3.909509781E0,-1.169978735E0,1.125717652E-1,4.082375457E0
2.068883728E2,4.064365686E0,-1.519614165E0,-4.439487521E-1,4.361809961E0
2.068983618E2,4.038797566E0,-2.074009146E0,-2.723991193E-2,4.540279918E0
2.069083498E2,3.453922512E0,-2.175871736E0,5.309119054E-1,4.116535677E0
2.069183388E2,2.498903503E0,-1.863726899E0,1.299671148E0,3.377446042E0
2.069283268E2,1.596832933E0,-2.039722828E0,1.866304936E0,3.192716515E0
2.069383148E2,7.042801684E-1,-2.628966045E0,2.209279218E0,3.505479665E0
2.069483032E2,3.417908049E-1,-3.004762502E0,2.867237159E0,4.167309392E0
2.069582912E2,3.263855843E-1,-2.837330990E0,3.460363512E0,4.486768362E0
2.069682802E2,6.189336240E-1,-2.502535794E0,3.231623944E0,4.133903427E0
2.069782682E2,1.019099083E0,-2.251833499E0,2.617806634E0,3.600309517E0
2.069882562E2,1.205610060E0,-1.988253881E0,2.131625855E0,3.154437810E0
2.069982452E2,1.654558839E0,-1.645471389E0,1.696724134E0,2.885136709E0
2.070082332E2,1.900679402E0,-1.446363755E0,1.906069511E0,3.055757072E0
2.070182212E2,2.548735229E0,-1.392140186E0,2.074704380E0,3.569104066E0
2.070282102E2,2.943939764E0,-1.401856504E0,1.687362596E0,3.671399668E0
2.070381982E2,1.947069310E0,-1.340703984E0,9.023160070E-1,2.530363659E0
2.070481872E2,-3.295715860E-1,-1.122999866E0,3.573812360E-1,1.223710536E0
2.070581752E2,-3.108413755E0,-1.070822822E0,5.061291397E-1,3.326419140E0
2.070681632E2,-5.302560378E0,-1.605885739E0,1.277916582E0,5.685867248E0
2.070781522E2,-7.014291830E0,-2.603426576E0,2.125082674E0,7.777795072E0
2.070881402E2,-8.173602321E0,-3.813110245E0,1.647368225E0,9.168500788E0
2.070981292E2,-8.510125369E0,-4.929760035E0,-3.741298543E-1,9.841988668E0
2.071081172E2,-7.219826723E0,-5.460963789E0,-1.860809138E0,9.241787385E0
2.071181052E2,-4.416591724E0,-4.863491786E0,-2.187305527E0,6.924170729E0
2.071280942E2,-1.504639592E0,-3.519770638E0,-1.988274347E0,4.313462707E0
2.071380822E2,-2.626029317E-2,-2.818671940E0,-1.330196830E0,3.116893440E0
2.071480702E2,7.224677865E-1,-1.886634536E0,-6.750306416E-1,2.130027216E0
2.071580592E2,1.269170609E0,-1.396486421E0,1.134815919E-1,1.890461963E0
2.071680472E2,1.021675659E0,-1.451480654E0,-2.489253259E-1,1.792367445E0
2.071780362E2,3.199748798E-1,-1.019309437E0,-1.110062609E0,1.540653967E0
2.071880242E2,2.620648965E-2,-6.246925467E-1,-1.798628093E0,1.904203396E0
2.071980122E2,-2.748529033E-1,-2.389856440E-1,-2.188403488E0,2.218505823E0
2.072080012E2,-5.186977297E-1,3.384432739E-1,-2.354649185E0,2.434741048E0
2.072179892E2,-8.925526918E-1,8.261174315E-1,-2.707873343E0,2.968450498E0
2.072279782E2,-1.411149630E0,1.180195575E0,-2.780523536E0,3.333994002E0
2.072379662E2,-1.668419371E0,1.636618119E0,-2.771679622E0,3.625513756E0
2.072479542E2,-2.056529333E0,2.254523218E0,-3.242852352E0,4.452895599E0
2.072579432E2,-2.269530682E0,2.962053854E0,-3.627306489E0,5.204025837E0
2.072679312E2,-2.404391302E0,3.381643617E0,-3.668386395E0,5.538381517E0
2.072779202E2,-2.538250879E0,3.506312102E0,-3.719496030E0,5.707152775E0
2.072879082E2,-2.581973142E0,3.622299811E0,-3.423169081E0,5.612996328E0
2.072978962E2,-2.581971973E0,3.638974900E0,-3.096813464E0,5.431295538E0
2.073078852E2,-2.476248174E0,3.451062931E0,-2.739972218E0,5.054610581E0
2.073178732E2,-2.455687025E0,3.456154686E0,-2.406075447E0,4.874895182E0
2.073278612E2,-2.348798315E0,3.661734018E0,-2.472660615E0,5.003918470E0
2.073378502E2,-2.303122644E0,3.878668642E0,-2.520177428E0,5.167178980E0
2.073478382E2,-2.211281304E0,4.123275799E0,-2.539451313E0,5.323530905E0
2.073578272E2,-2.141666548E0,4.237395907E0,-2.587601087E0,5.407211764E0
2.073678152E2,-2.069376689E0,4.293046197E0,-2.598192734E0,5.427998804E0
2.073778032E2,-1.999176626E0,4.291814189E0,-2.473478056E0,5.341766553E0
2.073877922E2,-1.744060415E0,4.218504723E0,-2.206295968E0,5.070036561E0
2.073977802E2,-1.368976880E0,4.068904295E0,-1.807434584E0,4.657993091E0
2.074077692E2,-7.968863234E-1,4.070348557E0,-1.459721135E0,4.396993402E0
2.074177572E2,-1.421604306E-1,4.118949444E0,-1.290933654E0,4.318849825E0
2.074277452E2,2.920514649E-1,3.958184343E0,-9.226877064E-1,4.074784651E0
2.074377342E2,4.736288533E-1,3.424308996E0,6.284020203E-1,3.513560230E0
2.074477222E2,7.988202900E-2,2.278393307E0,2.344018947E0,3.269844342E0
2.074577112E2,-4.214908393E-1,5.113331616E-1,4.402426260E0,4.452018992E0
2.074676992E2,-5.430373496E-1,-1.843932905E0,6.081213037E0,6.377784107E0
2.074776872E2,-1.923510111E-1,-6.090796039E0,7.977132951E0,1.003839855E1
2.074876762E2,7.816696756E-1,-1.131779343E1,9.716283166E0,1.493685423E1
2.074976642E2,1.782197125E0,-1.559236652E1,9.309924483E0,1.824754269E1
2.075076522E2,2.561702307E0,-1.410848469E1,6.168644114E0,1.560973508E1
2.075176412E2,3.070756516E0,-7.863836131E0,3.148881750E0,9.010267507E0
2.075276292E2,3.372446532E0,-2.848450055E0,1.888448342E0,4.801385265E0
2.075376182E2,4.007519640E0,-2.398545402E-1,2.376441173E0,4.665320623E0
2.075476062E2,4.815383234E0,2.274658105E0,2.276742638E0,5.791851364E0
2.075575942E2,5.352840001E0,4.364616702E0,1.179989169E0,7.006793094E0
2.075675832E2,4.796044153E0,5.275371995E0,6.502437097E-1,7.159218259E0
2.075775712E2,2.938310065E0,4.624678634E0,1.423318709E0,5.661020638E0
2.075875602E2,4.780050556E-1,2.385520729E0,2.552300277E0,3.526107583E0
2.075975482E2,-1.674688317E0,6.075947034E-1,2.920690943E0,3.421138388E0
2.076075362E2,-3.270679252E0,-1.004500194E0,1.920312451E0,3.923514154E0
2.076175252E2,-4.460402865E0,-3.213064297E0,3.469962886E-1,5.508119672E0
2.076275132E2,-5.245183990E0,-5.307781942E0,-9.874757329E-1,7.527257971E0
2.076375022E2,-5.453697454E0,-6.346667857E0,-1.805530146E0,8.560546006E0
2.076474902E2,-4.994978124E0,-7.321834908E0,-1.338448128E0,8.963844949E0
2.076574782E2,-3.872900656E0,-6.308556874E0,-9.885492817E-1,7.468231318E0
2.076674672E2,-3.144024760E0,-2.518445483E0,-1.312407553E0,4.236729036E0
2.076774552E2,-4.418136851E0,2.114267811E0,-1.928766941E0,5.264048207E0
2.076874432E2,-6.317808339E0,5.518168269E0,-2.566673025E0,8.772268445E0
2.076974322E2,-7.762117383E0,7.124197850E0,-3.616854591E0,1.113940296E1
2.077074202E2,-8.015418765E0,6.922940195E0,-5.011238061E0,1.171693415E1
2.077174092E2,-7.712562815E0,5.521959019E0,-5.073236089E0,1.075701543E1
2.077273972E2,-6.394184670E0,2.795349151E0,-4.187682295E0,8.138566057E0
2.077373852E2,-4.418041542E0,-4.401520818E-1,-4.304573398E0,6.184025959E0
2.077473742E2,-1.841393459E0,-3.168509683E0,-4.925923676E0,6.139617867E0
2.077573622E2,6.389647231E-1,-4.641946632E0,-5.428580155E0,7.171152414E0
2.077673512E2,2.069253021E0,-5.124458283E0,-4.954000837E0,7.421859945E0
2.077773392E2,2.449268682E0,-4.411813672E0,-3.365771058E0,6.065594099E0
2.077873272E2,1.721745832E0,-2.438591228E0,-1.359615049E0,3.280196483E0
2.077973162E2,2.886290896E-1,-2.104161483E-1,-2.591485977E-2,3.581246805E-1
2.078073042E2,-7.512754101E-1,1.270303507E0,1.549450752E-1,1.483945322E0
2.078172932E2,-1.501875759E0,2.024972057E0,-1.741362217E-1,2.527145831E0
2.078272812E2,-1.678485061E0,2.276751409E0,-5.107412772E-1,2.874328744E0
2.078372692E2,-1.583529494E0,2.113509427E0,-2.826052880E-1,2.656003295E0
2.078472582E2,-1.487171474E0,1.753966475E0,-6.493870926E-1,2.389514801E0
2.078572462E2,-1.334723159E0,1.275775917E0,-1.031322687E0,2.114879804E0
2.078672352E2,-1.742724618E-1,2.230274230E-1,-1.075557459E0,1.112176231E0
2.078772232E2,1.118928450E0,-1.029519260E0,-9.693872251E-1,1.803225547E0
2.078872112E2,1.937955255E0,-1.383658800E0,-7.709933907E-1,2.502920904E0
2.078972002E2,2.368211802E0,-1.371582545E0,-7.643665950E-1,2.841464782E0
2.079071882E2,2.375734829E0,-8.975867790E-1,-4.694681208E-1,2.582668837E0
2.079171762E2,2.382344230E0,-1.614796311E-1,4.103149829E-1,2.422807893E0
2.079271652E2,1.689466424E0,3.753666866E-1,1.844662052E-1,1.740466813E0
2.079371532E2,1.150186203E0,9.323449677E-1,7.339927948E-1,1.652555858E0
2.079471422E2,7.294983324E-1,1.642824939E0,1.132151855E0,2.124337407E0
2.079571307E2,2.538089204E-1,1.697749590E0,1.065202478E0,2.020254676E0
2.079671187E2,-1.034620864E-1,1.245142354E0,1.083720610E0,1.653945055E0
2.079771077E2,-2.022323853E-1,9.194857711E-1,9.670364982E-1,1.349633880E0
2.079870957E2,6.643039975E-3,6.337153852E-1,7.381051415E-1,9.728507179E-1
2.079970847E2,1.208318526E-1,3.944724637E-1,7.711003947E-1,8.745311201E-1
2.080070727E2,1.211194078E-2,2.968964678E-1,1.179619625E0,1.216468935E0
2.080170607E2,1.127445504E-1,2.452714008E-1,1.234978724E0,1.264136797E0
2.080270497E2,-9.186012335E-3,4.800815481E-1,1.118669418E0,1.217367628E0
2.080370377E2,-1.559426467E-1,8.771010590E-1,1.055891372E0,1.381495916E0
2.080470267E2,-2.431652337E-1,1.104679955E0,9.658898592E-1,1.487410620E0
2.080570147E2,-3.328521297E-1,1.038260263E0,1.054596798E0,1.516888038E0
2.080670027E2,-2.202601551E-1,8.875664055E-1,1.213690181E0,1.519648813E0
2.080769917E2,-5.419711098E-3,8.560715479E-1,1.148154588E0,1.432182539E0
2.080869797E2,2.004694498E-1,7.769826937E-1,1.168226910E0,1.417266460E0
2.080969687E2,2.115803289E-1,5.717039090E-1,1.338881407E0,1.471127125E0
2.081069567E2,2.818870307E-1,1.009206033E-1,1.296340574E0,1.330467643E0
2.081169447E2,4.358819333E-1,-5.229890013E-1,6.562716043E-1,9.456230612E-1
2.081269337E2,9.010442376E-1,-1.039917948E0,2.422150612E-1,1.397132132E0
2.081369217E2,1.154447800E0,-1.042801795E0,-8.561368905E-2,1.558048462E0
2.081469097E2,1.136200394E0,-8.626607752E-1,2.944197334E-2,1.426885342E0
2.081568987E2,9.953772216E-1,-6.423786199E-1,2.118224768E-1,1.203451231E0
2.081668867E2,6.386340630E-1,-5.503937316E-1,1.608101249E-1,8.582812024E-1
2.081768757E2,5.028590843E-1,-6.448093075E-1,3.082804120E-1,8.738896464E-1
2.081868637E2,3.038046607E-1,-5.182322913E-1,2.615097034E-1,6.551712025E-1
2.081968517E2,4.100228414E-1,-5.079540557E-1,6.353432500E-1,9.109319944E-1
2.082068407E2,2.895204976E-2,-4.741606575E-1,1.133517911E0,1.229035965E0
2.082168287E2,-4.377001981E-1,-8.243708682E-1,1.622378834E0,1.871705605E0
2.082268177E2,-1.187625194E0,-1.609916224E0,2.162833468E0,2.946206453E0
2.082368057E2,-1.715728316E0,-2.559285361E0,2.758046254E0,4.135273189E0
2.082467937E2,-1.393207010E0,-3.230563259E0,3.387525916E0,4.883942729E0
2.082567827E2,-2.333496590E-1,-3.154543024E0,3.296213458E0,4.568437031E0
2.082667707E2,1.022928059E0,-2.715549275E0,2.297393249E0,3.701162712E0
2.082767597E2,1.551627232E0,-2.103275630E0,1.670760012E0,3.102056489E0
2.082867477E2,1.788931801E0,-2.187683111E0,1.799789350E0,3.350444163E0
2.082967357E2,1.701889711E0,-2.287079930E0,1.821276698E0,3.382929501E0
2.083067247E2,2.011785562E0,-2.592451937E0,2.019875039E0,3.853308107E0
2.083167127E2,2.220317884E0,-2.776142802E0,2.135134184E0,4.146755159E0
2.083267017E2,1.951585700E0,-2.955462872E0,1.527323134E0,3.856962988E0
2.083366897E2,1.056784242E0,-2.611453049E0,7.648391962E-1,2.919153809E0
2.083466777E2,-4.649359439E-1,-1.856792686E0,5.014203769E-1,1.978703339E0
2.083566667E2,-2.145242558E0,-1.130256261E0,6.872934222E-1,2.520300993E0
2.083666547E2,-3.666500083E0,-5.167190319E-1,8.601792169E-1,3.801332622E0
2.083766437E2,-5.105035002E0,-4.501104748E-1,1.145632611E0,5.251328964E0
2.083866317E2,-6.403463616E0,-9.027387607E-1,1.649899485E0,6.673938258E0
2.083966197E2,-7.302285912E0,-2.002981848E0,1.530994308E0,7.725235232E0
2.084066087E2,-7.740935844E0,-3.345692012E0,7.261376452E-1,8.464219909E0
2.084165967E2,-7.433010943E0,-3.915568081E0,-4.281196815E-1,8.412170442E0
2.084265847E2,-6.469626031E0,-3.292440834E0,-1.742139020E0,7.465338304E0
2.084365737E2,-5.000258160E0,-2.476161928E0,-2.394909896E0,6.072030382E0
2.084465617E2,-3.366527395E0,-1.527206190E0,-2.938284338E0,4.722221966E0
2.084565507E2,-1.932779300E0,-7.134433401E-1,-3.294973848E0,3.886063546E0
2.084665387E2,-1.158169406E0,-3.917084849E-1,-2.523740721E0,2.804292984E0
2.084765267E2,-4.867824572E-1,-6.511395031E-1,-1.487682520E0,1.695328609E0
2.084865157E2,1.257288775E-1,-4.146155369E-1,-9.095753253E-1,1.007492465E0
2.084965037E2,3.651814216E-1,-2.426021469E-1,-1.558884065E0,1.619361850E0
2.085064927E2,2.506704274E-1,-2.000157058E-2,-1.838568084E0,1.855685406E0
2.085164807E2,2.714238768E-1,4.459256226E-1,-1.366630246E0,1.462941834E0
2.085264687E2,1.547611803E-2,1.135705866E0,-1.493972370E0,1.876704763E0
2.085364577E2,-2.892111799E-1,1.679017450E0,-1.926974477E0,2.572153443E0
2.085464457E2,-4.041765028E-1,2.105072479E0,-2.380556443E0,3.203394726E0
2.085564347E2,-2.140265847E-1,2.552266948E0,-2.858261975E0,3.837907694E0
2.085664227E2,-2.893017387E-1,2.864876053E0,-3.082828093E0,4.218416687E0
2.085764107E2,-4.840885719E-1,3.038554146E0,-2.975997124E0,4.280620507E0
2.085863997E2,-7.299468139E-1,3.088872360E0,-2.778352464E0,4.218198339E0
2.085963877E2,-8.461441451E-1,3.069181277E0,-2.495727296E0,4.045304483E0
2.086063767E2,-1.000777564E0,2.711322323E0,-1.943090572E0,3.482588900E0
2.086163647E2,-1.097277891E0,2.437673800E0,-1.330447383E0,2.986027891E0
2.086263527E2,-9.459937578E-1,2.316524754E0,-1.074320626E0,2.723115116E0
2.086363417E2,-7.343716943E-1,2.243369070E0,-1.021358886E0,2.571999328E0
2.086463297E2,-5.497245178E-1,2.410789472E0,-1.192742531E0,2.745311944E0
2.086563187E2,-6.291627431E-1,2.737010311E0,-1.350702138E0,3.116322747E0
2.086663067E2,-7.545089203E-1,3.120917441E0,-1.385483716E0,3.496995068E0
2.086762947E2,-8.352846962E-1,3.370504671E0,-1.379680354E0,3.736511761E0
2.086862837E2,-9.209306180E-1,3.523488298E0,-1.360190707E0,3.887570160E0
2.086962717E2,-9.835873345E-1,3.540277993E0,-1.328085985E0,3.907022485E0
2.087062597E2,-9.942024428E-1,3.378356897E0,-1.183036153E0,3.715011220E0
2.087162487E2,-9.379568329E-1,3.182707307E0,-1.012932463E0,3.469210429E0
2.087262367E2,-7.676730493E-1,3.082916386E0,-9.145501363E-1,3.306069767E0
2.087362257E2,-5.868286094E-1,3.080752916E0,-7.528167361E-1,3.225234780E0
2.087462137E2,-2.974753422E-1,3.332755047E0,-5.648983347E-1,3.393354964E0
2.087562027E2,1.360448186E-1,3.824014717E0,-7.739237228E-1,3.903915301E0
2.087661907E2,3.151222390E-1,4.033984138E0,-8.637311080E-1,4.137434166E0
2.087761787E2,3.047688666E-1,3.292674138E0,5.676158282E-1,3.355111737E0
2.087861677E2,-2.257767838E-1,1.594074363E0,2.597775242E0,3.056220614E0
2.087961557E2,-3.142679608E-1,-4.786057109E-1,4.125320278E0,4.164864364E0
2.088061437E2,5.463464716E-2,-3.534368797E0,5.511896546E0,6.547957794E0
2.088161327E2,8.924646181E-1,-7.885457965E0,7.415378079E0,1.086115889E1
2.088261207E2,2.586723712E0,-1.113181572E1,8.659168557E0,1.433839813E1
2.088361097E2,4.020094370E0,-1.122317145E1,8.258109205E0,1.450231374E1
2.088460977E2,4.887520041E0,-8.423334562E0,6.495248530E0,1.170592460E1
2.088560857E2,5.174841986E0,-4.499370464E0,3.815178405E0,7.847223102E0
2.088660747E2,4.038344699E0,-1.595509855E0,4.089336221E0,5.964608146E0
2.088760627E2,3.260089067E0,5.949898607E-1,4.810050281E0,5.841128090E0
2.088860517E2,2.652076580E0,2.369609286E0,3.067629426E0,4.696691245E0
2.088960397E2,1.161117865E0,3.850133060E0,1.157710108E0,4.184735591E0
2.089060277E2,-1.076651619E0,4.262903216E0,7.774975410E-1,4.464977599E0
2.089160167E2,-2.581425258E0,3.723944884E0,1.021307723E0,4.644845673E0
2.089260047E2,-3.031196887E0,2.434211664E0,1.104537283E0,4.041477898E0
2.089359937E2,-3.376047247E0,1.191298268E0,1.310098780E0,3.812249387E0
2.089459817E2,-3.876969441E0,1.518872738E-1,1.274688334E0,4.083967696E0
2.089559698E2,-4.388014043E0,-1.323639470E0,5.886672664E-1,4.620954213E0
2.089659588E2,-4.806854778E0,-3.430927459E0,-2.212598097E-1,5.909828423E0
2.089759468E2,-5.539221754E0,-4.933330345E0,-1.995102140E-1,7.420278314E0
2.089859358E2,-5.722906187E0,-5.568664824E0,5.424555516E-1,8.003495559E0
2.089959238E2,-5.494488800E0,-5.592336107E0,1.108411940E0,7.917841078E0
2.090059118E2,-5.256197221E0,-4.525854843E0,8.324841723E-1,6.985986056E0
2.090159008E2,-4.849348833E0,-1.830884843E0,-5.159878376E-1,5.209085031E0
2.090258888E2,-4.468953248E0,2.055555918E0,-2.312788676E0,5.435608956E0
2.090358778E2,-4.419148127E0,5.239449041E0,-4.988253826E0,8.477226708E0
2.090458658E2,-5.087550073E0,6.680780098E0,-6.040572549E0,1.034429820E1
2.090558538E2,-5.067165509E0,6.303717134E0,-4.883923711E0,9.448054129E0
2.090658428E2,-4.753675813E0,4.581505133E0,-3.922396752E0,7.679376231E0
2.090758308E2,-3.464828446E0,1.725313364E0,-3.363815749E0,5.128059941E0
2.090858188E2,-1.157542877E0,-1.658735213E0,-3.682807968E0,4.201711859E0
2.090958078E2,5.328666661E-1,-4.227636904E0,-4.341034589E0,6.082881059E0
2.091057958E2,1.312231260E0,-5.400987144E0,-4.788564102E0,7.336413236E0
2.091157848E2,1.196974745E0,-5.231009170E0,-3.392225323E0,6.348495737E0
2.091257728E2,-2.451971777E-1,-2.946434771E0,-1.479139884E0,3.305972522E0
2.091357618E2,-1.844479035E0,-6.645214409E-1,-4.392583349E-1,2.009139004E0
2.091457498E2,-2.580434740E0,7.417479569E-1,2.971546224E-1,2.701320852E0
2.091557378E2,-2.757433466E0,1.332265282E0,2.277980201E-1,3.070873172E0
2.091657268E2,-2.961334646E0,1.455818118E0,1.137550955E-1,3.301794891E0
2.091757148E2,-3.253491069E0,1.421947537E0,6.655403182E-2,3.551277006E0
2.091857028E2,-3.082006267E0,1.393881487E0,-5.015649493E-1,3.419537341E0
2.091956918E2,-2.845008676E0,1.137951196E0,-1.202861137E0,3.291790122E0
2.092056798E2,-2.363862350E0,7.976841760E-1,-1.698134336E0,3.017914094E0
2.092156688E2,-1.128449179E0,3.773348594E-1,-1.726100399E0,2.096473643E0
2.092256568E2,-5.103865339E-1,8.546465814E-2,-1.806369807E0,1.879034459E0
2.092356448E2,-4.354412726E-1,-9.511782646E-2,-1.633357712E0,1.693078237E0
2.092456338E2,-2.626660268E-1,-1.886849713E-1,-1.217093918E0,1.259330404E0
2.092556218E2,-3.348504522E-1,-8.643646538E-2,-9.866521525E-1,1.045503973E0
2.092656108E2,-9.823090235E-2,-4.345709145E-2,-1.088608882E0,1.093895392E0
2.092755988E2,-8.426948726E-2,1.497015846E-1,-4.513009679E-1,4.828917835E-1
2.092855868E2,1.081667561E-1,2.490375924E-1,3.135113311E-1,4.147398272E-1
2.092955758E2,4.520689997E-1,-5.276527405E-2,6.182073998E-1,7.676789328E-1
2.093055638E2,4.992516446E-1,-3.945514011E-1,6.284037745E-1,8.943233848E-1
2.093155528E2,5.916081235E-1,-5.491073442E-1,7.780819702E-1,1.121129163E0
2.093255408E2,4.363075376E-1,-8.897655433E-1,-8.609884715E-1,1.312763550E0
2.093355288E2,9.902993533E-1,-5.772850764E-1,-2.796945441E-1,1.179906736E0
2.093455178E2,1.299141390E0,-2.751103270E-1,6.281149220E-1,1.469007284E0
2.093555058E2,1.470228581E0,-6.735232294E-2,8.694412065E-1,1.709396510E0
2.093654948E2,1.460100912E0,3.037043810E-3,1.033833336E0,1.789054292E0
2.093754828E2,1.198633600E0,1.272395056E-1,1.121326320E0,1.646294359E0
2.093854708E2,1.083737567E0,3.231487119E-1,1.368584093E0,1.775368870E0
2.093954598E2,9.800576627E-1,3.631927836E-1,1.717379862E0,2.010426724E0
2.094054478E2,5.455349877E-1,5.868160379E-1,1.904176183E0,2.065877155E0
2.094154368E2,4.412446341E-1,7.028762519E-1,2.064145478E0,2.224731086E0
2.094254248E2,4.468995129E-1,6.107083458E-1,2.018650632E0,2.155837246E0
2.094354128E2,5.787337241E-1,6.333405787E-1,1.704388518E0,1.908138683E0
2.094454018E2,8.031323192E-1,5.472333115E-1,1.583846998E0,1.858240332E0
2.094553898E2,9.453892288E-1,2.858908385E-1,1.629440078E0,1.905405293E0
2.094653788E2,1.143528563E0,7.873685181E-2,1.437702860E0,1.838707856E0
2.094753668E2,1.290796537E0,-6.982978821E-2,1.155190981E0,1.733637246E0
2.094853548E2,1.730160706E0,-2.730474293E-1,1.166310046E0,2.104350278E0
2.094953438E2,1.801003671E0,-2.506128323E-1,9.932853802E-1,2.071964493E0
2.095053318E2,1.441760535E0,-1.509417790E-1,1.107904840E0,1.824530075E0
2.095153208E2,8.355729640E-1,-9.346072555E-2,1.733534549E0,1.926670475E0
2.095253088E2,6.585777462E-2,-1.409810472E-1,1.879046019E0,1.885477882E0
2.095352968E2,-5.082434928E-1,-4.078280890E-1,1.914607615E0,2.022463231E0
2.095452858E2,-6.620906802E-1,-8.780822217E-1,2.002905250E0,2.284955557E0
2.095552738E2,-5.801616141E-1,-9.786689490E-1,2.017853072E0,2.316486872E0
2.095652628E2,-6.462658489E-1,-7.121341485E-1,1.764193840E0,2.009272131E0
2.095752508E2,-7.936548597E-1,-4.235413116E-1,1.967748281E0,2.163633189E0
2.095852388E2,-1.125079063E0,-1.690576226E-1,2.161692384E0,2.442805220E0
2.095952278E2,-1.488454645E0,-2.790414101E-1,2.424386733E0,2.858498272E0
2.096052158E2,-1.630975995E0,-6.942065853E-1,2.636775001E0,3.177198119E0
2.096152048E2,-1.514951157E0,-1.420688047E0,2.357370333E0,3.141755309E0
2.096251928E2,-1.175394134E0,-2.201283150E0,2.132279574E0,3.282349015E0
2.096351808E2,-2.964599732E-1,-2.531120492E0,2.137984117E0,3.326474943E0
2.096451698E2,1.115742010E0,-2.267793474E0,2.180489721E0,3.338008822E0
2.096551578E2,2.723153579E0,-1.803322822E0,1.698461781E0,3.681346362E0
2.096651468E2,3.699983579E0,-1.635893649E0,1.364081737E0,4.269279272E0
2.096751348E2,3.867969114E0,-1.794811031E0,1.043021650E0,4.389809320E0
2.096851228E2,3.648110005E0,-1.847262894E0,9.361357176E-1,4.194929903E0
2.096951118E2,3.057640627E0,-1.932536933E0,1.161485070E0,3.799067355E0
2.097050998E2,2.442317805E0,-2.013021517E0,1.548360100E0,3.523434530E0
2.097150888E2,1.735232581E0,-1.874384619E0,1.974271435E0,3.228327354E0
2.097250768E2,6.811219054E-1,-1.403848650E0,2.357040696E0,2.826722294E0
2.097350648E2,-8.817665523E-1,-6.483837104E-1,2.539043469E0,2.764897001E0
2.097450538E2,-1.804028289E0,-3.958775496E-1,2.272588191E0,2.928462769E0
2.097550418E2,-2.774981545E0,-9.237437135E-1,2.101752430E0,3.601553595E0
2.097650308E2,-4.032444859E0,-2.133138530E0,2.324932466E0,5.120176022E0
2.097750188E2,-5.323604507E0,-3.385721465E0,2.571602520E0,6.813003326E0
2.097850068E2,-6.621188200E0,-4.579308334E0,1.881728722E0,8.267472466E0
2.097949958E2,-6.739100227E0,-4.762710931E0,4.112323380E-1,8.262445117E0
2.098049838E2,-5.926916710E0,-3.910802016E0,-9.411766753E-1,7.162997112E0
2.098149718E2,-4.194246671E0,-2.437355127E0,-1.837405804E0,5.187337009E0
2.098249608E2,-2.576046989E0,-1.150988733E0,-2.154175642E0,3.549826172E0
2.098349488E2,-1.227345183E0,-4.699243498E-1,-1.730663567E0,2.173108712E0
2.098449378E2,-2.869507925E-1,-5.863348120E-1,-1.653178019E0,1.777393269E0
2.098549258E2,4.704590777E-1,-1.156738300E0,-1.053943811E0,1.634066337E0
2.098649138E2,7.004591592E-2,-1.380291388E0,-8.661889851E-1,1.631071459E0
2.098749028E2,-2.860090984E-1,-7.396985078E-1,-1.041570079E0,1.309130748E0
2.098848908E2,-1.958958308E-1,-5.228697181E-2,-1.372250589E0,1.387148436E0
2.098948798E2,-1.376603403E-1,3.247970420E-1,-1.715782403E0,1.751671414E0
2.099048678E2,-2.427942644E-1,6.799844027E-1,-1.797441693E0,1.937040134E0
2.099148558E2,-2.011615043E-1,1.257556577E0,-1.969207746E0,2.345142563E0
2.099248448E2,-3.211047446E-1,1.781609772E0,-1.914032542E0,2.634532635E0
2.099348328E2,-4.575077143E-1,2.009257080E0,-1.775502647E0,2.720080325E0
2.099448218E2,-4.216216707E-1,2.060271113E0,-1.806508970E0,2.772355777E0
2.099548092E2,-4.371619619E-1,2.053626922E0,-1.796661967E0,2.763419682E0
2.099647972E2,-4.577066658E-1,2.250249488E0,-1.885456614E0,2.971205950E0
2.099747862E2,-2.912201370E-1,2.516611796E0,-2.061974407E0,3.266478617E0
2.099847742E2,-2.811605141E-1,2.789699571E0,-2.042645851E0,3.468987893E0
2.099947632E2,-2.711326855E-1,3.059836257E0,-1.949887376E0,3.638429830E0
2.100047512E2,-1.106994867E-1,3.317668646E0,-1.880404912E0,3.815114973E0
2.100147392E2,7.860075787E-2,3.643448020E0,-1.855328543E0,4.089393055E0
2.100247282E2,1.632138421E-1,3.986766118E0,-1.757108769E0,4.359859408E0
2.100347162E2,1.116884702E-1,4.216335406E0,-1.535820015E0,4.488730521E0
2.100447052E2,-9.582402393E-2,4.397493841E0,-1.243919701E0,4.571046986E0
2.100546932E2,-2.415578341E-1,4.434909005E0,-1.013335921E0,4.555613872E0
2.100646812E2,-2.905850563E-1,4.377421519E0,-9.469092125E-1,4.488083766E0
2.100746702E2,-2.088964204E-1,4.311567838E0,-1.068508202E0,4.446905071E0
2.100846582E2,-1.562033595E-1,4.325457314E0,-1.137077330E0,4.475145284E0
2.100946472E2,-1.554026198E-1,4.439814234E0,-9.696852869E-1,4.547129860E0
2.101046352E2,-5.483595584E-2,4.660913245E0,-6.459907374E-1,4.705786150E0
2.101146242E2,2.588472103E-1,4.857294906E0,-3.077187869E-1,4.873910805E0
2.101246122E2,5.648234904E-1,4.777281607E0,1.602786130E-1,4.813224944E0
2.101346002E2,1.144278176E0,4.402180384E0,1.014192831E0,4.660166497E0
2.101445892E2,1.558095276E0,3.456273385E0,1.926866595E0,4.252799252E0
2.101545772E2,2.004193391E0,2.040787021E0,3.072207211E0,4.197625514E0
2.101645662E2,2.173289605E0,6.864923537E-2,4.549819071E0,5.042693130E0
2.101745542E2,2.570622235E0,-3.476234025E0,6.397619909E0,7.721518126E0
2.101845422E2,3.364211898E0,-7.447744172E0,7.019571281E0,1.077317019E1
2.101945312E2,3.864323083E0,-1.133637589E1,6.723871154E0,1.373524133E1
2.102045192E2,4.671554593E0,-1.211045719E1,5.537432506E0,1.411204289E1
2.102145072E2,4.301994484E0,-8.846671806E0,4.924026840E0,1.100076356E1
2.102244962E2,3.615339870E0,-4.735866948E0,5.174780005E0,7.891607329E0
2.102344842E2,3.693480306E0,-1.381364352E0,4.741986352E0,6.167365629E0
2.102444732E2,4.115212489E0,1.049537203E0,3.154434850E0,5.290270446E0
2.102544612E2,3.313254875E0,2.665314676E0,2.011867277E0,4.704165190E0
2.102644492E2,8.920362365E-1,2.631277449E0,1.625879416E0,3.219135526E0
2.102744382E2,-1.604026909E0,1.085395253E0,1.664559039E0,2.553770149E0
2.102844262E2,-3.034999331E0,1.014258027E-2,2.070877085E0,3.674214979E0
2.102944152E2,-3.696289600E0,-4.168485886E-1,3.189235431E0,4.899749197E0
2.103044032E2,-4.289624114E0,-1.586097592E0,3.138176082E0,5.546596230E0
2.103143912E2,-5.062435112E0,-3.704211701E0,2.501595269E0,6.753326031E0
2.103243802E2,-5.791850122E0,-5.362600758E0,2.018614379E0,8.147258357E0
2.103343682E2,-5.942177943E0,-5.641808229E0,1.242818378E0,8.287585675E0
2.103443572E2,-5.073905010E0,-4.913427007E0,-2.863016054E-1,7.068822081E0
2.103543452E2,-3.349313777E0,-2.864699467E0,-2.170671807E0,4.912862904E0
2.103643332E2,-2.917447785E0,7.504901290E-2,-2.977051962E0,4.168929397E0
2.103743222E2,-3.771197403E0,3.132270979E0,-3.571492769E0,6.065361650E0
2.103843102E2,-5.010243450E0,5.567735116E0,-4.149183058E0,8.562589199E0
2.103942992E2,-6.076129467E0,6.781530547E0,-4.575450341E0,1.019035091E1
2.104042872E2,-6.015855784E0,6.834719160E0,-4.312626184E0,1.007485243E1
2.104142762E2,-5.257767198E0,5.600417544E0,-2.749579193E0,8.158981451E0
2.104242642E2,-3.687418790E0,3.213809817E0,-2.026934090E0,5.294723097E0
2.104342522E2,-8.476390589E-1,-1.831406415E-2,-3.019096951E0,3.135884848E0
2.104442412E2,2.210375132E0,-3.534569356E0,-5.065710722E0,6.560515519E0
2.104542292E2,3.926530441E0,-6.687337165E0,-6.121603264E0,9.879885940E0
2.104642172E2,4.268119517E0,-7.499037117E0,-6.111696911E0,1.057379974E1
2.104742062E2,3.329435583E0,-6.021518812E0,-4.893384798E0,8.443284011E0
2.104841942E2,1.339009168E0,-2.338240144E0,-2.572337223E0,3.725215606E0
2.104941832E2,-6.109917165E-1,8.319932985E-1,-8.769513702E-1,1.354462045E0
2.105041712E2,-2.290040229E0,2.240661224E0,9.867883927E-1,3.352401871E0
2.105141602E2,-2.870203159E0,2.249070105E0,1.861092144E0,4.093903575E0
2.105241482E2,-2.439443752E0,2.258595804E0,1.613346201E0,3.695270868E0
2.105341362E2,-2.471251436E0,2.394865165E0,5.126405990E-1,3.479261876E0
2.105441252E2,-2.890705544E0,2.148260599E0,-7.292046560E-1,3.674634890E0
2.105541132E2,-2.716648552E0,1.526769403E0,-1.748544937E0,3.573319683E0
2.105641022E2,-1.895066221E0,8.980147952E-1,-2.287289114E0,3.103127140E0
2.105740902E2,-6.593222429E-1,1.541758740E-1,-2.412809831E0,2.506018216E0
2.105840782E2,4.792762038E-1,-5.757981294E-1,-2.103904498E0,2.233307704E0
2.105940672E2,1.483500153E0,-9.043631172E-1,-1.501233442E0,2.296159228E0
2.106040552E2,1.904212728E0,-8.651458418E-1,-5.484043626E-1,2.162232824E0
2.106140442E2,1.892985928E0,-3.554083854E-1,-2.739226113E-1,1.945441965E0
2.106240322E2,1.549331030E0,1.465171909E-1,1.444759279E-1,1.562935451E0
2.106340202E2,1.174442354E0,5.083914274E-1,5.092989153E-1,1.377375065E0
2.106440092E2,7.109419012E-1,6.831278658E-1,8.563622276E-1,1.305931979E0
2.106539972E2,2.557830866E-1,8.546407342E-1,1.022367019E0,1.356860381E0
2.106639862E2,-1.811170663E-1,1.092344669E0,1.318983332E0,1.722131614E0
2.106739742E2,3.459000818E-1,1.104393441E0,1.410408642E0,1.824440812E0
2.106839622E2,5.307769078E-1,7.804945314E-1,1.367934467E0,1.661968876E0
2.106939512E2,8.026290932E-1,7.120072639E-1,1.372768945E0,1.742315236E0
2.107039392E2,1.029755122E0,6.586894280E-1,1.220968210E0,1.727724152E0
2.107139282E2,1.157938661E0,6.463307530E-1,1.099810393E0,1.722831473E0
2.107239162E2,1.134178792E0,6.634110546E-1,1.087223677E0,1.705441610E0
2.107339042E2,1.222630135E0,8.564352447E-1,1.153700087E0,1.886618580E0
2.107438932E2,1.247850930E0,1.002125639E0,1.268451694E0,2.042145304E0
2.107538812E2,1.322152961E0,1.028653872E0,1.335775366E0,2.142548265E0
2.107638702E2,1.056541144E0,1.027342342E0,1.324392006E0,1.981344408E0
2.107738582E2,7.819184746E-1,8.710603005E-1,1.589228776E0,1.973775734E0
2.107838462E2,6.649589588E-1,6.684303045E-1,1.709266266E0,1.952065741E0
2.107938352E2,9.285172342E-1,3.461984360E-1,1.715057348E0,1.980762307E0
2.108038232E2,1.216251115E0,3.250706917E-1,1.425283374E0,1.901675689E0
2.108138122E2,1.653054496E0,1.304572284E-2,1.127698689E0,2.001115612E0
2.108238002E2,2.234277819E0,-3.207215327E-1,6.764246178E-1,2.356355223E0
2.108337882E2,2.662164196E0,-6.405601358E-1,4.092151216E-1,2.768554228E0
2.108437772E2,2.779419581E0,-8.940644163E-1,3.048574519E-1,2.935551474E0
2.108537652E2,2.812235325E0,-1.182646143E0,1.920050204E-1,3.056826026E0
2.108637542E2,2.927544172E0,-1.319214882E0,-5.521416105E-2,3.211524776E0
2.108737422E2,2.839551178E0,-1.576215797E0,-1.902977065E-1,3.253263031E0
2.108837302E2,2.478297915E0,-1.648311966E0,1.036571002E-1,2.978193696E0
2.108937192E2,1.834527366E0,-1.353136919E0,7.515788805E-1,2.400279357E0
2.109037072E2,9.261494042E-1,-1.287987242E0,1.535850567E0,2.208053627E0
2.109136962E2,7.137652293E-2,-2.119118661E0,1.984707545E0,2.904276596E0
2.109236842E2,-6.170579834E-1,-3.376474679E0,2.384160082E0,4.179181871E0
2.109336722E2,-7.747566587E-1,-3.985722975E0,3.019040233E0,5.059727210E0
2.109436612E2,-3.971428871E-2,-3.618031343E0,3.261795577E0,4.871451366E0
2.109536493E2,1.054201527E0,-2.700128998E0,3.023699294E0,4.188650724E0
2.109636383E2,1.825241695E0,-2.043600701E0,2.579973979E0,3.763519205E0
2.109736263E2,2.921084753E0,-1.764601391E0,2.109371498E0,4.011982343E0
2.109836143E2,3.795254602E0,-1.526736073E0,1.956126355E0,4.534458165E0
2.109936033E2,4.189272738E0,-1.256273113E0,1.960523315E0,4.792898901E0
2.110035913E2,3.728146693E0,-8.465809321E-1,1.825755665E0,4.236644992E0
2.110135803E2,2.859388441E0,-5.283000273E-1,1.407512516E0,3.230525446E0
2.110235683E2,1.896791442E0,-4.380055690E-1,1.030460662E0,2.202615678E0
2.110335563E2,4.611355461E-2,-7.042708129E-1,1.135516416E0,1.336982187E0
2.110435453E2,-1.895573467E0,-7.936156833E-1,1.323537728E0,2.444335644E0
2.110535333E2,-3.603398686E0,-1.189754019E0,1.543976004E0,4.096810786E0
2.110635223E2,-5.021911569E0,-1.985798051E0,1.921806707E0,5.732044201E0
2.110735103E2,-5.944565946E0,-2.846631571E0,9.667580976E-1,6.661516104E0
2.110834983E2,-6.077599458E0,-4.079627504E0,-2.768557209E-1,7.325109202E0
2.110934873E2,-5.539796535E0,-5.123064306E0,-1.160011133E0,7.634183609E0
2.111034753E2,-4.041890159E0,-5.087489846E0,-1.763987433E0,6.732836004E0
2.111134643E2,-2.506746958E0,-4.154834976E0,-1.806410298E0,5.177794140E0
2.111234523E2,-1.261865391E0,-3.112950609E0,-1.040924254E0,3.516573483E0
2.111334403E2,-6.775823665E-1,-2.481712105E0,-1.228178412E-1,2.575479966E0
2.111434293E2,-1.010237884E-1,-2.100113456E0,3.384501444E-1,2.129608141E0
2.111534173E2,-5.121829813E-1,-2.214149948E0,2.114747867E-1,2.282435757E0
2.111634063E2,-1.134781567E0,-2.254083508E0,1.019549757E-2,2.523633415E0
2.111733943E2,-1.103362358E0,-1.489616194E0,-7.735854614E-1,2.008681001E0
2.111833823E2,-6.375509394E-1,-4.807112932E-1,-1.840413173E0,2.006159315E0
2.111933713E2,-3.356792220E-1,1.402665174E-1,-2.603500544E0,2.628796363E0
2.112033593E2,-2.767653997E-1,4.137051255E-1,-5.624347858E0,5.646329768E0
2.112133483E2,1.342160964E0,1.994067183E0,-6.742526695E-1,2.496460824E0
2.112233363E2,3.582292650E-1,1.358881808E0,-2.022462724E0,2.462771497E0
2.112333243E2,-3.970746940E-1,1.523784399E0,-3.745805869E0,4.063329770E0
2.112433133E2,-7.450748764E-1,2.231484604E0,-3.205347726E0,3.976042524E0
2.112533013E2,-1.270536373E0,2.696683819E0,-3.470906334E0,4.575320434E0
2.112632903E2,-1.748640539E0,3.196665781E0,-3.401180919E0,4.984420477E0
2.112732783E2,-2.020743497E0,3.439012989E0,-3.335411730E0,5.199537097E0
2.112832673E2,-2.269324129E0,3.557934245E0,-2.859496030E0,5.097592142E0
2.112932553E2,-2.329769282E0,3.741367832E0,-2.576280293E0,5.105181516E0
2.113032433E2,-2.104602071E0,3.917197700E0,-2.595339292E0,5.148744870E0
2.113132323E2,-1.827677791E0,4.084239787E0,-2.698242686E0,5.225125295E0
2.113232203E2,-1.727155530E0,4.263750477E0,-2.805986406E0,5.388524294E0
2.113332093E2,-1.847750844E0,4.329888334E0,-2.592430010E0,5.374272930E0
2.113431973E2,-1.742918161E0,4.322828990E0,-2.362731791E0,5.225621084E0
2.113531853E2,-1.551656322E0,4.615349402E0,-2.324807335E0,5.395722064E0
2.113631743E2,-1.288606900E0,4.838513065E0,-2.281089458E0,5.502280031E0
2.113731623E2,-1.057118629E0,4.842516069E0,-2.015434079E0,5.350648204E0
2.113831513E2,-8.121368120E-1,4.714086070E0,-1.642002236E0,5.057503833E0
2.113931393E2,-4.761769602E-1,4.585553745E0,-1.119002709E0,4.744071533E0
2.114031273E2,-1.321851172E-1,4.467166924E0,-7.728338018E-1,4.535452052E0
2.114131163E2,2.006420157E-1,4.134668514E0,6.972570777E-2,4.140121087E0
2.114231043E2,5.148608964E-1,3.393799394E0,1.480657968E0,3.738355800E0
2.114330933E2,7.314239667E-1,2.188762507E0,3.147297154E0,3.902709534E0
2.114430813E2,1.093533554E0,3.759022915E-1,4.611588180E0,4.754352081E0
2.114530693E2,1.408708418E0,-2.057992453E0,5.448865315E0,5.992489096E0
2.114630583E2,1.975792880E0,-5.564322097E0,7.197938840E0,9.309981818E0
2.114730463E2,2.443459181E0,-9.891454053E0,8.844174460E0,1.349187822E1
2.114830353E2,2.913279597E0,-1.291976914E1,8.160409248E0,1.555634635E1
2.114930233E2,3.205061213E0,-1.136174812E1,4.964778425E0,1.280666868E1
2.115030113E2,2.884876454E0,-6.780618382E0,2.933303095E0,7.931176762E0
2.115130003E2,2.076170131E0,-2.293155187E0,3.210274883E0,4.458128301E0
2.115229883E2,1.783145251E0,5.171803772E-1,3.705708588E0,4.144798990E0
2.115329773E2,1.750995797E0,2.077856029E0,3.423652353E0,4.370911506E0
2.115429653E2,1.646047632E0,2.659781456E0,2.706041995E0,4.136009366E0
2.115529533E2,4.753238880E-1,2.116406137E0,2.536787029E0,3.337723201E0
2.115629423E2,-1.361369360E0,5.204741138E-1,3.258979265E0,3.570037211E0
2.115729303E2,-2.040347018E0,-2.101044332E0,3.048019326E0,4.227035019E0
2.115829193E2,-2.597225604E0,-5.051908954E0,2.505252410E0,6.208353611E0
2.115929073E2,-3.497097183E0,-7.305145200E0,1.573095138E0,8.250422015E0
2.116028953E2,-3.911084436E0,-7.612046839E0,-2.119715077E-1,8.560652456E0
2.116128843E2,-3.832500197E0,-5.010971428E0,-2.446918248E0,6.766483675E0
2.116228723E2,-2.834787451E0,-9.619722247E-1,-3.585303600E0,4.670740023E0
2.116328613E2,-2.427192081E0,1.402496189E0,-3.149916707E0,4.216661265E0
2.116428493E2,-3.915839392E0,2.993887850E0,-2.708687568E0,5.624424499E0
2.116528373E2,-5.934078380E0,4.672203634E0,-3.319082503E0,8.249792826E0
2.116628263E2,-6.715752879E0,5.677720658E0,-4.196085328E0,9.743971505E0
2.116728143E2,-6.537252004E0,5.299241499E0,-4.989266564E0,9.783169479E0
2.116828033E2,-5.468548797E0,3.860722952E0,-5.605210506E0,8.730898722E0
2.116927913E2,-3.711977972E0,1.457799740E0,-5.799297135E0,7.038167930E0
2.117027803E2,-1.847474125E0,-1.619750656E0,-5.747535828E0,6.250673638E0
2.117127683E2,5.620482191E-1,-4.387824885E0,-5.444636024E0,7.015195426E0
2.117227563E2,2.580321304E0,-6.016605982E0,-4.944241834E0,8.203848663E0
2.117327453E2,3.654066856E0,-5.690797956E0,-4.074751511E0,7.895630807E0
2.117427333E2,3.847914919E0,-3.299449307E0,-2.645136520E0,5.717478654E0
2.117527223E2,3.012937494E0,-4.750698996E-1,-1.573081105E0,3.431918984E0
2.117627103E2,1.410082075E0,1.181657964E0,-9.599897262E-1,2.075145122E0
2.117726983E2,-4.286469541E-1,2.033147049E0,-3.394843706E-1,2.105391833E0
2.117826873E2,-2.083934648E0,2.103704231E0,-2.250476360E-1,2.969680378E0
2.117926753E2,-2.572426101E0,1.824554647E0,-1.480921385E-1,3.157262578E0
2.118026643E2,-2.052085450E0,1.362519946E0,-2.430012193E-1,2.475189869E0
2.118126523E2,-1.746797935E0,1.143854545E0,-2.102772769E-1,2.098552544E0
2.118226403E2,-1.329181461E0,7.965679425E-1,-4.483260508E-1,1.613146023E0
2.118326293E2,-5.183915914E-1,3.888328242E-1,-8.349370793E-1,1.056901478E0
2.118426173E2,3.829626217E-1,2.708705109E-1,-1.203228635E0,1.291429577E0
2.118526063E2,9.772382815E-1,3.711900204E-1,-1.410438609E0,1.755594987E0
2.118625943E2,1.586304875E0,4.440626997E-1,-1.072262406E0,1.965528302E0
2.118725823E2,2.118576331E0,5.659935182E-1,-5.872646655E-1,2.270152885E0
2.118825713E2,2.086773910E0,5.643761784E-1,-2.759112494E-1,2.179282644E0
2.118925593E2,1.908966222E0,4.282898355E-1,5.212398067E-2,1.957115512E0
2.119025483E2,1.742133465E0,3.518328130E-1,-2.014326324E-1,1.788683998E0
2.119125363E2,1.371498637E0,2.959036106E-1,-4.831824727E-1,1.483924783E0
2.119225243E2,1.177536773E0,3.525765789E-1,-4.075569244E-1,1.294992565E0
2.119325133E2,9.757673413E-1,4.680275130E-1,-1.990615133E-1,1.100362278E0
2.119425013E2,5.301796878E-1,7.006221503E-1,-4.004220787E-1,9.655566995E-1
2.119524903E2,-3.339593366E-2,9.185332596E-1,7.826308116E-2,9.224661226E-1
2.119624783E2,-4.534811754E-1,1.071289430E0,7.248587861E-1,1.370666436E0
2.119724663E2,-6.015956794E-1,1.142203876E0,8.171063606E-1,1.527812116E0
2.119824553E2,-4.823295102E-1,1.079277896E0,6.999982524E-1,1.373855919E0
2.119924433E2,-4.093196406E-1,1.067682282E0,6.608506320E-1,1.320686027E0
2.120024323E2,-2.417596362E-1,1.172406499E0,7.168785793E-1,1.395313448E0
2.120124203E2,3.259588838E-2,1.261043272E0,7.720382881E-1,1.478964416E0
2.120224083E2,2.807723321E-1,1.389553378E0,8.436356896E-1,1.649670533E0
2.120323973E2,6.176048443E-1,1.448609086E0,1.018672675E0,1.875526072E0
2.120423853E2,7.788371381E-1,1.413387213E0,1.087038320E0,1.945739708E0
2.120523743E2,9.779121731E-1,9.999112988E-1,1.306091391E0,1.913637778E0
2.120623623E2,1.019224652E0,4.371343338E-1,1.312154953E0,1.718038399E0
2.120723503E2,1.138332581E0,-8.224927425E-2,1.150866526E0,1.620820709E0
2.120823393E2,1.237767407E0,-2.873526424E-1,9.948990655E-1,1.613835136E0
2.120923273E2,1.205772758E0,-3.911237633E-1,1.048370683E0,1.644976241E0
2.121023163E2,1.338507331E0,-4.767205685E-1,1.202914932E0,1.861684374E0
2.121123043E2,1.912714872E0,-3.686037970E-1,6.549010170E-1,2.055052866E0
2.121222933E2,2.711748585E0,-4.500496638E-1,-2.000133304E-1,2.756107839E0
2.121322813E2,3.620460277E0,-6.372623062E-1,-9.848020935E-1,3.805741849E0
2.121422693E2,4.770573097E0,-1.172497716E0,-1.312211087E0,5.084782837E0
2.121522583E2,5.734319952E0,-1.948381133E0,-1.153974833E0,6.165247137E0
2.121622463E2,5.940108029E0,-2.382287804E0,-6.542076103E-1,6.433363519E0
2.121722353E2,4.866989590E0,-2.723626034E0,5.553357983E-1,5.604830443E0
2.121822233E2,2.636609233E0,-3.363635362E0,1.593620034E0,4.561291036E0
2.121922113E2,3.169652814E-1,-3.951824911E0,2.543122487E0,4.710080583E0
2.122022003E2,-4.347222112E-1,-3.970876309E0,3.585166483E0,5.367519052E0
2.122121883E2,7.556795329E-2,-3.258000734E0,3.636558831E0,4.883117798E0
2.122221773E2,9.660113351E-1,-2.767950268E0,2.709802047E0,3.992211632E0
2.122321653E2,1.928308373E0,-2.384077052E0,2.026623895E0,3.675513703E0
2.122421533E2,2.691832384E0,-1.987406035E0,1.985602169E0,3.890804583E0
2.122521423E2,3.106529782E0,-1.778104366E0,1.925594534E0,4.064492186E0
2.122621303E2,3.512510443E0,-2.447300071E0,1.891385983E0,4.680208135E0
2.122721193E2,3.868513198E0,-3.027485951E0,1.434633071E0,5.117542144E0
2.122821073E2,2.706467672E0,-3.205388657E0,7.756015813E-1,4.266267867E0
2.122920953E2,1.089351625E-1,-3.081072759E0,3.400530124E-1,3.101695064E0
2.123020843E2,-2.914513944E0,-2.496369320E0,5.616075218E-1,3.878357168E0
2.123120723E2,-5.657854158E0,-1.975602846E0,1.551806011E0,6.190510655E0
2.123220613E2,-7.755752689E0,-2.103357491E0,3.175395364E0,8.640540968E0
2.123320493E2,-9.373886590E0,-2.677092138E0,4.353059680E0,1.067640860E1
2.123420373E2,-1.039487476E1,-3.572443526E0,3.653685910E0,1.158297003E1
2.123520263E2,-1.067800864E1,-4.425981476E0,1.871213089E0,1.170942436E1
2.123620143E2,-9.558364490E0,-5.201130483E0,3.014284985E-1,1.088599785E1
2.123720033E2,-6.579808624E0,-4.407986085E0,-6.834013693E-1,7.949293068E0
2.123819913E2,-3.964311640E0,-2.696509572E0,-5.167052910E-1,4.822231331E0
2.123919803E2,-2.070427288E0,-1.784124659E0,-1.113561291E-1,2.735355579E0
2.124019683E2,-9.542230194E-2,-1.440234119E0,-6.612326744E-1,1.587642398E0
2.124119563E2,2.814837555E-1,-1.043205253E0,-9.659328362E-1,1.449322790E0
2.124219453E2,1.981102883E0,-1.128923680E0,-1.266527960E0,2.608319456E0
2.124319333E2,2.601338536E0,-1.179758788E0,-2.681726641E0,3.917965129E0
2.124419223E2,2.303311947E0,-8.141212839E-1,-3.537888821E0,4.299383293E0
2.124519103E2,1.688974381E0,-1.147013211E-1,-3.513365306E0,3.899939310E0
2.124618983E2,5.691424631E-1,6.490035152E-1,-2.514344538E0,2.658393719E0
2.124718873E2,-4.060150136E-1,1.337497371E0,-2.296453017E0,2.688390572E0
2.124818753E2,-1.366510378E0,2.095525146E0,-2.872900480E0,3.809479415E0
2.124918643E2,-1.862015711E0,2.971612297E0,-3.061989786E0,4.655465992E0
2.125018523E2,-2.167529659E0,3.776559885E0,-3.014922039E0,5.296257574E0
2.125118413E2,-2.500469680E0,4.212416602E0,-2.979208415E0,5.733453151E0
2.125218293E2,-2.898747804E0,3.962622380E0,-2.772840294E0,5.638595415E0
2.125318173E2,-3.318051639E0,3.725709574E0,-2.479374095E0,5.571146597E0
2.125418063E2,-3.806656965E0,3.418651814E0,-2.203259217E0,5.570652444E0
2.125517943E2,-3.582379700E0,3.155634699E0,-2.383150853E0,5.335811340E0
2.125617833E2,-2.953202046E0,3.062301443E0,-2.255769845E0,4.815349421E0
2.125717713E2,-2.317545239E0,3.013929182E0,-2.065112023E0,4.326600596E0
2.125817593E2,-1.751429953E0,3.080120832E0,-1.811218902E0,3.979342299E0
2.125917483E2,-1.428084044E0,3.155636453E0,-1.579257519E0,3.806772881E0
2.126017363E2,-1.358086002E0,3.346905894E0,-1.393451132E0,3.871418694E0
2.126117253E2,-1.312682957E0,3.649431476E0,-1.286199163E0,4.086048817E0
2.126217133E2,-1.289689512E0,3.932171250E0,-1.319758380E0,4.343619684E0
2.126317013E2,-1.314635342E0,4.275852460E0,-1.352227677E0,4.673296484E0
2.126416903E2,-1.296319378E0,4.460772994E0,-1.366901557E0,4.842247360E0
2.126516783E2,-1.138773900E0,4.489018553E0,-1.366033537E0,4.828471932E0
2.126616673E2,-9.299341607E-1,4.399564340E0,-1.285655957E0,4.676949344E0
2.126716553E2,-6.420223783E-1,4.338808846E0,-1.098464949E0,4.521513041E0
2.126816433E2,-3.119414999E-1,4.546382078E0,-7.789175373E-1,4.623160178E0
2.126916323E2,-1.944547114E-1,4.752149690E0,-2.041023248E-1,4.760503867E0
2.127016203E2,-7.439033319E-2,4.729612767E0,1.075254719E0,4.850870391E0
2.127116093E2,2.375257404E-1,4.551545169E0,2.425326819E0,5.162866654E0
2.127215973E2,5.435310008E-1,3.356575434E0,3.155467761E0,4.638857767E0
2.127315863E2,6.734754284E-1,-1.342193270E-1,5.282275218E0,5.326726524E0
2.127415743E2,4.630117349E-1,-4.507706255E0,7.130168442E0,8.448260031E0
2.127515623E2,1.290813201E0,-9.806562422E0,9.064923223E0,1.341669476E1
2.127615513E2,2.172558850E0,-1.545937862E1,1.062026388E1,1.888127125E1
2.127715393E2,3.288819069E0,-1.605870419E1,8.703420870E0,1.855930618E1
2.127815283E2,4.316277477E0,-1.093843544E1,4.563212703E0,1.261358519E1
2.127915163E2,3.763396340E0,-4.383658159E0,4.020633483E0,7.038828346E0
2.128015043E2,3.593366618E0,7.125194800E-1,5.295684637E0,6.439273518E0
2.128114933E2,3.847659980E0,3.794268762E0,3.949322011E0,6.693138808E0
2.128214813E2,3.194993185E0,4.688063037E0,1.418375473E0,5.847880425E0
2.128314703E2,7.763653739E-1,4.401715531E0,1.197199863E0,4.627216260E0
2.128414583E2,-2.824722931E0,3.594747146E0,2.496270795E0,5.208899554E0
2.128514463E2,-5.581825737E0,9.267866045E-1,2.961927846E0,6.386605400E0
2.128614353E2,-7.218704642E0,-3.767124817E0,2.508998721E0,8.520328672E0
2.128714233E2,-8.180661079E0,-9.253191873E0,1.746225931E0,1.247373563E1
2.128814123E2,-8.759610273E0,-1.225656858E1,-1.279622215E-1,1.506554413E1
2.128914003E2,-7.237455493E0,-1.049520597E1,-1.181426999E0,1.280335425E1
2.129013883E2,-3.107476446E0,-5.307204822E0,-2.596825070E0,6.675802074E0
2.129113773E2,-3.579209340E-1,-6.473797435E-1,-4.551424717E0,4.611146807E0
2.129213653E2,-1.643509940E0,3.156915824E0,-5.317858449E0,6.398973427E0
2.129313543E2,-4.360883254E0,7.049625385E0,-6.286931532E0,1.040384683E1
2.129413423E2,-6.872958781E0,9.681000482E0,-6.291648481E0,1.343667270E1
2.129513303E2,-8.531012208E0,9.135728912E0,-5.197801663E0,1.353723953E1
2.129613192E2,-8.781297596E0,6.852727414E0,-3.324112862E0,1.162414671E1
2.129713072E2,-7.626938528E0,4.040206161E0,-3.503118353E0,9.314789065E0
2.129812962E2,-4.874361759E0,-3.120278925E-1,-4.096769201E0,6.374973087E0
2.129912842E2,-2.138635059E0,-5.244267731E0,-5.248156714E0,7.721350455E0
2.130012732E2,9.818100733E-1,-8.784969063E0,-7.336219059E0,1.148737318E1
2.130112612E2,2.963541970E0,-9.586711791E0,-7.007188632E0,1.223880372E1
2.130212492E2,2.569829937E0,-6.979675144E0,-3.319239500E0,8.144767761E0
2.130312382E2,1.400038605E0,-2.606750718E0,-5.204796687E-1,3.004356252E0
2.130412262E2,2.860165536E-2,6.387545156E-1,2.085888934E-1,6.725583338E-1
2.130512152E2,-1.532050023E0,2.324454163E0,3.000824694E-1,2.800056056E0
2.130612032E2,-2.209678583E0,2.922355937E0,9.457929790E-2,3.664940505E0
2.130711912E2,-2.410293043E0,2.714547063E0,-3.739306104E-1,3.649397541E0
2.130811802E2,-2.365215981E0,2.381151105E0,-6.477726763E-1,3.418148133E0
2.130911682E2,-1.666739466E0,1.937561445E0,-1.235405570E0,2.838730654E0
2.131011572E2,-1.098043950E0,1.347489093E0,-1.720127323E0,2.445458112E0
2.131111452E2,7.469496399E-2,6.415810597E-1,-1.642865285E0,1.765279564E0
2.131211332E2,1.445095494E0,-4.020101094E-1,-1.455310142E0,2.089937971E0
2.131311222E2,2.587558110E0,-1.101233021E0,-9.312627943E-1,2.962333798E0
2.131411102E2,3.240971011E0,-1.424595156E0,-1.003730700E0,3.679788006E0
2.131510992E2,2.940688420E0,-1.355821375E0,-7.979841381E-1,3.335068016E0
2.131610872E2,2.527692854E0,-6.638355625E-1,-1.711286332E-1,2.619006268E0
2.131710752E2,2.069581927E0,2.234782434E-1,3.953535660E-1,2.118824278E0
2.131810642E2,1.342337111E0,1.009424719E0,1.358021098E0,2.159867701E0
2.131910522E2,1.147843224E0,1.261750200E0,1.375209573E0,2.191063441E0
2.132010412E2,5.798236085E-1,9.718341386E-1,1.254542338E0,1.689536471E0
2.132110292E2,-1.810511389E-1,6.400584447E-1,-2.427038884E-1,7.080674439E-1
2.132210182E2,-2.928893709E-1,7.204342711E-1,6.640267664E-1,1.022614917E0
2.132310062E2,-8.491973419E-2,7.363498074E-1,1.572310442E0,1.738269981E0
2.132409942E2,8.294746835E-2,8.174267149E-1,1.282618328E0,1.523212557E0
2.132509832E2,1.786295146E-1,8.628028625E-1,1.153317679E0,1.451371404E0
2.132609712E2,5.003833001E-1,7.488692808E-1,1.498382925E0,1.748239124E0
2.132709602E2,7.876146859E-1,6.410700130E-1,1.699839385E0,1.980091308E0
2.132809482E2,1.012506567E0,6.397210604E-1,1.857005525E0,2.209724440E0
2.132909362E2,1.180410022E0,6.218396902E-1,1.990786310E0,2.396514668E0
2.133009252E2,1.107069127E0,6.891475743E-1,2.004327292E0,2.391203531E0
2.133109132E2,1.033701627E0,9.825362974E-1,1.876670880E0,2.357076626E0
2.133209022E2,1.063257548E0,1.128289257E0,2.029979028E0,2.554284266E0
2.133308902E2,1.532270609E0,7.486640435E-1,2.078772873E0,2.688800425E0
2.133408782E2,1.943836092E0,1.221132517E-1,1.295378122E0,2.339105573E0
2.133508672E2,2.299462579E0,-4.980225599E-1,5.768395185E-1,2.422457110E0
2.133608552E2,2.276555673E0,-6.497320783E-1,5.010970990E-1,2.419908223E0
2.133708442E2,2.121117678E0,-5.869832683E-1,7.965966669E-1,2.340567412E0
2.133808322E2,2.125838281E0,-3.815273130E-1,9.556350124E-1,2.361776824E0
2.133908212E2,2.198307795E0,-3.684055763E-1,7.241472530E-1,2.343644400E0
2.134008092E2,2.104670045E0,-6.736828583E-1,1.933369430E-1,2.218302000E0
2.134107972E2,2.285340384E0,-1.163623981E0,-1.854222250E-1,2.571222052E0
2.134207862E2,2.650917077E0,-1.158325819E0,-3.987881474E-1,2.920293143E0
2.134307742E2,2.625651843E0,-1.166727099E0,5.351525255E-1,2.922616627E0
2.134407632E2,1.016121827E0,-1.334008337E0,1.319241779E0,2.133654302E0
2.134507512E2,-8.378704812E-1,-2.360077740E0,2.248730382E0,3.365825636E0
2.134607392E2,-2.288036096E0,-3.008274339E0,2.730850854E0,4.662871440E0
2.134707282E2,-2.247525417E0,-3.091185519E0,3.340358766E0,5.075903377E0
2.134807162E2,-1.343730357E0,-2.844294439E0,3.101749098E0,4.417744854E0
2.134907052E2,-5.487860397E-1,-2.480146805E0,2.289067984E0,3.419375166E0
2.135006932E2,-3.832162812E-2,-2.285357925E0,2.041236087E0,3.064469637E0
2.135106812E2,5.131548616E-1,-2.033584421E0,2.070842879E0,2.947402880E0
2.135206702E2,1.061968676E0,-1.948634902E0,1.962636645E0,2.962583003E0
2.135306582E2,1.805085173E0,-2.023994402E0,1.937256221E0,3.332843754E0
2.135406472E2,2.471533272E0,-2.246168717E0,2.383164886E0,4.102831399E0
2.135506352E2,2.609023531E0,-2.353759239E0,1.731395638E0,3.917258888E0
2.135606242E2,1.917494678E0,-2.243480752E0,7.927269065E-1,3.055880834E0
2.135706122E2,2.629394207E-1,-2.109211138E0,6.093476987E-1,2.211156571E0
2.135806002E2,-1.907730705E0,-1.550614348E0,4.663879172E-1,2.502270767E0
2.135905892E2,-3.824029628E0,-1.360235438E0,4.761235678E-1,4.086580073E0
2.136005772E2,-5.289066174E0,-1.867447482E0,1.440779080E0,5.791150615E0
2.136105662E2,-6.734759254E0,-2.933497222E0,2.725857332E0,7.835348515E0
2.136205542E2,-7.676621150E0,-4.315928106E0,2.744346228E0,9.224379866E0
2.136305422E2,-7.580971227E0,-4.958811926E0,1.296349345E0,9.151036120E0
2.136405312E2,-6.463867108E0,-4.255452109E0,-7.900314863E-1,7.779113085E0
2.136505192E2,-4.527189470E0,-2.769207419E0,-2.030079746E0,5.682004752E0
2.136605082E2,-2.657175352E0,-1.797510105E0,-1.971134696E0,3.765235108E0
2.136704962E2,-1.107068835E0,-1.368648412E0,-1.753777318E0,2.484861115E0
2.136804842E2,2.579180512E-1,-1.007345449E0,-1.732285584E0,2.020415779E0
2.136904732E2,1.078967409E0,-1.059287435E0,-1.328207607E0,2.012559561E0
2.137004612E2,1.391489683E0,-1.115694939E0,-1.432669576E0,2.287697719E0
2.137104502E2,1.458819202E0,-1.213763856E0,-2.295868003E0,2.978655074E0
2.137204382E2,1.077819600E0,-8.880365217E-1,-2.047621247E0,2.478519059E0
2.137304272E2,5.691635862E-1,3.322387934E-3,-2.309477105E0,2.378579981E0
2.137404152E2,-2.048300839E-1,1.179265283E0,-2.619232477E0,2.879757063E0
2.137504032E2,-7.695856735E-1,2.089604255E0,-2.758516370E0,3.545154526E0
2.137603922E2,-1.126397464E0,2.513063706E0,-2.898953334E0,3.998523586E0
2.137703802E2,-1.259097319E0,2.740615119E0,-3.284531890E0,4.459198025E0
2.137803692E2,-1.412176255E0,3.071138340E0,-3.540441130E0,4.894982725E0
2.137903572E2,-1.599036310E0,3.415133545E0,-3.519365426E0,5.158099190E0
2.138003452E2,-1.752580100E0,3.613131961E0,-3.140272309E0,5.097800482E0
2.138103342E2,-2.019378903E0,3.602833260E0,-2.671861219E0,4.919058957E0
2.138203222E2,-2.045438773E0,3.313873218E0,-2.029067447E0,4.391206006E0
2.138303112E2,-2.058463446E0,2.964217908E0,-1.584488438E0,3.941378335E0
2.138402992E2,-1.927818230E0,2.856291171E0,-1.614927288E0,3.805636941E0
2.138502872E2,-1.766213176E0,3.031200687E0,-1.652639198E0,3.878002438E0
2.138602762E2,-1.680906100E0,3.328040437E0,-1.630970002E0,4.069565286E0
2.138702642E2,-1.646472724E0,3.610532874E0,-1.652806721E0,4.298673065E0
2.138802532E2,-1.582824028E0,3.930184951E0,-1.695896607E0,4.563743086E0
2.138902412E2,-1.558557791E0,4.216019071E0,-1.694519588E0,4.803677324E0
2.139002302E2,-1.483915159E0,4.396603310E0,-1.617388381E0,4.914068583E0
2.139102182E2,-1.354776478E0,4.381662505E0,-1.411016167E0,4.798473948E0
2.139202062E2,-1.261941404E0,4.295449988E0,-1.164254019E0,4.625891711E0
2.139301952E2,-1.079583413E0,4.178329673E0,-8.415850711E-1,4.396840301E0
2.139401832E2,-5.533375489E-1,4.072844734E0,-4.955173203E-1,4.140022232E0
2.139501722E2,1.116449815E-1,4.087486746E0,-3.208969492E-1,4.101583518E0
2.139601602E2,7.173226753E-1,4.285585735E0,-8.959747016E-2,4.346127543E0
2.139701482E2,1.137532243E0,4.668560234E0,4.170283905E-1,4.823209195E0
2.139801372E2,1.320829298E0,4.834663843E0,2.879481813E-1,5.020107435E0
2.139901252E2,1.501263263E0,3.644572440E0,1.457840378E0,4.202618020E0
2.140001142E2,9.060912618E-1,1.029843780E0,3.281890995E0,3.557019552E0
2.140101022E2,4.570836084E-1,-3.024655314E0,4.718278231E0,5.623132104E0
2.140200902E2,5.224312134E-1,-8.595116403E0,7.158182452E0,1.119770228E1
2.140300792E2,1.399303610E0,-1.529993207E1,9.975300786E0,1.831809481E1
2.140400672E2,1.772684290E0,-1.790840070E1,8.760180377E0,2.001484412E1
2.140500562E2,2.002907004E0,-1.331013978E1,5.753027533E0,1.463792278E1
2.140600442E2,2.593279611E0,-6.674915341E0,3.482207248E0,7.962748348E0
2.140700332E2,2.551571129E0,-1.914265553E0,4.389122382E0,5.425801611E0
2.140800212E2,2.915184912E0,1.540455980E0,5.992807814E0,6.839960029E0
2.140900092E2,3.057197408E0,3.900713814E0,4.072578978E0,6.414664744E0
2.140999982E2,3.101925684E0,5.254198642E0,8.358138692E-1,6.158500722E0
2.141099862E2,1.625550217E0,5.249355394E0,7.816207051E-1,5.550592444E0
2.141199752E2,-5.255606433E-1,4.433420888E0,1.197247518E0,4.622211200E0
2.141299632E2,-2.676841877E0,2.471909832E0,1.058473210E0,3.794230645E0
2.141399512E2,-4.737456806E0,-6.197610050E-1,9.969242486E-1,4.880723169E0
2.141499402E2,-6.647508271E0,-3.642664493E0,3.274648342E-1,7.587200014E0
2.141599282E2,-7.633182185E0,-5.326137521E0,-6.715813690E-1,9.331893307E0
2.141699172E2,-7.492319251E0,-5.871431896E0,-1.426297866E0,9.625117447E0
2.141799052E2,-5.730204681E0,-6.112160010E0,-8.594313580E-1,8.422135593E0
2.141898932E2,-3.038804114E0,-5.588209727E0,8.571111828E-2,6.361585085E0
2.141998822E2,-1.768047155E0,-3.057541809E0,-9.014377552E-1,3.645153314E0
2.142098702E2,-2.623500360E0,1.088045211E0,-2.041704157E0,3.497878269E0
2.142198592E2,-4.781929851E0,4.539217485E0,-3.772986651E0,7.596497663E0
2.142298472E2,-5.968323768E0,6.089310846E0,-4.996818827E0,9.882752328E0
2.142398362E2,-6.387397807E0,6.077856150E0,-5.070707753E0,1.017109941E1
2.142498242E2,-6.183674381E0,4.855635467E0,-4.214635328E0,8.920660042E0
2.142598122E2,-4.374088022E0,2.616025572E0,-3.230000172E0,6.033998419E0
2.142698012E2,-2.241528366E0,-2.256925839E-1,-3.513715847E0,4.173917298E0
2.142797892E2,-7.259698302E-2,-2.983141837E0,-4.595156043E0,5.479038656E0
2.142897782E2,1.841355744E0,-4.378485128E0,-5.229442116E0,7.064615194E0
2.142997662E2,2.748222347E0,-4.363907434E0,-4.853205656E0,7.081667834E0
2.143097542E2,2.818979211E0,-3.039207864E0,-2.766859177E0,4.983867769E0
2.143197432E2,9.784183958E-1,-1.314528923E0,-2.422442973E-2,1.638864140E0
2.143297312E2,-6.671585351E-1,2.929227000E-1,1.206135432E0,1.409136934E0
2.143397202E2,-9.293818912E-1,1.350980465E0,6.422572902E-1,1.761077325E0
2.143497082E2,2.019068708E0,1.512476469E0,4.459580746E-1,2.561855210E0
2.143596962E2,-3.975962510E0,1.551278592E0,3.596142876E-1,4.282997266E0
2.143696852E2,-2.666749291E0,1.884882710E0,2.917339611E-1,3.278634367E0
2.143796732E2,4.020180032E-1,1.337521929E0,-1.341785426E-1,1.403063529E0
2.143896622E2,-6.803039530E-1,2.763084215E-1,-1.633498191E0,1.790942811E0
2.143996502E2,-2.549512909E0,7.365860349E-1,-7.392051490E-1,2.754813844E0
2.144096392E2,-8.277786255E-2,1.165618467E0,-6.256029582E-1,1.325480157E0
2.144196272E2,8.538368334E-2,3.160993087E-1,-9.651093290E-1,1.019139423E0
2.144296152E2,3.442945826E-1,-1.296912432E-1,-3.499406540E-1,5.077568705E-1
2.144396042E2,5.608900684E-1,-4.417360926E-1,-2.952994470E-1,7.726125858E-1
2.144495922E2,6.869735795E-1,-5.259810215E-1,-9.038318977E-2,8.699183036E-1
2.144595812E2,8.548486027E-1,-2.939699364E-1,3.874189675E-1,9.835028792E-1
2.144695692E2,8.836990571E-1,1.871600175E-1,7.873989236E-1,1.198311295E0
2.144795572E2,7.758641213E-1,6.084162372E-1,9.457659356E-1,1.366238873E0
2.144895462E2,5.821499598E-1,5.980754364E-1,-7.202958383E-2,8.377237398E-1
2.144995342E2,5.927614868E-1,5.462731987E-1,1.995449684E-1,8.304208465E-1
2.145095232E2,1.770376284E-1,5.525525236E-1,5.817856052E-1,8.216636195E-1
2.145195112E2,-1.492121726E-2,6.573702961E-1,7.566028082E-1,1.002400199E0
2.145294992E2,-1.472980683E-1,6.006183904E-1,1.078825321E0,1.243504421E0
2.145394882E2,-4.585898146E-1,6.260216188E-1,1.316998202E0,1.528624202E0
2.145494762E2,-6.158062407E-1,6.282657802E-1,1.529880706E0,1.764786160E0
2.145594652E2,-5.785994574E-1,6.840721911E-1,1.601174637E0,1.834800347E0
2.145694532E2,-3.913156251E-1,6.916244549E-1,1.726802065E0,1.900872873E0
2.145794422E2,-1.663389596E-1,7.463736892E-1,1.802567947E0,1.958058614E0
2.145894302E2,6.093646556E-2,8.740143138E-1,1.673508203E0,1.888979613E0
2.145994182E2,2.170314688E-1,9.337675953E-1,1.488229820E0,1.770269069E0
2.146094072E2,2.964230626E-1,9.197833943E-1,1.379926522E0,1.684655849E0
2.146193952E2,3.870906463E-1,6.798440695E-1,1.392549491E0,1.597254273E0
2.146293842E2,5.432138624E-1,-4.070831537E-3,1.209953956E0,1.326305564E0
2.146393722E2,9.308215488E-1,-6.250305158E-1,7.840016913E-1,1.368119349E0
2.146493602E2,1.154669117E0,-5.101906157E-1,4.472746483E-1,1.339257199E0
2.146593492E2,1.148729661E0,-3.975404978E-2,8.277412033E-1,1.416444746E0
2.146693372E2,9.398660950E-1,1.780091250E-1,1.111849226E0,1.466712046E0
2.146793262E2,7.408754061E-1,5.713431358E-2,9.268901733E-1,1.187975627E0
2.146893142E2,5.595757605E-1,-5.860137999E-2,5.038943704E-1,7.552937773E-1
2.146993022E2,8.136264633E-1,-3.591254604E-1,1.370120303E-1,8.998507734E-1
2.147092912E2,1.291307583E0,-6.298562229E-1,-3.305033398E-1,1.474254589E0
2.147192792E2,1.938650489E0,-8.978235912E-1,-1.709690773E-1,2.143287975E0
2.147292682E2,1.733549168E0,-9.573640341E-1,-2.711807057E-2,1.980523668E0
2.147392562E2,3.937297212E-1,-1.564089257E0,4.323969928E-1,1.669839949E0
2.147492452E2,-9.878691043E-1,-2.362892590E0,1.168139128E0,2.814905998E0
2.147592332E2,-1.590218124E0,-3.017533990E0,1.891843235E0,3.900432783E0
2.147692212E2,-1.324930535E0,-3.141936427E0,2.436775668E0,4.191071592E0
2.147792102E2,-8.223342830E-1,-3.018586489E0,2.256697798E0,3.857561797E0
2.147891982E2,-5.967465104E-1,-2.951996058E0,1.872643318E0,3.546432027E0
2.147991872E2,-6.845224267E-1,-3.044967957E0,1.784167929E0,3.594948679E0
2.148091752E2,-4.067771982E-1,-3.003273216E0,1.710284851E0,3.479970110E0
2.148191632E2,1.626039045E-1,-2.824650718E0,1.858252151E0,3.384995239E0
2.148291522E2,7.578186636E-1,-2.674683085E0,2.003634982E0,3.426772807E0
2.148391402E2,9.642257416E-1,-2.619581848E0,1.532458159E0,3.184394503E0
2.148491292E2,4.064126974E-1,-2.587301710E0,1.064945201E0,2.827261873E0
2.148591172E2,-9.082602134E-1,-2.054002898E0,7.914732635E-1,2.381238007E0
2.148691062E2,-2.245222052E0,-1.345924378E0,4.364162958E-1,2.653863915E0
2.148790942E2,-3.463565155E0,-9.145331794E-1,2.210610044E-1,3.589083795E0
2.148890822E2,-4.348661697E0,-5.984408873E-1,4.596273299E-1,4.413643317E0
2.148990712E2,-5.215901719E0,-8.172127068E-1,1.307898034E0,5.439123515E0
2.149090592E2,-6.120892827E0,-1.927278532E0,2.296529469E0,6.815700928E0
2.149190482E2,-6.532580078E0,-2.988330072E0,2.157624768E0,7.500670886E0
2.149290362E2,-6.004617435E0,-3.148391168E0,6.307201490E-1,6.809229428E0
2.149390242E2,-4.857950379E0,-2.317803540E0,-1.438614441E0,5.571490523E0
2.149490132E2,-3.704932370E0,-1.605786921E0,-2.613325328E0,4.809838331E0
2.149590011E2,-2.662324995E0,-1.309983298E0,-2.632207449E0,3.966427444E0
2.149689901E2,-2.283789117E0,-9.076515913E-1,-2.005006447E0,3.171683306E0
2.149789781E2,-1.549100504E0,-7.437079436E-1,-1.931641724E0,2.585353675E0
2.149889661E2,-8.433950767E-1,-1.112911665E0,-1.496710621E0,2.046956353E0
2.149989551E2,-5.508717049E-1,-1.464433406E0,-8.828936031E-1,1.796531645E0
2.150089431E2,-2.933489621E-1,-1.305896679E0,-1.471440125E0,1.989109295E0
2.150189321E2,-1.962206070E-1,-5.008058345E-1,-2.087811206E0,2.155983452E0
2.150289201E2,-3.723726564E-1,4.098021090E-1,-1.863240703E0,1.943775985E0
2.150389091E2,-5.345866977E-1,9.996750712E-1,-1.875756668E0,2.191710807E0
2.150488971E2,-6.746666524E-1,1.534191858E0,-2.314620901E0,2.857689567E0
2.150588851E2,-7.585984629E-1,1.958600312E0,-2.809923921E0,3.508170356E0
2.150688741E2,-9.288106182E-1,2.312222373E0,-3.022425186E0,3.917156554E0
2.150788621E2,-1.109680786E0,2.679954350E0,-3.081623567E0,4.232014954E0
2.150888511E2,-1.312259619E0,2.706169172E0,-2.831913252E0,4.130993774E0
2.150988391E2,-1.444447915E0,2.723696201E0,-2.471246173E0,3.951203415E0
2.151088271E2,-1.299268275E0,3.028925536E0,-2.399448797E0,4.076744103E0
2.151188161E2,-1.055466864E0,3.328094231E0,-2.177503109E0,4.114819717E0
2.151288041E2,-9.899321482E-1,3.424344079E0,-2.016552066E0,4.095434075E0
2.151387931E2,-1.049209174E0,3.005236126E0,-1.479026887E0,3.509957920E0
2.151487811E2,-1.006664833E0,2.889613869E0,-1.312664831E0,3.329614295E0
2.151587701E2,-8.483052760E-1,2.965887873E0,-1.469441546E0,3.416924227E0
2.151687581E2,-6.876234975E-1,3.101808155E0,-1.605236698E0,3.559610198E0
2.151787461E2,-6.792040917E-1,3.228788044E0,-1.674505153E0,3.700048370E0
2.151887351E2,-6.241072404E-1,3.284101535E0,-1.726856444E0,3.762561085E0
2.151987231E2,-4.314119563E-1,3.269820296E0,-1.832466515E0,3.773032543E0
2.152087121E2,-3.068952066E-1,3.236478887E0,-1.809292537E0,3.720553687E0
2.152187001E2,-2.711698884E-1,3.231042146E0,-1.773102365E0,3.695545759E0
2.152286891E2,-3.352825615E-1,3.058433509E0,-1.351471632E0,3.360491854E0
2.152386771E2,-3.829397079E-1,2.891244072E0,-7.865806058E-1,3.020702593E0
2.152486651E2,-3.300770777E-1,2.979345825E0,-3.472117585E-1,3.017616348E0
2.152586541E2,-1.600482327E-1,3.208737942E0,-7.071681082E-2,3.213505171E0
2.152686421E2,3.487982908E-2,3.433207873E0,2.621321395E-1,3.443377145E0
2.152786311E2,2.855043375E-1,3.268242132E0,5.251302516E-1,3.322451074E0
2.152886191E2,5.570800227E-1,2.300998642E0,1.411250641E0,2.756186002E0
2.152986071E2,8.501263914E-1,1.251596510E0,2.570452373E0,2.982689073E0
2.153085961E2,9.336661461E-1,-2.296470559E-1,4.153984499E0,4.263807859E0
2.153185841E2,1.103100037E0,-2.509192849E0,5.514091591E0,6.157766195E0
2.153285731E2,1.947698763E0,-4.702854154E0,5.433100052E0,7.445061708E0
2.153385611E2,2.699565034E0,-7.106159189E0,6.495257301E0,9.998675772E0
2.153485491E2,2.739584548E0,-8.373968275E0,7.192748852E0,1.137384298E1
2.153585381E2,3.238045649E0,-7.147987247E0,7.228580589E0,1.066916298E1
2.153685261E2,4.269637162E0,-4.416846371E0,6.819085459E0,9.178140327E0
2.153785151E2,4.539944878E0,-1.731687414E0,7.157876058E0,8.651302240E0
2.153885031E2,4.322596563E0,4.295382160E-1,6.826805538E0,8.091638770E0
2.153984921E2,3.683202655E0,2.291411548E0,4.496256529E0,6.247629267E0
2.154084801E2,2.074514492E0,3.561474150E0,1.918655643E0,4.546311469E0
2.154184681E2,1.887813042E-1,3.514342083E0,7.196022123E-1,3.592222989E0
2.154284571E2,-1.037828738E0,2.523725519E0,9.251701418E-1,2.881357106E0
2.154384451E2,-2.083217926E0,1.492457356E0,1.117384200E0,2.795670463E0
2.154484341E2,-3.468710412E0,3.731336349E-1,9.997276962E-1,3.629137101E0
2.154584221E2,-4.936290790E0,-1.831529791E0,6.500437349E-2,5.265519320E0
2.154684101E2,-6.372828299E0,-5.069740623E0,-1.046051677E0,8.210324880E0
2.154783991E2,-7.589519271E0,-7.712370442E0,-1.204127352E0,1.088721191E1
2.154883871E2,-7.968472055E0,-8.703853564E0,-1.272014987E-1,1.180126239E1
2.154983761E2,-6.334865837E0,-7.726070468E0,1.642027671E0,1.012516394E1
2.155083641E2,-2.923136248E0,-3.985517737E0,1.175339170E0,5.080403461E0
2.155183531E2,-2.056907210E0,3.140428430E-1,-1.895893017E0,2.814942363E0
2.155283411E2,-4.603166143E0,4.559626021E0,-3.731414117E0,7.476816121E0
2.155383291E2,-7.075986387E0,7.362278345E0,-4.189489962E0,1.103741600E1
2.155483181E2,-7.823526011E0,7.677708147E0,-2.658865782E0,1.127937626E1
2.155583061E2,-6.787433311E0,6.087891142E0,-1.690437062E0,9.273038713E0
2.155682951E2,-4.716747138E0,4.245487869E0,-7.088148303E-1,6.385474866E0
2.155782831E2,-3.289817188E0,1.292106605E0,-1.618867435E0,3.887565869E0
2.155882711E2,-1.650041280E0,-1.775118778E0,-4.849949049E0,5.421779107E0
2.155982601E2,-1.807098370E0,-4.327611428E0,-6.738267583E0,8.209633074E0
2.156082481E2,-1.799938600E0,-5.093748121E0,-4.704516809E0,7.163695087E0
2.156182371E2,1.018391789E0,-4.444132987E0,-3.450878744E0,5.718041968E0
2.156282251E2,1.253017530E0,-2.888364903E0,-1.293336128E0,3.403736636E0
2.156382141E2,7.033633981E-1,-6.477071875E-1,5.911687052E-1,1.124155287E0
2.156482021E2,-4.392792022E-2,7.486523491E-1,9.600875209E-1,1.218268464E0
2.156581901E2,-5.770956266E-1,1.331299907E0,9.779566851E-1,1.749799441E0
2.156681791E2,-8.668326174E-1,1.656595132E0,7.356194901E-1,2.009189451E0
2.156781671E2,-8.775919327E-1,1.890652742E0,-4.036800742E-2,2.084793747E0
2.156881561E2,-1.008184305E0,1.491672660E0,-7.799623617E-1,1.962107083E0
2.156981441E2,-1.588980854E-1,7.313100922E-1,-1.075005408E0,1.309847197E0
2.157081321E2,5.798595323E-1,-1.187113416E-1,-1.614207496E0,1.719300817E0
2.157181211E2,1.038962075E0,-7.050262731E-1,-1.847589169E0,2.233850929E0
2.157281091E2,1.504987209E0,-1.073881500E0,-1.775164386E0,2.563087313E0
2.157380981E2,1.598631391E0,-1.067803904E0,-1.378047227E0,2.365341764E0
2.157480861E2,1.485470811E0,-6.740728676E-1,-8.703960568E-1,1.848942145E0
2.157580751E2,1.451449225E0,-2.774842966E-1,-1.343731270E-1,1.483832378E0
2.157680631E2,1.440183249E0,-8.631133497E-2,4.844874251E-1,1.521941359E0
2.157780511E2,1.350711932E0,4.598835111E-2,7.942734951E-1,1.567612209E0
2.157880401E2,1.508272613E0,-2.499275386E-2,7.851594400E-1,1.700584094E0
2.157980281E2,1.805387474E0,-1.458582097E-1,6.460249436E-1,1.923030623E0
2.158080171E2,2.222406071E0,-9.444948971E-2,6.629573107E-1,2.321103583E0
2.158180051E2,2.529627406E0,-4.363952458E-2,6.900556469E-1,2.622421784E0
2.158279931E2,2.490961230E0,1.098142183E-1,8.359273052E-1,2.629775936E0
2.158379821E2,2.214334720E0,2.681971639E-1,1.373426757E0,2.619448230E0
2.158479701E2,1.681539061E0,4.040817779E-1,2.038676176E0,2.673397885E0
2.158579591E2,1.046166648E0,6.412080073E-1,2.380788578E0,2.678388810E0
2.158679471E2,8.636400376E-1,8.304315072E-1,2.386397227E0,2.670277575E0
2.158779361E2,7.189875238E-1,7.143800640E-1,2.049583572E0,2.286498361E0
2.158879241E2,4.847190479E-1,6.418003303E-1,1.824835314E0,1.994212662E0
2.158979121E2,3.847254476E-1,7.354873431E-1,1.756797112E0,1.943010910E0
2.159079011E2,3.714361151E-1,8.819045466E-1,1.608266140E0,1.871427368E0
2.159178891E2,5.859478725E-1,9.340219492E-1,1.567681786E0,1.916600661E0
2.159278781E2,8.231819100E-1,9.157055461E-1,1.453353517E0,1.904831108E0
2.159378661E2,1.061224764E0,7.022266263E-1,1.364339014E0,1.865674457E0
2.159478541E2,1.353757454E0,6.432054162E-1,1.244750590E0,1.948275259E0
2.159578434E2,1.504754782E0,8.738541001E-1,1.219139859E0,2.124667018E0
2.159678314E2,1.574438536E0,9.355305308E-1,1.477734067E0,2.353247129E0
2.159778204E2,1.323148742E0,6.543659967E-1,1.814599324E0,2.339163987E0
2.159878084E2,1.115806037E0,4.730397463E-2,2.041044152E0,2.326611701E0
2.159977974E2,9.166484097E-1,-7.323608369E-1,2.080854481E0,2.388839064E0
2.160077854E2,4.914293857E-1,-1.245355192E0,2.228432503E0,2.599677638E0
2.160177734E2,5.205232304E-1,-1.307047995E0,2.377088460E0,2.762221649E0
2.160277624E2,1.110137600E0,-1.145897563E0,2.185746514E0,2.706099506E0
2.160377504E2,1.525160541E0,-1.020113429E0,2.172801948E0,2.843908295E0
2.160477394E2,1.640107007E0,-1.010798814E0,2.182697629E0,2.911328593E0
2.160577274E2,1.315754646E0,-1.106249932E0,2.546033231E0,3.072016343E0
2.160677154E2,5.385693459E-1,-1.674962406E0,2.719548186E0,3.239058248E0
2.160777044E2,-5.905658573E-2,-2.315429571E0,2.699576436E0,3.557023294E0
2.160876924E2,-7.083360896E-2,-2.769228469E0,2.886893159E0,4.000974360E0
2.160976814E2,7.539066571E-1,-2.980422882E0,3.228973986E0,4.458426718E0
2.161076694E2,1.996111954E0,-2.977744272E0,2.975908831E0,4.659126233E0
2.161176584E2,2.677025772E0,-2.901893021E0,2.079423083E0,4.462224832E0
2.161276464E2,3.038627236E0,-2.642704078E0,8.231488001E-1,4.110318025E0
2.161376344E2,3.525329586E0,-2.290263155E0,3.623075882E-1,4.219540354E0
2.161476234E2,3.799204397E0,-2.115471752E0,3.570485294E-1,4.363101928E0
2.161576114E2,3.481895299E0,-1.821225243E0,8.733167410E-2,3.930404951E0
2.161676004E2,2.976629208E0,-1.505150492E0,2.797518468E-1,3.347246711E0
2.161775884E2,1.969788959E0,-1.466143132E0,7.524267268E-1,2.568227055E0
2.161875764E2,2.337094820E-1,-1.479867716E0,1.088970825E0,1.852157131E0
2.161975654E2,-2.037569591E0,-1.758242544E0,9.956937021E-1,2.869584051E0
2.162075534E2,-4.078749544E0,-2.552010840E0,1.325272012E0,4.990521323E0
2.162175424E2,-5.531546699E0,-3.207077333E0,2.562101380E0,6.888230352E0
2.162275304E2,-6.459336101E0,-4.116689495E0,3.019153669E0,8.233191613E0
2.162375194E2,-6.365235105E0,-4.629400846E0,1.783560988E0,8.070232954E0
2.162475074E2,-4.836205169E0,-4.051789495E0,1.283234333E-1,6.310494866E0
2.162574954E2,-2.942556021E0,-2.670543841E0,-1.008432592E0,4.099680065E0
2.162674844E2,-1.222281641E0,-1.336930776E0,-1.819039553E0,2.567150406E0
2.162774724E2,8.444811970E-2,-4.392252982E-1,-2.656274296E0,2.693667293E0
2.162874614E2,3.767672044E-1,-4.838611883E-1,-2.636973514E0,2.707342699E0
2.162974494E2,6.742254800E-1,-5.847741902E-1,-1.857412052E0,2.060708709E0
2.163074374E2,7.785099864E-1,-8.500319588E-1,-1.607873792E0,1.978355444E0
2.163174264E2,1.330380871E0,-6.132928151E-1,-1.446530986E0,2.058760120E0
2.163274144E2,1.381893233E0,-4.239301515E-1,-2.021916009E0,2.485455699E0
2.163374034E2,9.497413114E-1,1.770805871E-1,-2.490421240E0,2.671247657E0
2.163473914E2,5.507597673E-1,9.636714256E-1,-1.990611186E0,2.279151560E0
2.163573804E2,1.471501155E-1,1.453046538E0,-1.389764754E0,2.016046495E0
2.163673684E2,-2.400884289E-1,1.675048360E0,-1.256571906E0,2.107700742E0
2.163773564E2,-4.493373633E-1,1.664420460E0,-1.677177038E0,2.405228129E0
2.163873454E2,-6.967735860E-1,1.544651942E0,-2.216885568E0,2.790344903E0
2.163973334E2,-6.571597233E-1,1.809450120E0,-2.343519010E0,3.032828711E0
2.164073224E2,-9.735759511E-1,2.036088783E0,-2.520756595E0,3.383448164E0
2.164173104E2,-1.445371922E0,2.317077316E0,-2.340866713E0,3.596888134E0
2.164272984E2,-1.796677608E0,2.454431335E0,-2.143657671E0,3.721229879E0
2.164372874E2,-2.133282517E0,2.380926572E0,-1.865306524E0,3.701226023E0
2.164472754E2,-2.291958993E0,2.162599726E0,-1.813525629E0,3.635765230E0
2.164572644E2,-2.497108993E0,1.938063136E0,-1.813651929E0,3.644307254E0
2.164672524E2,-2.632979281E0,2.050289916E0,-1.793918746E0,3.788721829E0
2.164772414E2,-2.724564805E0,2.395551043E0,-1.875229249E0,4.083920042E0
2.164872294E2,-2.716578093E0,2.708824393E0,-1.745240675E0,4.214663823E0
2.164972174E2,-2.680016623E0,3.188728185E0,-1.426091459E0,4.402750661E0
2.165072064E2,-2.482941482E0,3.741819822E0,-1.189851083E0,4.645638770E0
2.165171944E2,-2.206343185E0,4.041962079E0,-1.140129869E0,4.743975529E0
2.165271834E2,-1.737997729E0,4.128402053E0,-1.115754873E0,4.616194164E0
2.165371714E2,-1.162026303E0,3.970719604E0,-1.316770746E0,4.341751317E0
2.165471604E2,-7.264814615E-1,3.815228691E0,-1.419570352E0,4.135084674E0
2.165571484E2,-4.626017354E-1,3.761230824E0,-1.407145311E0,4.042389838E0
2.165671364E2,-3.439234306E-1,3.810328140E0,-1.208986973E0,4.012297765E0
2.165771254E2,-5.063560482E-1,3.960191107E0,-9.122425327E-1,4.095326177E0
2.165871134E2,-8.486942621E-1,3.974492812E0,-1.668073216E-1,4.067517639E0
2.165971024E2,-9.740394160E-1,3.832169244E0,7.005481830E-1,4.015599788E0
2.166070904E2,-4.993147215E-1,3.100632280E0,2.727587231E0,4.159683621E0
2.166170784E2,-3.002638793E-1,1.678046227E0,4.080324199E0,4.422108446E0
2.166270674E2,2.856023698E-1,-2.453099924E-1,5.442888876E0,5.455894521E0
2.166370554E2,1.129553425E0,-2.709595056E0,6.568075601E0,7.194262534E0
2.166470444E2,2.187898435E0,-6.273286470E0,7.732119412E0,1.019444424E1
2.166570324E2,2.952658255E0,-9.637089647E0,8.205739202E0,1.299714751E1
2.166670214E2,4.158551759E0,-1.068718760E1,5.953086509E0,1.292086570E1
2.166770094E2,4.841059235E0,-8.091185231E0,2.493189020E0,9.752903386E0
2.166869974E2,4.686275251E0,-4.438451833E0,8.866109705E-1,6.515144619E0
2.166969864E2,4.532494941E0,-1.855472969E0,1.525228077E0,5.129581953E0
2.167069744E2,4.324918785E0,3.838580132E-2,1.849048049E0,4.703761756E0
2.167169634E2,3.004031015E0,1.299374110E0,1.479831464E0,3.592001751E0
2.167269514E2,-2.425998811E-1,1.195162109E0,1.938216918E0,2.289967683E0
2.167369394E2,-3.556124532E0,-2.108476728E-1,2.593512330E0,4.406448075E0
2.167469284E2,-5.401071929E0,-2.633850809E0,2.069432823E0,6.355415035E0
2.167569164E2,-6.687041881E0,-5.359017000E0,7.640258485E-1,8.603448600E0
2.167669054E2,-7.922583107E0,-7.337665075E0,-1.437328345E0,1.089378560E1
2.167768934E2,-8.521503466E0,-7.837337134E0,-3.699460545E0,1.215425370E1
2.167868824E2,-7.698214917E0,-5.521366112E0,-2.535090167E0,9.806868960E0
2.167968704E2,-6.280768567E0,-1.816842754E0,-1.346895016E0,6.675559719E0
2.168068584E2,-6.666056809E0,2.094773194E0,-3.673586324E-1,6.997095146E0
2.168168474E2,-8.056829331E0,5.426882708E0,-1.750673908E-1,9.715667933E0
2.168268354E2,-8.483685429E0,7.267323071E0,-1.396631140E0,1.125777427E1
2.168368244E2,-8.022990324E0,7.511452510E0,-2.894556812E0,1.136524314E1
2.168468124E2,-7.377545425E0,6.444660174E0,-4.149972432E0,1.063880127E1
2.168568014E2,-5.658526003E0,3.971297309E0,-5.434380008E0,8.793327295E0
2.168667894E2,-3.538036171E0,7.342114806E-1,-6.333188270E0,7.291504653E0
2.168767774E2,-8.934991367E-1,-2.837367243E0,-6.955694543E0,7.565096176E0
2.168867664E2,1.706732667E0,-6.451722441E0,-8.148637633E0,1.053270877E1
2.168967544E2,3.581843803E0,-8.624422647E0,-7.852890143E0,1.220156361E1
2.169067434E2,4.684663173E0,-8.270460278E0,-4.191499942E0,1.038822670E1
2.169167314E2,3.528478897E0,-4.597520657E0,-1.312625216E0,5.942250791E0
2.169267194E2,2.726003220E0,-2.807540596E-1,6.552407402E-1,2.817668686E0
2.169367084E2,1.366641940E0,1.848821177E0,9.680280398E-1,2.494579769E0
2.169466964E2,3.234983754E-1,2.832436870E0,7.998605096E-1,2.960933410E0
2.169566854E2,-3.658895195E-2,2.837308770E0,4.088203615E-1,2.866843891E0
2.169666736E2,-7.394242734E-1,2.814881775E0,3.506857355E-1,2.931431075E0
2.169766626E2,-1.168604640E0,2.801445458E0,-1.877481012E-1,3.041214035E0
2.169866506E2,-1.063163554E0,2.165036845E0,-1.006051460E0,2.613396415E0
2.169966386E2,-9.112211337E-2,9.025241679E-1,-1.141520483E0,1.458054226E0
2.170066276E2,8.380969146E-1,-2.004209179E-1,-8.657807033E-1,1.221536413E0
2.170166156E2,1.780465472E0,-1.164032702E0,-7.307090715E-1,2.249214346E0
2.170266046E2,2.405027333E0,-1.595915067E0,-6.670107467E-1,2.962432229E0
2.170365926E2,2.329895875E0,-1.365865138E0,-1.169211727E0,2.942967622E0
2.170465806E2,2.150976046E0,-5.143357068E-1,-2.902710608E-1,2.230582089E0
2.170565696E2,1.827436594E0,7.109337151E-2,9.177892745E-1,2.046195475E0
2.170665576E2,1.361522118E0,4.139524627E-1,1.163642693E0,1.838250101E0
2.170765466E2,8.807476750E-1,7.069149238E-1,1.164305109E0,1.622051652E0
2.170865346E2,5.487706176E-1,1.042856174E0,1.202231904E0,1.683466585E0
2.170965236E2,6.439506438E-1,1.140184248E0,1.083349312E0,1.699511189E0
2.171065116E2,5.985730344E-1,1.092834665E0,8.770671451E-1,1.523753281E0
2.171164996E2,6.668682209E-1,1.009380280E0,7.311165494E-1,1.413539240E0
2.171264886E2,9.140598473E-1,9.172743541E-1,6.008364916E-1,1.427551097E0
2.171364766E2,1.052813105E0,8.733044618E-1,8.346672302E-1,1.602418642E0
2.171464656E2,1.167297495E0,7.237484729E-1,1.079125283E0,1.746684479E0
2.171564536E2,1.308910334E0,6.452221209E-1,1.218182597E0,1.900927848E0
2.171664416E2,1.383077002E0,7.572962880E-1,1.280784057E0,2.031454518E0
2.171764306E2,1.409107198E0,9.945219201E-1,1.351716630E0,2.191299795E0
2.171864186E2,1.352147570E0,1.129125409E0,1.461335551E0,2.288826956E0
2.171964076E2,1.293557153E0,1.154581847E0,1.399112406E0,2.227973266E0
2.172063956E2,1.335914676E0,1.038230442E0,1.332939466E0,2.153907633E0
2.172163846E2,1.395279117E0,9.001180387E-1,1.289342626E0,2.102241829E0
2.172263726E2,1.592611682E0,7.644649744E-1,1.445777864E0,2.282781702E0
2.172363606E2,2.128849305E0,6.599226058E-1,1.264812387E0,2.562664157E0
2.172463496E2,2.731808628E0,4.267800844E-1,8.426305532E-1,2.890492323E0
2.172563376E2,3.689822288E0,4.468500674E-2,2.663430484E-1,3.699692404E0
2.172663266E2,4.212966240E0,-4.344001758E-1,-1.607001972E-1,4.238350222E0
2.172763146E2,3.890021011E0,-8.363313478E-1,-9.072422862E-2,3.979942773E0
2.172863036E2,2.953424533E0,-1.014741592E0,8.069859266E-2,3.123928494E0
2.172962916E2,2.382351685E0,-1.000162729E0,7.688889778E-1,2.695758760E0
2.173062796E2,2.131593257E0,-1.088991290E0,8.837330440E-1,2.551583025E0
2.173162686E2,1.921955519E0,-1.527601461E0,8.186430088E-1,2.587982925E0
2.173262566E2,1.761111919E0,-1.601948808E0,7.528279189E-1,2.496899087E0
2.173362456E2,1.317508810E0,-1.384392625E0,9.541638529E-1,2.136071409E0
2.173462336E2,7.439772078E-1,-1.279688289E0,1.907873962E0,2.414764431E0
2.173562216E2,1.152461354E-1,-1.489464751E0,2.892866675E0,3.255835456E0
2.173662106E2,-4.471661094E-1,-2.355036271E0,3.060715678E0,3.887690037E0
2.173761986E2,-6.460623658E-1,-2.845347522E0,3.193038168E0,4.325377654E0
2.173861876E2,1.107334006E-1,-2.591999947E0,3.390179383E0,4.268962621E0
2.173961756E2,1.398624748E0,-1.911740141E0,2.713838965E0,3.602197035E0
2.174061646E2,2.434609274E0,-1.449031255E0,1.593119513E0,3.250391312E0
2.174161526E2,3.510780252E0,-1.563972897E0,8.133535445E-1,3.928502665E0
2.174261406E2,4.104438994E0,-1.845457274E0,3.097456511E-1,4.510883990E0
2.174361296E2,4.585858677E0,-1.984024590E0,-3.737494198E-1,5.010602959E0
2.174461176E2,4.578179821E0,-2.046279895E0,-2.084684408E-1,5.019008964E0
2.174561066E2,3.961843823E0,-1.997880737E0,3.117536581E-1,4.448024759E0
2.174660946E2,2.113874147E0,-1.767146684E0,6.260894465E-1,2.825466210E0
2.174760836E2,-6.852401724E-1,-1.278636374E0,5.424146211E-1,1.548766830E0
2.174860716E2,-3.517891343E0,-9.089958662E-1,1.022265789E0,3.774501335E0
2.174960596E2,-5.715062732E0,-8.935042530E-1,1.926949334E0,6.097001362E0
2.175060486E2,-6.866789383E0,-1.242024618E0,2.728978575E0,7.492846298E0
2.175160366E2,-7.275296334E0,-2.092344260E0,2.744866630E0,8.052461367E0
2.175260256E2,-7.514383720E0,-3.402022918E0,1.770187236E0,8.436426108E0
2.175360136E2,-6.955174141E0,-4.575591844E0,5.410674226E-1,8.342855746E0
2.175460016E2,-5.316811212E0,-4.947677073E0,-8.034859295E-1,7.307091044E0
2.175559906E2,-3.352841402E0,-4.377372403E0,-1.856465388E0,5.818023578E0
2.175659786E2,-1.503684011E0,-3.191998533E0,-2.258996923E0,4.189628544E0
2.175759676E2,-2.326671427E-1,-1.851552996E0,-1.947357870E0,2.697143892E0
2.175859556E2,1.114325814E0,-1.081188181E0,-1.363209917E0,2.066163396E0
2.175959446E2,1.180437942E0,-1.157681456E0,-9.830691250E-1,1.923560499E0
2.176059326E2,4.738425690E-1,-1.145947849E0,1.796030760E-2,1.240179755E0
2.176159206E2,1.025576775E0,-9.616161293E-1,6.129665405E-2,1.407220871E0
2.176259096E2,8.164952534E-1,-1.174188146E0,-8.556183887E-1,1.666572869E0
2.176358976E2,2.004255956E-1,-9.028036648E-1,-1.599381881E0,1.847497572E0
2.176458866E2,1.104305148E-2,2.087046683E-1,-2.199610262E0,2.209516891E0
2.176558746E2,1.312167452E-1,1.286563445E0,-2.076125546E0,2.445968236E0
2.176658636E2,-9.636211395E-4,1.627664863E0,-2.495243731E0,2.979183632E0
2.176758516E2,-7.037969691E-1,1.989031561E0,-2.670892628E0,3.403710351E0
2.176858396E2,-1.022151841E0,2.410262053E0,-2.590926106E0,3.683348428E0
2.176958286E2,-1.577456869E0,2.337946613E0,-2.655893058E0,3.874033102E0
2.177058166E2,-2.282282875E0,2.356881067E0,-2.809088061E0,4.319106299E0
2.177158056E2,-2.741401862E0,2.310119129E0,-2.520454879E0,4.382308451E0
2.177257936E2,-2.990010561E0,2.181583881E0,-2.111848817E0,4.261382031E0
2.177357816E2,-2.981880008E0,2.294737444E0,-1.949397379E0,4.237638312E0
2.177457706E2,-2.731830263E0,2.395915909E0,-2.219298422E0,4.257768795E0
2.177557586E2,-2.674667882E0,2.655718811E0,-2.381083277E0,4.458278620E0
2.177657476E2,-2.445073159E0,2.600566703E0,-2.152682556E0,4.168377636E0
2.177757356E2,-2.390857483E0,2.727078815E0,-2.198830828E0,4.241228051E0
2.177857246E2,-2.171416742E0,3.123648090E0,-2.482028147E0,4.542322290E0
2.177957126E2,-2.126849703E0,3.595369290E0,-2.441147046E0,4.838322942E0
2.178057006E2,-2.031459396E0,3.927894012E0,-2.371714869E0,5.017988647E0
2.178156896E2,-1.764517630E0,4.256705167E0,-2.296129081E0,5.148326923E0
2.178256776E2,-1.528016468E0,4.279929138E0,-2.215029954E0,5.055589526E0
2.178356666E2,-1.316584950E0,4.099660649E0,-2.051888837E0,4.769786281E0
2.178456546E2,-1.102342676E0,3.986808802E0,-1.738395047E0,4.486849802E0
2.178556436E2,-8.183787878E-1,3.992344362E0,-1.373001080E0,4.300428968E0
2.178656316E2,-3.962693131E-1,4.162535174E0,-9.885773483E-1,4.296628169E0
2.178756196E2,5.981131509E-2,4.302271349E0,-6.241271210E-1,4.347717887E0
2.178856086E2,3.103086649E-1,4.111058042E0,-1.325096011E-1,4.124881633E0
2.178955966E2,7.755203050E-1,3.463366057E0,1.418128136E0,3.821965934E0
2.179055856E2,7.620144063E-1,2.185541276E0,2.710652817E0,3.564392700E0
2.179155736E2,7.416254577E-1,4.246844423E-1,4.301644236E0,4.385716398E0
2.179255616E2,8.817381933E-1,-2.325035377E0,6.231193534E0,6.709025607E0
2.179355506E2,1.363592617E0,-6.231001745E0,7.518313633E0,9.859503408E0
2.179455386E2,2.155457352E0,-1.025636709E1,8.420379379E0,1.344402660E1
2.179555276E2,2.455690826E0,-1.243371583E1,7.983338016E0,1.497869796E1
2.179655158E2,2.704560311E0,-9.801412779E0,5.544526348E0,1.158119646E1
2.179755048E2,2.732302133E0,-5.083582737E0,3.278491132E0,6.637529095E0
2.179854928E2,3.091247207E0,-1.265767822E0,1.386616614E0,3.616722702E0
2.179954808E2,3.843315499E0,8.486888534E-1,6.365907535E-1,3.987053371E0
2.180054698E2,3.851966162E0,2.047721819E0,2.871362954E-1,4.371870906E0
2.180154578E2,2.125802467E0,2.816410822E0,2.479921103E-2,3.528713795E0
2.180254468E2,-8.475324203E-1,2.394250038E0,1.303523294E0,2.854806022E0
2.180354348E2,-2.501383308E0,5.341232693E-1,4.074846236E0,4.811089062E0
2.180454238E2,-3.062895520E0,-2.023361734E0,5.259759929E0,6.414077968E0
2.180554118E2,-3.370735052E0,-5.452074267E0,4.453294989E0,7.805049959E0
2.180653998E2,-4.315201882E0,-8.578734843E0,2.873142847E0,1.002350281E1
2.180753888E2,-6.004859510E0,-1.072663759E1,1.197569700E0,1.235124548E1
2.180853768E2,-6.926871278E0,-1.111944418E1,-7.735457003E-1,1.312333638E1
2.180953658E2,-4.531214985E0,-6.721670262E0,-2.621645916E0,8.519729318E0
2.181053538E2,-2.074730693E0,-8.421949357E-1,-3.766960511E0,4.382213053E0
2.181153418E2,-3.131719002E0,3.871885287E0,-3.545863546E0,6.113289448E0
2.181253308E2,-4.793502368E0,7.832174043E0,-4.115582618E0,1.006273499E1
2.181353188E2,-6.835355337E0,1.057678866E1,-4.435438762E0,1.335154141E1
2.181453078E2,-7.238062434E0,1.115566418E1,-4.751299505E0,1.412137522E1
2.181552958E2,-7.119470960E0,9.434391239E0,-4.140689977E0,1.252357450E1
2.181652848E2,-6.569543837E0,6.117272231E0,-2.570212345E0,9.337339946E0
2.181752728E2,-4.671448174E0,1.889206141E0,-2.228299918E0,5.509704929E0
2.181852608E2,-1.397947933E0,-2.779501442E0,-3.031522284E0,4.343962943E0
2.181952498E2,1.102089930E0,-7.541933461E0,-4.534273079E0,8.868765128E0
2.182052378E2,2.935037379E0,-1.014353454E1,-5.980203556E0,1.213542632E1
2.182152268E2,2.669661496E0,-9.125029677E0,-5.924943860E0,1.120259875E1
2.182252148E2,1.516237983E0,-4.334015298E0,-2.136110669E0,5.064151955E0
2.182352038E2,-3.364446956E-1,-4.122637868E-2,-2.099331683E-1,3.987061357E-1
2.182451918E2,-1.697450797E0,2.064711488E0,-5.914370924E-2,2.673550208E0
2.182551798E2,-2.588820232E0,2.915091941E0,-3.536974901E-1,3.914697068E0
2.182651688E2,-2.865762199E0,2.910602449E0,-7.717959210E-1,4.156906126E0
2.182751568E2,-2.502405986E0,2.656054441E0,-4.418252626E-1,3.675849626E0
2.182851458E2,-1.730704497E0,2.394805523E0,-4.785432918E-1,2.993231570E0
2.182951338E2,-8.525348595E-1,1.855999804E0,-1.248631534E0,2.393873778E0
2.183051218E2,-1.063909750E-1,9.838256085E-1,-1.773481704E0,2.030878928E0
2.183151108E2,3.180782989E-1,4.943353057E-2,-1.842446542E0,1.870354710E0
2.183250988E2,5.918428892E-1,-6.801837927E-1,-1.620365199E0,1.854322349E0
2.183350878E2,7.454989457E-1,-1.177384234E0,-1.564805540E0,2.095380322E0
2.183450758E2,9.517436904E-1,-1.356976785E0,-1.281140298E0,2.094880071E0
2.183550648E2,1.127123322E0,-1.041878520E0,-4.482979111E-1,1.599027470E0
2.183650528E2,1.017685373E0,-4.063007963E-1,-1.820332519E-1,1.110810497E0
2.183750408E2,4.923402357E-1,2.350989997E-2,-6.806159019E-3,4.929482193E-1
2.183850298E2,1.650040403E-1,5.313119280E-1,3.182540077E-1,6.409401779E-1
2.183950178E2,-2.746591960E-1,9.436564064E-1,5.998593488E-1,1.151414923E0
2.184050068E2,-4.459352705E-1,1.045821297E0,9.612020733E-1,1.488794773E0
2.184149948E2,-6.969346038E-1,9.275157523E-1,1.097192668E0,1.596820298E0
2.184249838E2,-7.937177172E-1,6.887604886E-1,1.111246963E0,1.529460244E0
2.184349718E2,-5.389665180E-1,5.814284134E-1,7.375841546E-1,1.082854696E0
2.184449598E2,-4.229586366E-1,5.331783593E-1,2.056956911E-1,7.109739013E-1
2.184549488E2,-3.326056696E-1,6.106358403E-1,8.579601254E-3,6.953964844E-1
2.184649368E2,-2.097392965E-1,7.111319357E-1,1.557540192E-1,7.576004996E-1
2.184749258E2,-1.598365269E-1,7.710518628E-1,3.442589146E-1,8.594084540E-1
2.184849138E2,5.556989104E-2,6.365922153E-1,5.259699118E-1,8.276363993E-1
2.184949028E2,4.489749455E-1,3.018034512E-1,5.877106619E-1,7.987913664E-1
2.185048908E2,7.987697116E-1,1.085909808E-1,4.730280519E-1,9.346553328E-1
2.185148788E2,1.150877636E0,-1.503248978E-1,3.056304538E-1,1.200219514E0
2.185248678E2,1.452027661E0,-3.646253514E-1,7.175936024E-2,1.498828002E0
2.185348558E2,1.782195663E0,-3.655176365E-1,-3.755035114E-1,1.857640280E0
2.185448448E2,1.581616285E0,-2.061745781E-1,-8.453471696E-1,1.805167546E0
2.185548328E2,1.077926897E0,2.044806397E-1,-7.040550506E-1,1.303622737E0
2.185648208E2,7.112050259E-1,7.320152664E-1,-2.797916079E-1,1.058273255E0
2.185748098E2,7.625532272E-1,1.164655430E0,7.369362831E-2,1.394037462E0
2.185847978E2,1.547041699E0,1.271162463E0,-1.825021255E-1,2.010596691E0
2.185947868E2,2.878873118E0,9.825684571E-1,-9.815370083E-1,3.196367642E0
2.186047748E2,4.301784276E0,6.251065296E-1,-1.465309904E0,4.587291058E0
2.186147638E2,5.221019787E0,2.950855851E-1,-1.407892585E0,5.415559495E0
2.186247518E2,5.466641436E0,-3.957945192E-1,-6.962139344E-1,5.524991921E0
2.186347398E2,4.746955608E0,-1.364453620E0,5.687961252E-1,4.971805533E0
2.186447288E2,3.268953738E0,-2.170546092E0,1.746689615E0,4.295143012E0
2.186547168E2,2.027935426E0,-2.577422254E0,2.595366189E0,4.182290428E0
2.186647058E2,1.251107976E0,-2.297501423E0,3.017812318E0,3.993867191E0
2.186746938E2,1.104475960E0,-1.910951936E0,3.156504765E0,3.851639492E0
2.186846828E2,1.530005544E0,-1.646477695E0,2.890548838E0,3.661567745E0
2.186946708E2,1.558758058E0,-1.362002467E0,2.016477807E0,2.889802787E0
2.187046588E2,9.418526135E-1,-1.128707333E0,1.383423157E0,2.018644649E0
2.187146478E2,4.608892322E-2,-1.325306511E0,1.852088016E0,2.277891911E0
2.187246358E2,-7.994213837E-1,-1.658921739E0,3.656451058E0,4.093987082E0
2.187346248E2,-2.090301828E0,-2.029990137E0,5.195835244E0,5.957090361E0
2.187446128E2,-3.433910708E0,-3.120885866E0,5.270888350E0,7.022388151E0
2.187546008E2,-4.554161214E0,-4.467524773E0,5.363034037E0,8.334344368E0
2.187645898E2,-5.613032327E0,-5.936937668E0,6.189110538E0,1.024980244E1
2.187745778E2,-7.333382574E0,-7.148118809E0,5.587849538E0,1.166611182E1
2.187845668E2,-8.332551861E0,-7.128088587E0,3.534410312E0,1.152098623E1
2.187945548E2,-7.795360558E0,-4.899684881E0,6.226754035E-1,9.228341282E0
2.188045438E2,-6.367836531E0,-2.327821575E0,-1.174030856E0,6.880875222E0
2.188145318E2,-4.705941483E0,-1.209326404E0,-1.120623704E0,4.986396803E0
2.188245198E2,-3.189548257E0,-1.149327539E0,-1.094095910E-1,3.392070509E0
2.188345088E2,-1.370314869E0,-1.111153992E0,2.444422656E-1,1.781060935E0
2.188444968E2,2.623087985E-1,-7.911317861E-1,-5.795599356E-1,1.015177387E0
2.188544858E2,1.947628596E-1,-2.132315826E-1,-7.332349956E-1,7.880570018E-1
2.188644738E2,-5.593852875E-1,2.871064746E-1,-6.206293166E-1,8.834720008E-1
2.188744628E2,-1.555891168E0,1.079587798E0,-2.328150773E-1,1.908012055E0
2.188844508E2,-2.445250330E0,1.385293096E0,5.236766338E-2,2.810876822E0
2.188944388E2,-2.459804634E0,2.046805560E0,-1.880759838E-1,3.205530286E0
2.189044278E2,-1.630586863E0,2.630737166E0,-7.905953041E-1,3.194469047E0
2.189144158E2,-1.168880336E0,2.754014014E0,-1.121297157E0,3.195024529E0
2.189244048E2,-7.882005769E-1,2.930102913E0,-1.803048588E0,3.529553434E0
2.189343928E2,-9.552046573E-1,3.267611802E0,-2.103990744E0,4.002059455E0
2.189443818E2,-1.047562890E0,3.675548065E0,-1.768834190E0,4.211391216E0
2.189543698E2,-9.491767627E-1,4.232505881E0,-1.544887585E0,4.604532572E0
2.189643570E2,-1.017532175E0,4.559009725E0,-1.084386608E0,4.795397347E0
2.189743460E2,-9.342178309E-1,4.367218713E0,-6.986019373E-1,4.520332610E0
2.189843340E2,-8.485328058E-1,3.833959077E0,-2.366704389E-1,3.933861083E0
2.189943230E2,-8.257567314E-1,3.252233625E0,2.420984092E-1,3.364150617E0
2.190043110E2,-9.448358629E-1,3.010223216E0,4.473245689E-1,3.186574633E0
2.190143000E2,-1.161867186E0,2.913092194E0,4.127040821E-1,3.163284076E0
2.190242880E2,-1.560169576E0,2.807218999E0,2.623815233E-1,3.222336369E0
2.190342760E2,-2.038533212E0,2.794781971E0,7.225901395E-2,3.460006544E0
2.190442650E2,-2.286508073E0,2.808249863E0,-3.605890185E-2,3.621558601E0
2.190542530E2,-2.137437987E0,2.803031808E0,-3.618900239E-2,3.525186251E0
2.190642420E2,-1.525567507E0,2.661905165E0,7.245042256E-1,3.152459627E0
2.190742300E2,-9.764712730E-1,2.308776609E0,1.227601876E0,2.791227677E0
2.190842180E2,-1.930996922E-1,1.906267732E0,1.699872421E0,2.561388375E0
2.190942070E2,4.077672049E-1,1.510831647E0,2.141390997E0,2.652252206E0
2.191041950E2,1.224247548E0,7.388366282E-1,2.763625375E0,3.111637324E0
2.191141840E2,1.872689511E0,-1.498733758E0,3.813416054E0,4.505031730E0
2.191241720E2,1.696314975E0,-3.751140284E0,4.817376842E0,6.336849183E0
2.191341610E2,8.740394568E-1,-4.759566298E0,4.979791735E0,6.943755615E0
2.191441490E2,-4.782887918E-1,-5.007700496E0,4.589209424E0,6.809307422E0
2.191541370E2,-1.978963825E0,-4.286438259E0,4.446065784E0,6.485163971E0
2.191641260E2,-2.978288648E0,-2.126717702E0,4.263087988E0,5.618456251E0
2.191741140E2,-3.467454723E0,7.151092118E-1,3.687655602E0,5.112086392E0
2.191841030E2,-3.759475782E0,3.364610093E0,2.373194506E0,5.575509968E0
2.191940910E2,-3.479594127E0,5.181127743E0,5.616931835E-1,6.266351347E0
2.192040800E2,-2.443134953E0,6.267480184E0,-1.195274667E0,6.832195679E0
2.192140680E2,-1.571001543E0,7.090325514E0,-2.928672100E0,7.830573543E0
2.192240560E2,-1.011879234E0,8.372107691E0,-4.476663679E0,9.547596790E0
2.192340450E2,-1.059072623E0,9.952963253E0,-5.286202208E0,1.131932180E1
2.192440330E2,-6.448742846E-1,1.168420102E1,-5.959666965E0,1.313217600E1
2.192540220E2,-5.528133094E-2,1.237472795E1,-7.078676691E0,1.425638845E1
2.192640100E2,-6.427823702E-1,9.461064482E0,-4.982677921E0,1.071223551E1
2.192739990E2,-4.332950813E0,1.384779126E0,2.159822883E0,5.035564602E0
2.192839870E2,-4.226965059E0,-5.447967768E0,9.653992778E0,1.186369095E1
2.192939750E2,1.062300739E1,-1.454079040E1,1.020485195E1,2.069835439E1
2.193039640E2,1.422834443E1,-3.019429891E1,5.946928806E0,3.390438665E1
2.193139520E2,5.583377003E0,-1.906132427E1,5.799164404E0,2.069150767E1
2.193239410E2,-1.587625615E0,-2.422194466E0,-7.404271878E0,7.950523452E0
2.193339290E2,-5.873791248E0,6.345099049E0,-1.003663574E1,1.324748137E1
2.193439170E2,-8.807472072E0,1.053840286E1,-2.568543257E0,1.397236249E1
2.193539060E2,-7.928609247E0,7.993418616E0,-4.908573818E-1,1.126936230E1
2.193638940E2,-5.944160149E0,5.139869204E0,1.490729504E0,7.998347940E0
2.193738830E2,-2.015827889E0,2.112613633E0,4.259614157E0,5.164398436E0
2.193838710E2,-6.456975726E-1,-3.606001282E0,3.617662969E0,5.148558629E0
2.193938600E2,3.322683218E0,-9.518988170E0,3.012087893E-1,1.008672822E1
2.194038480E2,8.444780980E0,-1.629826812E1,5.611070001E-1,1.836471374E1
2.194138360E2,9.063903469E0,-1.951500623E1,2.083047187E0,2.161779128E1
2.194238250E2,7.529174836E0,-1.635509838E1,-2.696817720E-1,1.800695546E1
2.194338130E2,5.276059628E0,-9.956388552E0,-4.195038092E0,1.202351125E1
2.194438020E2,2.741599790E0,-5.393514987E0,-5.281470641E0,8.031208219E0
2.194537900E2,1.486266032E0,-2.883017040E0,-3.922883825E-1,3.267210453E0
2.194637790E2,2.607850872E-2,-2.326866724E0,3.984403843E0,4.614158951E0
2.194737670E2,-1.871356638E0,-3.834652557E0,6.507977918E0,7.782050661E0
2.194837550E2,-2.470811433E0,-5.755895008E0,8.624845401E0,1.065941812E1
2.194937440E2,-2.726116071E0,-6.825514473E0,9.198981752E0,1.177457523E1
2.195037320E2,-6.379177791E-1,-6.329397520E0,9.254543749E0,1.123008424E1
2.195137210E2,2.770963923E0,-5.132546151E0,9.814280162E0,1.141671433E1
2.195237090E2,5.529723537E0,-2.405528147E0,9.385188088E0,1.115554407E1
2.195336980E2,6.737654210E0,1.450885992E0,8.762737949E0,1.114839140E1
2.195436860E2,7.073283219E0,4.559519017E0,8.283895426E0,1.180861857E1
2.195536740E2,7.109924212E0,6.899352527E0,7.283629786E0,1.229647716E1
2.195636630E2,6.930617589E0,8.318013929E0,5.420686998E0,1.210812386E1
2.195736510E2,6.633498343E0,9.645401464E0,3.948057550E0,1.235411786E1
2.195836400E2,6.200787427E0,1.061636261E1,3.645901512E0,1.282378718E1
2.195936280E2,5.395165656E0,1.088350435E1,2.966135795E0,1.250425692E1
2.196036170E2,4.468453896E0,1.113569243E1,2.190823066E0,1.219714851E1
2.196136050E2,3.454138274E0,1.110953081E1,1.576407001E0,1.174043462E1
2.196235930E2,2.384986879E0,1.023249408E1,1.024280009E0,1.055657364E1
2.196335820E2,1.925078517E0,9.223104440E0,5.086890507E-1,9.435589402E0
2.196435700E2,1.635164940E0,8.581115829E0,-3.403909449E-1,8.742149579E0
2.196535590E2,1.593968382E0,8.185345868E0,-5.302453959E-1,8.355942937E0
2.196635470E2,1.758832820E0,8.043645614E0,-8.937083209E-1,8.282055434E0
2.196735360E2,1.730402635E0,7.468692407E0,-2.436748186E0,8.044464014E0
2.196835240E2,1.449858198E0,5.884914991E0,-5.244282349E0,8.014786997E0
2.196935120E2,-1.242875096E0,2.865307578E0,-5.987314939E0,6.752974619E0
2.197035010E2,-1.200232668E0,2.400895983E-1,3.432841837E-1,1.271237784E0
2.197134890E2,9.648294666E-1,-3.673557673E0,8.954727767E0,9.726925066E0
2.197234780E2,8.540633217E-2,-1.143010675E1,9.159601339E0,1.464762545E1
2.197334660E2,-3.967073280E0,-1.727812230E1,6.867467076E0,1.901139881E1
2.197434540E2,-7.304992588E0,-1.788716829E1,5.717368873E0,2.014949163E1
2.197534430E2,-7.946650246E0,-1.546148245E1,4.784127527E0,1.803037897E1
2.197634310E2,-6.474237145E0,-1.286637470E1,5.755348293E0,1.551075042E1
2.197734200E2,-4.982131206E0,-1.244087399E1,6.902052187E0,1.507432590E1
2.197834080E2,-2.714102966E0,-1.285089362E1,6.493673290E0,1.465194917E1
2.197933970E2,3.996761933E-2,-1.298651277E1,6.375644903E0,1.446720288E1
2.198033850E2,3.595407881E0,-1.299649864E1,7.412652692E0,1.538776640E1
2.198133730E2,4.915113344E0,-1.304800560E1,5.021315737E0,1.481966265E1
2.198233620E2,5.534546320E0,-1.178473804E1,3.914054529E0,1.359525934E1
2.198333500E2,4.876398929E0,-1.026645704E1,4.247243788E0,1.213336254E1
2.198433390E2,2.922070886E0,-7.965632647E0,3.152450013E0,9.051394523E0
2.198533270E2,1.566508542E-1,-5.003961201E0,1.792596105E0,5.317665652E0
2.198633160E2,-2.170625322E0,-1.842541267E0,1.238496116E0,3.104906639E0
2.198733040E2,-3.320579390E0,1.354877635E0,-4.004874945E-2,3.586578424E0
2.198832920E2,-3.590556739E0,3.351830419E0,-1.449680296E0,5.121370696E0
2.198932810E2,-3.315165745E0,4.775176610E0,-2.976163478E0,6.530710882E0
2.199032690E2,-3.047889225E0,6.305435046E0,-3.850994355E0,7.992389966E0
2.199132580E2,-2.560411534E0,7.204462579E0,-4.341199480E0,8.792383135E0
2.199232460E2,-2.784603138E0,8.891390142E0,-3.988365916E0,1.013498377E1
2.199332350E2,-3.513024121E0,9.924453399E0,-4.009865543E0,1.126566178E1
2.199432230E2,-4.331965557E0,1.101894107E1,-4.234831903E0,1.257444986E1
2.199532110E2,-4.578432421E0,1.178645011E1,-4.292523456E0,1.335320962E1
2.199632003E2,-3.915023121E0,1.275140441E1,-4.048234388E0,1.393965287E1
2.199731883E2,-2.285827603E0,1.365189433E1,-3.695738500E0,1.432681785E1
2.199831773E2,-8.504429450E-1,1.514108193E1,-3.617943050E0,1.559054608E1
2.199931653E2,4.749049715E-1,1.679787177E1,-4.326673827E0,1.735264064E1
2.200031543E2,1.736440908E0,1.764716113E1,-4.566935041E0,1.831104636E1
2.200131423E2,2.734888356E0,1.708964198E1,-3.678994414E0,1.769379771E1
2.200231303E2,3.289403498E0,1.467865371E1,-2.955402061E0,1.533027891E1
2.200331193E2,3.949779848E0,1.122885728E1,-3.666952658E-1,1.190892364E1
2.200431073E2,4.448108217E0,7.708610682E0,1.894073364E0,9.099223003E0
2.200530963E2,5.123332694E0,4.582175224E0,3.098211825E0,7.539481692E0
2.200630843E2,6.140444747E0,2.009071723E0,2.728408472E0,7.013247726E0
2.200730733E2,6.896634741E0,-1.277195036E0,1.618234327E0,7.198158115E0
2.200830613E2,5.068213331E0,-5.663363990E0,-8.761434312E-1,7.650366354E0
2.200930493E2,-5.755088019E-1,-1.111579084E1,5.388124439E-1,1.114371282E1
2.201030383E2,-6.548846447E0,-2.444535625E1,5.530957884E0,2.590471631E1
2.201130263E2,-1.107877797E1,-3.467906420E1,5.124081722E0,3.676456213E1
2.201230153E2,-5.330533458E0,-1.856270062E1,1.608042777E-1,1.931357810E1
2.201330033E2,-1.995623127E0,-3.279510886E0,-5.182263272E0,6.449306624E0
2.201429923E2,-6.038293304E0,3.240183098E0,-6.188594229E0,9.233551379E0
2.201529803E2,-6.463519199E0,8.107287878E0,-5.178842066E0,1.158989225E1
2.201629683E2,-8.483919902E0,6.905312594E0,2.454172888E0,1.121085204E1
2.201729573E2,-1.064899008E1,1.698251281E0,1.521423440E0,1.089035244E1
2.201829453E2,-1.027709898E1,-1.320160961E0,-1.684032168E0,1.049750221E1
2.201929343E2,-7.661214321E0,-4.580971282E0,-1.175121362E0,9.003355651E0
2.202029223E2,-4.334711117E0,-6.923361779E0,-1.743558285E0,8.352404103E0
2.202129103E2,-2.940884010E0,-9.611522697E0,-1.454919548E0,1.015612910E1
2.202228993E2,-1.873993586E0,-1.415317613E1,-1.247470130E0,1.433110004E1
2.202328873E2,1.527923497E0,-1.596951076E1,-1.359165398E0,1.609991164E1
2.202428763E2,3.779585526E0,-1.474004012E1,-1.851984521E0,1.532918445E1
2.202528643E2,5.177351611E0,-1.264276081E1,-1.000027658E0,1.369833661E1
2.202628533E2,6.101399964E0,-8.725058491E0,8.205666697E-1,1.067834523E1
2.202728413E2,6.799504888E0,-6.214667548E0,3.678889164E0,9.919152430E0
2.202828293E2,6.728705631E0,-4.143736376E0,5.923684369E0,9.876034991E0
2.202928183E2,6.159507839E0,-2.701230614E0,6.321540617E0,9.230279487E0
2.203028063E2,5.165503398E0,-1.091643003E0,6.008102961E0,7.998212987E0
2.203127953E2,4.337081871E0,8.410670078E-1,6.257456303E0,7.659858500E0
2.203227833E2,3.805012144E0,2.580751074E0,6.544496119E0,7.998051198E0
2.203327723E2,2.448919457E0,4.696580091E0,5.972747186E0,7.983030754E0
2.203427603E2,1.396701453E0,6.627589146E0,5.760439464E0,8.891477698E0
2.203527483E2,5.539501543E-1,8.682683719E0,6.316577500E0,1.075151192E1
2.203627373E2,9.771251379E-1,1.068770566E1,7.131017457E0,1.288538846E1
2.203727253E2,2.482472243E0,1.173610558E1,7.523435794E0,1.415983505E1
2.203827143E2,4.367399976E0,1.169120130E1,5.637637410E0,1.369457287E1
2.203927023E2,5.903837750E0,1.168933136E1,2.127454451E0,1.326732190E1
2.204026913E2,6.250754224E0,1.164668996E1,-4.117749596E-1,1.322448010E1
2.204126793E2,5.161175289E0,1.130866476E1,-1.385748010E0,1.250775466E1
2.204226673E2,3.270294797E0,1.074025927E1,-1.546595557E0,1.133313527E1
2.204326563E2,1.495195023E0,1.037538131E1,-1.139434050E0,1.054430915E1
2.204426443E2,1.286653492E0,9.743425357E0,4.109832466E-1,9.836601147E0
2.204526333E2,1.375030356E0,8.839486163E0,2.065569860E0,9.181165664E0
2.204626213E2,9.020814606E-1,7.962528945E0,1.985260107E0,8.255717768E0
2.204726103E2,4.373853987E-1,6.949264360E0,1.090407486E0,7.047876958E0
2.204825983E2,3.215904289E-1,5.032851124E0,-4.023539257E-1,5.059140196E0
2.204925863E2,-3.557913780E-1,2.834134317E0,-3.314706447E0,4.375635229E0
2.205025753E2,-2.700466090E0,-1.048136795E-1,-5.390623539E0,6.030118171E0
2.205125633E2,-1.271842933E0,-3.037271267E0,2.713249858E-1,3.303970103E0
2.205225523E2,2.046355763E0,-1.242059000E1,7.366981260E0,1.458530222E1
2.205325403E2,-1.234827719E0,-3.000283067E1,8.721605126E0,3.126917082E1
2.205425293E2,-7.372639611E0,-3.847096484E1,1.384567223E1,4.154604181E1
2.205525173E2,-8.115904920E0,-2.363898778E1,1.541774177E1,2.936624622E1
2.205625053E2,-6.389019824E0,-1.112437690E1,9.049643864E0,1.569927991E1
2.205724943E2,-6.502324830E0,-7.931955024E0,4.733467251E0,1.129609892E1
2.205824823E2,-7.760546236E0,-7.196193447E0,3.501342261E0,1.114767580E1
2.205924713E2,-7.486714110E0,-8.703185812E0,4.440499820E0,1.230911736E1
2.206024593E2,-6.700646598E0,-9.887704818E0,5.619961277E0,1.320035364E1
2.206124483E2,-3.671983894E0,-1.008163123E1,5.023290342E0,1.184720220E1
2.206224363E2,-1.165180218E0,-8.831359702E0,4.175326836E0,9.837881546E0
2.206324243E2,9.427179283E-1,-6.720027779E0,4.039734875E0,7.897274739E0
2.206424133E2,4.138858044E-1,-5.115585718E0,2.962526601E0,5.925966803E0
2.206524013E2,-5.836003616E-1,-4.257469983E0,1.112149480E0,4.438864326E0
2.206623903E2,-2.921311917E0,-3.064780662E0,2.587273058E-1,4.241919806E0
2.206723783E2,-4.473416720E0,-5.425034988E-1,-4.689671606E-2,4.506436120E0
2.206823673E2,-4.694962751E0,1.861416079E0,-1.094061996E0,5.167641310E0
2.206923553E2,-5.143979212E0,3.593339136E0,-2.513391734E0,6.759419080E0
2.207023433E2,-5.438807520E0,5.518467647E0,-4.115312476E0,8.773249636E0
2.207123323E2,-6.063769623E0,7.785026189E0,-5.428743877E0,1.126264600E1
2.207223203E2,-6.939104823E0,9.826614279E0,-5.454011450E0,1.320832180E1
2.207323093E2,-7.198679683E0,1.119828102E1,-4.718973758E0,1.412413539E1
2.207422973E2,-6.638783056E0,1.200214571E1,-4.398034708E0,1.440373741E1
2.207522863E2,-6.534010307E0,1.308407707E1,-4.702016540E0,1.536213927E1
2.207622743E2,-5.615099317E0,1.377879178E1,-5.662536024E0,1.592007404E1
2.207722623E2,-3.323845645E0,1.318051286E1,-5.691871505E0,1.473673201E1
2.207822513E2,-2.219543128E-1,1.122318782E1,-4.795776935E0,1.220691136E1
2.207922393E2,1.683041503E0,9.395098534E0,-3.377745571E0,1.012470594E1
2.208022283E2,2.569328538E0,8.615837765E0,-1.387239050E0,9.097172182E0
2.208122163E2,3.669027835E0,8.655699989E0,1.361120561E0,9.499239797E0
2.208222053E2,5.023366356E0,8.705228244E0,2.494985869E0,1.035568263E1
2.208321933E2,6.150235909E0,7.074122880E0,1.913540645E0,9.567144509E0
2.208421813E2,5.238916944E0,4.299543039E0,-1.069078013E0,6.861140495E0
2.208521703E2,5.418196084E0,2.831805956E0,-3.280737632E0,6.938242803E0
2.208621583E2,6.570952431E0,1.465443805E0,-5.285211689E0,8.559112337E0
2.208721473E2,2.599181498E0,-4.183331966E-1,-6.073213461E0,6.619264979E0
2.208821353E2,-2.773682001E0,-3.713799380E0,-4.557007638E0,6.500148944E0
2.208921243E2,-8.290920855E0,-8.588774512E0,-2.760028460E0,1.225251702E1
2.209021123E2,-1.249832405E1,-1.488884591E1,6.194878231E0,2.040250850E1
2.209121003E2,-2.370531246E0,-2.048600070E1,2.070841242E1,2.922557079E1
2.209220893E2,6.599386271E0,-1.904396740E1,1.598075496E1,2.572176359E1
2.209320773E2,-2.008628797E0,-1.055131000E1,-5.715506389E-1,1.075599379E1
2.209420663E2,-6.472135656E0,1.630768565E0,-9.224445791E0,1.138588364E1
2.209520543E2,-7.757600409E0,6.101486503E0,-6.848223889E0,1.201277121E1
2.209620423E2,-8.501403662E0,7.082118362E0,-3.877210346E0,1.172446267E1
2.209720311E2,-7.727521162E0,2.994087825E0,-3.003366771E0,8.814723885E0
2.209820191E2,-6.740181377E0,-2.034881333E0,-8.326997153E-1,7.089723256E0
2.209920081E2,-7.500815256E0,-5.335134632E0,-5.625079930E-2,9.204838684E0
2.210019961E2,-5.261960821E0,-7.219402800E0,-7.689790249E-2,8.933863764E0
2.210119851E2,-3.747513402E-1,-9.942869790E0,-3.449917534E-2,9.949989367E0
2.210219731E2,6.967719342E0,-1.403113772E1,-3.705082351E-1,1.567032913E1
2.210319611E2,1.092797828E1,-1.617817918E1,-2.390672711E0,1.966899862E1
2.210419501E2,8.626152254E0,-1.182668246E1,-3.021055183E0,1.494682893E1
2.210519381E2,5.588826023E0,-6.800318820E0,-1.508627247E0,8.930580527E0
2.210619271E2,4.418004704E0,-4.713892527E0,2.759925549E0,7.025435030E0
2.210719151E2,2.998421196E0,-4.200024013E0,6.180812169E0,8.051904772E0
2.210819041E2,1.147795569E0,-4.485987357E0,6.731892364E0,8.170672679E0
2.210918921E2,8.084836909E-1,-4.927031139E0,6.982978821E0,8.584362232E0
2.211018801E2,1.102185532E0,-3.829548522E0,7.353504013E0,8.363867293E0
2.211118691E2,1.598794820E0,-2.178983624E0,8.648214383E0,9.060669210E0
2.211218571E2,1.544833206E0,-4.974764299E-1,8.677898358E0,8.828358417E0
2.211318461E2,1.148636398E0,1.680166427E0,8.153295525E0,8.403484558E0
2.211418341E2,1.421553142E0,4.348981247E0,7.243976308E0,8.567942809E0
2.211518231E2,2.069714951E0,6.471154493E0,5.892285991E0,8.993252729E0
2.211618111E2,3.294722125E0,8.061063884E0,4.788743320E0,9.938209467E0
2.211717991E2,4.588629380E0,9.511599628E0,3.910482173E0,1.126134619E1
2.211817881E2,5.157096271E0,1.060441675E1,3.451922764E0,1.228678426E1
2.211917761E2,4.873434099E0,1.144060367E1,2.761917111E0,1.273836561E1
2.212017651E2,4.296800694E0,1.201209767E1,1.893737441E0,1.289725661E1
2.212117531E2,3.484057307E0,1.227131994E1,1.088904678E0,1.280272087E1
2.212217421E2,2.181937637E0,1.203225887E1,6.516534734E-1,1.224584654E1
2.212317301E2,1.006665418E0,1.106720633E1,9.337500536E-1,1.115205454E1
2.212417181E2,-7.036162902E-2,9.324633154E0,1.367832141E0,9.424685617E0
2.212517071E2,-3.629913470E-1,7.239152355E0,1.761067334E0,7.459118426E0
2.212616951E2,-3.771989116E-1,4.933992834E0,8.536046076E-1,5.021474398E0
2.212716841E2,-1.103320477E0,1.622058553E0,-1.499656448E0,2.469283193E0
2.212816721E2,-2.661489135E0,-1.182550249E0,-4.259467977E0,5.159943503E0
2.212916611E2,-4.262242773E0,-3.710634867E0,-3.833593041E0,6.828759783E0
2.213016491E2,-3.334997454E0,-8.649261035E0,1.646906734E0,9.415106280E0
2.213116371E2,-4.749744730E0,-1.828597412E1,3.080975403E0,1.914234400E1
2.213216261E2,-7.930549938E0,-2.472216343E1,5.047447529E0,2.644911556E1
2.213316141E2,-8.359694636E0,-2.009692931E1,8.972195154E0,2.354296813E1
2.213416031E2,-6.328233340E0,-1.115436142E1,7.965053188E0,1.509663499E1
2.213515911E2,-3.785244754E0,-8.536048999E0,5.979403657E0,1.108807821E1
2.213615801E2,-3.145422537E0,-8.036094519E0,4.011743669E0,9.516647799E0
2.213715681E2,-3.687236649E0,-6.956469299E0,3.962708334E0,8.814263245E0
2.213815561E2,-3.776864524E0,-6.036142699E0,4.961725008E0,8.678619670E0
2.213915451E2,-3.760537052E0,-6.559557377E0,4.847360195E0,8.981443801E0
2.214015331E2,-3.222818622E0,-7.467209553E0,3.439064737E0,8.830229026E0
2.214115221E2,-8.422636405E-1,-8.071658455E0,1.986210864E0,8.355005197E0
2.214215101E2,2.918623075E-1,-7.340209199E0,1.082863408E-1,7.346807512E0
2.214314991E2,-2.679410559E-1,-5.762398281E0,-9.099621186E-1,5.839953546E0
2.214414871E2,-1.537372597E0,-4.215109829E0,-1.292441943E0,4.669161761E0
2.214514751E2,-2.798913321E0,-1.914891205E0,-1.511545007E0,3.712881956E0
2.214614641E2,-3.504029934E0,6.116690433E-1,-1.914804082E0,4.039658336E0
2.214714521E2,-4.161908353E0,2.558056276E0,-2.102442402E0,5.318401743E0
2.214814411E2,-4.658860288E0,4.358683532E0,-2.287828666E0,6.777703248E0
2.214914291E2,-4.838764495E0,6.118388464E0,-2.209102047E0,8.107308499E0
2.215014181E2,-4.696922446E0,7.470365295E0,-2.178660273E0,9.089224317E0
2.215114061E2,-4.674410081E0,8.406876989E0,-2.100919787E0,9.845788656E0
2.215213941E2,-5.079699601E0,8.710802979E0,-2.171459427E0,1.031487628E1
2.215313831E2,-5.930547831E0,9.515381607E0,-1.600495483E0,1.132587615E1
2.215413711E2,-5.582338538E0,1.005280797E1,-1.453172546E0,1.159021838E1
2.215513601E2,-4.800714324E0,1.016031605E1,-1.836737029E0,1.138650443E1
2.215613481E2,-3.461666856E0,9.615277779E0,-2.561111446E0,1.053546373E1
2.215713371E2,-1.144954991E0,9.115358967E0,-3.365879524E0,9.784162508E0
2.215813251E2,1.128434049E0,8.764724833E0,-3.919621663E0,9.667326351E0
2.215913131E2,3.152868089E0,8.851800984E0,-2.489850844E0,9.720818642E0
2.216013021E2,4.534404057E0,9.469854017E0,-1.088723634E0,1.055576972E1
2.216112901E2,5.447195935E0,9.740311714E0,1.273811837E0,1.123246244E1
2.216212791E2,6.653445534E0,9.651639274E0,2.973110354E0,1.209387710E1
2.216312671E2,7.942496384E0,8.179010995E0,2.230837756E0,1.161706102E1
2.216412561E2,8.066428120E0,5.262237979E0,1.209445687E0,9.706758987E0
2.216512441E2,6.910822425E0,2.780100197E0,3.095673841E-1,7.455484939E0
2.216612321E2,4.886917486E0,1.206388178E0,-2.222006706E0,5.502240339E0
2.216712211E2,-4.202899674E-1,-5.169920969E-1,-2.009776897E0,2.117339761E0
2.216812091E2,-6.044469134E0,-7.524840295E0,7.019118122E0,1.193427198E1
2.216911981E2,-1.115016779E1,-2.079840808E1,6.349647013E0,2.443804488E1
2.217011861E2,-7.638744056E0,-2.458772659E1,9.288519580E0,2.737121308E1
2.217111751E2,1.733342468E0,-1.481020320E1,5.559401665E0,1.591394174E1
2.217211631E2,4.113484637E0,-5.859383124E0,-2.544184049E0,7.597762757E0
2.217311511E2,1.172421848E0,7.888069332E-1,-7.674843596E0,7.803846077E0
2.217411401E2,-2.690266792E0,5.265457456E0,-7.539219768E0,9.581357542E0
2.217511281E2,-6.120501648E0,5.909442306E0,-4.841883985E0,9.789069890E0
2.217611171E2,-9.808239403E0,2.389951165E0,-5.512274276E0,1.150211261E1
2.217711051E2,-1.121044206E1,-1.353293039E0,-5.167418945E0,1.241803655E1
2.217810941E2,-9.948315886E0,-3.571607959E0,-2.386909589E0,1.083617598E1
2.217910821E2,-8.917749390E0,-4.959548675E0,-2.140895154E-1,1.020633193E1
2.218010701E2,-6.547487555E0,-6.827430021E0,1.307105298E0,9.549445964E0
2.218110591E2,-2.937608399E0,-9.638848490E0,6.512500155E-1,1.009757743E1
2.218210471E2,5.249299845E-1,-1.104453667E1,-1.354233418E-1,1.105783348E1
2.218310361E2,3.489795472E0,-9.916764311E0,-1.826355005E0,1.067035423E1
2.218410241E2,4.556284922E0,-7.098096464E0,-1.997048094E0,8.667808650E0
2.218510131E2,4.815945151E0,-4.428421519E0,-1.413785409E0,6.693506856E0
2.218610011E2,4.674441363E0,-2.435441333E0,1.363605773E-1,5.272605689E0
2.218709891E2,4.109074082E0,-1.905015258E0,1.986524860E0,4.945690443E0
2.218809781E2,4.334810520E0,-1.749614393E0,3.134541453E0,5.628239768E0
2.218909661E2,4.611683198E0,-1.108250265E0,3.595167561E0,5.951560329E0
2.219009551E2,4.671976469E0,-1.277207315E-1,3.731395991E0,5.980551208E0
2.219109431E2,4.295228378E0,1.113045566E0,3.668111576E0,5.756987041E0
2.219209321E2,3.538536985E0,2.292674546E0,3.745370836E0,5.639627937E0
2.219309201E2,2.998397515E0,3.294968001E0,4.335504584E0,6.216413901E0
2.219409081E2,2.471706349E0,3.852792959E0,4.967552344E0,6.754992387E0
2.219508971E2,1.823963494E0,4.479456017E0,5.194154170E0,7.097295722E0
2.219608851E2,8.964165319E-1,5.338734178E0,5.649861599E0,7.824741613E0
2.219708748E2,4.872508558E-1,6.255007489E0,6.038804351E0,8.708024464E0
2.219808628E2,5.301769835E-1,6.793911442E0,5.741038402E0,8.910546686E0
2.219908508E2,9.055758297E-1,7.335885767E0,4.867587175E0,8.850349851E0
2.220008398E2,1.013355509E0,8.190589067E0,3.980564561E0,9.162834325E0
2.220108278E2,8.024681485E-1,8.755704918E0,3.136966878E0,9.335249591E0
2.220208168E2,8.514300281E-1,8.954526038E0,2.251330054E0,9.272375999E0
2.220308048E2,1.163587729E0,8.908699070E0,1.194015470E0,9.063361874E0
2.220407938E2,2.016920733E0,8.533815948E0,1.276143122E-1,8.769850015E0
2.220507818E2,3.235099529E0,8.074238831E0,-2.732521184E-1,8.702520806E0
2.220607708E2,3.490838615E0,7.372957699E0,7.109103262E-1,8.188519583E0
2.220707588E2,2.480696736E0,5.886394336E0,1.847740027E0,6.649634410E0
2.220807468E2,2.653048387E-1,3.385990437E0,1.091495068E0,3.567447180E0
2.220907358E2,-2.380398276E0,7.978572536E-1,-4.006570637E-1,2.542321426E0
2.221007238E2,-3.704388286E0,-2.220907575E0,2.089209568E0,4.797886999E0
2.221107128E2,-2.209970943E0,-6.938455197E0,6.796302368E0,9.960715736E0
2.221207008E2,-1.032953768E0,-1.655146776E1,7.595449517E0,1.824031063E1
2.221306888E2,-4.565282033E0,-2.525968627E1,3.359000275E0,2.588776610E1
2.221406778E2,-8.031975741E0,-2.239001317E1,1.153245612E0,2.381502255E1
2.221506658E2,-7.079414610E0,-1.249619684E1,4.938199321E0,1.518745730E1
2.221606548E2,-7.506665980E0,-8.494310989E0,4.467014312E0,1.218431657E1
2.221706428E2,-7.637582214E0,-6.404121428E0,4.346844090E0,1.087384416E1
2.221806318E2,-8.266278350E0,-5.516903517E0,5.511764399E0,1.136429184E1
2.221906198E2,-9.157894537E0,-7.615632936E0,6.953724616E0,1.379199708E1
2.222006078E2,-8.460979521E0,-1.061549606E1,7.484141920E0,1.550126805E1
2.222105968E2,-6.706328337E0,-1.202676833E1,6.204384634E0,1.510338985E1
2.222205848E2,-4.409485311E0,-1.054931493E1,3.381384001E0,1.192331179E1
2.222305738E2,-2.183778341E0,-8.254865754E0,2.304893473E0,8.844446302E0
2.222405618E2,-1.425695602E0,-6.697718897E0,2.646040499E0,7.341224468E0
2.222505508E2,-1.380272092E0,-6.119742095E0,2.473827719E0,6.743605708E0
2.222605388E2,-1.388371655E0,-5.676560571E0,1.625599626E0,6.065763753E0
2.222705268E2,-7.407419434E-1,-4.145903354E0,-2.719832361E-3,4.211557983E0
2.222805158E2,-4.951319888E-1,-1.704077446E0,-1.029257012E0,2.051439891E0
2.222905038E2,-2.507718766E-1,5.352611375E-1,-1.612300427E0,1.717237224E0
2.223004928E2,-6.559342200E-1,2.569565935E0,-2.475338640E0,3.627701776E0
2.223104808E2,-1.550868556E0,4.486287319E0,-3.249693595E0,5.752605987E0
2.223204698E2,-2.329597228E0,6.203002353E0,-3.458779501E0,7.474450955E0
2.223304578E2,-3.949688923E0,7.191463049E0,-3.156986867E0,8.791117646E0
2.223404458E2,-6.268772419E0,7.749064643E0,-2.778758554E0,1.034731896E1
2.223504348E2,-8.065204883E0,8.486939405E0,-2.741685745E0,1.202466261E1
2.223604228E2,-8.731747706E0,9.036467748E0,-2.656967776E0,1.284370060E1
2.223704118E2,-8.424446118E0,9.691255329E0,-2.677618095E0,1.311721620E1
2.223803998E2,-6.989679730E0,1.057408724E1,-3.696998283E0,1.320358815E1
2.223903888E2,-4.444212509E0,1.112924061E1,-4.934244849E0,1.295985315E1
2.224003768E2,-6.343379675E-1,1.092281869E1,-5.534806522E0,1.226150220E1
2.224103658E2,2.733935260E0,1.023549019E1,-5.433222259E0,1.190628261E1
2.224203538E2,4.331304529E0,9.930355579E0,-4.619861698E0,1.177774524E1
2.224303418E2,4.731272206E0,1.007869827E1,-2.840119527E0,1.149049061E1
2.224403308E2,5.471783477E0,1.038103908E1,-1.268582233E0,1.180320667E1
2.224503188E2,5.878598244E0,1.017746242E1,-1.286925387E-1,1.175394489E1
2.224603078E2,5.218531212E0,9.513604639E0,1.607233522E0,1.096927257E1
2.224702958E2,4.156215504E0,7.929306235E0,2.102608463E0,9.196139790E0
2.224802848E2,2.962109987E0,5.309477634E0,2.146520467E0,6.447650614E0
2.224902728E2,1.905945258E0,1.848420058E0,2.082147886E0,3.374110824E0
2.225002608E2,1.772382719E0,-2.010425938E0,3.712676130E0,4.578986460E0
2.225102498E2,1.124266081E0,-8.949424342E0,7.391597453E0,1.166155578E1
2.225202378E2,1.074009993E-1,-2.023501014E1,6.649133797E0,2.129972185E1
2.225302268E2,-9.600885442E-1,-2.768446813E1,4.270153763E0,2.802830282E1
2.225402148E2,-3.693497555E-1,-2.194738362E1,2.992298577E0,2.215350802E1
2.225502038E2,-2.714958414E0,-1.099321917E1,-3.163622580E0,1.175714144E1
2.225601918E2,-6.744786059E0,-2.226491082E0,-3.821150751E0,8.065394881E0
2.225701798E2,-9.922136732E0,2.789495503E0,-6.701266403E0,1.229378111E1
2.225801688E2,-1.124986633E1,4.479845442E0,-4.118240762E0,1.279016867E1
2.225901568E2,-1.161491970E1,2.693171981E0,-1.423150894E0,1.200770142E1
2.226001458E2,-1.165525730E1,-1.819595039E-1,-1.306430529E0,1.172965868E1
2.226101338E2,-1.165340841E1,-1.169082357E0,-4.160790950E-1,1.171929191E1
2.226201228E2,-1.080616674E1,-5.065209031E-1,-4.505887771E-1,1.082741120E1
2.226301108E2,-7.939725389E0,-2.232000328E0,-3.447128924E0,8.938890453E0
2.226400988E2,-1.996808943E0,-8.121379668E0,-5.807110770E0,1.018167909E1
2.226500878E2,3.464436682E0,-1.370538700E1,-4.891398207E0,1.495880111E1
2.226600758E2,9.280515327E0,-1.546626898E1,-3.192676810E0,1.831738590E1
2.226700648E2,9.050415112E0,-1.130465123E1,-2.415526886E0,1.468127799E1
2.226800528E2,7.738767697E0,-6.596127618E0,3.350746930E-1,1.017397170E1
2.226900418E2,5.826328229E0,-4.811887184E0,4.515978895E0,8.803091746E0
2.227000298E2,3.528450245E0,-3.735773216E0,6.890328519E0,8.595498227E0
2.227100178E2,1.411896904E0,-2.947790156E0,5.761891912E0,6.624373033E0
2.227200068E2,1.249508324E0,-1.863836827E0,5.783430716E0,6.203485279E0
2.227299948E2,2.074410557E0,-9.406754959E-1,7.766649560E0,8.093756540E0
2.227399838E2,2.425724722E0,1.473498344E-4,7.910554215E0,8.274116777E0
2.227499718E2,3.252365480E0,1.378534300E0,6.891205602E0,7.743833203E0
2.227599608E2,3.945790585E0,2.873310662E0,5.846223965E0,7.616003686E0
2.227699488E2,4.049692683E0,4.290907286E0,5.394423645E0,7.994479509E0
2.227799368E2,3.585281088E0,5.297975577E0,5.704895008E0,8.571383362E0
2.227899258E2,2.918033676E0,5.496748164E0,5.848006196E0,8.539808978E0
2.227999138E2,2.648858272E0,5.386977215E0,5.868085535E0,8.394665062E0
2.228099028E2,2.574198976E0,5.612537652E0,5.811951095E0,8.479732000E0
2.228198908E2,2.257866364E0,6.268793469E0,5.903654147E0,8.902183124E0
2.228298788E2,1.841942074E0,7.473216398E0,5.518087578E0,9.470533483E0
2.228398678E2,1.896748465E0,8.490051293E0,4.702769369E0,9.889118537E0
2.228498558E2,2.132488904E0,8.946590781E0,4.167540976E0,1.009739537E1
2.228598448E2,2.565676952E0,9.293555202E0,3.691748360E0,1.032384969E1
2.228698328E2,2.833431189E0,9.592982345E0,2.654601992E0,1.034893977E1
2.228798218E2,2.803597818E0,9.155607691E0,6.169946873E-1,9.595102676E0
2.228898098E2,2.223590278E0,6.951020864E0,-2.109592377E0,7.596803589E0
2.228997988E2,8.887306593E-1,3.321478107E0,-3.731185491E0,5.073835252E0
2.229097868E2,-3.071796736E-1,-5.294454968E-1,-1.549170671E0,1.665713557E0
2.229197748E2,9.738643650E-2,-4.140985846E0,2.366317304E0,4.770398880E0
2.229297638E2,1.028047954E0,-8.290981666E0,4.749602643E0,9.610202123E0
2.229397518E2,-1.543481037E0,-1.327295383E1,3.995201896E0,1.394687331E1
2.229497408E2,-7.608242640E0,-1.642660749E1,1.328677431E0,1.815169891E1
2.229597288E2,-1.066820520E1,-1.547526667E1,3.888888406E0,1.919421615E1
2.229697168E2,-9.956397908E0,-1.175237955E1,8.271110489E0,1.748312195E1
2.229797048E2,-9.831821809E0,-1.059445544E1,6.497473980E0,1.584690425E1
2.229896928E2,-7.626809889E0,-9.503322895E0,7.646757081E0,1.438590522E1
2.229996818E2,-5.154473210E0,-7.236617587E0,7.532451616E0,1.164796358E1
2.230096698E2,-7.040959080E-1,-6.025766814E0,4.270435891E0,7.419045724E0
2.230196588E2,2.971630424E0,-6.694117597E0,3.143751695E0,7.970255485E0
2.230296468E2,4.161997815E0,-8.127145023E0,3.468632352E0,9.767503388E0
2.230396358E2,4.446702254E0,-8.446372592E0,2.165909542E0,9.788030192E0
2.230496238E2,3.984780403E0,-7.686351501E0,1.369126130E0,8.765442409E0
2.230596118E2,2.302135049E0,-5.922709054E0,8.628154340E-1,6.412702924E0
2.230696008E2,4.095920478E-1,-3.966654035E0,5.718164679E-1,4.028533722E0
2.230795888E2,-9.705372262E-1,-1.878388792E0,4.289806840E-1,2.157385313E0
2.230895778E2,-1.335019028E0,-9.515934169E-2,4.024682388E-1,1.397609312E0
2.230995658E2,-9.578334924E-1,1.255292535E0,3.429897764E-1,1.615811355E0
2.231095548E2,-5.024748491E-1,2.262431577E0,2.138853014E-2,2.317657241E0
2.231195428E2,-2.540371811E-1,3.305615780E0,-5.368188357E-1,3.358542100E0
2.231295308E2,2.039976597E-2,4.741182652E0,-8.118519795E-1,4.810232087E0
2.231395198E2,3.619553666E-1,5.878170812E0,-1.429169433E0,6.060233416E0
2.231495078E2,1.932369556E-1,6.715206165E0,-1.647347175E0,6.917014318E0
2.231594968E2,-8.574627466E-2,7.319257455E0,-1.249244176E0,7.425597157E0
2.231694848E2,-5.775302209E-1,7.767127277E0,-1.069913580E0,7.861712432E0
2.231794738E2,-1.123884842E0,8.313939589E0,-1.533052821E0,8.528479324E0
2.231894618E2,-1.176347011E0,8.791460642E0,-2.384239897E0,9.184670511E0
2.231994498E2,-7.522233899E-1,9.376266991E0,-3.599797386E0,1.007168129E1
2.232094388E2,-6.285201341E-1,1.010109428E1,-4.509327980E0,1.107976453E1
2.232194268E2,-1.210517482E0,1.090098987E1,-4.691021728E0,1.192906608E1
2.232294158E2,-2.067542418E0,1.178766165E1,-3.822127821E0,1.256313496E1
2.232394038E2,-2.668063452E0,1.210368144E1,-1.775950837E0,1.252084934E1
2.232493928E2,-2.059315093E0,1.151967557E1,5.261862588E-1,1.171411866E1
2.232593808E2,-3.489365409E-1,1.067116038E1,1.926799645E0,1.084933074E1
2.232693688E2,1.741615548E0,9.594110858E0,2.618213600E0,1.009629785E1
2.232793578E2,3.979714083E0,7.703491445E0,2.461912263E0,9.013485264E0
2.232893458E2,5.368750859E0,5.384358832E0,-2.894634873E-2,7.603659890E0
2.232993348E2,4.314616283E0,2.818841509E0,-2.714674824E0,5.825052835E0
2.233093228E2,-8.309234042E-1,-9.055319756E-1,-2.006611800E0,2.353064550E0
2.233193118E2,-6.524660025E0,-8.390746860E0,3.370701430E0,1.115067036E1
2.233292998E2,-7.851714853E0,-1.923263834E1,6.391477994E0,2.173464503E1
2.233392878E2,-1.456481485E0,-2.160919236E1,6.719386339E0,2.267661098E1
2.233492768E2,6.144320281E0,-1.564602759E1,-1.722010857E-1,1.681013100E1
2.233592648E2,6.045554962E0,-3.350855103E0,-5.063001707E0,8.568019083E0
2.233692538E2,5.122627519E0,6.682662901E0,-6.213807423E0,1.046473597E1
2.233792418E2,3.481842382E0,1.202282146E1,-4.816139571E0,1.341143775E1
2.233892308E2,2.099248360E-1,1.269646514E1,-4.084231894E0,1.333886224E1
2.233992188E2,-4.966608018E0,6.591694259E0,-6.094493233E0,1.025965283E1
2.234092068E2,-7.671965597E0,2.156104639E0,-9.860792423E0,1.267844906E1
2.234191958E2,-6.582641015E0,-1.845960134E0,-8.560847041E0,1.095567586E1
2.234291838E2,-4.431532822E0,-6.891191568E0,-5.609631001E0,9.929499703E0
2.234391728E2,-3.128319723E0,-1.072380052E1,-1.180422740E0,1.123297288E1
2.234491608E2,-1.891520908E0,-1.519028274E1,1.106427980E0,1.534753152E1
2.234591498E2,-2.465275289E-1,-1.621606914E1,1.397232526E0,1.627801993E1
2.234691378E2,-1.318787450E0,-1.351838135E1,2.701903336E-1,1.358524337E1
2.234791258E2,-1.324398585E0,-9.449557162E0,3.815996723E-1,9.549543470E0
2.234891148E2,-3.498223941E-1,-6.388413468E0,5.166838025E-1,6.418813325E0
2.234991028E2,4.803705467E-1,-5.219317077E0,2.804002299E-1,5.248871394E0
2.235090918E2,1.116967147E0,-5.548629924E0,1.400744948E0,5.830694303E0
2.235190798E2,1.272926130E0,-6.447780249E0,3.138776007E0,7.283277139E0
2.235290688E2,1.856597389E0,-6.409686808E0,4.307015780E0,7.942381492E0
2.235390568E2,2.774148316E0,-5.559143218E0,5.670619215E0,8.411652304E0
2.235490448E2,3.490057135E0,-3.587605941E0,5.862992610E0,7.708832437E0
2.235590338E2,4.185352472E0,-1.056362658E0,5.723520144E0,7.168804658E0
2.235690218E2,4.863415187E0,1.050990821E0,5.526782387E0,7.436579358E0
2.235790108E2,5.491644130E0,2.740586468E0,5.067060260E0,7.958898737E0
2.235889988E2,5.990506935E0,4.293122211E0,4.463757412E0,8.616391466E0
2.235989878E2,6.399064171E0,5.519407294E0,3.525279300E0,9.156389752E0
2.236089758E2,6.327759715E0,6.842327557E0,2.724179181E0,9.709744673E0
2.236189638E2,5.635984402E0,8.130001972E0,2.793939972E0,1.027946267E1
2.236289528E2,5.113954929E0,8.742131191E0,3.316561768E0,1.065724987E1
2.236389408E2,5.231343046E0,8.927593762E0,3.274473510E0,1.085315886E1
2.236489298E2,4.988125187E0,9.054759593E0,3.339218559E0,1.086372150E1
2.236589178E2,4.785575298E0,9.402106422E0,3.119816995E0,1.100157235E1
2.236689068E2,4.925479288E0,9.544861515E0,2.227251220E0,1.096929239E1
2.236788948E2,5.148233646E0,9.301467655E0,9.686813200E-1,1.067520275E1
2.236888838E2,5.111540029E0,9.030581941E0,1.449104126E-1,1.037787313E1
2.236988718E2,5.286825521E0,8.249217344E0,6.139346201E-2,9.798156971E0
2.237088598E2,5.173767852E0,7.102443284E0,7.033171320E-1,8.815170411E0
2.237188488E2,4.733084843E0,5.074936459E0,1.038619866E0,7.016822887E0
2.237288368E2,2.837259654E0,1.866906030E0,-9.975776750E-1,3.539850518E0
2.237388258E2,-4.939214690E-1,-1.446642668E0,-3.297119191E0,3.634243854E0
2.237488138E2,-3.147050402E0,-4.791499112E0,-8.516001821E-1,5.795482106E0
2.237588028E2,-3.624804465E0,-9.256722422E0,3.276083833E0,1.046703600E1
2.237687908E2,-6.610434000E0,-1.544865249E1,2.246879153E0,1.695308725E1
2.237787788E2,-1.162182877E1,-1.765321534E1,2.006134813E0,2.123034368E1
2.237887678E2,-1.325304055E1,-1.312895211E1,4.333269778E0,1.915175434E1
2.237987558E2,-1.128107175E1,-9.049587146E0,4.507133812E0,1.514832870E1
2.238087448E2,-9.112456409E0,-8.673333437E0,3.597842077E0,1.308464911E1
2.238187328E2,-7.403661429E0,-8.740638397E0,2.231331114E0,1.167012428E1
2.238287218E2,-6.315936645E0,-8.104932620E0,7.437088206E-1,1.030214013E1
2.238387098E2,-4.053563248E0,-7.815849786E0,2.306037188E0,9.101466387E0
2.238486978E2,-1.920011612E0,-9.019029012E0,2.829035837E0,9.645349796E0
2.238586868E2,7.743176790E-1,-1.008904083E1,1.661909666E0,1.025427991E1
2.238686748E2,2.305656534E0,-1.069778275E1,2.038624136E0,1.113169332E1
2.238786638E2,2.143065640E0,-1.096756977E1,2.085934835E0,1.136800076E1
2.238886518E2,2.002014280E0,-9.840565735E0,2.175032076E0,1.027499682E1
2.238986408E2,9.542031755E-1,-7.950403574E0,1.803352643E0,8.208014464E0
2.239086288E2,-5.905168869E-1,-5.132880027E0,1.546357575E0,5.393179889E0
2.239186168E2,-1.850914772E0,-2.491595653E0,7.243285167E-1,3.187253707E0
2.239286058E2,-2.470932763E0,1.041874427E-1,-6.559137547E-1,2.558629828E0
2.239385938E2,-2.619667510E0,2.608657495E0,-2.089019241E0,4.246381186E0
2.239485828E2,-2.151971388E0,4.770262610E0,-3.213905126E0,6.141300545E0
2.239585708E2,-1.579085903E0,6.416584184E0,-3.864118723E0,7.654898979E0
2.239685601E2,-1.056408558E0,7.613907423E0,-4.201558030E0,8.760175521E0
2.239785481E2,-1.526556125E0,8.950229504E0,-3.723111071E0,9.813181840E0
2.239885361E2,-2.253222651E0,1.014668268E1,-3.156773152E0,1.086266074E1
2.239985251E2,-3.349566669E0,1.141022973E1,-2.784183016E0,1.221329662E1
2.240085131E2,-3.494203688E0,1.237893794E1,-3.084627866E0,1.322733885E1
2.240185021E2,-3.068679585E0,1.286053451E1,-3.522893929E0,1.368286972E1
2.240284901E2,-1.956077385E0,1.262894968E1,-3.491660734E0,1.324795469E1
2.240384791E2,-1.342026624E-1,1.200702345E1,-3.863767013E0,1.261409204E1
2.240484671E2,1.140390216E0,1.087549133E1,-3.637441176E0,1.152422578E1
2.240584551E2,1.767164956E0,9.878259226E0,-2.151736184E0,1.026317913E1
2.240684441E2,2.660098960E0,9.224966193E0,-1.374344039E0,9.698708640E0
2.240784321E2,3.314649144E0,8.165015684E0,8.972072947E-1,8.857728885E0
2.240884211E2,4.074326710E0,7.229985090E0,2.979356642E0,8.817561372E0
2.240984091E2,4.709243406E0,6.049640996E0,2.470294539E0,8.054656091E0
2.241083981E2,5.185098587E0,3.111549616E0,2.017957006E0,6.374883438E0
2.241183861E2,5.883797588E0,7.766201663E-1,1.567458422E0,6.138333556E0
2.241283751E2,6.194545525E0,-1.051914096E-1,1.984017281E-1,6.198614582E0
2.241383631E2,4.600619681E0,-9.446937025E-1,-1.800130389E0,5.029773062E0
2.241483511E2,-3.367018854E0,-2.911068472E0,-1.732000825E-1,4.454338770E0
2.241583401E2,-1.286964681E1,-1.143603115E1,6.931798142E0,1.855964555E1
2.241683281E2,-1.849135523E1,-1.981492512E1,4.301348659E0,2.744199475E1
2.241783171E2,-1.261929710E1,-1.515349440E1,8.133852949E0,2.133154039E1
2.241883051E2,-1.869035294E0,-5.455908287E0,4.862209491E0,7.543295652E0
2.241982931E2,4.993444984E0,-4.692121004E0,-8.668655080E0,1.104970919E1
2.242082821E2,6.810447367E0,-1.566329325E0,-1.503854866E1,1.658292877E1
2.242182701E2,1.431958409E0,4.277302569E-1,-1.129513430E1,1.139357350E1
2.242282591E2,-2.745694011E0,1.076566542E0,-8.310474529E0,8.818266157E0
2.242382471E2,-6.390454731E0,-3.158759451E-1,-6.495925053E0,9.117824936E0
2.242482361E2,-7.934397406E0,-2.773526173E0,-5.858009613E0,1.024516404E1
2.242582241E2,-8.691507753E0,-3.796989471E0,-4.523777327E0,1.050828232E1
2.242682131E2,-8.182105926E0,-5.411139665E0,-1.415466337E0,9.911146998E0
2.242782011E2,-6.608545935E0,-7.489000956E0,6.366268601E-1,1.000816209E1
2.242881891E2,-3.822189509E0,-8.149191949E0,1.402825972E0,9.109686206E0
2.242981781E2,-1.488744375E0,-7.752563033E0,1.940364600E0,8.129182503E0
2.243081661E2,-3.626016301E-1,-5.893133252E0,5.915634288E-1,5.933839125E0
2.243181551E2,-3.644772707E-1,-4.312182380E0,-3.577420092E-1,4.342319646E0
2.243281431E2,-1.864026569E-1,-3.104635869E0,1.119369915E0,3.305525500E0
2.243381321E2,5.278323962E-1,-2.112224793E0,2.640566336E0,3.422380924E0
2.243481201E2,1.480287547E0,-1.608925121E0,3.060682933E0,3.761339028E0
2.243581081E2,2.750583453E0,-5.961125261E-1,4.558274145E0,5.357137543E0
2.243680971E2,3.985656024E0,7.103378838E-1,4.576430919E0,6.110135335E0
2.243780851E2,5.007732655E0,1.811567397E0,4.301234053E0,6.845420160E0
2.243880741E2,5.780469686E0,2.516621152E0,3.956745343E0,7.443322210E0
2.243980621E2,6.208705727E0,3.146078010E0,3.813400851E0,7.936489129E0
2.244080511E2,6.244441570E0,3.658711592E0,4.197750031E0,8.366619769E0
2.244180391E2,5.901267899E0,4.335681755E0,4.601689721E0,8.648621126E0
2.244280271E2,5.551749998E0,5.208312618E0,4.763758167E0,8.980080191E0
2.244380161E2,5.288064546E0,6.062138250E0,4.694486203E0,9.314040343E0
2.244480041E2,4.757983457E0,6.630679985E0,4.495920607E0,9.317597638E0
2.244579931E2,4.103270136E0,6.786348653E0,3.989637101E0,8.877418433E0
2.244679811E2,3.664554715E0,6.706093279E0,3.241171278E0,8.300954136E0
2.244779701E2,3.725320734E0,6.848971748E0,2.435781641E0,8.168198135E0
2.244879581E2,4.289301640E0,7.108374115E0,1.574612052E0,8.450236342E0
2.244979461E2,4.835691783E0,7.310725198E0,7.868071854E-1,8.800550182E0
2.245079351E2,4.946632175E0,7.370477310E0,2.989810002E-1,8.881581802E0
2.245179231E2,4.392209712E0,7.252607383E0,2.992382777E-1,8.484183140E0
2.245279121E2,3.107540765E0,7.311145028E0,-1.418873839E-1,7.945425304E0
2.245379001E2,1.353945442E0,6.427394516E0,5.988600413E-2,6.568725512E0
2.245478891E2,-1.618877667E-1,4.055068029E0,8.489572406E-3,4.058307090E0
2.245578771E2,-2.022819404E0,4.190377861E-1,-6.183506566E-1,2.156327559E0
2.245678651E2,-2.836591902E0,-4.159403991E0,2.086637378E0,5.449857862E0
2.245778541E2,-2.281744346E0,-1.103939463E1,5.008927826E0,1.233547523E1
2.245878421E2,-4.575520800E0,-1.918440582E1,1.749967564E0,1.979997989E1
2.245978311E2,-9.721910527E0,-1.915020078E1,-1.653677956E0,2.154020392E1
2.246078191E2,-1.143611184E1,-1.192240138E1,2.094114797E0,1.665273628E1
2.246178081E2,-1.031279857E1,-6.698207139E0,4.805444722E0,1.320273048E1
2.246277961E2,-9.726780673E0,-6.712474930E0,4.530779952E0,1.265683803E1
2.246377841E2,-8.763434937E0,-7.227666669E0,3.669661965E0,1.193747780E1
2.246477731E2,-7.846457037E0,-6.779218558E0,4.040224287E0,1.112870633E1
2.246577611E2,-6.900018525E0,-6.860083796E0,4.190571989E0,1.059395577E1
2.246677501E2,-6.133423995E0,-8.527534869E0,3.460522556E0,1.105951885E1
2.246777381E2,-4.897531936E0,-1.065901688E1,2.069246004E0,1.191143312E1
2.246877271E2,-3.766256506E0,-1.074150823E1,1.082156480E0,1.143397349E1
2.246977151E2,-2.526361443E0,-9.530996012E0,-1.231765679E-1,9.860910688E0
2.247077031E2,-1.851018122E0,-8.434914973E0,7.521010369E-2,8.635954796E0
2.247176921E2,-2.254893055E0,-7.360610719E0,1.242783587E0,7.797925614E0
2.247276801E2,-2.720281719E0,-6.628819985E0,1.483885338E0,7.317315268E0
2.247376691E2,-3.542710435E0,-5.876595572E0,1.220508619E0,6.969563403E0
2.247476571E2,-3.575399586E0,-4.638002685E0,5.401771840E-1,5.881015431E0
2.247576461E2,-2.916618649E0,-2.989827543E0,9.892290205E-2,4.177980233E0
2.247676341E2,-2.850258599E0,-8.000832886E-1,-5.438276008E-1,3.009959436E0
2.247776231E2,-3.175253862E0,1.409537991E0,-1.073831214E0,3.636227153E0
2.247876111E2,-3.196514630E0,3.258100721E0,-1.952977629E0,4.964579308E0
2.247975991E2,-2.979336469E0,4.910530297E0,-2.939970675E0,6.452377946E0
2.248075881E2,-3.004118723E0,6.570567099E0,-3.406836931E0,7.987716769E0
2.248175761E2,-3.422074775E0,8.003407415E0,-2.940272683E0,9.187509426E0
2.248275651E2,-4.554527834E0,9.350702965E0,-2.094707412E0,1.060976762E1
2.248375531E2,-5.168684868E0,1.044442173E1,-1.594334564E0,1.176193654E1
2.248475421E2,-5.137249652E0,1.104620898E1,-1.971967339E0,1.234093683E1
2.248575301E2,-4.421791946E0,1.124628549E1,-2.414635186E0,1.232321567E1
2.248675181E2,-2.717481488E0,1.130372503E1,-3.306194070E0,1.208676237E1
2.248775071E2,-5.150733331E-1,1.140420826E1,-4.568437775E0,1.229601116E1
2.248874951E2,1.603450958E0,1.099045227E1,-4.723282571E0,1.206940323E1
2.248974841E2,2.609915816E0,1.086220763E1,-4.380187837E0,1.199938584E1
2.249074721E2,3.383507125E0,1.095848671E1,-2.380533639E0,1.171338943E1
2.249174611E2,4.438648007E0,1.092434950E1,-5.953181818E-2,1.179180020E1
2.249274491E2,4.517924264E0,9.135796739E0,5.226216500E-1,1.020527095E1
2.249374371E2,4.716945943E0,6.000849490E0,6.042604749E-1,7.656690169E0
2.249474261E2,5.317850263E0,3.147947364E0,-5.976779719E-1,6.208568513E0
2.249574141E2,6.290960848E0,1.582801516E0,-2.668297341E0,7.014360964E0
2.249674032E2,6.854465792E0,1.654608248E0,-3.007943387E0,7.666104171E0
2.249773912E2,5.603698416E0,1.960018846E0,-4.228678586E-1,5.951632301E0
2.249873802E2,1.474913078E0,8.258689249E-1,4.014796500E0,4.356147267E0
2.249973682E2,-5.100682334E0,-4.207313737E0,1.270707082E1,1.432438823E1
2.250073562E2,-1.348023528E1,-1.771794986E1,1.188524934E1,2.523691032E1
2.250173452E2,-1.532915762E1,-2.983924195E1,1.674884521E1,3.749516301E1
2.250273332E2,-3.517690199E0,-2.189697594E1,6.412885820E0,2.308629040E1
2.250373222E2,8.379809058E0,-1.413620400E1,-8.681855754E0,1.858569565E1
2.250473102E2,-2.672744733E-1,-7.550963901E0,-9.700707353E0,1.229602434E1
2.250572992E2,-7.450332735E0,2.031797512E0,-1.229272309E1,1.451711748E1
2.250672872E2,-9.823811123E0,4.986037731E0,-3.990481439E0,1.171715748E1
2.250772752E2,-1.329737297E1,6.353679838E0,1.451648615E0,1.480866838E1
2.250872642E2,-1.703976056E1,6.369025270E0,-1.079723600E0,1.822316454E1
2.250972522E2,-1.864657893E1,5.157078729E0,-5.522947783E0,2.011947611E1
2.251072412E2,-1.717076976E1,-9.445790970E-1,-5.105526168E0,1.793861648E1
2.251172292E2,-1.377259256E1,-8.857935297E0,-2.368435750E0,1.654559795E1
2.251272182E2,-4.894400460E0,-1.224640262E1,-2.223565135E0,1.337437007E1
2.251372062E2,5.247472590E0,-1.345849651E1,-4.836332638E0,1.523342411E1
2.251471942E2,1.021542605E1,-1.327191653E1,-5.954043113E0,1.777496350E1
2.251571832E2,7.386940731E0,-1.023974462E1,-5.423899459E0,1.374183207E1
2.251671712E2,4.741146692E0,-5.659243457E0,-3.435108218E0,8.142817505E0
2.251771602E2,3.056645139E0,-2.286984621E0,-1.456131383E-1,3.820285506E0
2.251871482E2,1.596556506E0,-4.452824289E-1,2.373950844E0,2.895325841E0
2.251971372E2,1.824426301E0,-4.115445793E-2,3.123442268E0,3.617473790E0
2.252071252E2,2.750377923E0,-7.114295590E-1,3.510058998E0,4.515664392E0
2.252171142E2,3.890833189E0,-1.197907376E0,2.412137840E0,4.732015844E0
2.252271022E2,4.739996252E0,-1.007445436E0,7.596152937E-1,4.905051087E0
2.252370902E2,5.668776172E0,-1.366394895E-1,2.226403373E0,6.091844189E0
2.252470792E2,5.984691879E0,1.016365948E0,3.174414786E0,6.850288013E0
2.252570672E2,5.568237392E0,2.242546366E0,3.511374621E0,6.954425468E0
2.252670562E2,4.945804794E0,3.082383120E0,3.801672506E0,6.958073340E0
2.252770442E2,4.342327116E0,3.817098631E0,3.993314999E0,7.026564695E0
2.252870332E2,3.847524910E0,4.558248417E0,4.819298237E0,7.668553453E0
2.252970212E2,3.434119746E0,5.304502823E0,5.607593247E0,8.448433621E0
2.253070092E2,3.608546867E0,5.766767321E0,5.727438948E0,8.892737077E0
2.253169982E2,4.198449358E0,6.301563020E0,5.356964042E0,9.275437308E0
2.253269862E2,4.486551613E0,6.989838774E0,4.844825134E0,9.615577052E0
2.253369752E2,4.257089622E0,7.247192277E0,4.498356557E0,9.533090771E0
2.253469632E2,3.926219077E0,6.996299948E0,4.220836008E0,9.065255970E0
2.253569522E2,3.848462511E0,6.326234761E0,3.631078820E0,8.247220341E0
2.253669402E2,3.846642272E0,5.630135432E0,2.915156261E0,7.415741216E0
2.253769282E2,3.794781563E0,5.177153975E0,2.199699140E0,6.785423103E0
2.253869172E2,3.843326901E0,4.814942354E0,1.692145618E0,6.388911358E0
2.253969052E2,3.824788889E0,4.617067899E0,1.399082146E0,6.156602706E0
2.254068942E2,3.683278376E0,4.665170603E0,1.314126635E0,6.087469520E0
2.254168822E2,3.055736189E0,4.230162317E0,2.179960109E0,5.655441889E0
2.254268712E2,1.836048811E0,3.406091995E0,3.651995480E0,5.320677485E0
2.254368592E2,5.125692630E-1,1.855874673E0,3.893345153E0,4.343401263E0
2.254468472E2,-2.043223263E0,-1.452033216E-1,3.442956351E0,4.006219383E0
2.254568362E2,-5.831222348E0,-3.576586279E0,6.759975371E0,9.617296424E0
2.254668242E2,-8.155471859E0,-8.347779180E0,1.065102023E1,1.580004337E1
2.254768132E2,-9.110147928E0,-1.354708650E1,7.736645742E0,1.806582506E1
2.254868012E2,-9.154058763E0,-1.526439035E1,3.683862805E0,1.817606255E1
2.254967902E2,-7.388493167E0,-1.164295943E1,3.246537268E0,1.416645121E1
2.255067782E2,-5.766770829E0,-7.913942676E0,2.446831124E0,1.009322134E1
2.255167672E2,-4.620934078E0,-7.242853643E0,2.281922686E0,8.889270599E0
2.255267552E2,-4.882330637E0,-8.749558325E0,4.667500134E0,1.105339228E1
2.255367432E2,-4.626289542E0,-9.822473280E0,6.302982724E0,1.255432704E1
2.255467322E2,-3.795693436E0,-9.948642161E0,5.908791511E0,1.217770860E1
2.255567202E2,-3.696174118E0,-8.715453270E0,5.436693166E0,1.091688882E1
2.255667092E2,-2.319601705E0,-8.369330263E0,4.848450993E0,9.946543025E0
2.255766972E2,-1.938277875E0,-8.828665305E0,3.704079261E0,9.768441809E0
2.255866862E2,-1.335251163E0,-8.184399789E0,2.239920967E0,8.589792868E0
2.255966742E2,-9.290165864E-1,-6.566289861E0,1.672073296E0,6.839229742E0
2.256066622E2,-1.477490239E0,-5.057321722E0,2.369555492E0,5.777047138E0
2.256166512E2,-2.026938622E0,-4.337576253E0,1.860092270E0,5.136437596E0
2.256266392E2,-2.388954653E0,-3.306796333E0,7.040822402E-1,4.139775130E0
2.256366282E2,-2.226744266E0,-1.952914479E0,-2.941792667E-1,2.976374713E0
2.256466162E2,-1.888374813E0,-2.591749102E-1,-1.125393716E0,2.213513516E0
2.256566052E2,-1.716054591E0,1.953786884E0,-1.744741031E0,3.131492904E0
2.256665932E2,-1.667216599E0,4.153519937E0,-1.981557942E0,4.894681904E0
2.256765812E2,-1.904547919E0,5.843629555E0,-2.064245465E0,6.483549838E0
2.256865702E2,-2.661441773E0,7.050736356E0,-2.018901477E0,7.802058616E0
2.256965582E2,-3.799655509E0,7.951810999E0,-1.631023796E0,8.962640168E0
2.257065472E2,-4.883602407E0,8.726088186E0,-1.222203434E0,1.007412372E1
2.257165352E2,-5.278408454E0,9.262990637E0,-1.328565457E0,1.074382043E1
2.257265242E2,-4.822530870E0,9.843557171E0,-1.715812516E0,1.109488325E1
2.257365122E2,-4.588814152E0,1.069774299E1,-1.692699934E0,1.176282932E1
2.257465012E2,-3.615201876E0,1.137995986E1,-1.875389171E0,1.208678020E1
2.257564892E2,-1.445409928E0,1.080987622E1,-2.748363265E0,1.124705003E1
2.257664772E2,1.472732213E0,9.170761920E0,-2.690950624E0,9.670213525E0
2.257764662E2,4.070749384E0,7.837805496E0,-2.505887710E0,9.180504821E0
2.257864542E2,5.704968098E0,7.046054490E0,-2.089165275E0,9.303663603E0
2.257964432E2,6.401480826E0,6.304891840E0,-9.690042324E-1,9.037122721E0
2.258064312E2,6.185315695E0,5.134449420E0,-1.147586238E-1,8.039519304E0
2.258164202E2,5.332285869E0,3.242690969E0,4.491402756E-1,6.256999624E0
2.258264082E2,4.519079674E0,1.500791393E0,-5.138445407E-1,4.789414590E0
2.258363962E2,4.341954648E0,-1.741835842E0,3.296256727E-1,4.689905686E0
2.258463852E2,2.778862342E0,-7.265182990E0,2.746262360E0,8.249055506E0
2.258563732E2,-3.181265969E0,-1.127654016E1,9.275327092E-1,1.175334540E1
2.258663622E2,-5.655573744E0,-1.121477719E1,-2.402884621E0,1.278790821E1
2.258763502E2,-6.144910265E0,-8.378402803E0,-1.411745315E0,1.048573224E1
2.258863392E2,-5.152530765E0,-3.333392394E0,3.022042193E0,6.840527549E0
2.258963272E2,-5.011058552E0,1.023929322E0,7.367288239E0,8.968616117E0
2.259063152E2,-7.470313840E0,1.788725833E0,5.759819659E0,9.601075538E0
2.259163042E2,-7.843487236E0,1.616599007E0,-6.459910297E-1,8.034362998E0
2.259262922E2,-5.459616591E0,1.121982450E0,-7.055946225E0,8.991809332E0
2.259362812E2,-3.761452141E0,-8.540279460E-1,-1.080670352E1,1.147443797E1
2.259462692E2,-2.390112256E0,-3.924213774E0,-9.496733667E0,1.054988344E1
2.259562582E2,-2.882422086E0,-7.582024895E0,-5.756466866E0,9.946475223E0
2.259662462E2,-1.860443687E0,-9.485232194E0,-2.431935489E0,9.967205762E0
2.259762347E2,1.712078630E-1,-9.781350397E0,-6.278600565E-1,9.802975874E0
2.259862237E2,1.595051433E0,-8.628239710E0,1.494255229E-1,8.775707239E0
2.259962117E2,1.895688949E0,-6.405028331E0,1.290029089E0,6.803102202E0
2.260062007E2,1.276153939E0,-4.513303794E0,2.146770144E0,5.158207253E0
2.260161887E2,2.011757934E-1,-3.754811166E0,1.951966061E0,4.236655532E0
2.260261777E2,-1.023499698E0,-3.532545050E0,1.406146606E0,3.937470564E0
2.260361657E2,-1.341960551E0,-2.747129502E0,8.192048532E-1,3.165229093E0
2.260461537E2,-9.252749531E-1,-1.731198587E0,1.093569660E0,2.247015106E0
2.260561427E2,-3.379851446E-2,-7.045017779E-1,1.992938086E0,2.114064168E0
2.260661307E2,1.073616914E0,4.524353278E-1,2.500946521E0,2.759000635E0
2.260761197E2,2.271522975E0,1.497108232E0,2.564515110E0,3.738701303E0
2.260861077E2,3.056232325E0,2.379001669E0,2.181209074E0,4.444983463E0
2.260960967E2,3.504041336E0,3.244548045E0,1.681249917E0,5.062805446E0
2.261060847E2,3.713194778E0,3.943084493E0,1.554366506E0,5.634872316E0
2.261160727E2,3.755629191E0,4.452089294E0,1.748006408E0,6.081231463E0
2.261260617E2,3.567068181E0,4.672897114E0,2.246928270E0,6.293538710E0
2.261360497E2,3.501357756E0,4.608385953E0,3.011228353E0,6.524126257E0
2.261460387E2,3.800288470E0,4.460338545E0,3.803072330E0,6.985711957E0
2.261560267E2,4.279549654E0,4.496912295E0,4.310165091E0,7.557399588E0
2.261660157E2,4.903418913E0,4.737187834E0,4.620424200E0,8.236066136E0
2.261760037E2,5.068900963E0,4.996995413E0,4.621751518E0,8.486713571E0
2.261859927E2,4.829185879E0,5.040968814E0,4.506635045E0,8.309161345E0
2.261959807E2,4.581278261E0,4.784531570E0,3.941968260E0,7.708369906E0
2.262059687E2,4.539130946E0,4.381237412E0,2.784276863E0,6.895734091E0
2.262159577E2,4.452864342E0,4.002829589E0,1.674884638E0,6.217385633E0
2.262259457E2,4.182648427E0,3.787746193E0,1.205493554E0,5.770163238E0
2.262359347E2,3.721621200E0,3.635922654E0,1.391751931E0,5.385849175E0
2.262459227E2,3.035166269E0,3.607829121E0,1.734344974E0,5.023606049E0
2.262559117E2,2.543052320E0,3.088713316E0,2.620029745E0,4.782449259E0
2.262658997E2,2.153969674E0,2.342661808E0,2.975531101E0,4.356768876E0
2.262758877E2,2.088012204E0,8.957957768E-1,2.578187070E0,3.436465278E0
2.262858767E2,1.263734161E0,-6.406139302E-1,2.110389937E0,2.541880391E0
2.262958647E2,1.400509452E0,-2.627186737E0,1.450360912E0,3.311658746E0
2.263058537E2,2.204106040E0,-5.221998610E0,8.386041605E-1,5.729800159E0
2.263158417E2,6.621948338E-1,-8.348127674E0,3.492342738E-1,8.381628854E0
2.263258307E2,-4.646326781E0,-9.440876970E0,1.970598798E0,1.070522163E1
2.263358187E2,-9.519595696E0,-8.557804735E0,4.628466461E0,1.361181200E1
2.263458067E2,-1.178867790E1,-9.107503232E0,3.713857852E0,1.535292421E1
2.263557957E2,-1.113921245E1,-9.557720127E0,1.564147583E0,1.476071224E1
2.263657837E2,-9.195155334E0,-9.596068506E0,-6.362630171E-1,1.330564703E1
2.263757727E2,-6.887953965E0,-1.009809232E1,-7.027699788E-1,1.224374387E1
2.263857607E2,-3.791429646E0,-9.848107474E0,8.112963478E-1,1.058387270E1
2.263957497E2,-1.093054959E0,-9.082331554E0,2.610260217E0,9.512989751E0
2.264057377E2,7.651647399E-1,-8.266057325E0,3.370367846E0,8.959495533E0
2.264157267E2,1.985067880E0,-8.236211382E0,3.269331761E0,9.080980265E0
2.264257147E2,3.097889936E0,-7.939882679E0,2.448180662E0,8.867482595E0
2.264357027E2,3.067236493E0,-7.607533958E0,1.023647194E0,8.266218374E0
2.264456917E2,1.133958571E0,-6.128436905E0,-4.787998384E-1,6.250827963E0
2.264556797E2,-9.140126310E-1,-3.801433940E0,-8.386848521E-1,3.998713715E0
2.264656687E2,-2.276759156E0,-1.916953518E0,-2.498508816E0,3.885986278E0
2.264756567E2,-3.093797470E0,-6.009458345E-1,-2.412725777E0,3.969126397E0
2.264856457E2,-4.146634549E0,3.771442401E-1,-2.615971193E0,4.917328659E0
2.264956337E2,-4.151964870E0,1.744481122E0,-3.177823713E0,5.511859053E0
2.265056217E2,-3.820632688E0,3.304674379E0,-4.207479798E0,6.574267498E0
2.265156107E2,-3.314107399E0,4.980098130E0,-4.512991261E0,7.493448829E0
2.265255987E2,-2.811246561E0,6.507869745E0,-4.196289981E0,8.237980666E0
2.265355877E2,-2.568956655E0,7.830824506E0,-3.977303861E0,9.150972448E0
2.265455757E2,-3.013687399E0,9.034425901E0,-3.011578016E0,9.988631800E0
2.265555647E2,-2.872185073E0,9.803707811E0,-2.923667468E0,1.062591010E1
2.265655527E2,-3.045535136E0,1.015987750E1,-3.017745075E0,1.102747389E1
2.265755407E2,-2.869359991E0,1.053957815E1,-2.665931557E0,1.124380386E1
2.265855297E2,-2.574142551E0,1.044020939E1,-2.538141244E0,1.104836382E1
2.265955177E2,-2.427413837E0,9.757278580E0,-2.394490066E0,1.033587954E1
2.266055067E2,-2.287811417E0,9.017828579E0,-2.035706375E0,9.523623985E0
2.266154947E2,-2.199407656E0,7.940938101E0,-1.619811760E0,8.397599782E0
2.266254837E2,-1.614884457E0,6.221504112E0,-7.949114263E-1,6.476638743E0
2.266354717E2,-4.694477652E-1,4.370600157E0,-1.269591317E-1,4.397572690E0
2.266454607E2,1.073210386E0,2.971877761E0,5.347664630E-1,3.204654916E0
2.266554487E2,2.198984464E0,2.083901466E0,1.348638948E0,3.316173247E0
2.266654367E2,2.841711431E0,1.777374634E0,2.460815618E0,4.158124331E0
2.266754257E2,3.433164604E0,1.602442898E0,4.665857066E0,6.010379738E0
2.266854137E2,4.042931255E0,6.506132537E-1,4.995078696E0,6.459055807E0
2.266954027E2,3.299461001E0,-1.430504352E0,3.961138356E0,5.350084362E0
2.267053907E2,2.099576097E0,-2.848595066E0,3.756449848E0,5.160777955E0
2.267153797E2,1.494528148E0,-3.462110075E0,3.527961710E0,5.163945622E0
2.267253677E2,-7.333709434E-2,-4.003013776E0,3.618771308E0,5.396758601E0
2.267353557E2,-1.537330790E0,-6.053055770E0,2.458327335E0,6.711649827E0
2.267453447E2,-3.217288325E0,-1.037450423E1,2.466566354E0,1.113845734E1
2.267553327E2,-5.026242017E0,-1.327934367E1,3.544562540E0,1.463447985E1
2.267653217E2,-2.113741854E0,-9.184581229E0,2.224254814E0,9.683581283E0
2.267753097E2,1.075997827E0,-2.513426818E0,-1.544873259E0,3.140337415E0
2.267852987E2,6.228721623E-1,1.464843881E0,-3.531666214E0,3.873809955E0
2.267952867E2,2.468071720E-1,3.427038476E0,-2.792442792E0,4.427554996E0
2.268052747E2,-8.546784487E-1,3.539651172E0,-3.092912786E0,4.777626520E0
2.268152637E2,-2.066645747E0,2.960656954E0,-3.028036759E0,4.712273428E0
2.268252517E2,-3.481825132E0,1.838894359E0,-3.061184624E0,4.987533461E0
2.268352407E2,-3.451524276E0,6.205152959E-1,-5.225535591E0,6.293193250E0
2.268452287E2,-3.533523874E0,-6.203720391E-1,-6.275756333E0,7.228815255E0
2.268552177E2,-3.040008056E0,-1.721760011E0,-5.342445406E0,6.383402653E0
2.268652057E2,-2.278760658E0,-2.809221670E0,-4.133304651E0,5.492602650E0
2.268751947E2,-3.414643256E0,-3.373480319E0,-2.673297880E0,5.494240583E0
2.268851827E2,-2.310886723E0,-3.142423500E0,-1.232337536E0,4.090681936E0
2.268951707E2,-6.343672036E-1,-2.653074700E0,3.764685944E-2,2.728121038E0
2.269051597E2,6.845328055E-2,-2.284919384E0,8.471630225E-1,2.437873588E0
2.269151477E2,-7.445266999E-2,-2.350497662E0,3.684264801E-1,2.380361428E0
2.269251367E2,-2.124196967E-1,-2.985008853E0,-8.478673196E-1,3.110350297E0
2.269351247E2,7.717944592E-2,-3.883508967E0,-1.226506547E0,4.073317674E0
2.269451137E2,7.696350825E-1,-3.926296552E0,-1.106851026E0,4.151296421E0
2.269551017E2,1.717030345E0,-2.929900600E0,-8.423143651E-1,3.498857559E0
2.269650897E2,2.250633358E0,-1.704499615E0,-5.844081545E-1,2.883089028E0
2.269750782E2,2.164924871E0,-6.409255868E-1,7.955897033E-2,2.259206705E0
2.269850662E2,1.953548025E0,1.601897353E-1,9.133592047E-1,2.162460560E0
2.269950552E2,1.356401565E0,5.532231992E-1,-1.003062071E-1,1.468312790E0
2.270050432E2,8.945930777E-1,1.015538567E0,-4.919012560E-1,1.439993820E0
2.270150322E2,6.593497248E-1,1.289523305E0,-6.129292645E-2,1.449610029E0
2.270250202E2,4.141309489E-1,1.437286538E0,-1.599513151E-2,1.495845206E0
2.270350082E2,3.785494722E-1,1.459270315E0,-1.907252111E-2,1.507691386E0
2.270449972E2,4.735964012E-1,1.443244266E0,7.852335535E-2,1.520990953E0
2.270549852E2,7.065950811E-1,1.628620298E0,3.592055307E-1,1.811272839E0
2.270649742E2,9.009378183E-1,1.998663095E0,8.600114018E-1,2.354986779E0
2.270749622E2,1.165838614E0,2.303348638E0,1.488577729E0,2.980009778E0
2.270849512E2,1.473341931E0,2.655456855E0,2.095695300E0,3.689732557E0
2.270949392E2,1.614299736E0,2.871237239E0,2.451650984E0,4.106161160E0
2.271049272E2,1.766007062E0,2.891392007E0,2.644329019E0,4.297837205E0
2.271149162E2,2.231908088E0,3.073187204E0,3.034893789E0,4.861735659E0
2.271249042E2,2.964221417E0,3.413041411E0,2.976401167E0,5.412432373E0
2.271348932E2,3.833513519E0,3.805944482E0,2.426854112E0,5.922048648E0
2.271448812E2,4.656977777E0,3.866532746E0,1.651813864E0,6.274233541E0
2.271548702E2,5.366480970E0,3.372751172E0,1.205661954E0,6.451991105E0
2.271648582E2,5.648986271E0,2.468376360E0,1.030524981E0,6.250272753E0
2.271748472E2,5.589259887E0,1.397670482E0,1.327116809E0,5.912237130E0
2.271848352E2,5.288484376E0,6.890627897E-1,1.709939865E0,5.600604330E0
2.271948232E2,4.616100769E0,4.293815106E-1,2.124408052E0,5.099594529E0
2.272048122E2,3.936878259E0,4.229747164E-1,2.599971457E0,4.736852289E0
2.272148002E2,3.575126521E0,2.424202985E-1,2.788285130E0,4.540355846E0
2.272247892E2,3.119074398E0,-1.292427617E-1,2.802655832E0,4.195260243E0
2.272347772E2,2.705101470E0,-5.486348891E-1,2.457658998E0,3.695762703E0
2.272447662E2,2.474403962E0,-1.408291950E0,2.126813596E0,3.553772257E0
2.272547542E2,2.212379119E0,-1.835888305E0,1.947661341E0,3.472533936E0
2.272647422E2,2.632707678E0,-1.659286605E0,1.502748456E0,3.455811725E0
2.272747312E2,2.435678291E0,-1.437584746E0,1.328214477E0,3.124633153E0
2.272847192E2,9.100574282E-1,-1.097848653E0,1.151729575E0,1.833018604E0
2.272947082E2,-9.581563318E-1,-9.548871535E-1,2.015562571E0,2.427419517E0
2.273046962E2,-3.792556697E0,-1.980340260E0,4.387543634E0,6.128276510E0
2.273146852E2,-8.105829583E0,-4.461524361E0,4.413145960E0,1.025112336E1
2.273246732E2,-1.148934840E1,-7.790523741E0,1.570614457E0,1.397011871E1
2.273346612E2,-1.181522659E1,-1.065653883E1,-1.258537155E-1,1.591154419E1
2.273446502E2,-8.766769019E0,-1.162845132E1,-3.199561322E-1,1.456638223E1
2.273546382E2,-4.263527114E0,-9.907952557E0,-4.345349541E-1,1.079509184E1
2.273646272E2,-2.352963433E-2,-8.042698365E0,2.632185522E-1,8.047038874E0
2.273746152E2,3.598727053E0,-6.994998357E0,1.147248854E0,7.949655235E0
2.273846042E2,4.652478637E0,-6.955882239E0,9.281913981E-1,8.419702753E0
2.273945922E2,3.082176421E0,-7.111086053E0,1.499107395E0,7.893964741E0
2.274045812E2,1.136089735E0,-6.118346949E0,8.106863371E-1,6.275514450E0
2.274145692E2,-5.403913749E-1,-4.349619178E0,-4.509983745E-1,4.406201240E0
2.274245572E2,-2.880564425E0,-2.549919875E0,-9.726834467E-1,3.968104820E0
2.274345462E2,-3.426265182E0,-1.486963313E0,-9.419914117E-1,3.851973625E0
2.274445342E2,-4.225823390E0,-1.293472515E0,-1.824402327E0,4.781118940E0
2.274545232E2,-4.794803374E0,-2.104371983E-1,-2.275560038E0,5.311553134E0
2.274645112E2,-4.775338870E0,1.196771847E0,-2.590350156E0,5.562916331E0
2.274745002E2,-4.533226135E0,2.502051060E0,-2.984620598E0,5.976483817E0
2.274844882E2,-4.418509611E0,3.575025657E0,-2.723074057E0,6.302314492E0
2.274944762E2,-4.088933640E0,4.424385186E0,-2.001996885E0,6.348429263E0
2.275044652E2,-3.701393343E0,5.352514311E0,-1.769734077E0,6.744010738E0
2.275144532E2,-3.323604155E0,6.732505152E0,-1.740450636E0,7.707278289E0
2.275244422E2,-2.488482011E0,7.865906630E0,-1.805076110E0,8.445314061E0
2.275344302E2,-2.115081158E0,8.504344811E0,-2.087273262E0,9.008560298E0
2.275444192E2,-1.632530770E0,8.873850249E0,-2.113933935E0,9.267097261E0
2.275544072E2,-1.027204347E0,8.666402147E0,-2.086500845E0,8.973024057E0
2.275643952E2,-9.493194348E-1,8.182449743E0,-2.031858030E0,8.484228794E0
2.275743842E2,-1.372741463E0,7.948125499E0,-1.635538723E0,8.229951700E0
2.275843722E2,-1.607339357E0,7.533542706E0,-1.398216320E0,7.828972755E0
2.275943612E2,-1.180142366E0,6.804187923E0,-1.322160417E0,7.031203131E0
2.276043492E2,-5.537044251E-1,5.894231359E0,-9.418633577E-1,5.994635810E0
2.276143382E2,8.112209553E-2,5.414815224E0,-1.773957521E-2,5.415451911E0
2.276243262E2,-1.640535023E-2,5.211468360E0,1.773661944E0,5.505047529E0
2.276343152E2,1.958482490E-1,4.761160834E0,4.083385509E0,6.275431956E0
2.276443032E2,7.807848457E-1,2.848514374E0,6.933672760E0,7.536542779E0
2.276542912E2,2.237642307E0,-3.264810401E-1,5.979850384E0,6.393140353E0
2.276642802E2,3.631141385E0,-2.478894916E0,2.730717830E0,5.175608914E0
2.276742682E2,3.156929565E0,-3.651813632E0,1.825760343E0,5.160944478E0
2.276842572E2,8.826643923E-1,-6.536946194E0,2.811539506E0,7.170461378E0
2.276942452E2,-1.754191447E0,-1.407992455E1,3.643624898E0,1.464914555E1
2.277042342E2,-2.755148081E-1,-1.693908203E1,-2.986376517E0,1.720252461E1
2.277142222E2,4.512983367E0,-1.102238976E1,-9.888123479E0,1.548015119E1
2.277242102E2,3.222874755E0,-5.827247996E0,-9.645962212E0,1.172127672E1
2.277341992E2,1.575709867E-1,-4.920800346E-1,-5.945613767E0,5.968022658E0
2.277441872E2,-2.388120109E0,2.090504141E0,1.204307154E-1,3.176134251E0
2.277541762E2,-7.087490199E0,3.162320405E0,9.024508438E0,1.190271146E1
2.277641642E2,-9.870082480E0,2.770959245E0,3.966592639E0,1.099229732E1
2.277741532E2,-9.166311019E0,1.332167634E0,-5.045073559E0,1.054744972E1
2.277841412E2,-1.007457014E1,-5.025032812E-1,-6.573768450E0,1.204009571E1
2.277941292E2,-9.330306707E0,-3.158964103E0,-5.844593761E0,1.145394926E1
2.278041182E2,-7.109904331E0,-5.699859386E0,-5.445883820E0,1.061587430E1
2.278141062E2,-3.321166158E0,-7.972408401E0,-4.823851464E0,9.892369954E0
2.278240952E2,1.204065956E0,-9.631795578E0,-3.420555083E0,1.029181510E1
2.278340832E2,3.884991236E0,-8.604932708E0,-2.287349487E0,9.714421830E0
2.278440722E2,3.925042909E0,-6.070263541E0,-2.210720556E0,7.559189551E0
2.278540602E2,2.579463809E0,-3.368777404E0,-2.009519181E0,4.694727051E0
2.278640492E2,1.525193870E0,-1.015218140E0,-2.317873853E0,2.954559766E0
2.278740372E2,7.513658226E-1,7.728481275E-1,-2.584057674E0,2.799856941E0
2.278840252E2,5.309091280E-1,1.998764836E0,-2.347981459E0,3.128888349E0
2.278940142E2,4.786784356E-1,1.912461687E0,-1.540191540E0,2.501765922E0
2.279040022E2,6.320025165E-1,8.668327636E-1,-1.231124239E0,1.632940021E0
2.279139912E2,1.119383655E0,-2.353416592E-1,-9.616102821E-1,1.494355981E0
2.279239792E2,1.752454970E0,-1.290945933E0,1.202058169E-1,2.179928729E0
2.279339682E2,1.764158318E0,-1.561446900E0,5.008286387E-1,2.408568105E0
2.279439562E2,1.539547908E0,-7.907838768E-1,1.626178501E0,2.374869137E0
2.279539442E2,9.599034067E-1,6.911970234E-1,2.347362970E0,2.628551081E0
2.279639332E2,7.571044993E-1,2.039281363E0,2.810301066E0,3.553824388E0
2.279739218E2,8.567667818E-1,3.045201845E0,2.985321679E0,4.349649310E0
2.279839108E2,1.041169983E0,3.877813779E0,3.044272723E0,5.038756895E0
2.279938988E2,1.784741833E0,4.194072132E0,3.008222299E0,5.461222012E0
2.280038878E2,2.660708240E0,4.306146299E0,2.842708089E0,5.805450333E0
2.280138758E2,3.657195701E0,4.236183779E0,2.576571484E0,6.161091950E0
2.280238648E2,4.648336469E0,4.044733660E0,2.046931275E0,6.492829118E0
2.280338528E2,5.084130621E0,3.716182120E0,1.372875949E0,6.445400073E0
2.280438408E2,4.980560644E0,3.098436651E0,9.501514935E-1,5.942144551E0
2.280538298E2,4.492911337E0,2.187158616E0,7.952242523E-1,5.059871215E0
2.280638178E2,4.018774946E0,1.222601922E0,8.521790564E-1,4.286200727E0
2.280738068E2,3.763674375E0,2.641561532E-1,7.518653941E-1,3.847119032E0
2.280837948E2,3.667348514E0,-2.977343738E-1,4.453162331E-1,3.706264619E0
2.280937838E2,3.200399520E0,-3.452751607E-1,3.250467181E-1,3.235340383E0
2.281037718E2,2.273357685E0,-1.262530804E-1,8.150726990E-1,2.418354504E0
2.281137598E2,1.378217088E0,3.234434116E-1,1.617885979E0,2.149803020E0
2.281237488E2,7.479748030E-1,7.347295439E-1,2.176602053E0,2.415965709E0
2.281337368E2,3.576333971E-1,1.031486263E0,2.504754812E0,2.732336404E0
2.281437258E2,2.923506962E-1,1.354872372E0,2.380835356E0,2.754909266E0
2.281537138E2,9.791665471E-1,1.811948050E0,1.687321665E0,2.662513336E0
2.281637028E2,2.195845532E0,2.627543417E0,7.392166972E-1,3.503164760E0
2.281736908E2,3.251377008E0,3.505542608E0,-1.152966846E0,4.918293807E0
2.281836788E2,3.198424038E0,3.138947915E0,-3.080281631E0,5.437926559E0
2.281936678E2,2.995609270E0,1.226280990E0,-1.259813164E0,3.473408870E0
2.282036558E2,1.041906002E0,-1.981588640E0,3.404319119E0,4.074512280E0
2.282136448E2,-1.508657652E-1,-4.917205478E0,4.850882850E0,6.908888088E0
2.282236328E2,-6.841134140E-1,-6.829912164E0,5.388191682E0,8.726300529E0
2.282336218E2,-9.126881636E-1,-7.954870847E0,5.577146795E0,9.757947338E0
2.282436098E2,-1.733022041E0,-8.261063803E0,4.164426164E0,9.412278461E0
2.282535988E2,-1.839706245E0,-7.471247640E0,3.476279925E0,8.443256628E0
2.282635868E2,-2.903079422E0,-5.413504279E0,3.341083821E0,6.992620382E0
2.282735748E2,-4.670573430E0,-4.553324477E0,1.468196966E0,6.686001966E0
2.282835638E2,-5.694679922E0,-5.677882626E0,-9.237255871E-2,8.042155384E0
2.282935518E2,-5.410794094E0,-6.465876796E0,-5.852793896E-1,8.451438188E0
2.283035408E2,-4.753505659E0,-6.333243234E0,-1.146323240E-1,7.919528173E0
2.283135288E2,-4.425905462E0,-6.055981717E0,1.451082166E0,7.639973374E0
2.283235178E2,-4.144909912E0,-5.213369290E0,2.751866916E0,7.206404725E0
2.283335058E2,-3.389810423E0,-3.239843960E0,3.180954897E0,5.666204871E0
2.283434938E2,-2.207840072E0,-1.419504570E0,3.668861189E0,4.511107783E0
2.283534828E2,-1.825178984E0,-6.188020617E-1,3.025997250E0,3.587597200E0
2.283634708E2,-1.801703875E0,-3.647820568E-1,1.189409618E0,2.189497212E0
2.283734598E2,-1.845802844E0,-6.241084099E-2,-3.494658601E-1,1.879630187E0
2.283834478E2,-1.983034949E0,4.893850529E-1,-1.205306443E0,2.371642671E0
2.283934368E2,-2.185017512E0,1.183162453E0,-1.674767109E0,2.996501257E0
2.284034248E2,-2.266738490E0,1.851727828E0,-1.939364142E0,3.511144059E0
2.284134138E2,-2.356367535E0,2.493835137E0,-2.158898438E0,4.053704987E0
2.284234018E2,-1.996619200E0,3.357472397E0,-2.145110704E0,4.456524325E0
2.284333898E2,-1.643671616E0,4.534949602E0,-2.079690886E0,5.252860026E0
2.284433788E2,-1.109315481E0,5.982924850E0,-2.245955293E0,6.486161097E0
2.284533668E2,-7.894768779E-1,7.246238011E0,-1.838449386E0,7.517388855E0
2.284633558E2,-9.266220785E-1,7.609923715E0,-1.439053274E0,7.800028317E0
2.284733438E2,-1.353056373E0,7.876901150E0,-1.307407307E0,8.098496597E0
2.284833328E2,-1.891089968E0,8.451784775E0,-1.081378800E0,8.728016227E0
2.284933208E2,-2.632352460E0,8.521027502E0,-7.651640090E-1,8.951126473E0
2.285033088E2,-2.668559881E0,7.764739859E0,-1.027472734E0,8.274545132E0
2.285132978E2,-1.921767823E0,6.151746245E0,-1.757197354E0,6.680188319E0
2.285232858E2,-7.827997962E-1,4.337917145E0,-1.798662007E0,4.760828257E0
2.285332748E2,8.903737999E-3,2.871247764E0,-6.103724232E-1,2.935421179E0
2.285432628E2,6.875226331E-1,1.812486579E0,7.422098869E-1,2.075733722E0
2.285532518E2,1.434741099E0,1.010328113E0,1.904433460E0,2.589616134E0
2.285632398E2,2.238386657E0,6.705575216E-1,2.096989581E0,3.139647674E0
2.285732288E2,2.751805521E0,6.377429473E-1,2.209445279E0,3.586195495E0
2.285832168E2,2.641568549E0,5.752169162E-1,1.044830194E0,2.898349363E0
2.285932048E2,2.550625634E0,9.336290163E-1,-9.725691336E-1,2.885003464E0
2.286031938E2,1.860251606E0,1.259327699E0,-1.541154723E0,2.724261399E0
2.286131818E2,2.536229789E-1,-8.969570339E-2,-9.097355390E-1,9.486773348E-1
2.286231708E2,-1.942388029E0,-4.458172152E0,1.060096543E0,4.977145254E0
2.286331588E2,-2.980391599E0,-9.280052227E0,2.134973240E0,9.977986478E0
2.286431478E2,-2.460897771E0,-9.575300950E0,3.384591199E0,1.044977817E1
2.286531358E2,1.334649192E0,-7.323353430E0,3.077937482E0,8.055215272E0
2.286631238E2,4.173638452E0,-5.180344216E0,-9.213598037E-1,6.715960692E0
2.286731128E2,3.804539104E0,-2.966855587E0,-5.405136913E-1,4.854781655E0
2.286831008E2,2.290329228E0,3.182165855E-1,1.362652677E-1,2.316341510E0
2.286930898E2,-1.551734967E0,3.357812120E0,-1.388219628E0,3.950941328E0
2.287030778E2,-3.251916414E0,4.585178354E0,1.515064885E0,5.821876201E0
2.287130668E2,-5.129724870E0,4.345244291E0,2.669337561E0,7.233297188E0
2.287230548E2,-5.461458464E0,3.445698695E0,-2.734864967E0,7.012834979E0
2.287330428E2,-5.365572313E0,2.148697971E0,-5.099526924E0,7.707881944E0
2.287430318E2,-5.962525669E0,-6.208614510E-1,-6.743326010E0,9.022728355E0
2.287530198E2,-5.202331501E0,-5.250140675E0,-6.589492782E0,9.902002084E0
2.287630088E2,-1.674069828E0,-9.655084453E0,-5.453098115E0,1.121425185E1
2.287729968E2,2.141152139E0,-1.088492406E1,-2.875249599E0,1.146006826E1
2.287829858E2,6.289781465E0,-9.409424797E0,1.575255246E0,1.142716303E1
2.287929738E2,5.932087403E0,-5.607842338E0,2.401370338E0,8.509062002E0
2.288029628E2,4.143000212E0,-2.646907641E0,4.835366678E-1,4.940078797E0
2.288129508E2,2.797654708E0,-1.452688104E0,2.988577701E-2,3.152470103E0
2.288229388E2,1.453881813E0,-1.057451994E0,3.974048058E-1,1.841170178E0
2.288329278E2,3.038816978E-1,-9.199009234E-1,9.046273383E-1,1.325485728E0
2.288429158E2,-5.732054740E-2,-1.365608445E0,9.023230237E-1,1.637790862E0
2.288529048E2,-2.793331861E-2,-1.717663452E0,1.083603666E0,2.031094510E0
2.288628928E2,2.149266905E-1,-1.848204296E0,2.831888402E-1,1.882086215E0
2.288728818E2,6.068819278E-1,-1.272697942E0,1.171106079E0,1.832908938E0
2.288828698E2,5.886158109E-1,-1.614474714E-1,1.762291156E0,1.864994364E0
2.288928578E2,5.978655213E-1,1.137236082E0,1.975770661E0,2.356781447E0
2.289028468E2,6.970889702E-1,2.208467039E0,2.163179770E0,3.169007165E0
2.289128348E2,1.036111411E0,2.967391192E0,2.240865877E0,3.860105856E0
2.289228238E2,1.482293434E0,3.636046615E0,2.158006153E0,4.480515524E0
2.289328118E2,1.982055540E0,4.117294682E0,2.365363623E0,5.145445047E0
2.289428008E2,2.259932770E0,4.281383341E0,3.255846620E0,5.834216027E0
2.289527888E2,2.362579910E0,3.998832432E0,4.083215940E0,6.184262047E0
2.289627778E2,2.634319755E0,3.657990046E0,4.507015114E0,6.374458172E0
2.289727651E2,3.157982356E0,3.761724329E0,4.692930844E0,6.793159971E0
2.289827531E2,3.584367753E0,4.082112570E0,4.354510374E0,6.962262264E0
2.289927421E2,3.843721588E0,4.257361810E0,3.995725222E0,6.990360883E0
2.290027301E2,3.922870084E0,4.117763629E0,3.891983922E0,6.891474867E0
2.290127191E2,4.129864442E0,3.846874407E0,3.561389365E0,6.673658458E0
2.290227071E2,4.374116673E0,3.562559978E0,3.150199127E0,6.461306741E0
2.290326961E2,4.297497098E0,3.326292120E0,2.862890339E0,6.142380781E0
2.290426841E2,3.983191715E0,3.184677234E0,2.523299257E0,5.689905488E0
2.290526721E2,3.482413947E0,2.902628601E0,2.127567887E0,5.007894249E0
2.290626611E2,3.239317126E0,2.021496472E0,1.790778791E0,4.217405850E0
2.290726491E2,2.633194166E0,4.903428268E-1,1.139874930E0,2.910921240E0
2.290826381E2,1.251641826E0,-1.576893489E0,6.479194415E-1,2.114946794E0
2.290926261E2,6.268767741E-1,-2.982237858E0,6.902450967E-1,3.124604843E0
2.291026151E2,2.018501966E-1,-5.179213364E0,1.133298713E0,5.305597096E0
2.291126031E2,-1.901333851E0,-7.946781809E0,2.133112802E0,8.444914550E0
2.291225921E2,-5.673409506E0,-9.157725552E0,3.403365439E0,1.129753995E1
2.291325801E2,-8.736791514E0,-8.694766991E0,3.116820297E0,1.271397136E1
2.291425681E2,-9.937847031E0,-7.747981154E0,2.842929699E0,1.291798223E1
2.291525571E2,-8.817394797E0,-6.699812785E0,2.004090919E0,1.125390256E1
2.291625451E2,-6.633899462E0,-6.091491272E0,5.669622557E-1,9.024208231E0
2.291725341E2,-4.493585814E0,-5.987238926E0,-1.766785911E-1,7.488027694E0
2.291825221E2,-2.508225135E0,-5.460928706E0,-3.066858763E-1,6.017224600E0
2.291925111E2,-5.471473575E-1,-5.154045779E0,-1.341438979E-1,5.184742299E0
2.292024991E2,9.009190341E-1,-6.164621814E0,3.855990216E-1,6.242027220E0
2.292124871E2,1.143365426E0,-7.211741778E0,1.076704536E0,7.380772089E0
2.292224761E2,1.996932319E-1,-7.700604674E0,1.802283772E0,7.911220925E0
2.292324641E2,-7.956978768E-1,-7.310952655E0,1.863783032E0,7.586623164E0
2.292424531E2,-1.736018447E0,-6.163690352E0,1.783524735E0,6.647239975E0
2.292524411E2,-2.274470410E0,-3.847712898E0,1.390697678E0,4.681041574E0
2.292624301E2,-2.564580014E0,-1.930814343E0,4.816459706E-1,3.246089573E0
2.292724181E2,-3.159013220E0,-4.420085728E-1,-6.520984465E-1,3.255759280E0
2.292824061E2,-3.183238235E0,1.415489287E0,-2.050386395E0,4.042363164E0
2.292923951E2,-3.265923126E0,2.927683920E0,-2.720489588E0,5.161264438E0
2.293023831E2,-2.978368170E0,4.209895282E0,-3.219415250E0,6.079352745E0
2.293123721E2,-2.643220679E0,5.230354282E0,-3.469127319E0,6.810144332E0
2.293223601E2,-2.364037767E0,5.891496032E0,-3.544028690E0,7.270387844E0
2.293323491E2,-2.307836084E0,6.436313274E0,-3.202568545E0,7.550409342E0
2.293423371E2,-2.494401732E0,6.917770672E0,-2.912501917E0,7.909504314E0
2.293523261E2,-2.627978450E0,7.602849169E0,-2.756415465E0,8.503376531E0
2.293623141E2,-2.805748424E0,8.407982697E0,-2.657934905E0,9.253702784E0
2.293723021E2,-3.015585990E0,8.804805742E0,-2.474535817E0,9.630248726E0
2.293822911E2,-2.969478356E0,9.103852816E0,-2.209535326E0,9.827511595E0
2.293922791E2,-2.921218946E0,9.190103924E0,-1.789937669E0,9.807925730E0
2.294022681E2,-3.083202315E0,8.609857818E0,-8.745651215E-1,9.186982764E0
2.294122561E2,-3.100055745E0,7.451337871E0,-2.389517301E-1,8.074024995E0
2.294222451E2,-2.304575969E0,6.055901610E0,-5.162132478E-1,6.500114677E0
2.294322331E2,-1.184158233E0,4.396293408E0,-1.332831877E-1,4.554930390E0
2.294422221E2,9.283858180E-2,3.005185255E0,1.047227553E0,3.183778097E0
2.294522101E2,1.441878941E0,2.258108146E0,2.186513668E0,3.458165598E0
2.294621981E2,2.729014536E0,2.174303513E0,4.952924949E0,6.058595683E0
2.294721871E2,4.175800753E0,1.044254828E0,7.706909727E0,8.827470624E0
2.294821751E2,6.152606370E0,-1.644761537E0,5.456373725E0,8.386406852E0
2.294921641E2,7.316733797E0,-3.822763413E0,4.718044343E0,9.508315097E0
2.295021521E2,5.752885446E0,-6.405924709E0,4.816244529E0,9.865483957E0
2.295121411E2,3.481879511E0,-1.222622270E1,2.601138853E0,1.297574391E1
2.295221291E2,1.050484159E0,-1.811248372E1,-1.110237733E0,1.817685923E1
2.295321171E2,-1.264121246E0,-1.440311653E1,-3.096167346E0,1.478627812E1
2.295421061E2,-9.064915037E-1,-4.304124332E0,-6.263340356E0,7.653538105E0
2.295520941E2,-2.190534799E0,3.764008251E0,-6.789977435E0,8.066597448E0
2.295620831E2,-2.445340084E0,6.160345745E0,-2.846635664E0,7.213382177E0
2.295720711E2,-2.577826004E0,6.101431539E0,1.196126314E0,6.730777956E0
2.295820601E2,-3.693942820E0,3.764826862E0,3.363464039E0,6.255559543E0
2.295920481E2,-5.931880996E0,1.778862165E0,1.619325272E0,6.401076245E0
2.296020371E2,-6.902998851E0,5.504288149E-1,-5.304595794E0,8.723135993E0
2.296120251E2,-7.944556358E0,-1.493191767E0,-8.605192325E0,1.180656310E1
2.296220131E2,-8.029150951E0,-3.737846054E0,-8.784573791E0,1.247427332E1
2.296320021E2,-7.032700034E0,-5.936381013E0,-7.122370010E0,1.163733835E1
2.296419901E2,-4.335524465E0,-6.735104824E0,-5.049199355E0,9.468517492E0
2.296519791E2,2.730889446E-1,-5.683846786E0,-3.194076633E0,6.525551118E0
2.296619671E2,4.487271405E0,-5.097549981E0,-9.230414629E-1,6.853657857E0
2.296719561E2,4.636177769E0,-4.839715253E0,1.624958333E0,6.896192980E0
2.296819441E2,1.660770921E0,-3.950390005E0,8.556054517E-1,4.369874361E0
2.296919321E2,-2.619994077E-1,-3.215057028E0,-1.159106423E0,3.427646872E0
2.297019211E2,-3.161004782E-1,-2.360149076E0,-1.680999656E0,2.914786959E0
2.297119091E2,5.920704190E-1,-1.508579884E0,-8.112106130E-1,1.812297797E0
2.297218981E2,1.172175973E0,-8.747674352E-1,7.452502929E-2,1.464502836E0
2.297318861E2,1.668038279E0,-5.629418564E-1,4.378967742E-1,1.814113783E0
2.297418751E2,2.060635541E0,-3.355331147E-1,5.821008066E-1,2.167404589E0
2.297518631E2,2.511670022E0,2.179169565E-1,1.505199609E0,2.936256113E0
2.297618511E2,2.387405433E0,8.830909467E-1,2.236528412E0,3.388452989E0
2.297718401E2,1.627224275E0,1.655390021E0,2.305492812E0,3.271616125E0
2.297818281E2,1.366583468E0,2.499937876E0,2.652329764E0,3.892568938E0
2.297918171E2,1.166015639E0,3.337341018E0,2.564810979E0,4.367572885E0
2.298018051E2,1.239901787E0,4.044883348E0,2.465630507E0,4.896710278E0
2.298117941E2,1.418693415E0,4.617512287E0,2.573025148E0,5.473076752E0
2.298217821E2,1.530698293E0,5.101156543E0,2.859323537E0,6.044879357E0
2.298317711E2,1.538950176E0,5.505311996E0,3.186727853E0,6.544620862E0
2.298417591E2,1.540583888E0,5.886448131E0,3.487472373E0,7.013282674E0
2.298517471E2,1.895806186E0,6.036152054E0,3.685728067E0,7.322144775E0
2.298617361E2,2.776877212E0,5.996423732E0,3.625927423E0,7.537605343E0
2.298717241E2,4.005319041E0,5.623901131E0,3.289107921E0,7.647815078E0
2.298817131E2,5.342340156E0,5.092999093E0,2.717753091E0,7.865457391E0
2.298917011E2,6.453529816E0,4.516954796E0,2.304835585E0,8.207508439E0
2.299016901E2,7.179220149E0,3.652953839E0,2.122856201E0,8.330173596E0
2.299116781E2,7.777548770E0,2.710541720E0,1.912465196E0,8.455461218E0
2.299216661E2,8.094639181E0,2.513739059E0,1.173118690E0,8.556767789E0
2.299316551E2,7.867168459E0,2.423228838E0,5.291952360E-1,8.248904483E0
2.299416431E2,7.230275112E0,1.636199459E0,2.695229616E0,7.887857095E0
2.299516321E2,6.480739249E0,1.117740880E0,4.492174881E0,7.964230097E0
2.299616201E2,5.489851373E0,-4.079672527E-1,3.160087938E0,6.347524018E0
2.299716092E2,3.389895793E0,-3.019723188E0,1.284517504E0,4.718061767E0
2.299815972E2,1.862678786E0,-6.482588723E0,2.529200267E0,7.203497956E0
2.299915862E2,-1.941792490E0,-1.187417471E1,4.541870074E0,1.286060523E1
2.300015742E2,-1.139919954E1,-1.966036918E1,6.216627535E0,2.356094914E1
2.300115622E2,-2.026021632E1,-2.212413793E1,1.013562793E1,3.166519853E1
2.300215512E2,-1.882127151E1,-1.246539838E1,1.003890680E1,2.470639731E1
2.300315392E2,-1.544849812E1,-3.384363157E0,5.481664102E0,1.673794042E1
2.300415282E2,-1.291104159E1,7.271199775E-1,6.155454549E-1,1.294614207E1
2.300515162E2,-9.096885273E0,1.923926908E0,-1.758742189E0,9.462980002E0
2.300615052E2,-5.130096168E0,6.372342396E-1,-2.621305315E0,5.796136275E0
2.300714932E2,-3.921573756E0,-1.334394838E0,-3.342924232E0,5.323015380E0
2.300814812E2,-2.075539509E0,-3.130306900E0,-1.179988876E0,3.936884464E0
2.300914702E2,-4.260076672E-2,-5.852505044E0,5.071044552E-1,5.874588074E0
2.301014582E2,6.705611761E-1,-6.949571924E0,1.057409017E0,7.061466989E0
2.301114472E2,-1.341381969E-1,-7.486816437E0,3.371901864E0,8.212194322E0
2.301214352E2,-1.502754011E0,-8.394811260E0,3.711076916E0,9.300710595E0
2.301314242E2,-2.687518601E0,-8.067423316E0,2.794535218E0,8.950726355E0
2.301414122E2,-4.088403005E0,-6.863662877E0,2.075106376E0,8.254148878E0
2.301514012E2,-4.626366141E0,-4.843751585E0,1.277094756E0,6.818809581E0
2.301613892E2,-3.712363012E0,-2.935845464E0,6.921518737E-1,4.783294046E0
2.301713772E2,-2.258325370E0,-1.400517492E0,-3.110929227E-1,2.675492764E0
2.301813662E2,-9.105313450E-1,4.077374572E-1,-1.691229944E0,1.963562041E0
2.301913542E2,2.849924138E-1,2.674460306E0,-3.026088467E0,4.048600995E0
2.302013432E2,7.390240315E-1,4.264707667E0,-3.662407032E0,5.669842438E0
2.302113312E2,2.679559663E-1,5.496443524E0,-3.848179505E0,6.714996450E0
2.302213202E2,-6.139041415E-1,6.599711376E0,-3.762592056E0,7.621690595E0
2.302313082E2,-1.846846280E0,6.872273487E0,-3.357340835E0,7.868336644E0
2.302412972E2,-3.152986203E0,6.879318797E0,-2.793340048E0,8.066541869E0
2.302512852E2,-4.001013151E0,6.979893830E0,-2.412303901E0,8.399180568E0
2.302612732E2,-4.304967793E0,7.425073932E0,-1.853429368E0,8.780641834E0
2.302712622E2,-4.349299335E0,7.961912064E0,-1.332891811E0,9.169790020E0
2.302812502E2,-4.472024498E0,8.668166252E0,-1.061529257E0,9.811368592E0
2.302912392E2,-3.942776930E0,9.025132336E0,-1.588759829E0,9.976104520E0
2.303012272E2,-2.587491452E0,8.446314704E0,-2.204834164E0,9.104759074E0
2.303112162E2,-1.894085643E-1,6.973543754E0,-2.179951923E0,7.308787757E0
2.303212042E2,2.358633770E0,5.502611167E0,-2.158687061E0,6.364103452E0
2.303311922E2,4.122176230E0,4.778026543E0,-1.060353382E0,6.398923645E0
2.303411812E2,5.331855513E0,3.935515857E0,-8.013316691E-3,6.626992719E0
2.303511692E2,6.506398001E0,3.088348449E0,1.637193485E0,7.385899647E0
2.303611582E2,7.713878438E0,1.991262274E0,1.580567880E0,8.122021967E0
2.303711462E2,8.449174578E0,1.419102867E0,8.132260752E-1,8.606029319E0
2.303811352E2,8.446261495E0,1.428106409E0,8.828248984E-1,8.611515602E0
2.303911232E2,6.191684482E0,7.075715661E-1,-7.051882410E-1,6.271754515E0
2.304011122E2,1.832492827E0,-1.100896221E0,4.067130250E-1,2.176101546E0
2.304111002E2,-3.541304179E0,-6.437784433E0,3.881696915E0,8.309842035E0
2.304210882E2,-5.221974637E0,-1.311075324E1,1.504145648E0,1.419236850E1
2.304310772E2,-1.849415546E0,-1.546713086E1,1.990065641E0,1.570391149E1
2.304410652E2,-3.804053054E-1,-1.229918075E1,1.473396895E0,1.239295985E1
2.304510542E2,-1.744967026E0,-4.896960078E0,-1.412661574E0,5.387090184E0
2.304610422E2,-3.992616842E0,2.178451527E0,-3.103269667E0,5.506080541E0
2.304710312E2,-6.428354044E0,6.985926987E0,-3.668426156E-1,9.500604459E0
2.304810192E2,-8.881603072E0,6.566184611E0,-2.004045457E-1,1.104707271E1
2.304910072E2,-9.127331141E0,3.504474322E0,-3.866009713E0,1.051358859E1
2.305009962E2,-9.721102442E0,1.316466106E0,-5.922688004E0,1.145910768E1
2.305109842E2,-9.836128868E0,-1.244010333E0,-4.140836742E0,1.074446470E1
2.305209732E2,-7.924827268E0,-4.322736019E0,-3.433168989E0,9.657928517E0
2.305309612E2,-4.638747328E0,-8.438047326E0,-2.098903813E0,9.855151783E0
2.305409502E2,-4.505224477E-1,-1.301891453E1,-1.235178260E0,1.308513551E1
2.305509382E2,2.024242909E0,-1.268514259E1,-2.188948010E0,1.303080563E1
2.305609262E2,2.652125697E0,-8.898589234E0,-3.240070832E0,9.834465926E0
2.305709152E2,2.284961192E0,-4.850040266E0,-3.087098315E0,6.186607652E0
2.305809032E2,1.267888023E0,-1.885272135E0,-2.445340669E0,3.337885865E0
2.305908922E2,2.055655906E-1,-5.587704527E-1,-2.044630980E0,2.129553352E0
2.306008802E2,-3.957664526E-1,-3.444314075E-1,-1.686632279E0,1.766350057E0
2.306108692E2,-2.904826570E-1,-7.245419401E-1,-1.218983665E0,1.447502115E0
2.306208572E2,9.475512367E-1,-1.477771490E0,-1.211744300E0,2.133069659E0
2.306308462E2,1.698931897E0,-2.621528971E0,-1.094260728E0,3.310013637E0
2.306408342E2,1.927266545E0,-3.181558914E0,-5.306418371E-1,3.757426542E0
2.306508222E2,1.856704685E0,-2.658521381E0,1.000349840E0,3.393492010E0
2.306608112E2,1.039584072E0,-1.510846850E0,2.091539683E0,2.781713769E0
2.306707992E2,2.471284765E-1,2.383851349E-2,2.693165549E0,2.704585261E0
2.306807882E2,2.504784194E-1,1.345647805E0,3.870947978E0,4.105818518E0
2.306907762E2,4.131896934E-1,2.127469069E0,4.386859510E0,4.892993636E0
2.307007652E2,5.523154190E-1,2.642385989E0,4.566537430E0,5.304763910E0
2.307107532E2,9.957662076E-1,3.340558741E0,4.446492923E0,5.649971890E0
2.307207412E2,1.792526231E0,4.121953744E0,4.338607117E0,6.247172534E0
2.307307302E2,2.708102261E0,4.694211384E0,4.277123644E0,6.903855810E0
2.307407182E2,3.801877159E0,5.150369049E0,3.792737961E0,7.440795153E0
2.307507072E2,5.018693261E0,5.439704483E0,3.097827955E0,8.023353722E0
2.307606952E2,5.832822146E0,5.714066951E0,2.412928383E0,8.514376001E0
2.307706842E2,6.263416370E0,6.024064105E0,1.974099526E0,8.911610511E0
2.307806722E2,6.250568283E0,6.236926728E0,1.669327444E0,8.986407123E0
2.307906612E2,6.082150345E0,6.270870985E0,1.337210273E0,8.837675432E0
2.308006492E2,5.826694264E0,6.115041518E0,8.716473609E-1,8.491399646E0
2.308106372E2,5.384679844E0,5.922708469E0,6.347433257E-1,8.029704336E0
2.308206262E2,4.857352794E0,5.468735908E0,9.542983389E-1,7.376424196E0
2.308306142E2,4.858387166E0,4.280506843E0,2.119855410E0,6.813255584E0
2.308406032E2,4.381040653E0,2.539192573E0,2.959108027E0,5.864924249E0
2.308505912E2,2.557376245E0,6.572779101E-1,2.631899593E0,3.728147392E0
2.308605802E2,2.329188654E-1,-1.161931213E0,2.186923558E0,2.487362054E0
2.308705682E2,-1.474500557E0,-3.680493640E0,3.630195306E0,5.375732814E0
2.308805572E2,-3.266932063E0,-8.098602424E0,6.079923726E0,1.064075556E1
2.308905452E2,-8.488546219E0,-1.523659736E1,5.240313259E0,1.821181482E1
2.309005332E2,-1.532884538E1,-2.039203361E1,2.364340506E0,2.562027793E1
2.309105222E2,-1.579819202E1,-1.570317243E1,2.131648805E0,2.237669373E1
2.309205102E2,-1.218124358E1,-6.715258205E0,1.286980351E0,1.396902668E1
2.309304992E2,-8.784275583E0,-3.008100092E0,6.203743780E-1,9.305752417E0
2.309404872E2,-5.947331094E0,-2.980566723E0,1.627288302E0,6.848546733E0
2.309504762E2,-4.029411908E0,-3.524629090E0,2.152855048E0,5.770091456E0
2.309604642E2,-1.584859005E0,-4.645357897E0,4.094385584E0,6.391801105E0
2.309704522E2,-1.009947606E0,-6.668910250E0,5.311884933E0,8.585480746E0
2.309804412E2,-3.012574674E-1,-6.550545648E0,2.938879876E0,7.185918124E0
2.309904292E2,6.005907623E-1,-5.117480800E0,1.466467652E0,5.357223757E0
2.310004182E2,4.037288985E-1,-3.588328072E0,8.769689119E-1,3.715934587E0
2.310104062E2,-2.212506004E-1,-2.348666314E0,-8.097098520E-1,2.494156235E0
2.310203952E2,-1.116472034E0,-7.735316670E-1,-2.334534471E0,2.700909521E0
2.310303832E2,-1.865684547E0,7.707308507E-1,-2.910913813E0,3.542347259E0
2.310403722E2,-2.548694591E0,1.680354708E0,-2.668873876E0,4.054913542E0
2.310503602E2,-3.050559649E0,2.572392479E0,-2.273458257E0,4.592573318E0
2.310603482E2,-3.035570312E0,3.520140767E0,-1.969956774E0,5.048446081E0
2.310703372E2,-2.851592934E0,4.185758561E0,-1.715345616E0,5.347388855E0
2.310803252E2,-2.669979000E0,4.469126326E0,-1.024614615E0,5.305818795E0
2.310903142E2,-2.280315871E0,4.538732750E0,-3.863074118E-1,5.094032673E0
2.311003022E2,-1.898262016E0,4.429821927E0,-6.176007512E-1,4.858822046E0
2.311102912E2,-1.803141997E0,4.594843801E0,-1.261766573E0,5.094699746E0
2.311202792E2,-2.022187613E0,5.056401955E0,-1.995785972E0,5.799965958E0
2.311302672E2,-2.565389854E0,5.684816839E0,-2.224267386E0,6.621611058E0
2.311402562E2,-3.146440245E0,6.129865964E0,-2.209477146E0,7.235822843E0
2.311502442E2,-3.544178671E0,6.442138855E0,-1.985582289E0,7.616094307E0
2.311602332E2,-3.365540385E0,6.718128603E0,-1.876072125E0,7.744660137E0
2.311702212E2,-2.928268642E0,7.058517246E0,-2.000287451E0,7.899276728E0
2.311802102E2,-2.165978539E0,7.451460078E0,-1.877584946E0,7.983798942E0
2.311901982E2,-1.224884968E0,7.442729600E0,-1.913758161E0,7.781840231E0
2.312001872E2,-2.040640256E-1,6.666509383E0,-1.794808107E0,6.906904200E0
2.312101752E2,1.026960080E0,5.188419220E0,-1.294717387E0,5.445239584E0
2.312201632E2,2.716627794E0,3.172158930E0,-5.928959727E-2,4.176861753E0
2.312301522E2,5.516631621E0,1.230004497E0,9.232506470E-1,5.726999848E0
2.312401402E2,7.778743941E0,-9.733240092E-1,3.466041743E0,8.571444586E0
2.312501292E2,9.114098892E0,-2.519091600E0,6.752225472E0,1.161917251E1
2.312601172E2,8.577169544E0,-2.439895157E0,7.476317176E0,1.163684855E1
2.312701062E2,7.773594298E0,-6.543502092E-2,5.547372773E0,9.550203910E0
2.312800942E2,6.855824100E0,2.655142860E0,1.787902984E0,7.566287384E0
2.312900832E2,3.557952372E0,4.314077463E0,-1.053113214E0,5.690284428E0
2.313000712E2,-3.693013698E0,1.522227870E0,-2.775121293E0,4.863828333E0
2.313100592E2,-1.081712092E1,-5.772185935E0,2.279127571E0,1.247087238E1
2.313200482E2,-1.286769267E1,-1.548241665E1,2.610082462E0,2.030012981E1
2.313300362E2,-4.841026198E0,-1.613384559E1,3.161957878E0,1.713868390E1
2.313400252E2,5.909316591E0,-1.310741681E1,7.078511215E0,1.602590775E1
2.313500132E2,2.103368016E0,-9.215114805E0,1.264639163E0,9.536341546E0
2.313600022E2,-3.613431923E0,1.215310444E0,4.571768349E-1,3.839645869E0
2.313699902E2,-6.795395465E0,5.921465936E0,4.509540526E0,1.007854722E1
2.313799782E2,-8.180003268E0,5.946025996E0,1.353803940E0,1.020296348E1
2.313899672E2,-7.744956390E0,4.970568337E0,-4.310488442E0,1.016224432E1
2.313999552E2,-7.761769474E0,2.399471017E0,-5.635977386E0,9.887707905E0
2.314099442E2,-6.732361311E0,-1.024544449E0,-7.280572277E0,9.969007615E0
2.314199322E2,-6.085648735E0,-5.335994173E0,-7.347700067E0,1.093145236E1
2.314299212E2,-3.728350469E0,-9.835648227E0,-5.088223087E0,1.168463039E1
2.314399092E2,9.997222144E-1,-1.207869044E1,-3.269468878E0,1.255323201E1
2.314498982E2,4.515684780E0,-1.152560582E1,-1.977503775E0,1.253561006E1
2.314598862E2,4.990623118E0,-7.953639423E0,3.334408347E-1,9.395631004E0
2.314698742E2,3.731851781E0,-3.591368625E0,1.664090093E0,5.440022257E0
2.314798632E2,2.379547214E0,-1.116717618E0,9.489914060E-1,2.794617661E0
2.314898512E2,1.299993622E0,-1.392619658E-1,-5.149244484E-1,1.405177747E0
2.314998402E2,9.207933547E-1,4.080075985E-1,-1.597993167E0,1.888891941E0
2.315098282E2,1.967605170E0,1.397560555E-1,-1.961822128E0,2.782040244E0
2.315198172E2,3.665906006E0,-5.954383421E-1,-2.197419895E0,4.315329403E0
2.315298052E2,4.495896633E0,-8.008130211E-1,-2.244614527E0,5.088485276E0
2.315397932E2,4.684255330E0,-7.056045628E-1,-1.365872154E0,4.930084435E0
2.315497822E2,4.228675077E0,-4.654067910E-1,-1.321950301E-1,4.256262670E0
2.315597702E2,3.546471364E0,2.853318447E-1,9.831853384E-1,3.691277124E0
2.315697592E2,2.627669717E0,5.537927181E-1,1.593686693E0,3.122686630E0
2.315797472E2,7.383205383E-1,1.038581275E0,2.654523640E0,2.944531208E0
2.315897362E2,-5.110378041E-1,1.910494099E0,3.584476511E0,4.093851390E0
2.315997242E2,-1.654316472E0,2.822394862E0,3.701726049E0,4.940187394E0
2.316097132E2,-2.355911891E0,3.776465744E0,4.186621610E0,6.110631298E0
2.316197012E2,-2.093176904E0,4.106151059E0,4.146876916E0,6.199875339E0
2.316296892E2,-8.876348180E-1,4.564994350E0,3.862632068E0,6.045411109E0
2.316396782E2,-1.224202305E-2,4.914193577E0,3.531114821E0,6.051299056E0
2.316496662E2,6.753415672E-1,4.989165407E0,3.107095792E0,5.916240525E0
2.316596552E2,9.842727743E-1,4.812715150E0,3.200067691E0,5.862717222E0
2.316696432E2,1.045775323E0,4.340343740E0,3.592489536E0,5.730463408E0
2.316796322E2,1.068712269E0,3.786974945E0,4.093780689E0,5.678236124E0
2.316896202E2,1.273245680E0,3.397876073E0,4.372144407E0,5.681757042E0
2.316996092E2,1.512356308E0,3.285745187E0,4.609485229E0,5.859240319E0
2.317095972E2,1.591006329E0,3.122212014E0,4.825730467E0,5.963822896E0
2.317195852E2,1.568167251E0,2.863645799E0,4.837026118E0,5.835789360E0
2.317295742E2,1.445644402E0,2.733966835E0,4.541500822E0,5.494514729E0
2.317395622E2,1.157696220E0,2.665786546E0,4.114077544E0,5.037093655E0
2.317495512E2,6.082903759E-1,2.470071468E0,3.991839162E0,4.733502945E0
2.317595392E2,9.021157399E-2,1.910407560E0,4.176593635E0,4.593661891E0
2.317695282E2,8.503898084E-3,1.080064931E0,4.412187309E0,4.542467328E0
2.317795162E2,4.916431014E-1,4.305924690E-1,4.648447566E0,4.694165271E0
2.317895042E2,1.004350359E0,3.747948289E-2,4.684715506E0,4.791313361E0
2.317994932E2,1.252498005E0,2.802658170E-1,4.323949317E0,4.510414379E0
2.318094812E2,1.559015628E0,1.446298851E0,3.369175014E0,3.984174993E0
2.318194702E2,2.413329649E0,2.445283366E0,1.916354764E0,3.933953014E0
2.318294582E2,2.992913704E0,1.707927838E0,2.151138014E-1,3.452654614E0
2.318394472E2,1.855362165E0,-8.184914929E-1,-2.634789872E0,3.324818003E0
2.318494352E2,1.687194050E0,-3.965588672E0,-3.760596401E0,5.719668047E0
2.318594242E2,5.237582610E0,-5.830036533E0,2.024203733E-2,7.837219361E0
2.318694122E2,8.582143185E0,-1.058504142E1,5.618526955E0,1.473988225E1
2.318794002E2,6.873151739E0,-1.783081750E1,2.201232280E0,1.923599987E1
2.318893892E2,1.825425444E-1,-1.796010762E1,-6.185195827E0,1.899619528E1
2.318993772E2,-4.356810084E0,-1.156810104E1,-6.375675309E0,1.390870200E1
2.319093662E2,-6.779188153E0,-6.762145858E0,-1.790027424E0,9.741057786E0
2.319193542E2,-7.754107282E0,-5.019610105E0,6.222969425E-1,9.257965156E0
2.319293432E2,-7.439178586E0,-4.210657175E0,3.077986014E0,9.085428431E0
2.319393312E2,-6.549135300E0,-3.901856945E0,4.807362608E0,9.012568782E0
2.319493192E2,-5.748615224E0,-4.004054580E0,5.425288757E0,8.860744223E0
2.319593082E2,-4.695323524E0,-4.491100162E0,5.609595918E0,8.583915775E0
2.319692962E2,-3.134943742E0,-4.866718864E0,4.307744051E0,7.215918761E0
2.319792852E2,-1.300669852E0,-4.897878676E0,1.567573028E0,5.304549254E0
2.319892733E2,7.782367752E-1,-5.002193588E0,-7.536002630E-1,5.118154602E0
2.319992623E2,2.640824783E0,-4.602065113E0,-2.089045846E0,5.702374188E0
2.320092503E2,3.033689262E0,-4.035139548E0,-2.423825547E0,5.600049285E0
2.320192393E2,1.904967750E0,-2.936989179E0,-1.896141231E0,3.981225833E0
2.320292273E2,7.003555173E-1,-1.019260320E0,-1.837942432E0,2.215270149E0
2.320392152E2,-5.503795521E-1,1.033976592E0,-2.211878305E0,2.502884512E0
2.320492043E2,-1.443465875E0,2.765220203E0,-2.700259391E0,4.125704459E0
2.320591923E2,-2.044663725E0,4.168126282E0,-3.062531531E0,5.561746653E0
2.320691812E2,-2.227798519E0,5.657378195E0,-3.311797164E0,6.923656169E0
2.320791693E2,-2.153124897E0,7.019114614E0,-3.562248614E0,8.160486013E0
2.320891583E2,-1.908727802E0,8.689896260E0,-3.213341455E0,9.459550842E0
2.320991463E2,-1.490734474E0,1.019645652E1,-2.460011333E0,1.059441695E1
2.321091353E2,-1.180904696E0,1.070050288E1,-1.946246315E0,1.093998046E1
2.321191233E2,-9.668994541E-1,1.022625977E1,-2.076143087E0,1.047958270E1
2.321291112E2,-9.109310753E-1,9.259501019E0,-2.994256225E0,9.774135505E0
2.321391003E2,-1.264091426E0,8.747608278E0,-3.848960986E0,9.640180413E0
2.321490883E2,-1.606444586E0,8.169629722E0,-3.882929508E0,9.186982942E0
2.321590772E2,-1.605946111E0,7.393416522E0,-3.533762733E0,8.350398184E0
2.321690653E2,-9.837433089E-1,6.334451269E0,-2.390045305E0,6.841442855E0
2.321790543E2,-1.062433328E-1,5.860373057E0,-9.102474627E-1,5.931594259E0
2.321890423E2,8.913860992E-1,5.729310057E0,2.628270811E-1,5.804191674E0
2.321990313E2,2.047613645E0,5.583116802E0,5.916294658E-1,5.976114146E0
2.322090193E2,2.292908873E0,5.776366110E0,4.350901473E-1,6.230019259E0
2.322190072E2,1.863046868E0,5.780596570E0,6.942083395E-1,6.112950643E0
2.322289963E2,8.178825054E-1,5.048034005E0,1.059441217E0,5.222451033E0
2.322389842E2,7.291568550E-1,3.640296956E0,1.803691197E0,4.127557823E0
2.322489732E2,4.868885842E-1,2.184922641E0,2.176119658E0,3.121929564E0
2.322589613E2,-4.623574680E-1,2.439458370E-1,3.260612100E0,3.302253059E0
2.322689502E2,-2.724896927E0,-4.985637197E0,4.632216572E0,7.330693821E0
2.322789383E2,-5.745291667E0,-1.731762726E1,8.500927114E0,2.012894314E1
2.322889263E2,-6.076238810E0,-2.789858849E1,8.430081080E0,2.977109647E1
2.322989153E2,1.518752870E0,-1.967318160E1,4.870656964E0,2.032397559E1
2.323089033E2,9.243524086E0,-7.311411662E0,-4.482070892E0,1.260906172E1
2.323188923E2,7.602428169E0,1.591633735E0,-4.543380702E0,8.998473216E0
2.323288802E2,5.067232752E0,9.357105666E0,-5.310403833E0,1.189254653E1
2.323388693E2,1.764371888E0,1.164754365E1,-2.695780716E0,1.208492925E1
2.323488573E2,-2.064839835E0,8.687769628E0,-2.441814798E-1,8.933114196E0
2.323588462E2,-3.789329326E0,3.394918551E0,-3.276841340E0,6.051626052E0
2.323688343E2,-4.562894030E0,-1.635910022E0,-6.012298338E0,7.722948584E0
2.323788223E2,-4.629156725E0,-5.725225777E0,-6.224587934E0,9.641203095E0
2.323888113E2,-5.218985540E0,-1.009929684E1,-2.510328378E0,1.164196527E1
2.323987993E2,-4.019105898E0,-1.158234720E1,6.411944126E-1,1.227660821E1
2.324087883E2,-7.214604574E-1,-1.077713064E1,2.431324162E0,1.107151242E1
2.324187762E2,9.950683424E-1,-7.736102536E0,1.805699716E0,8.006122339E0
2.324287653E2,1.765869067E0,-3.997233803E0,-1.672807853E0,4.679151392E0
2.324387533E2,1.201570291E0,-1.844876645E0,-3.789086375E0,4.382295809E0
2.324487413E2,5.098895571E-1,-1.120555730E0,-2.987047192E0,3.230802290E0
2.324587303E2,-1.106517588E0,-1.147851702E0,-1.873286073E0,2.459907603E0
2.324687183E2,-2.094336845E0,-1.947694085E0,-9.182585867E-1,3.003823880E0
2.324787073E2,-1.480724918E0,-2.317605320E0,-4.606904999E-1,2.788561715E0
2.324886953E2,-1.584477036E-1,-2.354583696E0,8.892781779E-2,2.361583836E0
2.324986843E2,9.862412395E-1,-1.784325804E0,1.193967522E0,2.362635986E0
2.325086722E2,1.254202907E0,-1.429962316E0,1.938206978E0,2.715596333E0
2.325186613E2,1.219277049E0,-6.449601656E-1,2.011691861E0,2.439162619E0
2.325286493E2,1.023627605E0,6.140395045E-1,2.262978292E0,2.558501268E0
2.325386373E2,3.794745018E-1,1.906975830E0,1.954826519E0,2.757155134E0
2.325486263E2,-2.268465319E-1,3.141010228E0,2.448267785E0,3.988912101E0
2.325586143E2,-5.483624089E-1,3.694850893E0,2.838286425E0,4.691321166E0
2.325686033E2,3.144939557E-2,3.788694611E0,3.010674037E0,4.839354717E0
2.325785913E2,8.564788064E-1,3.546816934E0,3.456486808E0,5.026009089E0
2.325885803E2,2.185426671E0,3.431799864E0,4.229198695E0,5.868514432E0
2.325985682E2,3.865201920E0,3.523807556E0,4.571081886E0,6.946351214E0
2.326085573E2,5.586938542E0,3.905907311E0,4.322234913E0,8.071660848E0
2.326185453E2,6.810181904E0,4.519955002E0,3.811061965E0,9.018467946E0
2.326285333E2,7.120577254E0,5.059095767E0,3.478324989E0,9.401904867E0
2.326385223E2,6.731995860E0,5.474490153E0,3.214032011E0,9.253097452E0
2.326485103E2,6.378473201E0,5.675092919E0,2.927129604E0,9.025502077E0
2.326584993E2,5.802807219E0,5.965928748E0,2.099056864E0,8.583176403E0
2.326684873E2,5.245616684E0,6.693826405E0,1.241483166E0,8.594480019E0
2.326784763E2,4.987946847E0,6.940644395E0,1.288274925E0,8.643599403E0
2.326884642E2,4.473099509E0,6.551902202E0,3.005156604E0,8.483337073E0
2.326984533E2,3.446203895E0,5.733472105E0,3.986551525E0,7.787272740E0
2.327084413E2,2.285300769E0,3.237358308E0,2.599611853E0,4.739311153E0
2.327184293E2,4.729496992E-1,-4.411864543E-1,-1.480487229E-1,6.635098566E-1
2.327284183E2,-2.187029685E-1,-5.506184986E0,-1.087744372E0,5.616857832E0
2.327384063E2,1.981015321E0,-1.262600269E1,1.163707012E-1,1.278099791E1
2.327483953E2,2.388764180E0,-2.186260835E1,-2.688570222E0,2.215644935E1
2.327583833E2,-1.393062292E0,-2.673638188E1,-4.375866452E0,2.712789976E1
2.327683723E2,-4.593776684E0,-1.977881038E1,-1.507714204E0,2.036117203E1
2.327783602E2,-4.963873860E0,-9.547739514E0,2.986588186E-1,1.076515539E1
2.327883483E2,-4.678854549E0,-5.726817974E0,2.067917517E0,7.678828482E0
2.327983373E2,-4.374781501E0,-4.764969125E0,3.452748098E0,7.332469801E0
2.328083253E2,-3.882437465E0,-5.486913148E0,3.113753140E0,7.407765869E0
2.328183143E2,-3.882093941E0,-7.765680676E0,4.295078105E0,9.686286474E0
2.328283023E2,-3.610606256E0,-8.242847972E0,3.666717892E0,9.717295937E0
2.328382913E2,-1.234989833E0,-7.654677134E0,2.969096825E0,8.302699433E0
2.328482793E2,3.888506582E-1,-7.320534487E0,1.110388007E0,7.414471764E0
2.328582683E2,1.851821968E0,-6.807092820E0,-7.244758666E-1,7.091588154E0
2.328682562E2,2.033347755E0,-6.461709486E0,-1.976969632E0,7.056670709E0
2.328782443E2,1.864516273E-1,-4.987636945E0,-2.622055513E0,5.637948351E0
2.328882333E2,-1.664280858E0,-2.007999929E0,-2.877916221E0,3.883850701E0
2.328982213E2,-3.012802423E0,8.104568338E-1,-3.222817453E0,4.485573659E0
2.329082103E2,-3.842991271E0,2.702110620E0,-4.115934035E0,6.245870371E0
2.329181983E2,-3.667980891E0,4.611867970E0,-5.907067167E0,8.343671404E0
2.329281873E2,-2.982267971E0,6.407548481E0,-7.915618488E0,1.061167356E1
2.329381753E2,-2.346412943E0,8.216220337E0,-8.376753303E0,1.196586504E1
2.329481643E2,-2.409365967E0,9.542384049E0,-7.941107671E0,1.264607958E1
2.329581522E2,-2.960750802E0,1.017138716E1,-7.211901407E0,1.281540807E1
2.329681403E2,-3.975142438E0,1.012408436E1,-6.533920845E0,1.268822143E1
2.329781294E2,-4.783669690E0,1.005573742E1,-5.746289787E0,1.253080992E1
2.329881174E2,-4.985484585E0,9.280311844E0,-5.419671922E0,1.184702867E1
2.329981064E2,-4.644040520E0,8.864050900E0,-4.971395134E0,1.117377646E1
2.330080944E2,-3.867986071E0,8.467941216E0,-4.510272305E0,1.034455900E1
2.330180834E2,-2.877171286E0,7.916679758E0,-3.812731930E0,9.246018482E0
2.330280714E2,-1.973707471E0,7.125156793E0,-2.723219068E0,7.879041985E0
2.330380604E2,-1.201873981E0,6.421472456E0,-1.525312861E0,6.708680116E0
2.330480484E2,-1.733511234E-1,5.967650753E0,-6.863110900E-2,5.970562482E0
2.330580364E2,4.099340003E-1,5.752657989E0,1.250502496E0,5.901260570E0
2.330680254E2,7.801401901E-1,5.429070736E0,3.040206276E0,6.271067053E0
2.330780134E2,1.213842501E0,4.831930270E0,4.545578671E0,6.744127015E0
2.330880024E2,1.732874253E0,3.975939998E0,5.246748120E0,6.807298868E0
2.330979904E2,2.858670988E0,2.597566497E0,5.054744854E0,6.361587621E0
2.331079794E2,3.162559556E0,5.064717865E-1,3.231109974E0,4.549545942E0
2.331179674E2,3.196692970E0,-1.663519405E0,2.434858073E0,4.349100665E0
2.331279554E2,1.998876226E0,-3.228309742E0,1.287608635E0,4.009417159E0
2.331379444E2,-3.122200904E0,-7.564876766E0,2.310370267E0,8.503723287E0
2.331479324E2,-1.004849857E1,-2.058058527E1,7.375981879E0,2.406112886E1
2.331579214E2,-1.296812561E1,-3.205868362E1,3.134842000E0,3.472403652E1
2.331679094E2,-2.594469519E0,-2.047966700E1,-5.163363317E-1,2.064980958E1
2.331778984E2,6.610120590E0,-6.573382534E0,-5.103596002E0,1.062778172E1
2.331878864E2,6.658278843E0,-1.956546770E0,-5.252487162E0,8.703411618E0
2.331978754E2,5.499714457E0,3.691571190E0,-6.611011121E-1,6.656696751E0
2.332078634E2,1.784645939E0,7.705994053E0,4.525899866E-1,7.922887300E0
2.332178514E2,-2.284505255E0,6.134533796E0,-3.746998116E0,7.542643041E0
2.332278404E2,-4.617469602E0,3.413723781E0,-9.058310022E0,1.072508816E1
2.332378284E2,-6.872257699E0,4.744576961E-1,-1.173133191E1,1.360430757E1
2.332478174E2,-7.908781339E0,-9.671709841E-1,-1.020920111E1,1.295036792E1
2.332578054E2,-8.323882195E0,-2.476280041E0,-6.858402137E0,1.106601362E1
2.332677944E2,-7.007255291E0,-5.344981928E0,-3.040602425E0,9.322860163E0
2.332777824E2,-2.277092886E-1,-8.214652698E0,1.764430945E-1,8.219702101E0
2.332877704E2,5.763131522E0,-7.404235625E0,2.094482002E0,9.613700900E0
2.332977594E2,5.974113096E0,-4.030944171E0,3.599085487E-1,7.215820976E0
2.333077474E2,4.710026933E0,-1.053367129E0,-1.155217440E0,4.962707260E0
2.333177364E2,3.325313880E0,1.163346239E0,-4.545900267E-1,3.552145685E0
2.333277244E2,1.918745690E0,2.020683124E0,-2.988050721E-1,2.802504198E0
2.333377134E2,4.128046542E-1,1.387253083E0,-7.480467238E-2,1.449301396E0
2.333477014E2,-2.970182361E-1,5.215260279E-1,5.037692034E-1,7.835768250E-1
2.333576904E2,-8.234426227E-1,2.215685427E-2,1.966715078E0,2.132256288E0
2.333676784E2,-3.549552262E-2,-5.591873592E-1,3.378664461E0,3.424810064E0
2.333776664E2,1.843199079E0,-5.545446700E-1,3.724157723E0,4.192165715E0
2.333876554E2,3.526140595E0,2.444270629E-1,4.080281222E0,5.398342981E0
2.333976434E2,3.830410402E0,9.614477295E-1,4.545199186E0,6.021234195E0
2.334076324E2,3.535022516E0,1.455616974E0,4.961571811E0,6.263577237E0
2.334176204E2,3.114159814E0,1.631835097E0,5.284228773E0,6.346963908E0
2.334276094E2,2.921574165E0,1.735825489E0,5.569561202E0,6.524469151E0
2.334375974E2,3.074637606E0,1.858929259E0,5.632975425E0,6.681274320E0
2.334475864E2,3.430845598E0,2.209986731E0,5.243958998E0,6.644836254E0
2.334575744E2,3.927473889E0,2.566114324E0,4.482860851E0,6.488916341E0
2.334675624E2,3.906199672E0,2.596126912E0,3.346970798E0,5.761986146E0
2.334775514E2,3.761598614E0,2.683797725E0,2.242385568E0,5.136213332E0
2.334875394E2,3.604145960E0,3.495083109E0,1.133428448E0,5.146856719E0
2.334975284E2,3.603927274E0,4.526860564E0,1.187540263E-1,5.787474482E0
2.335075164E2,3.102598699E0,4.711983996E0,9.540558256E-1,5.721812159E0
2.335175054E2,2.348301886E0,4.911618463E0,3.419519541E0,6.428968158E0
2.335274934E2,1.910752254E0,5.078384562E0,5.221184678E0,7.530055337E0
2.335374814E2,1.085972738E0,5.293507134E0,3.791185525E0,6.601033423E0
2.335474704E2,6.482062474E-2,4.767904428E0,1.450164738E0,4.983983559E0
2.335574584E2,-1.745534498E0,3.270818415E0,-1.146073125E0,3.880544729E0
2.335674474E2,-3.947563168E0,1.355893296E0,-3.043252383E0,5.165567410E0
2.335774354E2,-6.520831853E0,-7.511122727E-1,-4.187982257E0,7.786180905E0
2.335874244E2,-7.729299300E0,-4.071558931E0,-3.975810482E0,9.598266968E0
2.335974124E2,-7.072963961E0,-8.646605229E0,-2.682195880E0,1.148846273E1
2.336074014E2,-4.200561664E0,-1.491532093E1,-8.862446424E-1,1.552085521E1
2.336173894E2,-3.558375710E0,-2.013711840E1,1.272588599E0,2.048865678E1
2.336273774E2,-4.592625368E0,-1.801879613E1,4.119661635E0,1.904575632E1
2.336373664E2,-5.159712315E0,-1.042386760E1,4.886005905E0,1.261557373E1
2.336473544E2,-5.267940184E0,-4.408592441E0,4.270625634E0,8.088579875E0
2.336573434E2,-4.799176506E0,-2.023403834E0,3.142848885E0,6.083071373E0
2.336673314E2,-4.100442422E0,-1.787663979E0,2.203289330E0,4.986366857E0
2.336773204E2,-2.571470373E0,-1.972559370E0,1.096240668E0,3.421285424E0
2.336873084E2,-9.358532971E-1,-1.648090941E0,4.515076670E-1,1.948302933E0
2.336972974E2,7.897483349E-2,-1.622457917E0,6.656487840E-1,1.755475725E0
2.337072854E2,8.361411671E-1,-1.577177664E0,3.158940715E-1,1.812845967E0
2.337172734E2,1.049896222E0,-1.574033616E0,-4.089834988E-3,1.892057248E0
2.337272624E2,7.022720884E-1,-1.298847275E0,-3.394153735E-1,1.515055486E0
2.337372504E2,-3.783704013E-2,-4.302843207E-1,-7.196250165E-1,8.393070967E-1
2.337472394E2,-9.295625702E-1,6.563914722E-1,-8.107111877E-1,1.397207560E0
2.337572274E2,-1.457225251E0,1.446895852E0,-8.967769396E-1,2.240808318E0
2.337672164E2,-1.726522861E0,2.254473517E0,-1.411656438E0,3.171167912E0
2.337772044E2,-1.542337030E0,3.865248113E0,-1.903777695E0,4.576386784E0
2.337871934E2,-1.173697418E0,5.551696204E0,-2.223052919E0,6.094330205E0
2.337971814E2,-1.090100215E0,6.765684593E0,-2.131148722E0,7.176670632E0
2.338071694E2,-1.301463320E0,7.818413790E0,-1.828342181E0,8.134140158E0
2.338171584E2,-1.706883233E0,8.794109430E0,-1.480744799E0,9.079780625E0
2.338271464E2,-2.364558754E0,9.779655874E0,-1.177874815E0,1.013016269E1
2.338371354E2,-2.914807474E0,1.080040840E1,-9.679252750E-1,1.122861539E1
2.338471234E2,-3.137968799E0,1.007510574E1,-7.158073694E-1,1.057671896E1
2.338571124E2,-2.535349783E0,8.080557332E0,-7.591498554E-1,8.502923840E0
2.338671004E2,-1.945723427E0,6.325621389E0,-1.253356522E0,6.735742586E0
2.338770894E2,-8.676108818E-1,4.223693542E0,-7.364785923E-1,4.374326976E0
2.338870774E2,-5.728285479E-1,2.363543969E0,1.033338954E0,2.642397024E0
2.338970654E2,7.767729979E-1,1.262613249E0,4.131606035E0,4.389503040E0
2.339070544E2,3.126798570E0,-1.721923149E-1,3.823182951E0,4.941988200E0
2.339170424E2,6.355799453E0,-1.646156098E0,1.320198237E0,6.696935118E0
2.339270314E2,9.385755853E0,-2.289021791E0,-1.798966062E0,9.826917756E0
2.339370194E2,9.079685104E0,4.960134566E-2,-4.790069468E0,1.026586126E1
2.339470084E2,6.005545973E0,2.378392389E0,-3.693689051E0,7.440878416E0
2.339569964E2,-1.815838203E-1,1.942362009E0,-3.278335011E-1,1.978185447E0
2.339669844E2,-5.227464588E0,-2.441656339E0,1.925990975E0,6.082558091E0
2.339769732E2,-9.640918989E0,-7.251075997E0,9.528322957E-1,1.210096324E1
2.339869612E2,-1.117740179E1,-9.046244878E0,5.010902431E0,1.522754085E1
2.339969502E2,-3.474029624E0,-1.114376626E1,7.040483263E0,1.363161080E1
2.340069382E2,2.504076535E0,-1.353192350E1,4.289610373E0,1.441471852E1
2.340169272E2,3.497010059E0,-1.014263874E1,-2.851697014E0,1.110109796E1
2.340269152E2,2.085369409E0,-2.888321049E0,-6.253215902E0,7.196796035E0
2.340369042E2,-2.357972742E0,3.088237937E0,-5.310771623E0,6.580390888E0
2.340468922E2,-4.549156582E0,5.755553530E0,-4.359031441E0,8.533602824E0
2.340568802E2,-5.357053505E0,5.514175206E0,-4.197193376E0,8.759028638E0
2.340668692E2,-7.383135948E0,3.631812646E0,-4.189306067E0,9.233149237E0
2.340768572E2,-9.099868523E0,1.026034319E0,-4.718181460E0,1.030153337E1
2.340868462E2,-9.364120570E0,-2.310320858E0,-4.496554445E0,1.064158533E1
2.340968342E2,-6.761012667E0,-5.662398614E0,-3.393824537E0,9.449449473E0
2.341068232E2,-1.824105727E0,-7.780716791E0,-2.053005070E0,8.251166300E0
2.341168112E2,2.734441629E0,-8.174319774E0,-8.638799927E-1,8.662734178E0
2.341268002E2,4.787827353E0,-5.957467827E0,-8.007095984E-1,7.684780383E0
2.341367882E2,2.816072853E0,-3.175973069E0,-1.671071084E0,4.561748548E0
2.341467762E2,1.216444292E0,-1.453627751E0,-1.145100075E0,2.214503226E0
2.341567652E2,7.278961954E-1,-7.205295807E-1,4.176291919E-1,1.106078609E0
2.341667532E2,4.707654718E-1,-6.868689144E-1,1.463757468E0,1.684041258E0
2.341767422E2,4.834369728E-1,-9.248558539E-1,2.099207722E0,2.344300048E0
2.341867302E2,5.886533061E-1,-9.203353715E-1,1.330487144E0,1.721547545E0
2.341967192E2,1.184808736E0,-2.875251353E-1,1.503435504E0,1.935655124E0
2.342067072E2,1.778759400E0,8.065772063E-1,2.254206299E0,2.982615938E0
2.342166962E2,1.870703797E0,2.038757452E0,2.474353969E0,3.711939144E0
2.342266842E2,1.782195663E0,2.993330610E0,2.561252364E0,4.323917575E0
2.342366722E2,1.635240515E0,3.478375860E0,2.760704398E0,4.732293201E0
2.342466612E2,1.689475633E0,3.533672978E0,3.231312872E0,5.077652559E0
2.342566492E2,1.954968899E0,3.400638297E0,3.661432886E0,5.365848954E0
2.342666382E2,2.462762448E0,3.175958451E0,4.049477506E0,5.705276420E0
2.342766262E2,3.413362423E0,3.068434587E0,4.208148719E0,6.226945438E0
2.342866152E2,4.424684563E0,3.346933376E0,4.076070642E0,6.884340810E0
2.342966032E2,5.158745186E0,3.922066092E0,3.638901225E0,7.432150190E0
2.343065912E2,5.288532908E0,4.494733037E0,3.052706162E0,7.582230563E0
2.343165802E2,5.075153391E0,5.021755448E0,2.444444291E0,7.546556672E0
2.343265682E2,4.897707353E0,5.431078085E0,1.726095722E0,7.514223374E0
2.343365572E2,4.442940155E0,5.522208695E0,1.442058451E0,7.232844439E0
2.343465452E2,3.968334525E0,5.416416777E0,1.903581521E0,6.979174178E0
2.343565342E2,3.480704221E0,5.179343172E0,2.621449449E0,6.768522349E0
2.343665222E2,3.127042984E0,4.648567434E0,3.106817465E0,6.406238504E0
2.343765112E2,2.793344433E0,2.866384050E0,2.656457899E0,4.803717229E0
2.343864992E2,1.599730960E0,2.171433699E-1,1.489542081E0,2.196594181E0
2.343964872E2,-3.421354982E-1,-2.248662554E0,1.675075842E0,2.824786551E0
2.344064762E2,-1.499607332E0,-4.804713235E0,3.725816578E0,6.262252038E0
2.344164642E2,-2.649855223E0,-9.422371702E0,5.288917655E0,1.112544251E1
2.344264532E2,-5.933231703E0,-1.486410751E1,4.624162325E0,1.665916587E1
2.344364412E2,-9.091241541E0,-1.477836277E1,2.451217706E0,1.752310324E1
2.344464302E2,-9.081355653E0,-9.662368914E0,1.162663284E0,1.331105478E1
2.344564182E2,-8.314111497E0,-5.941238295E0,3.289737082E-1,1.022403962E1
2.344664072E2,-7.390502270E0,-3.336836988E0,-5.317168477E-1,8.126298524E0
2.344763952E2,-6.607338485E0,-1.241194314E0,-2.172489122E-1,6.726416748E0
2.344863832E2,-5.839318403E0,-9.102547717E-1,1.296008452E0,6.050276115E0
2.344963722E2,-4.682639744E0,-2.626010277E0,2.971815780E0,6.136345328E0
2.345063602E2,-3.223612382E0,-4.210157238E0,2.958525644E0,6.072065113E0
2.345163492E2,-1.409516210E0,-5.916319801E0,1.729712517E0,6.323091121E0
2.345263372E2,-2.321286142E-2,-7.247836055E0,8.505728263E-1,7.297611969E0
2.345363262E2,5.256822288E-1,-6.993376340E0,1.616596084E0,7.197015863E0
2.345463142E2,-3.412785888E-2,-6.383446258E0,2.499926181E0,6.855594924E0
2.345563032E2,-1.105034296E0,-5.094012415E0,1.678763680E0,5.476158396E0
2.345662912E2,-1.595968861E0,-3.456207311E0,7.505439234E-1,3.880180635E0
2.345762792E2,-1.705177600E0,-1.723919388E0,-2.116195053E-1,2.433990863E0
2.345862682E2,-1.444143275E0,-3.821260679E-1,-1.011984630E0,1.804351136E0
2.345962562E2,-1.427468478E0,8.073426068E-1,-1.474732107E0,2.205516522E0
2.346062452E2,-1.440790482E0,1.888965236E0,-1.821488367E0,2.993641052E0
2.346162332E2,-1.741196887E0,2.804049223E0,-1.847430417E0,3.782520032E0
2.346262222E2,-2.219524709E0,3.454597573E0,-2.004385765E0,4.569255587E0
2.346362102E2,-2.863742278E0,4.088969600E0,-2.138781970E0,5.430937354E0
2.346461992E2,-3.473898062E0,4.556062728E0,-2.168042899E0,6.125853846E0
2.346561872E2,-4.163993762E0,5.229395338E0,-1.962852992E0,6.966937026E0
2.346661752E2,-4.675749970E0,5.896869623E0,-1.566162972E0,7.686909365E0
2.346761642E2,-4.934129659E0,6.441495076E0,-1.012931294E0,8.177073078E0
2.346861522E2,-4.761513129E0,7.070423931E0,-7.621506464E-1,8.558257734E0
2.346961412E2,-4.554143380E0,7.807036278E0,-7.196519136E-1,9.066859227E0
2.347061292E2,-4.522383058E0,8.438947797E0,-8.467595646E-1,9.611700693E0
2.347161182E2,-4.188054470E0,8.407506734E0,-1.374705835E0,9.492933470E0
2.347261062E2,-3.098347481E0,8.092873907E0,-2.523327031E0,9.025604938E0
2.347360952E2,-1.350932226E0,7.354437228E0,-3.699630699E0,8.342663372E0
2.347460832E2,4.748462436E-1,6.280708340E0,-2.942529416E0,6.952068439E0
2.347560712E2,2.889247833E0,5.257247965E0,-1.254451413E0,6.128626074E0
2.347660602E2,5.154622314E0,4.560300205E0,1.059697909E0,6.963435131E0
2.347760482E2,7.236807622E0,3.662453225E0,1.417588438E0,8.233741869E0
2.347860372E2,8.924453223E0,2.470909374E0,-1.807771969E-1,9.261961933E0
2.347960252E2,9.447404217E0,1.175295609E0,-1.740719316E0,9.678061270E0
2.348060142E2,7.323424181E0,-8.025245011E-1,6.531632245E-3,7.367267470E0
2.348160022E2,3.178281257E0,-5.886265697E0,5.865441424E0,8.896797104E0
2.348259902E2,-5.522639635E-1,-1.480055646E1,3.771897315E0,1.528360809E1
2.348359792E2,-3.923388147E-1,-1.909771968E1,-7.612495905E-1,1.911691209E1
2.348459672E2,4.149198260E0,-1.495720337E1,-2.348935286E0,1.569876669E1
2.348559562E2,1.631094109E0,-7.304235374E0,-3.260157479E0,8.163390789E0
2.348659442E2,-2.418109894E0,1.698717889E0,-2.203566488E0,3.686272262E0
2.348759332E2,-3.352878240E0,7.296555641E0,3.844664159E-1,8.039236975E0
2.348859212E2,-6.526767946E0,8.340392978E0,7.877540250E0,1.319910964E1
2.348959102E2,-9.405221234E0,5.345722185E0,4.715200549E0,1.180118843E1
2.349058982E2,-8.990668847E0,2.101392242E0,-2.034397768E0,9.454456618E0
2.349158862E2,-8.989766622E0,-1.247695833E0,-3.833096028E0,9.852171028E0
2.349258752E2,-9.360528041E0,-5.108861420E0,-3.776207882E0,1.131281115E1
2.349358632E2,-5.916047906E0,-9.326096712E0,-3.333975946E0,1.153651153E1
2.349458522E2,-1.218953040E0,-1.291543518E1,-2.413617332E0,1.319544850E1
2.349558402E2,7.635294199E-1,-1.325330485E1,-1.083435266E0,1.331941810E1
2.349658292E2,2.375792717E0,-1.009610543E1,-1.458367212E-1,1.037289758E1
2.349758172E2,2.266280507E0,-5.530914030E0,-2.770504332E-1,5.983627185E0
2.349858068E2,7.903596613E-1,-2.262002392E0,-3.731652099E-1,2.424989791E0
2.349957948E2,-8.216165373E-1,-8.201608729E-1,3.089727223E-1,1.201324991E0
2.350057828E2,-1.663875500E0,-5.044439721E-1,4.077397960E-1,1.785832339E0
2.350157718E2,-1.550918988E0,-5.601702762E-1,-3.826499784E-1,1.692796932E0
2.350257598E2,-6.204310960E-1,-6.140816045E-1,-9.072890639E-1,1.259049009E0
2.350357488E2,5.078011510E-1,-6.419131815E-1,-1.134899535E0,1.399253907E0
2.350457368E2,1.330286877E0,-7.720207465E-1,-8.656568885E-1,1.764947891E0
2.350557258E2,1.884799387E0,-7.438933003E-1,-2.495030673E-1,2.041591965E0
2.350657138E2,2.420407265E0,-3.360950321E-1,8.012158942E-1,2.571629465E0
2.350757028E2,2.659216907E0,3.636517900E-1,1.964733456E0,3.326237325E0
2.350856908E2,2.727741597E0,1.216933631E0,2.558162695E0,3.932645173E0
2.350956788E2,2.565476393E0,1.954190342E0,2.622403715E0,4.156624863E0
2.351056678E2,2.410296990E0,2.688404746E0,2.949993972E0,4.662565398E0
2.351156558E2,2.419108890E0,3.528809264E0,3.577475055E0,5.576998334E0
2.351256448E2,2.287954966E0,4.284540253E0,3.992768869E0,6.287624857E0
2.351356328E2,2.121266197E0,4.936915857E0,4.002757083E0,6.700371089E0
2.351456218E2,2.115807675E0,5.312012987E0,3.809952164E0,6.870943136E0
2.351556098E2,2.445063511E0,5.488451550E0,3.420859723E0,6.914023231E0
2.351655978E2,2.807224261E0,5.537589211E0,2.531761347E0,6.704865237E0
2.351755868E2,3.328062657E0,5.479036363E0,1.677932206E0,6.626559968E0
2.351855748E2,3.490012696E0,5.268865798E0,8.596301633E-1,6.378095283E0
2.351955638E2,3.559266826E0,5.303616385E0,-2.526242745E-1,6.392225444E0
2.352055518E2,4.119806061E0,5.179757155E0,-7.999365234E-1,6.666527178E0
2.352155408E2,3.817396839E0,4.380850326E0,1.060859751E0,5.906758131E0
2.352255288E2,3.309478451E0,3.882048917E0,2.367282679E0,5.623786865E0
2.352355178E2,3.004735605E0,3.130488163E0,2.400034834E0,4.958685249E0
2.352455058E2,2.148223177E0,1.559872829E0,1.659443164E0,3.130785473E0
2.352554938E2,6.714351887E-1,-1.558218652E-1,6.343309508E-1,9.367397832E-1
2.352654828E2,-6.394579357E-1,-2.078879877E0,2.227786679E0,3.113467758E0
2.352754708E2,-2.292619582E0,-5.430261229E0,4.801622397E0,7.602592927E0
2.352854598E2,-4.361366527E0,-1.010754609E1,5.603842843E0,1.235261351E1
2.352954478E2,-6.087998731E0,-1.371563600E1,5.309782859E0,1.591779487E1
2.353054368E2,-6.470656310E0,-1.254612621E1,4.611061346E0,1.485047349E1
2.353154248E2,-6.410965009E0,-7.589836190E0,3.377487124E0,1.049349823E1
2.353254138E2,-6.280454571E0,-3.229617764E0,2.187124118E0,7.393108442E0
2.353354018E2,-5.327223934E0,-7.653654456E-1,3.294023091E-1,5.391994528E0
2.353453898E2,-3.605058711E0,8.276324451E-2,-1.486823857E0,3.900505511E0
2.353553788E2,-2.265319371E0,-2.382863170E-1,-1.535180038E0,2.746858200E0
2.353653668E2,-1.481180855E0,-1.330221680E0,5.076435685E-2,1.991472687E0
2.353753558E2,-5.240495400E-1,-2.708867662E0,2.485147344E0,3.713293585E0
2.353853438E2,2.264778650E-1,-4.493351925E0,4.210707168E0,6.162106669E0
2.353953328E2,6.066250889E-1,-6.131776249E0,4.992935691E0,7.930704937E0
2.354053208E2,7.345466723E-1,-6.649109824E0,4.466146000E0,8.043424666E0
2.354153098E2,1.761371389E-2,-6.388277228E0,3.025708982E0,7.068614506E0
2.354252978E2,-9.482783380E-1,-5.466625063E0,1.889832378E0,5.861287214E0
2.354352858E2,-1.464995470E0,-3.824951441E0,8.413991296E-1,4.181437283E0
2.354452748E2,-1.425624705E0,-1.858246889E0,-1.301335850E-1,2.345724205E0
2.354552628E2,-1.208707622E0,-8.611720741E-2,-1.160320889E0,1.677717156E0
2.354652518E2,-9.866635546E-1,1.716016291E0,-1.783264534E0,2.664253982E0
2.354752398E2,-7.548049356E-1,3.006983859E0,-2.226874367E0,3.817152324E0
2.354852288E2,-1.157937857E0,3.853665948E0,-2.179112263E0,4.576034481E0
2.354952168E2,-1.441513344E0,4.675385689E0,-1.988916956E0,5.281380758E0
2.355052058E2,-1.564606004E0,5.460850353E0,-1.902337818E0,5.990640008E0
2.355151938E2,-1.826514195E0,6.143705739E0,-1.543332226E0,6.592658695E0
2.355251818E2,-2.377637513E0,6.800402436E0,-9.397732705E-1,7.265108893E0
2.355351708E2,-3.331202027E0,7.477357396E0,-5.834255299E-1,8.206592832E0
2.355451588E2,-4.288197978E0,8.310874479E0,-3.288895082E-1,9.357747849E0
2.355551478E2,-4.710400862E0,9.129484085E0,-2.841106537E-1,1.027696817E1
2.355651358E2,-4.533936864E0,9.070322542E0,-7.755840397E-1,1.016999828E1
2.355751248E2,-3.229623319E0,8.183905115E0,-1.735430217E0,8.967635572E0
2.355851128E2,-1.335307589E0,6.289331814E0,-2.020400119E0,6.739492389E0
2.355951018E2,5.535409954E-1,4.827079419E0,-2.177678525E0,5.324414251E0
2.356050898E2,2.161738138E0,3.985007860E0,-1.281515543E0,4.711229299E0
2.356150778E2,3.545724674E0,3.049763258E0,3.137069204E-1,4.687390685E0
2.356250668E2,4.629084804E0,2.533607898E0,7.575123426E-1,5.331174359E0
2.356350548E2,5.605230972E0,2.410876011E0,-5.238938579E-1,6.124165425E0
2.356450438E2,5.962036257E0,2.723397993E0,-1.706294711E0,6.773050612E0
2.356550318E2,5.601520329E0,3.250633827E0,-2.635868098E0,6.992242194E0
2.356650208E2,4.409950165E0,3.263038695E0,-3.357119225E0,6.431588565E0
2.356750088E2,1.688555866E0,1.190913522E0,-2.681575783E0,3.385313074E0
2.356849968E2,-2.277529965E0,-3.655940012E0,8.200474370E-1,4.384691313E0
2.356949858E2,-6.352616229E0,-1.130149490E1,3.373394365E0,1.339624237E1
2.357049738E2,-4.371788312E0,-2.051298444E1,1.045808199E1,2.343643622E1
2.357149628E2,1.360215850E0,-1.723068969E1,1.292876683E1,2.158471372E1
2.357249508E2,2.933247546E0,-5.733089113E0,1.129286208E0,6.538160236E0
2.357349398E2,1.995518608E0,5.649071056E-1,-9.136017179E-1,2.266248586E0
2.357449278E2,1.193361349E-1,5.384444786E0,7.822511812E-1,5.442279273E0
2.357549168E2,-2.328727016E0,7.309195567E0,7.268447198E-1,7.705557254E0
2.357649048E2,-2.985015870E0,6.496153094E0,-1.259152575E-1,7.150257297E0
2.357748928E2,-2.068287499E0,3.438918264E0,-4.085920277E0,5.727016371E0
2.357848818E2,-2.057980174E0,-4.494930089E-1,-7.088851431E0,7.395210678E0
2.357948698E2,-3.225191422E0,-4.192599803E0,-6.445467675E0,8.338093689E0
2.358048588E2,-3.239098440E0,-7.270731413E0,-3.617261265E0,8.742989937E0
2.358148468E2,-6.449826774E-1,-9.787095287E0,-8.589271818E-1,9.845861705E0
2.358248358E2,2.462046749E0,-9.443498277E0,1.011557929E0,9.811451643E0
2.358348238E2,3.261023160E0,-6.198507013E0,7.123604357E-1,7.040114959E0
2.358448128E2,1.465935556E0,-2.873474384E0,-1.340323623E0,3.493177565E0
2.358548008E2,-3.426622593E-1,-1.163935053E0,-2.332340742E0,2.629063629E0
2.358647888E2,-1.589791862E0,1.897684604E-1,-2.335618983E0,2.831707306E0
2.358747778E2,-2.130156157E0,6.479779136E-1,-1.496158644E0,2.682523312E0
2.358847658E2,-1.894116633E0,6.124057925E-1,-4.350614959E-1,2.037645008E0
2.358947548E2,-1.406750039E0,4.128999639E-1,-5.210161507E-2,1.467019642E0
2.359047428E2,-3.042473681E-1,-2.892559111E-1,-4.554907903E-3,4.198287630E-1
2.359147318E2,5.093974409E-1,-1.435839937E0,-8.726250154E-1,1.755732467E0
2.359247198E2,1.096312370E0,-2.115728445E0,-1.486419522E0,2.808496156E0
2.359347088E2,1.620535060E0,-1.857906581E0,-2.868439347E-1,2.481981101E0
2.359446968E2,1.408550104E0,-9.666049737E-1,3.741522199E-1,1.748807724E0
2.359546848E2,9.279480077E-1,1.879441291E-1,9.062564456E-1,1.310614835E0
2.359646738E2,7.248812248E-1,1.177421656E0,1.653782036E0,2.155636697E0
2.359746618E2,1.182578900E0,2.165440303E0,2.248274299E0,3.338017658E0
2.359846508E2,2.028075613E0,2.784861000E0,2.633080730E0,4.336087593E0
2.359946388E2,3.034821868E0,2.930831476E0,3.041968335E0,5.201296787E0
2.360046278E2,4.059917709E0,2.893079513E0,3.645018582E0,6.175678209E0
2.360146158E2,4.950314752E0,2.720256284E0,4.309411969E0,7.104677467E0
2.360246048E2,5.782026799E0,2.594585001E0,4.679029673E0,7.877628064E0
2.360345928E2,6.515507378E0,2.557144110E0,4.692854830E0,8.426963204E0
2.360445808E2,6.978215094E0,2.571136497E0,4.517651199E0,8.701459713E0
2.360545698E2,6.657050927E0,2.603118428E0,4.067995638E0,8.224423451E0
2.360645578E2,5.943589461E0,2.480849056E0,3.665558681E0,7.410613211E0
2.360745468E2,5.016304674E0,2.251765087E0,3.167142019E0,6.345435143E0
2.360845348E2,4.022968276E0,2.072882972E0,2.683089627E0,5.261186892E0
2.360945238E2,3.034732406E0,1.974909950E0,2.300264232E0,4.289648660E0
2.361045118E2,2.080804488E0,2.231368244E0,2.055406229E0,3.678783267E0
2.361145008E2,1.387650109E0,2.482350621E0,1.875183933E0,3.406457429E0
2.361244888E2,1.319037419E0,2.224312994E0,1.583138900E0,3.032120839E0
2.361344768E2,1.674883030E0,1.573948247E0,1.041509633E0,2.523348680E0
2.361444658E2,1.688768266E0,5.986543107E-1,4.151628363E-1,1.839207825E0
2.361544538E2,1.326882189E0,-7.089672965E-1,3.483529888E-1,1.544215262E0
2.361644428E2,5.390820736E-1,-1.740260602E0,1.554888517E0,2.395160692E0
2.361744308E2,-6.990441330E-2,-2.409696627E0,3.402816385E0,4.170213881E0
2.361844198E2,-2.229171884E0,-3.348348987E0,3.755271342E0,5.502972931E0
2.361944078E2,-4.807864007E0,-4.047674809E0,2.599290548E0,6.801142479E0
2.362043968E2,-7.242218635E0,-4.034384673E0,1.433894422E0,8.413206503E0
2.362143848E2,-9.470271508E0,-4.009209486E0,9.866632622E-1,1.033118132E1
2.362243728E2,-9.880337327E0,-5.077748970E0,1.604571285E0,1.122404781E1
2.362343618E2,-7.913108863E0,-6.156547394E0,1.433065725E0,1.012788453E1
2.362443498E2,-4.310780510E0,-7.308666978E0,7.727238742E-1,8.520360544E0
2.362543388E2,-3.677826286E-1,-8.055076920E0,3.053825319E-1,8.069249454E0
2.362643268E2,1.599608753E0,-8.850405253E0,4.082119587E-1,9.003058275E0
2.362743158E2,2.388020853E0,-9.127378503E0,9.110646111E-1,9.478487256E0
2.362843038E2,2.562603363E0,-8.377541508E0,1.733576649E0,8.930589326E0
2.362942918E2,1.662159635E0,-6.670134072E0,1.573601215E0,7.051927678E0
2.363042808E2,3.294889940E-1,-4.287091393E0,7.651078758E-1,4.367276688E0
2.363142688E2,-1.522774585E0,-2.864994752E0,1.033670783E0,3.405218444E0
2.363242578E2,-3.117427238E0,-1.640374371E0,1.095127358E0,3.688967957E0
2.363342458E2,-3.961326929E0,-7.290191531E-2,1.815118995E-1,3.966153338E0
2.363442348E2,-4.711625562E0,1.410167152E0,-1.534926268E-1,4.920523023E0
2.363542228E2,-4.790024152E0,2.441617747E0,-5.183375412E-1,5.401342649E0
2.363642118E2,-4.151780975E0,2.772633303E0,-1.144443360E0,5.121965570E0
2.363741998E2,-3.608345430E0,3.761426706E0,-1.575404204E0,5.445216801E0
2.363841878E2,-2.684868935E0,4.501359102E0,-1.878042929E0,5.567566812E0
2.363941768E2,-1.942135722E0,5.160778847E0,-1.916145141E0,5.837562991E0
2.364041648E2,-1.524779595E0,5.447709321E0,-2.007287445E0,6.002640464E0
2.364141538E2,-1.116629471E0,6.018375349E0,-1.786550669E0,6.376477594E0
2.364241418E2,-7.122266807E-1,6.377355798E0,-1.950408947E0,6.706864311E0
2.364341308E2,-4.650856327E-1,6.533769987E0,-1.839435519E0,6.803673854E0
2.364441188E2,-4.320624955E-1,6.631906146E0,-1.295687148E0,6.771090186E0
2.364541078E2,-3.850479946E-1,7.060207676E0,-9.604428855E-1,7.135632062E0
2.364640958E2,-3.094562139E-1,7.615531195E0,-6.664106762E-1,7.650894178E0
2.364740838E2,-5.351896553E-1,7.792571436E0,-6.835798556E-1,7.840783059E0
2.364840728E2,-2.072069771E-1,7.069546264E0,-1.079519970E0,7.154493866E0
2.364940608E2,1.076035980E0,5.858801910E0,-1.339795327E0,6.105609287E0
2.365040498E2,1.941287291E0,4.604305766E0,-1.057748448E0,5.107549286E0
2.365140378E2,2.603664266E0,4.067369401E0,-1.456766537E-1,4.831540452E0
2.365240268E2,4.674924051E0,3.713218167E0,1.732978918E0,6.216600354E0
2.365340148E2,5.842432630E0,2.703687029E0,2.181640453E0,6.797315474E0
2.365440038E2,5.349660285E0,1.919439170E0,5.456621647E-2,5.683844594E0
2.365539918E2,4.941056271E0,1.068200930E0,-1.928046271E0,5.410402270E0
2.365639798E2,2.730693564E0,-1.398359284E0,-8.488433661E-1,3.183179399E0
2.365739688E2,-1.368030800E0,-7.632676401E0,2.687821486E0,8.206926443E0
2.365839568E2,-6.993183966E0,-1.936827971E1,2.160264348E0,2.070511103E1
2.365939458E2,-5.674626896E0,-2.203194839E1,1.454089828E0,2.279742348E1
2.366039338E2,1.106112669E-1,-1.129014078E1,1.043103950E0,1.133876446E1
2.366139228E2,-1.047932581E0,-1.272932416E0,-1.554532567E0,2.266073946E0
2.366239108E2,8.033401877E-1,3.470425985E0,-1.387073135E0,3.822719432E0
2.366338998E2,1.702125354E0,6.092805142E0,1.983299536E0,6.629704538E0
2.366438878E2,6.141837115E-1,6.428334163E0,6.968119292E0,9.500283586E0
2.366538758E2,-3.512512197E0,5.937158108E0,1.267286198E0,7.013815128E0
2.366638648E2,-3.951276442E0,5.054881094E0,-9.268223895E0,1.127228382E1
2.366738528E2,-5.316980782E0,2.665653815E0,-1.183660869E1,1.324693550E1
2.366838418E2,-6.676604601E0,-1.577407460E0,-8.736399166E0,1.110810216E1
2.366938298E2,-5.770577951E0,-4.718187892E0,-5.201932136E0,9.089607517E0
2.367038188E2,-2.630478719E0,-6.205101503E0,-3.062545856E0,7.402829870E0
2.367138068E2,2.074675436E0,-6.412232686E0,1.462034147E0,6.896270733E0
2.367237958E2,4.844907580E0,-5.632375501E0,3.338405796E0,8.145043677E0
2.367337838E2,3.408720903E0,-4.671047055E0,-7.013951522E-1,5.824947548E0
2.367437718E2,1.519939124E0,-3.852507614E0,-2.747256387E0,4.969853873E0
2.367537608E2,-1.766731093E-1,-2.768425062E0,-1.973477967E0,3.404409787E0
2.367637488E2,-1.366999790E0,-1.718287350E0,-5.157034437E-1,2.255471100E0
2.367737378E2,-1.670545126E0,-1.454776729E0,6.124326897E-1,2.298297229E0
2.367837258E2,-1.468018772E0,-1.624596829E0,1.503693366E0,2.656216804E0
2.367937148E2,-6.236866795E-1,-1.859320437E0,1.641510485E0,2.557462460E0
2.368037028E2,5.340928638E-1,-1.674012818E0,1.940206141E0,2.617627546E0
2.368136918E2,1.356412675E0,-1.131438568E0,2.194274093E0,2.816886113E0
2.368236798E2,1.725681885E0,-4.033988231E-1,2.287431348E0,2.893622427E0
2.368336678E2,1.949753475E0,1.932726967E-1,2.308985939E0,3.028251808E0
2.368436568E2,2.404152151E0,6.505430871E-1,2.279251678E0,3.376113459E0
2.368536448E2,2.931791882E0,1.022349404E0,2.214448156E0,3.813709818E0
2.368636338E2,3.502516967E0,1.327114470E0,2.389089285E0,4.442589958E0
2.368736218E2,4.063981524E0,1.694108528E0,2.876243041E0,5.259156165E0
2.368836108E2,4.434019058E0,2.185237221E0,3.357446669E0,5.975636774E0
2.368935988E2,4.683789892E0,2.755222633E0,3.717890677E0,6.584212223E0
2.369035878E2,4.972054700E0,3.477185367E0,3.874725865E0,7.199003163E0
2.369135758E2,5.185404396E0,4.121660213E0,3.650086364E0,7.563043840E0
2.369235638E2,5.103157461E0,4.546064574E0,3.277688894E0,7.579720553E0
2.369335528E2,4.871698937E0,4.979346178E0,2.866816159E0,7.532992353E0
2.369435408E2,4.657150269E0,5.391387185E0,2.264075230E0,7.475435844E0
2.369535298E2,4.451859498E0,5.851312796E0,1.553140930E0,7.514596541E0
2.369635178E2,4.158121988E0,6.479648159E0,1.217570905E0,7.794760910E0
2.369735068E2,3.748229248E0,6.586996606E0,1.332229614E0,7.694971249E0
2.369834945E2,3.387426513E0,6.382196708E0,1.561722888E0,7.392298126E0
2.369934835E2,3.170193096E0,5.979394886E0,9.436868119E-1,6.833288540E0
2.370034715E2,2.824836659E0,4.221656372E0,2.669318265E-1,5.086584048E0
2.370134595E2,1.860388285E0,1.562530389E0,-5.231106234E-1,2.485194260E0
2.370234485E2,3.974446400E-1,-1.855754220E0,-5.052380240E-1,1.963937736E0
2.370334365E2,-4.246127408E-1,-6.012901770E0,1.620528336E0,6.241906421E0
2.370434255E2,-2.108314176E0,-1.166427020E1,3.898733655E0,1.247799311E1
2.370534135E2,-6.301896311E0,-1.585942289E1,1.732627939E0,1.715334344E1
2.370634025E2,-1.029374366E1,-1.410388410E1,-1.499791227E0,1.752512708E1
2.370733905E2,-9.436523718E0,-9.452517607E0,-4.286558712E-1,1.336345071E1
2.370833795E2,-6.235434519E0,-6.768190125E0,5.571151060E-1,9.219512918E0
2.370933675E2,-3.473218031E0,-5.918287389E0,1.519030613E-1,6.863850498E0
2.371033555E2,-8.327694433E-1,-5.647494062E0,-2.476529717E-2,5.708616946E0
2.371133445E2,5.978516342E-1,-6.534777462E0,5.029938626E-1,6.581317944E0
2.371233325E2,8.708205646E-1,-7.120703554E0,1.865217062E0,7.412272407E0
2.371333215E2,5.016115808E-1,-7.411033013E0,3.179022392E0,8.079678699E0
2.371433095E2,3.280191502E-1,-7.841059472E0,4.410940098E0,9.002566454E0
2.371532985E2,1.944570503E-1,-7.480255276E0,3.504432222E0,8.262752431E0
2.371632865E2,3.976802462E-1,-6.542207519E0,2.343524857E0,6.960656402E0
2.371732745E2,-1.804947764E-2,-5.516999996E0,2.099778410E0,5.903108004E0
2.371832635E2,-1.058586792E0,-3.420992455E0,7.799966410E-1,3.664995243E0
2.371932515E2,-1.875585637E0,-9.687883240E-1,3.921622288E-1,2.147129133E0
2.372032405E2,-2.556437182E0,8.371511275E-1,-1.806544054E-1,2.696076610E0
2.372132285E2,-2.914040904E0,2.739846795E0,-4.669387615E-1,4.026962461E0
2.372232175E2,-2.097011508E0,4.203127130E0,-1.972776886E0,5.094662264E0
2.372332055E2,-1.587176841E0,5.366925943E0,-3.090014321E0,6.393059746E0
2.372431945E2,-1.275295129E0,6.100357990E0,-3.636835989E0,7.215768932E0
2.372531825E2,-1.357614132E0,7.266603863E0,-3.803315574E0,8.313354148E0
2.372631715E2,-1.555509345E0,8.211993384E0,-3.528307866E0,9.072232419E0
2.372731595E2,-1.498077408E0,8.607747558E0,-3.178625658E0,9.297376781E0
2.372831475E2,-1.644970575E0,8.558506401E0,-2.750821434E0,9.138981265E0
2.372931365E2,-2.164437067E0,8.398656389E0,-2.373155038E0,8.991889778E0
2.373031245E2,-2.659989617E0,8.506916417E0,-1.874475836E0,9.108064083E0
2.373131135E2,-2.887898003E0,8.784287862E0,-1.425341553E0,9.356028360E0
2.373231015E2,-2.696734689E0,8.574986193E0,-1.200288363E0,9.068817914E0
2.373330905E2,-1.823931919E0,7.614469340E0,-1.276399522E0,7.933225493E0
2.373430785E2,-4.458290704E-1,6.276012442E0,-8.918249327E-1,6.354718518E0
2.373530675E2,2.843159823E-1,5.264576865E0,-1.084626344E-1,5.273364134E0
2.373630555E2,4.208715460E-1,4.772278145E0,5.027816087E-1,4.817111261E0
2.373730435E2,8.531211159E-1,4.226538797E0,5.812573823E-1,4.350782227E0
2.373830325E2,1.442079647E0,3.996353797E0,3.440004677E-2,4.248719895E0
2.373930205E2,1.173361642E0,4.363670037E0,-3.081979662E-2,4.518776781E0
2.374030095E2,1.026525632E0,4.308877534E0,1.783672670E-1,4.433057112E0
2.374129975E2,1.186336614E0,3.004908682E0,4.497567183E-1,3.261771276E0
2.374229865E2,5.543253263E-1,7.737041599E-1,1.699435634E0,1.947813176E0
2.374329745E2,-7.953861471E-1,-4.730594514E0,4.717559316E0,6.728040538E0
2.374429635E2,-1.720159044E0,-1.668654897E1,9.221349106E0,1.914244350E1
2.374529515E2,-1.602543909E0,-2.857025348E1,6.588117517E0,2.936376718E1
2.374629395E2,1.179952770E0,-2.250479635E1,1.734568045E0,2.260236433E1
2.374729285E2,2.771115950E0,-5.274279735E0,-4.722920336E0,7.602834132E0
2.374829165E2,2.019804288E0,2.011673734E0,-6.290895360E0,6.906649332E0
2.374929055E2,1.272622221E0,8.624164785E0,-7.071198687E0,1.122486688E1
2.375028935E2,-6.297037567E-1,1.216841830E1,-6.662060237E0,1.388704351E1
2.375128825E2,-3.531434956E0,1.191184482E1,-1.979852310E0,1.258105301E1
2.375228705E2,-5.066679021E0,7.513109027E0,-1.522753827E0,9.188951124E0
2.375328595E2,-5.484291841E0,3.118358699E0,-3.541264126E0,7.234788842E0
2.375428475E2,-7.471892588E0,-9.618622971E-1,-3.773015302E0,8.425556504E0
2.375528355E2,-9.454620266E0,-5.814000544E0,-3.195333492E0,1.155000445E1
2.375628245E2,-6.917301140E0,-1.091841691E1,-1.584749808E0,1.302199351E1
2.375728125E2,-2.141370678E0,-1.290832731E1,-8.571908511E-1,1.311278607E1
2.375828015E2,1.584113047E0,-1.215343423E1,-1.136523891E0,1.230882058E1
2.375927895E2,3.376726401E0,-7.788615210E0,-6.807838632E-1,8.516353371E0
2.376027785E2,2.196445456E0,-3.812210943E0,-2.526586561E0,5.073555417E0
2.376127665E2,8.268753769E-1,-1.877546209E0,-3.263773105E0,3.855012002E0
2.376227555E2,-5.271679698E-1,-1.044192263E0,-2.424000817E0,2.691472369E0
2.376327435E2,-1.330032815E0,-6.860625833E-1,-1.538844634E0,2.146558167E0
2.376427315E2,-1.307383479E0,-9.913281709E-1,-9.332442695E-1,1.887571978E0
2.376527205E2,-7.551760876E-1,-1.851265898E0,-4.294961160E-1,2.044980015E0
2.376627085E2,2.192852050E-1,-3.095173320E0,2.101372361E-1,3.110038832E0
2.376726975E2,1.029642417E0,-3.763334067E0,7.551485326E-1,3.974052858E0
2.376826855E2,1.591431129E0,-3.596318877E0,5.851571828E-1,3.975999426E0
2.376926745E2,1.914330750E0,-2.301285741E0,1.704296717E0,3.444590771E0
2.377026625E2,1.866557682E0,-5.074558729E-1,2.829478764E0,3.427462490E0
2.377126515E2,1.819732010E0,9.739765584E-1,3.237602137E0,3.839547177E0
2.377226395E2,2.103828046E0,2.014818951E0,3.165524679E0,4.301875678E0
2.377326275E2,2.424047741E0,2.828433867E0,2.784282126E0,4.650620662E0
2.377426165E2,2.866096952E0,3.565799335E0,2.454817836E0,5.191875119E0
2.377526045E2,3.558024293E0,4.187090557E0,2.751106778E0,6.144904613E0
2.377625935E2,4.071098170E0,4.536420177E0,3.408679973E0,6.983698697E0
2.377725815E2,4.702206282E0,4.869060674E0,4.198518355E0,7.965303016E0
2.377825705E2,5.300531394E0,5.167555186E0,4.483126899E0,8.654344946E0
2.377925585E2,5.775421785E0,5.328379344E0,4.381335061E0,8.996845010E0
2.378025465E2,6.025855107E0,5.309988096E0,4.030779279E0,8.986327668E0
2.378125355E2,6.041236793E0,4.913639846E0,3.799366364E0,8.664616742E0
2.378225235E2,5.701969646E0,4.456467104E0,3.457707707E0,8.020492471E0
2.378325125E2,5.088856925E0,4.248272313E0,3.072038226E0,7.306278212E0
2.378425005E2,4.356800436E0,4.218049809E0,2.774549435E0,6.668716428E0
2.378524895E2,3.675809435E0,4.300797266E0,2.478850477E0,6.176822146E0
2.378624775E2,3.160251076E0,4.330485334E0,2.415170206E0,5.879909626E0
2.378724665E2,2.741241356E0,4.381880606E0,2.457319860E0,5.723085069E0
2.378824545E2,2.210165948E0,3.799235387E0,2.378720418E0,4.997732873E0
2.378924435E2,2.280862294E0,1.767974065E0,1.811789591E0,3.407439892E0
2.379024315E2,1.995326673E0,-5.877510077E-1,5.711050811E-1,2.157067638E0
2.379124195E2,1.698628426E0,-3.045840361E0,-3.871448062E-1,3.508897710E0
2.379224085E2,2.029382319E0,-6.566003932E0,2.741927527E-2,6.872521521E0
2.379323965E2,6.064073898E-1,-1.119134623E1,1.638224788E0,1.132685926E1
2.379423855E2,-5.694938954E0,-1.333788599E1,2.013661788E0,1.464193861E1
2.379523735E2,-1.277765256E1,-1.131408162E1,3.562129623E0,1.743460970E1
2.379623625E2,-1.522303884E1,-7.793070204E0,3.430473130E0,1.744250557E1
2.379723505E2,-1.434589217E1,-5.405616969E0,1.364371613E0,1.539112819E1
2.379823400E2,-1.082791371E1,-4.722985532E0,4.395986429E-1,1.182131780E1
2.379923280E2,-5.757678409E0,-5.572434524E0,3.118708947E-1,8.018737471E0
2.380023160E2,-1.337004451E0,-6.482318582E0,4.522732137E-1,6.634198230E0
2.380123050E2,1.954801376E0,-6.688916498E0,1.796573235E0,7.196563606E0
2.380222930E2,4.398419455E0,-6.968344409E0,2.274076015E0,8.548411504E0
2.380322820E2,4.464196538E0,-8.118836129E0,2.842206983E0,9.691372006E0
2.380422700E2,3.325717631E0,-7.558534876E0,2.441299366E0,8.611143351E0
2.380522590E2,1.382789172E0,-6.508669059E0,1.691269413E0,6.865513167E0
2.380622470E2,-7.824566377E-1,-5.187722817E0,1.132880783E0,5.367320121E0
2.380722360E2,-1.804556877E0,-3.295984247E0,5.277410334E-1,3.794528729E0
2.380822240E2,-3.268979174E0,-2.014336556E0,-3.352284747E-1,3.854368266E0
2.380922120E2,-3.964838474E0,-6.888341635E-1,-1.436183168E0,4.272827954E0
2.381022010E2,-3.720810776E0,5.021939635E-1,-2.010358988E0,4.258893620E0
2.381121890E2,-3.390332580E0,1.422145758E0,-2.237056416E0,4.303635087E0
2.381221780E2,-3.158384060E0,2.144534753E0,-2.572005394E0,4.603219625E0
2.381321660E2,-2.859936033E0,3.346601838E0,-2.697095463E0,5.162683596E0
2.381421550E2,-2.391406975E0,4.593295459E0,-2.670166696E0,5.826403751E0
2.381521430E2,-2.405149686E0,5.933338122E0,-2.230598458E0,6.779735671E0
2.381621320E2,-2.165029829E0,6.953043416E0,-1.966315128E0,7.543113553E0
2.381721200E2,-2.319385797E0,7.592576780E0,-1.968633842E0,8.179382119E0
2.381821080E2,-2.783395103E0,8.190576788E0,-1.806038854E0,8.837115636E0
2.381920970E2,-3.216071812E0,8.621862152E0,-1.582237260E0,9.337189064E0
2.382020850E2,-3.468010208E0,8.562141030E0,-1.836402276E0,9.418584137E0
2.382120740E2,-3.462222927E0,8.190691978E0,-1.898269910E0,9.092736184E0
2.382220620E2,-3.259262271E0,7.580239155E0,-2.037224312E0,8.499005771E0
2.382320510E2,-2.930128056E0,6.707284357E0,-2.056515154E0,7.602800040E0
2.382420390E2,-1.992083515E0,5.744250863E0,-1.017998783E0,6.164506162E0
2.382520280E2,-6.433854374E-1,5.036990953E0,-4.537380874E-2,5.078117906E0
2.382620160E2,8.228636022E-1,4.618330897E0,1.257043777E0,4.856567084E0
2.382720050E2,1.978584779E0,4.330972407E0,1.682440410E0,5.050022322E0
2.382819930E2,2.906823978E0,3.853244948E0,1.031105610E0,4.935615570E0
2.382919810E2,3.236825042E0,2.810846611E0,6.390845910E-1,4.334319340E0
2.383019700E2,3.390757087E0,1.211241367E0,-2.008591667E-1,3.606200727E0
2.383119580E2,3.619965602E0,-2.531230420E-1,-1.381072284E0,3.882728794E0
2.383219470E2,3.765639625E0,-7.809377503E-1,-2.192280192E0,4.426736721E0
2.383319350E2,3.239568848E0,-5.416685164E-1,-2.230197047E0,3.970137274E0
2.383419240E2,1.238761580E0,-7.895898753E-1,-1.503186997E0,2.101797700E0
2.383519120E2,-1.264168755E0,-1.547415336E0,-1.084328136E-1,2.001093336E0
2.383619010E2,-2.712875928E0,-3.997066573E0,3.526305194E0,5.980891682E0
2.383718890E2,-3.272749166E0,-8.327382338E0,6.557710242E0,1.109322980E1
2.383818770E2,-5.957903445E-2,-1.180276267E1,7.421574374E0,1.394232845E1
2.383918660E2,4.506734155E0,-8.870761750E0,6.895431384E-1,9.973792484E0
2.384018540E2,6.366465359E0,-3.674573919E0,-3.975603783E0,8.357021006E0
2.384118430E2,2.109610503E0,-1.162089087E0,-6.304552116E0,6.748946948E0
2.384218310E2,-1.913803039E0,1.001416957E0,-8.462774032E0,8.734072493E0
2.384318200E2,-3.392501020E0,2.776948548E0,-3.683235399E0,5.725969735E0
2.384418080E2,-3.966905173E0,2.671104004E0,1.850599754E0,5.127948196E0
2.384517970E2,-6.618172206E0,1.518216096E0,8.105117977E-1,6.838282886E0
2.384617850E2,-7.288182428E0,3.885363704E-1,-4.024422187E0,8.334538832E0
2.384717730E2,-7.154998058E0,-1.120199050E0,-5.389513153E0,9.027496616E0
2.384817620E2,-5.156701584E0,-3.114614727E0,-3.189719873E0,6.816649396E0
2.384917500E2,-2.211306594E0,-5.211695817E0,-7.552890851E-1,5.711576992E0
2.385017390E2,5.277643127E-1,-5.939658378E0,-1.569855927E0,6.166240706E0
2.385117270E2,1.717749114E0,-6.188831041E0,-4.600754167E0,7.900584192E0
2.385217160E2,8.931724235E-1,-6.152249690E0,-6.207907582E0,8.785559161E0
2.385317040E2,4.154825328E-1,-4.746785454E0,-4.726265236E0,6.711347179E0
2.385416930E2,-4.384169206E-3,-3.191823701E0,-2.414956344E0,4.002470725E0
2.385516810E2,-8.743241432E-1,-2.052923502E0,-9.607330535E-1,2.429392025E0
2.385616700E2,-1.540290212E0,-1.633779881E0,-1.017160439E0,2.465024542E0
2.385716580E2,-1.803739583E0,-1.804927298E0,-1.400218553E0,2.910644436E0
2.385816460E2,-7.877613048E-1,-2.076786574E0,-1.073824782E0,2.467125860E0
2.385916350E2,5.533388279E-1,-2.357906084E0,-8.667544840E-1,2.572385721E0
2.386016230E2,1.660457656E0,-2.153631266E0,-7.521857484E-1,2.821529844E0
2.386116120E2,2.373976718E0,-1.301169205E0,-7.356691915E-1,2.805354864E0
2.386216000E2,2.422898178E0,9.378290713E-2,-1.831142120E0,3.038472031E0
2.386315890E2,2.776736879E0,1.839200168E0,-1.032797794E0,3.487061261E0
2.386415770E2,2.984123877E0,3.362909138E0,5.011028365E-1,4.523854246E0
2.386515660E2,3.195958267E0,4.381808100E0,1.136071901E0,5.541213842E0
2.386615540E2,3.600550215E0,4.858262621E0,1.768819572E0,6.300428574E0
2.386715420E2,4.346050330E0,4.722103772E0,2.950960516E0,7.063609946E0
2.386815310E2,4.673252040E0,4.113872307E0,4.626759074E0,7.756940731E0
2.386915190E2,4.636819793E0,3.189008267E0,5.809026902E0,8.087933300E0
2.387015080E2,5.016570722E0,1.998647307E0,6.478100985E0,8.433644837E0
2.387114960E2,5.997655156E0,1.886101270E0,7.023685967E0,9.426633011E0
2.387214850E2,6.728398068E0,2.403896189E0,7.135851935E0,1.009804141E1
2.387314730E2,6.903683560E0,3.119064458E0,6.984263454E0,1.030385102E1
2.387414620E2,6.885254890E0,4.248843001E0,6.176414478E0,1.017877682E1
2.387514500E2,6.749393665E0,5.506405426E0,5.001211841E0,1.004424887E1
2.387614390E2,6.758451587E0,6.278653044E0,4.032709445E0,1.006781493E1
2.387714270E2,6.476019377E0,6.282921512E0,3.268209972E0,9.596620557E0
2.387814150E2,6.096946725E0,6.154682132E0,2.609118841E0,9.047672222E0
2.387914040E2,6.007118289E0,5.314797431E0,1.838674504E0,8.228807071E0
2.388013920E2,5.760749366E0,3.048875651E0,6.245141336E-1,6.547663240E0
2.388113810E2,5.127461413E0,-4.960795301E-1,6.309701174E-2,5.151789657E0
2.388213690E2,4.446742600E0,-4.107620464E0,1.215156662E0,6.174355945E0
2.388313580E2,4.439209339E0,-8.611604381E0,3.823309543E0,1.041556554E1
2.388413460E2,2.374704550E0,-1.584750042E1,5.674669581E0,1.699954018E1
2.388513350E2,-5.809098823E0,-1.986910542E1,3.573374988E0,2.100704615E1
2.388613230E2,-1.148606694E1,-1.578082111E1,4.021802634E0,1.992834527E1
2.388713110E2,-1.197197290E1,-9.948770800E0,4.860405625E0,1.630735167E1
2.388813000E2,-1.054158140E1,-5.149084416E0,3.719959422E0,1.230756300E1
2.388912880E2,-8.955310734E0,-2.556234283E0,2.111422263E0,9.549346995E0
2.389012770E2,-7.607656749E0,-1.504386846E0,-1.833593273E-1,7.757141332E0
2.389112650E2,-5.451255657E0,-1.807498319E0,-1.531927232E0,5.943907760E0
2.389212540E2,-4.314546409E0,-3.313934029E0,-4.442626745E-1,5.458464875E0
2.389312420E2,-4.036150239E0,-5.064416149E0,2.101191682E0,6.808364427E0
2.389412310E2,-3.798635463E0,-5.959568732E0,3.066231064E0,7.703756472E0
2.389512190E2,-2.278225930E0,-5.977069448E0,3.092693808E0,7.104957957E0
2.389612080E2,-2.042469411E0,-5.671568218E0,2.171683083E0,6.407384393E0
2.389711960E2,-1.523385180E0,-4.412292559E0,1.532717483E0,4.913069399E0
2.389811836E2,-1.463162221E0,-3.227476514E0,1.515143968E0,3.853973220E0
2.389911726E2,-1.646457375E0,-2.123421627E0,9.072174355E-1,2.835980389E0
2.390011606E2,-2.110531440E0,-9.941769344E-1,5.549916896E-1,2.398071415E0
2.390111496E2,-1.972642400E0,-3.504294813E-2,-1.888144872E-1,1.981967951E0
2.390211376E2,-1.708205435E0,8.095616251E-1,-1.375736407E0,2.337949207E0
2.390311266E2,-1.483124908E0,1.504942331E0,-2.334962779E0,3.149057334E0
2.390411146E2,-1.689700897E0,2.423073303E0,-2.466056477E0,3.848091462E0
2.390511036E2,-2.167332170E0,3.652564414E0,-2.473547637E0,4.914976444E0
2.390610916E2,-2.905651027E0,5.100608075E0,-1.968141214E0,6.191331881E0
2.390710806E2,-3.179391059E0,6.110575415E0,-1.733018533E0,7.102887627E0
2.390810686E2,-3.337305350E0,6.482373546E0,-1.683385612E0,7.482817712E0
2.390910566E2,-3.035011902E0,7.078607694E0,-1.269290477E0,7.805708325E0
2.391010456E2,-2.416341988E0,7.951965950E0,-7.709097755E-1,8.346662384E0
2.391110336E2,-2.180546877E0,9.120975802E0,-4.423067808E-1,9.388430090E0
2.391210226E2,-2.160851408E0,1.031469540E1,-2.305966437E-2,1.053863140E1
2.391310106E2,-1.935093628E0,1.091904841E1,1.287439942E-1,1.108994051E1
2.391409996E2,-5.378017161E-1,1.029999199E1,5.807551065E-1,1.033036022E1
2.391509876E2,9.836466837E-1,8.939191130E0,5.446552742E-1,9.009625310E0
2.391609766E2,1.845430084E0,7.613350768E0,1.537579443E0,7.983287083E0
2.391709646E2,2.454680719E0,6.608671065E0,2.493758246E0,7.477888797E0
2.391809526E2,4.150403664E0,5.115125542E0,3.234966797E0,7.338621809E0
2.391909416E2,6.032043800E0,2.784458127E0,1.649649224E0,6.845443889E0
2.392009296E2,7.229567015E0,3.581103837E-1,1.902277592E-1,7.240930111E0
2.392109186E2,7.647893779E0,-1.723981369E0,-1.030172686E0,7.907189563E0
2.392209066E2,5.951960919E0,-2.753857309E0,-1.852874174E0,6.814888962E0
2.392308956E2,2.280178754E0,-4.274050348E0,1.087318402E0,4.964774198E0
2.392408836E2,-2.081833013E0,-1.045758615E1,5.820086911E0,1.214777957E1
2.392508726E2,-7.025910832E0,-1.826487269E1,8.284414074E-1,1.958712109E1
2.392608606E2,-7.625434624E0,-1.364822345E1,1.143258714E0,1.567572318E1
2.392708496E2,-2.546295479E0,-6.205305571E0,-4.543245631E-1,6.722785784E0
2.392808376E2,-2.524313529E-1,-3.697846422E0,2.638015196E-2,3.706546325E0
2.392908256E2,-1.652737724E0,1.436979559E0,1.377636460E0,2.587341193E0
2.393008146E2,-1.652147155E0,2.698881787E0,-9.952966762E-1,3.317253170E0
2.393108026E2,-3.273084211E0,3.490367914E0,2.868912971E-1,4.793543058E0
2.393207916E2,-4.742289238E0,3.632240077E0,-1.187465126E0,6.090365229E0
2.393307796E2,-5.134901994E0,1.535016316E0,-7.658563778E0,9.347571488E0
2.393407686E2,-5.651012331E0,-9.284752804E-1,-9.480206512E0,1.107566351E1
2.393507566E2,-5.322357881E0,-3.429083247E0,-7.386453073E0,9.728607009E0
2.393607456E2,-5.729898287E0,-6.995597697E0,-5.851038562E0,1.077055123E1
2.393707336E2,-4.868903676E0,-1.124360747E1,-4.767208024E0,1.314728886E1
2.393807226E2,-1.501812609E0,-1.184032401E1,-4.238093480E0,1.266531287E1
2.393907106E2,2.468795605E0,-9.357053041E0,-1.816684441E0,9.846305688E0
2.394006986E2,3.619899236E0,-5.219017115E0,3.763466799E-1,6.362660368E0
2.394106876E2,2.625528174E0,-1.685440616E0,7.423676156E-1,3.207057521E0
2.394206756E2,1.034625049E0,-2.895482719E-2,6.487824905E-1,1.221558878E0
2.394306646E2,-1.448638907E0,2.689736742E-1,4.166087797E-1,1.531164392E0
2.394406526E2,-1.846983397E0,-1.050290324E0,2.850378028E-1,2.143759311E0
2.394506416E2,-8.282133660E-1,-2.501670406E0,4.239231348E-2,2.635543456E0
2.394606296E2,-2.481686231E-1,-2.978297419E0,-6.072778209E-1,3.049693351E0
2.394706186E2,6.187504600E-1,-2.379999788E0,5.189543859E-1,2.513277696E0
2.394806066E2,1.356365459E0,-1.025875275E0,1.852406690E0,2.514668543E0
2.394905956E2,1.313583428E0,4.707733655E-1,2.207982305E0,2.611956134E0
2.395005836E2,1.177154585E0,2.013478185E0,2.614217613E0,3.503415625E0
2.395105716E2,1.490435974E0,3.118327709E0,3.018042113E0,4.588457833E0
2.395205606E2,1.807188124E0,3.706943520E0,3.232934890E0,5.240155263E0
2.395305486E2,2.434438828E0,4.022777950E0,3.169278592E0,5.670411064E0
2.395405376E2,3.177366461E0,4.183621988E0,3.255307506E0,6.180240895E0
2.395505256E2,3.810860821E0,4.385603528E0,3.700922642E0,6.888614295E0
2.395605146E2,4.444185612E0,4.647374017E0,4.343421130E0,7.759779515E0
2.395705026E2,4.942281262E0,5.133543102E0,5.078856432E0,8.750668061E0
2.395804916E2,5.294299432E0,5.595969567E0,5.821346986E0,9.655701041E0
2.395904796E2,5.351700379E0,5.714565718E0,6.003563182E0,9.866089862E0
2.396004686E2,5.338513738E0,5.666274149E0,5.328161243E0,9.433752906E0
2.396104566E2,5.544828649E0,5.736657668E0,4.101649872E0,8.970947421E0
2.396204446E2,5.684466591E0,6.047543600E0,2.697042253E0,8.726968599E0
2.396304336E2,5.213323681E0,5.949856507E0,2.128263706E0,8.192010904E0
2.396404216E2,4.212133597E0,5.880013855E0,1.943938419E0,7.489694850E0
2.396504106E2,3.497208864E0,5.878664317E0,1.699855172E0,7.048309840E0
2.396603986E2,2.984423839E0,5.624523275E0,1.319756334E0,6.502599826E0
2.396703876E2,2.992390963E0,4.786497989E0,5.789515328E-1,5.674517737E0
2.396803756E2,3.103503848E0,2.390083312E0,-7.507093996E-1,3.988458220E0
2.396903646E2,1.663814104E0,-1.230838895E0,-1.862894402E0,2.784531794E0
2.397003526E2,1.447218911E0,-4.525718603E0,-9.507300755E-1,4.845663951E0
2.397103416E2,2.676549809E0,-9.743172172E0,2.650339665E0,1.044593812E1
2.397203296E2,4.606407255E-1,-1.767873844E1,3.982559631E0,1.812762433E1
2.397303176E2,-7.470590413E0,-1.956226108E1,2.167414323E0,2.105206557E1
2.397403066E2,-1.205228207E1,-1.316240637E1,3.866330725E0,1.826074910E1
2.397502946E2,-1.124389048E1,-6.629035748E0,4.201956810E0,1.371224376E1
2.397602836E2,-8.995437251E0,-3.230648044E0,1.896714843E0,9.744357615E0
2.397702716E2,-5.656525671E0,-2.051034266E0,-1.927827001E-3,6.016895208E0
2.397802606E2,-2.670495602E0,-2.506886122E0,-1.248515028E0,3.869730554E0
2.397902486E2,-2.237838188E0,-4.531840053E0,9.270000279E-2,5.055105074E0
2.398002376E2,-1.439143906E0,-6.982677104E0,2.026655470E0,7.411899023E0
2.398102256E2,6.872086376E-2,-8.559127375E0,2.736672342E0,8.986253918E0
2.398202146E2,7.454524603E-1,-9.054221649E0,2.952645684E0,9.552630296E0
2.398302026E2,1.314623940E0,-7.972862729E0,3.090110216E0,8.651217102E0
2.398401906E2,2.321373850E-1,-6.826093347E0,2.426228460E0,7.248173749E0
2.398501796E2,-1.836781467E-1,-5.124191065E0,1.360163225E0,5.304820047E0
2.398601676E2,-5.072941974E-1,-3.981471464E0,-2.047449338E-1,4.018878315E0
2.398701566E2,-1.310977324E0,-1.812193049E0,-1.522710850E0,2.705799978E0
2.398801446E2,-1.519767070E0,3.005112165E-1,-2.430515639E0,2.882256964E0
2.398901336E2,-1.958782453E0,1.760888994E0,-3.047307428E0,4.027858153E0
2.399001216E2,-2.407487842E0,3.382375104E0,-3.648698235E0,5.527156399E0
2.399101106E2,-2.622014290E0,5.145320563E0,-4.055012480E0,7.056373633E0
2.399200986E2,-2.879881178E0,6.823489582E0,-4.090363869E0,8.460780239E0
2.399300876E2,-3.099633576E0,7.992808751E0,-3.818777366E0,9.384869771E0
2.399400756E2,-3.556425079E0,8.902478802E0,-3.435884728E0,1.018369246E1
2.399500636E2,-4.240808927E0,9.811548343E0,-2.551126741E0,1.098904859E1
2.399600526E2,-4.824939923E0,9.772022334E0,-1.903571873E0,1.106327491E1
2.399700406E2,-5.157734202E0,9.741965892E0,-1.208695489E0,1.108914182E1
2.399800296E2,-5.267449602E0,9.762670882E0,-5.774771574E-1,1.110807130E1
2.399900173E2,-4.514216252E0,9.861418076E0,-3.348831967E-1,1.085070788E1
2.400000063E2,-3.415075657E0,9.186837670E0,-3.069332135E-1,9.805862334E0
2.400099943E2,-1.943776158E0,8.073572833E0,-3.812139022E-1,8.313011974E0
2.400199833E2,-5.386071336E-2,7.038640221E0,-1.682901755E-1,7.040857811E0
2.400299713E2,1.528015444E0,6.146472641E0,-7.704408288E-2,6.334026596E0
2.400399603E2,2.654619534E0,5.904310790E0,-5.721061975E-2,6.473883211E0
2.400499482E2,3.215347342E0,6.004110482E0,5.295861223E-1,6.831417325E0
2.400599373E2,3.319192723E0,6.401939832E0,8.511989169E-1,7.261295583E0
2.400699253E2,3.222632096E0,6.765431408E0,3.294195583E-1,7.500995735E0
2.400799133E2,2.214201989E0,5.628409334E0,-4.540737176E-1,6.065300077E0
2.400899023E2,8.655566087E-1,2.477503279E0,6.875200018E-1,2.712912548E0
2.400998903E2,-3.183534835E-3,-7.225075768E0,6.335147088E0,9.609152856E0
2.401098793E2,-9.535946265E-1,-2.721914671E1,1.084478409E1,2.931553568E1
2.401198673E2,1.376450644E0,-4.026620506E1,5.835986660E0,4.071020298E1
2.401298563E2,7.392620131E0,-2.448376076E1,-9.609848639E0,2.732132069E1
2.401398442E2,7.419026157E0,-1.027922035E1,-1.012989649E1,1.622711074E1
2.401498333E2,-2.306526015E0,1.026345976E0,-4.438503288E0,5.106247131E0
2.401598213E2,-8.569293929E0,8.183281801E0,-5.000098531E0,1.286078865E1
2.401698093E2,-4.945525882E0,1.117185979E1,5.562332289E0,1.342416545E1
2.401797983E2,-8.610945400E0,1.038272425E1,1.422852101E1,1.960612541E1
2.401897863E2,-1.260244776E1,1.001780537E1,-2.378532722E0,1.627376821E1
2.401997753E2,-1.092595514E1,7.978586569E0,-7.773165697E0,1.560309086E1
2.402097633E2,-1.265694849E1,2.596906931E0,-5.077233245E0,1.388238337E1
2.402197523E2,-1.159239038E1,-7.405205678E0,-6.983625523E0,1.542697674E1
2.402297402E2,-8.597645323E0,-1.482295831E1,-6.103759900E0,1.819053279E1
2.402397293E2,-1.323009140E0,-1.636524564E1,-6.660625330E0,1.771822643E1
2.402497173E2,9.023600950E0,-1.543236331E1,-4.343179055E0,1.839691322E1
2.402597062E2,1.032330601E1,-1.067899682E1,-2.055888186E0,1.499460891E1
2.402696943E2,6.129332698E0,-3.721459233E0,-2.684591192E0,7.656696939E0
2.402796833E2,3.135130560E0,4.392428398E-2,-1.821710562E0,3.626238043E0
2.402896713E2,-1.214934103E-1,1.381289508E0,1.254402443E-1,1.392284672E0
2.402996593E2,-2.000300023E0,1.559393358E0,1.492851459E0,2.943044903E0
2.403096483E2,-3.079424721E0,7.520431495E-1,1.521474749E0,3.516150014E0
2.403196363E2,-2.361174093E0,-3.520538378E-1,3.885099848E-1,2.418682495E0
2.403296253E2,-1.168999034E0,-1.499970444E0,-1.079892438E0,2.186924268E0
2.403396132E2,1.067811944E-1,-1.757302312E0,-2.615026502E-1,1.779858779E0
2.403496023E2,1.321276318E0,-1.007721425E0,1.594373156E0,2.302889345E0
2.403595903E2,1.528261612E0,4.110294396E-1,2.360054351E0,2.841546286E0
2.403695792E2,1.365366078E0,1.807227008E0,3.393359098E0,4.079850482E0
2.403795673E2,1.254483573E0,3.080737714E0,3.818946351E0,5.064486660E0
2.403895563E2,1.522971636E0,4.090579339E0,3.800328816E0,5.787467584E0
2.403995443E2,2.004788053E0,4.572611518E0,3.590485110E0,6.149758902E0
2.404095323E2,2.658470510E0,4.756193624E0,3.553510827E0,6.505096651E0
2.404195213E2,3.453016778E0,4.820762088E0,3.725006154E0,7.002766797E0
2.404295092E2,4.088998252E0,4.720575895E0,3.857425708E0,7.340536531E0
2.404394983E2,4.698994991E0,4.661108542E0,3.971505470E0,7.718765605E0
2.404494863E2,5.277367650E0,4.590002891E0,3.917642673E0,8.016648924E0
2.404594752E2,5.513016872E0,4.492770127E0,3.623789681E0,7.981866330E0
2.404694633E2,5.600951979E0,4.394840959E0,2.858582695E0,7.671817591E0
2.404794523E2,5.972466520E0,4.402024848E0,2.251403144E0,7.753515023E0
2.404894403E2,5.457006978E0,4.285135499E0,2.767380164E0,7.469919972E0
2.404994293E2,4.192947420E0,3.997051955E0,2.476808045E0,6.300143688E0
2.405094173E2,3.152849378E0,3.633178555E0,2.679146265E0,5.506202895E0
2.405194052E2,2.174352337E0,3.278411025E0,3.437616674E0,5.224269837E0
2.405293943E2,1.475540484E0,2.972793435E0,4.108629693E0,5.281624607E0
2.405393823E2,1.386029553E0,2.690546581E0,3.964641423E0,4.987835246E0
2.405493712E2,1.400691154E0,1.581732060E0,3.605950996E0,4.179317480E0
2.405593593E2,-3.434195833E-1,-8.620941800E-1,2.680402247E0,2.836494243E0
2.405693483E2,-2.583691639E0,-3.647108377E0,1.196011709E0,4.626803001E0
2.405793363E2,-2.918473679E0,-7.317754136E0,2.411044995E0,8.238941205E0
2.405893253E2,-5.174219842E0,-1.537898876E1,3.551826536E0,1.661027748E1
2.405993133E2,-8.858892487E0,-2.176229819E1,1.504607286E0,2.354445671E1
2.406093023E2,-8.748045650E0,-1.646394196E1,3.466789310E0,1.896334137E1
2.406192903E2,-7.110836377E0,-8.141444389E0,4.830266737E0,1.183970386E1
2.406292793E2,-5.711067914E0,-3.807101646E0,3.156336657E0,7.554652921E0
2.406392672E2,-3.941144972E0,-1.830049860E0,1.431484638E0,4.575025076E0
2.406492553E2,-4.218792990E0,-1.423850221E0,8.891296586E-1,4.540497252E0
2.406592443E2,-4.075830322E0,-1.623643148E0,2.482376933E0,5.040913124E0
2.406692323E2,-2.766378536E0,-1.983993015E0,3.439646827E0,4.839447157E0
2.406792213E2,-1.267327567E0,-2.675570108E0,3.336493757E0,4.460603676E0
2.406892093E2,4.024017267E-1,-3.371401049E0,2.920730119E0,4.478720422E0
2.406991983E2,1.585398849E0,-3.658460162E0,1.007288731E0,4.112475028E0
2.407091863E2,1.161341521E0,-3.442424839E0,-4.900071967E-1,3.665939164E0
2.407191753E2,-6.244748841E-1,-2.670523376E0,-1.230321124E0,3.005886566E0
2.407291632E2,-2.572786289E0,-1.321729769E0,-1.644160443E0,3.327080167E0
2.407391523E2,-3.501908272E0,1.557429278E-1,-1.650566068E0,3.874530390E0
2.407491403E2,-3.487522659E0,1.487726959E0,-1.949165245E0,4.263260601E0
2.407591292E2,-3.093058382E0,2.747072200E0,-2.379886937E0,4.772554626E0
2.407691173E2,-2.503048595E0,3.969108696E0,-2.770412530E0,5.449244140E0
2.407791053E2,-1.824849347E0,5.270080850E0,-2.912871169E0,6.291950870E0
2.407890943E2,-1.166727976E0,6.295921626E0,-2.968605659E0,7.057797309E0
2.407990823E2,-1.258255758E0,7.853269628E0,-2.679463476E0,8.392650113E0
2.408090713E2,-1.886147901E0,8.142950631E0,-2.463589537E0,8.714038805E0
2.408190592E2,-2.969383339E0,8.386342737E0,-2.033894031E0,9.126045521E0
2.408290483E2,-4.183608247E0,9.068809283E0,-1.620097396E0,1.011783551E1
2.408390363E2,-4.872826281E0,9.669714772E0,-1.290988618E0,1.090479121E1
2.408490252E2,-4.694563971E0,9.117860405E0,-1.588208436E0,1.037770279E1
2.408590133E2,-3.699694434E0,7.821489426E0,-2.386530544E0,8.975464544E0
2.408690023E2,-1.976041094E0,6.534877449E0,-2.870387931E0,7.405976543E0
2.408789903E2,-4.074224750E-2,5.745417382E0,-2.563689191E0,6.291580334E0
2.408889793E2,1.695846029E0,5.307137579E0,-1.124866443E0,5.683918327E0
2.408989673E2,3.215222504E0,4.820143452E0,8.737789634E-1,5.859601380E0
2.409089552E2,5.498568403E0,4.279260802E0,2.127453574E0,7.285079697E0
2.409189443E2,6.380716778E0,3.506127330E0,6.700739568E-1,7.311325089E0
2.409289323E2,5.435050099E0,2.077049698E0,-9.441902572E-1,5.894522904E0
2.409389212E2,4.198663658E0,-4.420945269E-1,1.191241989E0,4.386716490E0
2.409489093E2,2.377122374E0,-8.288679618E0,8.692143345E0,1.224362187E1
2.409588983E2,1.219737079E0,-2.417584170E1,9.229558012E0,2.590644363E1
2.409688863E2,9.462315202E-2,-3.328970495E1,1.529550923E0,3.332495965E1
2.409788753E2,2.871135498E0,-1.980796693E1,-2.409131202E0,2.015943665E1
2.409888631E2,-2.008463028E0,-3.548794463E0,-4.322797415E0,5.942595676E0
2.409988521E2,-5.178318740E0,5.197586485E0,-4.435330589E0,8.573333522E0
2.410088401E2,-3.514145909E0,1.018563917E1,3.942602098E-1,1.078201780E1
2.410188281E2,-5.447331591E0,1.119400203E1,8.648744141E0,1.515849195E1
2.410288171E2,-9.161932039E0,7.526151826E0,3.177221450E0,1.227512510E1
2.410388051E2,-9.365430931E0,4.476237125E0,-5.141757855E0,1.158385381E1
2.410487941E2,-9.812495592E0,4.748167151E-1,-7.374273908E0,1.228374684E1
2.410587821E2,-1.147966074E1,-5.884374708E0,-7.233414482E0,1.478954906E1
2.410687711E2,-1.140629806E1,-9.971165636E0,-4.049832432E0,1.568212110E1
2.410787591E2,-6.125615038E0,-1.081502527E1,-3.056692209E0,1.279966009E1
2.410887481E2,6.884447390E-1,-1.077058293E1,-3.661618828E0,1.139679188E1
2.410987361E2,5.359884142E0,-9.522788275E0,-2.908276427E0,1.130795854E1
2.411087251E2,4.741461857E0,-5.407014454E0,-2.082192324E0,7.486841171E0
2.411187131E2,4.516751605E0,-2.001932858E0,-2.640539439E0,5.601895104E0
2.411287021E2,2.505673702E0,-4.894230598E-1,-8.241200957E-1,2.682742918E0
2.411386901E2,4.624440799E-1,1.649090230E-1,1.409260833E0,1.492335622E0
2.411486781E2,-1.649761929E-1,5.002234519E-2,1.953457101E0,1.961049215E0
2.411586671E2,-1.060868376E-1,-5.118266666E-1,8.988456845E-1,1.039780995E0
2.411686551E2,6.468018924E-1,-1.122297615E0,-1.215332079E0,1.776214145E0
2.411786441E2,2.253287994E0,-1.378167095E0,-5.531699896E-1,2.698638242E0
2.411886321E2,3.518970739E0,-1.220742508E0,7.350604963E-1,3.796535429E0
2.411986211E2,4.343565263E0,-1.033910519E-1,1.575374383E0,4.621585589E0
2.412086091E2,4.563146338E0,1.781934292E0,2.216084207E0,5.376674022E0
2.412185981E2,4.426458609E0,3.396037123E0,2.541274767E0,6.130634665E0
2.412285861E2,4.313038412E0,4.444635848E0,3.057154723E0,6.906756342E0
2.412385751E2,4.428002273E0,4.719843823E0,3.735500736E0,7.472489251E0
2.412485631E2,4.619083434E0,4.544292283E0,4.301065654E0,7.777254649E0
2.412585521E2,5.059625525E0,4.452304471E0,4.693648882E0,8.212987604E0
2.412685401E2,5.564882845E0,4.156431266E0,5.435434846E0,8.819738880E0
2.412785281E2,5.635960429E0,4.034909168E0,6.129964782E0,9.253162172E0
2.412885171E2,5.586250910E0,3.875643877E0,6.723322685E0,9.561897438E0
2.412985051E2,5.510619514E0,3.605353995E0,6.996523311E0,9.608165449E0
2.413084941E2,5.485817379E0,3.241216886E0,6.685112300E0,9.235280488E0
2.413184821E2,5.424464300E0,2.857054818E0,6.084019700E0,8.637295345E0
2.413284711E2,5.138219705E0,2.624858376E0,4.592604318E0,7.374496433E0
2.413384591E2,5.023277478E0,2.777519821E0,3.548895035E0,6.748524946E0
2.413484481E2,4.692825009E0,3.234627659E0,3.088680571E0,6.482697766E0
2.413584361E2,4.286099705E0,3.489700747E0,3.165372652E0,6.369320687E0
2.413684251E2,4.154969462E0,2.922004520E0,3.506947110E0,6.172565081E0
2.413784131E2,3.566870253E0,1.250281472E0,2.515490885E0,4.540205012E0
2.413884021E2,1.525035411E0,-1.159796979E0,-2.630990132E-1,1.933929452E0
2.413983901E2,-1.054046502E0,-3.798639556E0,-2.320931801E0,4.574647629E0
2.414083781E2,-3.061540135E0,-7.560061584E0,-1.136501087E0,8.235240972E0
2.414183671E2,-6.014553609E0,-1.220909270E1,3.517929935E0,1.405747597E1
2.414283551E2,-1.079432262E1,-1.477927026E1,5.403369884E0,1.908246934E1
2.414383441E2,-1.433927897E1,-1.189971418E1,2.803614190E0,1.884352333E1
2.414483321E2,-1.470946269E1,-5.598947554E0,-2.891331196E-2,1.573903880E1
2.414583211E2,-1.379170126E1,-1.510966133E0,-1.297301856E0,1.393474199E1
2.414683091E2,-1.199623066E1,-1.529593023E0,-9.677443036E-1,1.213201278E1
2.414782981E2,-9.219158154E0,-3.278369510E0,1.108268976E0,9.847275960E0
2.414882861E2,-6.407532109E0,-4.906454203E0,1.567078646E0,8.221039840E0
2.414982751E2,-3.419666891E0,-5.221812669E0,1.614030325E0,6.447212040E0
2.415082631E2,-1.465094434E0,-5.994084261E0,2.570918104E0,6.684696532E0
2.415182511E2,4.893655378E-1,-7.712300860E0,1.574265458E0,7.886531235E0
2.415282401E2,1.618566303E0,-8.440896090E0,3.565757820E-1,8.602071260E0
2.415382281E2,1.302816219E0,-7.679579256E0,-4.808267757E-1,7.804131088E0
2.415482171E2,5.394389731E-1,-5.714865096E0,-5.454180434E-1,5.766121600E0
2.415582051E2,-7.833870759E-1,-3.801364943E0,-6.934815305E-1,3.942713199E0
2.415681941E2,-1.898468277E0,-1.848870878E0,-9.768431559E-1,2.824310159E0
2.415781821E2,-2.484961987E0,-5.461884141E-2,-1.053992489E0,2.699799893E0
2.415881711E2,-2.483099941E0,1.721431983E0,-1.731435399E0,3.482381646E0
2.415981591E2,-2.252504613E0,3.178083914E0,-2.228482351E0,4.487775394E0
2.416081481E2,-2.022080462E0,4.244939400E0,-2.730189826E0,5.437118391E0
2.416181361E2,-1.897533892E0,4.979784134E0,-2.814175139E0,6.026480449E0
2.416281251E2,-1.940429212E0,5.748064417E0,-2.544057164E0,6.578581680E0
2.416381131E2,-2.030285422E0,6.629418156E0,-2.198701897E0,7.273619045E0
2.416481021E2,-2.244160783E0,7.453610684E0,-1.917318385E0,8.016774890E0
2.416580901E2,-2.800892311E0,8.070546314E0,-1.862609204E0,8.743456330E0
2.416680781E2,-3.268968356E0,8.469029383E0,-1.928048610E0,9.280516378E0
2.416780671E2,-3.214183454E0,8.990469457E0,-2.012436503E0,9.757531297E0
2.416880551E2,-3.192398775E0,9.323668948E0,-2.185608519E0,1.009450827E1
2.416980441E2,-3.681622445E0,9.382244015E0,-2.205075362E0,1.031713158E1
2.417080321E2,-3.859880369E0,9.412316245E0,-2.142177887E0,1.039611945E1
2.417180211E2,-3.647862668E0,8.781657785E0,-2.005754890E0,9.718408726E0
2.417280091E2,-2.248325754E0,8.090666583E0,-1.966877192E0,8.624526674E0
2.417379981E2,3.246615328E-2,7.105093242E0,-1.029904738E0,7.179422525E0
2.417479861E2,2.546204847E0,6.371235518E0,6.447919120E-1,6.891411884E0
2.417579751E2,5.420278863E0,5.728110793E0,4.284911551E0,8.975028869E0
2.417679631E2,8.514151762E0,3.801110589E0,2.991206902E0,9.792167311E0
2.417779521E2,1.188379572E1,1.996775029E0,-3.032395273E0,1.242606665E1
2.417879401E2,1.190976204E1,-1.761968390E0,-2.714334224E0,1.234157910E1
2.417979281E2,7.357961930E0,-1.000835276E1,4.812761343E0,1.332176416E1
2.418079171E2,-3.322663045E0,-2.458705533E1,8.636897682E0,2.627088467E1
2.418179051E2,-1.117202352E1,-2.922500364E1,2.381449313E0,3.137811734E1
2.418278941E2,-2.149412500E0,-1.880716686E1,-1.827908756E0,1.901764312E1
2.418378821E2,6.562944084E-2,-6.113841670E0,4.090611498E0,7.356389713E0
2.418478711E2,-8.740536363E-1,4.775124570E0,6.465427730E0,8.085019490E0
2.418578591E2,-2.018443494E0,9.521297820E0,5.294870705E0,1.107993150E1
2.418678481E2,-4.459528706E0,1.058651959E1,1.455751314E0,1.157933527E1
2.418778361E2,-5.655720509E0,8.564836012E0,-4.100045981E0,1.105232860E1
2.418878251E2,-7.194686619E0,3.830066001E0,-8.037880844E0,1.144729005E1
2.418978131E2,-8.768339581E0,-1.175848171E0,-1.134378314E1,1.438568086E1
2.419078021E2,-1.115717978E1,-6.452215946E0,-1.094394819E1,1.690809727E1
2.419177901E2,-7.333623480E0,-1.301288488E1,-7.679998502E0,1.679582041E1
2.419277781E2,1.463515247E0,-1.594956591E1,-4.534739687E0,1.664615252E1
2.419377671E2,7.934842379E0,-1.532626325E1,2.799748011E0,1.748412587E1
2.419477551E2,9.469701405E0,-8.623856637E0,5.423856189E0,1.390914677E1
2.419577441E2,6.712357401E0,-1.734844911E0,3.075899143E0,7.584628157E0
2.419677321E2,3.687571110E0,8.628262514E-1,2.548511866E0,4.564817911E0
2.419777211E2,9.899926668E-1,6.357472926E-1,1.490510234E0,1.898915706E0
2.419877100E2,-9.780937292E-1,-5.116173363E-1,-7.577354139E-1,1.338873631E0
2.419976990E2,-1.780786045E0,-6.755615687E-1,-5.871791500E-1,1.993078455E0
2.420076870E2,-1.463061795E0,-3.043563455E-1,1.289872384E0,1.974070254E0
2.420176760E2,-1.732538769E-1,-3.034821868E-2,2.029339342E0,2.036947738E0
2.420276640E2,1.076397850E0,3.677144355E-1,2.019678572E0,2.317961987E0
2.420376530E2,2.687841952E0,1.461813269E0,1.591206304E0,3.448670743E0
2.420476410E2,3.841003218E0,2.711589541E0,1.401650097E0,4.906184521E0
2.420576300E2,3.925456892E0,3.896549428E0,9.556677568E-1,5.612985847E0
2.420676180E2,3.730206082E0,4.654121119E0,8.282078842E-1,6.021728083E0
2.420776060E2,3.010513823E0,4.861309605E0,1.798560265E0,5.994192488E0
2.420875950E2,2.579577830E0,4.822854806E0,2.646111835E0,6.075858631E0
2.420975830E2,1.893090154E0,4.194475590E0,3.829031628E0,5.986559865E0
2.421075720E2,9.554198349E-1,3.128557413E0,4.608962781E0,5.651834787E0
2.421175600E2,5.549609917E-1,2.519290990E0,4.834267694E0,5.479502982E0
2.421275490E2,2.275718790E-1,2.891235301E0,4.462692342E0,5.322278973E0
2.421375370E2,7.290469274E-2,3.736423427E0,3.782635142E0,5.317377524E0
2.421475260E2,1.901733801E-2,4.195268472E0,3.288209789E0,5.330381115E0
2.421575140E2,-8.008156523E-2,4.190353888E0,3.160216577E0,5.249042539E0
2.421675030E2,8.309828997E-2,3.789905570E0,3.265916694E0,5.003648809E0
2.421774910E2,3.421609336E-1,3.162959506E0,3.699099772E0,4.879008718E0
2.421874800E2,5.861164185E-1,2.629748402E0,4.112420736E0,4.916412658E0
2.421974680E2,9.713197298E-1,2.307100212E0,4.268390243E0,4.948265219E0
2.422074560E2,1.378558419E0,1.930129049E0,4.133838794E0,4.765967335E0
2.422174450E2,1.647708533E0,1.477668579E0,3.624460942E0,4.246782895E0
2.422274330E2,2.183287613E0,1.264853318E0,3.038431939E0,3.949514827E0
2.422374220E2,2.938864089E0,1.263138914E0,2.731641397E0,4.206460124E0
2.422474100E2,3.760918290E0,1.109450698E0,2.742768649E0,4.785202932E0
2.422573990E2,4.452702667E0,1.186513492E0,2.816509055E0,5.400657234E0
2.422673870E2,4.958029568E0,1.518077517E0,3.200123824E0,6.093226488E0
2.422773760E2,5.345928007E0,1.812803498E0,3.856149845E0,6.836307074E0
2.422873640E2,5.832934413E0,1.529759084E0,3.306588757E0,6.877268057E0
2.422973530E2,5.715617632E0,6.151528144E-1,3.553423119E-1,5.759597734E0
2.423073410E2,5.750782202E0,-8.675221503E-1,-2.759188800E0,6.437174338E0
2.423173300E2,8.400417570E0,-2.955158817E0,-3.382200272E0,9.525715598E0
2.423273180E2,1.082005622E1,-6.861571328E0,-2.037601458E0,1.297330326E1
2.423373070E2,9.557352921E0,-1.146244419E1,1.189433591E0,1.497148536E1
2.423472950E2,2.241935917E0,-1.049825003E1,2.562559801E0,1.103658657E1
2.423572830E2,-5.254120874E0,-6.680144506E0,3.846446391E0,9.328733387E0
2.423672720E2,-8.578320276E0,-5.414901763E0,3.789617887E0,1.082912478E1
2.423772600E2,-1.020436312E1,-5.278380972E0,3.719297517E0,1.207574041E1
2.423872490E2,-1.074266130E1,-5.159425802E0,2.502660924E0,1.217734610E1
2.423972370E2,-1.025534616E1,-5.099793558E0,1.185427518E0,1.151456719E1
2.424072260E2,-8.290193462E0,-5.986207477E0,1.419507494E0,1.032361318E1
2.424172140E2,-5.799976582E0,-6.576625984E0,1.496034098E0,8.895496372E0
2.424272030E2,-3.074443186E0,-6.973653681E0,1.706059653E-1,7.623198342E0
2.424371910E2,-1.502147070E0,-8.220041492E0,-1.089111889E0,8.426843576E0
2.424471800E2,-1.016130598E0,-8.656069533E0,-9.659761056E-1,8.768875126E0
2.424571680E2,-1.850532657E-1,-8.108994096E0,3.432017380E-1,8.118362975E0
2.424671570E2,7.855614361E-1,-8.542486199E0,5.649971527E-1,8.597115738E0
2.424771450E2,1.015804616E0,-8.199636464E0,6.713828561E-1,8.289550777E0
2.424871330E2,1.163775424E0,-7.734567642E0,5.446804172E-1,7.840573104E0
2.424971220E2,2.125348138E-1,-7.837747024E0,1.591148124E0,8.000450101E0
2.425071100E2,-6.426391134E-1,-7.188569847E0,3.173938238E0,7.884313883E0
2.425170990E2,-1.340492753E0,-5.970060976E0,2.763142687E0,6.713680539E0
2.425270870E2,-1.717747360E0,-3.915519549E0,1.515927495E0,4.536516891E0
2.425370760E2,-2.143823439E0,-1.085744916E0,9.095431656E-2,2.404806364E0
2.425470640E2,-2.505757902E0,1.726006259E0,-1.090397546E0,3.232164457E0
2.425570530E2,-2.561752301E0,4.053567048E0,-2.080846003E0,5.227226870E0
2.425670410E2,-2.434281245E0,5.890694963E0,-3.017840969E0,7.052189479E0
2.425770300E2,-2.510695291E0,7.826819748E0,-2.872593209E0,8.707151655E0
2.425870180E2,-2.553345174E0,8.654421203E0,-2.774220237E0,9.440067577E0
2.425970070E2,-3.125982299E0,9.370009301E0,-2.246514287E0,1.012993910E1
2.426069950E2,-3.487228837E0,9.988598524E0,-2.052094074E0,1.077701051E1
2.426169840E2,-3.698655092E0,1.025059238E1,-2.103510980E0,1.109862388E1
2.426269720E2,-3.769202918E0,1.089537771E1,-2.218189790E0,1.174037955E1
2.426369600E2,-3.405791448E0,1.182882605E1,-2.264176971E0,1.251587146E1
2.426469490E2,-2.267335930E0,1.197336922E1,-1.909913763E0,1.233491602E1
2.426569370E2,-7.130775967E-1,1.118093935E1,-1.816341940E0,1.134993315E1
2.426669260E2,1.158300969E0,1.038677403E1,-1.550380167E0,1.056552954E1
2.426769140E2,2.840607769E0,1.010082296E1,-1.365363446E0,1.058111026E1
2.426869030E2,4.239680999E0,9.700234898E0,-7.208614102E-1,1.061080078E1
2.426968910E2,4.846650635E0,9.216804650E0,-6.186418480E-1,1.043178930E1
2.427068800E2,4.312948365E0,9.314128046E0,-8.989287150E-1,1.030352259E1
2.427168680E2,4.005034281E0,9.957183774E0,-1.333151720E0,1.081494807E1
2.427268570E2,2.636135901E0,1.038747687E1,-1.703690361E0,1.085133397E1
2.427368450E2,1.295865195E0,1.013163896E1,-1.480316783E0,1.032088719E1
2.427468340E2,5.676301539E-2,8.102859782E0,-1.152779735E0,8.184647812E0
2.427568220E2,-1.438670866E0,5.807630002E-2,5.759698037E0,5.936940980E0
2.427668110E2,-3.749872023E0,-1.754811398E1,1.476613507E1,2.323868734E1
2.427767990E2,-3.941285890E0,-3.755653984E1,1.452817035E0,3.779071442E1
2.427867870E2,3.173461690E0,-3.318113151E1,-2.167371785E0,3.340293173E1
2.427967760E2,2.443018740E0,-1.050817860E1,-4.314164878E0,1.161904371E1
2.428067640E2,1.303573872E0,2.623691272E0,-7.457117844E0,8.011970248E0
2.428167530E2,2.401021113E0,7.631685297E0,-3.977676036E0,8.934731642E0
2.428267410E2,-2.328001084E0,7.969121096E0,-2.695695639E0,8.728874788E0
2.428367300E2,-5.725723375E0,4.654042182E0,-3.964179493E0,8.376081175E0
2.428467180E2,-5.917577537E0,-5.327743167E-1,-6.970668678E0,9.159246377E0
2.428567070E2,-7.269747911E0,-5.521001245E0,-5.524971505E0,1.067033268E1
2.428666950E2,-7.206427828E0,-9.355916342E0,-2.767545056E0,1.212951270E1
2.428766840E2,-3.881365963E0,-1.318285174E1,-1.627507573E0,1.383840174E1
2.428866720E2,9.698184572E-1,-1.401166883E1,-1.030820850E0,1.408296854E1
2.428966610E2,4.320756152E0,-1.183260335E1,-3.096954381E-1,1.260060899E1
2.429066490E2,4.383523089E0,-6.764354351E0,-2.359848529E-1,8.063960150E0
2.429166370E2,2.588584881E0,-4.018165081E0,6.536531480E-1,4.824280749E0
2.429266260E2,3.643234889E-1,-3.020306740E0,1.869751870E0,3.570848143E0
2.429366140E2,-1.757994476E0,-2.779554067E0,3.254165545E0,4.626668216E0
2.429466030E2,-3.376070051E0,-2.230457248E0,3.921502420E0,5.634799886E0
2.429565910E2,-3.457600410E0,-1.837135516E0,3.513191936E0,5.260473846E0
2.429665800E2,-2.673114277E0,-1.310093225E0,3.073390102E0,4.278739408E0
2.429765680E2,-9.057769740E-1,-2.753775448E-1,3.434715285E0,3.562798592E0
2.429865561E2,1.002914429E-1,8.729489511E-1,3.664148333E0,3.768034136E0
2.429965441E2,6.325257692E-1,2.472431989E0,4.441809304E0,5.122760845E0
2.430065331E2,1.479666718E0,4.035359403E0,5.165888729E0,6.720114990E0
2.430165211E2,2.391146774E0,5.005809506E0,5.387321616E0,7.732977816E0
2.430265101E2,3.380111647E0,5.872061056E0,5.335891846E0,8.624267945E0
2.430364981E2,4.385940035E0,6.784429597E0,5.003729067E0,9.502750103E0
2.430464871E2,5.252897637E0,7.391905602E0,4.373627261E0,1.006786062E1
2.430564751E2,5.985460203E0,7.761781753E0,3.422033844E0,1.038177757E1
2.430664641E2,5.705402547E0,8.207155398E0,2.476944870E0,1.029778004E1
2.430764521E2,4.639139091E0,8.635090308E0,2.058553201E0,1.001618877E1
2.430864401E2,3.776970359E0,8.937487251E0,1.817622188E0,9.871572006E0
2.430964291E2,3.346633413E0,9.321841108E0,1.248078825E0,9.982703923E0
2.431064171E2,3.370866322E0,9.636179820E0,9.502263379E-1,1.025288405E1
2.431164061E2,3.960587549E0,9.296441973E0,7.319339901E-1,1.013142707E1
2.431263941E2,4.913952672E0,8.292484401E0,-1.550336788E-1,9.640345629E0
2.431363831E2,5.337701560E0,7.088128130E0,-1.682335745E0,9.031216523E0
2.431463711E2,5.151132696E0,5.255662785E0,-3.444848510E0,8.125462486E0
2.431563601E2,4.510036955E0,2.261970232E0,-4.640789468E0,6.855207477E0
2.431663481E2,4.276421394E0,-1.159766573E0,-3.178929421E0,5.453295399E0
2.431763371E2,4.249665997E0,-5.703396367E0,1.071357257E0,7.192787886E0
2.431863251E2,1.328243567E0,-1.356295234E1,4.619982151E0,1.438965400E1
2.431963141E2,-6.062290277E0,-1.853758683E1,2.931565302E0,1.972276765E1
2.432063021E2,-1.105710819E1,-1.521283779E1,1.191451465E0,1.884435278E1
2.432162901E2,-1.268250667E1,-8.201607560E0,2.844899041E0,1.536898801E1
2.432262791E2,-1.403213409E1,-4.536845854E0,4.975905091E0,1.556417004E1
2.432362671E2,-1.291050715E1,-2.944932622E0,5.272061301E0,1.425301559E1
2.432462561E2,-1.088837275E1,-2.213312042E0,5.106864595E0,1.222846995E1
2.432562441E2,-8.914824028E0,-3.486591783E0,4.977568624E0,1.078918899E1
2.432662331E2,-6.634091835E0,-6.602913312E0,4.153290727E0,1.024009094E1
2.432762211E2,-3.669031635E0,-9.779143074E0,1.770298333E0,1.059374290E1
2.432862101E2,-1.607198146E0,-1.165879837E1,-5.857500905E-1,1.178362290E1
2.432961981E2,-4.205027329E-1,-1.242844866E1,-2.230756626E-1,1.243756091E1
2.433061871E2,5.642454931E-1,-1.046161371E1,4.432996380E-1,1.048619326E1
2.433161751E2,2.203866158E0,-9.124248489E0,5.879591686E-1,9.405032297E0
2.433261641E2,2.108513273E0,-8.763468851E0,5.556761062E-1,9.030669436E0
2.433361521E2,9.253718707E-1,-7.895202935E0,4.802183729E-1,7.963739835E0
2.433461411E2,-3.841445267E-1,-5.889685149E0,6.597887045E-1,5.938962814E0
2.433561291E2,-1.568780770E0,-3.961633615E0,2.486505067E-1,4.268189438E0
2.433661171E2,-2.510198862E0,-2.200097920E0,4.810206109E-1,3.372374536E0
2.433761061E2,-2.960988199E0,-7.954522938E-1,-8.522667646E-2,3.067158139E0
2.433860941E2,-3.040936886E0,3.539857578E-1,-1.443631936E0,3.384771223E0
2.433960831E2,-3.034863676E0,1.790416263E0,-2.318599931E0,4.218043808E0
2.434060711E2,-3.273999885E0,3.570865948E0,-2.625333462E0,5.510220926E0
2.434160601E2,-3.485679617E0,5.357538239E0,-2.816074899E0,6.984515460E0
2.434260481E2,-3.811183880E0,7.084050867E0,-2.487747016E0,8.420082213E0
2.434360371E2,-4.136944835E0,8.766171434E0,-1.824346194E0,9.863483827E0
2.434460251E2,-4.296682873E0,1.052937359E1,-1.142742405E0,1.142956920E1
2.434560141E2,-4.092584349E0,1.188026517E1,-8.972379926E-1,1.259741971E1
2.434660021E2,-4.177773896E0,1.216961347E1,-9.541197065E-1,1.290207856E1
2.434759911E2,-3.967524685E0,1.154727560E1,-8.159847915E-1,1.223710166E1
2.434859791E2,-2.255112910E0,1.036120533E1,-1.279229867E0,1.068066192E1
2.434959681E2,3.685377234E-1,8.376047544E0,-2.828892581E0,8.848538057E0
2.435059561E2,2.659141478E0,6.284950495E0,-3.071607871E0,7.483743117E0
2.435159441E2,4.318598237E0,5.697936237E0,-6.839219177E-1,7.182236231E0
2.435259331E2,6.000219744E0,5.688241553E0,1.377439993E0,8.381889398E0
2.435359211E2,7.633437123E0,4.952681120E0,5.146330377E-1,9.113904748E0
2.435459101E2,7.279771208E0,3.464986905E0,-5.881027177E-1,8.083753330E0
2.435558981E2,5.983311936E0,2.958598734E0,-2.657982268E0,7.184580567E0
2.435658871E2,5.422116058E0,3.618364635E0,-4.013098469E0,7.654858881E0
2.435758751E2,4.274526311E0,4.355247708E0,-3.830997462E0,7.205296617E0
2.435858641E2,2.161999509E0,4.039019760E0,-1.282751645E0,4.757454601E0
2.435958521E2,-8.316351566E-1,2.490759501E0,1.036151757E0,2.822961280E0
2.436058411E2,-3.436024185E0,1.784476077E0,2.988466312E0,4.890965954E0
2.436158291E2,-3.990534648E0,9.279238880E-2,5.015853853E0,6.410286038E0
2.436258181E2,-5.404296083E0,-8.308497586E0,9.765966958E0,1.391444066E1
2.436358061E2,-5.309847763E0,-2.020753525E1,9.682312598E0,2.302794262E1
2.436457951E2,8.550251886E-1,-2.332539927E1,3.419829444E0,2.359026394E1
2.436557831E2,2.784786741E0,-1.223949238E1,-1.095035674E1,1.665744649E1
2.436657711E2,-1.773171947E0,-4.466224353E0,-9.473582786E0,1.062262065E1
2.436757601E2,-5.801199235E0,1.308010447E0,-5.997925297E0,8.446295742E0
2.436857481E2,-6.110181313E0,4.491343406E0,2.635784483E0,8.028314961E0
2.436957371E2,-7.606243477E0,4.273996553E0,7.834081990E0,1.172581882E1
2.437057251E2,-1.141441166E1,3.907364438E0,1.175162877E0,1.212176959E1
2.437157141E2,-1.164265655E1,3.066806722E0,-7.382963455E0,1.412320447E1
2.437257021E2,-1.125027213E1,-1.039772353E0,-6.357267104E0,1.296397294E1
2.437356911E2,-8.800516225E0,-7.144691756E0,-2.372697493E0,1.158125207E1
2.437456791E2,-3.462452137E0,-1.144432601E1,-6.513203283E-1,1.197436390E1
2.437556681E2,2.572960829E0,-1.183480658E1,-2.145096232E0,1.229976472E1
2.437656561E2,6.132625850E0,-9.386293212E0,-4.533000140E0,1.209378726E1
2.437756451E2,5.943660797E0,-5.730175445E0,-4.682219914E0,9.491322227E0
2.437856331E2,4.561782182E0,-3.313550452E0,-2.028351894E0,5.991968348E0
2.437956221E2,2.951213408E0,-1.286424866E0,4.540596843E-2,3.219722227E0
2.438056101E2,6.777859227E-1,3.387379736E-1,1.881652123E0,2.028485121E0
2.438155981E2,-1.739437021E-1,1.285780503E0,2.307041009E0,2.646871007E0
2.438255871E2,-2.912224028E-1,1.384313103E0,1.883371789E0,2.355466525E0
2.438355751E2,-3.617395312E-1,1.217348784E0,8.089494216E-1,1.505719999E0
2.438455641E2,-5.705596089E-2,1.213434657E0,1.030174148E-1,1.219135611E0
2.438555521E2,3.644212836E-1,1.221973346E0,1.003152995E0,1.622448046E0
2.438655411E2,8.082862012E-1,1.584304835E0,1.979714023E0,2.661318471E0
2.438755291E2,1.061173527E0,2.321681998E0,1.822661319E0,3.136620927E0
2.438855181E2,1.478061219E0,2.984747483E0,1.592553502E0,3.691830056E0
2.438955061E2,2.225823037E0,3.224873918E0,1.733159158E0,4.284616745E0
2.439054951E2,2.747366315E0,3.120263722E0,2.128536186E0,4.670624547E0
2.439154831E2,2.892469941E0,3.041353208E0,2.709274628E0,4.995636166E0
2.439254721E2,3.023287066E0,3.134670092E0,3.509484801E0,5.593112267E0
2.439354601E2,3.172154253E0,3.444707592E0,4.341865185E0,6.385950696E0
2.439454481E2,3.422554246E0,3.706608474E0,4.726842356E0,6.913455186E0
2.439554371E2,3.662658463E0,4.075735597E0,4.707334875E0,7.223966313E0
2.439654251E2,3.499222353E0,4.104275272E0,4.576779413E0,7.073651276E0
2.439754141E2,3.157455522E0,3.683993783E0,4.227250403E0,6.435136482E0
2.439854021E2,2.862166454E0,3.144505109E0,3.861257973E0,5.743624493E0
2.439953914E2,2.984805370E0,2.800805773E0,3.130724391E0,5.153155469E0
2.440053794E2,3.521076614E0,2.655060999E0,2.202538548E0,4.929351426E0
2.440153684E2,4.245438167E0,2.524195050E0,1.680761089E0,5.217304258E0
2.440253564E2,4.977058162E0,2.129351873E0,1.312570106E0,5.570286135E0
2.440353454E2,5.090009996E0,1.277348818E0,1.385505935E0,5.427655890E0
2.440453334E2,4.929564153E0,-2.170667714E-1,1.624241318E0,5.194793603E0
2.440553224E2,3.829978293E0,-1.715591199E0,2.099146911E0,4.692377291E0
2.440653104E2,1.777357384E0,-2.601088275E0,3.337943282E0,4.589828410E0
2.440752994E2,-7.384676689E-1,-3.485192544E0,5.175079383E0,6.282781882E0
2.440852874E2,-3.592739504E0,-4.621499503E0,6.943038830E0,9.081399837E0
2.440952764E2,-6.574052625E0,-6.277335666E0,6.691416183E0,1.128707941E1
2.441052644E2,-9.647843261E0,-8.015322286E0,4.384198442E0,1.328711658E1
2.441152524E2,-1.134854979E1,-9.320254759E0,2.423875540E0,1.488394785E1
2.441252414E2,-1.048019032E1,-9.695484620E0,1.695890760E0,1.437751218E1
2.441352294E2,-8.190269809E0,-8.856571727E0,1.400705187E0,1.214419027E1
2.441452184E2,-5.603078027E0,-7.894987757E0,1.704859804E0,9.830150661E0
2.441552064E2,-3.817623126E0,-7.851578028E0,2.287013857E0,9.025073753E0
2.441651954E2,-7.140453109E-1,-8.561769732E0,2.887525243E0,9.063749979E0
2.441751834E2,1.010830609E0,-8.869485303E0,1.894230946E0,9.125659370E0
2.441851724E2,8.285413217E-1,-7.787136449E0,-8.044836107E-1,7.872303899E0
2.441951604E2,-1.373534346E-1,-6.107664671E0,3.073501199E-1,6.116935327E0
2.442051494E2,-1.696545209E0,-3.905436611E0,1.192733468E0,4.421912922E0
2.442151374E2,-2.675735584E0,-2.322758471E0,1.027232999E0,3.689170023E0
2.442251264E2,-2.583924358E0,-1.443467630E0,-1.942243311E-1,2.966140080E0
2.442351144E2,-2.814557839E0,-2.927361739E-1,-1.537941385E0,3.220666701E0
2.442451034E2,-2.965839634E0,9.186420178E-1,-2.282746559E0,3.853704677E0
2.442550914E2,-3.162923838E0,2.348885584E0,-2.413146192E0,4.620024376E0
2.442650794E2,-3.150172522E0,3.495466102E0,-1.973847511E0,5.102738891E0
2.442750684E2,-3.289840577E0,4.494427228E0,-1.968140921E0,5.907326453E0
2.442850564E2,-3.171095614E0,5.831184926E0,-2.544120022E0,7.108523878E0
2.442950454E2,-3.377400000E0,6.758435799E0,-3.314816959E0,8.250533115E0
2.443050334E2,-3.721237038E0,7.375648003E0,-3.581079572E0,9.003994639E0
2.443150224E2,-3.784510344E0,7.767769886E0,-3.562990333E0,9.346425395E0
2.443250104E2,-3.949025849E0,7.853926270E0,-3.113066092E0,9.325778440E0
2.443349994E2,-3.915875645E0,7.245373208E0,-2.387898207E0,8.575055267E0
2.443449874E2,-3.646657265E0,6.728869354E0,-1.622035748E0,7.823476973E0
2.443549764E2,-3.519841390E0,6.453387144E0,-9.913872278E-1,7.417434709E0
2.443649644E2,-3.295713813E0,6.237215581E0,-4.732403058E-1,7.070257713E0
2.443749534E2,-3.203102396E0,5.742948103E0,-3.776336521E-2,6.575921528E0
2.443849414E2,-2.604320908E0,5.260251095E0,2.482236600E-1,5.874890974E0
2.443949304E2,-1.595235328E0,4.802929249E0,2.335971424E-1,5.066307605E0
2.444049184E2,-7.843716008E-1,4.666599078E0,7.777469248E-2,4.732698455E0
2.444149064E2,-2.456856760E-1,4.973746299E0,2.209440601E-1,4.984709618E0
2.444248954E2,8.680454761E-1,5.321391921E0,-4.202750570E-1,5.408081550E0
2.444348834E2,2.267486203E0,4.793510554E0,-1.861042735E0,5.619850281E0
2.444448724E2,2.750146958E0,3.748611363E0,-2.963944259E0,5.513652239E0
2.444548604E2,2.782128596E0,3.065563020E0,-2.194627265E0,4.685542123E0
2.444648494E2,3.223568235E0,1.488912774E0,-5.282421398E-1,3.589887627E0
2.444748374E2,3.711182166E0,3.787902313E-1,-4.200571020E-1,3.754038236E0
2.444848264E2,2.853664602E0,-2.164516443E-1,-1.883144040E0,3.425855288E0
2.444948144E2,6.534626019E-1,-1.735305086E0,-3.863945353E-1,1.894095523E0
2.445048034E2,-1.458051462E0,-6.154589161E0,4.985103346E0,8.053330813E0
2.445147914E2,-3.662373995E0,-1.250718259E1,8.835148698E0,1.574491829E1
2.445247804E2,-1.049575210E-2,-1.507719642E1,1.191833406E1,1.921896586E1
2.445347684E2,7.470033758E0,-1.243838659E1,3.034638265E0,1.482308654E1
2.445447574E2,4.907829468E0,-6.736667200E0,-3.912549164E0,9.207470663E0
2.445547454E2,-2.248195946E-2,1.427299494E-1,-4.250204818E0,4.252660140E0
2.445647334E2,-2.633152359E0,3.447929993E0,-3.427119752E0,5.528730630E0
2.445747224E2,-4.826598194E0,4.191871825E0,1.049654001E0,6.478395869E0
2.445847104E2,-5.952222875E0,2.522333297E0,-9.250062735E-1,6.530448608E0
2.445946994E2,-6.554762076E0,8.201339757E-1,-3.253105445E0,7.363438099E0
2.446046874E2,-7.193216629E0,-9.538586283E-1,-3.503500761E0,8.057712413E0
2.446146764E2,-6.811291705E0,-3.503420069E0,-2.068042647E0,7.933753668E0
2.446246644E2,-4.808966207E0,-6.617255362E0,-8.048037457E-1,8.219606656E0
2.446346534E2,-1.828371710E0,-9.519047812E0,-1.373465641E-1,9.694022820E0
2.446446414E2,-9.662260741E-2,-9.745898144E0,-3.508077961E-1,9.752688485E0
2.446546304E2,4.618066237E-1,-7.019688810E0,-1.992709313E0,7.311647335E0
2.446646184E2,8.873611683E-1,-4.020142025E0,-3.091267964E0,5.148289946E0
2.446746074E2,1.056208583E0,-2.064093438E0,-3.065174180E0,3.843351538E0
2.446845954E2,4.747336847E-1,-6.006710154E-1,-1.938246154E0,2.083980781E0
2.446945844E2,-3.477540147E-2,-5.808150405E-1,-9.145224351E-2,5.889982620E-1
2.447045724E2,4.823199353E-1,-1.515721089E0,8.277336019E-1,1.793093934E0
2.447145604E2,1.532108057E0,-2.494960141E0,9.618020707E-1,3.081759956E0
2.447245494E2,2.349972874E0,-3.118063999E0,4.993908083E-1,3.936252887E0
2.447345374E2,3.135381406E0,-2.901428168E0,9.855271482E-1,4.384080945E0
2.447445264E2,3.343876744E0,-1.579924686E0,1.485971625E0,3.985697600E0
2.447545144E2,2.849332108E0,3.204326802E-1,1.917963917E0,3.449631306E0
2.447645034E2,2.361783811E0,1.881727552E0,2.486003376E0,3.911410761E0
2.447744914E2,2.033227887E0,3.124794145E0,2.528385165E0,4.504562756E0
2.447844804E2,1.947566324E0,3.820828570E0,2.359407649E0,4.894747184E0
2.447944684E2,2.117705535E0,4.044860544E0,2.287528996E0,5.106697804E0
2.448044574E2,2.809501167E0,3.925090272E0,2.420202320E0,5.399723115E0
2.448144454E2,3.579551402E0,3.812754734E0,3.028563008E0,6.043383224E0
2.448244344E2,4.236271195E0,3.794025518E0,4.084899938E0,7.001930503E0
2.448344224E2,4.901541957E0,3.889774259E0,4.750459260E0,7.856355422E0
2.448444114E2,5.389981515E0,4.291377987E0,4.950683126E0,8.483931233E0
2.448543994E2,5.453089344E0,4.823608512E0,4.890951480E0,8.770677787E0
2.448643874E2,5.012910950E0,5.233610011E0,4.430472722E0,8.494059011E0
2.448743764E2,4.578758988E0,5.471557775E0,3.541616421E0,7.965301327E0
2.448843644E2,4.466474029E0,5.547917733E0,2.742003833E0,7.631996229E0
2.448943534E2,4.277398171E0,5.767798769E0,2.189293435E0,7.507106200E0
2.449043414E2,4.059948699E0,6.046449001E0,1.817185986E0,7.506323592E0
2.449143304E2,4.013451641E0,5.843281646E0,1.721300420E0,7.294834446E0
2.449243184E2,4.098614582E0,4.940907751E0,1.784094839E0,6.662897665E0
2.449343074E2,3.967449256E0,3.183127137E0,1.681304296E0,5.357213465E0
2.449442954E2,3.291226660E0,5.490687525E-1,1.310014873E0,3.584660149E0
2.449542844E2,2.360592295E0,-2.381679693E0,1.931266918E0,3.869701029E0
2.449642724E2,1.735560902E0,-5.304346703E0,4.038929713E0,6.889210319E0
2.449742614E2,-1.002461562E0,-9.288644711E0,6.289721823E0,1.126252416E1
2.449842494E2,-7.090755284E0,-1.197891004E1,6.305923288E0,1.528194244E1
2.449942381E2,-1.154722180E1,-1.072137627E1,4.987418844E0,1.652757052E1
2.450042261E2,-1.288986882E1,-6.728971095E0,3.750521064E0,1.501646358E1
2.450142151E2,-1.260189929E1,-3.555342175E0,1.199948932E0,1.314869580E1
2.450242031E2,-1.020412222E1,-2.218571613E0,2.574697159E-1,1.044569102E1
2.450341911E2,-6.598024455E0,-1.816065660E0,-5.254888321E-1,6.863538424E0
2.450441801E2,-3.592414107E0,-2.832914588E0,-9.595421219E-1,4.674565783E0
2.450541681E2,-1.292715593E0,-5.286044333E0,-1.672979030E-1,5.444388568E0
2.450641571E2,1.257267579E0,-8.167569163E0,3.499441624E-1,8.271176985E0
2.450741451E2,2.149031116E0,-1.073812035E1,1.931627398E0,1.112010557E1
2.450841341E2,1.519708305E0,-1.133997894E1,2.285367866E0,1.166737082E1
2.450941221E2,4.348512885E-1,-1.032231082E1,3.200795961E0,1.081592765E1
2.451041111E2,-4.596952307E-1,-8.820447044E0,4.766505189E0,1.003649229E1
2.451140991E2,-1.442109906E0,-7.170604277E0,3.951560032E0,8.313367150E0
2.451240881E2,-2.258393052E0,-5.434187635E0,2.717222748E0,6.481823346E0
2.451340761E2,-2.413734276E0,-3.983727905E0,1.918329076E0,5.037478299E0
2.451440651E2,-2.369610456E0,-2.648847163E0,8.316266781E-1,3.650075059E0
2.451540531E2,-2.380612723E0,-1.098324031E0,-2.832493588E-1,2.637017788E0
2.451640421E2,-2.233135419E0,3.561872345E-1,-1.614667087E0,2.778653082E0
2.451740301E2,-2.582373092E0,1.970515183E0,-1.986268167E0,3.807471878E0
2.451840181E2,-2.406909844E0,3.579138004E0,-2.024373887E0,4.764612626E0
2.451940071E2,-2.304631664E0,4.923340377E0,-2.302742282E0,5.903662388E0
2.452039951E2,-2.351119952E0,6.397709956E0,-2.394935916E0,7.224553672E0
2.452139841E2,-2.426934658E0,7.736334085E0,-2.340733981E0,8.439189089E0
2.452239721E2,-2.462427403E0,8.831085468E0,-2.068233851E0,9.398362119E0
2.452339611E2,-2.682765691E0,9.397508172E0,-1.313192834E0,9.860774159E0
2.452439491E2,-3.169080079E0,9.695623199E0,-2.717703974E-1,1.020402063E1
2.452539381E2,-4.146740383E0,1.064483037E1,3.017259756E-1,1.142798792E1
2.452639261E2,-4.957040219E0,1.172707280E1,3.597060889E-1,1.273679209E1
2.452739151E2,-3.069691738E0,1.097360410E1,-6.492514372E-2,1.139505198E1
2.452839031E2,1.221781119E0,8.458842949E0,-1.899590796E-1,8.548734268E0
2.452938921E2,4.826835883E0,7.137297952E0,6.342781797E-1,8.639541394E0
2.453038801E2,7.264635106E0,7.612757860E0,2.170069251E0,1.074421733E1
2.453138691E2,8.394822954E0,9.319015149E0,5.336028671E-1,1.255395666E1
2.453238571E2,9.068423367E0,1.134904563E1,-4.142266386E0,1.510614146E1
2.453338461E2,9.160624602E0,1.220445586E1,-6.559068550E0,1.660985148E1
2.453438341E2,7.057352480E0,1.170476918E1,-7.011036100E0,1.536107004E1
2.453538221E2,4.660844833E0,1.100333836E1,-6.820647250E0,1.375929353E1
2.453638111E2,2.414661498E0,8.720231615E0,-4.490504623E0,1.010136928E1
2.453737991E2,-2.307249462E0,2.165721554E0,-3.917020530E-2,3.164693387E0
2.453837881E2,-8.758771783E0,-5.360219772E0,4.965052074E0,1.140612911E1
2.453937761E2,-1.092608378E1,-2.223591331E1,6.166729735E0,2.553122995E1
2.454037651E2,4.620016649E-2,-3.614240009E1,1.329952241E1,3.851171919E1
2.454137531E2,7.730654100E0,-2.417047630E1,7.057294008E0,2.633971025E1
2.454237421E2,7.434126592E-1,-3.553515505E0,-3.748054124E0,5.218049879E0
2.454337301E2,-6.824881073E-1,6.149983894E0,-4.150854777E0,7.451019212E0
2.454437191E2,-4.820394005E0,7.577392146E0,-4.786595052E0,1.017666754E1
2.454537071E2,-7.736418285E0,4.628649479E0,-3.230948006E0,9.576825617E0
2.454636961E2,-7.706102226E0,-9.594175762E-1,-4.130741816E0,8.795880943E0
2.454736841E2,-7.363954741E0,-5.446035263E0,-4.705236309E0,1.029691110E1
2.454836731E2,-5.517240901E0,-7.745079181E0,-2.120868148E0,9.742909236E0
2.454936611E2,-2.120564385E0,-1.150785835E1,5.130580902E-1,1.171284874E1
2.455036501E2,4.023768760E-1,-1.524324916E1,1.542894854E0,1.532641760E1
2.455136381E2,1.369148495E0,-1.519950848E1,1.022914757E0,1.529529274E1
2.455236261E2,6.509501995E-1,-1.051499411E1,1.037802937E0,1.058611696E1
2.455336151E2,-3.243616803E-1,-5.732386277E0,9.339581414E-1,5.817021638E0
2.455436031E2,-2.513374120E-1,-4.393566266E0,6.437188017E-1,4.447580120E0
2.455535921E2,9.190058608E-1,-4.445469076E0,2.813663800E0,5.340736939E0
2.455635801E2,2.418888743E0,-4.842215522E0,4.331031464E0,6.932236829E0
2.455735691E2,3.122100040E0,-5.058219854E0,4.490196183E0,7.449493843E0
2.455835571E2,3.562326674E0,-4.692467160E0,4.842275748E0,7.626077222E0
2.455935461E2,3.689214177E0,-3.381443642E0,4.984346716E0,7.063156132E0
2.456035341E2,4.141602142E0,-1.402290952E0,5.415384743E0,6.960293107E0
2.456135231E2,4.327869875E0,7.814312553E-1,5.355596963E0,6.929899804E0
2.456235111E2,4.455961612E0,3.144658890E0,5.747656281E0,7.923384766E0
2.456335001E2,4.215737820E0,5.266789452E0,5.598075149E0,8.766411003E0
2.456434881E2,3.707226233E0,7.181457294E0,5.046289780E0,9.527953387E0
2.456534771E2,3.831862265E0,9.159135316E0,4.465792243E0,1.088651590E1
2.456634651E2,4.488243213E0,1.042723442E1,3.975683305E0,1.202820031E1
2.456734541E2,5.330225310E0,1.118134749E1,3.967984861E0,1.300687270E1
2.456834421E2,5.985488854E0,1.120422881E1,3.250538517E0,1.311208682E1
2.456934301E2,6.378877829E0,1.084022560E1,2.382215298E0,1.280138755E1
2.457034191E2,6.139917912E0,1.074821616E1,1.454259835E0,1.246345114E1
2.457134071E2,5.618481347E0,1.050411128E1,4.167556179E-1,1.191962129E1
2.457233961E2,4.946853200E0,9.796579471E0,-5.175195158E-1,1.098690823E1
2.457333841E2,3.706987666E0,9.086610546E0,-1.187834963E0,9.885302255E0
2.457433731E2,2.523448945E0,8.547800733E0,-1.683579447E0,9.070123026E0
2.457533611E2,1.209739729E0,7.952335494E0,-1.871744601E0,8.258724955E0
2.457633501E2,-7.267098684E-2,6.850019569E0,-4.994072536E-1,6.868584772E0
2.457733381E2,-2.224997995E0,4.897033169E0,2.609488969E0,5.978376252E0
2.457833271E2,-3.675244887E0,2.475666084E0,4.161414263E0,6.078956835E0
2.457933151E2,-4.650636471E0,-4.723690706E-1,2.429608151E0,5.268258526E0
2.458033041E2,-5.204544087E0,-4.064023039E0,-4.505396605E-1,6.618651555E0
2.458132921E2,-4.647393313E0,-8.578730165E0,-1.325440412E0,9.846302257E0
2.458232811E2,-3.938100034E0,-1.464196009E1,-6.899553671E-1,1.517799939E1
2.458332691E2,-4.400034749E0,-2.100023993E1,-6.870187493E-1,2.146723964E1
2.458432581E2,-6.830801525E0,-2.041292220E1,3.159618992E0,2.175615854E1
2.458532461E2,-9.216005920E0,-1.190413117E1,7.254726999E0,1.671149807E1
2.458632341E2,-9.982291718E0,-7.610534749E0,7.672484829E0,1.471167599E1
2.458732231E2,-9.542635480E0,-7.061242048E0,6.844078213E0,1.370271644E1
2.458832111E2,-7.458498371E0,-7.489973933E0,5.360938979E0,1.185194390E1
2.458932001E2,-4.100091004E0,-8.193442508E0,4.262195995E0,1.010492756E1
2.459031881E2,-1.203995351E0,-1.011887332E1,4.346478931E0,1.107849634E1
2.459131771E2,8.984077281E-1,-1.133544969E1,3.443317124E0,1.188090859E1
2.459231651E2,3.488931254E0,-1.287527651E1,4.457197421E0,1.406456523E1
2.459331541E2,4.295044191E0,-1.390783866E1,4.264860571E0,1.516787449E1
2.459431421E2,3.534989771E0,-1.291608773E1,2.530888650E0,1.362816467E1
2.459531311E2,1.685165505E0,-9.929369738E0,2.045405737E0,1.027695727E1
2.459631191E2,-1.733418775E-1,-6.378090209E0,9.760271770E-1,6.454665845E0
2.459731081E2,-2.481650709E0,-3.333671890E0,-6.154983848E-2,4.156410338E0
2.459830961E2,-3.713642967E0,-9.784508479E-1,-9.968862417E-1,3.967655772E0
2.459930856E2,-4.328213691E0,9.206119448E-1,-2.317979834E0,4.995396943E0
2.460030736E2,-5.054068916E0,3.038709097E0,-3.072915308E0,6.649825116E0
2.460130626E2,-5.326499464E0,5.009492083E0,-3.859242437E0,8.268032393E0
2.460230506E2,-4.979878859E0,6.476816352E0,-4.692890498E0,9.421866308E0
2.460330386E2,-4.727956250E0,7.570270237E0,-4.554592153E0,1.002032292E1
2.460430276E2,-4.833604620E0,8.198699740E0,-4.337153791E0,1.045912587E1
2.460530156E2,-5.381064511E0,9.066641720E0,-3.950105245E0,1.125891552E1
2.460630046E2,-5.265539902E0,9.898756056E0,-3.876494063E0,1.186332534E1
2.460729926E2,-4.804646284E0,1.077765338E1,-4.322308588E0,1.256681303E1
2.460829816E2,-4.042761979E0,1.209005392E1,-4.712736533E0,1.359129183E1
2.460929696E2,-2.902164917E0,1.291554862E1,-5.705761566E0,1.441491146E1
2.461029586E2,-5.317245222E-1,1.281189737E1,-6.964822631E0,1.459233358E1
2.461129466E2,2.502198994E0,1.167138626E1,-6.417891621E0,1.355254920E1
2.461229356E2,4.318562862E0,1.023027447E1,-4.808118069E0,1.210068181E1
2.461329236E2,4.974231618E0,9.188317015E0,-2.716542425E0,1.079572844E1
2.461429126E2,5.845969026E0,8.819346598E0,-4.014566705E-1,1.058855022E1
2.461529006E2,6.715797903E0,8.741714285E0,1.439597942E0,1.111719175E1
2.461628896E2,6.930844461E0,8.188947169E0,5.257003552E-1,1.074112757E1
2.461728776E2,6.932137865E0,7.637840661E0,-1.724633333E0,1.045779640E1
2.461828666E2,7.025789795E0,6.755979969E0,-2.505900282E0,1.006402125E1
2.461928546E2,6.797877023E0,5.269846961E0,-2.469593458E0,8.948816171E0
2.462028436E2,5.289062081E0,3.570091776E0,-2.656790020E0,6.912182448E0
2.462128316E2,1.910482697E0,2.176041890E0,-2.676185820E0,3.942977680E0
2.462228196E2,-1.895384309E0,7.827234900E-1,-1.612632549E0,2.608777775E0
2.462328086E2,-5.254410896E0,-2.211178393E0,-1.632758957E-1,5.703052058E0
2.462427966E2,-8.445841080E0,-7.926521791E0,-7.031189114E-1,1.160415251E1
2.462527856E2,-8.573954160E0,-1.427917778E1,2.694485850E0,1.687210307E1
2.462627736E2,-1.239915528E0,-2.045549695E1,6.523218101E0,2.150621120E1
2.462727626E2,4.320620497E0,-1.943985430E1,1.292038193E0,1.995607826E1
2.462827506E2,4.776578772E0,-1.277764204E1,-4.665771112E0,1.441711694E1
2.462927396E2,3.573032487E-1,-4.743881142E0,-4.612634247E0,6.626346550E0
2.463027276E2,-3.996182474E0,1.191594138E0,5.384516707E-1,4.204676106E0
2.463127166E2,-5.223276227E0,2.563782454E0,5.584727125E0,8.065033917E0
2.463227046E2,-5.570859284E0,-3.229335344E-1,3.980361370E0,6.854344306E0
2.463326936E2,-6.757313134E0,-2.953008211E0,-2.471290612E-1,7.378523637E0
2.463426816E2,-7.826969436E0,-4.523800716E0,-1.840270940E0,9.225660985E0
2.463526706E2,-7.143447468E0,-6.707062747E0,-3.079689308E0,1.027122284E1
2.463626586E2,-5.048863724E0,-9.065641261E0,-2.618436379E0,1.070201315E1
2.463726476E2,-2.311858091E0,-1.148965012E1,-1.818534500E0,1.186017771E1
2.463826356E2,3.312447667E-1,-1.174019980E1,-1.738950241E0,1.187290876E1
2.463926236E2,3.223056311E0,-1.013156412E1,-1.143618976E0,1.069320101E1
2.464026126E2,3.897820320E0,-8.037689055E0,1.868659025E-1,8.934896052E0
2.464126006E2,3.661333483E0,-6.391835259E0,1.964296669E0,7.623606906E0
2.464225896E2,3.414232489E0,-5.266649119E0,3.708944437E0,7.290462623E0
2.464325776E2,2.771745988E0,-4.236833405E0,4.870488564E0,7.025310810E0
2.464425666E2,1.493182996E0,-3.288443677E0,4.844482487E0,6.042554745E0
2.464525546E2,8.232257641E-1,-1.944511446E0,3.893094893E0,4.428883975E0
2.464625436E2,8.110911106E-1,-3.790404922E-1,3.958011850E0,4.058004225E0
2.464725316E2,1.100626226E0,1.132425578E0,4.467920630E0,4.738784711E0
2.464825206E2,1.746996594E0,2.669623489E0,4.377397546E0,5.416686805E0
2.464925086E2,2.261126040E0,3.907548625E0,3.808043633E0,5.906168262E0
2.465024976E2,2.830662825E0,4.925410291E0,3.728547227E0,6.795173507E0
2.465124856E2,3.304312728E0,5.925542614E0,3.809783764E0,7.781066136E0
2.465224746E2,3.653515171E0,7.289972845E0,4.240242916E0,9.190839852E0
2.465324626E2,4.136007234E0,8.630789096E0,4.666775079E0,1.064781038E1
2.465424516E2,4.558230876E0,9.093412612E0,4.376066719E0,1.107328233E1
2.465524396E2,4.489216482E0,9.151287183E0,3.348418568E0,1.072898078E1
2.465624286E2,3.951297492E0,9.045195302E0,2.811445366E0,1.026316398E1
2.465724166E2,3.683053843E0,8.862089159E0,2.638157283E0,9.952958542E0
2.465824046E2,3.635764779E0,8.903832432E0,2.180603303E0,9.861645312E0
2.465923936E2,3.232554821E0,9.206801818E0,1.047269068E0,9.813836298E0
2.466023816E2,2.933630246E0,9.365260193E0,-1.700919950E-1,9.815458022E0
2.466123706E2,2.940121825E0,9.174115883E0,-8.822653198E-1,9.674043140E0
2.466223586E2,2.776535735E0,8.643724891E0,-1.044462404E0,9.138601227E0
2.466323476E2,2.267045615E0,8.140254480E0,-3.542219853E-1,8.457464871E0
2.466423356E2,1.168913519E0,7.632646580E0,7.415848196E-1,7.757164474E0
2.466523246E2,-4.516013686E-1,6.677672887E0,1.686908267E0,6.902240107E0
2.466623126E2,-1.974055965E0,4.834931645E0,2.566048835E0,5.818768563E0
2.466723016E2,-2.968920824E0,1.903402011E0,3.395998532E0,4.895940778E0
2.466822896E2,-4.504781477E0,-2.202354360E0,3.527164443E0,6.130604366E0
2.466922786E2,-5.764742430E0,-7.904839731E0,2.901114172E0,1.020466608E1
2.467022666E2,-5.772546709E0,-1.536901809E1,2.486616749E0,1.660458597E1
2.467122556E2,-6.546236250E0,-2.282836723E1,-1.721355969E-1,2.374904609E1
2.467222436E2,-7.476145268E0,-2.536339717E1,-3.270871040E0,2.664382220E1
2.467322326E2,-7.332307856E0,-1.402585184E1,5.419702327E-1,1.583606612E1
2.467422206E2,-7.093072536E0,-5.276668907E0,3.434910582E0,9.484383136E0
2.467522086E2,-5.856102251E0,-4.243899180E0,4.667931658E0,8.607798777E0
2.467621976E2,-4.079498865E0,-4.688116246E0,5.044827976E0,8.004438409E0
2.467721856E2,-2.463105680E0,-6.136637625E0,5.195808347E0,8.409615645E0
2.467821746E2,-5.290782186E-1,-7.721442981E0,4.550937351E0,8.978398312E0
2.467921626E2,3.692921604E-1,-9.277708079E0,3.987792304E0,1.010518339E1
2.468021516E2,1.450126293E0,-1.056293076E1,4.206863501E0,1.146194019E1
2.468121396E2,2.317417770E0,-1.053503135E1,3.209212736E0,1.125417065E1
2.468221286E2,2.079200889E0,-9.470116557E0,2.038134139E0,9.907581678E0
2.468321166E2,1.029962187E0,-7.911439483E0,7.382554150E-1,8.012285433E0
2.468421056E2,-8.841693925E-1,-5.871841786E0,-7.835774758E-1,5.989513764E0
2.468520936E2,-2.740940809E0,-3.661950949E0,-1.504644123E0,4.815246122E0
2.468620826E2,-3.438789333E0,-1.436342797E0,-1.780430973E0,4.130167933E0
2.468720706E2,-4.338816155E0,2.934530425E-1,-2.074832726E0,4.818336970E0
2.468820596E2,-4.838886117E0,2.119525042E0,-2.603075159E0,5.889244904E0
2.468920476E2,-4.868950161E0,4.316863076E0,-3.267531695E0,7.281397247E0
2.469020366E2,-4.607419700E0,6.307673945E0,-3.709236505E0,8.647167302E0
2.469120246E2,-4.076757398E0,7.842669795E0,-3.872428201E0,9.650032154E0
2.469220136E2,-3.565730338E0,9.096929712E0,-3.671573712E0,1.043786456E1
2.469320016E2,-3.083095896E0,1.022393258E1,-3.071482741E0,1.111162832E1
2.469419906E2,-2.662121804E0,1.063756813E1,-2.856323916E0,1.133151951E1
2.469519786E2,-2.195496161E0,1.049542231E1,-2.768241459E0,1.107417056E1
2.469619666E2,-1.605942457E0,1.055525336E1,-2.739818436E0,1.102265983E1
2.469719556E2,-1.050020767E0,1.043722848E1,-2.313040983E0,1.074190116E1
2.469819436E2,-2.621450034E-1,1.000424918E1,-1.705215315E0,1.015192006E1
2.469919322E2,7.762529612E-1,9.525818303E0,-6.982832640E-1,9.582869221E0
2.470019202E2,2.038841945E0,9.761204985E0,9.211870185E-1,1.001431899E1
2.470119092E2,3.675962632E0,9.699391145E0,2.992353541E0,1.079560418E1
2.470218972E2,5.310466983E0,8.637025736E0,3.831434249E0,1.083878045E1
2.470318862E2,5.791430292E0,6.815337979E0,1.694114814E0,9.102720560E0
2.470418742E2,5.788354071E0,4.728661425E0,-1.585063219E-2,7.474324917E0
2.470518632E2,6.263538576E0,3.207167380E0,1.314407301E-1,7.038118695E0
2.470618512E2,6.567051169E0,1.910767749E0,-4.445725769E-2,6.839530020E0
2.470718402E2,4.824374205E0,1.042710578E0,-4.210509825E-1,4.953697180E0
2.470818282E2,8.484044960E-2,-7.892940062E-1,2.605147997E-1,8.354943991E-1
2.470918172E2,-3.975286572E0,-3.993206826E0,-1.137329053E0,5.748227679E0
2.471018052E2,-2.576114817E0,-7.347719947E0,-2.811710245E0,8.278349502E0
2.471117942E2,-1.534464338E0,-1.253911306E1,2.163400502E0,1.281656112E1
2.471217822E2,-1.011209289E0,-1.232833146E1,3.850040674E0,1.295504203E1
2.471317712E2,2.879379195E0,-8.744002885E0,-2.139832422E0,9.451311750E0
2.471417592E2,2.561046834E0,-5.353412443E0,-2.423347829E0,6.410195034E0
2.471517482E2,-1.202005982E0,7.201454186E-1,7.909885293E-1,1.609065150E0
2.471617362E2,-3.431028031E0,2.975291365E0,2.095121103E0,5.001384258E0
2.471717242E2,-4.703057344E0,1.940736483E0,-1.268870355E0,5.243590226E0
2.471817132E2,-5.555581094E0,-4.118018568E-1,-4.191787333E0,6.971738887E0
2.471917012E2,-5.009389172E0,-3.087880672E0,-5.395725235E0,7.983911180E0
2.472016902E2,-4.103559865E0,-5.973477504E0,-4.848923740E0,8.719730414E0
2.472116782E2,-3.625101504E0,-9.079740068E0,-3.066332805E0,1.024624016E1
2.472216672E2,-1.102669097E0,-1.141878420E1,-7.117301059E-1,1.149395805E1
2.472316552E2,1.564221404E0,-1.149017286E1,8.128287569E-1,1.162460974E1
2.472416442E2,1.756949725E0,-9.305329156E0,1.039853044E0,9.526663497E0
2.472516322E2,1.704160185E0,-6.232702700E0,7.193515129E-1,6.501400732E0
2.472616212E2,7.073245212E-1,-3.876411032E0,7.269031920E-1,4.006901386E0
2.472716092E2,-2.278818545E-1,-2.552239466E0,8.681549652E-1,2.705466591E0
2.472815982E2,-5.810352612E-1,-2.691173987E0,9.426309510E-1,2.910081187E0
2.472915862E2,-7.267913640E-2,-3.351750312E0,5.239134461E-1,3.393228213E0
2.473015752E2,6.993176365E-1,-3.262673829E0,7.511567116E-2,3.337623111E0
2.473115632E2,1.572385871E0,-2.568729783E0,1.057519822E0,3.192039818E0
2.473215522E2,1.955397792E0,-1.305360489E0,1.765465025E0,2.940138310E0
2.473315402E2,1.758261109E0,-2.097361171E-1,2.413701970E0,2.993564525E0
2.473415292E2,1.694456730E0,7.597123575E-1,3.394719161E0,3.869426916E0
2.473515172E2,2.084401987E0,1.740552962E0,4.018241680E0,4.849796125E0
2.473615062E2,2.428453326E0,2.298017732E0,4.752034500E0,5.810344477E0
2.473714942E2,2.483749275E0,2.859693081E0,4.684955242E0,6.024588002E0
2.473814822E2,2.494468975E0,3.496216884E0,4.783941586E0,6.428997205E0
2.473914712E2,2.805690536E0,4.357881294E0,5.472357674E0,7.537222782E0
2.474014592E2,3.366665682E0,5.294259671E0,5.013440123E0,8.031077458E0
2.474114482E2,3.797812467E0,6.130837187E0,4.110462795E0,8.300990816E0
2.474214362E2,3.776669812E0,6.786265622E0,3.586824753E0,8.554644807E0
2.474314252E2,3.299050234E0,7.308153008E0,3.400538310E0,8.709563344E0
2.474414132E2,2.791926191E0,8.080239828E0,3.106166085E0,9.095789976E0
2.474514022E2,2.435659580E0,8.818310471E0,2.500391035E0,9.484038828E0
2.474613902E2,2.370246340E0,9.301451283E0,1.597521297E0,9.730731626E0
2.474713792E2,2.506633815E0,9.561992687E0,6.432679814E-1,9.905993687E0
2.474813672E2,2.661375407E0,9.700859381E0,-2.773018817E-1,1.006312517E1
2.474913562E2,2.367098784E0,9.472595776E0,-1.170289807E0,9.833758469E0
2.475013442E2,1.573836857E0,8.619449006E0,-1.655234485E0,8.916931356E0
2.475113332E2,6.422235225E-1,6.899900996E0,-1.217694281E0,7.035898249E0
2.475213212E2,-1.480324969E-2,4.324596019E0,-2.671697351E-1,4.332866203E0
2.475313102E2,-5.703376340E-1,1.128406786E0,2.577750137E-1,1.290362294E0
2.475412982E2,-1.172334506E0,-2.386052826E0,5.324239223E-1,2.711289640E0
2.475512872E2,-1.655932057E0,-6.686811501E0,1.068148305E0,6.971118980E0
2.475612752E2,-2.896174152E0,-1.160121382E1,1.708715312E0,1.207872903E1
2.475712642E2,-4.962082858E0,-1.537028927E1,2.067931550E0,1.628325519E1
2.475812522E2,-7.270771759E0,-1.438055330E1,1.518897296E0,1.618553317E1
2.475912402E2,-8.605150225E0,-9.207318127E0,2.188421322E0,1.279111040E1
2.476012292E2,-8.062585330E0,-5.781809868E0,3.229553737E0,1.043382120E1
2.476112172E2,-6.374976566E0,-5.434460700E0,3.197170688E0,8.966358777E0
2.476212062E2,-4.557530087E0,-6.441336032E0,2.293608054E0,8.217209276E0
2.476311942E2,-3.425754427E0,-8.446687757E0,1.630292455E0,9.259599395E0
2.476411832E2,-2.743334952E0,-1.046246273E1,2.205663007E0,1.103874822E1
2.476511712E2,-1.251328416E0,-1.119133219E1,2.825864600E0,1.161022178E1
2.476611602E2,1.199300329E0,-1.201959497E1,3.212748840E0,1.249922956E1
2.476711482E2,1.685567501E0,-1.203561634E1,3.216902409E0,1.257162120E1
2.476811372E2,1.489358040E0,-1.045871115E1,3.526056980E0,1.113714076E1
2.476911252E2,1.589149253E0,-8.021763579E0,2.605461992E0,8.582687135E0
2.477011142E2,6.748131251E-1,-5.413469195E0,1.351953442E0,5.620391409E0
2.477111022E2,-1.098235738E0,-3.185836737E0,4.362981820E-1,3.397945490E0
2.477210912E2,-2.547459659E0,-1.345443737E0,2.525792509E-1,2.891983029E0
2.477310792E2,-3.582368006E0,-1.266273022E-2,-3.438361609E-1,3.598853175E0
2.477410682E2,-4.037474634E0,1.308385254E0,-1.261998122E0,4.427833855E0
2.477510562E2,-4.709840407E0,2.738880250E0,-9.814878917E-1,5.536007602E0
2.477610452E2,-4.960396521E0,4.209044513E0,-7.840122163E-1,6.552576937E0
2.477710332E2,-4.610773371E0,5.676013271E0,-1.004017798E0,7.381355531E0
2.477810222E2,-3.873065255E0,6.596338702E0,-1.298751966E0,7.758806314E0
2.477910102E2,-3.399592815E0,7.690703584E0,-1.301763282E0,8.508744947E0
2.478009992E2,-3.236911581E0,8.519928226E0,-1.690479454E0,9.269546609E0
2.478109872E2,-3.681636186E0,9.458215134E0,-2.072716911E0,1.035897842E1
2.478209762E2,-4.078223587E0,1.054371681E1,-2.361654149E0,1.154899485E1
2.478309642E2,-3.532428106E0,1.114569000E1,-2.304043288E0,1.191692365E1
2.478409522E2,-1.522227870E0,1.104124586E1,-2.366275789E0,1.139410150E1
2.478509412E2,1.810276624E0,1.032760956E1,-2.575048577E0,1.079664281E1
2.478609292E2,4.784562853E0,9.730373787E0,-2.745217463E0,1.118518818E1
2.478709182E2,6.714427900E0,9.036462486E0,-1.473168269E0,1.135391655E1
2.478809062E2,7.301920461E0,8.229769505E0,-4.371226394E-1,1.101082307E1
2.478908952E2,6.825512719E0,8.424988739E0,-1.028787189E0,1.089157758E1
2.479008832E2,6.094757527E0,8.928297182E0,-1.452612967E0,1.090736652E1
2.479108722E2,5.371498466E0,9.064170102E0,-1.651001101E0,1.066480098E1
2.479208602E2,4.629503172E0,8.871730633E0,-2.102836065E0,1.022554759E1
2.479308492E2,3.367719935E0,7.806947401E0,-2.348078084E0,8.820625599E0
2.479408372E2,7.904388911E-1,5.887708790E0,-1.851367055E0,6.222336250E0
2.479508262E2,-3.610045801E0,3.239335837E0,-2.171699747E-1,4.855192081E0
2.479608142E2,-7.581754169E0,-1.799433255E0,2.582491790E0,8.209154656E0
2.479708032E2,-8.792342402E0,-9.378881282E0,5.770293192E0,1.409130876E1
2.479807912E2,-5.741936535E0,-1.917568645E1,9.075354656E0,2.197814479E1
2.479907806E2,-7.778135830E-1,-2.573968655E1,8.442664872E0,2.710009313E1
2.480007686E2,7.114486209E0,-2.023506160E1,-7.029522657E0,2.257183689E1
2.480107576E2,6.671845552E0,-9.447845682E0,-1.206258837E1,1.671171294E1
2.480207456E2,8.136803307E-1,3.480648673E-1,-7.752053740E0,7.802407450E0
2.480307346E2,-2.662316516E0,5.307082615E0,-1.815169866E0,6.208695254E0
2.480407226E2,-5.257055007E0,6.219012029E0,4.616925811E0,9.361022482E0
2.480507116E2,-7.496880080E0,2.592542569E0,3.246856526E0,8.571263921E0
2.480606996E2,-8.621714217E0,-9.515419614E-1,-2.213406183E0,8.952014023E0
2.480706886E2,-8.730220998E0,-3.335908450E0,-4.115977889E0,1.021206727E1
2.480806766E2,-7.260129241E0,-6.421618052E0,-2.713436676E0,1.006525676E1
2.480906656E2,-4.172089525E0,-9.834904461E0,-1.388164079E-1,1.068414464E1
2.481006536E2,-1.507529432E0,-1.154493320E1,7.760566409E-1,1.166877850E1
2.481106416E2,1.957375905E-1,-9.797265934E0,6.026562913E-1,9.817735359E0
2.481206306E2,9.471512872E-1,-5.850129905E0,-6.169185273E-1,5.958330633E0
2.481306186E2,3.593970636E-1,-3.115909300E0,-1.883080598E0,3.658421730E0
2.481406076E2,-7.289065942E-1,-1.867241660E0,-1.532538266E0,2.523206249E0
2.481505956E2,-1.263483607E0,-1.618077768E0,-2.886524785E-1,2.073134521E0
2.481605846E2,-1.416713987E0,-1.893813162E0,6.898118180E-1,2.463624801E0
2.481705726E2,-4.487462829E-1,-2.139616075E0,1.539659005E0,2.673925958E0
2.481805616E2,8.210861948E-1,-2.496105611E0,1.707050171E0,3.133487840E0
2.481905496E2,1.634721867E0,-2.109428655E0,1.851141937E0,3.247881048E0
2.482005386E2,1.605867612E0,-1.182867753E0,2.062032294E0,2.868791399E0
2.482105266E2,1.406382395E0,1.554084671E-1,2.466321648E0,2.843379276E0
2.482205156E2,1.419388211E0,1.384583244E0,3.224424852E0,3.785320235E0
2.482305036E2,1.588951033E0,2.551324961E0,3.614330056E0,4.700787827E0
2.482404926E2,2.047189137E0,3.215780329E0,4.196509252E0,5.669472320E0
2.482504806E2,2.606397547E0,3.834964798E0,3.799663403E0,5.994806515E0
2.482604696E2,3.505131549E0,4.684578681E0,3.634127558E0,6.887532774E0
2.482704576E2,4.128430120E0,5.427387323E0,3.376237282E0,7.609168587E0
2.482804466E2,4.698545048E0,5.883539726E0,3.255016315E0,8.202895616E0
2.482904346E2,5.100901020E0,6.062348750E0,3.277239243E0,8.573888303E0
2.483004236E2,5.160462513E0,5.972061308E0,3.321749418E0,8.563288434E0
2.483104116E2,4.833063752E0,5.761690768E0,3.095871477E0,8.132650610E0
2.483204006E2,4.552497681E0,5.317759046E0,2.847933161E0,7.557414882E0
2.483303886E2,4.615560486E0,4.762353081E0,2.490655421E0,7.084262128E0
2.483403776E2,4.497159339E0,4.370088526E0,1.935879786E0,6.562754482E0
2.483503656E2,4.469826822E0,4.033866609E0,1.626219431E0,6.236667482E0
2.483603546E2,4.366407704E0,4.010381268E0,1.406179351E0,6.093112055E0
2.483703426E2,3.852353833E0,4.198162844E0,1.552076737E0,5.905433389E0
2.483803316E2,3.169114285E0,4.361110126E0,2.167047118E0,5.810220314E0
2.483903196E2,2.474476760E0,3.907165632E0,2.495279399E0,5.255035470E0
2.484003076E2,1.289476966E0,2.724004934E0,2.181478046E0,3.720456987E0
2.484102966E2,-4.777689743E-1,1.355209756E0,2.091774741E0,2.537790032E0
2.484202846E2,-1.713445271E0,-4.759446430E-1,3.081395525E0,3.557726294E0
2.484302736E2,-1.901356948E0,-3.033682830E0,4.398019506E0,5.671063862E0
2.484402616E2,-2.381363067E0,-5.608166274E0,4.669470645E0,7.676351680E0
2.484502506E2,-4.461427297E0,-7.270786961E0,3.292692264E0,9.143877674E0
2.484602386E2,-6.154897894E0,-6.870004182E0,1.903964514E0,9.418322909E0
2.484702276E2,-6.554740441E0,-5.466061392E0,1.201047331E0,8.618872553E0
2.484802156E2,-5.781733854E0,-4.023555629E0,9.623867923E-1,7.109404658E0
2.484902046E2,-5.128560104E0,-3.817103308E0,1.122292499E0,6.490912637E0
2.485001926E2,-5.165388207E0,-4.466162957E0,1.692773609E0,7.035149564E0
2.485101816E2,-5.355041478E0,-4.754084533E0,2.107398355E0,7.464510487E0
2.485201696E2,-5.517354922E0,-5.904695536E0,2.633018165E0,8.499377587E0
2.485301586E2,-5.051922403E0,-7.373349463E0,2.930626239E0,9.406209248E0
2.485401466E2,-4.796614549E0,-9.025505973E0,2.428426867E0,1.050545222E1
2.485501356E2,-4.969382522E0,-1.009551486E1,2.302422001E0,1.148543992E1
2.485601236E2,-5.269525949E0,-9.721294815E0,2.406962177E0,1.131657826E1
2.485701126E2,-4.390991737E0,-8.496376811E0,2.263320647E0,9.828115165E0
2.485801006E2,-2.938898880E0,-7.342729349E0,1.377589682E0,8.028110254E0
2.485900896E2,-1.681193929E0,-6.432659349E0,1.663126179E0,6.853576294E0
2.486000776E2,-1.827035182E0,-5.953792852E0,2.719815696E0,6.795815205E0
2.486100666E2,-1.383473443E0,-5.666967629E0,3.279586315E0,6.692100363E0
2.486200546E2,-7.328134114E-1,-4.949672143E0,1.911197227E0,5.356206181E0
2.486300436E2,-5.602383962E-1,-4.001113431E0,3.952963364E-1,4.059437762E0
2.486400316E2,-8.088839328E-1,-2.801606841E0,2.976963669E-1,2.931197236E0
2.486500206E2,-1.293155449E0,-1.318711436E0,3.658675924E-1,1.882846240E0
2.486600086E2,-1.596390884E0,3.924744701E-1,-2.919769129E-1,1.669655827E0
2.486699976E2,-1.731413911E0,2.164724604E0,-8.141473040E-1,2.889059116E0
2.486799856E2,-1.820639059E0,3.589307481E0,-1.341074113E0,4.242208688E0
2.486899736E2,-2.160139510E0,5.197740852E0,-1.496895101E0,5.824380448E0
2.486999626E2,-2.407808854E0,6.577018917E0,-1.781377637E0,7.226896125E0
2.487099506E2,-2.555685522E0,7.621464365E0,-2.014396783E0,8.287100937E0
2.487199396E2,-3.009185628E0,8.281593377E0,-2.003076573E0,9.036166375E0
2.487299276E2,-3.401267458E0,8.870072948E0,-1.415349247E0,9.604687809E0
2.487399166E2,-3.307003325E0,9.303393143E0,-9.019955796E-1,9.914786482E0
2.487499046E2,-2.981871237E0,9.842349136E0,-6.637121862E-1,1.030552796E1
2.487598936E2,-2.724233560E0,1.059509629E1,-6.941668242E-1,1.096172347E1
2.487698816E2,-2.796270087E0,1.125921135E1,-7.219381750E-1,1.162368966E1
2.487798706E2,-2.318716583E0,1.145741793E1,-7.656484509E-1,1.171473814E1
2.487898586E2,-6.967553866E-1,1.150356181E1,-1.969160968E0,1.169166359E1
2.487998476E2,2.271067330E0,1.117583707E1,-3.765047594E0,1.200969044E1
2.488098356E2,4.760755914E0,9.920587220E0,-3.926815200E0,1.168343808E1
2.488198246E2,6.681321550E0,8.665372453E0,-2.126199639E0,1.114672429E1
2.488298126E2,7.489678649E0,5.230173018E0,1.680157949E0,9.288322066E0
2.488398016E2,7.060869581E0,9.708494675E-1,3.273308160E0,7.843020734E0
2.488497896E2,7.094430259E0,-1.535145539E0,2.863803089E0,7.803139155E0
2.488597786E2,6.119629828E0,-4.147604309E0,2.162064121E0,7.702403002E0
2.488697666E2,2.476136492E0,-8.674616901E0,6.601253872E0,1.117840700E1
2.488797556E2,-7.235734073E0,-1.652849756E1,9.807479265E0,2.053615662E1
2.488897436E2,-1.250811346E1,-1.949160216E1,9.284928221E-1,2.317838554E1
2.488997326E2,-8.828036145E0,-1.151770389E1,-5.379385775E0,1.547674114E1
2.489097206E2,-6.358193303E0,-2.171657063E0,-4.637551280E0,8.163920526E0
2.489197096E2,-4.686856171E0,2.109791767E0,-2.313821879E0,5.636631419E0
2.489296976E2,-2.464121926E0,4.632351936E0,5.453059231E-1,5.275219414E0
2.489396866E2,-2.848074956E0,5.425397515E0,5.424378930E0,8.183541772E0
2.489496746E2,-3.299813004E0,4.881686566E0,-1.147876553E0,6.003103378E0
2.489596636E2,-3.568743701E0,2.721174881E0,-7.348843782E0,8.610820476E0
2.489696516E2,-4.064298151E0,-1.597209055E0,-7.768155802E0,8.911444372E0
2.489796406E2,-4.811160375E0,-7.121147357E0,-5.053174292E0,9.969582452E0
2.489896286E2,-5.322376007E0,-1.170105971E1,-2.157738497E0,1.303450498E1
2.489996177E2,-4.639568569E0,-1.357547590E1,-2.168733747E-1,1.434803738E1
2.490096057E2,-2.092503304E0,-1.138611113E1,9.160569638E-2,1.157715373E1
2.490195947E2,-5.709815586E-1,-7.317346001E0,6.582501559E-1,7.369047815E0
2.490295827E2,-9.218349630E-1,-4.090333171E0,4.638466077E-1,4.218501964E0
2.490395707E2,-1.197103457E0,-1.920705092E0,-1.409332462E-1,2.267603783E0
2.490495597E2,-1.528781430E0,-5.857752335E-1,-1.256016567E0,2.063463811E0
2.490595477E2,-2.498871928E0,1.501436341E-1,-1.752767796E0,3.055993942E0
2.490695367E2,-3.148342344E0,1.237305915E-1,-1.057399442E0,3.323471431E0
2.490795247E2,-2.016995285E0,-6.634163171E-1,-5.761975308E-1,2.200089722E0
2.490895137E2,-3.900350118E-1,-1.740927184E0,-3.302086401E-1,1.814384887E0
2.490995017E2,9.215857986E-1,-2.701956253E0,-4.365659845E-1,2.887988545E0
2.491094907E2,1.737248408E0,-3.215197361E0,1.533876693E-1,3.657738903E0
2.491194787E2,2.383412808E0,-2.568178976E0,1.028093709E0,3.651462247E0
2.491294677E2,2.553110993E0,-1.633817303E0,1.798327546E0,3.524445586E0
2.491394557E2,2.372677613E0,-5.695883864E-1,2.618436964E0,3.579139857E0
2.491494447E2,1.797114541E0,6.234681398E-1,2.525109555E0,3.161409726E0
2.491594327E2,1.658492407E0,1.845077205E0,2.346889930E0,3.415084084E0
2.491694217E2,1.806291161E0,2.970229431E0,2.783513217E0,4.453414023E0
2.491794097E2,1.798147160E0,3.815338619E0,2.979825296E0,5.164252200E0
2.491893987E2,1.906507175E0,4.083343409E0,3.072488462E0,5.454232151E0
2.491993867E2,2.210007781E0,4.135814568E0,3.608912026E0,5.917207326E0
2.492093757E2,2.779777431E0,4.198563378E0,4.320347432E0,6.634794567E0
2.492193637E2,3.569261472E0,4.132902070E0,4.725709165E0,7.221691913E0
2.492293527E2,4.363799846E0,4.229473515E0,4.778227687E0,7.730630966E0
2.492393407E2,4.919103484E0,4.517039580E0,4.555372757E0,8.084098380E0
2.492493297E2,5.179742537E0,4.769574977E0,3.993967549E0,8.095082149E0
2.492593177E2,5.132064925E0,5.416042555E0,3.350504855E0,8.179088589E0
2.492693067E2,5.241524802E0,5.760256446E0,3.230097821E0,8.431350337E0
2.492792947E2,4.725317402E0,5.528050064E0,4.103039171E0,8.350023502E0
2.492892837E2,4.090525544E0,6.029113176E0,4.272635322E0,8.446183606E0
2.492992717E2,3.915933824E0,6.235374293E0,4.211018533E0,8.482164073E0
2.493092607E2,3.624958540E0,5.908809053E0,3.174726443E0,7.624515514E0
2.493192487E2,2.884926156E0,5.006908783E0,1.247623912E0,5.911725629E0
2.493292377E2,2.010083730E0,2.894481676E0,3.196368377E-1,3.538450011E0
2.493392257E2,6.981779411E-1,-2.686930078E-1,1.388017168E0,1.576781541E0
2.493492147E2,-1.247217238E0,-3.526245845E0,3.852090416E0,5.369223516E0
2.493592027E2,-2.500611475E0,-7.833017212E0,6.127014862E0,1.025424437E1
2.493691917E2,-5.573770028E0,-1.333653996E1,4.365582662E0,1.509928880E1
2.493791797E2,-9.801346706E0,-1.508417565E1,4.646517693E-1,1.799485075E1
2.493891687E2,-1.107992987E1,-1.249601323E1,-7.640337422E-2,1.670092902E1
2.493991567E2,-9.085445781E0,-8.157631820E0,7.567228223E-1,1.223376113E1
2.494091447E2,-5.940698597E0,-5.208217893E0,1.257764300E0,7.999962780E0
2.494191337E2,-3.337625778E0,-4.320741534E0,2.067709941E0,5.838148477E0
2.494291217E2,-2.665205918E0,-6.863231937E0,5.024046387E0,8.913378558E0
2.494391107E2,-2.603178070E0,-9.790928721E0,7.105442321E0,1.237441440E1
2.494490987E2,-1.151463527E0,-1.023023939E1,6.093432548E0,1.196300909E1
2.494590877E2,9.122885795E-1,-9.076990122E0,3.328756136E0,9.711057489E0
2.494690757E2,2.543282116E0,-7.741916422E0,2.029191115E0,8.397807475E0
2.494790647E2,2.909424820E0,-7.160056484E0,7.825384256E-1,7.768109682E0
2.494890527E2,1.463368482E0,-6.204448369E0,-3.434134072E-1,6.383929797E0
2.494990417E2,-2.791796967E-1,-4.500436411E0,-8.108936208E-1,4.581420922E0
2.495090297E2,-1.651108835E0,-2.525189077E0,-7.924196354E-1,3.119402048E0
2.495190187E2,-2.854315397E0,-8.621456355E-1,-4.363791659E-1,3.013442925E0
2.495290067E2,-3.307948527E0,6.994684947E-1,-5.753110564E-1,3.429688389E0
2.495389957E2,-3.108150922E0,2.148255336E0,-9.928311977E-1,3.906573554E0
2.495489837E2,-2.813518204E0,3.362405108E0,-1.385901791E0,4.598084011E0
2.495589727E2,-2.619104423E0,4.361127083E0,-1.953617899E0,5.449381645E0
2.495689607E2,-2.452971578E0,5.294049756E0,-2.434453446E0,6.322230300E0
2.495789497E2,-2.259496421E0,6.078331529E0,-2.716211765E0,7.030593475E0
2.495889377E2,-2.345042210E0,6.599003279E0,-2.608650479E0,7.473360995E0
2.495989267E2,-2.271518735E0,7.252194570E0,-2.292877737E0,7.937972774E0
2.496089147E2,-2.204257921E0,7.934866937E0,-1.663217103E0,8.401616358E0
2.496189037E2,-1.988905115E0,8.615443663E0,-8.490569356E-1,8.882708525E0
2.496288917E2,-1.270116981E0,9.221935582E0,-2.826567435E-1,9.313280188E0
2.496388807E2,-1.710236026E-1,9.494345080E0,4.507691637E-1,9.506578270E0
2.496488687E2,1.350910299E0,9.088924874E0,1.589436059E0,9.325224983E0
2.496588577E2,3.030679993E0,8.037127138E0,2.821985557E0,9.041240862E0
2.496688457E2,4.625414799E0,6.397545649E0,3.977695625E0,8.839972561E0
2.496788347E2,5.579455276E0,4.764916500E0,4.851836823E0,8.796310078E0
2.496888227E2,6.353304446E0,3.621523885E0,5.020343345E0,8.870386685E0
2.496988117E2,7.464337986E0,3.189055045E0,3.142987464E0,8.704296861E0
2.497087997E2,7.604156021E0,3.357239678E0,1.547344293E0,8.455088492E0
2.497187887E2,7.048906762E0,3.713405862E0,1.125501305E0,8.046317346E0
2.497287767E2,5.561042978E0,4.613253760E0,3.069048545E-1,7.231977589E0
2.497387657E2,1.380291388E0,5.189120302E0,-2.794393716E0,6.053165293E0
2.497487537E2,-6.167566472E0,4.421120101E0,-5.038120050E0,9.108668002E0
2.497587427E2,-1.277118905E1,-2.275155119E0,4.016797417E-1,1.297848016E1
2.497687307E2,-1.387227004E1,-9.985940380E0,3.557781925E0,1.745900036E1
2.497787197E2,-8.973990249E0,-1.304314539E1,8.742124760E0,1.808537774E1
2.497887077E2,2.413550527E0,-1.467010742E1,7.733255526E0,1.675829701E1
2.497986967E2,6.546872427E0,-1.035829809E1,-1.800374949E0,1.238536345E1
2.498086847E2,4.242499942E0,-1.100826640E0,-4.741294042E0,6.456817655E0
2.498186737E2,1.623892970E0,3.530180436E0,-5.343471007E0,6.606957295E0
2.498286617E2,-1.945691414E0,4.013031811E0,-7.227640942E0,8.492875424E0
2.498386507E2,-5.182856764E0,2.697320580E0,-8.021438473E0,9.923760262E0
2.498486387E2,-5.440909594E0,-3.720624250E-1,-7.249280902E0,9.071604117E0
2.498586277E2,-4.287602147E0,-3.373214271E0,-4.581875554E0,7.124302793E0
2.498686157E2,-3.406148421E0,-4.621217083E0,-2.831995990E0,6.401382326E0
2.498786047E2,-7.765916611E-1,-6.618535318E0,-1.331826741E0,6.795724158E0
2.498885927E2,1.473801815E0,-8.188434368E0,-3.490917845E-1,8.327329359E0
2.498985817E2,9.090930761E-1,-6.874181433E0,-9.521611816E-1,6.999102193E0
2.499085697E2,4.998135255E-1,-4.718824654E0,-1.997943449E0,5.148679219E0
2.499185577E2,-3.979593777E-1,-2.546260103E0,-2.566425688E0,3.637080284E0
2.499285467E2,-7.664586557E-1,-8.339024144E-1,-2.541362475E0,2.782332715E0
2.499385347E2,-7.781760373E-1,1.263483900E-1,-2.198281921E0,2.335372618E0
2.499485237E2,-3.420922288E-1,3.291853774E-1,-1.682339253E0,1.748043325E0
2.499585117E2,-1.583571448E-1,-3.732821542E-1,-1.171728369E0,1.239904803E0
2.499685007E2,2.926911503E-2,-1.724435697E0,-1.729021668E-3,1.724684941E0
2.499784887E2,-1.145366489E-1,-2.927844719E0,1.383000988E0,3.240074856E0
2.499884777E2,2.683846403E-1,-3.680878386E0,2.533378687E0,4.476483395E0
2.499984652E2,7.726057604E-1,-3.637801949E0,3.529053093E0,5.126864384E0
2.500084542E2,1.366309818E0,-2.578888151E0,3.636567602E0,4.662841466E0
2.500184422E2,2.059375027E0,-6.996059042E-1,3.176622110E0,3.849857394E0
2.500284312E2,2.732533683E0,9.184052056E-1,2.943854395E0,4.120253287E0
2.500384192E2,2.915434588E0,2.413436506E0,2.140261608E0,4.348005791E0
2.500484082E2,3.100444877E0,3.465849954E0,1.807400086E0,4.989145158E0
2.500583962E2,3.227630296E0,3.872749506E0,1.835353870E0,5.365101107E0
2.500683852E2,3.497160625E0,4.106018327E0,1.499029627E0,5.597911107E0
2.500783732E2,3.590790920E0,4.116476072E0,1.166134776E0,5.585608740E0
2.500883622E2,3.552986039E0,3.964309886E0,1.297246308E0,5.479261871E0
2.500983502E2,3.567326628E0,3.876070724E0,1.752564313E0,5.551686699E0
2.501083392E2,3.571850034E0,4.066775324E0,2.378470157E0,5.912181872E0
2.501183272E2,3.525520790E0,4.449105459E0,2.961325876E0,6.402600032E0
2.501283162E2,3.492956477E0,4.877290630E0,3.270176391E0,6.832478501E0
2.501383042E2,3.575793104E0,5.361164097E0,3.234406049E0,7.210392450E0
2.501482932E2,3.873603199E0,6.029035993E0,2.877534106E0,7.722323438E0
2.501582812E2,4.295112603E0,6.462501783E0,2.388256642E0,8.118847909E0
2.501682702E2,4.490078654E0,6.344139521E0,2.496561109E0,8.163438610E0
2.501782582E2,4.734457477E0,6.265906114E0,3.336827633E0,8.532941209E0
2.501882472E2,4.440590159E0,6.105963716E0,3.501156027E0,8.322242930E0
2.501982352E2,3.625826559E0,5.717614456E0,2.945344266E0,7.383277467E0
2.502082242E2,2.772016129E0,5.193998049E0,1.299131450E0,6.029048986E0
2.502182122E2,1.120845094E0,4.350659983E0,-3.744656307E-1,4.508299071E0
2.502282012E2,-7.174249285E-1,2.860974206E0,-6.374961948E-1,3.017660242E0
2.502381892E2,-2.486909110E0,6.159714246E-1,-5.320891692E-1,2.616726314E0
2.502481782E2,-3.689668506E0,-1.853605953E0,-5.210524035E-1,4.161851069E0
2.502581662E2,-3.848654884E0,-4.908568556E0,-8.281762362E-2,6.238032418E0
2.502681552E2,-3.188870565E0,-9.991230941E0,4.401105666E-1,1.049701331E1
2.502781432E2,-2.229572711E0,-1.624416501E1,1.592003864E-1,1.639723257E1
2.502881322E2,-1.183342839E0,-1.838586561E1,-4.038437963E-2,1.842395141E1
2.502981202E2,-2.231842746E0,-1.363370131E1,7.974198818E-1,1.383816505E1
2.503081092E2,-5.819655386E0,-8.523368728E0,3.569364967E0,1.092046563E1
2.503180972E2,-7.866115376E0,-5.651524547E0,5.327746675E0,1.105442832E1
2.503280862E2,-8.783233024E0,-4.481770345E0,5.551773387E0,1.131607863E1
2.503380742E2,-8.770649816E0,-6.082114677E0,6.357822590E0,1.242329768E1
2.503480632E2,-7.094879326E0,-7.508980892E0,5.367650998E0,1.164189778E1
2.503580512E2,-4.099015117E0,-8.256833342E0,3.499969043E0,9.860375503E0
2.503680402E2,-1.665931673E0,-8.168039280E0,2.646911150E0,8.746332526E0
2.503780282E2,-3.002501383E-2,-6.466952099E0,2.820328456E0,7.055255031E0
2.503880172E2,9.343306822E-1,-4.983051558E0,3.189497971E0,5.989714013E0
2.503980052E2,1.613471039E0,-3.859250039E0,2.701342295E0,4.979392519E0
2.504079942E2,2.595203929E0,-2.630426095E0,1.813932011E0,4.116378774E0
2.504179822E2,3.371667683E0,-2.679909911E0,1.108206995E0,4.447266895E0
2.504279712E2,2.839324890E0,-2.465109521E0,1.410576457E-1,3.762768667E0
2.504379592E2,2.157768171E0,-1.509408435E0,-8.100197545E-1,2.755069746E0
2.504479472E2,1.056310910E0,-4.112025172E-1,-1.859916269E0,2.178111286E0
2.504579362E2,-6.390211487E-1,9.724843490E-1,-2.613104888E0,2.860487894E0
2.504679252E2,-2.264833321E0,2.787854775E0,-3.061398633E0,4.719509064E0
2.504779132E2,-3.378464486E0,4.528094326E0,-3.169203748E0,6.477770674E0
2.504879012E2,-4.338450119E0,5.565831263E0,-3.399311272E0,7.833003524E0
2.504978902E2,-5.198267686E0,6.344215534E0,-3.614120141E0,8.962863497E0
2.505078782E2,-5.636813537E0,7.094644268E0,-3.730235319E0,9.799096880E0
2.505178672E2,-5.338258215E0,7.849405203E0,-3.765977301E0,1.021238208E1
2.505278552E2,-4.626686568E0,8.760490864E0,-3.523013212E0,1.051494417E1
2.505378442E2,-3.535956024E0,9.733600280E0,-2.530300128E0,1.066059933E1
2.505478322E2,-2.067805543E0,1.076570869E1,-1.119448560E0,1.101950400E1
2.505578212E2,-1.070277277E-1,1.180490158E1,-6.053037643E-2,1.180554193E1
2.505678092E2,1.909270716E0,1.213242635E1,2.455128908E-1,1.228419148E1
2.505777982E2,4.346405841E0,1.089060638E1,5.484284824E-1,1.173871053E1
2.505877862E2,6.734775626E0,8.818911565E0,7.021731243E-1,1.111860832E1
2.505977752E2,8.649468026E0,6.998661638E0,2.248670155E0,1.135125893E1
2.506077632E2,1.008143360E1,6.135469351E0,3.581479813E0,1.233313769E1
2.506177522E2,1.126751440E1,6.540691921E0,2.505117924E0,1.326699466E1
2.506277402E2,1.157191343E1,7.314120092E0,-8.126814070E-1,1.371371518E1
2.506377292E2,1.061653920E1,7.572293374E0,-3.261745291E0,1.344207997E1
2.506477172E2,7.407300736E0,6.464464694E0,-4.320587168E0,1.073894229E1
2.506577062E2,2.285185579E0,3.906330065E0,-5.789223552E0,7.348237683E0
2.506676942E2,-7.720814990E0,-1.431656254E0,-8.982697338E-2,7.852941655E0
2.506776832E2,-2.159794466E1,-1.897437150E1,1.358667215E1,3.179773022E1
2.506876712E2,-2.987791777E1,-4.694696703E1,8.067029214E0,5.622974874E1
2.506976602E2,-2.019292071E0,-4.004775308E1,1.442142767E1,4.261311586E1
2.507076482E2,5.379043128E0,-1.363285814E1,-5.431504347E0,1.562978456E1
2.507176372E2,-2.738878496E0,8.130439344E0,-8.044996321E0,1.176126971E1
2.507276252E2,-3.795785530E0,1.652244336E1,-8.905601799E-2,1.695308388E1
2.507376142E2,-6.954729753E0,1.641344424E1,-1.603396871E0,1.789805295E1
2.507476022E2,-8.208429506E0,1.033569743E1,-6.832420619E0,1.486226523E1
2.507575912E2,-1.052302468E1,3.669842936E0,-8.562711718E0,1.405424589E1
2.507675792E2,-9.857210419E0,-3.689864972E0,-6.887406081E0,1.257839669E1
2.507775682E2,-5.943803469E0,-9.992943006E0,-3.124844138E0,1.203961629E1
2.507875562E2,-1.309680997E0,-1.516427198E1,4.306277569E0,1.581816790E1
2.507975452E2,2.970585819E0,-1.825816944E1,3.856044011E0,1.889587804E1
2.508075332E2,4.136618561E0,-1.486996174E1,-9.277116340E-1,1.546247148E1
2.508175222E2,2.692363019E0,-6.810429826E0,-2.995998987E0,7.912444816E0
2.508275102E2,3.354644099E-1,-8.301689672E-1,-3.210676879E0,3.333191099E0
2.508374992E2,-9.743697837E-1,2.417901440E0,-2.878655017E0,3.883593511E0
2.508474872E2,-2.087346060E0,3.785058228E0,-2.353668168E0,4.921730713E0
2.508574762E2,-2.548730552E0,3.472725111E0,-2.210044911E0,4.841502414E0
2.508674642E2,-1.096906374E0,1.854723356E0,-2.278120973E0,3.135767448E0
2.508774532E2,9.959074178E-1,-3.260793364E-1,-1.347612908E0,1.707108628E0
2.508874412E2,2.864243677E0,-2.727082908E0,-7.622331653E-1,4.027638567E0
2.508974302E2,4.131872376E0,-3.579230974E0,-9.826521454E-1,5.554175811E0
2.509074182E2,3.087958440E0,-3.966711922E0,-8.385012496E-1,5.096408063E0
2.509174072E2,1.017681279E0,-2.616970482E0,4.026591504E-1,2.836607848E0
2.509273952E2,-4.483533134E-1,5.749508679E-2,1.831352620E0,1.886313547E0
2.509373842E2,-8.556209468E-1,2.811099211E0,3.216898316E0,4.356925608E0
2.509473722E2,-6.305920219E-1,4.379288535E0,4.280205127E0,6.155970297E0
2.509573612E2,6.953589253E-2,5.222255303E0,4.516677638E0,6.904865138E0
2.509673492E2,1.067764655E0,5.776198295E0,3.882382209E0,7.041127730E0
2.509773382E2,2.081082231E0,5.646233402E0,3.413141983E0,6.918120632E0
2.509873262E2,3.201382729E0,5.444567027E0,2.726992861E0,6.879582223E0
2.509973156E2,4.334790932E0,5.041457641E0,1.921540659E0,6.920912228E0
2.510073036E2,5.273680980E0,4.707294529E0,9.345838666E-1,7.130482443E0
2.510172926E2,5.477030768E0,4.402858661E0,1.714029408E-1,7.029396091E0
2.510272806E2,5.417997279E0,4.661230749E0,-2.165557978E-1,7.150430968E0
2.510372696E2,4.627071900E0,5.067984120E0,-2.912580343E-1,6.868703564E0
2.510472576E2,3.146856566E0,5.318676474E0,-3.006047720E-1,6.187195561E0
2.510572466E2,1.777538356E0,5.638338491E0,-1.973108570E-1,5.915186821E0
2.510672346E2,5.229235125E-1,5.582622128E0,6.488614279E-1,5.644478716E0
2.510772236E2,-7.062769926E-1,5.041624871E0,1.924582381E0,5.442501803E0
2.510872116E2,-1.455215855E0,4.526689240E0,2.535227576E0,5.388501418E0
2.510972006E2,-2.035743505E0,3.848650206E0,2.864200115E0,5.211525912E0
2.511071886E2,-2.598890599E0,2.561838255E0,2.874362576E0,4.645342593E0
2.511171776E2,-2.945308598E0,6.092734390E-1,2.891061639E0,4.171845426E0
2.511271656E2,-4.142939401E0,-1.711499902E0,2.966377285E0,5.375181205E0
2.511371546E2,-6.935763724E0,-5.135442277E0,2.294211195E0,8.929781118E0
2.511471426E2,-9.912295868E0,-9.978378761E0,1.600341994E0,1.415566129E1
2.511571316E2,-1.086889333E1,-1.536094425E1,1.015122538E0,1.884467894E1
2.511671196E2,-7.494658138E0,-1.604191800E1,2.883761098E0,1.793959620E1
2.511771086E2,-1.590314311E0,-1.080661464E1,4.416047641E0,1.178191395E1
2.511870966E2,1.349964512E0,-7.443163463E0,3.978406354E0,8.546976286E0
2.511970856E2,8.367755900E-1,-5.836952035E0,4.182797239E0,7.229522473E0
2.512070736E2,-5.093337793E-1,-3.872887500E0,4.015798421E0,5.602259851E0
2.512170626E2,-1.793216203E0,-3.076337684E0,4.498357726E0,5.737133442E0
2.512270506E2,-2.919035596E0,-3.320600440E0,4.390462564E0,6.230836029E0
2.512370396E2,-3.660054697E0,-4.050150520E0,3.352200255E0,6.406010160E0
2.512470276E2,-3.787605860E0,-4.596024939E0,2.140522686E0,6.328604961E0
2.512570166E2,-3.022508217E0,-4.657824161E0,1.647095160E0,5.791701331E0
2.512670046E2,-2.165075875E0,-4.308210951E0,1.345617692E0,5.005888744E0
2.512769926E2,-1.784580450E0,-3.939491379E0,7.986577374E-1,4.397973839E0
2.512869816E2,-1.741246735E0,-3.484182730E0,3.771027249E-1,3.913269215E0
2.512969696E2,-2.003020294E0,-2.758045669E0,9.973040253E-2,3.410110315E0
2.513069586E2,-2.552164621E0,-1.539409913E0,-2.083164132E-1,2.987762183E0
2.513169466E2,-2.896741917E0,1.661661744E-2,-5.825440621E-1,2.954783821E0
2.513269356E2,-2.800423949E0,1.805807304E0,-9.125255379E-1,3.454854147E0
2.513369236E2,-2.449986574E0,3.644711604E0,-1.376781889E0,4.602378218E0
2.513469126E2,-2.207061076E0,5.257055007E0,-1.568724929E0,5.913429111E0
2.513569006E2,-2.257371836E0,6.647122940E0,-1.665987807E0,7.214948812E0
2.513668896E2,-2.129798746E0,7.770553161E0,-2.203128824E0,8.352922587E0
2.513768776E2,-2.264811394E0,8.425916693E0,-2.426066200E0,9.056005740E0
2.513868666E2,-2.432037961E0,8.848570982E0,-2.265091183E0,9.452124371E0
2.513968546E2,-2.408958124E0,9.283649434E0,-2.280362941E0,9.858462416E0
2.514068436E2,-2.324025562E0,9.928904300E0,-2.523192253E0,1.050479579E1
2.514168316E2,-2.355842602E0,1.067289700E1,-2.788371084E0,1.127988201E1
2.514268206E2,-1.840233956E0,1.115582205E1,-2.935419202E0,1.168141740E1
2.514368086E2,-1.215879378E0,1.080176964E1,-3.082036965E0,1.129847520E1
2.514467976E2,-5.231006831E-2,1.022013189E1,-3.719274713E0,1.087597520E1
2.514567856E2,1.359986347E0,9.541283019E0,-3.545080019E0,1.026904265E1
2.514667746E2,2.445589468E0,8.643922527E0,-3.170927507E0,9.526441400E0
2.514767626E2,3.873390945E0,7.764972578E0,-2.680384705E0,9.081983193E0
2.514867516E2,5.196960833E0,6.032943687E0,-9.753589864E-1,8.022227657E0
2.514967396E2,4.427875681E0,2.205877308E0,1.631954380E0,5.209150876E0
2.515067286E2,3.772078871E0,-3.049182045E0,4.326414503E0,6.499534799E0
2.515167166E2,4.335113406E0,-1.053490271E1,8.826080836E0,1.441100574E1
2.515267056E2,4.123092781E0,-2.679542706E1,1.565037324E1,3.130381747E1
2.515366936E2,-1.761146271E-1,-3.966922305E1,6.612757099E0,4.021699678E1
2.515466826E2,-6.042854717E-1,-2.637458658E1,-5.467120907E0,2.694203758E1
2.515566706E2,-3.586575077E0,-4.463049899E0,-7.101427038E0,9.122094121E0
2.515666596E2,-7.710453724E0,5.253110476E0,-4.222221213E0,1.024077235E1
2.515766476E2,-6.513845599E0,9.352047240E0,5.494101130E0,1.265211916E1
2.515866366E2,-8.121491350E0,1.116180726E1,1.293165302E1,1.891486751E1
2.515966246E2,-9.310626733E0,1.111546340E1,4.439206708E0,1.516403155E1
2.516066136E2,-5.850147446E0,1.108883752E1,-1.604319562E0,1.263963543E1
2.516166016E2,-3.262488180E0,6.361379451E0,-9.697443438E0,1.204787894E1
2.516265906E2,-6.552068263E-1,-8.940784496E-1,-1.383464555E1,1.387898014E1
2.516365786E2,-1.594586872E0,-1.016926813E1,-1.102209272E1,1.508122175E1
2.516465676E2,-4.839662043E0,-1.825709589E1,-4.893148863E0,1.951119640E1
2.516565556E2,-3.801162629E0,-2.067481899E1,-8.607034197E-1,2.103895882E1
2.516665446E2,1.154499694E0,-1.620982080E1,-3.460268202E-1,1.625456534E1
2.516765326E2,4.383388018E0,-8.344615837E0,1.123331111E0,9.492553754E0
2.516865216E2,2.428974313E0,-2.311934690E0,8.306289969E-1,3.454692859E0
2.516965096E2,-5.391834497E-1,1.256371931E0,2.803258972E-1,1.395625964E0
2.517064986E2,-2.565284311E0,2.430285258E0,-2.091772695E-1,3.539876434E0
2.517164866E2,-4.816667867E0,2.308498866E0,-9.573828913E-1,5.426420400E0
2.517264756E2,-5.610249052E0,2.613635230E0,-1.919992609E0,6.480150859E0
2.517364636E2,-5.003064823E0,2.432684956E0,-3.143067863E0,6.389639216E0
2.517464526E2,-4.172495029E0,1.691697721E0,-3.077141676E0,5.453471999E0
2.517564406E2,-1.881901799E0,2.940038502E-2,-1.432677763E0,2.365371924E0
2.517664296E2,-6.821203905E-1,-7.303324378E-1,-2.305446035E-1,1.025584960E0
2.517764176E2,9.607852399E-3,-1.097621196E0,2.017973524E-1,1.116058588E0
2.517864066E2,7.478208750E-2,-7.569805384E-1,-3.968996429E-1,8.579867264E-1
2.517963946E2,-1.635031331E-1,3.721641666E-1,-1.011362998E0,1.089997502E0
2.518063836E2,1.275073081E-2,1.707327914E0,-7.186520398E-1,1.852455651E0
2.518163716E2,4.830852628E-1,2.673856874E0,-9.359462678E-2,2.718757419E0
2.518263606E2,7.350479248E-1,3.264658958E0,1.682045138E-1,3.350609844E0
2.518363486E2,7.857769060E-1,3.695138576E0,2.818527514E-1,3.788262849E0
2.518463376E2,1.267783650E0,3.877501538E0,8.170033765E-1,4.160503344E0
2.518563256E2,1.961936733E0,3.532286603E0,1.161304976E0,4.204149574E0
2.518663146E2,2.543591434E0,3.092225153E0,1.358552610E0,4.228164965E0
2.518763026E2,3.148364856E0,2.556264104E0,1.290695087E0,4.255887833E0
2.518862916E2,3.563315438E0,1.931488527E0,1.336564740E0,4.267817961E0
2.518962796E2,3.734571614E0,1.212630081E0,1.503931932E0,4.204676933E0
2.519062686E2,3.692776301E0,6.067392558E-1,1.455845600E0,4.015496949E0
2.519162566E2,3.683043026E0,1.748387647E-1,1.615545924E0,4.025588548E0
2.519262456E2,3.488292738E0,3.620888293E-2,1.328662228E0,3.732939944E0
2.519362336E2,3.147112674E0,2.421098113E-2,1.223697106E0,3.376734956E0
2.519462226E2,2.780794262E0,-1.362231678E-1,1.551751631E0,3.187366719E0
2.519562106E2,2.658012966E0,-3.859723663E-1,1.755563350E0,3.208739670E0
2.519661996E2,2.657535540E0,-6.708890587E-1,1.860324989E0,3.312611710E0
2.519761876E2,2.498851756E0,-9.163785607E-1,2.051192141E0,3.360267692E0
2.519861766E2,2.245708541E0,-9.151313496E-1,2.174686505E0,3.257289307E0
2.519961641E2,1.941815295E0,-8.135324693E-1,1.767911500E0,2.749180385E0
2.520061531E2,1.324712580E0,-9.829040873E-1,8.519901913E-1,1.856569727E0
2.520161411E2,4.274515640E-1,-1.343186127E0,-6.191039242E-2,1.410920518E0
2.520261301E2,-5.861196345E-1,-1.640415301E0,-2.751360548E-1,1.763575469E0
2.520361181E2,-1.499886829E0,-1.829470401E0,1.974889778E-1,2.373946997E0
2.520461071E2,-2.364558461E0,-1.875950503E0,5.994623228E-1,3.077284856E0
2.520560951E2,-3.341087622E0,-1.909351553E0,5.820376933E-1,3.891947806E0
2.520660841E2,-4.304304719E0,-1.902957038E0,6.661610001E-1,4.753110043E0
2.520760721E2,-4.947879387E0,-1.646357242E0,1.004469057E0,5.310457671E0
2.520860611E2,-5.136138096E0,-1.220572938E0,1.215807311E0,5.417370234E0
2.520960491E2,-4.934252450E0,-6.981949711E-1,1.043317958E0,5.091447321E0
2.521060381E2,-4.402129221E0,-2.702711713E-1,5.132450549E-1,4.440181153E0
2.521160261E2,-3.853251965E0,-1.061129308E-1,-1.133523685E-1,3.856379055E0
2.521260151E2,-3.130477638E0,4.358514547E-3,-7.062660290E-1,3.209162031E0
2.521360031E2,-2.177451800E0,4.628889799E-2,-1.396973494E0,2.587464772E0
2.521459921E2,-1.308939131E0,-1.174828416E-1,-1.727764517E0,2.170781908E0
2.521559801E2,-6.869520910E-1,-2.009541839E-1,-1.652622680E0,1.800957379E0
2.521659691E2,-3.413721442E-1,-1.329042882E-1,-1.324485562E0,1.374212682E0
2.521759571E2,-3.347914685E-1,-6.393345594E-2,-9.462271348E-1,1.005742812E0
2.521859461E2,-4.822040874E-1,6.669334173E-3,-6.520864597E-1,8.110376149E-1
2.521959341E2,-7.649109708E-1,1.708363456E-1,-3.979530188E-1,8.789996902E-1
2.522059231E2,-1.134572164E0,3.768986571E-1,-3.063762662E-1,1.234168955E0
2.522159111E2,-1.546940542E0,5.461053836E-1,-2.112210175E-1,1.654046689E0
2.522259001E2,-1.651134417E0,8.720467257E-1,-2.574786329E-1,1.884941803E0
2.522358881E2,-1.454986937E0,1.062309861E0,-4.074424651E-1,1.847024252E0
2.522458771E2,-1.077895322E0,1.046244051E0,-5.870554814E-1,1.612798523E0
2.522558651E2,-7.033222483E-1,9.133783543E-1,-7.664457187E-1,1.384327000E0
2.522658541E2,-4.793509385E-1,7.874480402E-1,-9.010129550E-1,1.289060155E0
2.522758421E2,-4.476884119E-1,6.238575643E-1,-9.311106205E-1,1.206892772E0
2.522858311E2,-5.630473255E-1,3.895783442E-1,-7.911969826E-1,1.046320334E0
2.522958191E2,-7.466680234E-1,2.529634130E-1,-5.957777730E-1,9.881572649E-1
2.523058081E2,-1.003869352E0,1.298397624E-1,-5.059230253E-1,1.131622794E0
2.523157961E2,-1.226621883E0,8.640781403E-2,-4.731698468E-1,1.317557307E0
2.523257851E2,-1.433704826E0,1.306203657E-1,-4.266333193E-1,1.501528287E0
2.523357731E2,-1.605695997E0,2.050519127E-1,-3.974796867E-1,1.666822133E0
2.523457621E2,-1.685570132E0,2.849587923E-1,-4.187246677E-1,1.760022310E0
2.523557501E2,-1.724442714E0,4.026287448E-1,-4.818313274E-1,1.835204078E0
2.523657391E2,-1.740420669E0,4.491374981E-1,-5.636043459E-1,1.883729932E0
2.523757271E2,-1.662244127E0,5.885099763E-1,-5.647550780E-1,1.851579819E0
2.523857161E2,-1.528473866E0,6.667889911E-1,-5.117746264E-1,1.744348929E0
2.523957041E2,-1.371399966E0,7.092690128E-1,-4.305176246E-1,1.602855522E0
2.524056931E2,-1.208503262E0,6.360683048E-1,-2.350107068E-1,1.385746389E0
2.524156811E2,-9.840491183E-1,4.619651198E-1,-3.387701333E-2,1.087617622E0
2.524256701E2,-6.054062368E-1,2.654326004E-1,9.868930578E-3,6.611116189E-1
2.524356581E2,-1.630396682E-1,1.057644367E-1,-4.093460262E-2,1.986043584E-1
2.524456471E2,2.832632460E-1,5.970884264E-2,1.751971990E-2,2.900175046E-1
2.524556351E2,6.416079569E-1,3.014590502E-2,4.791442394E-2,6.441004098E-1
2.524656241E2,8.552929911E-1,1.008311409E-1,2.008167744E-2,8.614501108E-1
2.524756121E2,1.013096185E0,1.578292143E-1,1.643877438E-1,1.038410936E0
2.524856011E2,1.164583071E0,1.413488370E-1,2.616827810E-1,1.201961356E0
2.524955891E2,1.261076016E0,1.171062809E-1,2.816770425E-1,1.297446938E0
2.525055781E2,1.250726299E0,1.547126484E-1,3.415420058E-1,1.305719426E0
2.525155661E2,1.281043235E0,1.981896204E-1,4.548733243E-1,1.373776050E0
2.525255551E2,1.193753807E0,2.215305358E-1,5.804376027E-1,1.345745793E0
2.525355431E2,1.201341738E0,3.125652516E-1,6.614212471E-1,1.406555038E0
2.525455321E2,1.224958496E0,3.844041431E-1,7.684849352E-1,1.496281711E0
2.525555201E2,1.230888450E0,4.395106423E-1,8.204582039E-1,1.543181015E0
2.525655091E2,1.189035688E0,4.761715150E-1,9.164858571E-1,1.574957620E0
2.525754971E2,1.195643773E0,5.204127181E-1,1.099296131E0,1.705533762E0
2.525854861E2,1.103988083E0,4.944241834E-1,1.244037522E0,1.735187113E0
2.525954741E2,9.194476180E-1,4.157762092E-1,1.350423080E0,1.685792476E0
2.526054631E2,7.856811579E-1,3.383415323E-1,1.475999199E0,1.705972892E0
2.526154511E2,7.575866023E-1,2.957457358E-1,1.589580193E0,1.785544228E0
2.526254401E2,8.472002985E-1,2.667605031E-1,1.589993591E0,1.821260314E0
2.526354281E2,9.835599987E-1,3.147070867E-1,1.612887195E0,1.915159504E0
2.526454171E2,1.123800935E0,2.510402638E-1,1.622522675E0,1.989605385E0
2.526554051E2,1.207277247E0,2.523096943E-1,1.522306808E0,1.959233664E0
2.526653941E2,1.216028482E0,2.853575724E-1,1.608631591E0,2.036627067E0
2.526753821E2,1.172538354E0,4.306567883E-1,1.785854558E0,2.179354942E0
2.526853701E2,1.233693798E0,4.891295296E-1,1.769993401E0,2.212266874E0
2.526953591E2,1.295651918E0,5.482039493E-1,1.693333772E0,2.201504197E0
2.527053481E2,1.143269531E0,5.265949792E-1,1.667142193E0,2.088954424E0
2.527153361E2,7.357953452E-1,4.471050060E-1,1.473204814E0,1.706349935E0
2.527253251E2,2.968309790E-1,4.669153726E-1,1.314594704E0,1.426281119E0
2.527353131E2,-1.808530645E-1,4.854937309E-1,1.196931768E0,1.304246009E0
2.527453011E2,-6.624468488E-1,4.759481514E-1,9.405287308E-1,1.244972596E0
2.527552901E2,-9.808024518E-1,3.993209749E-1,7.274544382E-1,1.284764823E0
2.527652781E2,-1.204284934E0,1.917910123E-1,7.941027564E-1,1.455226849E0
2.527752671E2,-1.383846349E0,-1.575415313E-2,9.874871349E-1,1.700120511E0
2.527852551E2,-1.519343146E0,-2.706757987E-1,1.325612320E0,2.034432847E0
2.527952441E2,-1.628213186E0,-5.786311054E-1,1.326306092E0,2.178297497E0
2.528052331E2,-1.599391821E0,-7.846688586E-1,8.102706000E-1,1.957114677E0
2.528152211E2,-1.343654050E0,-8.045341891E-1,6.790696058E-1,1.706990626E0
2.528252101E2,-1.006948277E0,-6.955613852E-1,7.755203050E-1,1.448855485E0
2.528351981E2,-5.264065526E-1,-5.229404694E-1,7.774709362E-1,1.074723988E0
2.528451861E2,6.992568254E-2,-2.183180755E-1,4.384511268E-1,4.947643619E-1
2.528551751E2,4.970931450E-1,3.200765848E-3,-1.595155513E-1,5.220699673E-1
2.528651631E2,5.161651544E-1,3.094071704E-1,-7.857970789E-1,9.897657869E-1
2.528751521E2,1.025233251E-1,6.712340444E-1,-9.821533048E-1,1.194023153E0
2.528851401E2,-4.632196400E-1,7.944424796E-1,-6.172385162E-1,1.107562492E0
2.528951291E2,-7.736562127E-1,5.935356581E-1,-2.266445106E-1,1.001097521E0
2.529051171E2,-6.685435943E-1,2.185817850E-1,-1.001899937E-1,7.104692598E-1
2.529151061E2,-2.668754008E-1,-1.356016088E-1,-2.470881307E-1,3.881530886E-1
2.529250941E2,1.677634875E-1,-2.987933046E-1,-5.725380144E-1,6.672494320E-1
2.529350831E2,5.196046329E-1,-3.398091835E-1,-7.664457187E-1,9.863560693E-1
2.529450721E2,6.986142164E-1,-4.290751165E-1,-7.991585514E-1,1.144911206E0
2.529550601E2,7.364432167E-1,-5.224405324E-1,-9.658471745E-1,1.322177555E0
2.529650481E2,6.821350086E-1,-5.606819075E-1,-1.088845695E0,1.401876356E0
2.529750371E2,6.291421317E-1,-5.922516096E-1,-1.055061214E0,1.363721363E0
2.529850251E2,6.080813380E-1,-6.338159573E-1,-1.028395717E0,1.352436074E0
2.529950140E2,5.852621403E-1,-5.878819853E-1,-1.043012295E0,1.332670870E0
2.530050020E2,5.570135106E-1,-3.874505424E-1,-9.503219399E-1,1.167687357E0
2.530149910E2,4.843188791E-1,-1.582256556E-1,-8.501348698E-1,9.911253360E-1
2.530249800E2,3.200786313E-1,-4.695314169E-3,-7.989810884E-1,8.607224616E-1
2.530349680E2,1.151136960E-1,-2.054770052E-2,-6.765430239E-1,6.865739830E-1
2.530449560E2,-1.010594746E-1,-4.887570620E-2,-5.371111965E-1,5.487169484E-1
2.530549450E2,-2.263718842E-1,-9.693455637E-2,-4.428612430E-1,5.067214410E-1
2.530649330E2,-2.417259416E-1,-1.259221280E-1,-5.031271791E-1,5.722104259E-1
2.530749220E2,-2.202125734E-1,-9.606975317E-2,-6.141874391E-1,6.595067743E-1
2.530849100E2,-1.664810470E-1,-8.835493684E-2,-6.389919126E-1,6.662080743E-1
2.530948990E2,-8.800878167E-2,-1.106258118E-1,-6.265024062E-1,6.422529726E-1
2.531048870E2,3.947616085E-2,-1.483672500E-1,-6.008763988E-1,6.201803406E-1
2.531148760E2,1.978421496E-1,-1.652130783E-1,-5.020568463E-1,5.643562300E-1
2.531248640E2,2.874005896E-1,-1.446723944E-1,-4.027901280E-1,5.155279700E-1
2.531348530E2,3.489866808E-1,-1.727501392E-1,-2.842473324E-1,4.821108378E-1
2.531448410E2,4.041105755E-1,-2.095665479E-1,-1.867514433E-1,4.920361742E-1
2.531548300E2,4.294376439E-1,-2.447632778E-1,-1.876641937E-1,5.287188305E-1
2.531648180E2,3.999654843E-1,-2.388388789E-1,-2.453604247E-1,5.265150868E-1
2.531748070E2,3.343788743E-1,-2.171989185E-1,-2.888293567E-1,4.923484529E-1
2.531847950E2,3.561072738E-1,-2.310509723E-1,-2.869329585E-1,5.123743407E-1
2.531947840E2,3.568570331E-1,-2.405088437E-1,-3.561316860E-1,5.585885997E-1
2.532047720E2,3.038096309E-1,-1.586466551E-1,-4.421272713E-1,5.594153886E-1
2.532147610E2,2.731822076E-1,-4.151523113E-2,-4.530280893E-1,5.306472299E-1
2.532247490E2,3.101167300E-1,7.473677158E-2,-3.779331757E-1,4.945618835E-1
2.532347380E2,3.276108684E-1,1.699405521E-1,-3.132945456E-1,4.841096411E-1
2.532447260E2,3.171092691E-1,1.317974102E-1,-3.008822224E-1,4.565730583E-1
2.532547150E2,3.288674350E-1,2.362859845E-2,-3.136833854E-1,4.550927013E-1
2.532647030E2,3.432260039E-1,-7.875614762E-2,-3.151789570E-1,4.725932665E-1
2.532746920E2,3.495480135E-1,-1.534835637E-1,-3.464241385E-1,5.155101375E-1
2.532846800E2,2.956327383E-1,-2.563471967E-1,-3.997225325E-1,5.593663417E-1
2.532946690E2,2.079255268E-1,-2.594848126E-1,-4.609231460E-1,5.683445603E-1
2.533046570E2,1.441819592E-1,-2.102454096E-1,-5.329592349E-1,5.907936320E-1
2.533146460E2,5.112176791E-2,-1.045686811E-1,-6.074860914E-1,6.185364949E-1
2.533246340E2,-3.805674925E-2,-3.195152521E-2,-6.633403033E-1,6.651988982E-1
2.533346230E2,-1.657362579E-1,2.633936763E-2,-6.930138995E-1,7.130431504E-1
2.533446110E2,-3.396843454E-1,2.330583215E-2,-6.178461881E-1,7.054520030E-1
2.533546000E2,-5.554585898E-1,-1.478351533E-2,-4.714650911E-1,7.287195136E-1
2.533645880E2,-6.723503510E-1,-1.957647800E-2,-3.489967673E-1,7.577842546E-1
2.533745770E2,-7.144665297E-1,2.445714891E-2,-2.213960499E-1,7.483827798E-1
2.533845650E2,-7.675485036E-1,2.603882074E-2,-1.431961186E-1,7.812258661E-1
2.533945540E2,-7.192002162E-1,8.704282165E-2,-9.991780579E-2,7.313063460E-1
2.534045420E2,-6.495011864E-1,1.488473064E-1,-8.748794094E-2,6.720576252E-1
2.534145310E2,-5.688224012E-1,1.636828619E-1,-7.754182711E-2,5.969620912E-1
2.534245190E2,-4.433096514E-1,1.522176415E-1,-1.308554238E-1,4.866382633E-1
2.534345080E2,-2.572049832E-1,5.356517315E-2,-1.981820190E-1,3.290892642E-1
2.534444960E2,-7.372169495E-2,-1.212256444E-1,-2.953563112E-1,3.276673553E-1
2.534544850E2,1.451995209E-2,-3.143047982E-1,-3.708403569E-1,4.863341501E-1
2.534644730E2,1.037512404E-1,-3.645639557E-1,-4.039355975E-1,5.539270391E-1
2.534744620E2,1.415092700E-1,-3.365055066E-1,-4.029503417E-1,5.437185001E-1
2.534844500E2,1.449659977E-1,-2.570248890E-1,-2.586110924E-1,3.923730765E-1
2.534944390E2,1.924561331E-1,-2.132695895E-1,-7.956160158E-3,2.873788118E-1
2.535044270E2,2.795689751E-1,-1.520977736E-1,1.112894708E-1,3.371615205E-1
2.535144160E2,4.768468684E-1,-7.940284967E-2,5.684180662E-2,4.867429911E-1
2.535244040E2,6.001796300E-1,1.709082663E-2,-9.461379647E-3,6.004974624E-1
2.535343930E2,5.984260500E-1,1.387766469E-1,-3.180110559E-2,6.151292591E-1
2.535443810E2,5.727004208E-1,2.022522658E-1,-6.072187275E-3,6.073949477E-1
2.535543700E2,4.719739451E-1,2.084339422E-1,1.147580391E-1,5.285579633E-1
2.535643580E2,3.428764135E-1,1.491537005E-1,2.124310988E-1,4.300442222E-1
2.535743470E2,2.055101882E-1,6.575837195E-2,2.370594250E-1,3.205554116E-1
2.535843350E2,1.032523998E-1,7.898418903E-3,2.580557531E-1,2.780579342E-1
2.535943240E2,3.624235824E-2,-5.865225077E-2,2.180629908E-1,2.287030017E-1
2.536043120E2,-1.086683102E-2,-1.193288076E-1,1.030280860E-1,1.580260701E-1
2.536143010E2,-4.744269982E-2,-1.375177413E-1,1.199468583E-2,1.459651035E-1
2.536242890E2,2.683798894E-3,-2.005285066E-1,-4.299355343E-2,2.051032189E-1
2.536342780E2,1.239049117E-1,-2.923929423E-1,-1.302427818E-1,3.432335095E-1
2.536442660E2,2.133877764E-1,-3.388888317E-1,-2.814131869E-1,4.894623225E-1
2.536542550E2,2.640195476E-1,-3.125863016E-1,-4.690947761E-1,6.224680123E-1
2.536642430E2,2.494045783E-1,-1.891773069E-1,-5.683832753E-1,6.488838453E-1
2.536742320E2,1.464522137E-1,-6.656528771E-2,-6.216597421E-1,6.421370753E-1
2.536842200E2,6.181902967E-2,4.893651724E-2,-5.987420189E-1,6.039109043E-1
2.536942090E2,-4.147934385E-2,1.222126544E-1,-4.939764328E-1,5.105577196E-1
2.537041970E2,-7.901042841E-2,1.205713409E-1,-3.099895531E-1,3.418678386E-1
2.537141860E2,-7.828179225E-2,9.290582478E-2,-9.748536408E-2,1.557656172E-1
2.537241740E2,-3.263477236E-3,4.433008075E-2,1.483302663E-1,1.548472610E-1
2.537341630E2,1.599341389E-1,-8.122776568E-2,3.146551926E-1,3.621943801E-1
2.537441510E2,4.196111056E-1,-2.242459828E-1,4.212369239E-1,6.354528203E-1
2.537541400E2,7.343288635E-1,-2.736005759E-1,4.900319012E-1,9.242442421E-1
2.537641280E2,1.082456515E0,-2.355439728E-1,5.133317399E-1,1.220943302E0
2.537741170E2,1.405973090E0,-2.210218281E-1,4.986569828E-1,1.508068223E0
2.537841050E2,1.695153134E0,-2.087017447E-1,4.409180671E-1,1.763947082E0
2.537940940E2,1.861397076E0,-1.904759735E-1,3.772196692E-1,1.908762649E0
2.538040820E2,1.891591367E0,-2.139759332E-1,2.932248549E-1,1.926106024E0
2.538140710E2,1.854237014E0,-2.044537425E-1,2.022737543E-1,1.876409046E0
2.538240590E2,1.744781230E0,-2.215252733E-1,1.485664938E-1,1.765051555E0
2.538340480E2,1.566685859E0,-1.621894830E-1,4.688355982E-2,1.575756351E0
2.538440360E2,1.417745728E0,-1.136382973E-1,1.781120360E-2,1.422404250E0
2.538540250E2,1.250970566E0,-6.804638743E-2,-1.860291660E-2,1.252957995E0
2.538640130E2,1.082291697E0,2.345493615E-2,-8.333729491E-2,1.085748846E0
2.538740020E2,9.232597102E-1,7.779895842E-2,-1.598484041E-1,9.402194865E-1
2.538839900E2,7.647924185E-1,3.086862087E-2,-1.857245260E-1,7.876254914E-1
2.538939790E2,6.135284579E-1,-5.664022386E-2,-2.459644420E-1,6.634182620E-1
2.539039670E2,5.709988810E-1,-1.550406772E-1,-3.991740637E-1,7.137347314E-1
2.539139560E2,6.073963366E-1,-2.836384910E-1,-5.999674492E-1,8.996343943E-1
2.539239440E2,5.340425777E-1,-4.091010278E-1,-8.409009469E-1,1.076884176E0
2.539339330E2,4.048334375E-1,-4.536638278E-1,-9.998873252E-1,1.170245976E0
2.539439210E2,1.843865369E-1,-4.591362369E-1,-1.101791430E0,1.207786750E0
2.539539100E2,-4.094732031E-2,-4.234237826E-1,-1.132727879E0,1.209973896E0
2.539638980E2,-2.406700806E-1,-3.448529917E-1,-1.141443300E0,1.216445017E0
2.539738870E2,-4.407752489E-1,-2.595403612E-1,-1.155804061E0,1.263933166E0
2.539838750E2,-7.249437900E-1,-1.748533827E-1,-1.167148683E0,1.385046300E0
2.539938640E2,-8.952647035E-1,-1.303174800E-1,-1.089954765E0,1.416503768E0
2.540038531E2,-9.767702119E-1,-9.955586314E-2,-1.040866513E0,1.430871942E0
2.540138421E2,-1.080221929E0,-8.598973811E-2,-1.045436550E0,1.505726147E0
2.540238301E2,-1.210647144E0,-6.208748996E-2,-9.408767863E-1,1.534526145E0
2.540338191E2,-1.281935520E0,-3.356711090E-2,-7.951428299E-1,1.508886194E0
2.540438071E2,-1.307057789E0,-6.143435597E-2,-7.259867871E-1,1.496406048E0
2.540537961E2,-1.349301876E0,-7.283935010E-2,-6.598202795E-1,1.503756604E0
2.540637841E2,-1.417813702E0,-1.261367208E-1,-6.627972431E-1,1.570161250E0
2.540737731E2,-1.543387336E0,-1.627455533E-1,-6.897862364E-1,1.698333193E0
2.540837611E2,-1.787150447E0,-9.553941071E-2,-7.247255427E-1,1.930870688E0
2.540937501E2,-1.988765659E0,1.018234134E-2,-6.831268425E-1,2.102844457E0
2.541037381E2,-2.109894239E0,1.502219868E-1,-5.055796476E-1,2.174817493E0
2.541137271E2,-2.068606026E0,2.859031177E-1,-4.017768055E-1,2.126569088E0
2.541237151E2,-1.805619316E0,3.284258240E-1,-3.924012338E-1,1.876726769E0
2.541337041E2,-1.495474227E0,3.005989248E-1,-4.079263222E-1,1.578989158E0
2.541436921E2,-1.082272840E0,2.359047461E-1,-4.948125847E-1,1.213179724E0
2.541536811E2,-7.082717702E-1,1.676496130E-1,-5.633760121E-1,9.204063365E-1
2.541636691E2,-4.141935141E-1,1.262682831E-1,-5.654070425E-1,7.121692707E-1
2.541736581E2,-1.947580357E-1,5.615724385E-2,-5.657591911E-1,6.009723711E-1
2.541836461E2,1.130531372E-1,4.994633138E-2,-6.283572891E-1,6.403971663E-1
2.541936351E2,4.145987262E-1,1.176810622E-2,-7.357495907E-1,8.446052642E-1
2.542036231E2,4.675973041E-1,7.251599908E-2,-7.448431805E-1,8.824381975E-1
2.542136121E2,3.294523028E-1,5.445745826E-2,-4.445481648E-1,5.559923609E-1
2.542236001E2,2.002193351E-1,-1.010100657E-1,-2.337497547E-1,3.239286393E-1
2.542335891E2,6.911321193E-2,-1.457418501E-1,-4.393083286E-1,4.679841136E-1
2.542435771E2,-2.327175750E-1,-1.150632638E-1,-8.029105635E-1,8.438378976E-1
2.542535661E2,-7.965236498E-1,-1.663983089E-1,-8.223494858E-1,1.156891092E0
2.542635541E2,-1.210974295E0,-3.716642296E-1,-5.579553509E-1,1.384163002E0
2.542735431E2,-1.392843752E0,-5.450967389E-1,-2.658191013E-1,1.519145802E0
2.542835311E2,-1.417012926E0,-5.559971184E-1,-8.211201087E-2,1.524401787E0
2.542935201E2,-1.350058944E0,-5.559333837E-1,-9.461423501E-2,1.463103870E0
2.543035081E2,-1.217654008E0,-4.645022267E-1,-5.854656234E-2,1.304557895E0
2.543134971E2,-1.101339733E0,-3.587828135E-1,5.273311436E-3,1.158318662E0
2.543234851E2,-1.148870872E0,-1.136032140E-1,-3.449301749E-2,1.154989064E0
2.543334741E2,-1.215326670E0,1.649932230E-1,-1.194726491E-1,1.232280566E0
2.543434621E2,-1.254284183E0,3.053439403E-1,-1.067514467E-1,1.295322201E0
2.543534511E2,-1.294117316E0,3.684406596E-1,-3.097854853E-2,1.345900375E0
2.543634391E2,-1.213222257E0,4.326881111E-1,1.031855223E-1,1.292197547E0
2.543734281E2,-1.042710140E0,4.463828748E-1,1.623227996E-1,1.145797014E0
2.543834161E2,-8.129009700E-1,3.310459614E-1,1.793425825E-1,8.958589049E-1
2.543934051E2,-4.620693465E-1,1.889779168E-1,2.490089411E-1,5.578764977E-1
2.544033931E2,-1.403115410E-1,9.377589047E-2,2.157072937E-1,2.738811471E-1
2.544133821E2,7.514724612E-2,5.262669504E-2,2.836080855E-1,2.980775466E-1
2.544233701E2,3.055639417E-1,9.450562298E-2,4.200265503E-1,5.279421732E-1
2.544333591E2,6.446423694E-1,1.854549694E-1,5.156744269E-1,8.460954111E-1
2.544433471E2,1.000196935E0,3.197099644E-1,4.773468053E-1,1.153459294E0
2.544533361E2,1.302461732E0,4.641022772E-1,4.399930376E-1,1.450996678E0
2.544633241E2,1.404867966E0,5.392974705E-1,3.970540094E-1,1.556325047E0
2.544733131E2,1.336575265E0,5.084048760E-1,4.821491235E-1,1.509097987E0
2.544833011E2,1.165621244E0,4.373202753E-1,6.199060160E-1,1.390757124E0
2.544932901E2,1.058003971E0,3.372100961E-1,8.347335961E-1,1.389195173E0
2.545032781E2,8.514113170E-1,2.926309240E-1,9.907978284E-1,1.338736130E0
2.545132671E2,7.890012069E-1,2.087444293E-1,1.043544684E0,1.324795323E0
2.545232551E2,7.300525023E-1,2.257463783E-1,1.052828308E0,1.300917188E0
2.545332441E2,7.327460222E-1,2.653665268E-1,1.006165773E0,1.272676585E0
2.545432321E2,8.231577171E-1,1.713824755E-1,9.679881325E-1,1.282170661E0
2.545532211E2,8.917837098E-1,7.616641581E-2,9.374916869E-1,1.296136633E0
2.545632091E2,8.920683230E-1,-6.869893670E-3,9.387663800E-1,1.295034905E0
2.545731981E2,9.142352638E-1,4.943294585E-2,1.001498818E0,1.356933902E0
2.545831861E2,9.502352549E-1,2.787934881E-1,9.782312849E-1,1.391980350E0
2.545931751E2,9.884136263E-1,5.288572669E-1,9.095238698E-1,1.443566824E0
2.546031631E2,9.585384473E-1,6.877641231E-1,7.311159647E-1,1.387928672E0
2.546131521E2,9.133804008E-1,7.714243305E-1,5.571689004E-1,1.319013434E0
2.546231401E2,8.177296007E-1,7.643866217E-1,3.845345360E-1,1.183568932E0
2.546331291E2,6.871975279E-1,7.504562151E-1,2.071846846E-1,1.038436549E0
2.546431181E2,4.844216439E-1,7.011483997E-1,1.367868394E-1,8.631245837E-1
2.546531061E2,2.668593210E-1,7.059103721E-1,1.371417654E-1,7.670275187E-1
2.546630951E2,5.704748243E-2,7.160552913E-1,1.534759623E-1,7.345369061E-1
2.546730831E2,-1.253369679E-1,6.265958154E-1,3.205238968E-1,7.148896697E-1
2.546830721E2,-2.778745982E-1,5.075932825E-1,4.822590512E-1,7.532854872E-1
2.546930601E2,-3.686097904E-1,3.761203927E-1,5.311870900E-1,7.479969598E-1
2.547030491E2,-3.984528096E-1,2.580808961E-1,5.267201096E-1,7.090870640E-1
2.547130371E2,-3.974966437E-1,1.830459166E-1,4.326498118E-1,6.153821975E-1
2.547230251E2,-4.106970254E-1,1.414692897E-1,2.518930802E-1,5.021311884E-1
2.547330141E2,-3.956967245E-1,1.089663720E-1,1.468677315E-1,4.359124896E-1
2.547430031E2,-4.524622250E-1,5.138825476E-2,1.926183933E-1,4.944336793E-1
2.547529911E2,-4.814033112E-1,-3.395595074E-2,2.692277357E-1,5.526171625E-1
2.547629801E2,-5.181409286E-1,-1.508663499E-1,2.426345989E-1,5.916943688E-1
2.547729681E2,-5.962785870E-1,-2.930413985E-1,3.111437935E-1,7.336428796E-1
2.547829571E2,-5.960258411E-1,-4.090554196E-1,3.676240960E-1,8.109997629E-1
2.547929451E2,-5.104348831E-1,-4.609108669E-1,4.535147238E-1,8.238071387E-1
2.548029341E2,-3.333139502E-1,-4.330646718E-1,5.235181743E-1,7.567790154E-1
2.548129221E2,-2.051138932E-1,-3.781739348E-1,5.487486175E-1,6.972892365E-1
2.548229111E2,-5.976292938E-3,-3.305413467E-1,6.003766081E-1,6.853797265E-1
2.548328991E2,1.732791661E-1,-2.476658356E-1,6.862877011E-1,7.499032233E-1
2.548428881E2,2.442475533E-1,-1.667187363E-1,6.830126756E-1,7.442837627E-1
2.548528761E2,2.336225778E-1,-1.196141517E-1,7.503503805E-1,7.949293979E-1
2.548628651E2,2.620543715E-1,-1.341468215E-2,7.566104096E-1,8.008194299E-1
2.548728531E2,2.411510141E-1,1.493712169E-1,7.402496079E-1,7.927389570E-1
2.548828421E2,1.992614150E-2,4.309333616E-1,6.577965581E-1,7.866364632E-1
2.548928301E2,-4.886328086E-1,5.960236484E-1,-2.059173006E-1,7.977519325E-1
2.549028191E2,-9.012652624E-1,3.900689256E-1,-4.054316369E0,4.171560147E0
2.549128071E2,1.077395385E0,-8.856485188E-2,2.882570897E0,3.078609999E0
2.549227961E2,9.824437653E-1,-5.941671574E-1,2.557103764E0,2.803035859E0
2.549327841E2,8.228897685E-1,-4.349965918E-1,1.791267326E0,2.018664964E0
2.549427731E2,7.842651084E-1,-2.674294245E-1,6.926056176E-1,1.079950369E0
2.549527611E2,9.001487365E-1,-1.967588067E-1,1.848192309E0,2.065138394E0
2.549627501E2,6.355484873E-2,-3.060122770E-1,-1.812784494E0,1.839529928E0
2.549727381E2,6.081307469E-1,4.063580990E-2,4.745252314E-1,7.724302361E-1
2.549827271E2,9.693557963E-2,-1.100136083E-1,4.531080499E-1,4.762419611E-1
2.549927151E2,2.218658736E-1,-1.765724641E-1,-7.346687329E-1,7.874899669E-1
2.550027037E2,3.997060141E-1,-1.361933470E-2,-3.482247886E-1,5.302932089E-1
2.550126917E2,3.903598246E-1,5.635897279E-2,-4.049442422E-1,5.652760085E-1
2.550226807E2,2.242709796E-1,1.085319239E-1,-3.130514476E-1,4.000973127E-1
2.550326687E2,4.818339586E-2,2.192735106E-1,-1.917638227E-1,2.952556109E-1
2.550426577E2,2.305981055E-2,2.668628293E-1,3.261021405E-2,2.698350433E-1
2.550526457E2,6.147937953E-2,2.532996279E-1,1.559899727E-1,3.037651843E-1
2.550626347E2,2.418238825E-1,2.685643691E-1,3.012742782E-1,4.705016484E-1
2.550726227E2,2.777345574E-1,3.015648848E-1,9.538329005E-2,4.209226011E-1
2.550826117E2,2.107716590E-1,2.672393900E-1,-1.019953215E-1,3.553092026E-1
2.550925997E2,-2.093025461E-2,3.596458626E-1,-2.404532951E-1,4.331293215E-1
2.551025887E2,-3.580505960E-1,4.301907653E-1,-1.951172009E-1,5.927352241E-1
2.551125767E2,-4.810719202E-1,2.759301066E-1,-2.483698404E-1,6.076637177E-1
2.551225657E2,-5.886960639E-1,1.514370382E-1,-4.661210284E-1,7.660059042E-1
2.551325537E2,-7.648020664E-1,3.411727542E-1,-7.831292868E-2,8.411028259E-1
2.551425427E2,-7.717772099E-1,3.877756476E-1,3.087160295E-1,9.172325777E-1
2.551525307E2,-8.598953345E-1,1.981410885E-1,-7.274667174E-2,8.854219082E-1
2.551625197E2,-9.070804645E-1,1.920938981E-1,-1.028724039E-1,9.328867918E-1
2.551725077E2,-8.849819362E-1,2.218579799E-1,-5.421216756E-2,9.139764492E-1
2.551824967E2,-8.150461672E-1,2.219100201E-1,2.583270639E-2,8.451104309E-1
2.551924847E2,-7.526477516E-1,2.617131865E-1,6.222928494E-2,7.992777451E-1
2.552024737E2,-7.727956487E-1,2.474535817E-1,-1.322672340E-1,8.221563178E-1
2.552124617E2,-7.409268616E-1,3.960950661E-1,6.276255101E-2,8.424981029E-1
2.552224507E2,-8.533159013E-1,3.606866670E-1,1.448252991E-1,9.376658607E-1
2.552324387E2,-1.091839323E0,3.813758701E-1,2.919003144E-1,1.192797743E0
2.552424277E2,-1.161549389E0,4.182905120E-1,4.153467312E-1,1.302565485E0
2.552524157E2,-9.588986358E-1,4.811527580E-1,5.165298745E-1,1.190713098E0
2.552624047E2,-7.800178371E-1,3.487273568E-1,5.945884493E-1,1.040948615E0
2.552723927E2,-6.147452635E-1,2.954574680E-1,6.188447464E-1,9.209645348E-1
2.552823817E2,-4.706096435E-1,5.154016542E-1,5.563140374E-1,8.925231706E-1
2.552923697E2,-4.918704119E-1,6.083127415E-1,4.010651994E-1,8.791098838E-1
2.553023587E2,-5.844806600E-1,5.427356333E-1,5.340811694E-1,9.599074460E-1
2.553123467E2,-5.240612344E-1,6.639706331E-1,5.832378343E-1,1.027454890E0
2.553223357E2,-3.622790100E-1,8.897468323E-1,6.963051510E-1,1.186480666E0
2.553323237E2,-2.998436107E-1,1.175534175E0,5.210246292E-1,1.320323238E0
2.553423127E2,-3.128343697E-1,1.222925273E0,3.583729237E-1,1.312190047E0
2.553523007E2,-3.833683088E-1,1.152700213E0,3.420150456E-1,1.262007660E0
2.553622897E2,-4.297321974E-1,1.101620691E0,3.414934739E-1,1.230794744E0
2.553722777E2,-4.741312753E-1,9.201734036E-1,5.065276274E-1,1.152427784E0
2.553822667E2,-6.436407414E-1,3.086692518E-1,7.986855116E-1,1.071190299E0
2.553922547E2,-5.991869920E-1,-1.154959577E-1,1.305058773E0,1.440674414E0
2.554022437E2,-5.536557470E-1,-2.143823147E-1,1.501892131E0,1.614984346E0
2.554122317E2,-4.877604041E-1,-3.975276339E-1,1.459898306E0,1.589730007E0
2.554222207E2,-3.432274657E-1,-5.768430269E-1,1.217261660E0,1.390064358E0
2.554322087E2,-1.494678421E-1,-4.543847895E-1,9.971373796E-1,1.105933600E0
2.554421977E2,-4.261699274E-2,-2.220807588E-1,8.339196637E-1,8.640359235E-1
2.554521857E2,-5.055721924E-2,-1.089991164E-1,9.557271060E-1,9.632503003E-1
2.554621747E2,-9.581247568E-3,1.410991609E-2,1.001235401E0,1.001380656E0
2.554721627E2,-2.135812461E-2,2.873906493E-3,9.436643001E-1,9.439103454E-1
2.554821517E2,2.873000175E-2,-3.994116068E-2,8.787564057E-1,8.801326774E-1
2.554921397E2,4.971302748E-2,-1.206608033E-1,8.526275378E-1,8.625567418E-1
2.555021287E2,5.110115647E-2,-3.102965319E-1,8.139865056E-1,8.726220815E-1
2.555121167E2,1.083689328E-1,-4.439428318E-1,7.272798988E-1,8.589325437E-1
2.555221057E2,1.455442142E-1,-4.314982027E-1,5.734405321E-1,7.322621532E-1
2.555320937E2,1.823422042E-1,-3.050673670E-1,4.082593212E-1,5.412859236E-1
2.555420827E2,1.943529698E-1,-4.784718096E-2,1.888486934E-1,2.751840449E-1
2.555520707E2,2.163162813E-1,3.355132341E-1,-2.834437788E-2,4.002065312E-1
2.555620597E2,1.947030719E-1,6.230255055E-1,-1.762970603E-1,6.761292186E-1
2.555720477E2,1.378919631E-2,6.971407181E-1,-2.259945926E-1,7.329862745E-1
2.555820367E2,-1.446925673E-1,5.785182542E-1,-1.040833622E-1,6.053533313E-1
2.555920247E2,-1.625562496E-1,3.722144526E-1,-2.784882635E-2,4.071163104E-1
2.556020137E2,-9.670388371E-2,1.242036313E-1,4.031245887E-2,1.624908536E-1
2.556120017E2,4.871724665E-2,-2.267655480E-1,2.284790745E-1,3.255743715E-1
2.556219907E2,2.096536714E-1,-5.409060395E-1,4.515988836E-1,7.351704273E-1
2.556319787E2,7.307382345E-2,-6.655265772E-1,4.532556921E-1,8.085209528E-1
2.556419677E2,-1.294577931E-1,-6.364378488E-1,3.570799582E-1,7.411602742E-1
2.556519557E2,-2.143454772E-1,-3.927428573E-1,2.350563151E-1,5.054131051E-1
2.556619447E2,-2.881904022E-1,-9.034182072E-2,1.371040508E-1,3.316818856E-1
2.556719327E2,-2.312699506E-1,1.041330636E-1,5.505504370E-2,2.595390969E-1
2.556819217E2,-3.431116909E-2,2.571546972E-1,-5.285590589E-3,2.594874411E-1
2.556919097E2,2.283478045E-1,4.532141769E-1,-3.860624135E-2,5.089560412E-1
2.557018987E2,2.126218642E-1,5.395301896E-1,-1.541269036E-1,6.000466524E-1
2.557118867E2,4.550537109E-2,2.454783922E-1,-2.922043696E-1,3.843354960E-1
2.557218757E2,8.917764008E-2,8.445659816E-2,-2.348715430E-1,2.650475621E-1
2.557318637E2,9.859268054E-2,-1.193562895E-1,-2.155789474E-1,2.654067125E-1
2.557418527E2,-4.109964028E-2,-1.682466137E-1,-1.814714076E-1,2.508544902E-1
2.557518407E2,1.895737481E-1,-6.464272320E-2,-4.168705156E-1,4.624909885E-1
2.557618297E2,3.997054294E-1,8.165344298E-2,-7.979177722E-1,8.961609712E-1
2.557718177E2,2.553932235E-1,1.781880498E-2,-9.482969029E-1,9.822475373E-1
2.557818067E2,-1.285902125E-1,3.742159545E-2,-9.963655472E-1,1.005325879E0
2.557917947E2,-3.195642225E-1,-1.424141997E-1,-8.679355484E-1,9.357965659E-1
2.558017837E2,-4.564368698E-1,6.231026888E-2,-6.514401962E-1,7.978668529E-1
2.558117717E2,-1.897956499E-1,-5.418907106E-2,-3.929890251E-1,4.397717795E-1
2.558217607E2,5.794283733E-2,-1.844714677E-1,-3.289136280E-1,3.815380315E-1
2.558317487E2,2.085358299E-1,-2.808575553E-1,-4.966971423E-1,6.075164276E-1
2.558417377E2,3.176397577E-1,-1.933042717E-1,-5.671079975E-1,6.781393942E-1
2.558517257E2,4.032821712E-1,-1.456254905E-1,-7.282867894E-1,8.451301324E-1
2.558617147E2,3.678534530E-1,-2.193395841E-1,-8.932268026E-1,9.905958495E-1
2.558717027E2,2.671984595E-1,-2.727077061E-1,-1.075883587E0,1.141617275E0
2.558816917E2,8.846267179E-2,-1.345631433E-1,-1.250016154E0,1.260346488E0
2.558916797E2,-1.462521659E-1,6.685414016E-2,-1.279631863E0,1.289696428E0
2.559016687E2,-3.254966614E-1,1.831242692E-1,-1.166102031E0,1.224449477E0
2.559116567E2,-3.573090228E-1,9.925823987E-2,-1.069728954E0,1.132184601E0
2.559216457E2,-3.041753742E-1,-1.020239729E-1,-9.921780637E-1,1.042760212E0
2.559316337E2,-1.833995269E-1,-2.741519684E-1,-9.470048144E-1,1.002802476E0
2.559416227E2,1.124611066E-1,-2.733403748E-1,-8.986945340E-1,9.460519682E-1
2.559516107E2,9.913676396E-2,-1.365283924E-1,-8.753167811E-1,8.914300686E-1
2.559615997E2,1.851449208E-1,-7.331238985E-2,-5.466427428E-1,5.817831524E-1
2.559715877E2,3.320516825E-1,-8.158269167E-2,-3.552920258E-1,4.930988532E-1
2.559815767E2,5.277528740E-1,-2.218345910E-1,-2.845502181E-1,6.392984502E-1
2.559915647E2,6.165935683E-1,-4.098360229E-1,-4.065254755E-1,8.446396607E-1
2.560015535E2,5.480582075E-1,-4.722147042E-1,-3.974697465E-1,8.254312358E-1
2.560115415E2,5.381653033E-1,-5.658023143E-1,-2.443535341E-1,8.182070656E-1
2.560215305E2,5.064754410E-1,-5.544791812E-1,-2.349963811E-1,7.868848924E-1
2.560315185E2,4.383933856E-1,-4.843207794E-1,-4.976404443E-2,6.551578726E-1
2.560415075E2,4.707398902E-1,-3.778149158E-1,1.414511633E-1,6.199585360E-1
2.560514955E2,4.787543763E-1,-2.052220666E-1,2.994006841E-1,6.008016471E-1
2.560614845E2,4.843181482E-1,-1.541279268E-1,3.276574999E-1,6.047139189E-1
2.560714725E2,3.593138869E-1,-1.617807627E-1,3.685073179E-1,5.395156419E-1
2.560814615E2,3.261487721E-1,-9.818352163E-2,3.020009409E-1,4.552115923E-1
2.560914495E2,2.745726755E-1,1.904321194E-2,1.447394912E-1,3.109699638E-1
2.561014385E2,4.531329006E-1,2.074650586E-1,1.374447973E-1,5.169741274E-1
2.561114265E2,5.924248333E-1,2.684263748E-1,1.686965570E-2,6.506185419E-1
2.561214155E2,5.878955801E-1,2.208008033E-1,-9.144475177E-2,6.346151199E-1
2.561314035E2,4.820134681E-1,1.604715711E-1,-3.791860878E-2,5.094368749E-1
2.561413925E2,3.361305539E-1,4.128134251E-2,1.799480617E-4,3.386560658E-1
2.561513805E2,2.281017829E-1,-1.784921050E-2,1.230989461E-1,2.598121787E-1
2.561613695E2,2.312981634E-1,-2.955767512E-2,2.376152028E-1,3.329166279E-1
2.561713575E2,3.136599234E-1,-1.922155201E-2,3.526237951E-1,4.723299234E-1
2.561813465E2,3.716118971E-1,5.298922241E-2,3.512496994E-1,5.140813273E-1
2.561913345E2,4.741089097E-1,2.159762657E-1,3.447687918E-1,6.247323630E-1
2.562013235E2,6.544903231E-1,2.691946989E-1,2.332430935E-1,7.451346923E-1
2.562113115E2,8.950057449E-1,2.136286086E-1,1.622719288E-1,9.343471757E-1
2.562213005E2,1.129416600E0,1.023017156E-1,1.251865482E-1,1.140929082E0
2.562312885E2,1.334892875E0,1.644120097E-2,5.159524620E-2,1.335990782E0
2.562412775E2,1.417794991E0,-7.061682343E-2,3.051486433E-2,1.419880463E0
2.562512655E2,1.297071768E0,-2.846348566E-1,-1.387668528E-1,1.335166062E0
2.562612545E2,1.173484434E0,-4.260819268E-1,-2.581621724E-1,1.274856553E0
2.562712425E2,9.936027378E-1,-4.836255455E-1,-3.631495142E-1,1.163192864E0
2.562812315E2,7.290572331E-1,-4.677830994E-1,-4.459108584E-1,9.742597040E-1
2.562912195E2,4.336887889E-1,-3.976580268E-1,-5.183281857E-1,7.841441067E-1
2.563012085E2,1.534815171E-1,-3.625677162E-1,-6.160281426E-1,7.310968454E-1
2.563111965E2,-4.963335916E-2,-3.530092728E-1,-6.784239270E-1,7.663798286E-1
2.563211855E2,-1.675953801E-1,-2.680053753E-1,-7.305981937E-1,7.960457357E-1
2.563311735E2,-2.480022698E-1,-2.081830966E-1,-7.532314499E-1,8.198798355E-1
2.563411625E2,-3.248060321E-1,-1.576350868E-1,-7.398417646E-1,8.232336337E-1
2.563511505E2,-3.775968146E-1,-1.187762457E-1,-6.735179669E-1,7.812257053E-1
2.563611395E2,-4.502369940E-1,-3.390391052E-2,-6.369952346E-1,7.807853449E-1
2.563711275E2,-4.986824913E-1,5.955623031E-2,-5.922371377E-1,7.765152921E-1
2.563811165E2,-5.806161620E-1,9.182525933E-2,-5.784651907E-1,8.247235796E-1
2.563911055E2,-6.515070006E-1,1.004142344E-1,-5.253248177E-1,8.429178812E-1
2.564010935E2,-7.802884170E-1,9.681995094E-2,-4.501753789E-1,9.060253796E-1
2.564110825E2,-8.549889359E-1,3.742159545E-2,-3.392398109E-1,9.205922580E-1
2.564210705E2,-8.544585203E-1,-2.693812251E-2,-2.614920156E-1,8.939815992E-1
2.564310595E2,-7.918651000E-1,-3.471199572E-2,-2.105846943E-1,8.201226572E-1
2.564410475E2,-7.126445373E-1,-1.763578713E-2,-2.318344992E-1,7.496135622E-1
2.564510365E2,-7.460842520E-1,1.280306339E-2,-3.262179154E-1,8.143855094E-1
2.564610245E2,-8.127734276E-1,9.353615463E-2,-3.019279969E-1,8.720723434E-1
2.564710135E2,-8.163120894E-1,1.554716170E-1,-2.707390948E-1,8.739774073E-1
2.564810015E2,-7.652984950E-1,1.990339583E-1,-3.155718899E-1,8.513999769E-1
2.564909905E2,-6.993970124E-1,1.552026451E-1,-3.776185955E-1,8.098393950E-1
2.565009785E2,-6.365832252E-1,7.154828489E-2,-3.521832074E-1,7.310200895E-1
2.565109675E2,-5.672661647E-1,-3.098556519E-2,-2.438879496E-1,6.182494148E-1
2.565209555E2,-4.829791358E-1,-7.661899030E-2,-1.693562691E-1,5.175141169E-1
2.565309445E2,-4.233585861E-1,-6.520347118E-2,-1.450062704E-1,4.522287071E-1
2.565409325E2,-3.584055220E-1,-1.241550994E-1,-1.532455820E-1,4.090882732E-1
2.565509215E2,-2.488210262E-1,-2.178883052E-1,-2.386605388E-1,4.078554516E-1
2.565609095E2,-1.723258507E-1,-3.005147249E-1,-3.151475282E-1,4.683196165E-1
2.565708985E2,-1.582248516E-1,-3.382590866E-1,-2.763866280E-1,4.645900144E-1
2.565808865E2,-2.041664980E-1,-2.403579855E-1,-1.410168613E-1,3.454586448E-1
2.565908755E2,-3.009686881E-1,-4.725778162E-2,-8.016956583E-2,3.150279486E-1
2.566008635E2,-2.926064388E-1,1.573988593E-1,-4.234378159E-2,3.349416736E-1
2.566108525E2,-3.496209575E-1,2.954750097E-1,2.400822893E-2,4.583848714E-1
2.566208405E2,-4.762584192E-1,3.283392853E-1,1.531738074E-1,5.984070382E-1
2.566308295E2,-5.648786735E-1,2.342435521E-1,3.046580619E-1,6.832089666E-1
2.566408175E2,-5.804035427E-1,1.517352462E-1,3.639603768E-1,7.016829862E-1
2.566508065E2,-4.525392620E-1,1.094025743E-1,3.679522710E-1,5.934219246E-1
2.566607945E2,-2.727202776E-1,5.596720934E-2,3.615871382E-1,4.563484818E-1
2.566707835E2,-9.944805510E-2,-2.460917652E-2,3.201080136E-1,3.361021684E-1
2.566807715E2,-9.437427990E-2,-1.092704272E-1,2.877110767E-1,3.219071212E-1
2.566907605E2,-1.151939490E-1,-9.209715486E-2,2.564596094E-1,2.958429703E-1
2.567007485E2,-1.165026290E-1,3.129839122E-2,2.301269661E-1,2.598285442E-1
2.567107375E2,-1.043994042E-1,9.253394186E-2,2.151675957E-1,2.564349045E-1
2.567207255E2,-5.653541252E-2,9.308708847E-2,2.316965050E-1,2.560170489E-1
2.567307145E2,3.770357743E-2,3.575455427E-2,3.496576488E-1,3.534974106E-1
2.567407025E2,1.087246627E-1,-4.837869287E-2,3.332999168E-1,3.539073110E-1
2.567506915E2,1.568719520E-1,-4.240751624E-2,3.426861598E-1,3.792637748E-1
2.567606795E2,2.364916603E-1,4.489492178E-3,4.361414766E-1,4.961530496E-1
2.567706685E2,2.810711248E-1,-2.160195351E-2,4.334741230E-1,5.170758522E-1
2.567806565E2,3.705729930E-1,-6.233073413E-2,4.243394566E-1,5.668098781E-1
2.567906455E2,4.011094920E-1,-8.696914673E-2,3.627858174E-1,5.477828095E-1
2.568006335E2,4.152416275E-1,-8.050680399E-2,2.748029096E-1,5.044041969E-1
2.568106225E2,4.690254866E-1,-5.518426716E-2,1.389753060E-1,4.922848221E-1
2.568206105E2,5.024913675E-1,-6.744646311E-2,5.853501409E-3,5.070314224E-1
2.568305995E2,5.365419701E-1,-6.057598472E-2,-5.327909812E-2,5.425729424E-1
2.568405875E2,5.665896419E-1,-7.785626113E-2,-4.720603377E-2,5.738587189E-1
2.568505765E2,5.687740155E-1,-1.130693632E-1,-2.192705870E-3,5.799080699E-1
2.568605645E2,5.564993942E-1,-9.229362130E-2,4.091296792E-2,5.655824955E-1
2.568705535E2,5.725070241E-1,-4.333780825E-2,8.074770927E-2,5.797953525E-1
2.568805415E2,6.258435711E-1,-3.232867062E-2,1.374044515E-1,6.415647292E-1
2.568905305E2,5.517178336E-1,-1.691131711E-2,2.046917242E-1,5.887081301E-1
2.569005185E2,5.296474450E-1,-7.136468232E-2,2.530790417E-1,5.913276040E-1
2.569105075E2,5.416248085E-1,-7.118868113E-2,3.667647015E-1,6.579829844E-1
2.569204955E2,4.829847638E-1,3.666321158E-2,3.599503563E-1,6.034755439E-1
2.569304845E2,4.558727597E-1,8.909519434E-2,3.297667368E-1,5.696525497E-1
2.569404725E2,4.006802333E-1,7.209207594E-2,2.662823470E-1,4.864650091E-1
2.569504615E2,3.412220170E-1,-2.009571075E-2,1.511635347E-1,3.737468617E-1
2.569604495E2,3.356090554E-1,-1.029811621E-1,6.516604900E-2,3.570506571E-1
2.569704385E2,2.968989529E-1,-1.365921271E-1,-1.810137168E-2,3.273133927E-1
2.569804265E2,2.044924803E-1,-1.222284418E-1,-8.812674925E-2,2.540143508E-1
2.569904155E2,2.152260679E-1,-1.446016431E-1,-2.096191728E-1,3.334247938E-1
2.570004035E2,2.953749492E-1,-1.570316541E-1,-3.299741668E-1,4.698811038E-1
2.570103925E2,3.351771654E-1,-1.599336272E-1,-3.663920876E-1,5.216949868E-1
2.570203805E2,3.077275577E-1,-1.687734479E-1,-3.631170622E-1,5.050096309E-1
2.570303695E2,2.861234115E-1,-1.965412903E-1,-3.356542982E-1,4.828652952E-1
2.570403575E2,3.216086284E-1,-1.876663864E-1,-3.491498181E-1,5.104472332E-1
2.570503465E2,2.899345536E-1,-1.390304160E-1,-3.858396345E-1,5.022586241E-1
2.570603345E2,1.834397265E-1,-6.626532555E-2,-3.736639774E-1,4.215044420E-1
2.570703235E2,1.027368215E-1,-6.086951494E-2,-3.564994758E-1,3.759678558E-1
2.570803115E2,1.861116117E-1,-1.183751267E-1,-3.391507870E-1,4.045657659E-1
2.570903005E2,2.678931087E-1,-1.508634263E-1,-3.949472576E-1,5.005095678E-1
2.571002885E2,2.621053885E-1,-1.750755769E-1,-4.024276006E-1,5.111738120E-1
2.571102775E2,2.572489835E-1,-2.194208604E-1,-3.861208856E-1,5.132366821E-1
2.571202655E2,2.265575333E-1,-2.534405458E-1,-3.783271319E-1,5.086175821E-1
2.571302545E2,1.804610087E-1,-2.038339376E-1,-4.105242401E-1,4.925896888E-1
2.571402425E2,1.309342150E-1,-1.002756554E-1,-3.896452948E-1,4.231104247E-1
2.571502315E2,1.474525993E-1,-1.880756915E-2,-3.182326654E-1,3.512378439E-1
2.571602195E2,2.644455904E-1,-4.669118643E-2,-3.086838698E-1,4.091421130E-1
2.571702085E2,4.489848858E-1,-1.475293440E-1,-4.076123267E-1,6.240994664E-1
2.571801965E2,5.867466022E-1,-2.388540816E-1,-5.225071907E-1,8.211800118E-1
2.571901855E2,7.144557855E-1,-2.477260619E-1,-5.512889403E-1,9.358070137E-1
2.572001735E2,7.867991455E-1,-1.904011291E-1,-5.116268380E-1,9.576364167E-1
2.572101625E2,8.354380395E-1,-1.479754865E-1,-4.236260962E-1,9.483209013E-1
2.572201505E2,7.716229896E-1,-1.469703501E-1,-3.160099925E-1,8.466785915E-1
2.572301395E2,7.366446532E-1,-2.128363109E-1,-2.486097224E-1,8.060716063E-1
2.572401275E2,6.375795177E-1,-3.055357289E-1,-2.829925199E-1,7.615408652E-1
2.572501165E2,4.441995245E-1,-3.267792481E-1,-3.718606961E-1,6.651152320E-1
2.572601045E2,1.487594520E-1,-2.548719442E-1,-4.852016625E-1,5.678994064E-1
2.572700935E2,-2.667916395E-1,-1.597102636E-1,-5.649991992E-1,6.449102591E-1
2.572800825E2,-6.929855405E-1,-3.550546288E-2,-6.922368045E-1,9.801435562E-1
2.572900705E2,-8.261199166E-1,4.310742795E-2,-6.424438164E-1,1.047409387E0
2.573000585E2,-8.521156141E-1,5.953050256E-2,-5.361768115E-1,1.008528866E0
2.573100475E2,-7.497443166E-1,1.586174190E-2,-3.758879659E-1,8.388443825E-1
2.573200355E2,-6.249482162E-1,1.269956768E-2,-3.069949016E-1,6.963960235E-1
2.573300245E2,-5.314085533E-1,1.544425070E-2,-2.945707378E-1,6.077873764E-1
2.573400135E2,-5.203358272E-1,1.152018428E-2,-3.932960039E-1,6.523525384E-1
2.573500015E2,-5.020300953E-1,1.338836968E-2,-4.196768868E-1,6.544785362E-1
2.573599905E2,-5.134288037E-1,2.008343160E-2,-4.669422698E-1,6.942964525E-1
2.573699785E2,-4.857635799E-1,1.963085711E-2,-4.868900460E-1,6.880505381E-1
2.573799675E2,-4.431832784E-1,3.817764044E-2,-3.877700928E-1,5.901140529E-1
2.573899555E2,-3.806005293E-1,-3.797357261E-2,-1.927955639E-1,4.283326798E-1
2.573999445E2,-1.817846721E-1,-8.664521098E-2,-1.340585285E-1,2.419188887E-1
2.574099325E2,2.735809878E-2,-4.386581182E-3,-2.289203931E-1,2.305910971E-1
2.574199215E2,4.124552831E-2,1.158602393E-1,-3.653930908E-1,3.855345633E-1
2.574299095E2,1.679320335E-2,1.885078007E-1,-4.432534450E-1,4.819655788E-1
2.574398985E2,1.105942369E-2,1.705831611E-1,-3.410230654E-1,3.814677665E-1
2.574498865E2,1.353709361E-1,1.124828875E-1,-1.839031184E-1,2.545546057E-1
2.574598755E2,3.599845625E-1,2.354322910E-2,-1.447820297E-1,3.887222724E-1
2.574698635E2,5.204814228E-1,-3.912956715E-2,-1.899479699E-1,5.554388048E-1
2.574798525E2,5.895557508E-1,-6.429247499E-2,-1.623456037E-1,6.148703934E-1
2.574898405E2,5.887008879E-1,-4.124216616E-2,-1.594056237E-1,6.112935502E-1
2.574998295E2,5.179443160E-1,-2.079269886E-3,-1.858981884E-1,5.502988045E-1
2.575098175E2,4.173415089E-1,-3.984585106E-2,-1.710740349E-1,4.528001240E-1
2.575198065E2,2.882161300E-1,-4.814071119E-2,-1.466874911E-1,3.269606791E-1
2.575297945E2,8.399993062E-2,2.280414104E-2,-1.063865805E-1,1.374558900E-1
2.575397835E2,-1.201896639E-1,1.284937334E-1,-4.411724210E-2,1.813905342E-1
2.575497715E2,-3.112736017E-1,2.914515406E-1,-9.475705326E-3,4.265267220E-1
2.575597605E2,-4.048913249E-1,3.515778744E-1,3.757128417E-2,5.375458940E-1
2.575697485E2,-4.728008875E-1,3.724886870E-1,2.329589188E-2,6.023547126E-1
2.575797375E2,-4.501752327E-1,4.497029239E-1,-8.588931218E-2,6.420805509E-1
2.575897255E2,-4.612887432E-1,5.166108584E-1,-8.337252438E-2,6.975851643E-1
2.575997145E2,-4.932401222E-1,5.621554059E-1,-4.268598989E-2,7.490838486E-1
2.576097025E2,-4.994112736E-1,6.507670355E-1,-7.097057998E-2,8.233748708E-1
2.576196915E2,-4.664619210E-1,7.282759720E-1,-1.395740609E-1,8.760442533E-1
2.576296795E2,-4.696916306E-1,8.005399561E-1,-1.195042241E-1,9.358182028E-1
2.576396685E2,-4.896724436E-1,7.832456464E-1,-8.078440055E-2,9.272426672E-1
2.576496565E2,-5.449426648E-1,6.838511664E-1,-5.900425315E-3,8.744425314E-1
2.576596455E2,-4.589020559E-1,4.423424488E-1,5.733004913E-2,6.399567747E-1
2.576696335E2,-5.005593744E-1,3.980632389E-1,-4.570037574E-3,6.395583747E-1
2.576796225E2,-5.625395679E-1,5.355096442E-1,-1.153240496E-1,7.851885002E-1
2.576896105E2,-2.463031420E-1,2.059056062E-1,-1.272437449E-1,3.453307502E-1
2.576995995E2,-4.623758867E-1,2.211849654E-1,-2.890617836E-1,5.884479282E-1
2.577095875E2,-3.170073813E-1,-1.159760141E-1,-2.521736003E-1,4.213497839E-1
2.577195765E2,-4.735472846E-1,-4.433879310E-1,-3.099334198E-1,7.189566140E-1
2.577295645E2,-7.818671653E-1,-5.395711201E-1,-4.455066696E-2,9.510194634E-1
2.577395535E2,-1.093566444E0,-5.270300120E-1,1.919405548E-1,1.229019682E0
2.577495415E2,-1.009218312E0,-6.782086033E-1,4.936523509E-1,1.312318999E0
2.577595305E2,-8.793715328E-1,-8.626292002E-1,4.601150608E-1,1.314963611E0
2.577695185E2,-8.485339022E-1,-7.275175881E-1,5.683288962E-1,1.253909629E0
2.577795075E2,-8.185634136E-1,-7.881035131E-1,6.803978008E-1,1.324422280E0
2.577894955E2,-7.430270353E-1,-8.501857406E-1,8.117818129E-1,1.390645419E0
2.577994845E2,-5.869262579E-1,-7.964568454E-1,9.360363150E-1,1.361980147E0
2.578094725E2,-4.946142179E-1,-7.226755089E-1,9.835309088E-1,1.316904007E0
2.578194615E2,-3.948665661E-1,-6.134851885E-1,9.631210564E-1,1.208257361E0
2.578294495E2,-2.122501275E-1,-4.558992183E-1,9.171196952E-1,1.045945863E0
2.578394385E2,-1.024680689E-1,-3.177014458E-1,9.192447196E-1,9.779799427E-1
2.578494265E2,3.822821885E-2,-1.965728652E-1,8.320429999E-1,8.558024548E-1
2.578594155E2,1.363067830E-1,-7.579628706E-2,8.748142129E-1,8.886081945E-1
2.578694035E2,1.473539275E-1,-2.814031005E-2,9.919707799E-1,1.003250260E0
2.578793925E2,1.611428314E-1,2.382038713E-2,1.017100651E0,1.030062210E0
2.578893805E2,3.472427487E-1,5.910424054E-2,1.079152619E0,1.135183339E0
2.578993695E2,5.662423173E-1,1.679004586E-1,1.087524078E0,1.237549815E0
2.579093575E2,6.821999127E-1,2.721498817E-1,9.941020900E-1,1.236002121E0
2.579193465E2,7.312581982E-1,3.974679923E-1,8.924833292E-1,1.220346611E0
2.579293345E2,8.152373712E-1,5.064197463E-1,7.921930557E-1,1.244444763E0
2.579393235E2,8.766880994E-1,6.347006410E-1,6.753145239E-1,1.275725924E0
2.579493115E2,8.794738591E-1,6.782395935E-1,6.088483465E-1,1.266562088E0
2.579593005E2,8.438330331E-1,6.285177952E-1,5.061153987E-1,1.167579378E0
2.579692885E2,7.936667003E-1,4.731093282E-1,4.798193005E-1,1.041136796E0
2.579792775E2,7.833022182E-1,2.575312579E-1,4.983336318E-1,9.634423295E-1
2.579892655E2,7.088073751E-1,9.893138051E-2,3.241228580E-1,7.856531933E-1
2.579992545E2,5.846138303E-1,8.986293375E-2,8.822834462E-2,5.980241786E-1
2.580092426E2,4.003052075E-1,1.065245748E-1,-9.899219155E-2,4.259004557E-1
2.580192316E2,1.815979998E-1,1.437011719E-2,-2.025703543E-1,2.724317938E-1
2.580292196E2,-4.091223702E-2,-2.089303708E-1,-1.597175726E-1,2.661492326E-1
2.580392086E2,-3.604340672E-1,-4.708464557E-1,-6.702955663E-2,5.967428786E-1
2.580491966E2,-6.857740232E-1,-6.046985775E-1,2.410397708E-2,9.146187087E-1
2.580591856E2,-1.002722494E0,-5.686645263E-1,1.046482033E-1,1.157489952E0
2.580691736E2,-1.203308742E0,-4.627486467E-1,1.546576846E-1,1.298463414E0
2.580791626E2,-1.315524265E0,-3.940023476E-1,1.929508075E-1,1.386748700E0
2.580891506E2,-1.372987777E0,-3.330819619E-1,2.311164612E-1,1.431591369E0
2.580991396E2,-1.378185075E0,-1.877055627E-1,2.508014050E-1,1.413339599E0
2.581091286E2,-1.291718935E0,-5.314417362E-2,2.782418033E-1,1.322414689E0
2.581191166E2,-9.007770199E-1,2.709599733E-2,1.977440625E-1,9.226245969E-1
2.581291056E2,-5.678434311E-1,6.144546568E-2,1.341643631E-2,5.713157693E-1
2.581390936E2,-4.438641867E-1,1.612860882E-1,-6.251258254E-2,4.763784645E-1
2.581490826E2,-3.922014052E-1,2.412262970E-1,-1.479322171E-1,4.836279660E-1
2.581590706E2,-2.731015161E-1,2.824854201E-1,-2.580303177E-1,4.700660544E-1
2.581690596E2,-1.819567265E-1,2.513782328E-1,-3.486080736E-1,4.667192467E-1
2.581790476E2,-2.033493496E-1,2.446194363E-1,-3.934953940E-1,5.059923435E-1
2.581890366E2,-3.846431480E-1,2.460414791E-1,-4.082458726E-1,6.124960843E-1
2.581990246E2,-5.787515581E-1,2.693771321E-1,-4.378769302E-1,7.741147275E-1
2.582090136E2,-7.801602168E-1,2.914714211E-1,-4.168874726E-1,9.313435016E-1
2.582190016E2,-8.353275271E-1,2.248032224E-1,-3.657632196E-1,9.391971567E-1
2.582289906E2,-7.869533658E-1,1.461447233E-1,-3.263073778E-1,8.643670429E-1
2.582389786E2,-6.671056178E-1,5.207939565E-2,-3.538442552E-1,7.569332373E-1
2.582489676E2,-5.949688107E-1,1.661135495E-2,-4.336289281E-1,7.364087656E-1
2.582589556E2,-5.561805747E-1,6.334814966E-2,-5.311882594E-1,7.716934539E-1
2.582689446E2,-5.728439699E-1,1.185751015E-1,-6.463021016E-1,8.717319973E-1
2.582789326E2,-7.103789605E-1,1.305788505E-1,-6.625749028E-1,9.801502974E-1
2.582889216E2,-8.269010315E-1,8.967933118E-2,-6.197501877E-1,1.037255028E0
2.582989096E2,-8.629737474E-1,6.209743023E-2,-4.573531285E-1,9.786478752E-1
2.583088986E2,-8.749971577E-1,4.583106101E-2,-2.563501203E-1,9.129271035E-1
2.583188866E2,-8.038646098E-1,-1.766268432E-2,-5.003374726E-2,8.056138388E-1
2.583288756E2,-7.081288058E-1,-1.537572134E-1,7.103840768E-2,7.281031119E-1
2.583388636E2,-5.184541932E-1,-2.921023357E-1,1.379995519E-1,6.108702000E-1
2.583488526E2,-3.417510438E-1,-3.155812454E-1,1.415996826E-1,4.862466128E-1
2.583588406E2,-2.064396762E-1,-3.192725927E-1,1.626897123E-1,4.135459719E-1
2.583688296E2,-9.483335942E-2,-3.284842962E-1,1.352636397E-1,3.676840371E-1
2.583788176E2,-3.818991959E-2,-2.899499756E-1,1.205152076E-1,3.163121458E-1
2.583888066E2,-1.720733240E-2,-1.957431453E-1,1.727489698E-1,2.616365376E-1
2.583987946E2,-6.919419587E-2,-7.068465114E-2,2.542883921E-1,2.728493045E-1
2.584087836E2,-1.356653434E-1,3.277539790E-2,2.943885970E-1,3.257974189E-1
2.584187716E2,-1.091287784E-1,2.316280925E-1,2.522003514E-1,3.593962726E-1
2.584287606E2,-5.647737890E-2,4.111668491E-1,1.660904530E-1,4.470278635E-1
2.584387486E2,-6.013437375E-2,5.930778211E-1,2.475711107E-2,5.966325162E-1
2.584487376E2,-5.652729951E-2,7.198629981E-1,-1.382027426E-1,7.351857383E-1
2.584587256E2,-1.708349568E-1,6.991053826E-1,-2.781219354E-1,7.715469716E-1
2.584687146E2,-2.334334204E-1,6.232716733E-1,-3.427707982E-1,7.486324603E-1
2.584787026E2,-1.945155224E-1,5.195794898E-1,-3.317107898E-1,6.463986253E-1
2.584886916E2,-1.907523275E-1,4.927647436E-1,-3.124126393E-1,6.138446058E-1
2.584986796E2,-1.164393329E-1,5.899618399E-1,-2.339967996E-1,6.452655213E-1
2.585086686E2,-3.316343375E-2,6.973079485E-1,-1.891021702E-1,7.232550166E-1
2.585186566E2,2.283630073E-2,8.135207748E-1,-1.698148370E-1,8.313691278E-1
2.585286456E2,1.005761292E-1,9.686854130E-1,-1.777191031E-1,9.899752859E-1
2.585386336E2,1.326963466E-1,1.101157592E0,-2.400176775E-1,1.134797272E0
2.585486226E2,1.362742578E-1,1.187608091E0,-3.311860022E-1,1.240430497E0
2.585586106E2,1.140041868E-1,1.184249450E0,-3.716937581E-1,1.246434902E0
2.585685996E2,4.946978331E-2,1.129894903E0,-3.720679799E-1,1.190606708E0
2.585785876E2,-2.353891678E-2,1.028714683E0,-3.267880189E-1,1.079628820E0
2.585885766E2,-5.229208812E-2,9.038187414E-1,-2.460280305E-1,9.381644694E-1
2.585985646E2,-1.053699689E-1,7.673798114E-1,-1.504453504E-1,7.890553902E-1
2.586085536E2,-1.386142404E-1,6.207456762E-1,-2.941178709E-2,6.367135583E-1
2.586185416E2,-1.661821081E-1,4.515161455E-1,1.364608571E-1,5.001048772E-1
2.586285306E2,-1.527414058E-1,2.998440492E-1,2.234694725E-1,4.039492494E-1
2.586385186E2,-1.123133913E-1,1.518890280E-1,2.976408184E-1,3.525260720E-1
2.586485076E2,-4.739541046E-2,6.801715136E-2,2.855709958E-1,2.973608102E-1
2.586584956E2,-7.516785756E-2,5.906038642E-2,2.030732149E-1,2.244483608E-1
2.586684846E2,-1.673200493E-1,1.064924151E-1,1.553271908E-1,2.519189742E-1
2.586784736E2,-3.067330194E-1,1.777951169E-1,1.553801081E-1,3.870907216E-1
2.586884616E2,-3.868674289E-1,2.202973580E-1,1.461166567E-1,4.685588659E-1
2.586984496E2,-4.368491359E-1,2.657337320E-1,1.709176219E-1,5.391330238E-1
2.587084386E2,-4.253833307E-1,3.066858763E-1,1.527859908E-1,5.462149428E-1
2.587184276E2,-4.878177068E-1,3.161425781E-1,1.704901904E-1,6.057880403E-1
2.587284156E2,-6.750850938E-1,2.205207217E-1,2.533464056E-1,7.540249822E-1
2.587384046E2,-8.643813184E-1,5.889783382E-2,2.793375716E-1,9.103040686E-1
2.587483926E2,-9.984051291E-1,-7.914791107E-2,2.685436115E-1,1.036915071E0
2.587583816E2,-1.089259093E0,-2.134292185E-1,3.113899612E-1,1.152823105E0
2.587683696E2,-1.145343393E0,-2.724030662E-1,3.722033429E-1,1.234726790E0
2.587783586E2,-1.182015083E0,-2.973753548E-1,5.221174738E-1,1.325970744E0
2.587883466E2,-1.159048681E0,-3.465176940E-1,8.263703236E-1,1.465044801E0
2.587983356E2,-1.085304182E0,-3.975001520E-1,1.173156405E0,1.646872032E0
2.588083236E2,-9.781944475E-1,-4.159685826E-1,1.244866950E0,1.636944703E0
2.588183126E2,-7.528200983E-1,-3.856039917E-1,1.240005867E0,1.501014020E0
2.588283006E2,-4.817724167E-1,-4.202563459E-1,1.291445577E0,1.441024544E0
2.588382896E2,-2.131120071E-1,-7.348663688E-1,1.328940263E0,1.533469116E0
2.588482776E2,6.508974284E-2,-1.167687212E0,1.363910998E0,1.796658930E0
2.588582666E2,2.761287658E-1,-1.372038043E0,1.534276935E0,2.076714039E0
2.588682546E2,4.413861367E-1,-1.188927807E0,1.650153254E0,2.081196006E0
2.588782436E2,5.585317402E-1,-7.043105739E-1,1.505263928E0,1.753234321E0
2.588882316E2,6.441129041E-1,-1.919202358E-1,1.155302224E0,1.336576986E0
2.588982206E2,8.007367149E-1,1.288954371E-1,7.916919494E-1,1.133388487E0
2.589082086E2,8.852843834E-1,2.277239066E-1,6.861941457E-1,1.143000010E0
2.589181976E2,7.456598903E-1,2.895395011E-1,8.053150848E-1,1.135065716E0
2.589281856E2,4.879456146E-1,4.735426068E-1,8.855827376E-1,1.116508087E0
2.589381746E2,3.659915534E-1,6.016656268E-1,7.381893414E-1,1.020232742E0
2.589481626E2,2.794033527E-1,6.214871031E-1,5.778136647E-1,8.934098074E-1
2.589581516E2,1.127733479E-1,5.483396047E-1,2.541863582E-1,6.148209941E-1
2.589681396E2,-5.394027203E-2,5.536763585E-1,-1.517440170E-1,5.766223284E-1
2.589781286E2,-3.709552547E-1,5.067232168E-1,-3.489746940E-1,7.184424518E-1
2.589881166E2,-7.491807912E-1,4.072731882E-1,-4.281544724E-1,9.541800459E-1
2.589981056E2,-9.938508059E-1,1.883686370E-1,-3.267795405E-1,1.063017891E0
2.590080937E2,-1.081505685E0,8.348888397E-2,-1.360492131E-1,1.093221994E0
2.590180827E2,-1.058443974E0,-2.880279958E-2,2.432213670E-1,1.086411469E0
2.590280707E2,-1.002644434E0,-2.252616441E-1,4.940929386E-1,1.140248438E0
2.590380597E2,-8.135308613E-1,-3.806917459E-1,5.859050417E-1,1.072400758E0
2.590480477E2,-5.848583901E-1,-4.321408117E-1,4.525475943E-1,8.565070593E-1
2.590580367E2,-2.807536210E-1,-3.587354511E-1,2.075159293E-1,5.005762485E-1
2.590680247E2,-1.946172640E-2,-3.134054965E-1,-4.777964562E-2,3.176234540E-1
2.590780137E2,1.458468077E-1,-4.221713090E-1,-2.784075719E-1,5.263180422E-1
2.590880017E2,1.698240463E-1,-6.821753544E-1,-4.101596662E-1,8.139007142E-1
2.590979907E2,2.033383861E-1,-8.044301087E-1,-3.968973041E-1,9.197726724E-1
2.591079787E2,2.643996897E-1,-5.789170343E-1,-3.459820890E-1,7.244002584E-1
2.591179677E2,4.627664807E-1,-2.208236074E-1,-3.206525356E-1,6.047593983E-1
2.591279557E2,6.051324409E-1,8.890983760E-2,-3.517100215E-1,7.055424647E-1
2.591379447E2,5.839440317E-1,3.236123961E-1,-4.076649517E-1,7.822444170E-1
2.591479327E2,5.380080132E-1,4.186378366E-1,-4.268008420E-1,8.042818034E-1
2.591579217E2,4.975020115E-1,4.345258909E-1,-3.046644938E-1,7.274210989E-1
2.591679097E2,4.003307891E-1,2.608559847E-1,-2.540147424E-1,5.411414554E-1
2.591778987E2,1.114336047E-1,-1.348286068E-1,4.870438278E-3,1.749854927E-1
2.591878867E2,-2.269862804E-1,-5.739737982E-1,-6.565838456E-3,6.172615351E-1
2.591978757E2,3.324346751E-2,-2.471466029E-1,-6.365132779E-2,2.573675639E-1
2.592078637E2,4.016491900E-1,6.695254880E-1,-3.920903081E-1,8.736825858E-1
2.592178527E2,7.636377396E-1,1.206233227E0,-6.705829570E-1,1.577283328E0
2.592278407E2,7.930951349E-1,1.117850223E0,-1.121713186E0,1.771109677E0
2.592378297E2,7.391393678E-1,1.018722376E0,-1.249752006E0,1.773697370E0
2.592478177E2,9.925546244E-2,7.835409307E-1,-1.474732399E0,1.672908750E0
2.592578067E2,-6.309455591E-1,1.233446753E-1,-1.494826941E0,1.627210432E0
2.592677947E2,-1.209459720E0,-6.865683675E-1,-1.362560291E0,1.946982148E0
2.592777837E2,-8.610852429E-1,-6.118929917E-1,-9.933758658E-1,1.450060840E0
2.592877717E2,-1.118280286E0,2.604139352E-1,-1.390108863E0,1.802988870E0
2.592977607E2,-1.620587832E0,-1.126723373E-1,-1.593412020E0,2.275513533E0
2.593077487E2,-1.126220366E0,1.186224639E-2,-1.034692438E0,1.529412131E0
2.593177377E2,-8.239010444E-1,-4.172111160E-1,-1.257715622E0,1.560361058E0
2.593277267E2,-1.740985072E-1,-3.042586970E-1,-8.104264283E-1,8.829918690E-1
2.593377147E2,1.888834843E-1,2.048513532E-2,-6.314688849E-1,6.594312429E-1
2.593477037E2,5.626454026E-2,1.165174663E-1,-5.040720892E-1,5.204139598E-1
2.593576917E2,-1.861010867E-1,-5.815406799E-2,-5.132680053E-1,5.490533265E-1
2.593676807E2,-3.466828778E-1,-8.909460962E-2,-5.328902377E-1,6.419492758E-1
2.593776687E2,-4.884122224E-1,2.238606513E-2,-5.868040511E-1,7.637975054E-1
2.593876577E2,-6.966251399E-1,-4.409970045E-3,-6.410004312E-1,9.466718471E-1
2.593976457E2,-9.099349290E-1,-1.095914394E-1,-6.444166669E-1,1.120385960E0
2.594076347E2,-1.054182962E0,-1.417768532E-1,-5.993317106E-1,1.220901672E0
2.594176227E2,-1.116961885E0,-1.194165158E-1,-5.495990950E-1,1.250569199E0
2.594276117E2,-1.055312936E0,-7.328315377E-2,-5.076733893E-1,1.173366134E0
2.594375997E2,-9.020989291E-1,-5.353008986E-2,-4.965158786E-1,1.031104246E0
2.594475887E2,-7.135336795E-1,-5.539535165E-2,-4.871929318E-1,8.657689701E-1
2.594575767E2,-4.371521679E-1,-5.324883878E-2,-4.531704690E-1,6.319026275E-1
2.594675657E2,-1.745392410E-1,-3.321978629E-2,-4.204137821E-1,4.564156539E-1
2.594775537E2,9.806175336E-2,2.319999754E-2,-3.651574481E-1,3.788064271E-1
2.594875427E2,4.521423823E-1,1.570749235E-1,-3.047194576E-1,5.674144987E-1
2.594975307E2,7.806293097E-1,2.572131693E-1,-2.473407304E-1,8.583228825E-1
2.595075197E2,1.200392589E0,3.226879513E-1,-2.215249810E-1,1.262593838E0
2.595175077E2,1.635138335E0,3.364382637E-1,-2.536149390E-1,1.688546303E0
2.595274967E2,1.916429316E0,3.340730649E-1,-1.770858496E-1,1.953372861E0
2.595374847E2,2.129210955E0,3.693528253E-1,-1.479228616E-1,2.166066013E0
2.595474737E2,2.245702840E0,3.709654874E-1,-1.148856546E-1,2.279033863E0
2.595574617E2,2.146444307E0,3.816939586E-1,2.075688466E-2,2.180216570E0
2.595674507E2,1.907738014E0,1.393169296E-1,2.334746432E-1,1.927014257E0
2.595774387E2,1.229823087E0,-7.948821902E-2,4.018855637E-1,1.296262014E0
2.595874277E2,4.151404707E-1,-5.074816006E-1,6.959163111E-1,9.561269254E-1
2.595974157E2,-4.057330316E-1,-1.137540722E0,1.035738797E0,1.591028926E0
2.596074047E2,-1.268009645E0,-1.769351669E0,1.395804636E0,2.585870138E0
2.596173927E2,-1.438620872E0,-2.241259979E0,1.279259103E0,2.954552447E0
2.596273817E2,-1.305328768E0,-2.397669489E0,1.130606363E0,2.954821978E0
2.596373697E2,-9.802912590E-1,-2.098514242E0,1.072286380E0,2.552357941E0
2.596473587E2,-3.716535585E-1,-1.531548917E0,8.024723147E-1,1.768539021E0
2.596573467E2,4.862696564E-1,-8.976160151E-1,4.087133574E-1,1.099645078E0
2.596673357E2,1.480475973E0,-4.397737670E-1,-5.756817698E-2,1.545485091E0
2.596773237E2,2.396462916E0,-5.803420007E-2,-4.480025536E-1,2.438669466E0
2.596873127E2,3.274871413E0,1.408243418E-1,-6.484850134E-1,3.341428898E0
2.596973007E2,3.435009400E0,2.224362695E-1,-5.286876976E-1,3.482567753E0
2.597072897E2,2.948689458E0,3.205841231E-1,-1.759732707E-1,2.971280917E0
2.597172777E2,2.122600531E0,4.475739527E-1,1.093977503E-1,2.172032073E0
2.597272667E2,1.256139212E0,5.250057060E-1,2.792447470E-1,1.389782120E0
2.597372547E2,8.400677186E-1,3.427526718E-1,2.743957973E-1,9.478851299E-1
2.597472437E2,6.179517303E-1,3.957921803E-2,1.340795785E-1,6.335678250E-1
2.597572317E2,3.233279291E-1,-1.111391973E-1,3.438045859E-2,3.436202655E-1
2.597672207E2,1.011810967E-1,-8.052551508E-2,-1.692973584E-2,1.304169808E-1
2.597772087E2,-1.211389594E-1,1.714579046E-2,1.185639918E-2,1.229194851E-1
2.597871977E2,-3.296725966E-1,8.548103034E-2,1.003215560E-1,3.550428736E-1
2.597971857E2,-5.007561332E-1,1.208414823E-1,2.136771405E-1,5.576892407E-1
2.598071747E2,-6.199647805E-1,1.323967499E-1,2.582608442E-1,6.845318781E-1
2.598171627E2,-6.893593897E-1,1.631893569E-1,2.540216129E-1,7.525783110E-1
2.598271517E2,-6.807318230E-1,1.839306003E-1,2.183875112E-1,7.381865520E-1
2.598371397E2,-6.002937238E-1,1.826366115E-1,1.274017659E-1,6.402654892E-1
2.598471287E2,-4.250767905E-1,1.180944604E-1,1.071385324E-2,4.413064310E-1
2.598571167E2,-2.582729772E-1,7.916135967E-2,-5.821955681E-2,2.763348845E-1
2.598671057E2,-1.801100296E-1,-2.233636379E-3,-6.177466393E-2,1.904224803E-1
2.598770937E2,-1.202531062E-1,-3.245847881E-2,-3.766893268E-2,1.301280557E-1
2.598870827E2,-7.602505937E-2,1.086412668E-3,-8.548015326E-2,1.144021265E-1
2.598970717E2,3.277335137E-2,1.052481276E-1,-1.504605532E-2,1.112548637E-1
2.599070597E2,1.809900355E-1,1.248257750E-1,-4.217304289E-4,2.198614221E-1
2.599170487E2,3.723255497E-1,4.555390298E-2,4.546210170E-3,3.751294991E-1
2.599270367E2,5.133834878E-1,-6.805574298E-3,5.062314659E-2,5.159182341E-1
2.599370257E2,5.203042522E-1,-1.444496155E-2,1.251850864E-1,5.353470628E-1
2.599470137E2,4.721158862E-1,1.262121499E-2,2.117522371E-1,5.175825683E-1
2.599570027E2,3.372995585E-1,2.302399635E-2,2.129216802E-1,3.995456651E-1
2.599669907E2,1.858458558E-1,2.371513724E-2,2.286164841E-1,2.955783934E-1
2.599769797E2,5.101958781E-2,2.843793333E-2,2.294504432E-1,2.367682840E-1
2.599869677E2,-8.666538388E-2,-9.969502687E-3,2.508639702E-1,2.655993436E-1
2.599969567E2,-1.946029383E-1,-1.641079545E-2,2.640485644E-1,3.284223838E-1
2.600069438E2,-2.586387205E-1,3.008977175E-3,2.512677205E-1,3.606085260E-1
2.600169328E2,-2.726571277E-1,-1.287556887E-2,2.601342921E-1,3.770643705E-1
2.600269208E2,-2.599522975E-1,6.478714943E-4,2.261051050E-1,3.445274085E-1
2.600369098E2,-2.242617702E-1,8.094300628E-3,1.924459004E-1,2.956252423E-1
2.600468978E2,-1.699551702E-1,5.180048347E-2,1.045096242E-1,2.061317819E-1
2.600568868E2,-1.240694377E-1,8.305735946E-2,2.628820449E-2,1.516008576E-1
2.600668748E2,-7.187777549E-2,1.061988848E-1,-2.362596720E-2,1.303948008E-1
2.600768638E2,-4.843833447E-2,1.104474717E-1,-7.965837300E-2,1.445350222E-1
2.600868518E2,-7.653040498E-2,1.198106182E-1,-1.114543623E-1,1.806476183E-1
2.600968408E2,-1.047286025E-1,1.243106353E-1,-1.320331992E-1,2.094134187E-1
2.601068288E2,-1.565144679E-1,1.252900440E-1,-1.143466875E-1,2.308019469E-1
2.601168178E2,-1.898251784E-1,1.568878126E-1,-8.947350919E-2,2.620169707E-1
2.601268058E2,-1.920319176E-1,1.515785408E-1,-8.919810534E-2,2.604008706E-1
2.601367948E2,-2.072229838E-1,1.149375486E-1,-8.001505315E-2,2.501088040E-1
2.601467828E2,-1.985825533E-1,6.196060538E-2,-6.130747139E-2,2.168703602E-1
2.601567718E2,-2.340994182E-1,4.081356525E-4,-5.049918562E-2,2.394845964E-1
2.601667598E2,-2.447205931E-1,-6.315753043E-2,-2.910276175E-2,2.544091450E-1
2.601767488E2,-2.591006505E-1,-8.243229210E-2,1.259592578E-2,2.721890653E-1
2.601867368E2,-2.942172736E-1,-8.674929142E-2,2.874593541E-2,3.080837101E-1
2.601967258E2,-3.290517685E-1,-6.524147809E-2,6.633710012E-2,3.419533998E-1
2.602067138E2,-3.202139944E-1,-5.185252368E-2,8.094739169E-2,3.343324194E-1
2.602167028E2,-3.024714956E-1,-7.278789461E-2,9.233309001E-2,3.245188481E-1
2.602266908E2,-2.632539278E-1,-3.562708497E-2,1.380761504E-2,2.660123492E-1
2.602366798E2,-2.286568299E-1,-8.770238757E-3,-2.026908070E-2,2.297209145E-1
2.602466678E2,-2.355732089E-1,1.905373693E-2,-3.517334104E-2,2.389454866E-1
2.602566568E2,-2.654203212E-1,5.195368052E-2,-3.215383887E-2,2.723618938E-1
2.602666448E2,-2.714999637E-1,7.301652074E-2,-3.756616786E-2,2.836456585E-1
2.602766338E2,-3.013634482E-1,1.079577273E-1,-4.400146723E-2,3.231267985E-1
2.602866218E2,-3.264254916E-1,1.548863107E-1,-4.880934030E-2,3.645898003E-1
2.602966108E2,-3.289856949E-1,1.643991458E-1,-3.160449296E-2,3.691307500E-1
2.603065988E2,-2.881189200E-1,1.656007487E-1,-3.536995366E-2,3.341962801E-1
2.603165878E2,-2.252756774E-1,1.641021073E-1,-4.169883370E-2,2.818109742E-1
2.603265758E2,-1.439686820E-1,1.302098912E-1,-3.000337914E-2,1.964225036E-1
2.603365648E2,-8.637243837E-2,9.158727765E-2,-7.016366422E-3,1.260859109E-1
2.603465528E2,-5.800116330E-2,7.725458264E-2,2.789472699E-2,1.005510879E-1
2.603565418E2,-4.333751589E-2,7.750484347E-2,6.099449918E-2,1.077286869E-1
2.603665298E2,-2.604759157E-2,7.152255714E-2,6.158930719E-2,9.791422760E-2
2.603765188E2,-3.705672920E-2,7.979636729E-2,5.280547366E-2,1.026113028E-1
2.603865068E2,-3.034617215E-2,1.092037690E-1,7.376759559E-2,1.352331745E-1
2.603964958E2,-4.717592061E-2,5.035856009E-2,1.063567597E-1,1.267805679E-1
2.604064838E2,-6.988796800E-2,-2.595520556E-2,1.273567423E-1,1.475728315E-1
2.604164728E2,-2.666388810E-2,-4.617370784E-2,1.291038904E-1,1.396810249E-1
2.604264608E2,-2.257873088E-2,-4.249054670E-2,1.116582839E-1,1.215846126E-1
2.604364498E2,-1.363482982E-2,-1.478234589E-2,6.612250730E-2,6.911304006E-2
2.604464388E2,-1.228324592E-2,2.863030672E-2,5.069594443E-2,5.950337280E-2
2.604564268E2,-5.012437910E-2,3.495523989E-2,7.673973531E-2,9.809846661E-2
2.604664158E2,-9.019213200E-2,4.635555625E-2,9.919684410E-2,1.418572245E-1
2.604764038E2,-8.855725050E-2,3.650942981E-2,1.000669098E-1,1.385233248E-1
2.604863928E2,-7.664705694E-2,5.035212815E-2,9.401840374E-2,1.313376122E-1
2.604963808E2,-8.552897751E-2,6.254942000E-2,7.065541506E-2,1.273570713E-1
2.605063698E2,-7.109044790E-2,8.557692468E-2,7.445610523E-2,1.338692400E-1
2.605163578E2,-4.576908052E-2,1.001511097E-1,6.076894283E-2,1.257693044E-1
2.605263468E2,-4.237447947E-2,7.910815001E-2,5.561506078E-2,1.055780796E-1
2.605363348E2,-5.269861579E-2,5.274773240E-2,4.221455812E-2,8.568276546E-2
2.605463238E2,-8.443320930E-2,9.664278030E-3,4.120415926E-2,9.444653431E-2
2.605563118E2,-1.601733631E-1,-3.833726943E-2,4.351731777E-2,1.703496681E-1
2.605663008E2,-1.833520183E-1,-5.824820817E-2,1.144577846E-2,1.927221373E-1
2.605762888E2,-2.258601066E-1,-5.910190165E-2,-3.645738959E-3,2.334932846E-1
2.605862778E2,-2.339397892E-1,-5.085206509E-2,-3.554025382E-2,2.420265836E-1
2.605962658E2,-2.443823317E-1,1.563136160E-2,-5.320323050E-2,2.505945874E-1
2.606062548E2,-2.534531173E-1,4.709055126E-2,-6.183211282E-2,2.651022687E-1
2.606162428E2,-2.253271329E-1,7.802699983E-2,-5.852068841E-2,2.455304472E-1
2.606262318E2,-1.791531327E-1,6.385217965E-2,-5.622945696E-2,1.983297699E-1
2.606362198E2,-1.144764957E-1,5.260681450E-2,-6.862263054E-2,1.434622264E-1
2.606462088E2,-8.328452379E-2,2.897002995E-2,-4.477359205E-2,9.889514186E-2
2.606561968E2,-8.314097464E-2,3.401266873E-2,-4.075187713E-2,9.864075622E-2
2.606661858E2,-5.097281009E-2,5.720798850E-2,-3.708611146E-2,8.512556008E-2
2.606761738E2,-2.979477972E-2,9.434190094E-2,-2.098068684E-2,1.011351195E-1
2.606861628E2,-1.453617811E-3,1.049715543E-1,-1.601493895E-2,1.061961321E-1
2.606961508E2,9.092712700E-3,9.014418483E-2,1.239828989E-2,9.144598993E-2
2.607061398E2,5.864786536E-2,5.387273669E-2,6.794640005E-2,1.046831273E-1
2.607161278E2,1.047736260E-1,2.851511657E-2,1.233579777E-1,1.643405466E-1
2.607261168E2,1.370689675E-1,-9.598204494E-3,1.534407328E-1,2.059710802E-1
2.607361048E2,1.800196901E-1,-5.734656751E-2,1.970673935E-1,2.730041670E-1
2.607460938E2,2.035632116E-1,-7.478471875E-2,2.318847853E-1,3.174921872E-1
2.607560818E2,2.034810582E-1,-6.138348520E-2,2.399613981E-1,3.205525633E-1
2.607660708E2,1.991330686E-1,-3.670881987E-2,2.055077031E-1,2.885046490E-1
2.607760588E2,1.906320941E-1,-1.916892707E-2,1.867799485E-1,2.675720319E-1
2.607860478E2,1.718058139E-1,-1.897129118E-2,1.877698821E-1,2.552149608E-1
2.607960358E2,1.445458022E-1,-1.996297896E-2,2.140393755E-1,2.590460648E-1
2.608060248E2,1.415990978E-1,2.773919106E-3,2.173082614E-1,2.593855810E-1
2.608160128E2,1.129378009E-1,-1.119390965E-2,2.493673754E-1,2.739787188E-1
2.608260018E2,6.878664494E-2,-1.715631545E-2,2.524120206E-1,2.621788889E-1
2.608359898E2,6.321132481E-2,6.452987194E-3,2.531766902E-1,2.610282534E-1
2.608459788E2,7.744958729E-2,3.799345315E-2,2.313480109E-1,2.469085726E-1
2.608559668E2,7.815505385E-2,3.359108448E-2,2.086017573E-1,2.252804176E-1
2.608659558E2,5.139059365E-2,9.530961514E-4,1.774948624E-1,1.847872498E-1
2.608759438E2,1.790417433E-2,-3.494880795E-3,1.385643929E-1,1.397600252E-1
2.608859328E2,-2.665453255E-3,7.817727327E-3,1.289584409E-1,1.292226798E-1
2.608959208E2,-2.330115438E-2,2.512490094E-2,1.224985832E-1,1.272010508E-1
2.609059098E2,-4.042706430E-2,4.411724210E-2,1.063088125E-1,1.219927957E-1
2.609158978E2,-2.909165204E-2,9.266550422E-2,8.171425402E-2,1.269269050E-1
2.609258868E2,-6.301836669E-3,8.825436473E-2,1.067286426E-1,1.386345887E-1
2.609358758E2,6.493917704E-3,8.984948516E-2,1.030197537E-1,1.368509065E-1
2.609458638E2,2.897704661E-2,9.351159632E-2,6.351757273E-2,1.166986286E-1
2.609558528E2,4.540655315E-3,6.208982885E-2,5.872870311E-2,8.558519128E-2
2.609658408E2,-3.446085781E-2,2.508338571E-2,1.179778084E-2,4.422572320E-2
2.609758298E2,-6.237751186E-2,1.578163505E-3,-6.040173769E-3,6.268914009E-2
2.609858178E2,-9.548970938E-2,1.461803913E-3,-2.013430238E-2,9.760026434E-2
2.609958068E2,-9.723130256E-2,1.188505054E-2,-3.479751125E-2,1.039521400E-1
2.610057960E2,-1.055369800E-1,1.582548916E-2,-4.128426611E-2,1.144241709E-1
2.610157850E2,-9.709447771E-2,1.602604866E-2,-6.544788480E-2,1.181845906E-1
2.610257730E2,-8.407740623E-2,1.864677072E-2,-6.195402727E-2,1.060896498E-1
2.610357620E2,-3.873985022E-2,1.076764762E-2,-7.152358040E-2,8.205084268E-2
2.610457500E2,-4.277179778E-2,-4.209995270E-5,-4.591058314E-2,6.274719198E-2
2.610557390E2,-5.224165589E-2,-2.958691120E-4,-4.463720575E-2,6.871505137E-2
2.610657270E2,-7.359948814E-2,-1.862338185E-3,-4.752426848E-2,8.762938464E-2
2.610757160E2,-9.931788146E-2,-4.948966384E-2,-4.728979513E-2,1.206216943E-1
2.610857040E2,-1.219925067E-1,-5.406627953E-2,-5.083350018E-2,1.427913828E-1
2.610956930E2,-1.584612983E-1,-4.368162453E-2,-5.331432760E-2,1.728018661E-1
2.611056810E2,-1.272257647E-1,-7.104367018E-3,-4.600048408E-2,1.354729189E-1
2.611156700E2,-1.234230280E-1,-2.337716818E-2,-5.264365196E-2,1.362023859E-1
2.611256580E2,-9.811393976E-2,-8.572018147E-4,-3.879159808E-2,1.055076682E-1
2.611356470E2,-8.525415838E-2,-2.409052849E-4,-3.016388521E-2,9.043334300E-2
2.611456350E2,-4.503730148E-2,-1.566293657E-2,-1.406942412E-2,4.971553884E-2
2.611556240E2,-2.176918387E-2,-2.022551894E-3,-1.055363953E-2,2.427689004E-2
2.611656120E2,3.401617706E-3,5.081230402E-4,-1.654835120E-2,1.690198567E-2
2.611756010E2,2.020213008E-2,-1.657451749E-2,-6.303883195E-3,2.688084138E-2
2.611855890E2,-1.456278294E-2,-6.439538598E-3,-1.544249654E-2,2.218136614E-2
2.611955780E2,-6.664013207E-2,4.116439819E-3,-2.028457582E-2,6.978048649E-2
2.612055660E2,-1.550731292E-1,1.500921786E-2,9.528184086E-3,1.560888796E-1
2.612155550E2,-2.366128439E-1,4.468266785E-2,3.622817874E-2,2.435049478E-1
2.612255430E2,-2.379477632E-1,3.905647695E-2,3.208601117E-2,2.432571860E-1
2.612355320E2,-1.898786804E-1,1.205111146E-2,-2.330115438E-3,1.902749905E-1
2.612455200E2,-1.243498117E-1,5.262494087E-5,-2.030796468E-2,1.259971899E-1
2.612555090E2,-5.851601064E-2,-7.780889869E-3,-3.774509266E-2,7.006680932E-2
2.612654970E2,-2.756318986E-2,-2.423436999E-2,-3.667022824E-2,5.188197918E-2
2.612754860E2,-3.157116383E-2,-4.538024068E-2,-2.170091763E-2,5.938884117E-2
2.612854740E2,-3.004942596E-2,-2.553011298E-2,-1.086558849E-3,3.944534547E-2
2.612954630E2,-7.404475361E-2,2.555934906E-2,9.319292307E-3,7.888444125E-2
2.613054510E2,-5.515707761E-2,6.363349378E-2,1.104202822E-2,8.493203829E-2
2.613154400E2,-2.385459334E-2,4.768755198E-2,1.013834104E-2,5.427642394E-2
2.613254280E2,3.170652688E-3,8.907063603E-3,3.363654658E-2,3.494003558E-2
2.613354170E2,2.259101003E-2,-1.924844921E-2,4.393451661E-3,3.000264903E-2
2.613454060E2,4.224525601E-2,-4.240459263E-2,-1.401884571E-2,6.147633013E-2
2.613553940E2,2.630866975E-2,-4.139360905E-2,-1.376800016E-2,5.094246561E-2
2.613653830E2,1.786032021E-2,-2.696443498E-2,4.396375269E-3,3.264046426E-2
2.613753710E2,1.360383958E-2,-2.745852470E-2,3.512641713E-2,4.661437772E-2
2.613853600E2,4.706950128E-2,-3.816828489E-2,4.163626850E-2,7.352506224E-2
2.613953480E2,5.665484190E-2,-4.559951127E-2,4.578311384E-2,8.593707030E-2
2.614053370E2,8.955800146E-2,-5.365288138E-2,4.766591728E-2,1.147663146E-1
2.614153250E2,1.075042757E-1,-2.475711107E-3,5.077839017E-2,1.189190622E-1
2.614253140E2,1.250988400E-1,1.795679927E-2,3.352325678E-2,1.307515780E-1
2.614353020E2,1.421440583E-1,2.157154799E-2,-2.498076707E-3,1.437932731E-1
2.614452910E2,1.597035393E-1,1.170787990E-2,1.004829392E-2,1.604470727E-1
2.614552790E2,1.514513639E-1,-3.140773416E-2,2.006062746E-2,1.559691962E-1
2.614652680E2,1.490627763E-1,-7.305569708E-2,3.256942973E-2,1.691674138E-1
2.614752560E2,1.206619728E-1,-1.096873337E-1,2.970078573E-2,1.657490860E-1
2.614852450E2,9.467636168E-2,-1.547845691E-1,2.926984593E-2,1.837895541E-1
2.614952330E2,9.250265926E-2,-1.878938431E-1,1.702022150E-2,2.101202660E-1
2.615052220E2,1.055945751E-1,-1.958980966E-1,-1.048975870E-2,2.227920860E-1
2.615152100E2,1.337790316E-1,-1.912600851E-1,-1.698733091E-2,2.340209796E-1
2.615251990E2,1.439119640E-1,-1.844784844E-1,-1.609840795E-2,2.345253149E-1
2.615351870E2,1.514706597E-1,-2.126363361E-1,-3.347311690E-2,2.632071840E-1
2.615451760E2,1.308185863E-1,-2.313854331E-1,-6.820206955E-2,2.744161866E-1
2.615551640E2,1.434406784E-1,-1.919032788E-1,-7.822814405E-2,2.520351943E-1
2.615651530E2,1.423396477E-1,-1.328668660E-1,-1.310403420E-1,2.347035377E-1
2.615751410E2,1.216802654E-1,-7.913972497E-2,-1.876295489E-1,2.372214802E-1
2.615851300E2,7.966538966E-2,-6.639571846E-2,-2.471509883E-1,2.680271940E-1
2.615951180E2,1.541998476E-2,-6.642378509E-2,-2.877946919E-1,2.957628777E-1
2.616051070E2,-9.546339691E-2,-8.799240947E-2,-3.325348087E-1,3.569808444E-1
2.616150950E2,-1.655855459E-1,-8.444958150E-2,-3.550565292E-1,4.007685663E-1
2.616250840E2,-2.258077741E-1,-5.512871861E-2,-4.079036643E-1,4.694824020E-1
2.616350720E2,-2.729684919E-1,-1.869881094E-2,-4.347229421E-1,5.136589136E-1
2.616450610E2,-3.005749512E-1,2.153763413E-2,-4.293530054E-1,5.245504497E-1
2.616550490E2,-2.990207613E-1,4.245020092E-2,-4.780464247E-1,5.654589458E-1
2.616650380E2,-2.765940580E-1,5.818213463E-2,-5.185540344E-1,5.905825262E-1
2.616750260E2,-2.738341722E-1,8.141195297E-2,-5.213321927E-1,5.944748229E-1
2.616850150E2,-3.309620538E-1,8.016357243E-2,-5.048240411E-1,6.089412056E-1
2.616950030E2,-3.880501744E-1,9.005530715E-2,-5.132963642E-1,6.497430675E-1
2.617049920E2,-4.045919475E-1,1.168770701E-1,-5.044955738E-1,6.571686827E-1
2.617149810E2,-4.487556750E-1,1.185663307E-1,-4.655278283E-1,6.573855714E-1
2.617249690E2,-5.042577383E-1,1.342941713E-1,-4.434021105E-1,6.847745780E-1
2.617349580E2,-5.395085549E-1,1.611814231E-1,-4.139777519E-1,6.988751756E-1
2.617449460E2,-5.668220687E-1,1.480667031E-1,-3.791714698E-1,6.978409630E-1
2.617549350E2,-5.650220034E-1,1.010819864E-1,-3.290444595E-1,6.616174790E-1
2.617649230E2,-5.351228508E-1,6.013978243E-2,-2.955488308E-1,6.142657164E-1
2.617749120E2,-4.323004407E-1,-2.663406730E-2,-2.547395048E-1,5.024791138E-1
2.617849000E2,-3.540880841E-1,-1.315500730E-1,-2.219708312E-1,4.381265147E-1
2.617948890E2,-2.966850910E-1,-1.969049871E-1,-2.211837959E-1,4.191847907E-1
2.618048770E2,-2.318999881E-1,-2.095636243E-1,-1.901977922E-1,3.658821084E-1
2.618148660E2,-1.378083479E-1,-1.577327353E-1,-1.607475597E-1,2.640275260E-1
2.618248540E2,-4.936307162E-2,-9.945119798E-2,-1.508295125E-1,1.872880014E-1
2.618348430E2,5.723547041E-2,-6.522978365E-2,-1.546588540E-1,1.773419997E-1
2.618448310E2,1.655463696E-1,-3.056398094E-2,-2.034164464E-1,2.640416787E-1
2.618548200E2,2.306124312E-1,-4.219994009E-2,-2.290295899E-1,3.277460624E-1
2.618648080E2,2.357068178E-1,-6.584608018E-2,-2.950244817E-1,3.833182164E-1
2.618747970E2,5.181159317E-2,2.772392982E-1,-1.594028755E0,1.618787738E0
2.618847850E2,-3.171471298E-2,-1.109573489E-1,3.677240834E-2,1.211179851E-1
2.618947740E2,-2.065737967E-1,1.280037367E-1,-1.495612660E0,1.515227679E0
2.619047620E2,-7.756968910E-1,-3.697206151E-1,1.129970332E0,1.419588655E0
2.619147510E2,-5.175233164E-1,-2.348516625E-1,1.042083465E-1,5.777932727E-1
2.619247390E2,-6.721565889E-1,-2.923485035E-1,5.711699121E-1,9.292454982E-1
2.619347280E2,-5.274504268E-1,-1.415078813E-1,2.062824592E-2,5.464924133E-1
2.619447160E2,-3.797265168E-1,-5.377216458E-2,-2.136894196E-1,4.390294310E-1
2.619547050E2,-5.059332579E-1,1.069180924E-1,2.156043828E-2,5.175565597E-1
2.619646930E2,-9.327836551E-1,1.253251272E-1,4.038130984E-2,9.420309893E-1
2.619746820E2,-8.392251348E-1,1.212864554E-1,-3.457617952E-1,9.157294635E-1
2.619846700E2,-9.109000120E-1,1.123215044E-1,3.214506805E-4,9.177990278E-1
2.619946590E2,-1.041721814E0,-3.158958256E-2,2.549953204E-1,1.072942148E0
2.620046466E2,-1.068712123E0,-2.302884954E-1,4.260595612E-1,1.173330790E0
2.620146356E2,-9.007970466E-1,-4.738378912E-1,6.791456196E-1,1.223599787E0
2.620246236E2,-6.576785906E-1,-5.289952612E-1,7.934847057E-1,1.158445119E0
2.620346126E2,-5.323315363E-1,-6.264274156E-1,6.486883503E-1,1.047179425E0
2.620446006E2,-3.768109488E-1,-6.674251682E-1,4.997243920E-1,9.149684772E-1
2.620545896E2,-1.092264269E-1,-4.631088352E-1,6.827837572E-1,8.322222447E-1
2.620645786E2,2.711251572E-2,-3.411628139E-1,4.427768970E-1,5.596235651E-1
2.620745666E2,9.235837922E-2,-2.087198710E-1,4.930287454E-1,5.432967868E-1
2.620845556E2,1.676007888E-1,-2.517512852E-1,5.789737523E-1,6.532069655E-1
2.620945436E2,3.308570963E-1,-1.557271403E-1,7.293524444E-1,8.158874607E-1
2.621045326E2,4.825477575E-1,-1.493320405E-1,7.834117073E-1,9.321407081E-1
2.621145206E2,6.564879513E-1,-1.764485031E-1,7.610616025E-1,1.020453462E0
2.621245096E2,7.861977594E-1,-1.829055834E-1,8.270149791E-1,1.155644904E0
2.621344976E2,7.422402924E-1,-3.876394075E-1,1.062193501E0,1.352567926E0
2.621444866E2,8.910196249E-1,-5.512240362E-1,1.237504136E0,1.621474760E0
2.621544746E2,8.612077421E-1,-7.172451997E-1,1.346380168E0,1.751815918E0
2.621644636E2,1.132150028E0,-5.946735263E-1,1.179231369E0,1.739536407E0
2.621744516E2,1.101519096E0,-3.807812083E-1,8.160648984E-1,1.422779170E0
2.621844406E2,1.194387206E0,-2.807885581E-1,4.267175192E-1,1.299034585E0
2.621944286E2,1.094839237E0,-4.732385516E-2,1.283440447E-1,1.103351574E0
2.622044176E2,8.870891266E-1,1.160783404E-1,-7.489757001E-2,8.977811234E-1
2.622144056E2,7.682061692E-1,3.050100642E-1,-2.794545159E-1,8.725059794E-1
2.622243946E2,7.880250143E-1,4.266146082E-1,-4.341616094E-1,9.957307618E-1
2.622343826E2,8.161942680E-1,6.231582373E-1,-5.139600232E-1,1.148326686E0
2.622443716E2,6.485611734E-1,7.201664686E-1,-6.646202588E-1,1.175155916E0
2.622543596E2,3.531577921E-1,9.218924850E-1,-6.899483505E-1,1.204423060E0
2.622643486E2,-8.267305121E-2,1.269719371E0,-5.149882561E-1,1.372674403E0
2.622743366E2,-3.895124169E-1,1.397749420E0,-4.133162856E-1,1.508725858E0
2.622843256E2,-4.508444466E-1,1.565410143E0,-3.847450358E-1,1.673857333E0
2.622943136E2,-3.373726487E-1,1.609548435E0,-3.509031057E-1,1.681546745E0
2.623043026E2,-2.834731610E-1,1.434361761E0,-2.578636721E-1,1.484669784E0
2.623142916E2,-2.690254220E-1,1.243885202E0,-1.050311959E-1,1.276971662E0
2.623242796E2,-3.818328300E-1,9.913287556E-1,6.699447334E-3,1.062343586E0
2.623342686E2,-5.066656217E-1,6.663124430E-1,6.923074096E-2,8.399257226E-1
2.623442566E2,-3.665224805E-1,7.546568549E-1,-1.296611300E-1,8.489156059E-1
2.623542456E2,-3.825548150E-1,8.678577805E-1,-2.959185210E-1,9.935255833E-1
2.623642336E2,-4.542136122E-1,6.252123642E-1,-2.207186499E-1,8.036897587E-1
2.623742226E2,-5.156801279E-1,3.332638103E-1,1.371645695E-1,6.291302573E-1
2.623842106E2,-7.952894488E-1,-1.569562250E-1,2.639912617E-1,8.525326681E-1
2.623941996E2,-6.519676150E-1,8.907063603E-2,1.982287967E-1,6.872335885E-1
2.624041876E2,-3.517323871E-1,2.790150976E-1,-6.268419832E-2,4.533149077E-1
2.624141766E2,-3.305916327E-1,7.442336082E-3,-1.697680593E-2,3.311108997E-1
2.624241646E2,-1.321513130E-1,-1.887650782E-1,9.212259024E-2,2.481588118E-1
2.624341536E2,-2.541591686E-1,-2.061622989E-1,3.627858174E-1,4.885829774E-1
2.624441416E2,-3.683164063E-1,-2.562974954E-1,5.456057391E-1,7.064212651E-1
2.624541306E2,-3.776859847E-1,-2.770784998E-1,7.269799367E-1,8.648231185E-1
2.624641186E2,-3.418188715E-1,-1.710252106E-1,8.027045953E-1,8.890581707E-1
2.624741076E2,-3.801141872E-1,-6.536660850E-2,7.689649916E-1,8.602713218E-1
2.624840956E2,-5.663349956E-1,-2.108505964E-2,7.513949856E-1,9.411558486E-1
2.624940846E2,-4.677317901E-1,1.095522630E-1,6.498238796E-1,8.081124924E-1
2.625040726E2,-2.604808858E-1,2.573803997E-1,5.725029311E-1,6.795988288E-1
2.625140616E2,-7.908198372E-2,3.277136332E-1,5.730929151E-1,6.648952360E-1
2.625240496E2,8.018184498E-2,1.649289036E-1,5.091202828E-1,5.411415100E-1
2.625340386E2,2.052983728E-1,-6.924974442E-2,4.089136246E-1,4.627670055E-1
2.625440266E2,1.412397864E-1,-4.986967438E-1,3.147266749E-1,6.063827170E-1
2.625540156E2,1.806260464E-1,-6.212988228E-1,3.224566939E-1,7.229220672E-1
2.625640036E2,3.026441346E-1,-3.076986140E-1,3.560974798E-1,5.595331307E-1
2.625739926E2,2.150401264E-1,-2.197249156E-1,3.241196421E-1,4.467379958E-1
2.625839816E2,4.780876476E-1,4.743407518E-1,1.722820696E-1,6.951604556E-1
2.625939696E2,7.633317840E-1,1.496738103E0,-1.495080417E-1,1.686787780E0
2.626039586E2,5.168539564E-1,1.320619968E0,-2.476936099E-1,1.439627464E0
2.626139466E2,3.870602408E-1,2.726053798E-1,-3.923218578E-2,4.750457741E-1
2.626239356E2,3.087654385E-1,-7.321123302E-1,3.463314602E-1,8.667583518E-1
2.626339236E2,2.814538251E-1,-8.533695495E-1,3.755081892E-1,9.738902627E-1
2.626439126E2,1.261294118E-1,-4.655728519E-1,1.886621672E-1,5.179383383E-1
2.626539006E2,-3.193851516E-2,1.116046357E-1,1.278961480E-1,1.727225756E-1
2.626638896E2,-1.624625480E-1,4.481873256E-1,1.760438758E-1,5.081903232E-1
2.626738776E2,-2.130378936E-1,4.550086874E-1,2.614088389E-1,5.663502722E-1
2.626838666E2,-2.221041477E-1,2.752898365E-1,3.089469945E-1,4.696413439E-1
2.626938546E2,-1.923646241E-1,2.143975174E-1,3.513173810E-1,4.543064453E-1
2.627038436E2,-1.866884395E-1,1.622257358E-1,3.248268628E-1,4.082673801E-1
2.627138316E2,-1.588067226E-1,2.226379985E-1,2.693397099E-1,3.838373781E-1
2.627238206E2,-7.684615463E-2,3.059140438E-1,2.565626666E-1,4.065871808E-1
2.627338086E2,8.936080411E-2,3.338216347E-1,3.119319981E-1,4.655360443E-1
2.627437976E2,7.398978978E-2,1.720578289E-1,3.465369898E-1,3.939115012E-1
2.627537856E2,5.684882328E-2,2.583241403E-1,4.067381680E-1,4.851794384E-1
2.627637746E2,1.284633279E-2,4.434668684E-1,3.559062758E-1,5.687681151E-1
2.627737626E2,7.338445678E-2,5.884000486E-1,3.409169385E-1,6.839767939E-1
2.627837516E2,1.831339172E-1,6.946047807E-1,3.486995825E-1,7.985018671E-1
2.627937396E2,3.185188866E-1,7.903804189E-1,2.952782509E-1,9.018562708E-1
2.628037286E2,4.242039473E-1,7.616442776E-1,3.366800460E-1,9.345610991E-1
2.628137166E2,3.193687794E-1,6.764152622E-1,3.513916406E-1,8.264442566E-1
2.628237056E2,2.621524586E-1,6.118859750E-1,3.936181855E-1,7.733457402E-1
2.628336946E2,2.430431731E-1,4.962280494E-1,4.428692830E-1,7.081281401E-1
2.628436826E2,2.472990690E-1,4.420231909E-1,5.121766225E-1,7.203236935E-1
2.628536716E2,2.327476881E-1,3.411943889E-1,5.296980965E-1,6.716882988E-1
2.628636596E2,2.294394797E-1,2.543065184E-1,5.224063262E-1,6.246780370E-1
2.628736486E2,2.268229969E-1,2.604349852E-2,5.960873830E-1,6.383158340E-1
2.628836366E2,2.305367097E-1,-1.052498817E-1,6.945948404E-1,7.393826509E-1
2.628936256E2,3.490667877E-1,2.151787055E-1,6.934400153E-1,8.056106705E-1
2.629036136E2,2.373222573E-1,3.756467682E-1,7.185655010E-1,8.448483458E-1
2.629136026E2,9.804552734E-2,9.195161766E-1,9.027106941E-1,1.292288482E0
2.629235906E2,8.317094162E-2,1.016599252E0,9.360828003E-1,1.384428566E0
2.629335796E2,-2.140586713E-1,6.608692700E-1,1.083096128E0,1.286727060E0
2.629435676E2,-5.356534857E-1,-9.108792543E-3,1.252168368E0,1.361959342E0
2.629535566E2,-6.939911154E-1,-9.665307140E-1,1.384916536E0,1.825869409E0
2.629635446E2,-5.501503412E-1,-1.588572718E0,1.442168086E0,2.214966696E0
2.629735336E2,-3.458948193E-1,-1.628382901E0,1.258417287E0,2.086836881E0
2.629835216E2,-1.052292703E-1,-1.447947181E0,1.104544299E0,1.824182652E0
2.629935106E2,3.630083039E-2,-1.050045910E0,1.026316155E0,1.468754239E0
2.630034986E2,1.237595353E-1,-6.102201033E-1,7.912361589E-1,1.006846392E0
2.630134874E2,1.963638273E-1,-1.600476480E-1,6.232871684E-1,6.728007852E-1
2.630234754E2,3.334525292E-1,2.468700296E-1,5.264368120E-1,6.702768963E-1
2.630334644E2,5.269879121E-1,6.004061365E-1,2.619011745E-1,8.407116113E-1
2.630434524E2,6.752256462E-1,8.884510893E-1,-1.120165721E-1,1.121526961E0
2.630534414E2,6.763914348E-1,1.064859247E0,-3.685283679E-1,1.314246456E0
2.630634294E2,4.925751476E-1,1.185239968E0,-3.326168159E-1,1.325917797E0
2.630734184E2,1.582966992E-1,1.107183732E0,-7.406434178E-2,1.120892140E0
2.630834074E2,-9.331644550E-2,6.838149136E-1,2.974297339E-1,7.515152970E-1
2.630933954E2,-1.388832124E-1,1.104737842E-1,4.890991241E-1,5.202989111E-1
2.631033844E2,-8.536496311E-2,-4.076555961E-1,4.815018368E-1,6.366429775E-1
2.631133724E2,5.334765673E-2,-6.930657935E-1,2.558238709E-1,7.406969823E-1
2.631233614E2,1.067669418E-1,-7.597497797E-1,-5.189696252E-2,7.689682714E-1
2.631333494E2,8.263387486E-2,-6.337294185E-1,-2.263384089E-1,6.779899767E-1
2.631433384E2,-6.914844140E-2,-4.827315062E-1,-2.541468894E-1,5.499107705E-1
2.631533264E2,-2.133494040E-1,-3.367078203E-1,-1.543398884E-1,4.274469857E-1
2.631633154E2,-2.546345472E-1,-8.546699703E-2,-1.276760003E-1,2.973962362E-1
2.631733034E2,-1.670521738E-1,2.215890080E-1,-1.806011957E-1,3.310965254E-1
2.631832924E2,-1.640928979E-1,3.440051454E-1,-2.387757289E-1,4.497553423E-1
2.631932804E2,-1.524275565E-1,3.801228118E-1,-1.783593732E-1,4.466985315E-1
2.632032694E2,-1.578166428E-1,2.030708760E-1,-1.392593345E-1,2.924671532E-1
2.632132574E2,-1.451198526E-1,1.275032151E-1,-1.095543095E-1,2.220787883E-1
2.632232464E2,-1.871212797E-1,8.334094942E-2,-1.253110939E-1,2.401311255E-1
2.632332344E2,-1.499990617E-1,6.980815351E-2,-1.779301876E-1,2.429651178E-1
2.632432234E2,-1.156228423E-2,1.848889589E-3,-2.372180307E-1,2.375068397E-1
2.632532114E2,2.039725167E-1,-1.057796395E-1,-3.474038395E-1,4.165135621E-1
2.632632004E2,3.154362345E-1,-1.903023112E-1,-4.671425369E-1,5.949261614E-1
2.632731884E2,3.384299715E-1,-2.729901266E-1,-5.052994198E-1,6.666228007E-1
2.632831774E2,2.623134032E-1,-3.804654586E-1,-3.780993828E-1,5.970941550E-1
2.632931654E2,2.898989587E-1,-2.157774603E-1,-2.523611498E-1,4.407805220E-1
2.633031544E2,3.775700636E-1,-1.529339254E-2,-2.657594597E-1,4.619752496E-1
2.633131434E2,4.465974677E-1,3.381912589E-2,-3.843178967E-1,5.901637714E-1
2.633231314E2,4.710487694E-1,2.292167008E-2,-4.435716797E-1,6.474319896E-1
2.633331204E2,3.408482337E-1,-3.801391840E-2,-3.678038979E-1,5.028939090E-1
2.633431084E2,2.340676971E-1,2.467641950E-2,-3.183341146E-1,3.958954672E-1
2.633530974E2,2.196271209E-1,1.185324168E-1,-2.670367840E-1,3.655060192E-1
2.633630854E2,2.480752869E-1,-2.350931525E-2,-2.124995112E-1,3.274905772E-1
2.633730744E2,2.260501412E-1,-2.099407697E-1,-3.612623253E-1,4.750623757E-1
2.633830624E2,3.616624211E-1,-2.023440671E-1,-4.713056083E-1,6.275920687E-1
2.633930514E2,2.876974820E-1,-2.278999078E-1,-4.890710574E-1,6.114725737E-1
2.634030394E2,2.065758432E-1,-2.337991637E-1,-5.406616259E-1,6.242200106E-1
2.634130284E2,8.517405152E-2,-2.540305299E-1,-5.827969542E-1,6.414346568E-1
2.634230164E2,-3.569184288E-2,-2.335489029E-1,-6.149440688E-1,6.587679450E-1
2.634330054E2,-2.097828948E-1,-1.638144243E-1,-6.736373962E-1,7.243144139E-1
2.634429934E2,-3.279188704E-1,-1.220237893E-1,-7.544804151E-1,8.316617627E-1
2.634529824E2,-3.952323094E-1,-9.491492808E-2,-7.116871288E-1,8.195828154E-1
2.634629704E2,-4.302561079E-1,-1.837955296E-2,-6.368091470E-1,7.687548478E-1
2.634729594E2,-3.215057905E-1,-3.817530155E-2,-6.528832890E-1,7.287523009E-1
2.634829474E2,-2.087539311E-1,-6.607236743E-2,-6.689705873E-1,7.038930374E-1
2.634929364E2,-2.018571402E-1,-1.363798732E-1,-6.572697240E-1,7.009630981E-1
2.635029244E2,-2.338855563E-1,-2.132631576E-1,-5.493862563E-1,6.340417072E-1
2.635129134E2,-2.119131817E-1,-2.935372424E-1,-4.615271634E-1,5.865821612E-1
2.635229014E2,-2.419460893E-1,-2.439113384E-1,-4.073486173E-1,5.328823014E-1
2.635328904E2,-2.733289728E-1,-1.612533438E-1,-3.569567281E-1,4.776290129E-1
2.635428794E2,-2.939431854E-1,-9.436996758E-2,-3.463962181E-1,4.640028307E-1
2.635528674E2,-2.567510931E-1,-2.002554417E-2,-3.196649408E-1,4.104970410E-1
2.635628564E2,-1.698826647E-1,-7.490867972E-3,-2.458751258E-1,2.989495114E-1
2.635728444E2,-6.832968503E-2,2.802044213E-2,-2.298764129E-1,2.414482475E-1
2.635828334E2,2.744098306E-3,1.500395536E-3,-1.878725007E-1,1.878985306E-1
2.635928214E2,6.880228624E-2,-1.146697462E-2,-1.012819612E-1,1.229767529E-1
2.636028104E2,8.978501961E-2,-2.728837073E-2,1.809947133E-2,9.556984768E-2
2.636127984E2,1.882663107E-1,-7.590095222E-2,4.800944120E-2,2.085906631E-1
2.636227874E2,3.014451630E-1,-1.299988067E-1,5.501747534E-2,3.328600286E-1
2.636327754E2,3.544845253E-1,-1.686448091E-1,1.227796881E-1,4.113091321E-1
2.636427644E2,3.831689188E-1,-1.823892742E-1,1.786651826E-1,4.604405664E-1
2.636527524E2,3.973969486E-1,-1.693710333E-1,1.189554629E-1,4.480639283E-1
2.636627414E2,3.789754419E-1,-2.908656496E-1,8.273576260E-2,4.848406110E-1
2.636727294E2,4.915609480E-1,-4.922887802E-2,-4.866199046E-3,4.940438523E-1
2.636827184E2,3.153331773E-1,6.013861299E-3,-1.310609534E-2,3.156627139E-1
2.636927064E2,3.649253136E-1,1.314033079E-1,1.731230454E-1,4.247456918E-1
2.637026954E2,3.557701819E-1,1.257402796E-1,1.467271060E-1,4.048603263E-1
2.637126834E2,3.578208004E-1,5.266002417E-2,2.473898470E-2,3.625200970E-1
2.637226724E2,3.690857537E-1,-1.935720742E-2,-9.236905038E-2,3.809606758E-1
2.637326604E2,3.738404171E-1,-1.431749225E-2,-3.700293481E-2,3.759399756E-1
2.637426494E2,3.522109817E-1,-3.122062325E-2,3.866822183E-2,3.557000623E-1
2.637526374E2,4.639838710E-1,-7.277912378E-2,2.481792212E-2,4.703124097E-1
2.637626264E2,5.582784095E-1,-1.536864620E-1,-5.754654229E-2,5.818985442E-1
2.637726154E2,5.918670090E-1,-2.169112355E-1,-1.265382783E-1,6.429377701E-1
2.637826034E2,5.089048129E-1,-2.647987622E-1,-1.550073481E-1,5.942472306E-1
2.637925924E2,3.996221066E-1,-2.404690826E-1,-1.293540050E-1,4.839996553E-1
2.638025804E2,2.493796545E-1,-1.734670079E-1,-1.065403622E-1,3.219190328E-1
2.638125694E2,1.700582273E-1,-7.913387775E-2,-1.165877791E-1,2.208499072E-1
2.638225574E2,1.136961848E-1,-2.076580167E-2,-1.856467581E-1,2.186841552E-1
2.638325464E2,1.440164830E-1,-2.342219174E-2,-2.182085864E-1,2.624963497E-1
2.638425344E2,2.014536823E-1,-7.882280588E-2,-2.474054883E-1,3.286428099E-1
2.638525234E2,2.168054008E-1,-1.256063783E-1,-2.010025696E-1,3.212220060E-1
2.638625114E2,1.985080013E-1,-1.815309030E-1,-1.457740098E-1,3.059558093E-1
2.638725004E2,2.104081084E-1,-2.632100737E-1,-1.597492938E-1,3.729221793E-1
2.638824884E2,1.886438946E-1,-3.489653385E-1,-2.258123057E-1,4.564586770E-1
2.638924774E2,6.736387119E-2,-3.746270138E-1,-2.886201726E-1,4.776870258E-1
2.639024654E2,-1.040479866E-1,-2.768101126E-1,-3.724465871E-1,4.755694294E-1
2.639124544E2,-2.135093254E-1,-9.275730550E-2,-4.402561623E-1,4.980116848E-1
2.639224424E2,-2.833299042E-1,9.091367841E-2,-4.135766329E-1,5.094965778E-1
2.639324314E2,-3.499000159E-1,1.805374610E-1,-2.918086593E-1,4.900776363E-1
2.639424194E2,-3.858393422E-1,2.002191889E-1,-7.355037153E-2,4.408734271E-1
2.639524084E2,-3.639245626E-1,1.438631397E-1,3.548733652E-2,3.929338892E-1
2.639623964E2,-2.866658869E-1,1.011159003E-1,6.438310683E-2,3.107200355E-1
2.639723854E2,-1.800695376E-1,4.315888345E-2,5.752183780E-2,1.938981419E-1
2.639823744E2,1.198036015E-2,-9.143291116E-2,-6.680443883E-2,1.138698350E-1
2.639923624E2,3.221606787E-1,-2.071270895E-1,-3.142219140E-1,4.954034167E-1
2.640023514E2,7.047033606E-1,-3.269347841E-1,-6.101652856E-1,9.878232915E-1
2.640123400E2,1.057920648E0,-3.782862014E-1,-8.529156594E-1,1.410589122E0
2.640223290E2,1.216332245E0,-3.926580727E-1,-9.854493803E-1,1.613925331E0
2.640323170E2,1.248741023E0,-4.037952644E-1,-9.898213434E-1,1.643822086E0
2.640423060E2,1.066063188E0,-3.834656650E-1,-9.748273283E-1,1.494598594E0
2.640522940E2,6.357285815E-1,-2.657506889E-1,-8.541630167E-1,1.097437341E0
2.640622830E2,1.621257484E-2,-9.529090405E-2,-5.808869612E-1,5.888742359E-1
2.640722710E2,-5.828693135E-1,9.587387145E-2,-2.704524350E-1,6.496714212E-1
2.640822600E2,-1.015380400E0,2.572903526E-1,7.587449357E-2,1.050215512E0
2.640922480E2,-1.293068180E0,3.166694123E-1,2.977587859E-1,1.364171957E0
2.641022370E2,-1.367013677E0,2.987225533E-1,3.954967497E-1,1.454090518E0
2.641122250E2,-1.226284499E0,2.814077783E-1,3.966859272E-1,1.319213301E0
2.641222140E2,-8.794111477E-1,1.774583173E-1,4.075420140E-1,9.853658783E-1
2.641322020E2,-5.172617997E-1,1.237814623E-1,1.500740522E-1,5.526335504E-1
2.641421910E2,-1.318643609E-1,1.126957262E-1,-2.139203846E-2,1.747745853E-1
2.641521790E2,1.646081838E-1,6.830717325E-2,-1.573743010E-1,2.377570077E-1
2.641621680E2,3.652061261E-1,6.130688667E-2,-2.446605130E-1,4.438387269E-1
2.641721570E2,4.680003235E-1,5.358329952E-2,-2.840220684E-1,5.500581861E-1
2.641821450E2,4.524835673E-1,4.287412405E-2,-2.499404025E-1,5.187000810E-1
2.641921340E2,3.534707643E-1,1.944140732E-2,-1.110691769E-1,3.710200960E-1
2.642021220E2,1.685246488E-1,5.014279783E-2,2.041204512E-2,1.770070875E-1
2.642121110E2,-1.558005229E-2,9.798588574E-2,1.934614156E-1,2.174196200E-1
2.642220990E2,-1.658336140E-1,1.343953282E-1,2.788806117E-1,3.511940878E-1
2.642320880E2,-3.153751311E-1,1.762894589E-1,3.054472898E-1,4.731146726E-1
2.642420760E2,-3.887410229E-1,1.968465149E-1,2.801803015E-1,5.180435645E-1
2.642520650E2,-4.141284639E-1,1.972131354E-1,2.594953376E-1,5.270040186E-1
2.642620530E2,-4.189439383E-1,2.716329879E-1,2.984715615E-1,5.817076384E-1
2.642720420E2,-3.418419680E-1,3.661368567E-1,2.908356826E-1,5.792214802E-1
2.642820300E2,-2.136249541E-1,4.257077050E-1,1.775283377E-1,5.083099269E-1
2.642920190E2,-9.285027623E-2,4.035029036E-1,1.010742389E-1,4.262062514E-1
2.643020070E2,-3.527332842E-3,3.698562706E-1,-3.122822464E-2,3.711890421E-1
2.643119960E2,5.880310893E-2,3.262313640E-1,-1.542134424E-1,3.656042865E-1
2.643219840E2,6.287481755E-2,3.190936679E-1,-1.828430182E-1,3.731026412E-1
2.643319730E2,-3.615801215E-2,2.689432687E-1,-1.529479587E-1,3.114979320E-1
2.643419610E2,-1.090423858E-1,1.942345637E-1,-8.572427452E-2,2.386754258E-1
2.643519500E2,-1.889896113E-1,2.444890434E-1,-3.497870184E-2,3.109911174E-1
2.643619380E2,-3.130936937E-1,3.406716478E-1,5.624553680E-2,4.660991236E-1
2.643719270E2,-4.051991808E-1,4.077789724E-1,2.419102751E-2,5.753740282E-1
2.643819160E2,-4.321364263E-1,4.456303382E-1,1.335737944E-2,6.208918656E-1
2.643919040E2,-3.685017630E-1,2.705389738E-1,-5.586904921E-2,4.605499282E-1
2.644018930E2,-3.623996088E-1,3.126319098E-1,-1.929100232E-1,5.160295191E-1
2.644118810E2,-2.758526310E-1,2.967824471E-1,-2.437065397E-1,4.728291155E-1
2.644218700E2,-2.279139411E-1,1.610206246E-1,-1.467357306E-1,3.152836513E-1
2.644318580E2,-1.737096673E-1,-1.362962580E-1,-2.960394122E-2,2.227736784E-1
2.644418470E2,-1.597780913E-1,-4.713902467E-1,6.406399503E-2,5.018386181E-1
2.644518350E2,-1.434158278E-1,-7.728136289E-1,2.244295853E-1,8.174213378E-1
2.644618240E2,-1.502173090E-1,-1.030475280E0,3.568497241E-1,1.100811640E0
2.644718120E2,-1.266851896E-1,-1.182298819E0,5.043001306E-1,1.291587495E0
2.644818010E2,-1.157681456E-1,-1.254837037E0,6.127555291E-1,1.401245015E0
2.644917890E2,-1.339155641E-1,-1.250960918E0,6.384972382E-1,1.410856236E0
2.645017780E2,-9.215328813E-2,-1.169205734E0,5.967633212E-1,1.315925810E0
2.645117660E2,-6.171823829E-2,-9.398381746E-1,4.640040439E-1,1.049954612E0
2.645217550E2,-5.052637517E-2,-6.150224215E-1,3.936327305E-1,7.319509683E-1
2.645317430E2,-2.672352970E-2,-2.893009347E-1,3.533443183E-1,4.574509647E-1
2.645417320E2,-8.699779809E-3,-2.603355825E-2,2.931858248E-1,2.944679272E-1
2.645517200E2,1.244345963E-2,1.567650211E-1,2.467291117E-1,2.925839470E-1
2.645617090E2,-5.242262721E-2,2.926876420E-1,2.376076014E-1,3.806199678E-1
2.645716980E2,-1.382036197E-1,4.024346173E-1,2.171258283E-1,4.777002062E-1
2.645816860E2,-1.826442128E-1,4.767088741E-1,1.728647447E-1,5.389735421E-1
2.645916750E2,-1.655080703E-1,4.089630336E-1,1.364892161E-1,4.618148874E-1
2.646016630E2,-8.784505963E-2,4.757382363E-1,5.692907631E-2,4.871186136E-1
2.646116520E2,-2.299212903E-2,5.088954574E-1,-6.306170918E-2,5.133030330E-1
2.646216400E2,5.124792159E-2,4.825362092E-1,-1.227891898E-1,5.005444314E-1
2.646316290E2,8.809239686E-2,4.497994030E-1,-1.478276251E-1,4.815939991E-1
2.646416170E2,1.235700855E-1,3.528595841E-1,-1.869664747E-1,4.180142519E-1
2.646516060E2,1.323584506E-1,3.150058794E-1,-1.722046671E-1,3.826250265E-1
2.646615940E2,1.261004680E-1,3.197292602E-1,-1.586110602E-1,3.785308393E-1
2.646715830E2,1.195778990E-1,2.978331918E-1,-1.092143670E-1,3.390151354E-1
2.646815710E2,6.210386217E-2,2.845693678E-1,-9.985480204E-2,3.079084219E-1
2.646915600E2,-3.121974617E-2,2.600473148E-1,-1.060241262E-1,2.825604250E-1
2.647015480E2,-1.545769930E-1,2.401083094E-1,-8.829778031E-2,2.989022332E-1
2.647115370E2,-2.207034472E-1,1.864010489E-1,-5.845753849E-2,2.947416605E-1
2.647215250E2,-2.364608163E-1,1.108216935E-1,7.338182554E-3,2.612451230E-1
2.647315140E2,-2.438864878E-1,3.849222064E-2,8.016225681E-2,2.595924833E-1
2.647415020E2,-2.482833016E-1,-1.011392891E-2,1.263559914E-1,2.787700234E-1
2.647514910E2,-2.279604265E-1,-9.970379770E-2,1.973318338E-1,3.175636251E-1
2.647614800E2,-2.148068225E-1,-1.469188946E-1,2.667020309E-1,3.726353525E-1
2.647714680E2,-2.202739692E-1,-1.643921292E-1,3.079324295E-1,4.127563141E-1
2.647814570E2,-2.333802107E-1,-1.589419395E-1,3.354716458E-1,4.384861321E-1
2.647914450E2,-2.598128414E-1,-1.233628017E-1,3.346968897E-1,4.412970671E-1
2.648014340E2,-2.076281959E-1,-8.657212079E-2,3.533706307E-1,4.188973651E-1
2.648114220E2,-1.317278284E-1,-4.827402771E-2,3.128792471E-1,3.428936071E-1
2.648214110E2,-1.009165102E-1,-4.648010194E-2,3.225762695E-1,3.411744298E-1
2.648313990E2,-9.964766443E-2,-2.057693660E-2,3.858080596E-1,3.989999075E-1
2.648413880E2,-9.252195507E-2,-2.832508206E-2,3.605323005E-1,3.732909885E-1
2.648513760E2,-5.814295828E-2,-2.271935642E-2,3.596568992E-1,3.650340503E-1
2.648613650E2,-8.465686530E-2,-1.348835707E-2,3.504784517E-1,3.608100133E-1
2.648713530E2,-8.501325309E-2,2.999036908E-2,3.469117963E-1,3.584333549E-1
2.648813420E2,-4.648653388E-2,7.389243364E-2,3.150074874E-1,3.268804165E-1
2.648913300E2,-1.950923502E-3,1.272634792E-1,2.550401978E-1,2.850356149E-1
2.649013190E2,4.643800199E-2,1.939281696E-1,2.204471929E-1,2.972567709E-1
2.649113070E2,1.088719395E-1,2.452830952E-1,1.397712582E-1,3.025770987E-1
2.649212960E2,1.994763002E-1,2.663243008E-1,4.648536444E-2,3.359766608E-1
2.649312840E2,2.135034782E-1,2.230531508E-1,-3.907855019E-2,3.112291380E-1
2.649412730E2,2.296704447E-1,2.018757051E-1,-4.364712596E-2,3.088808591E-1
2.649512620E2,2.152976963E-1,2.503444451E-1,-7.405264735E-2,3.383921302E-1
2.649612500E2,1.596231401E-1,2.856376541E-1,-6.815105259E-2,3.342349207E-1
2.649712390E2,1.280519763E-1,2.532388169E-1,-6.973221280E-2,2.922153119E-1
2.649812270E2,8.601634294E-2,2.518360698E-1,-4.353485942E-2,2.696581193E-1
2.649912160E2,-1.624473453E-2,2.223269266E-1,1.798603535E-3,2.229268684E-1
2.650012040E2,-5.883322209E-2,1.548050344E-1,-5.903933644E-3,1.657130144E-1
2.650111930E2,-1.065114185E-1,1.403840464E-1,-1.789189517E-2,1.771227898E-1
2.650211810E2,-1.210806334E-1,1.491168630E-1,-4.870160535E-2,1.981620675E-1
2.650311700E2,-1.778848717E-1,1.584952122E-1,2.560276464E-3,2.382652196E-1
2.650411580E2,-1.690070441E-1,6.941639006E-2,8.429346085E-3,1.829018044E-1
2.650511470E2,-2.000563440E-1,9.119317532E-3,1.673356175E-2,2.009619735E-1
2.650611350E2,-4.390861344E-1,1.796831828E-1,2.251178026E-4,4.744288464E-1
2.650711240E2,-9.717195332E-3,-3.553177536E-1,1.589191353E-1,3.893589879E-1
2.650811120E2,-2.427266926E-1,-2.126451069E-1,-1.176503643E-2,3.229126892E-1
2.650911010E2,-2.220974234E-1,-2.298353362E-1,1.141144069E-1,3.393724283E-1
2.651010890E2,-2.227686837E-1,-2.260457557E-1,1.614373849E-1,3.560682510E-1
2.651110780E2,-2.694946611E-1,-2.534118944E-1,2.012190628E-1,4.211105221E-1
2.651210660E2,-2.555654240E-1,-3.063268572E-1,2.298481270E-1,4.604128483E-1
2.651310550E2,-2.450246483E-1,-2.724100828E-1,2.211474701E-1,4.279609036E-1
2.651410440E2,-2.025031114E-1,-2.058173132E-1,2.163327996E-1,3.607882436E-1
2.651510320E2,-1.252900440E-1,-1.683553720E-1,2.057828146E-1,2.939178340E-1
2.651610210E2,-6.205620736E-2,-8.989216983E-2,1.585946149E-1,1.925716151E-1
2.651710090E2,2.434195876E-3,4.877162576E-3,9.910855114E-2,9.925833433E-2
2.651809980E2,3.812530786E-2,3.901963949E-2,6.050888792E-2,8.147022083E-2
2.651909860E2,7.269112319E-2,7.032446265E-2,4.783716761E-2,1.118835289E-1
2.652009750E2,8.394233555E-2,8.903672218E-2,4.269183710E-2,1.296011055E-1
2.652109630E2,7.681048661E-2,8.481795609E-2,2.280004799E-2,1.166780987E-1
2.652209520E2,8.025829732E-2,9.558677316E-2,3.718712211E-2,1.302348169E-1
2.652309400E2,9.501169950E-2,1.419557780E-1,4.797158048E-2,1.774258676E-1
2.652409290E2,7.629446983E-2,1.531543654E-1,3.459505141E-2,1.745678188E-1
2.652509170E2,8.757871896E-2,1.412757468E-1,1.017357051E-2,1.665303882E-1
2.652609060E2,1.046268609E-1,1.370499641E-1,3.652404785E-2,1.762483440E-1
2.652708940E2,1.126363769E-1,1.256625116E-1,2.497565076E-2,1.705925067E-1
2.652808830E2,1.134549871E-1,9.714037836E-2,3.223277628E-2,1.527980336E-1
2.652908710E2,1.100963464E-1,7.613893390E-2,3.146576777E-2,1.375079536E-1
2.653008600E2,9.606156707E-2,5.839965105E-2,4.623466507E-2,1.215565225E-1
2.653108480E2,7.938501567E-2,2.386774957E-2,8.454474494E-2,1.184038178E-1
2.653208370E2,5.839643508E-2,4.200990558E-2,8.207553886E-2,1.091392224E-1
2.653308260E2,1.507675320E-2,2.476646662E-2,8.838643871E-2,9.302069073E-2
2.653408140E2,1.241042286E-2,2.740297616E-2,7.856019281E-2,8.412280067E-2
2.653508030E2,2.490826160E-2,2.868468583E-2,7.694818854E-2,8.581524583E-2
2.653607910E2,-1.274049819E-2,8.248082399E-3,5.236408196E-2,5.451924648E-2
2.653707800E2,-2.786052078E-2,2.268719673E-4,3.712031767E-2,4.641312393E-2
2.653807680E2,-2.775322437E-2,1.616053462E-2,6.626064777E-3,3.279190566E-2
2.653907570E2,-5.114091754E-2,1.743171930E-2,3.377812229E-2,6.371985429E-2
2.654007450E2,-6.454127401E-2,-2.093303204E-3,2.148025833E-2,6.805409222E-2
2.654107340E2,-9.810575366E-2,-7.880292535E-3,1.759427190E-2,9.998197995E-2
2.654207220E2,-1.430837059E-1,-1.372867763E-2,3.930622615E-2,1.490181294E-1
2.654307110E2,-1.419358975E-1,-4.275717974E-2,5.090067007E-2,1.567317888E-1
2.654406990E2,-1.883493412E-1,-3.172348380E-2,2.138385236E-2,1.921955329E-1
2.654506880E2,-2.140148172E-1,-5.011356175E-2,5.343017556E-2,2.262045417E-1
2.654606760E2,-1.968430066E-1,-3.382731199E-2,5.809208751E-2,2.080051608E-1
2.654706650E2,-1.525430390E-1,-1.941275597E-2,7.587113142E-2,1.714720456E-1
2.654806530E2,-1.220498094E-1,-4.688531399E-2,9.142362870E-2,1.595389248E-1
2.654906420E2,-9.763826877E-2,-6.069526792E-2,8.257145584E-2,1.415457255E-1
2.655006310E2,-7.908329934E-2,-1.375908315E-2,7.383922398E-2,1.090674635E-1
2.655106190E2,-7.555099636E-2,-1.038933277E-2,3.838053882E-2,8.537538900E-2
2.655206080E2,-3.089054793E-2,3.052246571E-4,2.639908232E-2,4.063533759E-2
2.655305960E2,-1.869501024E-2,3.745843291E-2,1.485894442E-2,4.442325780E-2
2.655405850E2,2.953720987E-3,4.346878588E-2,3.867523849E-2,5.825833748E-2
2.655505730E2,-6.110340357E-4,2.576400161E-2,7.995131850E-2,8.400220516E-2
2.655605620E2,2.144992590E-2,-1.254227757E-3,9.401971936E-2,9.644366250E-2
2.655705500E2,7.480927706E-3,-3.161472559E-2,9.991254330E-2,1.050617507E-1
2.655805390E2,8.377013505E-3,-4.010312855E-2,8.025018431E-2,9.010287097E-2
2.655905270E2,-7.126001716E-3,-5.280445039E-2,9.463250756E-2,1.086020321E-1
2.656005160E2,4.137197435E-3,-4.137899101E-2,8.809999824E-2,9.742149141E-2
2.656105040E2,1.757789969E-2,-3.637611330E-2,9.214459039E-2,1.006122742E-1
2.656204930E2,6.033098638E-2,-2.311170459E-2,7.751478374E-2,1.009084759E-1
2.656304810E2,7.198828787E-2,-8.063310385E-4,5.702840589E-2,9.184336034E-2
2.656404700E2,8.550646573E-2,1.094803423E-1,2.854734935E-2,1.418176723E-1
2.656504580E2,6.722558454E-1,1.743649063E0,-2.306071687E-1,1.882928475E0
2.656604470E2,5.840611222E-1,6.536935669E-1,-1.254770379E0,1.530650639E0
2.656704350E2,-3.878072226E-1,-1.588266909E0,4.063293745E-1,1.684663104E0
2.656804240E2,-6.262783116E-1,-9.050519192E-1,6.434561887E-1,1.274903670E0
2.656904130E2,-7.264425775E-1,-4.130859053E-1,3.386502653E-1,9.016888520E-1
2.657004010E2,-3.888798943E-1,6.824402332E-2,7.730194509E-2,4.023187911E-1
2.657103900E2,-1.538171473E-1,9.627089739E-2,-1.358606404E-1,2.266846137E-1
2.657203780E2,2.028808415E-2,7.535891533E-2,-1.129986850E-1,1.373290767E-1
2.657303670E2,6.562973320E-2,5.357102036E-2,-8.755628027E-2,1.218327473E-1
2.657403550E2,1.925201601E-1,1.387134969E-2,-8.847422004E-3,1.932219016E-1
2.657503440E2,2.261296633E-1,4.837167621E-2,-3.731934227E-2,2.342374372E-1
2.657603320E2,-1.265308231E-2,-5.212851226E-2,4.317116261E-2,6.885660145E-2
2.657703210E2,-1.700522339E-1,-2.311053514E-2,6.668398619E-2,1.841157601E-1
2.657803090E2,-1.068403244E-1,5.604205370E-2,-2.369876504E-3,1.206697270E-1
2.657902980E2,1.136406362E-3,9.411210537E-2,-3.251519680E-2,9.957719528E-2
2.658002860E2,4.568137228E-3,7.598866045E-2,-9.143802747E-3,7.667302997E-2
2.658102750E2,-1.523521274E-2,6.030350447E-2,-7.449279651E-3,6.264276595E-2
2.658202630E2,-7.990512550E-2,4.271624923E-2,-1.755677663E-2,9.229164336E-2
2.658302520E2,-1.223377848E-1,5.744363129E-2,-8.215337992E-3,1.354023491E-1
2.658402400E2,-1.068452945E-1,7.415965140E-2,-1.471502982E-2,1.308896595E-1
2.658502290E2,6.670211256E-3,1.060410100E-1,-3.892374516E-2,1.131558459E-1
2.658602180E2,5.687528193E-2,1.291152924E-1,-2.724860966E-2,1.436942698E-1
2.658702060E2,-5.357715994E-2,1.384620667E-3,3.638071798E-2,6.477642999E-2
2.658801950E2,-1.675703833E-1,-1.607387888E-1,1.166109487E-1,2.598363041E-1
2.658901830E2,-2.268374687E-1,-2.248862529E-1,1.655399376E-1,3.597673344E-1
2.659001720E2,-2.075092050E-1,-1.931873274E-1,1.357425267E-1,3.143365190E-1
2.659101600E2,-2.533317876E-1,-1.017930079E-1,8.465949655E-2,2.858426865E-1
2.659201490E2,-5.453931928E-2,-3.626092315E-2,1.111017021E-1,1.289689114E-1
2.659301370E2,1.886782470E-1,1.142113245E-1,4.865702033E-2,2.258566208E-1
2.659401260E2,3.349156487E-1,1.666631877E-1,1.059281588E-2,3.742423248E-1
2.659501140E2,2.622920609E-1,4.144155622E-2,5.909261920E-2,2.720412936E-1
2.659601030E2,2.292941764E-1,3.806654334E-2,7.306856096E-2,2.436470719E-1
2.659700910E2,1.367111179E-1,2.933665037E-2,4.357937135E-2,1.464572648E-1
2.659800800E2,3.534027904E-2,1.438999772E-3,5.231686570E-2,6.315109247E-2
2.659900680E2,1.867045194E-2,9.124696970E-2,5.418329693E-2,1.077516818E-1
2.660000570E2,3.618198574E-2,1.073478627E-1,4.048787534E-2,1.202994920E-1
2.660100443E2,-2.008831403E-1,4.606611907E-2,1.944099802E-1,2.833220143E-1
2.660200333E2,-7.093871266E-2,-2.694870597E-1,-6.039472103E-2,2.851369822E-1
2.660300223E2,-3.778295338E-2,-1.306922865E-1,2.751822478E-1,3.069744204E-1
2.660400103E2,1.439721903E-1,9.168434143E-2,-3.775839508E-2,1.748133475E-1
2.660499993E2,5.239192933E-2,1.068286300E-2,6.753534079E-4,5.347423607E-2
2.660599873E2,-1.180055827E-2,4.790565312E-2,9.814836524E-2,1.098512921E-1
2.660699763E2,-4.942271322E-2,2.026352584E-2,9.508040428E-2,1.090573168E-1
2.660799643E2,-3.567620158E-2,1.025455445E-1,1.056743896E-1,1.515105827E-1
2.660899533E2,4.341449448E-1,6.329675263E-1,3.429903612E-2,7.683138333E-1
2.660999413E2,7.356285533E-1,1.002265388E0,-3.642927179E-1,1.295528641E0
2.661099303E2,1.417087331E-1,-1.448197442E-1,-6.177510247E-3,2.027123208E-1
2.661199183E2,-1.677077928E-1,-7.733907491E-1,1.787540603E-1,8.113027601E-1
2.661299073E2,-4.354412726E-1,-4.066849583E-1,2.685327941E-1,6.535377714E-1
2.661398953E2,-2.980673727E-1,-2.455427116E-1,2.468378699E-1,4.583277386E-1
2.661498843E2,-1.598886037E-1,-2.363193136E-1,1.229570049E-1,3.106921445E-1
2.661598723E2,-1.519714737E-1,-2.347762334E-1,1.728063456E-1,3.287510330E-1
2.661698613E2,1.340591133E-2,2.850108325E-2,1.252127876E-1,1.291134090E-1
2.661798493E2,8.837598681E-2,-2.523073554E-3,-7.195656672E-3,8.870433146E-2
2.661898383E2,3.779347837E-2,-7.862809360E-2,1.250485539E-2,8.813112684E-2
2.661998263E2,-1.003139547E-1,-1.049627835E-1,1.217343521E-1,1.894711796E-1
2.662098153E2,-1.199728784E-1,-4.539778233E-2,1.263945099E-1,1.800833760E-1
2.662198043E2,-1.288811114E-1,-4.569832921E-2,3.543705046E-2,1.412602659E-1
2.662297923E2,-2.400512990E-1,-6.236406326E-2,8.299998365E-2,2.615394805E-1
2.662397813E2,-6.464389265E-2,1.991573346E-1,-2.247962058E-2,2.105891975E-1
2.662497693E2,-7.194443375E-2,1.170144796E-1,-7.598288633E-2,1.569770334E-1
2.662597583E2,-1.214294198E-1,6.961753428E-2,-5.102397323E-2,1.489803709E-1
2.662697463E2,-1.575146341E-1,7.046830416E-2,2.377251305E-2,1.741889039E-1
2.662797353E2,-1.400668350E-1,1.552377284E-2,4.997205913E-2,1.495222809E-1
2.662897233E2,-1.656165361E-1,-3.016286194E-2,5.944688737E-2,1.785288988E-1
2.662997123E2,-1.642272377E-1,-1.697446704E-2,1.086898718E-1,1.976669076E-1
2.663097003E2,-1.563294035E-1,5.621630073E-2,1.395035288E-1,2.169340670E-1
2.663196893E2,1.067242572E-1,2.441042966E-1,-1.008761644E-1,2.848736127E-1
2.663296773E2,1.146548358E-1,1.105340105E-1,-1.028900186E-1,1.896044693E-1
2.663396663E2,-4.527265191E-2,3.370744407E-2,4.030142225E-2,6.935423154E-2
2.663496543E2,-3.678278714E-2,1.303946632E-1,9.588147283E-2,1.659789097E-1
2.663596433E2,4.218269080E-2,2.481675267E-2,5.292534158E-2,7.208566014E-2
2.663696313E2,4.169474065E-2,-1.092359287E-1,3.642756879E-2,1.224659433E-1
2.663796203E2,1.316442132E-2,-1.439338911E-1,1.071309310E-1,1.799091531E-1
2.663896093E2,-1.921365827E-2,-1.746703649E-1,3.018332720E-3,1.757498545E-1
2.663995973E2,-1.741885543E-2,-6.254532695E-2,2.182595303E-1,2.277115654E-1
2.664095863E2,3.830978751E-2,1.842709082E-1,4.538433373E-2,1.936056435E-1
2.664195743E2,1.380495456E-1,1.009644574E-1,3.546752907E-2,1.746695289E-1
2.664295633E2,1.224936131E-1,-3.322270989E-2,-3.850033365E-2,1.326299717E-1
2.664395513E2,5.287666351E-2,-1.319453448E-1,6.494378172E-2,1.562792704E-1
2.664495403E2,1.496793652E-1,5.107589650E-1,1.482398538E-1,5.524976805E-1
2.664595283E2,6.497879192E-1,9.315971088E-1,-3.158052669E-1,1.178910717E0
2.664695173E2,5.295735508E-1,7.123078108E-2,-1.543711710E-1,5.561945957E-1
2.664795053E2,6.812532485E-2,-5.364370126E-1,3.656921759E-3,5.407578954E-1
2.664894943E2,-1.811914721E-1,-6.021760887E-1,2.413444839E-1,6.735677778E-1
2.664994823E2,-1.605510932E-1,-2.959141356E-1,2.097073927E-1,3.966346174E-1
2.665094713E2,-2.456444532E-2,-5.449897349E-2,9.157916464E-2,1.093631267E-1
2.665194593E2,1.297143397E-1,1.695815331E-1,1.604417503E-2,2.141053989E-1
2.665294483E2,2.554642671E-1,5.866178173E-1,1.653015174E-2,6.400435151E-1
2.665394363E2,1.918106005E-1,5.230691081E-1,-1.313267825E-1,5.723978705E-1
2.665494253E2,-3.266704899E-1,-1.128495079E-1,1.231616575E-1,3.669024588E-1
2.665594143E2,-1.259899557E-2,-7.081311446E-1,2.068587023E-1,7.378339755E-1
2.665694023E2,-1.630946320E-1,-2.608852208E-1,5.294770718E-2,3.121929165E-1
2.665793913E2,-1.385208312E-1,-1.472235346E-1,6.588174820E-2,2.126104291E-1
2.665893793E2,-1.484277686E-1,-1.334919333E-2,3.051479124E-2,1.521188876E-1
2.665993683E2,-3.249268502E-2,2.246833545E-1,-3.183048785E-2,2.292412797E-1
2.666093563E2,1.058237860E-1,4.902124339E-1,-1.100271300E-1,5.134324429E-1
2.666193453E2,-8.644026607E-2,1.116636926E0,-2.356837944E-1,1.144507228E0
2.666293333E2,-7.124569148E-2,5.489974165E-1,-8.066767551E-2,5.594473932E-1
2.666393223E2,-1.189455226E-1,2.786057925E-1,-1.066690010E-1,3.211658462E-1
2.666493103E2,-1.876751572E-1,2.117943370E-1,-2.367376819E-2,2.839705145E-1
2.666592993E2,-1.365970972E-1,1.500939327E-1,6.342240930E-2,2.126249224E-1
2.666692873E2,-1.159105253E-1,3.119355065E-1,5.006853819E-2,3.365202350E-1
2.666792763E2,-6.329815596E-2,2.996592772E-1,5.494679712E-2,3.111615167E-1
2.666892643E2,8.126957327E-2,4.440533441E-1,2.337826453E-2,4.520339138E-1
2.666992533E2,1.223436320E-1,4.221678007E-1,-7.478756927E-2,4.458551297E-1
2.667092413E2,1.017462301E-1,2.286179459E-1,-1.096387287E-1,2.732015947E-1
2.667192303E2,3.872610927E-2,-2.640193284E-2,-2.858360209E-2,5.489805010E-2
2.667292193E2,-8.357132971E-3,-3.800596619E-1,1.189820677E-1,3.983364416E-1
2.667392073E2,1.112812847E-2,-4.814720160E-1,1.840516376E-1,5.155716660E-1
2.667491963E2,-5.865985215E-2,-4.555068702E-1,1.561358607E-1,4.850833887E-1
2.667591843E2,-4.502648413E-3,-3.852262616E-1,1.299010851E-1,4.065634494E-1
2.667691733E2,-1.921453536E-2,-4.170006162E-1,1.609785247E-1,4.474067475E-1
2.667791613E2,-3.395916671E-2,-5.190105557E-1,1.791347140E-1,5.501040154E-1
2.667891503E2,-1.917389721E-2,-4.401819026E-1,1.030361259E-1,4.524866727E-1
2.667991383E2,6.165771961E-2,-2.617815989E-1,7.328081489E-2,2.787496327E-1
2.668091273E2,4.932448000E-2,-6.669334173E-2,6.945322752E-3,8.324147804E-2
2.668191153E2,1.081843069E-1,-5.595493019E-2,-1.911454797E-3,1.218131854E-1
2.668291043E2,1.079825780E-1,3.526572704E-2,2.766536996E-2,1.169157019E-1
2.668390923E2,7.269843221E-2,2.076796514E-1,1.058857664E-3,2.200386803E-1
2.668490813E2,8.204462171E-2,2.586884218E-1,-5.455627620E-2,2.768165581E-1
2.668590693E2,1.198810771E-1,2.932290941E-1,-4.905338846E-2,3.205635806E-1
2.668690583E2,5.573595196E-2,3.606930989E-1,-1.136184168E-1,3.822501178E-1
2.668790473E2,7.410264105E-2,4.041770875E-1,-6.603326418E-2,4.161859098E-1
2.668890353E2,-2.145811200E-2,2.306182784E-1,-2.954371490E-2,2.334910533E-1
2.668990243E2,-1.061269641E-3,2.990675390E-2,-1.845454350E-3,2.998242691E-2
2.669090123E2,-9.436938286E-2,-1.663263881E-1,2.678375602E-2,1.930995013E-1
2.669190013E2,-1.127138525E-1,-3.400682151E-1,4.815993391E-2,3.614833091E-1
2.669289893E2,-9.846828103E-2,-4.420880949E-1,6.344462872E-2,4.573435328E-1
2.669389783E2,-1.544805139E-2,-4.581439644E-1,1.018550614E-1,4.695838455E-1
2.669489663E2,-5.855284810E-2,-4.987745118E-1,1.134097443E-1,5.148458213E-1
2.669589553E2,4.781823725E-2,-4.619563490E-1,9.792565942E-2,4.746363734E-1
2.669689433E2,-3.470848739E-2,-2.694847208E-1,3.606913447E-2,2.740942836E-1
2.669789323E2,-1.692204675E-1,-3.057041287E-1,-4.348691225E-2,3.521103414E-1
2.669889203E2,-1.519460383E-1,-2.860019356E-1,8.853393473E-2,3.357424062E-1
2.669989093E2,-1.118034410E-1,-4.003611946E-1,3.638429940E-2,4.172683942E-1
2.670088975E2,-5.412744141E-1,-6.022070789E-1,-1.212836780E-2,8.098014908E-1
2.670188865E2,-1.979402366E-1,-3.609310806E-2,3.431437775E-1,3.977822290E-1
2.670288745E2,-2.766911218E-1,-1.424451900E-1,-2.499018840E-1,3.991234904E-1
2.670388635E2,-1.013747565E0,-4.251498806E-1,2.068282237E-1,1.118576980E0
2.670488525E2,-2.597479373E-1,9.636503756E-2,1.629934752E-1,3.214375279E-1
2.670588405E2,-6.848872930E-1,-3.506171769E-1,-9.811693646E-2,7.756480787E-1
2.670688295E2,-1.136301112E-1,2.231613243E-1,-2.976992905E-2,2.521884761E-1
2.670788175E2,-2.546456569E-1,2.394025505E-2,-1.699370438E-1,3.070767742E-1
2.670888065E2,-1.207759935E-1,8.662708461E-2,-3.867516540E-2,1.535801446E-1
2.670987945E2,2.806985110E-1,3.993326694E-1,-3.167039839E-1,5.818587873E-1
2.671087835E2,5.051529470E-1,5.411352503E-1,-4.502274922E-1,8.664361799E-1
2.671187715E2,2.633439749E-1,4.756207073E-1,-1.368786407E-1,5.606254263E-1
2.671287605E2,-5.871043056E-2,2.448772985E-1,5.307400703E-2,2.573492883E-1
2.671387485E2,1.791850001E-2,4.658067405E-2,2.153522216E-2,5.435621060E-2
2.671487375E2,6.167292237E-2,-8.762403488E-2,7.743993938E-2,1.322061461E-1
2.671587255E2,4.938499868E-2,-1.375165719E-1,7.657403983E-2,1.649644483E-1
2.671687145E2,1.091593301E-1,-7.711249530E-2,4.343253314E-2,1.405292896E-1
2.671787025E2,1.407807800E-1,-2.412034929E-2,5.327047348E-2,1.524426535E-1
2.671886915E2,1.451527432E-1,-1.306852698E-2,7.534210458E-3,1.459344701E-1
2.671986795E2,1.389280897E-1,-1.467300296E-2,-1.545492187E-3,1.397093400E-1
2.672086685E2,1.128579864E-1,-2.114645541E-2,1.098450623E-2,1.153462485E-1
2.672186575E2,1.507453126E-1,9.423372746E-3,2.257500328E-2,1.527173205E-1
2.672286455E2,1.724148014E-1,4.280921996E-2,6.646997809E-2,1.896780194E-1
2.672386345E2,1.757716879E-1,6.912695289E-2,1.046890607E-1,2.159491174E-1
2.672486225E2,1.787341797E-1,1.328920090E-1,9.136384092E-2,2.407354243E-1
2.672586115E2,1.364316210E-1,9.869749188E-2,1.076606157E-1,1.998639294E-1
2.672685995E2,6.444976509E-2,5.472876906E-2,1.180178618E-1,1.451799783E-1
2.672785885E2,4.450345069E-2,5.486617863E-2,6.129343808E-2,9.352935492E-2
2.672885765E2,-1.203620106E-2,5.768687546E-2,3.525629841E-2,6.867060735E-2
2.672985655E2,-1.615807879E-1,-1.765449822E-2,9.981021702E-2,1.907409546E-1
2.673085535E2,-3.400617832E-1,-1.290749466E-1,1.496249130E-1,3.933064617E-1
2.673185425E2,-5.914259827E-1,-2.642345059E-1,2.526019089E-1,6.952785712E-1
2.673285305E2,-3.320703936E-1,-6.589636624E-2,1.614105608E-1,3.750552579E-1
2.673385195E2,-2.742344141E-2,2.289184928E-2,-4.123156808E-2,5.455386429E-2
2.673485075E2,5.784679681E-2,2.867182195E-2,-1.383737737E-1,1.526945530E-1
2.673584965E2,-2.621979207E-2,4.539135039E-2,-1.557528681E-1,1.643374823E-1
2.673684855E2,-2.867152959E-2,2.160090101E-1,-2.539146088E-2,2.193779281E-1
2.673784735E2,-1.430816594E-1,1.806058735E-1,4.801974691E-2,2.353651182E-1
2.673884625E2,-1.155459514E-1,1.482532293E-1,-7.371000051E-3,1.881069337E-1
2.673984505E2,-6.247457564E-2,1.513382202E-1,-7.004913189E-2,1.780820327E-1
2.674084395E2,-1.425615495E-1,1.122033906E-1,-8.906551972E-3,1.816389907E-1
2.674184275E2,-1.700069180E-1,6.008014083E-3,4.264315903E-2,1.753764164E-1
2.674284165E2,-8.826313555E-2,5.587014556E-3,1.172293648E-3,8.844755566E-2
2.674384045E2,-4.984458983E-2,-2.966292500E-2,5.165196419E-2,7.766786761E-2
2.674483935E2,-1.115932336E-1,-1.192504549E-1,2.368633971E-3,1.633380887E-1
2.674583815E2,-8.536700964E-2,-7.108284652E-2,1.587763171E-1,1.937787818E-1
2.674683705E2,-4.885056317E-2,-4.846757054E-3,1.294585971E-1,1.384535913E-1
2.674783585E2,7.072382748E-2,9.373612940E-2,1.789956965E-2,1.187801175E-1
2.674883475E2,1.827161336E-1,1.754603237E-1,-2.436885595E-2,2.544903766E-1
2.674983355E2,1.964395487E-1,8.940509677E-2,1.333238259E-3,2.158322153E-1
2.675083245E2,1.690356955E-1,1.476188064E-2,3.569081962E-2,1.733920819E-1
2.675183135E2,1.851070601E-1,2.844904304E-2,1.300116706E-1,2.279846623E-1
2.675283015E2,1.590012887E-1,-6.750610471E-3,1.909097638E-1,2.485427900E-1
2.675382905E2,1.360489208E-1,-9.071545780E-2,1.846410370E-1,2.466392419E-1
2.675482785E2,1.087585035E-1,-1.202690399E-1,1.536520366E-1,2.233875609E-1
2.675582675E2,5.820932418E-2,-7.654414594E-2,1.367424736E-1,1.671700804E-1
2.675682555E2,4.407806575E-2,-7.308084011E-2,1.096773203E-1,1.389704993E-1
2.675782445E2,6.119666666E-2,-6.516137123E-2,9.743683219E-2,1.322307550E-1
2.675882325E2,1.853128821E-2,-1.082945269E-1,1.163408804E-1,1.600197290E-1
2.675982215E2,1.208648711E-2,-5.108303010E-2,1.001587111E-1,1.130810618E-1
2.676082095E2,-5.790790021E-3,4.484755933E-2,5.792076409E-2,7.348232263E-2
2.676181985E2,-4.133922994E-2,8.845492423E-2,5.190164030E-2,1.105757017E-1
2.676281865E2,-8.678525180E-2,8.136517525E-2,3.235322893E-2,1.232830203E-1
2.676381755E2,-1.168153819E-1,5.921182930E-2,2.530192539E-2,1.333868870E-1
2.676481635E2,-1.202015045E-1,4.490895510E-2,-1.134432927E-3,1.283218722E-1
2.676581525E2,-1.106249347E-1,3.643224657E-2,1.274108291E-3,1.164766420E-1
2.676681415E2,-1.033436894E-1,2.957053900E-2,-7.144128084E-3,1.077282391E-1
2.676781295E2,-8.883674741E-2,3.104696095E-2,7.741713524E-4,9.410887745E-2
2.676881185E2,-8.159438610E-2,4.651109219E-2,8.569094539E-3,9.430988771E-2
2.676981065E2,-8.117338657E-2,3.590482771E-2,9.915708303E-3,8.931179436E-2
2.677080955E2,-1.074633452E-1,3.043475747E-2,4.704896294E-2,1.211950904E-1
2.677180835E2,-1.138166374E-1,2.788244784E-2,3.274952397E-2,1.216724668E-1
2.677280725E2,-9.962866098E-2,2.889109254E-2,4.548132442E-2,1.132656885E-1
2.677380605E2,-7.463239878E-2,1.266974688E-2,3.556685865E-2,8.363921848E-2
2.677480495E2,-4.298200518E-2,-8.921096921E-3,2.520961247E-2,5.062176706E-2
2.677580375E2,-2.216094732E-4,-5.480595231E-3,3.374077320E-2,3.418370681E-2
2.677680265E2,5.056379735E-3,-6.916086674E-3,2.664919697E-2,2.799247988E-2
2.677780145E2,1.386988789E-2,-3.121828437E-2,4.547145724E-2,5.687361860E-2
2.677880035E2,3.465820134E-2,-6.153025031E-3,3.595277488E-2,5.031553099E-2
2.677979915E2,2.881127805E-2,1.419177711E-2,2.094070651E-2,3.834070251E-2
2.678079805E2,4.229554206E-2,2.060851157E-2,3.482185028E-2,5.853362183E-2
2.678179695E2,3.973943174E-2,7.159330845E-3,2.722697496E-2,4.870099197E-2
2.678279575E2,2.962140977E-2,-2.015008986E-2,4.490135372E-2,5.744201950E-2
2.678379465E2,-5.069535971E-3,-3.653515756E-2,3.204157233E-2,4.885877905E-2
2.678479345E2,-1.499986231E-2,4.611698985E-3,2.513542593E-2,2.963196371E-2
2.678579235E2,-2.824029744E-2,1.149621069E-2,2.044778623E-2,3.671224893E-2
2.678679115E2,-2.730795890E-2,1.099510431E-2,2.539621174E-2,3.887910119E-2
2.678779005E2,1.365821868E-2,2.079269886E-3,5.188292921E-2,5.369086183E-2
2.678878885E2,3.912167341E-2,-8.057463169E-3,1.039798665E-1,1.113877941E-1
2.678978775E2,6.019182265E-2,-4.532001436E-2,1.192024346E-1,1.410183663E-1
2.679078655E2,6.940469563E-2,-3.123933434E-2,8.264739655E-2,1.123543499E-1
2.679178545E2,4.443240702E-2,-3.263155639E-2,9.333091736E-2,1.083961134E-1
2.679278425E2,2.929922819E-2,-1.805210888E-2,6.880601384E-2,7.693237906E-2
2.679378315E2,3.189831555E-2,-1.306969643E-2,4.871490777E-2,5.967798370E-2
2.679478195E2,5.709221363E-2,-2.118797064E-2,4.134573497E-2,7.360652659E-2
2.679578085E2,7.228006393E-2,4.155031443E-3,8.666501842E-2,1.129269558E-1
2.679677965E2,7.624886155E-2,1.868009984E-2,7.783287227E-2,1.105476867E-1
2.679777855E2,7.443096220E-2,6.004622698E-2,4.274548531E-2,1.047506278E-1
2.679877745E2,7.150413841E-2,4.332143605E-2,2.229134023E-2,8.652451953E-2
2.679977625E2,3.941783488E-2,2.960854590E-2,4.348099194E-2,6.573452941E-2
2.680077515E2,2.214135915E-2,8.657387495E-3,5.479710840E-2,5.973201179E-2
2.680177389E2,3.954179585E-3,-2.975121796E-2,7.128399074E-2,7.734453984E-2
2.680277279E2,1.179237217E-2,-4.902948797E-2,9.557975650E-2,1.080668339E-1
2.680377159E2,-1.748259008E-2,-4.904001296E-2,8.877250113E-2,1.029131711E-1
2.680477049E2,-2.793594986E-2,-2.097396255E-2,1.875962198E-1,1.908210315E-1
2.680576929E2,-8.043868393E-2,-1.950046420E-3,6.615020849E-2,1.041634995E-1
2.680676819E2,4.659499973E-2,4.092875540E-2,-1.585736380E-1,1.702699494E-1
2.680776699E2,3.972715259E-2,2.183701158E-2,1.059442386E-3,4.534560778E-2
2.680876589E2,-2.416186452E-2,4.658476710E-3,6.937019706E-2,7.360517198E-2
2.680976469E2,-4.395059645E-3,4.345065951E-3,-2.428421751E-3,6.640284603E-3
2.681076359E2,2.721878886E-4,1.242942631E-2,8.356182799E-3,1.497967008E-2
2.681176239E2,9.179836214E-3,1.209555030E-2,-2.347547449E-2,2.795835533E-2
2.681276129E2,-1.697446704E-3,2.831748068E-2,-4.940166324E-4,2.837261162E-2
2.681376019E2,-9.237723649E-3,6.920764446E-3,4.966551885E-3,1.256579310E-2
2.681475899E2,-1.307320476E-2,6.758796573E-3,-1.070040464E-3,1.475584631E-2
2.681575789E2,1.687798798E-3,1.215226829E-2,-1.860072389E-3,1.240911595E-2
2.681675669E2,-4.923063219E-3,6.452987194E-3,-1.934258938E-3,8.343797266E-3
2.681775559E2,-1.668619931E-2,4.705254436E-3,-1.476421952E-3,1.739966920E-2
2.681875439E2,-8.350408673E-3,6.370541453E-3,3.028272986E-3,1.093085361E-2
2.681975329E2,5.308687091E-3,-4.409970045E-3,5.244294629E-3,8.667907509E-3
2.682075209E2,-1.040219665E-3,-5.384116173E-3,4.815693721E-3,7.298059326E-3
2.682175099E2,-6.023801565E-3,-4.130473137E-3,2.163754843E-2,2.283704219E-2
2.682274979E2,-1.066181302E-2,-3.034529507E-2,3.336011946E-2,4.634014200E-2
2.682374869E2,-5.957435668E-3,-9.079556465E-3,3.485510632E-2,3.650764060E-2
2.682474749E2,6.996193528E-3,-1.853391945E-2,3.859337747E-2,4.338089071E-2
2.682574639E2,-1.158918142E-3,-1.197626710E-2,4.436457932E-2,4.596727056E-2
2.682674519E2,-5.664490163E-3,-3.533472419E-3,5.247883357E-2,5.290179438E-2
2.682774409E2,1.382515669E-2,6.952339411E-4,2.026813053E-2,2.454415252E-2
2.682874299E2,1.875319004E-2,-2.237729430E-3,2.212228261E-2,2.908753956E-2
2.682974179E2,1.956478357E-3,-1.679788113E-2,2.004827522E-2,2.622841888E-2
2.683074069E2,-6.051575840E-3,1.498056650E-3,1.497932397E-2,1.622485410E-2
2.683173949E2,-1.404705852E-2,4.596496224E-3,1.153297506E-2,1.874719031E-2
2.683273839E2,-2.349177361E-2,-1.983960271E-3,7.611320615E-3,2.477360949E-2
2.683373719E2,-4.425786763E-2,1.592781544E-3,1.894965649E-2,4.817037764E-2
2.683473609E2,-5.446125895E-2,1.561440468E-2,2.234688878E-2,6.090338084E-2
2.683573489E2,-7.756126910E-2,2.086754322E-2,1.808134496E-2,8.232945925E-2
2.683673379E2,-6.425212920E-2,8.443379402E-3,1.201251984E-2,6.590847741E-2
2.683773259E2,-5.905512393E-2,2.419870198E-2,2.351275049E-2,6.801422112E-2
2.683873149E2,-8.184961706E-2,2.677381575E-2,9.188826308E-3,8.660618657E-2
2.683973029E2,-6.588964194E-2,3.190182388E-2,-1.723123290E-2,7.520695891E-2
2.684072919E2,-7.795537144E-2,2.476822078E-2,-1.565292321E-2,8.327976166E-2
2.684172799E2,-9.324817926E-2,2.529271603E-2,-4.895288944E-3,9.674145064E-2
2.684272689E2,-7.198536426E-2,2.340874314E-2,-5.830404907E-4,7.569809680E-2
2.684372579E2,-9.122621208E-2,2.210072100E-2,1.201018095E-3,9.387281867E-2
2.684472459E2,-7.733673602E-2,1.807374358E-2,9.363804236E-3,7.997069323E-2
2.684572349E2,-7.459731549E-2,1.195170879E-2,1.542963266E-2,7.710821218E-2
2.684672229E2,-8.260683149E-2,1.555710196E-2,2.173293114E-2,8.682299423E-2
2.684772119E2,-8.367102474E-2,2.108915269E-2,2.554122269E-2,8.998859260E-2
2.684871999E2,-5.606982797E-2,1.898064673E-2,3.587091386E-2,6.921569924E-2
2.684971889E2,-4.071006954E-2,1.354332089E-2,2.904662848E-2,5.181156172E-2
2.685071769E2,-4.297674268E-2,1.713526547E-2,2.541901588E-2,5.278962117E-2
2.685171659E2,-2.465536952E-2,2.198611557E-2,1.640852965E-2,3.688517818E-2
2.685271539E2,-2.636421829E-2,1.640260935E-2,2.068752207E-2,3.731073799E-2
2.685371429E2,-2.283922434E-2,3.293034911E-2,3.258068562E-2,5.164822491E-2
2.685471309E2,-2.385430098E-2,2.104471385E-2,3.769582987E-2,4.932426630E-2
2.685571199E2,-1.995976299E-2,-1.605645418E-3,4.431897104E-2,4.863271974E-2
2.685671089E2,9.633287787E-4,-9.740876555E-3,4.295883559E-2,4.405989371E-2
2.685770969E2,9.071078002E-3,-1.230955839E-2,4.915461838E-2,5.147801659E-2
2.685870859E2,1.940340042E-2,-1.038582444E-2,4.240685843E-2,4.777759872E-2
2.685970739E2,2.888261408E-2,-2.158499658E-2,3.696660899E-2,5.163959385E-2
2.686070629E2,5.732580990E-2,-1.492618740E-2,6.453104138E-2,8.759734501E-2
2.686170509E2,7.103782296E-2,-1.556294918E-2,4.182228304E-2,8.389088769E-2
2.686270399E2,7.986039430E-2,-2.729538739E-2,3.841437958E-2,9.272747872E-2
2.686370279E2,8.037348747E-2,-4.320039868E-2,3.191344522E-2,9.666767775E-2
2.686470169E2,8.660018742E-2,-7.732591867E-2,3.567145072E-2,1.214551051E-1
2.686570049E2,6.865362078E-2,-6.991515756E-2,2.072421335E-2,1.001545901E-1
2.686669939E2,4.970571846E-2,-1.710661411E-2,2.676504493E-2,5.898866267E-2
2.686769819E2,3.180212885E-2,3.604516089E-2,1.005136371E-2,4.910864420E-2
2.686869709E2,2.946470439E-2,4.146611452E-2,2.063592039E-2,5.489488746E-2
2.686969589E2,3.632641196E-2,2.040736735E-2,4.079068802E-2,5.830908229E-2
2.687069479E2,7.424180478E-2,-9.400568604E-3,6.985551596E-2,1.023719169E-1
2.687169369E2,3.806245029E-2,-7.410176396E-3,6.621028863E-2,7.672980618E-2
2.687269249E2,4.240517735E-2,4.345065951E-3,6.186112963E-2,7.512574807E-2
2.687369139E2,1.375732899E-2,6.779261827E-3,5.820837401E-2,6.019499395E-2
2.687469019E2,6.876617968E-3,2.485475957E-2,2.766836666E-2,3.782308107E-2
2.687568909E2,3.215676248E-3,2.330641687E-2,1.882920384E-2,3.013417592E-2
2.687668789E2,-4.571937919E-3,2.246441782E-2,2.928285599E-2,3.718922342E-2
2.687768679E2,-1.066152066E-2,3.403254926E-2,5.296473719E-2,6.385253180E-2
2.687868559E2,-2.413262844E-2,2.965064585E-2,6.307391524E-2,7.375542922E-2
2.687968449E2,-4.201458335E-2,1.755743444E-2,4.187074184E-2,6.185990414E-2
2.688068329E2,-3.812881619E-2,1.860759437E-2,2.825089552E-2,5.097217172E-2
2.688168219E2,-3.817851752E-2,2.592304587E-2,2.800699353E-2,5.398143379E-2
2.688268099E2,-5.554825634E-2,2.187618792E-2,1.446425736E-2,6.142793437E-2
2.688367989E2,-7.600532502E-2,-1.615000963E-3,1.955718219E-2,7.849777726E-2
2.688467869E2,-9.184075445E-2,-1.224757791E-2,3.431080364E-2,9.880262440E-2
2.688567759E2,-8.633033842E-2,-9.397060275E-3,3.051479124E-2,9.204555697E-2
2.688667639E2,-7.766242594E-2,-7.639971972E-3,3.199296735E-2,8.434080586E-2
2.688767529E2,-6.825367123E-2,-9.760172367E-3,8.098393679E-4,6.895274063E-2
2.688867419E2,-4.866813004E-2,-7.154653072E-3,9.069031477E-3,5.002022865E-2
2.688967299E2,-2.794618249E-2,-6.129051447E-3,-4.083110690E-3,2.890027993E-2
2.689067189E2,-2.753687739E-2,1.534835637E-2,1.977528334E-3,3.158737530E-2
2.689167069E2,-1.974487782E-2,1.347315431E-2,-5.851966515E-3,2.460958348E-2
2.689266959E2,-2.114937901E-3,7.504901290E-3,-7.350607887E-3,1.071578005E-2
2.689366839E2,-1.684144288E-2,6.114433408E-3,-1.686453938E-2,2.460555187E-2
2.689466729E2,2.027638972E-2,3.834019303E-3,-4.520409331E-3,2.112500378E-2
2.689566609E2,-5.738457441E-3,5.671799183E-5,-9.854385629E-3,1.140359710E-2
2.689666499E2,8.121490180E-3,2.493252754E-3,-1.406898558E-2,1.643506213E-2
2.689766379E2,1.079249829E-2,-2.119030952E-3,-1.811540499E-3,1.114674798E-2
2.689866269E2,1.339012384E-4,-9.402322769E-3,-5.494043827E-3,1.089064372E-2
2.689966149E2,-1.629852891E-2,-1.003791511E-2,4.437451959E-3,1.964924335E-2
2.690066039E2,9.297365248E-3,-1.680489779E-3,2.517737970E-3,9.777732403E-3
2.690165936E2,-1.287264526E-3,-1.862396657E-2,1.790417433E-3,1.875406024E-2
2.690265816E2,-2.680685252E-2,-2.411742568E-2,1.110269308E-2,3.772966150E-2
2.690365706E2,-3.017660290E-2,-3.081482649E-2,1.343748629E-2,4.517462708E-2
2.690465586E2,-2.340786606E-2,-7.718324661E-3,1.522607647E-2,2.897126393E-2
2.690565476E2,-2.543538809E-4,-8.917588592E-3,1.711004935E-2,1.929616208E-2
2.690665356E2,-7.772411406E-3,-1.430404365E-2,3.720868371E-2,4.061406391E-2
2.690765246E2,-6.150686145E-3,-2.489744425E-3,3.115279555E-2,3.185163164E-2
2.690865126E2,6.298035979E-3,3.104871511E-4,3.414247692E-2,3.471988464E-2
2.690965016E2,1.831552595E-2,6.616124511E-3,2.334033072E-2,3.039741161E-2
2.691064896E2,1.147837669E-2,1.903561056E-2,3.447744928E-2,4.102197106E-2
2.691164786E2,-5.690217912E-3,1.170144796E-2,2.575055301E-2,2.885122952E-2
2.691264666E2,-1.701656699E-2,-4.393013120E-3,3.453884505E-2,3.875298613E-2
2.691364556E2,-1.345824391E-2,-1.079980731E-2,3.926405311E-2,4.288853032E-2
2.691464436E2,-1.694523096E-2,-3.500143290E-3,5.196479023E-2,5.476980262E-2
2.691564326E2,-7.832930088E-3,-6.975728273E-4,4.687654316E-2,4.753158635E-2
2.691664216E2,-1.049633682E-2,1.501448035E-2,5.539535165E-2,5.834597408E-2
2.691764096E2,-1.226892024E-2,1.305975616E-2,5.951127984E-2,6.215043091E-2
2.691863986E2,-1.167250425E-2,1.813806295E-2,4.403538108E-2,4.903418675E-2
2.691963866E2,-2.904604375E-3,4.473119974E-3,4.235788800E-2,4.269234363E-2
2.692063756E2,-1.041681468E-2,-3.609486222E-3,4.232338943E-2,4.373565721E-2
2.692163636E2,-3.603814423E-2,9.729766846E-4,5.561805747E-2,6.628018437E-2
2.692263526E2,-3.327679664E-2,1.140557885E-2,4.530941628E-2,5.736179588E-2
2.692363406E2,-3.116653651E-2,1.212595582E-2,4.440426730E-2,5.558894455E-2
2.692463296E2,-3.546307057E-2,1.661369383E-2,5.107360147E-2,6.435959108E-2
2.692563176E2,-3.140627235E-2,1.551500201E-2,3.991309404E-2,5.310484259E-2
2.692663066E2,-3.010438979E-2,1.788955629E-2,4.470379092E-2,5.678678923E-2
2.692762946E2,-3.599048942E-2,1.270015240E-2,2.505005658E-2,4.565210328E-2
2.692862836E2,-3.606913447E-2,1.839183211E-2,2.291406870E-2,4.652200011E-2
2.692962716E2,-2.995937884E-2,2.851511657E-2,7.802012935E-3,4.208975718E-2
2.693062606E2,-2.130257607E-2,2.925537407E-2,2.746254466E-2,4.542981420E-2
2.693162496E2,-2.235068947E-2,2.896301329E-2,9.359711185E-3,3.776259594E-2
2.693262376E2,-4.833717763E-2,2.311287403E-2,1.920810342E-3,5.361321852E-2
2.693362266E2,-2.218375146E-2,2.024481475E-2,-1.997182287E-2,3.606722976E-2
2.693462146E2,-3.580454797E-2,5.145549774E-4,-5.370667577E-3,3.620876264E-2
2.693562036E2,-3.194772452E-2,1.308606863E-2,-2.080877870E-4,3.452456509E-2
2.693661916E2,-3.943859249E-2,1.038348556E-2,2.160663128E-2,4.615263660E-2
2.693761806E2,-4.493585229E-2,-3.111303449E-3,1.651904203E-2,4.797697135E-2
2.693861686E2,-1.624765813E-2,-8.255099058E-3,2.016529262E-2,2.718036206E-2
2.693961576E2,-7.677394152E-3,-1.144475520E-2,3.279060066E-2,3.556892315E-2
2.694061456E2,4.814889729E-3,-1.419937849E-2,2.189789571E-2,2.653909096E-2
2.694161346E2,-1.082670450E-2,-7.042386532E-3,1.466130853E-2,1.953885120E-2
2.694261226E2,-2.940857112E-3,-2.205511272E-2,1.501279928E-2,2.684140048E-2
2.694361116E2,-1.867220610E-2,6.973389387E-3,1.584310390E-2,2.546140965E-2
2.694460996E2,-6.253597140E-4,2.878116488E-2,1.040811695E-2,3.061168772E-2
2.694560886E2,1.816145182E-2,5.557193756E-3,3.167729080E-2,3.693469218E-2
2.694660776E2,1.656282306E-2,-9.868930578E-3,2.663465202E-2,3.288050466E-2
2.694760656E2,3.965289295E-2,-4.920431972E-2,1.990801513E-2,6.625515877E-2
2.694860546E2,2.778158337E-2,-5.505855203E-2,2.834262371E-2,6.787167925E-2
2.694960426E2,6.225822866E-3,-6.078999281E-2,1.425258815E-2,6.274807061E-2
2.695060316E2,1.106439382E-2,-4.684672236E-2,3.694555901E-2,6.067957265E-2
2.695160196E2,3.328673691E-2,-3.895999789E-2,3.517209850E-2,6.215275378E-2
2.695260086E2,8.949017376E-2,-3.613053024E-2,7.129568517E-2,1.199874208E-1
2.695359966E2,1.219732109E-1,-3.288298666E-2,9.388340615E-2,1.573939291E-1
2.695459856E2,1.425252968E-1,2.597917914E-3,6.701493859E-2,1.575157497E-1
2.695559736E2,1.789402941E-1,5.309271812E-3,1.038282774E-2,1.793198827E-1
2.695659626E2,2.117990148E-1,7.396143079E-3,-3.358764924E-2,2.145731945E-1
2.695759506E2,6.187055826E-2,4.916221976E-2,9.277601659E-2,1.218699269E-1
2.695859396E2,2.083538353E-2,8.525825143E-3,6.582210660E-2,6.956545564E-2
2.695959276E2,4.773696095E-2,-1.746621788E-2,4.792838417E-2,6.986426996E-2
2.696059166E2,1.975277156E-2,-1.642190516E-2,8.952839993E-2,9.314067504E-2
2.696159056E2,-2.326665580E-2,1.110503197E-2,9.258649372E-2,9.610888526E-2
2.696258936E2,-2.289184928E-2,-2.824205160E-3,2.963770889E-2,3.755538159E-2
2.696358826E2,-1.240632981E-2,-1.230955839E-2,2.034078218E-2,2.681771181E-2
2.696458706E2,-2.829701543E-2,1.115882635E-2,3.944012739E-2,4.980726991E-2
2.696558596E2,-2.899605006E-2,-5.917382240E-4,4.500945412E-2,5.354411296E-2
2.696658476E2,-7.946687669E-2,-2.179081857E-2,5.368496798E-2,9.834581868E-2
2.696758366E2,-6.535988420E-2,6.205065250E-3,-3.906875610E-2,7.639885471E-2
2.696858246E2,-1.139116547E-1,-9.674803019E-3,4.196780562E-2,1.217816225E-1
2.696958136E2,-1.139859143E-1,2.302750468E-2,3.825248480E-3,1.163515670E-1
2.697058016E2,-1.299157763E-1,2.163352847E-2,-1.193065882E-2,1.322439378E-1
2.697157906E2,-1.051075020E-1,3.937222660E-2,3.094112635E-2,1.164264253E-1
2.697257786E2,-9.984413087E-2,1.680548251E-2,-5.815567598E-3,1.014154601E-1
2.697357676E2,-5.690773398E-2,3.690762520E-3,-6.763401255E-3,5.742695805E-2
2.697457556E2,-6.105604112E-2,1.514487326E-2,-8.272129074E-3,6.344789565E-2
2.697557446E2,-7.077499062E-2,2.388763011E-2,-1.684765555E-2,7.657389677E-2
2.697657336E2,-5.452148527E-2,3.800924063E-2,-2.078758255E-3,6.649523265E-2
2.697757216E2,-4.743846059E-2,1.593600154E-2,1.148035012E-2,5.134356948E-2
2.697857106E2,-4.912772119E-2,-4.014113545E-3,2.108330548E-2,5.361111701E-2
2.697956986E2,-4.440580219E-2,-1.804099917E-2,8.368023410E-3,4.865569581E-2
2.698056876E2,-6.038975090E-2,-1.380352199E-2,5.216154903E-3,6.216644999E-2
2.698156756E2,-5.152624905E-2,9.835016727E-4,-1.111153699E-2,5.271990014E-2
2.698256646E2,-1.886662602E-2,1.815443516E-2,-4.963116646E-3,2.664893282E-2
2.698356526E2,-1.519574404E-2,7.186812758E-3,9.940266609E-3,1.952869209E-2
2.698456416E2,-6.297451258E-4,6.918425560E-3,-5.225802809E-3,8.693112570E-3
2.698556296E2,2.545585334E-3,6.707925797E-3,-4.572668821E-3,8.507971164E-3
2.698656186E2,-4.556442797E-3,9.836770892E-3,7.100127786E-3,1.295897554E-2
2.698756066E2,-7.806032896E-3,1.230195701E-2,9.175889343E-3,1.721828218E-2
2.698855956E2,-3.282363743E-2,2.654635906E-4,8.801813722E-3,3.398431358E-2
2.698955836E2,-5.011853188E-2,5.760092139E-3,5.817906484E-3,5.078281142E-2
2.699055726E2,-5.881831169E-2,1.517410934E-2,-1.698762327E-3,6.076786304E-2
2.699155616E2,-5.982637167E-2,2.770703137E-2,3.922750801E-3,6.604742469E-2
2.699255496E2,-6.211643368E-2,1.810882688E-2,1.724110007E-2,6.695996174E-2
2.699355386E2,-8.657913744E-2,2.115990400E-2,1.789540350E-2,9.090618265E-2
2.699455266E2,-9.353001505E-2,2.586048067E-2,1.888065934E-2,9.885902828E-2
2.699555156E2,-1.021444255E-1,2.989330530E-2,3.464409493E-2,1.119254514E-1
2.699655036E2,-9.745057315E-2,1.838949323E-2,3.479488000E-2,1.050974374E-1
2.699754926E2,-9.095840961E-2,2.584352374E-2,1.659023188E-2,9.600289470E-2
2.699854806E2,-1.016900969E-1,3.817179322E-2,2.894254804E-2,1.124083301E-1
2.699954696E2,-7.700695306E-2,3.405827701E-2,1.840177238E-2,8.618968778E-2
2.700054576E2,-7.116499990E-2,1.250485539E-2,3.483712614E-2,8.021504832E-2
2.700154463E2,-4.209907562E-2,2.928577960E-2,3.698122703E-2,6.322657832E-2
2.700254343E2,-3.367703855E-2,2.894956470E-3,5.019790784E-2,6.051738304E-2
2.700354233E2,1.122080684E-3,-9.296488166E-3,4.402968004E-2,4.501440305E-2
2.700454123E2,2.899926603E-2,1.429059505E-3,3.635740221E-2,4.652805967E-2
2.700554003E2,4.683444321E-2,-1.820062816E-2,5.365463555E-2,7.350882840E-2
2.700653893E2,8.014427662E-2,-3.560603499E-2,4.745417498E-2,9.971355738E-2
2.700753773E2,9.716815263E-2,-6.559289575E-2,4.323372781E-2,1.249529234E-1
2.700853663E2,1.205967763E-1,-7.665992081E-2,3.922487676E-2,1.481854138E-1
2.700953543E2,1.238846657E-1,-6.745815754E-2,3.839208707E-2,1.461915379E-1
2.701053433E2,1.203582099E-1,-6.087419271E-2,3.447328314E-2,1.392126908E-1
2.701153313E2,1.328613111E-1,-5.065969169E-2,3.746661901E-2,1.470451628E-1
2.701253203E2,1.331314525E-1,-3.888339937E-2,1.987410128E-2,1.401102505E-1
2.701353083E2,1.150714499E-1,-2.619728029E-2,2.610547900E-2,1.208686564E-1
2.701452973E2,1.128749433E-1,-9.689421058E-3,2.671417415E-2,1.163970997E-1
2.701552853E2,1.117622182E-1,-1.657334805E-2,1.574121617E-2,1.140756554E-1
2.701652743E2,6.296311051E-2,-1.181196034E-2,6.509120464E-3,6.439133747E-2
2.701752623E2,6.020293236E-3,-4.919262528E-3,6.674011946E-3,1.024624370E-2
2.701852513E2,-1.970979452E-2,1.159268975E-2,3.835042566E-4,2.286948909E-2
2.701952403E2,-5.372831047E-2,2.973718464E-2,-4.956830889E-3,6.160845452E-2
2.702052283E2,-1.030103981E-1,2.867533028E-2,8.536788672E-3,1.072673923E-1
2.702152173E2,-1.325780135E-1,4.629299104E-2,2.225391805E-2,1.421801940E-1
2.702252053E2,-1.202564684E-1,3.864892602E-2,3.572517201E-2,1.312693627E-1
2.702351943E2,-1.191244474E-1,2.170603395E-2,3.973665431E-2,1.274393486E-1
2.702451823E2,-1.379776248E-1,2.307720602E-2,2.085409462E-2,1.414400073E-1
2.702551713E2,-1.128410295E-1,1.925663531E-2,3.253566206E-2,1.190062403E-1
2.702651593E2,-9.617529541E-2,2.527926743E-2,4.629591465E-2,1.096906583E-1
2.702751483E2,-6.215093225E-2,2.672294497E-2,2.762919031E-2,7.307685218E-2
2.702851363E2,-1.464055091E-2,3.531250477E-2,3.822149456E-2,5.405738960E-2
2.702951253E2,2.547982693E-2,3.068852663E-2,4.786837712E-2,6.230881780E-2
2.703051133E2,6.779349536E-2,1.044312716E-3,6.632964492E-2,9.485077963E-2
2.703151023E2,1.033910519E-1,-4.546444058E-2,6.669261083E-2,1.311664184E-1
2.703250903E2,1.009972018E-1,-6.184716940E-2,6.609341741E-2,1.356239174E-1
2.703350793E2,1.162084410E-1,-6.124490619E-2,5.959029034E-2,1.442440397E-1
2.703450683E2,1.181634575E-1,-5.077546656E-2,6.217636764E-2,1.428518512E-1
2.703550563E2,1.310442889E-1,-4.197833061E-2,5.747747205E-2,1.491256037E-1
2.703650453E2,1.483043924E-1,-5.037434757E-2,8.334781989E-2,1.774221710E-1
2.703750333E2,1.630893695E-1,-5.407388091E-2,1.125233795E-1,2.053865574E-1
2.703850223E2,1.648528898E-1,-5.186655700E-2,9.376478076E-2,1.966175199E-1
2.703950103E2,1.533739284E-1,-6.405273914E-2,9.554993570E-2,1.917188189E-1
2.704049993E2,1.111263335E-1,-4.260807574E-2,9.336833954E-2,1.512684929E-1
2.704149873E2,7.525161892E-2,-1.802462697E-2,4.749810219E-2,9.079517079E-2
2.704249763E2,6.695968240E-2,-9.784145951E-3,4.927624047E-2,8.371067109E-2
2.704349643E2,4.545917809E-2,4.836816788E-3,3.505171895E-2,5.760689777E-2
2.704449533E2,-2.988394976E-2,2.143706203E-2,1.882452607E-2,4.131538289E-2
2.704549413E2,-7.109132499E-2,2.716499448E-2,-1.360822499E-2,7.731168864E-2
2.704649303E2,-9.769469440E-2,4.067206264E-2,-4.667876109E-2,1.156606101E-1
2.704749183E2,-1.202219698E-1,5.593271077E-2,-5.480419815E-2,1.434757481E-1
2.704849073E2,-1.448562893E-1,7.071037889E-2,-6.545080841E-2,1.739744538E-1
2.704948963E2,-1.480892149E-1,6.377558112E-2,-7.504375041E-2,1.778462954E-1
2.705048843E2,-1.602847525E-1,4.340797484E-2,-6.863059737E-2,1.796819776E-1
2.705148733E2,-1.507643160E-1,5.217821360E-2,-4.476087436E-2,1.656984636E-1
2.705248613E2,-1.785558397E-1,-4.444468617E-3,-3.580834866E-2,1.821652519E-1
2.705348503E2,-1.437169594E-1,-5.309856534E-3,-1.425843537E-2,1.445201092E-1
2.705448383E2,-1.471840659E-1,7.172311664E-2,1.049575210E-3,1.637328810E-1
2.705548273E2,-1.275751358E-1,5.043808222E-3,8.993529305E-3,1.279911671E-1
2.705648153E2,-1.030753022E-1,9.880040288E-3,3.080137789E-2,1.080317454E-1
2.705748043E2,-8.169495821E-2,7.568109691E-2,3.288883388E-2,1.161179143E-1
2.705847923E2,-2.613091439E-2,4.543345034E-2,3.497563206E-2,6.301045893E-2
2.705947813E2,2.598619580E-2,-4.691805840E-3,5.012459837E-2,5.665483895E-2
2.706047693E2,3.558703154E-2,-9.086573124E-3,7.352157399E-2,8.218530567E-2
2.706147583E2,6.189540893E-2,-1.602020144E-2,5.456504703E-2,8.405374981E-2
2.706247473E2,6.597998142E-2,-1.812636852E-2,5.097134829E-2,8.532292500E-2
2.706347353E2,7.712945223E-2,-3.918453097E-2,5.664124712E-2,1.034050808E-1
2.706447243E2,7.302821517E-2,-2.431973934E-2,3.764839433E-2,8.568530521E-2
2.706547123E2,7.552146792E-2,-2.691181004E-2,4.582769886E-2,9.234671418E-2
2.706647013E2,8.935744196E-2,-4.417571425E-2,5.166322008E-2,1.122734807E-1
2.706746893E2,1.217729437E-1,-5.669635713E-2,3.116215110E-2,1.378920099E-1
2.706846783E2,1.150948387E-1,-3.986631632E-2,3.373492599E-2,1.263890435E-1
2.706946663E2,1.176336998E-1,-2.343856394E-2,4.490486205E-2,1.280761502E-1
2.707046553E2,1.145165491E-1,6.248919368E-3,4.207495585E-2,1.221613315E-1
2.707146433E2,1.108968303E-1,2.894371748E-4,5.868784569E-2,1.254689363E-1
2.707246323E2,1.061097148E-1,1.544308126E-2,2.729005180E-2,1.106458642E-1
2.707346203E2,1.038018188E-1,-6.654131413E-4,2.310819626E-2,1.063449533E-1
2.707446093E2,8.911653668E-2,-9.968917966E-3,3.823662423E-2,9.748423394E-2
2.707545973E2,5.912850648E-2,-1.479637921E-2,4.166367732E-2,7.383071938E-2
2.707645863E2,4.452303886E-2,-3.982538581E-3,1.744165957E-2,4.798305005E-2
2.707745753E2,2.298540473E-2,1.354098201E-2,2.058980048E-2,3.369906390E-2
2.707845633E2,-9.071370363E-3,1.924611032E-2,-7.028353214E-3,2.240759406E-2
2.707945523E2,-2.687731147E-2,2.718136668E-2,-2.225450277E-2,4.423210893E-2
2.708045403E2,-4.056798220E-2,9.351451993E-3,-2.361529604E-2,4.786327445E-2
2.708145293E2,-7.040749311E-2,-1.882043302E-2,-1.965088382E-2,7.548232257E-2
2.708245173E2,-1.145636192E-1,-2.114411652E-2,-2.314050213E-2,1.187744895E-1
2.708345063E2,-1.130412966E-1,-2.253750801E-2,-7.469233274E-3,1.155078502E-1
2.708444943E2,-1.161257029E-1,-3.579256117E-2,-1.607984304E-3,1.215272476E-1
2.708544833E2,-1.271602759E-1,-1.609095275E-2,3.582589030E-3,1.282243716E-1
2.708644713E2,-1.437593517E-1,7.274520993E-3,-5.298746824E-3,1.440407809E-1
2.708744603E2,-1.294079456E-1,2.739771366E-2,-1.341351271E-3,1.322832201E-1
2.708844483E2,-1.274570221E-1,4.499783278E-2,8.690643534E-3,1.354460214E-1
2.708944373E2,-9.895359993E-2,5.359323978E-2,5.837275386E-3,1.126859533E-1
2.709044263E2,-9.923923641E-2,3.968563735E-2,6.464023814E-3,1.070754849E-1
2.709144143E2,-6.177495629E-2,3.753678560E-2,1.503194891E-2,7.383166655E-2
2.709244033E2,-1.018175662E-2,3.050258517E-2,1.016947746E-2,3.372675706E-2
2.709343913E2,-2.206329882E-2,1.145060241E-2,2.607909344E-2,3.602810799E-2
2.709443803E2,-1.225137860E-2,-1.891398847E-2,3.977276087E-2,4.571332130E-2
2.709543683E2,-2.465449244E-2,-1.762350798E-2,5.612099111E-2,6.378085664E-2
2.709643573E2,-1.743230402E-2,-1.710602939E-2,7.109746456E-2,7.517546762E-2
2.709743453E2,2.148559391E-3,-4.097670257E-2,6.917022228E-2,8.042528279E-2
2.709843343E2,2.272140294E-2,-7.507240176E-3,8.539960787E-2,8.868885968E-2
2.709943223E2,2.687497258E-2,-2.714569867E-2,6.547536671E-2,7.580354051E-2
2.710043113E2,4.512705624E-2,-6.137880743E-2,7.909930609E-2,1.098203507E-1
2.710142992E2,7.827053636E-2,-4.576323330E-2,8.303528622E-2,1.229447402E-1
2.710242882E2,7.737591237E-2,-6.539935291E-2,5.892999351E-2,1.172043144E-1
2.710342762E2,8.073221415E-2,-5.216184139E-2,6.835804403E-2,1.179464721E-1
2.710442652E2,6.501899153E-2,-3.523824513E-2,7.598339796E-2,1.060315045E-1
2.710542542E2,4.938850701E-2,-1.484666526E-2,6.969252482E-2,8.669888183E-2
2.710642422E2,3.908805192E-2,4.013528824E-3,5.261441588E-2,6.566780775E-2
2.710742312E2,2.839700282E-2,1.020573020E-2,6.823832229E-2,7.461243413E-2
2.710842192E2,3.251431972E-2,7.214294672E-3,6.828203022E-2,7.597145968E-2
2.710942082E2,2.620839000E-2,4.203563333E-3,6.146183789E-2,6.694854119E-2
2.711041962E2,1.634472191E-2,4.084864855E-3,4.000774585E-2,4.341031885E-2
2.711141852E2,2.380898505E-2,3.872435510E-2,2.605797037E-2,5.239714942E-2
2.711241732E2,-4.043057263E-3,5.108478427E-2,1.192715049E-2,5.261424156E-2
2.711341622E2,-2.078041971E-2,4.857691348E-2,3.440085076E-2,6.304729097E-2
2.711441502E2,-8.014193773E-3,4.789863646E-2,4.851785660E-2,6.864757159E-2
2.711541392E2,-1.221132517E-2,1.403565645E-2,2.242758036E-2,2.913953457E-2
2.711641272E2,-2.575932384E-2,-3.517275631E-2,1.121320546E-2,4.501556984E-2
2.711741162E2,-3.793264210E-2,-5.156191707E-2,1.555505544E-3,6.403074438E-2
2.711841052E2,-5.913610786E-2,-2.181596160E-2,-6.496256590E-3,6.336573824E-2
2.711940932E2,-5.261178464E-2,7.603719234E-3,5.652503371E-3,5.345808847E-2
2.712040822E2,-4.499052376E-2,2.194810867E-2,2.133926734E-2,5.441719428E-2
2.712140702E2,1.241714716E-2,4.243265927E-2,6.633081436E-2,7.971507417E-2
2.712240592E2,3.867260724E-2,-3.357471228E-3,3.372308537E-2,5.142071228E-2
2.712340472E2,4.275513321E-2,-4.766065478E-3,3.055338286E-2,5.276576542E-2
2.712440362E2,4.906778723E-2,4.247417450E-3,3.961071990E-2,6.320361880E-2
2.712540242E2,3.654743671E-2,9.594111443E-3,1.657042444E-2,4.125943614E-2
2.712640132E2,1.177395344E-2,1.284867167E-2,-1.249674238E-2,2.144488082E-2
2.712740012E2,2.871275246E-2,7.842870355E-3,1.077817261E-2,3.165599113E-2
2.712839902E2,2.588006884E-2,-3.898338675E-3,2.249540806E-2,3.451113431E-2
2.712939782E2,-6.229915917E-3,-5.121576190E-3,2.778669968E-2,2.893342486E-2
2.713039672E2,-1.293813407E-2,-1.769484401E-2,2.927247718E-2,3.657021654E-2
2.713139552E2,-2.472407430E-2,-2.422676861E-2,9.712225199E-4,3.462888160E-2
2.713239442E2,-1.391461909E-2,-7.514256835E-3,7.989635468E-3,1.771764530E-2
2.713339332E2,-2.420133322E-2,1.912624240E-3,1.632367194E-2,2.925448559E-2
2.713439212E2,-4.189003766E-2,5.524449348E-3,-1.884119064E-3,4.229473608E-2
2.713539102E2,-3.304349273E-2,-1.672186732E-2,1.491266571E-2,3.992343745E-2
2.713638982E2,-4.154095888E-2,-2.537867010E-2,2.202880025E-2,5.343216448E-2
2.713738872E2,-4.347287893E-2,-3.124050379E-2,4.755891323E-2,7.160803382E-2
2.713838752E2,-3.478830189E-2,1.005721092E-4,3.834011994E-2,5.177065636E-2
2.713938642E2,-2.004191637E-2,7.526535988E-3,3.233736835E-2,3.878185849E-2
2.714038522E2,-7.795215547E-3,-2.098565698E-3,3.294547878E-2,3.392011108E-2
2.714138412E2,2.656507015E-2,1.488701105E-3,2.431564629E-2,3.604399864E-2
2.714238292E2,1.132547200E-2,2.392095923E-3,1.828775167E-2,2.164325068E-2
2.714338182E2,-3.537857831E-3,5.268926024E-3,2.805932611E-4,6.352696440E-3
2.714438062E2,-5.976439118E-3,8.760298491E-3,9.220985994E-3,1.405301522E-2
2.714537952E2,-1.083927602E-2,2.429635048E-2,-9.824053198E-4,2.662269091E-2
2.714637832E2,-1.739955962E-2,1.451746702E-2,1.072372042E-2,2.506989635E-2
2.714737722E2,-2.421361238E-2,1.641371906E-2,2.678543709E-2,3.966319248E-2
2.714837612E2,-2.164609998E-2,6.895621419E-3,3.700936675E-2,4.342575810E-2
2.714937492E2,-8.526994586E-3,1.716391683E-2,1.115648746E-2,2.217604316E-2
2.715037382E2,-2.655103683E-2,1.630729973E-2,3.014239669E-3,3.130449205E-2
2.715137262E2,-2.484569639E-2,1.021508574E-2,7.824670896E-3,2.798003003E-2
2.715237152E2,-2.106868744E-2,2.593707919E-2,1.586123027E-2,3.698919157E-2
2.715337032E2,-3.740171492E-2,-5.227410793E-4,2.593240142E-2,4.551539279E-2
2.715436922E2,-3.984175801E-2,9.788823724E-3,1.320418239E-2,4.309915526E-2
2.715536802E2,-5.288689613E-2,1.060743392E-2,1.263926826E-2,5.540119619E-2
2.715636692E2,-3.210326046E-2,6.595659256E-4,2.969216108E-2,4.373418330E-2
2.715736572E2,-1.726098061E-2,-8.514715433E-3,1.561498940E-2,2.478446538E-2
2.715836462E2,-9.963363111E-3,-5.377684236E-3,1.724862836E-2,2.063257794E-2
2.715936342E2,-2.180455953E-2,-1.557055056E-2,3.445705712E-2,4.364824906E-2
2.716036232E2,-5.044977665E-3,-1.404091895E-2,1.656801246E-2,2.229570007E-2
2.716136122E2,-1.558399916E-2,-1.120618880E-2,1.613765739E-2,2.507715461E-2
2.716236002E2,-4.950545132E-3,-7.400820851E-3,2.646201298E-2,2.791985274E-2
2.716335892E2,-1.074689001E-2,-6.754118800E-3,2.106276713E-2,2.459174506E-2
2.716435772E2,2.743805945E-3,-1.193533659E-2,1.747140728E-2,2.133613843E-2
2.716535662E2,1.915226251E-2,-1.138920665E-2,3.553813420E-2,4.194618183E-2
2.716635542E2,7.618337274E-3,-7.140035033E-3,4.606253766E-2,4.723109715E-2
2.716735432E2,9.114347398E-3,8.488402963E-3,3.000213660E-2,3.248465044E-2
2.716835312E2,2.840577364E-3,-4.032239914E-3,8.971967697E-3,1.023836134E-2
2.716935202E2,1.523842871E-2,-1.628157198E-2,1.893043377E-2,2.925167719E-2
2.717035082E2,2.375431359E-2,-1.425785065E-2,1.808777690E-2,3.308657420E-2
2.717134972E2,4.319718271E-2,-7.439997196E-3,8.316567913E-3,4.461519309E-2
2.717234852E2,1.782348275E-2,-1.667333543E-2,1.860357441E-2,3.068826539E-2
2.717334742E2,2.183993518E-2,-1.630203724E-2,1.559050418E-2,3.139750002E-2
2.717434632E2,3.363552332E-2,-1.527702034E-2,1.042850912E-2,3.838605973E-2
2.717534512E2,-1.274985373E-3,-1.140382469E-2,1.682594776E-2,2.036627907E-2
2.717634402E2,3.571479321E-3,-1.139856219E-2,1.889418103E-2,2.235336130E-2
2.717734282E2,8.591606319E-3,-4.323431253E-3,2.711361207E-2,2.876900618E-2
2.717834172E2,-1.015602887E-2,3.622934818E-3,1.541442990E-2,1.881157166E-2
2.717934052E2,-9.434774816E-3,-9.616330862E-3,2.261059821E-2,2.631972542E-2
2.718033942E2,-1.129155815E-2,-1.538987160E-2,2.931859709E-2,3.498467620E-2
2.718133822E2,-2.971496522E-2,-3.384953141E-3,1.684465885E-2,3.432462087E-2
2.718233712E2,-2.223052919E-2,-1.085243225E-2,2.793916583E-2,3.731713683E-2
2.718333592E2,1.454787254E-3,-2.065996706E-2,2.128386497E-2,2.969770283E-2
2.718433482E2,2.314181775E-2,-2.955767512E-3,-3.650073208E-2,4.331955370E-2
2.718533362E2,6.049529314E-2,1.735921383E-2,-5.221103109E-2,8.177416808E-2
2.718633252E2,7.029581130E-2,1.018351078E-2,-5.440899946E-2,8.947370675E-2
2.718733132E2,6.303269237E-2,-4.448561668E-3,-4.299581923E-2,7.643003650E-2
2.718833022E2,6.210240036E-2,-2.387008846E-2,-4.890852369E-2,8.257440853E-2
2.718932912E2,5.996933609E-2,-6.610862017E-3,-4.893425144E-2,7.768259607E-2
2.719032792E2,1.854415208E-2,4.523990750E-3,-1.318488657E-2,2.319899357E-2
2.719132682E2,-1.704697251E-2,-4.721041918E-3,1.035015643E-2,2.049422472E-2
2.719232562E2,-3.679038852E-2,-6.183430552E-3,5.215789452E-3,3.766924423E-2
2.719332452E2,-3.909711510E-2,-1.562025189E-2,2.627665624E-3,4.218389865E-2
2.719432332E2,-7.658215284E-2,-3.450617373E-2,1.835375212E-2,8.597884843E-2
2.719532222E2,-5.665718079E-2,-2.286670625E-2,-7.018997669E-3,6.149950177E-2
2.719632102E2,-3.231668383E-2,-2.901329935E-2,-2.492836140E-2,5.007557084E-2
2.719731992E2,-2.912468880E-2,-1.540799797E-2,-3.844427347E-2,5.063216430E-2
2.719831872E2,-7.086533010E-3,-6.695061922E-4,-2.228783190E-2,2.339689380E-2
2.719931762E2,-2.115054846E-2,-1.132488728E-2,-2.094940424E-2,3.185084473E-2
2.720031642E2,-2.956936955E-2,4.433943629E-3,-1.250792518E-3,2.992610823E-2
2.720131532E2,-4.980892181E-2,-1.448706150E-2,-1.396081209E-2,5.371878552E-2
2.720231421E2,-7.094280571E-2,-8.748019338E-3,-1.117870688E-2,7.234896690E-2
2.720331301E2,-1.077790949E-1,1.900578976E-2,-2.590082645E-2,1.124651330E-1
2.720431191E2,-8.594471455E-2,3.489618301E-2,-2.279069245E-2,9.551781619E-2
2.720531071E2,-7.685404837E-2,1.689552963E-2,-1.023262739E-2,7.935181369E-2
2.720630961E2,-2.899283409E-2,1.309425473E-2,4.274197698E-2,5.328152148E-2
2.720730841E2,-1.585063219E-2,4.791208506E-3,4.938331760E-2,5.208560528E-2
2.720830731E2,1.146171212E-2,1.200667262E-2,5.949951231E-2,6.177153874E-2
2.720930611E2,3.308617741E-2,1.923324645E-2,7.197564326E-2,8.151752037E-2
2.721030501E2,3.223423809E-2,8.239311576E-3,4.012593269E-2,5.212506916E-2
2.721130381E2,4.528083801E-2,2.131602466E-2,2.823262297E-2,5.746136265E-2
2.721230271E2,2.419080824E-2,1.978288472E-2,5.330270626E-2,6.178783234E-2
2.721330151E2,2.474307775E-2,9.215211868E-3,5.765763938E-2,6.341564007E-2
2.721430041E2,1.368453115E-2,1.378364146E-2,7.235819735E-2,7.491971628E-2
2.721529931E2,4.062937796E-3,4.909906983E-3,6.331430890E-2,6.363423891E-2
2.721629811E2,1.311238110E-3,-1.437537968E-2,7.076709688E-2,7.222432337E-2
2.721729701E2,-2.417940617E-2,-6.272308230E-3,5.772546709E-2,6.289845056E-2
2.721829581E2,-5.036791563E-3,-4.995861053E-3,4.241043985E-2,4.299968959E-2
2.721929471E2,-5.778510869E-3,-1.145586491E-2,3.815476321E-2,4.025436602E-2
2.722029351E2,-1.136435598E-2,-2.527751327E-3,2.095225476E-2,2.396946168E-2
2.722129241E2,-3.120775938E-2,5.061934590E-3,3.258002780E-2,4.539829996E-2
2.722229121E2,-4.635731041E-2,-8.123536706E-3,3.936345577E-2,6.135530725E-2
2.722329011E2,-3.851268589E-2,-7.470987439E-3,1.826202393E-2,4.327290314E-2
2.722428891E2,-4.621814668E-2,8.493665457E-3,3.510017775E-2,5.865391644E-2
2.722528781E2,-3.887725979E-2,-7.895495296E-3,2.343973339E-2,4.607820826E-2
2.722628661E2,-5.211447895E-2,5.678815842E-3,3.151766181E-2,6.116805433E-2
2.722728551E2,-4.436662585E-2,1.358308196E-2,3.079194926E-2,5.568699798E-2
2.722828431E2,-5.229925096E-2,2.486879289E-2,2.851796709E-2,6.455186254E-2
2.722928321E2,-3.462048680E-2,3.315488219E-2,2.473547637E-2,5.394133953E-2
2.723028211E2,-4.518202007E-2,2.702583075E-2,2.121084787E-2,5.676011392E-2
2.723128091E2,-4.117463082E-2,1.294924378E-2,1.862104297E-2,4.700825863E-2
2.723227981E2,-4.074983060E-2,8.248667121E-3,2.433201849E-2,4.817298338E-2
2.723327861E2,-3.570134461E-2,2.510794401E-3,1.227681398E-2,3.783662587E-2
2.723427751E2,-6.341013014E-3,6.274062395E-4,4.730397463E-3,7.935914868E-3
2.723527631E2,9.294149280E-4,1.511563718E-2,-1.953700930E-4,1.514544384E-2
2.723627521E2,-1.005750328E-2,1.375557482E-2,6.158214435E-3,1.811885250E-2
2.723727401E2,-8.389000297E-3,3.128084958E-2,5.165430307E-3,3.279555681E-2
2.723827291E2,-3.131183982E-4,1.582782805E-2,2.018049538E-2,2.564898785E-2
2.723927171E2,-7.576822042E-3,-2.428933382E-3,2.874074601E-2,2.982177779E-2
2.724027061E2,-1.889820099E-2,-1.801468670E-2,4.015524186E-2,4.789691417E-2
2.724126941E2,-6.643606424E-3,1.568632543E-2,4.417571425E-2,4.734651034E-2
2.724226831E2,-4.428388774E-3,-8.248082399E-3,4.451426804E-2,4.548803743E-2
2.724326721E2,-1.534981817E-2,-2.336664319E-2,2.971671939E-2,4.080073949E-2
2.724426601E2,1.856374025E-2,2.411976457E-3,4.340329707E-2,4.726813175E-2
2.724526491E2,1.464259744E-2,-2.904896736E-3,4.000014447E-2,4.269491354E-2
2.724626371E2,5.147888660E-3,-1.060217142E-2,2.732162677E-2,2.975530349E-2
2.724726261E2,2.285150349E-2,-9.957223535E-3,4.083271489E-2,4.783981728E-2
2.724826141E2,4.103283584E-3,-9.026931524E-3,3.412961304E-2,3.554086261E-2
2.724926031E2,1.371289015E-2,4.625147581E-4,2.528694190E-2,2.876954478E-2
2.725025911E2,1.231979102E-2,-9.230999351E-3,2.981151737E-2,3.355167906E-2
2.725125801E2,2.166276455E-2,-3.157496452E-5,2.716499448E-2,3.474497503E-2
2.725225681E2,2.701267451E-2,-9.578323960E-3,1.762051128E-2,3.364388937E-2
2.725325571E2,7.397312522E-3,-9.706962705E-3,2.200241469E-2,2.516051688E-2
2.725425451E2,9.703746736E-3,1.175758123E-2,9.532642588E-3,1.797984126E-2
2.725525341E2,6.220852733E-3,1.029870093E-2,2.696794331E-2,2.953019160E-2
2.725625231E2,1.222418904E-2,-1.205695868E-3,1.288733639E-2,1.780359344E-2
2.725725111E2,3.118056983E-2,7.470987439E-3,6.227284670E-4,3.206916555E-2
2.725825001E2,1.635583162E-2,-1.042733967E-2,1.592547655E-2,2.509708039E-2
2.725924881E2,-6.388083100E-4,-3.613579273E-3,9.670783058E-3,1.034360074E-2
2.726024771E2,-5.239105225E-4,-1.283288419E-2,1.763118245E-2,2.181320686E-2
2.726124651E2,6.212374270E-3,-5.312780142E-3,4.368454814E-3,9.268366866E-3
2.726224541E2,-1.886808783E-2,-1.458354056E-2,1.671492375E-2,2.912169414E-2
2.726324421E2,-1.570620596E-2,-1.022034824E-2,3.631281719E-2,4.086271058E-2
2.726424311E2,-1.596289873E-4,-3.218892217E-3,1.985531710E-2,2.011517750E-2
2.726524191E2,8.445133567E-3,4.257357717E-3,-2.847082391E-3,9.876803827E-3
2.726624081E2,2.205160439E-2,8.555645943E-3,-3.578495979E-4,2.365587432E-2
2.726723961E2,1.860408604E-2,1.945953369E-3,-1.679393426E-3,1.878081772E-2
2.726823851E2,1.408243418E-2,5.369498134E-3,-3.210706115E-3,1.540957807E-2
2.726923741E2,-9.756664038E-3,1.334568501E-2,1.084073782E-2,1.976920327E-2
2.727023621E2,-3.835773468E-4,-1.316208243E-3,2.340523481E-2,2.344535247E-2
2.727123511E2,-6.810544431E-3,2.251178026E-3,8.347485065E-3,1.100599041E-2
2.727223391E2,4.457332492E-3,5.968837738E-3,7.498469353E-3,1.056985712E-2
2.727323281E2,-2.378647327E-3,-1.616579711E-2,2.958983481E-2,3.380161658E-2
2.727423161E2,-7.610443532E-3,-1.777495086E-2,1.533549249E-2,2.467883828E-2
2.727523051E2,-3.273563683E-3,-4.311736822E-3,5.487611890E-3,7.708513337E-3
2.727622931E2,-1.451454341E-2,9.256142378E-4,1.168500267E-2,1.865658113E-2
2.727722821E2,-2.521231681E-2,-8.449226618E-4,1.195865236E-2,2.791745296E-2
2.727822701E2,-1.713555783E-2,7.076885104E-3,4.615134224E-3,1.910521156E-2
2.727922591E2,1.431281447E-2,2.099325836E-2,9.399910793E-3,2.709117712E-2
2.728022471E2,4.381026328E-3,-5.625021458E-4,1.920276783E-2,1.970421510E-2
2.728122361E2,-1.624064147E-2,-7.934086919E-3,3.539319634E-3,1.841833202E-2
2.728222251E2,-1.990743041E-2,-1.766736209E-2,-3.959295899E-4,2.661950843E-2
2.728322131E2,-2.558186084E-2,-2.413087428E-2,5.807454586E-3,3.564347382E-2
2.728422021E2,-1.252649009E-2,3.931083083E-3,-5.371252298E-3,1.418508793E-2
2.728521901E2,-1.224377722E-2,2.342511535E-2,2.629492879E-3,2.656238586E-2
2.728621791E2,8.520270288E-3,1.074893653E-2,5.867680907E-3,1.491858980E-2
2.728721671E2,1.645669609E-2,-2.288600206E-3,-9.247371554E-3,1.901511025E-2
2.728821561E2,6.105954945E-3,-2.191010177E-2,-2.131383196E-3,2.284465013E-2
2.728921441E2,-1.308372974E-2,-2.418466866E-2,-1.049516737E-2,2.943179778E-2
2.729021331E2,-3.311541349E-2,-1.160321474E-2,-1.225466765E-2,3.716775595E-2
2.729121211E2,-5.808214724E-2,7.573898435E-3,-1.570328236E-2,6.064233540E-2
2.729221101E2,-4.050804824E-2,1.893620789E-2,1.027355790E-2,4.588058340E-2
2.729320981E2,9.972426295E-4,1.824331284E-3,1.967127599E-2,1.978084368E-2
2.729420871E2,2.685363024E-2,-1.619912624E-2,4.707483687E-2,5.656473649E-2
2.729520751E2,2.014102668E-2,-2.928987265E-2,3.437804662E-2,4.945106353E-2
2.729620641E2,1.853538126E-2,9.232753515E-4,3.284607612E-2,3.772635037E-2
2.729720531E2,1.477883756E-2,2.040912151E-2,2.452665769E-2,3.516394770E-2
2.729820411E2,4.594157338E-3,3.360979557E-3,6.851109490E-3,8.907309721E-3
2.729920301E2,1.189352900E-2,1.104422092E-2,2.556395374E-2,3.028112578E-2
2.730020181E2,7.312527895E-3,-9.849050045E-3,2.744741499E-2,3.006388932E-2
2.730120071E2,1.040628970E-2,-6.468774676E-3,1.731477499E-2,2.121172657E-2
2.730219958E2,1.589740992E-2,-1.483789444E-2,1.675161503E-2,2.745008852E-2
2.730319848E2,1.540156603E-2,-1.669380069E-2,1.534543276E-2,2.741119341E-2
2.730419728E2,2.098624170E-2,-1.464552104E-2,4.856697321E-3,2.604805436E-2
2.730519618E2,-3.845713735E-3,-3.590190411E-3,1.936071575E-2,2.006280877E-2
2.730619497E2,-1.529193074E-2,-1.340532660E-2,-5.093436465E-3,2.096399347E-2
2.730719388E2,-3.346683115E-2,-1.777670503E-2,9.512762055E-3,3.907086729E-2
2.730819268E2,-2.037345350E-2,-1.481450558E-2,3.875973076E-4,2.519320175E-2
2.730919157E2,-3.407698810E-2,-6.920179725E-3,1.004719757E-2,3.619497457E-2
2.731019048E2,-3.980462819E-2,-4.057967663E-4,4.105841741E-3,4.001788391E-2
2.731118928E2,-3.936082453E-2,9.115224481E-3,1.401292540E-2,4.276358150E-2
2.731218817E2,-3.834691733E-2,1.805035472E-3,2.146512866E-3,3.844933991E-2
2.731318698E2,-1.272880375E-2,6.496256590E-4,6.716696620E-3,1.440688974E-2
2.731418588E2,-1.307554364E-2,-1.191545606E-2,-1.910358444E-3,1.779318420E-2
2.731518468E2,-1.367488325E-2,-2.514302731E-5,-9.823322296E-5,1.367525918E-2
2.731618358E2,-1.074776709E-2,1.393099129E-2,-3.204931989E-3,1.788459127E-2
2.731718238E2,-1.076677054E-2,9.926233292E-3,7.667453885E-3,1.653007273E-2
2.731818128E2,-7.381232679E-3,3.318587244E-2,-5.186991915E-3,3.439025458E-2
2.731918008E2,9.692929387E-3,2.948049188E-2,-1.575181425E-2,3.480189554E-2
2.732017898E2,2.949920297E-4,-1.114069998E-2,6.998532414E-3,1.315985077E-2
2.732117777E2,-1.352168620E-2,-3.109900117E-2,5.847215652E-6,3.391141261E-2
2.732217668E2,-7.987004220E-3,-1.383802056E-2,1.029460788E-2,1.900689351E-2
2.732317558E2,1.709608912E-2,1.423212290E-3,2.518110730E-2,3.046949230E-2
2.732417437E2,6.301544309E-3,-1.422627568E-3,1.993666649E-2,2.095719448E-2
2.732517328E2,1.152749330E-2,-8.039336801E-3,2.654577434E-2,3.003651400E-2
2.732617208E2,2.948195368E-2,-5.695188046E-3,3.774962425E-2,4.823541117E-2
2.732717097E2,2.966234028E-2,-1.169209242E-2,2.349820554E-2,3.960713471E-2
2.732816978E2,4.616639882E-2,-1.565358102E-2,4.068668067E-2,6.349627519E-2
2.732916868E2,3.718946099E-2,-6.034326553E-4,4.912238561E-2,6.161516784E-2
2.733016748E2,3.275376320E-2,-3.842205405E-3,3.862553716E-2,5.078881439E-2
2.733116638E2,1.725922644E-2,6.074672341E-3,4.209052406E-2,4.589547644E-2
2.733216518E2,1.637922049E-2,-7.765687108E-3,4.234838627E-2,4.606485189E-2
2.733316408E2,3.320809186E-2,2.523658276E-3,5.162674807E-2,6.143669369E-2
2.733416288E2,1.979837984E-2,1.495191514E-2,3.375356399E-2,4.189079484E-2
2.733516178E2,4.771035612E-3,-4.135150909E-3,2.270481147E-2,2.356630471E-2
2.733616057E2,1.654820502E-2,-7.356382012E-3,2.364614010E-2,2.978421372E-2
2.733715948E2,7.225696743E-3,-1.237387776E-2,2.268200733E-2,2.682903280E-2
2.733815838E2,9.706377983E-5,-6.358847022E-3,2.224339306E-2,2.313466861E-2
2.733915717E2,-1.220869392E-2,-1.846550703E-3,1.226563118E-2,1.740424273E-2
2.734015608E2,3.312155306E-3,1.419996321E-2,7.705387697E-3,1.649188672E-2
2.734115488E2,-1.607545763E-2,2.091081262E-2,9.625101686E-3,2.807712601E-2
2.734215377E2,-2.015915304E-2,1.597634733E-2,1.870765485E-2,3.180584027E-2
2.734315258E2,-3.177084625E-3,1.088517666E-2,-6.384574771E-3,1.301321377E-2
2.734415148E2,-1.944199204E-4,-1.579332948E-3,2.469915055E-2,2.475035615E-2
2.734515028E2,-2.850517631E-2,-3.713566661E-3,1.175290346E-2,3.105585924E-2
2.734614918E2,-2.762020022E-2,-1.679554224E-2,4.464933872E-3,3.263282601E-2
2.734714798E2,-2.436154693E-2,-3.497102737E-2,1.740599155E-2,4.603722696E-2
2.734814688E2,-1.982293814E-2,-2.304446161E-2,2.005419552E-2,3.641657378E-2
2.734914568E2,-4.738291204E-3,-1.293871880E-2,2.286721788E-2,2.669778083E-2
2.735014458E2,1.607165694E-2,-5.943109989E-3,1.628559195E-2,2.363978042E-2
2.735114348E2,2.384143710E-2,-5.078891516E-3,3.739170156E-2,4.463573241E-2
2.735214228E2,2.788010895E-2,5.498136878E-3,2.767311752E-2,3.966524193E-2
2.735314118E2,2.940710932E-2,2.116282761E-2,2.601250827E-2,4.460150152E-2
2.735413997E2,3.197199047E-2,9.139782786E-3,3.079838119E-2,4.532421084E-2
2.735513888E2,4.058464676E-2,5.319796801E-3,7.521785125E-3,4.161719647E-2
2.735613768E2,3.022484243E-2,-4.641519785E-3,-9.808704257E-3,3.211378964E-2
2.735713657E2,1.147369891E-2,-3.811215162E-3,-3.510083556E-3,1.258935321E-2
2.735813538E2,2.947289050E-3,7.644065022E-3,3.978957161E-3,9.107707884E-3
2.735913428E2,9.799933434E-4,-9.297072887E-4,1.707277335E-2,1.712613011E-2
2.736013308E2,1.840791196E-2,-7.063436508E-4,7.094426751E-3,1.974034029E-2
2.736113198E2,2.118153870E-2,-4.679526687E-3,6.548223719E-3,2.265909940E-2
2.736213078E2,2.204078704E-2,-1.671777427E-2,5.410428643E-3,2.818781666E-2
2.736312968E2,2.715359241E-2,-3.590599716E-2,2.420506082E-2,5.111206494E-2
2.736412858E2,5.653088093E-3,-3.245380104E-2,1.640670240E-2,3.680199030E-2
2.736512738E2,-2.451562107E-2,-1.743054986E-2,-1.503319144E-3,3.011809611E-2
2.736612628E2,-4.793898225E-2,-2.725153327E-2,1.031624258E-2,5.610006190E-2
2.736712508E2,-5.132393539E-2,-6.819022894E-3,2.626043022E-2,5.805390264E-2
2.736812398E2,-5.376047015E-2,2.720826387E-2,3.780583061E-2,7.113198017E-2
2.736912277E2,-4.939113826E-2,3.166150331E-2,4.243967593E-2,7.240898717E-2
2.737012168E2,-2.929864347E-2,8.404787779E-3,9.803368673E-3,3.201807309E-2
2.737112047E2,-2.813358575E-2,6.267630458E-3,6.066486239E-3,2.945478050E-2
2.737211937E2,-2.554619282E-2,3.449857235E-4,5.476575270E-3,2.612890851E-2
2.737311818E2,-7.803109288E-3,6.481053829E-3,-1.555944085E-2,1.857387340E-2
2.737411707E2,5.911242664E-3,1.891515791E-2,-2.413781784E-2,3.123075790E-2
2.737511588E2,-4.472827613E-3,1.847369313E-2,-2.196565032E-2,2.904777649E-2
2.737611478E2,1.023525864E-2,-1.159268975E-2,-1.493028045E-2,2.149567978E-2
2.737711368E2,-1.110123128E-2,-3.541424632E-2,1.309783615E-2,3.935682266E-2
2.737811248E2,-3.429245800E-2,-2.435423791E-2,3.945116401E-3,4.224530179E-2
2.737911138E2,-5.874142081E-2,-1.429644227E-3,8.023110777E-4,5.876429276E-2
2.738011018E2,-6.996135056E-2,3.756134391E-2,8.873734474E-3,7.990111571E-2
2.738110908E2,-4.976799130E-2,3.351390123E-2,-3.771454096E-4,6.000147309E-2
2.738210788E2,-1.243995130E-3,1.285510361E-2,1.900739774E-2,2.298004312E-2
2.738310678E2,-2.440043092E-3,5.074798465E-3,2.744149469E-2,2.801326508E-2
2.738410558E2,1.842165291E-3,-5.716238022E-3,4.578779161E-2,4.617998279E-2
2.738510448E2,6.568469703E-3,-1.744224429E-3,5.126604795E-2,5.171455101E-2
2.738610327E2,-1.031945854E-2,1.093429327E-3,2.734150730E-2,2.924456930E-2
2.738710218E2,1.252561301E-2,4.355006218E-3,1.195287824E-2,1.785296498E-2
2.738810098E2,3.261986196E-2,1.757380664E-2,2.767194808E-2,4.624533257E-2
2.738909987E2,2.650981396E-2,1.631782472E-2,4.008032441E-2,5.074912851E-2
2.739009877E2,-9.380688071E-3,2.227847636E-2,4.234487794E-2,4.875875824E-2
2.739109758E2,-1.016626149E-2,-2.264041901E-3,5.529295228E-2,5.626534751E-2
2.739209647E2,-1.733465552E-2,3.014824390E-3,4.095557950E-2,4.457509328E-2
2.739309528E2,-1.030864120E-2,-1.186692417E-2,4.387750626E-3,1.632005907E-2
2.739409418E2,-1.110941738E-2,-8.304215670E-3,1.229428254E-2,1.853452280E-2
2.739509298E2,-2.290559024E-2,1.744165957E-2,1.215745769E-2,3.125190123E-2
2.739609188E2,-3.455090493E-2,1.164122164E-2,1.119676016E-2,3.813988085E-2
2.739709068E2,-7.666050553E-2,9.302920103E-4,2.116041563E-2,7.953277149E-2
2.739808958E2,-5.944981098E-2,-1.265103579E-2,2.427690849E-3,6.082945352E-2
2.739908838E2,-6.856971323E-2,-2.574587524E-2,4.174911976E-3,7.336269866E-2
2.740008728E2,-8.168735683E-2,-1.026186347E-2,1.468294322E-2,8.362845765E-2
2.740108607E2,-5.036206841E-2,6.702078581E-3,1.435491443E-3,5.082633597E-2
2.740208495E2,-4.899762064E-2,-9.729766846E-4,-1.071217217E-2,5.016437127E-2
2.740308375E2,-6.266490251E-2,6.379312277E-4,-7.044140697E-3,6.306280109E-2
2.740408265E2,-7.093052655E-2,4.325185418E-2,-1.692133047E-2,8.478321716E-2
2.740508155E2,-4.677217036E-2,7.472039938E-2,-1.364213884E-2,8.920135625E-2
2.740608035E2,-5.385958046E-2,4.273145199E-2,3.931375444E-2,7.919850178E-2
2.740707925E2,-5.608064532E-2,3.819869041E-2,1.998395585E-2,7.073568562E-2
2.740807805E2,-5.871920139E-2,1.329481423E-2,-8.635752797E-3,6.082164847E-2
2.740907695E2,-5.581196576E-2,-9.198254943E-3,-2.148449756E-2,6.050757847E-2
2.741007575E2,-3.312359959E-2,-2.562132955E-2,-2.789706588E-2,5.031770724E-2
2.741107465E2,-2.643350780E-2,-3.979965806E-2,1.081734896E-2,4.898732647E-2
2.741207345E2,-2.508660167E-2,-4.350796223E-2,-1.855248436E-3,5.025656482E-2
2.741307235E2,3.646616042E-3,-2.656273127E-2,-4.713513628E-3,2.722303641E-2
2.741407115E2,1.248672903E-2,-1.144241631E-2,1.673831262E-2,2.381214820E-2
2.741507005E2,2.784794927E-2,-8.048107624E-3,3.050200045E-2,4.207912007E-2
2.741606885E2,4.929641336E-2,8.062725663E-3,1.269130848E-2,5.153846356E-2
2.741706775E2,6.635917336E-2,1.197860599E-2,1.198445320E-2,6.848834944E-2
2.741806665E2,4.923180163E-2,-6.375803947E-3,7.040632367E-3,5.013972150E-2
2.741906545E2,3.333000630E-2,-9.326893687E-3,1.015076637E-2,3.606824537E-2
2.742006435E2,2.842097640E-2,-1.298374236E-2,3.927574754E-3,3.149214678E-2
2.742106315E2,1.960746825E-2,-2.545176029E-2,-9.006466269E-3,3.336706981E-2
2.742206205E2,1.064251721E-2,-1.979867220E-2,1.355969310E-3,2.251864219E-2
2.742306085E2,2.325349957E-2,-1.601318479E-2,2.753307670E-4,2.823514009E-2
2.742405975E2,1.994046718E-2,-2.531142712E-2,-1.001628041E-3,3.223808047E-2
2.742505855E2,2.714306742E-2,-1.556177974E-2,2.369174838E-2,3.924556075E-2
2.742605745E2,3.094229579E-2,-1.645114124E-2,4.719287753E-3,3.536011020E-2
2.742705625E2,2.737724841E-2,-1.926540613E-2,1.280130923E-2,3.584052346E-2
2.742805515E2,2.983775675E-2,-1.254286230E-2,3.254443288E-2,4.589940342E-2
2.742905395E2,1.249666929E-2,-2.061026573E-2,3.327175342E-2,4.108478273E-2
2.743005285E2,-9.764557779E-3,-5.191158056E-3,1.999221504E-2,2.284695544E-2
2.743105175E2,-1.943994552E-2,-3.204274178E-3,-9.454947710E-3,2.185348693E-2
2.743205055E2,-1.279107660E-2,1.913676739E-2,2.265284434E-3,2.312918114E-2
2.743304945E2,-6.744470894E-3,1.917068124E-2,1.841054320E-2,2.742172511E-2
2.743404825E2,-5.625021458E-4,2.299125195E-3,9.158493876E-3,9.459407773E-3
2.743504715E2,-1.916074097E-2,-3.379690647E-3,2.060558796E-3,1.956533174E-2
2.743604595E2,-2.064885736E-2,-1.265746772E-2,6.181749478E-3,2.499601620E-2
2.743704485E2,5.150227547E-3,-2.649431884E-2,4.683035016E-3,2.739351368E-2
2.743804365E2,7.182134986E-3,-2.488165677E-2,1.889527738E-2,3.205793839E-2
2.743904255E2,-2.674224079E-3,-1.984778881E-2,2.831053711E-2,3.467813009E-2
2.744004135E2,2.311725944E-2,-9.208195210E-3,1.201368928E-2,2.763199727E-2
2.744104025E2,5.154057473E-2,-6.696231365E-3,3.228481650E-2,6.118479987E-2
2.744203905E2,7.056858391E-2,-1.495133042E-3,2.241120815E-2,7.405688832E-2
2.744303795E2,6.775811970E-2,-2.941149473E-4,1.675402701E-2,6.979933173E-2
2.744403685E2,6.859924167E-2,-2.201535165E-2,4.002477586E-2,8.241671159E-2
2.744503565E2,6.064498186E-2,-1.486829996E-2,3.582289360E-2,7.198722022E-2
2.744603455E2,6.142880112E-2,-1.075361431E-2,1.766443849E-2,6.481643476E-2
2.744703335E2,6.055376530E-2,-1.320535183E-2,1.538921379E-2,6.385896734E-2
2.744803225E2,4.739519119E-2,-1.189382136E-2,3.122997880E-3,4.896447948E-2
2.744903105E2,3.491927952E-2,-1.992438734E-2,-1.073724210E-2,4.161280645E-2
2.745002995E2,3.304583162E-2,-1.639325380E-2,-1.637571216E-2,4.036000132E-2
2.745102875E2,4.001542032E-3,-1.608919859E-2,8.707015738E-3,1.872663272E-2
2.745202765E2,-2.937933505E-3,-2.251762748E-2,1.504897892E-2,2.724237081E-2
2.745302645E2,-1.967997372E-2,-6.317331791E-3,3.702530041E-3,2.099806599E-2
2.745402535E2,-2.710418344E-2,3.128845096E-3,-2.454734221E-3,2.739438175E-2
2.745502415E2,-1.574450523E-2,1.285861194E-2,1.875859872E-3,2.041450945E-2
2.745602305E2,-3.362879902E-2,2.124995112E-2,-6.370614544E-3,4.028698644E-2
2.745702195E2,-3.486519277E-2,1.490630686E-2,-1.260783948E-2,3.995919503E-2
2.745802075E2,-3.505201131E-2,1.124185681E-2,-5.882298946E-4,3.681533452E-2
2.745901965E2,-3.976574421E-2,9.690005779E-3,6.969807968E-3,4.151853619E-2
2.746001845E2,-2.750296354E-2,-2.197383642E-3,-2.704519965E-2,3.863527304E-2
2.746101735E2,-5.531407535E-2,3.549259901E-3,-8.513034359E-3,5.607776682E-2
2.746201615E2,-5.792661130E-2,-5.050824881E-3,-1.050284185E-2,5.908733211E-2
2.746301505E2,-6.817531854E-2,-9.378933907E-4,-1.785966240E-2,7.048206327E-2
2.746401385E2,-6.658604532E-2,3.035874367E-2,-2.936764061E-2,7.885311068E-2
2.746501275E2,-4.047121078E-2,3.302741289E-2,-8.852757588E-3,5.298207453E-2
2.746601155E2,-3.726255119E-2,2.335319459E-2,-1.130266786E-2,4.540506271E-2
2.746701045E2,4.550595582E-3,1.382515669E-2,-3.080824837E-3,1.487731022E-2
2.746800935E2,-2.066990733E-4,2.502023578E-3,5.371325389E-3,5.929079433E-3
2.746900815E2,-1.602049381E-2,-2.232174575E-2,1.628332615E-2,3.193842929E-2
2.747000705E2,-3.762537092E-2,-1.587519050E-2,-1.899694584E-2,4.503969540E-2
2.747100585E2,-1.822255522E-2,1.140908718E-2,-2.868285857E-2,3.584599231E-2
2.747200475E2,-1.218588978E-2,1.728320003E-2,1.458938777E-2,2.569153846E-2
2.747300355E2,2.595228195E-2,-1.084424615E-2,3.127909541E-2,4.206543026E-2
2.747400245E2,3.959442079E-2,-1.716333210E-2,4.340746321E-2,6.120870844E-2
2.747500125E2,3.567707866E-2,-1.135003030E-2,2.981619515E-2,4.786107628E-2
2.747600015E2,3.459885210E-2,4.108253717E-3,3.199128628E-2,4.730117031E-2
2.747699895E2,3.426643789E-2,1.136581779E-2,-1.165934801E-3,3.612104627E-2
2.747799785E2,9.795548022E-3,8.624058366E-3,-3.012551285E-2,3.283098641E-2
2.747899665E2,-2.112569779E-2,-7.501392961E-3,-1.387032643E-3,2.246085179E-2
2.747999555E2,-4.429850578E-2,-2.060207963E-2,3.181988977E-2,5.830359067E-2
2.748099445E2,-4.632953614E-2,-2.185572267E-2,2.179893158E-2,5.567128479E-2
2.748199325E2,-3.679594338E-2,-8.374382257E-3,1.317377687E-2,3.997024048E-2
2.748299215E2,-2.812218368E-3,1.768314958E-2,-9.286036268E-3,2.017009719E-2
2.748399095E2,2.370490462E-2,6.341890097E-3,-2.151197948E-2,3.263291795E-2
2.748498985E2,1.120618880E-2,6.388083100E-3,-3.275683299E-3,1.330850759E-2
2.748598865E2,-9.460794926E-4,4.934465289E-3,-2.240068316E-3,5.501083544E-3
2.748698755E2,5.922644734E-3,-4.467857480E-3,2.188912489E-2,2.311218855E-2
2.748798635E2,8.496004343E-4,-9.955469370E-3,2.465069175E-2,2.659868032E-2
2.748898525E2,5.750736594E-4,-1.257736087E-2,4.499556698E-2,4.672388858E-2
2.748998405E2,-2.307340533E-2,-2.867299139E-2,3.901086867E-2,5.363180347E-2
2.749098295E2,-3.018303484E-2,-2.024013698E-2,4.121285699E-2,5.494705013E-2
2.749198175E2,-2.088362306E-2,4.559658766E-3,5.758337975E-2,6.142281191E-2
2.749298065E2,-4.564804316E-2,-1.920634925E-2,2.504596353E-2,5.549709888E-2
2.749397945E2,-5.233082592E-2,-1.914202988E-2,3.501013063E-2,6.580761276E-2
2.749497835E2,-5.810202777E-2,-4.763726592E-3,4.100418448E-2,7.127329000E-2
2.749597725E2,-8.332136124E-2,2.632416487E-3,-4.595180601E-4,8.336420103E-2
2.749697605E2,-8.670572966E-2,1.242357910E-2,9.926233292E-3,8.815190855E-2
2.749797495E2,-1.089760199E-1,4.887512147E-2,9.613991976E-3,1.198206128E-1
2.749897375E2,-1.440081507E-1,3.153052568E-2,-6.429086700E-3,1.475596648E-1
2.749997265E2,-1.354756013E-1,5.507492423E-3,-1.178031228E-2,1.360982982E-1
2.750097145E2,-1.256502324E-1,1.521211624E-2,5.347351804E-3,1.266806361E-1
2.750197028E2,-1.314109093E-1,1.519808292E-2,-6.224361062E-3,1.324331963E-1
2.750296908E2,-1.349274248E-1,3.168313801E-2,-2.735144757E-2,1.412704246E-1
2.750396798E2,-1.324148762E-1,3.152643263E-2,-3.918160737E-2,1.416432623E-1
2.750496678E2,-1.187019861E-1,5.715068579E-2,-2.759359539E-2,1.346022618E-1
2.750596568E2,-1.236048764E-1,7.689088583E-2,-3.435765445E-2,1.495687876E-1
2.750696458E2,-1.346736556E-1,3.947455287E-2,-1.522381067E-2,1.411630201E-1
2.750796338E2,-1.161566931E-1,2.163294375E-2,-2.853857853E-2,1.215516848E-1
2.750896228E2,-9.624224603E-2,1.530099392E-2,-2.534241736E-2,1.006922462E-1
2.750996108E2,-1.078878531E-1,-3.372673988E-3,-1.494716428E-2,1.089705533E-1
2.751095998E2,-5.166161209E-2,-1.294690490E-2,-1.256274283E-2,5.472080973E-2
2.751195878E2,-1.443063587E-2,-2.731526792E-2,-2.303642169E-2,3.853626652E-2
2.751295768E2,2.332512796E-2,-2.757839262E-2,-6.793879867E-3,3.675304256E-2
2.751395648E2,3.644686460E-2,-4.404122829E-2,2.767487168E-3,5.723340558E-2
2.751495538E2,6.613464028E-2,-3.354255259E-2,1.336965859E-2,7.535012442E-2
2.751595418E2,9.128176063E-2,-3.029325485E-2,1.282411337E-2,9.702834121E-2
2.751695308E2,1.239460614E-1,-1.927242279E-2,7.491525784E-3,1.256589646E-1
2.751795188E2,9.981781840E-2,-1.176284373E-2,1.681308389E-2,1.019050595E-1
2.751895078E2,1.059337136E-1,-2.359702349E-2,-6.180506945E-3,1.087058870E-1
2.751994958E2,1.303569487E-1,-5.740211606E-3,1.383093081E-2,1.312142475E-1
2.752094848E2,1.285153681E-1,9.984705448E-3,2.362107016E-2,1.310490333E-1
2.752194738E2,1.068239522E-1,6.190447211E-3,1.223822236E-2,1.077007543E-1
2.752294618E2,1.004575038E-1,-6.738331318E-3,7.759255171E-4,1.006862316E-1
2.752394508E2,9.188723981E-2,-3.253800094E-2,3.232574701E-2,1.026982973E-1
2.752494388E2,6.923921943E-2,-5.658818364E-2,3.328929506E-2,9.541734224E-2
2.752594278E2,9.914275736E-2,-7.650730848E-2,4.386281513E-2,1.326898683E-1
2.752694158E2,1.010176671E-1,-6.503097832E-2,5.075141989E-2,1.304197217E-1
2.752794048E2,1.200503540E-1,-6.575369418E-2,5.907851279E-2,1.490835553E-1
2.752893928E2,1.466160089E-1,-6.379604638E-2,5.727640092E-2,1.698433858E-1
2.752993818E2,1.875959274E-1,-4.148307145E-2,5.116379477E-2,1.988235678E-1
2.753093698E2,2.053445658E-1,-3.682108641E-2,5.777114846E-2,2.164709881E-1
2.753193588E2,2.241994974E-1,-4.357695937E-2,6.617871366E-2,2.377897983E-1
2.753293478E2,2.318081868E-1,-3.970551789E-2,7.076293074E-2,2.455991775E-1
2.753393358E2,2.067993531E-1,-4.190933347E-2,7.783696532E-2,2.249021072E-1
2.753493248E2,1.943316275E-1,-4.574452221E-2,6.653612472E-2,2.104385864E-1
2.753593128E2,1.961267227E-1,-5.714893162E-2,6.550928056E-2,2.145300855E-1
2.753693018E2,1.699572167E-1,-4.325945556E-2,6.382937551E-2,1.866307187E-1
2.753792898E2,1.289752516E-1,-4.058610857E-2,5.720162965E-2,1.468123775E-1
2.753892788E2,1.046859178E-1,-5.136428118E-2,6.636304714E-2,1.341696120E-1
2.753992668E2,6.500642002E-2,-2.190250039E-2,4.674673498E-2,8.301091132E-2
2.754092558E2,2.189957678E-2,3.202520013E-3,3.496452235E-2,4.138073731E-2
2.754192438E2,1.336936623E-2,-1.173887014E-2,2.361858509E-2,2.956989326E-2
2.754292328E2,7.849887013E-3,-1.777144253E-2,8.585320562E-3,2.124035369E-2
2.754392208E2,-2.369408727E-2,-3.556861281E-3,9.272953123E-4,2.397750842E-2
2.754492098E2,-3.724062413E-2,-1.496068597E-2,1.188563526E-2,4.185635598E-2
2.754591978E2,-6.205854625E-2,-1.658855081E-3,-1.140258215E-2,6.311920343E-2
2.754691868E2,-7.051917493E-2,4.698822498E-3,-2.403731883E-2,7.465136075E-2
2.754791758E2,-8.798071504E-2,1.467066407E-3,-3.220646381E-2,9.370173325E-2
2.754891638E2,-8.924166709E-2,4.213503599E-3,-5.636014223E-2,1.056328282E-1
2.754991528E2,-9.988126069E-2,-2.943488359E-3,-5.540002942E-2,1.142545125E-1
2.755091408E2,-1.147399127E-1,2.163762152E-2,-6.095305704E-2,1.317144996E-1
2.755191298E2,-1.305604318E-1,2.687029481E-2,-6.926604353E-2,1.502192527E-1
2.755291178E2,-1.282347018E-1,2.175515056E-2,-7.643414520E-2,1.508628644E-1
2.755391068E2,-1.344494149E-1,9.153816104E-3,-7.888537109E-2,1.561516548E-1
2.755490948E2,-1.492867246E-1,-6.659978628E-4,-7.638283588E-2,1.676940885E-1
2.755590838E2,-1.636816925E-1,-1.039927304E-2,-7.711366475E-2,1.812356439E-1
2.755690718E2,-1.419364822E-1,2.510618985E-2,-8.143132187E-2,1.655516413E-1
2.755790608E2,-1.316392431E-1,4.666136563E-2,-7.195875943E-2,1.571121778E-1
2.755890498E2,-1.235253543E-1,5.429549038E-2,-6.462350048E-2,1.496085233E-1
2.755990378E2,-1.304461187E-1,4.056505859E-2,-6.123613536E-2,1.497049703E-1
2.756090268E2,-1.295310295E-1,3.724442482E-2,-5.755063534E-2,1.465520740E-1
2.756190148E2,-1.431892481E-1,2.598327219E-2,-4.939727783E-2,1.536827325E-1
2.756290038E2,-1.518036586E-1,8.156865835E-4,-6.716872036E-2,1.660019672E-1
2.756389918E2,-1.727746975E-1,-2.222526670E-3,-5.843005657E-2,1.824009519E-1
2.756489808E2,-1.331864163E-1,5.450891376E-2,-4.715896368E-2,1.514391331E-1
2.756589688E2,-1.226421323E-1,5.125376880E-2,-2.603757821E-2,1.354473954E-1
2.756689578E2,-7.999721915E-2,1.566995323E-2,-2.060273744E-2,8.408076650E-2
2.756789458E2,-5.103069752E-2,-6.136068106E-3,6.810252070E-3,5.184749709E-2
2.756889348E2,-4.155820817E-2,-1.142019689E-2,2.284280576E-2,4.877806206E-2
2.756989228E2,-1.984808117E-2,6.771075726E-4,1.838832378E-2,2.706538846E-2
2.757089118E2,-1.940749347E-2,2.873321772E-2,1.103362285E-2,3.638666564E-2
2.757189008E2,-2.857037276E-2,4.146085203E-2,-3.181470037E-3,5.045186024E-2
2.757288888E2,-1.956683010E-2,3.152584791E-2,-5.473066941E-3,3.750592471E-2
2.757388778E2,-1.022034824E-2,2.514302731E-2,3.643575490E-2,4.543337512E-2
2.757488658E2,-2.539621174E-2,1.220606267E-2,4.732853293E-2,5.508126330E-2
2.757588548E2,-3.198690087E-2,-1.843276262E-2,3.782980420E-2,5.285851540E-2
2.757688428E2,-2.607945889E-2,-1.570152819E-2,2.148325503E-2,3.725864209E-2
2.757788318E2,-2.576897174E-2,-3.318294883E-3,2.361339569E-2,3.510902222E-2
2.757888198E2,-3.523122847E-2,-5.725008845E-3,1.704273328E-2,3.955338094E-2
2.757988088E2,-3.076307863E-2,-1.632133305E-2,1.918880761E-2,3.976132866E-2
2.758087968E2,-3.693101406E-2,-2.373267889E-2,2.710593760E-2,5.159333000E-2
2.758187858E2,-5.491968066E-2,-2.008343160E-2,1.706334472E-2,6.091529595E-2
2.758287738E2,-3.494734615E-2,-5.147888660E-3,2.564121008E-2,4.364962102E-2
2.758387628E2,-2.176538318E-2,9.185975790E-4,1.731419027E-2,2.782726920E-2
2.758487508E2,-3.391794384E-2,5.139117837E-3,1.506118499E-2,3.746567415E-2
2.758587398E2,-2.018663496E-2,9.494708776E-3,2.367237948E-2,3.252739270E-2
2.758687288E2,-1.659410566E-2,6.059469581E-3,9.327916950E-3,1.997727581E-2
2.758787168E2,-1.640845656E-2,1.162251055E-2,2.479277909E-2,3.192181219E-2
2.758887058E2,-1.647599190E-2,7.445259690E-3,1.819134571E-2,2.564790946E-2
2.758986938E2,-1.290158898E-2,2.966292500E-3,2.225274861E-2,2.589275400E-2
2.759086828E2,-1.164326817E-2,9.541486502E-3,2.819885530E-2,3.196531086E-2
2.759186708E2,-4.366700649E-3,1.475778759E-2,2.891572393E-2,3.275636518E-2
2.759286598E2,2.467525005E-2,-1.094598770E-3,1.828541279E-2,3.073145673E-2
2.759386478E2,2.279741675E-2,-3.833434582E-3,4.180101380E-3,2.349235362E-2
2.759486368E2,2.872824758E-2,6.522569060E-3,1.562726855E-2,3.334767816E-2
2.759586248E2,2.957229316E-2,1.666807294E-2,3.713055030E-3,3.414867429E-2
2.759686138E2,2.181859285E-2,1.097054601E-2,-1.032274760E-2,2.651344926E-2
2.759786028E2,1.695107818E-2,7.973263264E-3,-3.151064515E-3,1.899582022E-2
2.759885908E2,2.074182808E-2,1.220547795E-2,-2.405200996E-2,3.402493655E-2
2.759985798E2,1.951303571E-2,1.057936728E-2,-8.206567168E-3,2.366493861E-2
2.760085678E2,2.669838667E-3,-1.067701578E-3,4.997615218E-3,5.765776881E-3
2.760185571E2,-6.531047523E-3,-1.130851507E-2,1.195455931E-2,1.770447918E-2
2.760285451E2,-7.720078826E-3,-9.244447947E-3,9.670125246E-3,1.544573589E-2
2.760385341E2,-9.325431883E-3,-1.602137089E-4,4.660742506E-3,1.042649840E-2
2.760485221E2,-1.518843502E-2,-7.510163784E-3,6.003921032E-3,1.797604479E-2
2.760585111E2,-2.164990067E-2,-1.616755128E-3,2.300119221E-2,3.162889406E-2
2.760684991E2,-2.362713665E-2,3.828756809E-3,1.587862574E-2,2.872336540E-2
2.760784881E2,-1.896076620E-2,-1.544658959E-2,2.985705256E-2,3.859470654E-2
2.760884761E2,-8.885136545E-3,-3.255320370E-2,3.489150524E-2,4.853940524E-2
2.760984651E2,-4.395936728E-3,-4.017329514E-2,2.192062676E-2,4.597533882E-2
2.761084541E2,-3.821447790E-3,-3.770635486E-2,2.786432147E-2,4.704033451E-2
2.761184421E2,2.612535954E-2,-3.352325678E-2,2.262748204E-2,4.814920663E-2
2.761284311E2,3.922896981E-2,-1.449641705E-2,2.123650253E-2,4.690466096E-2
2.761384191E2,7.626815736E-2,-1.562317550E-2,1.780952252E-2,7.986297348E-2
2.761484081E2,7.045105487E-2,-1.909115911E-3,2.385890566E-2,7.440593548E-2
2.761583961E2,6.289148211E-2,1.259197891E-2,1.690839350E-2,6.633091456E-2
2.761683851E2,4.660640180E-2,8.994771838E-3,5.300500989E-3,4.776146899E-2
2.761783731E2,3.789317340E-2,7.682656646E-3,-4.495339394E-3,3.892459222E-2
2.761883621E2,7.173071802E-3,7.963907719E-4,1.432567835E-4,7.218567714E-3
2.761983501E2,2.053834498E-3,-7.407252789E-3,-2.033069573E-2,2.173528972E-2
2.762083391E2,1.029840857E-2,-9.700530767E-4,6.060639024E-3,1.198872668E-2
2.762183271E2,-3.993355930E-3,-2.069095731E-2,1.380052529E-2,2.518962295E-2
2.762283161E2,-1.457944751E-2,-1.989281237E-2,2.316900730E-2,3.383913671E-2
2.762383051E2,-1.504780948E-2,-1.838364601E-2,1.589273214E-2,2.858275609E-2
2.762482931E2,-2.042724788E-2,-3.799754620E-2,1.184638582E-2,4.473726444E-2
2.762582821E2,-1.269108921E-2,-2.705974460E-2,1.312349081E-2,3.264229670E-2
2.762682701E2,1.615878046E-3,-5.454282761E-3,5.033283234E-3,7.595669977E-3
2.762782591E2,-6.958186626E-4,-3.400740623E-3,1.684641302E-2,1.720031488E-2
2.762882471E2,1.142926008E-2,-9.614576697E-3,1.769879088E-3,1.503996486E-2
2.762982361E2,1.315360397E-2,-4.432189465E-4,7.631785870E-3,1.521374037E-2
2.763082241E2,1.407746404E-2,-8.166221380E-3,1.035541892E-2,1.928981251E-2
2.763182131E2,1.750977963E-2,-7.207278013E-3,2.028114058E-2,2.774638539E-2
2.763282011E2,2.826690227E-2,-1.745452344E-2,1.750597894E-2,3.755179691E-2
2.763381901E2,2.084912449E-2,-1.928704083E-2,7.780305147E-3,2.944841395E-2
2.763481781E2,2.583212167E-2,-1.318547130E-2,7.711892724E-3,3.001047238E-2
2.763581671E2,2.864638656E-2,-1.995362341E-2,2.161891043E-2,4.106263312E-2
2.763681561E2,1.845995218E-2,-2.607507348E-2,1.700370312E-3,3.199328915E-2
2.763781441E2,2.799091369E-2,-2.124936640E-2,4.727985486E-3,3.545956385E-2
2.763881331E2,1.287264526E-2,-2.374554276E-3,6.234301329E-3,1.449862121E-2
2.763981211E2,-1.843042374E-3,2.845255136E-3,-9.404661655E-3,9.996996691E-3
2.764081101E2,-5.081815124E-3,-1.178798676E-3,1.302233398E-2,1.402838528E-2
2.764180981E2,-1.258437753E-2,5.089416504E-3,1.995479286E-2,2.413425939E-2
2.764280871E2,1.674233258E-2,7.468648553E-3,1.691709124E-2,2.494542818E-2
2.764380751E2,2.309942544E-3,1.045482159E-3,1.982432686E-2,1.998581504E-2
2.764480641E2,-2.147126824E-2,7.092087865E-3,-1.013249382E-3,2.263492311E-2
2.764580521E2,-2.017435580E-2,-7.291477919E-3,1.799882613E-2,2.800228606E-2
2.764680411E2,-2.659547567E-2,-6.730729938E-3,1.306852698E-2,3.038763645E-2
2.764780291E2,-2.682088584E-2,-3.725261092E-3,1.143481493E-2,2.939374899E-2
2.764880181E2,-3.302390456E-2,-4.928033352E-3,-4.534954280E-3,3.369613621E-2
2.764980071E2,-5.070500761E-2,-3.106625676E-3,-2.717785835E-2,5.761323550E-2
2.765079951E2,-2.840343475E-2,-7.141789198E-3,-3.002121314E-2,4.194083329E-2
2.765179841E2,-3.857057333E-2,-6.493917704E-3,-3.265684560E-2,5.095419177E-2
2.765279721E2,-5.698287070E-2,-1.898064673E-2,-3.654992178E-2,7.030796033E-2
2.765379611E2,-7.002917826E-2,-1.414324522E-2,-4.414413929E-2,8.398108255E-2
2.765479491E2,-1.048052010E-1,1.048347294E-2,-5.526620127E-2,1.189469897E-1
2.765579381E2,-1.033866665E-1,3.171471298E-2,-5.120640635E-2,1.196525047E-1
2.765679261E2,-9.726638585E-2,3.579373062E-2,-4.655618884E-2,1.136196272E-1
2.765779151E2,-1.003873372E-1,2.117861509E-3,-1.693119764E-2,1.018271489E-1
2.765879031E2,-9.135251194E-2,9.879455566E-3,-3.249246575E-2,9.746099431E-2
2.765978921E2,-8.520708829E-2,3.346419990E-2,-2.758840598E-2,9.560973128E-2
2.766078801E2,-5.058513969E-2,4.963292062E-2,-1.604475975E-2,7.266166446E-2
2.766178691E2,-3.192258149E-2,2.298248112E-2,-3.087095976E-2,5.000261797E-2
2.766278581E2,-1.841872931E-2,2.076814055E-2,-2.050150752E-2,3.450908666E-2
2.766378461E2,-1.984194160E-2,1.554716170E-2,-2.010857463E-3,2.528755486E-2
2.766478351E2,-1.497735053E-2,-6.828378439E-3,3.337758802E-2,3.721573811E-2
2.766578231E2,-2.898991048E-2,-4.595853031E-2,4.854066074E-2,7.286149300E-2
2.766678121E2,-1.769572109E-2,-5.656771839E-2,5.404654518E-2,8.021268200E-2
2.766778001E2,-1.067701578E-3,-2.320584476E-2,3.677540503E-2,4.349806471E-2
2.766877891E2,3.259588838E-2,4.765480757E-3,2.298416220E-2,4.016806515E-2
2.766977771E2,7.994781017E-2,3.137615919E-3,1.571673095E-2,8.153841191E-2
2.767077661E2,7.076651216E-2,3.001960516E-3,4.680696130E-3,7.098464570E-2
2.767177541E2,8.459780842E-2,4.985920787E-3,-1.045716047E-2,8.538735738E-2
2.767277431E2,8.292141169E-2,-8.705919385E-3,-1.554847732E-3,8.339167285E-2
2.767377321E2,5.991524935E-2,-3.166150331E-2,-3.825906292E-3,6.787433576E-2
2.767477201E2,2.366514355E-2,-3.093527913E-2,-1.143189132E-2,4.059210087E-2
2.767577091E2,1.254520118E-3,-4.878916740E-2,-3.401325345E-3,4.892367209E-2
2.767676971E2,1.768607318E-2,-4.596964002E-2,5.271118730E-3,4.953574145E-2
2.767776861E2,2.573125720E-2,-3.954062641E-2,2.046817839E-2,5.142475144E-2
2.767876741E2,3.058093786E-2,-3.836358190E-2,6.033157110E-3,4.943032633E-2
2.767976631E2,2.776813477E-2,-1.004083872E-2,-2.520880848E-3,2.963515803E-2
2.768076511E2,2.615225673E-2,4.019960761E-3,-2.156811275E-2,3.413625791E-2
2.768176401E2,3.416528106E-2,1.281417310E-2,-2.481339052E-2,4.412679244E-2
2.768276281E2,2.272666544E-2,2.343564034E-2,-5.393296301E-2,6.304359650E-2
2.768376171E2,1.678823322E-2,1.608919859E-2,-4.544521786E-2,5.104875035E-2
2.768476051E2,2.321636975E-3,1.633302748E-2,-5.133562982E-2,5.392128220E-2
2.768575941E2,-5.125961602E-3,1.072262406E-2,-4.211106241E-2,4.375604788E-2
2.768675831E2,-2.371279836E-2,2.398527861E-2,-5.288053729E-2,6.272114173E-2
2.768775711E2,-2.190366983E-2,1.893796206E-2,-5.341563061E-2,6.075892323E-2
2.768875601E2,-2.991143167E-2,1.830353916E-2,-3.717718184E-2,5.110632192E-2
2.768975481E2,-1.923266172E-2,2.113534570E-2,-4.266596317E-2,5.135155819E-2
2.769075371E2,-3.892783821E-3,1.867600679E-2,-3.981551863E-2,4.415000022E-2
2.769175251E2,6.797095835E-3,3.957980275E-3,-4.942183614E-2,5.004382087E-2
2.769275141E2,5.925568342E-3,4.331617355E-3,-4.991541423E-2,5.045219368E-2
2.769375021E2,1.066093594E-2,1.843627095E-3,-2.233870268E-2,2.482080082E-2
2.769474911E2,2.780380279E-2,-4.359683990E-3,-4.174911976E-4,2.814662667E-2
2.769574791E2,1.875377476E-2,-1.844855011E-2,-1.087238587E-2,2.846509869E-2
2.769674681E2,1.309922487E-2,-2.641713560E-2,-3.083236814E-3,2.964727803E-2
2.769774561E2,2.436739415E-2,-2.473723054E-2,2.216036260E-2,4.119201552E-2
2.769874451E2,1.427188396E-2,-3.927925587E-2,2.704454184E-2,4.977905038E-2
2.769974341E2,2.619991153E-2,-3.019619107E-2,1.455255032E-2,4.254435380E-2
2.770074221E2,2.900803685E-2,-2.698139191E-2,1.499927759E-2,4.236083143E-2
2.770174116E2,2.359351516E-2,-2.285618126E-2,5.721061975E-3,3.334350806E-2
2.770273996E2,2.810288787E-2,-1.039576471E-2,1.028408289E-2,3.167975049E-2
2.770373886E2,4.134449244E-2,7.139450312E-4,1.588337660E-2,4.429625745E-2
2.770473766E2,3.770664722E-2,-1.215343773E-2,4.307059050E-3,3.985032059E-2
2.770573656E2,3.499529332E-2,-1.550213814E-2,1.686044633E-2,4.182417354E-2
2.770673536E2,4.245341688E-2,-7.614828944E-3,2.648554802E-2,5.061385659E-2
2.770773426E2,5.163880795E-2,6.978651881E-3,2.787177667E-2,5.909402680E-2
2.770873306E2,5.090556711E-2,4.021714926E-3,3.663558349E-2,6.284677344E-2
2.770973196E2,3.747422040E-2,1.704229474E-2,3.903535388E-2,5.673196504E-2
2.771073076E2,4.666779757E-2,1.513727188E-2,4.664265454E-2,6.769459027E-2
2.771172966E2,3.916318864E-2,-8.783687353E-3,4.119304955E-2,5.751326663E-2
2.771272856E2,4.515366107E-2,-7.038293481E-3,2.202470720E-2,5.072946294E-2
2.771372736E2,4.553636134E-2,-3.989555240E-3,4.419457152E-2,6.358173407E-2
2.771472626E2,3.760636747E-2,-1.200257957E-2,4.948206246E-2,6.329909396E-2
2.771572506E2,3.032863051E-2,-3.050492406E-3,5.070939302E-2,5.916564775E-2
2.771672396E2,4.964286089E-3,-5.929076672E-3,5.526261985E-2,5.580103260E-2
2.771772276E2,1.462680995E-3,-1.660316885E-2,3.864132464E-2,4.208273543E-2
2.771872166E2,7.839946747E-3,5.467146635E-4,5.045386970E-2,5.106228187E-2
2.771972046E2,-1.263875663E-3,4.790039062E-3,4.309704915E-2,4.338084256E-2
2.772071936E2,-1.771121621E-3,-8.332867026E-3,1.706159055E-2,1.907017087E-2
2.772171816E2,-5.473870933E-3,1.030922592E-2,2.436066985E-2,2.701269401E-2
2.772271706E2,-2.692350447E-3,2.974361658E-2,2.198202252E-2,3.708289083E-2
2.772371586E2,-2.931998581E-2,1.920459509E-2,-1.067394599E-2,3.663892961E-2
2.772471476E2,-5.435220838E-2,2.396949112E-2,-2.028983831E-3,5.943749520E-2
2.772571366E2,-5.616133690E-2,2.918228388E-2,2.634755373E-3,6.334542912E-2
2.772671246E2,-6.078736156E-2,1.578105032E-2,-9.508815184E-3,6.351820559E-2
2.772771136E2,-7.859447211E-2,3.108438313E-2,-1.088152215E-2,8.521582861E-2
2.772871016E2,-4.376348555E-2,2.457175434E-2,1.350399837E-2,5.197472223E-2
2.772970906E2,-3.120103508E-2,2.154932857E-2,-4.421152845E-3,3.817623272E-2
2.773070786E2,-1.489168882E-2,3.217722774E-3,-1.023628190E-2,1.835477058E-2
2.773170676E2,1.034957170E-3,-2.701413631E-3,-5.019249916E-3,5.793241034E-3
2.773270556E2,1.093195438E-2,-8.831634521E-3,-5.822364986E-4,1.406571699E-2
2.773370446E2,2.386073291E-2,-2.298482001E-2,1.390000105E-2,3.592835308E-2
2.773470326E2,3.261606127E-2,-1.813046157E-2,2.063146189E-2,4.264010213E-2
2.773570216E2,3.774026871E-2,-3.869102597E-3,1.088590756E-2,3.946898555E-2
2.773670106E2,4.946539789E-2,2.655805349E-3,2.403081380E-2,5.505777786E-2
2.773769986E2,4.732063919E-2,1.985714436E-3,3.305657588E-2,5.775745116E-2
2.773869876E2,5.334911853E-2,5.088831782E-3,4.829968236E-2,7.214488182E-2
2.773969756E2,3.253712386E-2,-1.647686899E-2,3.506275557E-2,5.059198028E-2
2.774069646E2,2.355258465E-2,-2.186741710E-2,3.822675705E-2,4.994189753E-2
2.774169526E2,2.447235167E-2,-1.927827001E-3,4.066636160E-2,4.750121555E-2
2.774269416E2,2.734304219E-2,9.822737575E-3,4.915417984E-2,5.709869986E-2
2.774369296E2,2.483634084E-2,2.365315676E-2,3.134823874E-2,4.646533894E-2
2.774469186E2,2.476529717E-2,6.975143552E-3,3.813729465E-2,4.600462819E-2
2.774569066E2,1.766970098E-2,-1.504956365E-2,3.137550138E-2,3.902729539E-2
2.774668956E2,-1.452857673E-2,-2.569792807E-2,4.075041533E-2,5.031957271E-2
2.774768836E2,-3.728827894E-2,-2.501380384E-2,2.885250092E-2,5.337202392E-2
2.774868726E2,-3.814284950E-2,1.411517859E-2,1.688515082E-2,4.403661605E-2
2.774968616E2,-2.910451591E-2,3.346653879E-2,2.024240278E-2,4.875281464E-2
2.775068496E2,-1.304279923E-2,9.563705921E-3,3.785838246E-2,4.116838843E-2
2.775168386E2,1.834973216E-2,-1.247269571E-2,4.244961619E-2,4.789833738E-2
2.775268266E2,1.491332352E-2,-4.251568973E-2,4.453429475E-2,6.335056828E-2
2.775368156E2,2.038339376E-2,-2.587919176E-2,4.034578800E-2,5.208644658E-2
2.775468036E2,1.846521467E-2,-1.304513812E-2,1.304981589E-2,2.610435742E-2
2.775567926E2,-5.724424124E-3,1.160555363E-2,6.141476780E-3,1.432395349E-2
2.775667806E2,-8.965828121E-3,1.872044563E-2,-9.165510535E-5,2.075691594E-2
2.775767696E2,-1.795796871E-2,2.669780195E-2,1.354872957E-2,3.491173645E-2
2.775867576E2,-3.344051868E-2,3.533472419E-2,3.575565062E-2,6.037613415E-2
2.775967466E2,-5.915481895E-2,4.034169495E-2,5.105839871E-2,8.794148643E-2
2.776067346E2,-4.933617443E-2,-9.712225199E-4,4.339620732E-2,6.571325734E-2
2.776167236E2,-3.391823620E-2,-1.069514215E-2,4.524224639E-2,5.754731680E-2
2.776267126E2,-1.188826650E-2,-1.114420831E-2,2.526114106E-2,3.006076358E-2
2.776367006E2,1.076384693E-2,-1.983667910E-2,2.951864496E-2,3.715783415E-2
2.776466896E2,2.407240212E-2,-2.503426909E-2,3.267416798E-2,4.768434152E-2
2.776566776E2,3.094024926E-2,-2.257960796E-2,3.178721845E-2,4.977514417E-2
2.776666666E2,3.629951477E-2,-3.019502163E-2,5.461167857E-2,7.219300202E-2
2.776766546E2,3.031985968E-2,-3.915763378E-2,4.087664209E-2,6.421459369E-2
2.776866436E2,3.599253595E-2,-3.191351831E-2,2.963537000E-2,5.649947301E-2
2.776966316E2,6.641530663E-2,-5.770032406E-3,5.509831309E-2,8.648763110E-2
2.777066206E2,7.256073028E-2,-9.994645715E-3,4.230913684E-2,8.458732518E-2
2.777166086E2,6.296661884E-2,-2.316549897E-2,3.152635954E-2,7.413060620E-2
2.777265976E2,4.516447842E-2,-1.265454412E-2,1.881860577E-2,5.053817884E-2
2.777365856E2,2.990353793E-2,-2.330290854E-2,2.258362792E-2,4.412785263E-2
2.777465746E2,3.432578713E-2,1.805620193E-3,2.921268940E-3,3.449715551E-2
2.777565636E2,3.309407115E-2,4.070246816E-3,5.693287700E-3,3.382599561E-2
2.777665516E2,1.340328008E-2,3.536396027E-3,-7.148805857E-3,1.559677656E-2
2.777765406E2,1.078109622E-2,-1.699200869E-3,-6.263683587E-3,1.258384088E-2
2.777865286E2,-2.202880025E-2,-6.244826317E-4,-3.676802292E-3,2.234226699E-2
2.777965176E2,-2.878876626E-2,6.783354878E-3,-1.477313653E-2,3.306134494E-2
2.778065056E2,-3.851034701E-2,1.173594654E-2,-1.773292400E-2,4.399131575E-2
2.778164946E2,-4.990569323E-2,1.249491513E-2,-2.662398085E-2,5.792700128E-2
2.778264826E2,-5.715828717E-2,1.350765288E-2,-1.899175644E-2,6.172692517E-2
2.778364716E2,-6.755872965E-2,1.667158127E-2,-1.809194304E-2,7.189883154E-2
2.778464596E2,-6.690822691E-2,-7.932917476E-3,-2.449530199E-2,7.169143482E-2
2.778564486E2,-5.691124231E-2,-6.509120464E-3,-1.827262200E-2,6.012609138E-2
2.778664376E2,-6.133202970E-2,-5.901010036E-3,-2.802102685E-2,6.768764830E-2
2.778764256E2,-4.769193739E-2,-4.507618546E-3,-1.905490637E-2,5.155510618E-2
2.778864146E2,-4.057061344E-2,8.421159983E-3,-2.074540950E-2,4.633856521E-2
2.778964026E2,-6.612206876E-2,4.948498607E-3,-9.933323041E-3,6.704689793E-2
2.779063916E2,-4.838512480E-2,4.467857480E-3,-6.529000998E-3,4.902764431E-2
2.779163796E2,-3.156677842E-2,2.179841995E-2,5.174639672E-3,3.870929485E-2
2.779263686E2,-2.381600171E-2,6.986253262E-3,2.586150393E-3,2.495391444E-2
2.779363566E2,-1.142809063E-2,-1.086529613E-2,-1.903268695E-3,1.588327256E-2
2.779463456E2,7.035954595E-3,-1.914670765E-2,1.206163645E-2,2.369776666E-2
2.779563336E2,2.457380086E-2,-1.739254296E-2,2.045414507E-2,3.639703683E-2
2.779663226E2,2.639783978E-2,-1.039517999E-2,1.796440065E-2,3.358013405E-2
2.779763106E2,4.355883300E-2,-5.981701612E-4,1.590851963E-2,4.637683405E-2
2.779862996E2,4.818895072E-2,-2.131134689E-2,1.165876329E-2,5.396550045E-2
2.779962886E2,5.384759367E-2,-2.618558586E-2,7.937595248E-5,5.987699517E-2
2.780062766E2,6.698541015E-2,-3.059321702E-2,6.901980266E-3,7.396368996E-2
2.780162656E2,5.142041445E-2,-2.917000473E-2,1.063959360E-2,6.006787119E-2
2.780262530E2,7.515455514E-2,-1.470750153E-2,1.504890583E-2,7.804477770E-2
2.780362420E2,6.646003783E-2,-1.741066933E-2,1.568223238E-2,7.046985488E-2
2.780462300E2,5.787837178E-2,-1.067233801E-2,1.914100662E-2,6.188847108E-2
2.780562190E2,5.628325135E-2,-1.380586088E-2,2.415601730E-2,6.278470633E-2
2.780662070E2,4.092086166E-2,-2.157213271E-2,2.296683982E-2,5.164638961E-2
2.780761960E2,2.343914866E-2,-2.253633857E-2,1.595719770E-2,3.622033137E-2
2.780861840E2,4.585006446E-2,-2.603823602E-2,3.317081586E-2,6.229382931E-2
2.780961730E2,2.491060048E-2,-3.125453711E-2,3.010965228E-2,5.003973688E-2
2.781061620E2,2.442586631E-2,-2.145051062E-2,1.799246728E-2,3.715476052E-2
2.781161500E2,5.492874384E-3,-1.494840682E-2,4.594800532E-2,4.862967950E-2
2.781261390E2,6.293358207E-3,-4.134566188E-3,1.357489586E-2,1.552349164E-2
2.781361270E2,1.371756792E-3,4.868976474E-3,1.301195517E-2,1.396064562E-2
2.781461160E2,-7.753407955E-4,4.653798938E-3,1.304513812E-2,1.387208083E-2
2.781561040E2,-1.238264859E-2,3.997156620E-3,5.582921505E-3,1.415896393E-2
2.781660930E2,-3.379690647E-3,1.288726330E-2,-7.086240649E-3,1.509035025E-2
2.781760810E2,1.263963372E-2,4.126497030E-2,-9.995888248E-3,4.429984082E-2
2.781860700E2,3.610655665E-4,4.467389703E-2,-1.223120570E-2,4.631943261E-2
2.781960580E2,-7.780889869E-3,2.244219840E-2,-1.289194107E-2,2.702585171E-2
2.782060470E2,-2.035795838E-2,2.791226864E-2,-2.032886848E-2,4.008496106E-2
2.782160350E2,-3.226405889E-2,1.631373167E-2,-4.376714006E-3,3.641789344E-2
2.782260240E2,-4.224788725E-2,1.378188729E-3,-8.912983909E-3,4.319982250E-2
2.782360130E2,-4.717592061E-2,-5.370082855E-3,7.779135704E-3,4.811361790E-2
2.782460010E2,-1.387105733E-2,2.646449804E-3,1.765625238E-2,2.260869692E-2
2.782559900E2,-1.221921891E-2,7.442920804E-3,4.553665370E-3,1.501473440E-2
2.782659780E2,-1.408418834E-2,2.524184525E-2,-1.103018761E-2,3.093832820E-2
2.782759670E2,-7.446429133E-3,3.255846620E-2,7.092234045E-3,3.414385467E-2
2.782859550E2,-8.179669976E-3,2.562834620E-3,1.458763361E-2,1.691963878E-2
2.782959440E2,-6.490117013E-3,-1.416312575E-2,2.177386165E-2,2.677343461E-2
2.783059320E2,-1.331118643E-2,-2.439692259E-2,2.105743155E-2,3.486850928E-2
2.783159210E2,-7.891694605E-3,1.755918860E-3,1.435140610E-2,1.647194438E-2
2.783259090E2,7.535599172E-3,1.656106889E-2,3.927574754E-3,1.861397596E-2
2.783358980E2,6.345106065E-3,1.644412458E-2,1.473498344E-4,1.762643799E-2
2.783458860E2,2.126047611E-3,6.481638551E-3,7.482097149E-3,1.012489479E-2
2.783558750E2,2.543334156E-2,-8.830465078E-3,-3.634483069E-3,2.716691819E-2
2.783658640E2,1.643038362E-2,-2.375665247E-2,-1.159152031E-2,3.112393590E-2
2.783758520E2,-1.970570147E-2,-3.179715872E-2,-7.095596194E-3,3.807520792E-2
2.783858410E2,-2.468402088E-2,-8.901801109E-3,-2.358415961E-2,3.528109316E-2
2.783958290E2,-5.247846812E-2,2.148676336E-2,-1.787559606E-2,5.945761137E-2
2.784058180E2,-2.203113914E-2,2.087572932E-2,-5.180633068E-3,3.078970811E-2
2.784158060E2,4.594449699E-3,1.429995060E-2,6.144181117E-3,1.622801642E-2
2.784257950E2,1.352227092E-2,4.502356052E-4,2.324904107E-2,2.689930173E-2
2.784357830E2,-3.622350097E-4,-4.870145917E-3,1.963319600E-2,2.023145868E-2
2.784457720E2,9.909568727E-3,6.334873438E-3,3.430269063E-2,3.626299433E-2
2.784557600E2,-1.088546902E-2,2.233227074E-2,2.327016413E-2,3.404003953E-2
2.784657490E2,-2.966584861E-3,1.597751677E-2,2.733624481E-2,3.180176014E-2
2.784757380E2,6.516721845E-3,1.018409550E-2,3.233619891E-2,3.452264800E-2
2.784857260E2,5.944864154E-3,2.842916250E-3,3.999568596E-2,4.053490445E-2
2.784957150E2,2.911474854E-2,-1.003323734E-2,5.976088285E-2,6.722869591E-2
2.785057030E2,2.443931490E-2,-1.828599751E-2,3.656731725E-2,4.763220033E-2
2.785156920E2,3.066133708E-2,-8.249251842E-3,3.567320488E-2,4.775714914E-2
2.785256800E2,3.801801145E-2,-1.417072713E-2,1.488628015E-2,4.321782085E-2
2.785356690E2,-4.282208383E-3,-4.311736822E-3,-1.955893636E-3,6.383878365E-3
2.785456570E2,1.758286983E-2,1.408886611E-2,-1.169837818E-2,2.538711310E-2
2.785556460E2,-7.421870828E-3,-2.051787972E-3,-2.325788498E-2,2.449945334E-2
2.785656340E2,-5.252875417E-2,-1.877950251E-2,-3.403664231E-3,5.588850204E-2
2.785756230E2,-6.591127664E-2,-2.080614746E-2,-7.436488867E-3,6.951613861E-2
2.785856110E2,-9.210183263E-2,-2.832975984E-2,-1.303117789E-2,9.723751572E-2
2.785956000E2,-7.974578887E-2,-1.210782945E-2,-2.170435287E-2,8.352885316E-2
2.786055890E2,-8.692178428E-2,9.272514582E-3,-9.236919656E-3,8.790163135E-2
2.786155770E2,-9.552011490E-2,3.041195333E-2,-1.779841281E-2,1.018123900E-1
2.786255660E2,-7.544516176E-2,3.523649096E-2,-2.147989288E-2,8.599400285E-2
2.786355540E2,-7.415351182E-2,4.736244678E-2,-2.938993312E-2,9.276698146E-2
2.786455430E2,-7.263615936E-2,6.081279695E-2,-2.229024388E-2,9.731938600E-2
2.786555310E2,-7.428039640E-2,6.976254523E-2,-1.604607537E-2,1.031594229E-1
2.786655200E2,-6.431674093E-2,4.303024471E-2,-2.585931122E-4,7.738418439E-2
2.786755080E2,-7.264990032E-2,2.551958799E-2,7.492622137E-3,7.736534608E-2
2.786854970E2,-8.347982079E-2,2.147623837E-2,1.585764885E-3,8.621266696E-2
2.786954850E2,-8.257350236E-2,-8.962027431E-3,4.576615691E-3,8.318441344E-2
2.787054740E2,-6.777186066E-2,-3.122997880E-3,-7.066360116E-3,6.821078843E-2
2.787154620E2,-5.718313783E-2,9.630364180E-4,-1.723393723E-2,5.973145975E-2
2.787254510E2,-4.662628233E-2,-1.742060959E-2,-2.736204565E-2,5.679937838E-2
2.787354400E2,-5.777955383E-2,-4.387926042E-2,7.884970307E-3,7.297971700E-2
2.787454280E2,-2.143735439E-2,-4.937622786E-2,1.738486849E-2,5.656682502E-2
2.787554170E2,4.785653651E-3,-5.949658871E-2,3.077448070E-2,6.715515774E-2
2.787654050E2,3.196205020E-2,-5.360961199E-2,2.715388477E-2,6.806538480E-2
2.787753940E2,2.121662199E-2,-1.454261005E-2,2.300813578E-2,3.451096736E-2
2.787853820E2,4.593426436E-2,-5.575904846E-3,3.431730866E-3,4.639853590E-2
2.787953710E2,5.175078213E-2,2.249423862E-3,-6.835395098E-3,5.224869362E-2
2.788053590E2,5.387390614E-2,1.451863647E-3,-1.510496601E-2,5.597022127E-2
2.788153480E2,4.142284513E-2,1.141961217E-2,-2.212805673E-2,4.833125837E-2
2.788253360E2,1.816028237E-2,3.244853854E-2,-2.936530173E-2,4.738168903E-2
2.788353250E2,2.492434144E-2,2.157271743E-2,-3.873553790E-2,5.086302026E-2
2.788453140E2,2.254920244E-2,5.550177097E-3,-7.539399862E-3,2.441543665E-2
2.788553020E2,2.792864084E-2,-2.327191830E-4,-5.592350140E-3,2.848398704E-2
2.788652910E2,3.629951477E-2,6.291019320E-3,1.025777042E-2,3.824203905E-2
2.788752790E2,3.544143587E-2,1.515422881E-2,1.685744964E-2,4.207041283E-2
2.788852680E2,3.610275596E-2,1.185756862E-2,3.628021896E-2,5.253822617E-2
2.788952560E2,4.883419096E-2,-1.052498817E-3,3.670765042E-2,6.110104386E-2
2.789052450E2,4.776239634E-2,-7.630031705E-3,2.976225458E-2,5.679133460E-2
2.789152330E2,3.886176467E-2,-1.472328901E-3,2.666907750E-2,4.715553202E-2
2.789252220E2,4.742238075E-2,-1.190668523E-2,4.920833968E-2,6.936938837E-2
2.789352100E2,4.521505684E-2,-2.363386095E-2,3.989072844E-2,6.476288261E-2
2.789451990E2,6.007253945E-2,-2.061611295E-2,5.705128312E-2,8.537319846E-2
2.789551870E2,4.728117049E-2,-1.350648344E-2,5.230334401E-2,7.178839720E-2
2.789651760E2,3.447196752E-2,-1.772992730E-2,3.842278495E-2,5.458000797E-2
2.789751650E2,2.457730919E-2,-1.773109674E-2,4.519714974E-2,5.441707695E-2
2.789851530E2,5.836544484E-2,-1.113719165E-2,4.329146907E-2,7.351675648E-2
2.789951420E2,6.220268011E-2,-1.327201009E-2,4.516623259E-2,7.800838564E-2
2.790051300E2,4.844535112E-2,-1.612837493E-2,6.481697023E-2,8.251252119E-2
2.790151190E2,4.396696866E-2,-3.006696761E-2,6.212842047E-2,8.183555159E-2
2.790251070E2,2.760499746E-2,-3.964938462E-2,4.754955769E-2,6.778694580E-2
2.790350960E2,1.791733056E-2,-4.216836512E-2,6.265518151E-2,7.762005876E-2
2.790450840E2,3.823201954E-3,-1.218793631E-2,5.030461952E-2,5.190103477E-2
2.790550730E2,2.931793928E-3,-3.473246098E-3,5.053675398E-2,5.074073666E-2
2.790650610E2,-1.148422390E-2,9.368408918E-3,4.352901220E-2,4.598292496E-2
2.790750500E2,1.182891726E-2,1.786148965E-2,3.364020109E-2,3.988256794E-2
2.790850380E2,-1.431983113E-3,2.396832168E-2,2.171597421E-2,3.237459738E-2
2.790950270E2,-1.452477604E-2,2.976817489E-2,1.637271546E-2,3.694833104E-2
2.791050160E2,-1.511359066E-2,1.056182563E-2,1.961156130E-2,2.691813738E-2
2.791150040E2,-3.283913255E-2,6.004505754E-3,-3.722483665E-3,3.359046889E-2
2.791249930E2,-3.018332720E-2,2.414139926E-2,-4.242739677E-3,3.888240269E-2
2.791349810E2,-3.678395659E-2,4.708061099E-2,-1.609453417E-2,6.187630745E-2
2.791449700E2,-4.599185944E-2,5.389378667E-2,-2.942377388E-2,7.671733732E-2
2.791549580E2,-3.076921821E-2,4.276945889E-2,-2.745106950E-2,5.940986972E-2
2.791649470E2,-2.462174803E-2,2.493252754E-2,-3.126455046E-2,4.696097871E-2
2.791749350E2,-5.102660447E-2,5.136778951E-3,-2.773685217E-2,5.830466388E-2
2.791849240E2,-6.850305498E-2,-3.470497906E-2,-3.250116348E-2,8.338722768E-2
2.791949120E2,-9.672434896E-2,-2.453082383E-2,-2.849918291E-2,1.037765119E-1
2.792049010E2,-9.881794453E-2,-2.510326624E-2,-3.387759805E-2,1.074376647E-1
2.792148890E2,-9.378729254E-2,1.210373640E-3,-3.139238521E-2,9.890906478E-2
2.792248780E2,-1.101194429E-1,-5.734949112E-3,-1.331001699E-2,1.110690682E-1
2.792348670E2,-7.863978803E-2,-6.096891761E-3,-1.705223501E-2,8.069799917E-2
2.792448550E2,-7.268761486E-2,-2.744858444E-2,-1.255060986E-2,7.870471364E-2
2.792548440E2,-7.110155761E-2,-1.766034544E-2,-2.119016334E-2,7.626494816E-2
2.792648320E2,-8.144879043E-2,-1.953145444E-2,-4.578779161E-2,9.545629909E-2
2.792748210E2,-9.596304148E-2,-8.218846321E-3,-4.847210214E-2,1.078239280E-1
2.792848090E2,-8.275973618E-2,1.457710862E-3,-3.705263615E-2,9.068735689E-2
2.792947980E2,-4.912041217E-2,-1.615293324E-2,-1.896149710E-2,5.507513519E-2
2.793047860E2,2.581253350E-3,-2.057693660E-2,7.017097324E-3,2.189321456E-2
2.793147750E2,1.686015397E-2,-2.175924361E-2,-1.250792518E-3,2.755528908E-2
2.793247630E2,3.015350640E-2,7.922977209E-3,-1.779665865E-2,3.589886593E-2
2.793347520E2,4.346440047E-2,1.207274616E-2,9.664131850E-3,4.613351008E-2
2.793447410E2,5.699602693E-2,-2.865135670E-5,-1.201427400E-2,5.824852519E-2
2.793547290E2,3.260845989E-2,-2.304153800E-2,-2.697028220E-2,4.818319470E-2
2.793647180E2,2.158792019E-2,4.302965999E-3,-2.036819100E-2,2.999028208E-2
2.793747060E2,9.801979959E-3,1.267851770E-2,-4.528522342E-3,1.665326205E-2
2.793846950E2,-1.091207385E-2,2.227438331E-2,6.240148544E-3,2.557657055E-2
2.793946830E2,-1.975452572E-2,4.993522167E-3,-1.329656839E-3,2.041921980E-2
2.794046720E2,1.732997775E-2,-3.001375794E-3,-1.778898418E-2,2.501568195E-2
2.794146600E2,4.585561931E-2,4.535334349E-2,-4.276185751E-2,7.738371951E-2
2.794246490E2,5.096228510E-2,5.025974214E-2,-5.165137947E-2,8.826698807E-2
2.794346370E2,3.705994517E-2,-1.769659817E-2,-3.226961374E-2,5.222965722E-2
2.794446260E2,1.278435230E-2,-3.884773135E-2,-5.054508626E-2,6.501839463E-2
2.794546150E2,3.858928442E-2,-2.963895142E-2,-7.760314979E-2,9.159611984E-2
2.794646030E2,3.671466708E-2,-2.183233380E-2,-5.731206894E-2,7.147930347E-2
2.794745920E2,1.673122287E-2,-3.350396097E-2,-3.066162944E-2,4.840025557E-2
2.794845800E2,2.610138595E-2,-6.245060205E-2,1.230020285E-2,6.879429508E-2
2.794945690E2,4.267385691E-2,-1.007761770E-1,5.312370837E-2,1.216512405E-1
2.795045570E2,6.543414384E-2,-1.144797117E-1,6.316176966E-2,1.462075262E-1
2.795145460E2,9.813762099E-2,-9.091894090E-2,4.886108816E-2,1.424241988E-1
2.795245340E2,1.069470361E-1,-6.839195788E-2,3.017397165E-2,1.304821712E-1
2.795345230E2,1.547287282E-1,-4.578837633E-2,1.614065409E-2,1.621668137E-1
2.795445110E2,1.695479116E-1,-1.854912221E-2,2.246500254E-3,1.705743563E-1
2.795545000E2,1.579031816E-1,-2.883203566E-2,4.278919324E-3,1.605708884E-1
2.795644880E2,1.417151651E-1,-4.680286825E-2,-4.420568123E-3,1.493092024E-1
2.795744770E2,1.174103361E-1,-4.400731444E-2,-2.237385906E-2,1.273672655E-1
2.795844660E2,7.656314939E-2,-3.466287911E-2,-3.496883467E-2,9.102884395E-2
2.795944540E2,4.957210958E-2,-8.862624764E-3,-3.612534083E-2,6.197564373E-2
2.796044430E2,3.630243838E-2,5.002877712E-3,-3.618673660E-2,5.150122060E-2
2.796144310E2,7.136234343E-3,7.891986966E-3,-2.595579028E-2,2.805195801E-2
2.796244200E2,-3.521134794E-2,-2.599087358E-3,-2.446482338E-2,4.295488170E-2
2.796344080E2,-3.749263912E-2,2.673931718E-3,5.858179182E-4,3.759243384E-2
2.796443970E2,-5.782370031E-2,-3.014239669E-3,-2.465186119E-3,5.795466418E-2
2.796543850E2,-4.777292132E-2,-5.480010509E-3,-5.224925727E-3,4.836922964E-2
2.796643740E2,-3.481344491E-2,-1.971681118E-3,-1.073899627E-2,3.648546990E-2
2.796743620E2,-2.369525671E-2,3.874949813E-3,-2.614231646E-2,3.549508609E-2
2.796843510E2,-1.023087323E-2,2.075936973E-2,-2.150430501E-2,3.159204540E-2
2.796943390E2,-1.589477867E-2,2.534183264E-2,-1.178396679E-2,3.215142833E-2
2.797043280E2,-3.053532958E-2,1.824214339E-2,-1.063608527E-2,3.712557687E-2
2.797143170E2,-6.321074009E-2,5.863003135E-3,-1.483336285E-2,6.519203266E-2
2.797243050E2,-5.656274825E-2,-8.055709004E-3,5.326155648E-3,5.738124146E-2
2.797342940E2,-7.241571933E-2,-1.468118906E-2,1.018804237E-2,7.458800122E-2
2.797442820E2,-3.142702997E-2,-2.876245379E-3,8.054393381E-3,3.256999006E-2
2.797542710E2,-1.068871021E-3,-2.750530243E-3,1.560431823E-2,1.588088944E-2
2.797642590E2,-9.685912728E-4,7.185058594E-3,-1.236686110E-3,7.354769105E-3
2.797742480E2,5.081230402E-4,1.269196630E-2,-3.689008355E-3,1.322697925E-2
2.797842360E2,5.990180075E-3,7.140035033E-3,-2.602741867E-4,9.323631281E-3
2.797942250E2,-9.583294094E-3,1.266623855E-2,-4.574934617E-3,1.652885814E-2
2.798042130E2,1.026186347E-4,9.332156181E-4,7.844039798E-3,7.900024198E-3
2.798142020E2,-2.126135319E-2,-7.420116663E-4,1.791952327E-2,2.781555384E-2
2.798241900E2,-4.784454972E-2,-1.552728117E-2,2.781754375E-2,5.748054573E-2
2.798341790E2,-2.633615166E-2,-2.540790617E-2,4.785946012E-2,6.024684641E-2
2.798441680E2,-7.739374638E-3,-2.996581078E-2,7.415555835E-2,8.035480427E-2
2.798541560E2,1.661077023E-2,-4.339452624E-2,8.085588276E-2,9.325597232E-2
2.798641450E2,3.912518173E-2,-3.831212640E-2,5.812417410E-2,7.985623639E-2
2.798741330E2,5.285824478E-2,-1.789598823E-2,7.660027921E-2,9.477269233E-2
2.798841220E2,9.778532624E-2,-4.780683517E-3,6.588818014E-2,1.180088016E-1
2.798941100E2,1.009580255E-1,5.562456250E-3,3.784785748E-2,1.079626053E-1
2.799040990E2,9.944593549E-2,6.646530032E-3,4.862778425E-2,1.108978442E-1
2.799140870E2,7.010256082E-2,1.214291275E-2,2.337263659E-2,7.488724527E-2
2.799240760E2,6.346158564E-2,4.998199940E-3,2.542720199E-2,6.854850440E-2
2.799340640E2,6.061399162E-2,1.441397130E-2,2.887238145E-2,6.866901018E-2
2.799440530E2,3.284117907E-2,6.383405328E-3,2.728252351E-2,4.316974630E-2
2.799540420E2,1.044429660E-2,1.234639585E-2,2.820872247E-2,3.251536322E-2
2.799640300E2,-1.069455743E-2,2.344733477E-4,3.156853259E-2,3.333167842E-2
2.799740190E2,-3.904419780E-2,-1.951566696E-2,3.614924133E-2,5.667519993E-2
2.799840070E2,-3.218424439E-2,-2.865603447E-2,3.873480700E-2,5.794289579E-2
2.799939960E2,-3.784610331E-2,-1.846609175E-2,2.319605067E-2,4.807682235E-2
2.800039840E2,-6.331189692E-2,1.776208699E-2,2.913258255E-2,7.192075772E-2
2.800139730E2,-6.638928652E-2,1.507879972E-2,1.487027340E-2,6.968523944E-2
2.800239608E2,-4.823017359E-2,1.744399846E-2,2.355960131E-2,5.644021208E-2
2.800339498E2,-7.038761258E-2,1.861168742E-2,2.909040950E-2,7.840320681E-2
2.800439378E2,-7.955049187E-2,-7.363983393E-3,2.844019912E-2,8.480185101E-2
2.800539268E2,-6.860216528E-2,-5.370082855E-3,2.058980048E-2,7.182642101E-2
2.800639148E2,-6.143435597E-2,-2.927116156E-3,1.819068789E-3,6.153094436E-2
2.800739038E2,-6.646208435E-2,1.415903270E-2,-1.004032709E-2,6.869130245E-2
2.800838928E2,-5.342951775E-2,2.909165204E-2,-3.916698933E-2,7.235392621E-2
2.800938808E2,-3.067653984E-2,4.527440608E-2,-3.145275772E-2,6.308801717E-2
2.801038698E2,-3.723419219E-2,3.704971254E-2,-4.975688159E-2,7.235201126E-2
2.801138578E2,-3.144983411E-2,2.339763343E-2,-6.504851997E-2,7.594637099E-2
2.801238468E2,-5.264043599E-2,4.207656384E-3,-7.146466970E-2,8.885898317E-2
2.801338348E2,-7.114453465E-2,-2.963778198E-2,-8.457295775E-2,1.144225857E-1
2.801438238E2,-1.140929183E-1,-1.273523569E-2,-9.796322778E-2,1.509177731E-1
2.801538118E2,-1.515782484E-1,2.040970623E-2,-1.049797404E-1,1.855081330E-1
2.801638008E2,-1.642456564E-1,6.447666228E-2,-9.440914392E-2,2.001173708E-1
2.801737888E2,-1.172653252E-1,6.605891883E-2,-7.645534135E-2,1.547913320E-1
2.801837778E2,-7.886812180E-2,2.877707183E-2,-6.040875435E-2,1.034288069E-1
2.801937668E2,-5.023606092E-2,-1.404501200E-3,-3.586550519E-2,6.174114432E-2
2.802037548E2,-2.400632858E-2,-8.652709723E-3,-4.802479014E-2,5.438339513E-2
2.802137438E2,-1.243322700E-2,-5.472993851E-3,-4.288640320E-2,4.498646880E-2
2.802237318E2,-4.303755373E-2,5.409259200E-3,-6.061106801E-2,7.453316498E-2
2.802337208E2,-3.676144481E-2,2.460917652E-2,-7.044491529E-2,8.318354094E-2
2.802437088E2,-8.656510413E-3,2.535411179E-2,-3.445530295E-2,4.364555028E-2
2.802536978E2,1.609153748E-3,2.181128383E-2,2.479219437E-3,2.201063395E-2
2.802636858E2,8.565586209E-3,8.072665930E-3,1.925488114E-3,1.192663854E-2
2.802736748E2,2.683024138E-2,1.856841803E-2,9.159809500E-3,3.389026572E-2
2.802836628E2,6.613025486E-2,-3.759759665E-3,4.643420130E-3,6.639960656E-2
2.802936518E2,6.105107099E-2,-1.650668979E-3,1.175641179E-2,6.219462352E-2
2.803036398E2,4.825239301E-2,3.152233958E-3,1.521036208E-2,5.069107539E-2
2.803136288E2,1.769162804E-2,-2.932963371E-3,1.659395948E-2,2.443267214E-2
2.803236178E2,-5.979655087E-3,-6.730729938E-3,3.252513707E-2,3.374823761E-2
2.803336058E2,-1.680519015E-2,-2.482903183E-2,3.352033317E-2,4.497230229E-2
2.803435948E2,-5.496324241E-2,-4.556442797E-2,2.404426239E-2,7.533393436E-2
2.803535828E2,-7.856962144E-2,-1.015836775E-2,3.863423489E-2,8.814182863E-2
2.803635718E2,-9.846828103E-2,7.931748033E-3,4.195377231E-2,1.073267628E-1
2.803735598E2,-1.102229387E-1,-9.816305637E-3,1.914312623E-2,1.123027842E-1
2.803835488E2,-1.138201457E-1,8.822278976E-3,2.777412817E-2,1.174915332E-1
2.803935368E2,-1.073060551E-1,4.507735491E-2,1.754851744E-2,1.177051735E-1
2.804035258E2,-1.188215616E-1,7.695812881E-2,4.147430062E-3,1.416273924E-1
2.804135138E2,-1.100513229E-1,7.823749959E-2,1.204073265E-2,1.355631928E-1
2.804235028E2,-9.867556483E-2,7.646754742E-2,8.169144988E-3,1.251035085E-1
2.804334918E2,-8.286060065E-2,5.101520240E-2,1.125515923E-3,9.731236716E-2
2.804434798E2,-5.407241911E-2,5.578828454E-3,-1.279378094E-2,5.584470132E-2
2.804534688E2,-2.340172648E-2,1.531385779E-3,-1.401343703E-2,2.731963328E-2
2.804634568E2,-9.792624414E-3,-8.388415575E-3,-3.029193923E-2,3.292206845E-2
2.804734458E2,1.023291975E-2,-2.408468127E-3,-2.447593309E-2,2.663803045E-2
2.804834338E2,3.865798920E-2,-1.436602414E-2,-2.449639834E-2,4.796765901E-2
2.804934228E2,4.098459631E-2,-1.782816052E-2,1.065187275E-2,4.594608618E-2
2.805034108E2,7.803255469E-2,-3.073764324E-2,1.732756577E-2,8.563951680E-2
2.805133998E2,9.952808887E-2,-4.804247797E-2,2.802570462E-3,1.105521350E-1
2.805233878E2,1.119540069E-1,-4.572756529E-2,1.365792632E-2,1.217014742E-1
2.805333768E2,1.261814520E-1,-6.577182055E-2,7.465067133E-3,1.424900643E-1
2.805433648E2,1.514984339E-1,-7.676400125E-2,1.283222638E-2,1.703207369E-1
2.805533538E2,1.522185186E-1,-5.235246062E-2,1.179909647E-2,1.614015991E-1
2.805633428E2,1.518793800E-1,-4.398334086E-2,1.159152031E-2,1.585441380E-1
2.805733308E2,1.476345938E-1,-1.403799534E-2,2.695274055E-2,1.507298538E-1
2.805833198E2,1.159362531E-1,6.484562159E-3,2.407196358E-2,1.185863557E-1
2.805933078E2,1.043096495E-1,1.594652653E-2,1.839234374E-2,1.071124315E-1
2.806032968E2,5.661332667E-2,-3.156911731E-3,2.779517815E-2,6.314750016E-2
2.806132848E2,9.846418798E-3,3.574402928E-3,2.752693713E-2,2.945268387E-2
2.806232738E2,5.623852015E-3,-1.534309387E-2,3.669771016E-2,4.017163392E-2
2.806332618E2,-2.174521029E-2,-2.341049731E-2,3.822266400E-2,4.981844636E-2
2.806432508E2,-1.113485277E-2,-1.262063026E-2,3.981851533E-2,4.322938142E-2
2.806532388E2,-1.890638709E-2,-1.074893653E-2,4.390264928E-2,4.899422133E-2
2.806632278E2,-4.512296319E-3,-8.493080735E-3,5.109998703E-2,5.199713370E-2
2.806732168E2,1.073548794E-3,-1.666573405E-2,6.894861281E-2,7.094230337E-2
2.806832048E2,2.808417678E-2,-2.269889116E-3,4.911778092E-2,5.662534578E-2
2.806931938E2,3.968125194E-2,1.525597036E-2,4.323475108E-2,6.063489167E-2
2.807031818E2,6.478130221E-3,2.207733214E-2,5.578886926E-2,6.034710183E-2
2.807131708E2,3.019794524E-3,1.014550388E-2,4.811257146E-2,4.926327172E-2
2.807231588E2,-1.088020653E-2,8.139324188E-4,4.722503722E-2,4.846901608E-2
2.807331478E2,-2.389464676E-2,-1.417657435E-2,3.775415584E-2,4.687542733E-2
2.807431358E2,-3.876294672E-2,-1.978463888E-2,2.844597325E-2,5.199203178E-2
2.807531248E2,-2.839583337E-2,-3.746486485E-2,1.741169259E-2,5.013089357E-2
2.807631128E2,-8.695102036E-3,-5.451943874E-2,1.212697908E-2,5.652466384E-2
2.807731018E2,1.328575104E-2,-5.167476833E-2,1.496477902E-2,5.541423530E-2
2.807830898E2,3.731429905E-2,-4.569306672E-2,1.726697400E-2,6.146837927E-2
2.807930788E2,6.692167550E-2,-5.211038589E-2,1.581489109E-2,8.627927764E-2
2.808030678E2,8.683436841E-2,-6.871180058E-2,-1.069865048E-2,1.112473829E-1
2.808130558E2,1.279853180E-1,-4.832782209E-2,-1.874383450E-2,1.380838562E-1
2.808230448E2,1.571576616E-1,-4.605910242E-2,-4.037458554E-2,1.686715112E-1
2.808330328E2,1.833827162E-1,-1.273289680E-2,-5.014221311E-2,1.905402550E-1
2.808430218E2,2.111172295E-1,1.052147985E-2,-3.854893863E-2,2.148655551E-1
2.808530098E2,2.416899812E-1,3.181996286E-2,-3.586806335E-2,2.464002334E-1
2.808629988E2,2.449021491E-1,4.402485609E-2,-2.810456894E-2,2.504098988E-1
2.808729868E2,2.024040011E-1,7.989869356E-2,-1.805737138E-2,2.183512069E-1
2.808829758E2,1.562311703E-1,7.380706429E-2,3.321218491E-4,1.727882277E-1
2.808929638E2,8.591021597E-2,8.595874786E-2,1.259541415E-2,1.221806695E-1
2.809029528E2,1.157748699E-2,8.540852487E-2,-2.034319416E-3,8.621364614E-2
2.809129408E2,-1.741505474E-2,9.533008039E-2,-2.866604783E-2,1.010586496E-1
2.809229298E2,-1.695867956E-2,1.397607332E-1,-3.688540578E-2,1.455375983E-1
2.809329188E2,-3.587325275E-2,1.584963816E-1,-4.108670332E-2,1.676189442E-1
2.809429068E2,-2.028019041E-2,1.712234312E-1,-9.586100757E-2,1.972766644E-1
2.809528958E2,-8.102983743E-2,1.383199793E-1,-1.142001417E-1,1.968246011E-1
2.809628838E2,-1.448220831E-1,9.610951424E-2,-7.227100074E-2,1.882380728E-1
2.809728728E2,-2.280963743E-1,2.463490427E-2,-5.474163294E-2,2.358632673E-1
2.809828608E2,-2.702331644E-1,-3.225382626E-2,-4.677070856E-2,2.761408547E-1
2.809928498E2,-2.999297109E-1,-8.406424999E-2,-5.071465552E-2,3.155892994E-1
2.810028378E2,-3.165732256E-1,-9.903546095E-2,-3.123633765E-2,3.331701344E-1
2.810128268E2,-2.871164149E-1,-8.427065670E-2,-1.918179095E-2,2.998421591E-1
2.810228149E2,-2.402965897E-1,-7.855383396E-2,-1.680489779E-3,2.528160990E-1
2.810328039E2,-1.423995817E-1,-7.264171422E-2,1.849766672E-2,1.609242778E-1
2.810427919E2,-8.908642352E-2,-8.828535497E-2,2.539445758E-2,1.279670787E-1
2.810527809E2,-5.300384045E-2,-9.102536023E-2,2.550043836E-3,1.053637795E-1
2.810627699E2,-3.201262861E-2,-6.042805016E-2,-2.402438186E-2,7.248122902E-2
2.810727579E2,-4.416343510E-2,-2.440569341E-2,-7.797554433E-2,9.287751281E-2
2.810827469E2,-3.266459316E-2,1.506827474E-3,-1.045284084E-1,1.095236702E-1
2.810927349E2,-7.931455672E-3,-3.361856639E-2,-1.041061664E-1,1.096868719E-1
2.811027239E2,-9.720703661E-3,-5.941823602E-2,-1.118074610E-1,1.269879017E-1
2.811127119E2,4.839155674E-3,-8.657796800E-2,-1.169659477E-1,1.456028671E-1
2.811227009E2,3.104023665E-2,-1.027156985E-1,-1.228646920E-1,1.631249323E-1
2.811326889E2,5.258781105E-2,-1.133757573E-1,-1.004382811E-1,1.603352379E-1
2.811426779E2,8.429258376E-2,-1.160350710E-1,-8.320704818E-2,1.658094999E-1
2.811526669E2,1.282335323E-1,-1.539566034E-1,-6.634667493E-2,2.110648143E-1
2.811626549E2,1.690897822E-1,-1.491496074E-1,-6.151855588E-2,2.337124142E-1
2.811726439E2,2.116516650E-1,-1.293643838E-1,-5.815925740E-2,2.547823980E-1
2.811826319E2,2.320739427E-1,-1.157029492E-1,-3.413480245E-2,2.615543387E-1
2.811926209E2,2.760976294E-1,-1.307835031E-1,-1.677266501E-2,3.059665797E-1
2.812026089E2,2.958673579E-1,-1.316512299E-1,-1.868653178E-2,3.243743612E-1
2.812125979E2,3.245426881E-1,-1.237545651E-1,-7.437658310E-3,3.474168499E-1
2.812225859E2,3.265705025E-1,-1.268839949E-1,-1.765800655E-2,3.507985839E-1
2.812325749E2,3.457976094E-1,-1.203298509E-1,1.124836184E-2,3.663083200E-1
2.812425629E2,3.545383197E-1,-1.063076431E-1,-1.476421952E-3,3.701363464E-1
2.812525519E2,3.554838145E-1,-9.644982219E-2,-7.630031705E-3,3.684148856E-1
2.812625399E2,3.585258284E-1,-8.854614079E-2,-3.334082365E-3,3.693132881E-1
2.812725289E2,3.456224853E-1,-8.571082592E-2,1.119325183E-2,3.562675075E-1
2.812825179E2,3.234790796E-1,-9.696145356E-2,2.752394043E-2,3.388182488E-1
2.812925059E2,3.113200870E-1,-9.050963581E-2,4.726530991E-2,3.276372999E-1
2.813024949E2,2.541620922E-1,-7.149098217E-2,4.592344701E-2,2.679893517E-1
2.813124829E2,2.522380659E-1,-6.705528438E-2,6.022098564E-2,2.678563424E-1
2.813224719E2,2.177339387E-1,-1.051867318E-1,8.399050198E-2,2.559818764E-1
2.813324599E2,1.619728437E-1,-1.435713637E-1,7.921632349E-2,2.304846296E-1
2.813424489E2,1.216396272E-1,-1.404618144E-1,6.748220421E-2,1.976855283E-1
2.813524369E2,7.614682764E-2,-1.079197204E-1,4.257767022E-2,1.387727041E-1
2.813624259E2,5.428964317E-2,-5.860956609E-2,3.877822258E-2,8.880426307E-2
2.813724139E2,1.963787377E-2,-3.727015257E-3,3.086511254E-2,3.677216204E-2
2.813824029E2,-1.359097570E-2,1.203941703E-2,5.484856389E-2,5.777566221E-2
2.813923909E2,8.291351795E-3,2.449807942E-2,5.301261127E-2,5.898507746E-2
2.814023799E2,4.882629722E-2,2.149670362E-2,3.488967799E-2,6.374484448E-2
2.814123689E2,8.060211360E-2,2.487230122E-2,4.586205125E-2,9.601385228E-2
2.814223569E2,8.905426383E-2,3.298063517E-2,4.031538248E-2,1.031683782E-1
2.814323459E2,9.871327937E-2,4.430844605E-2,4.399795890E-2,1.168048385E-1
2.814423339E2,1.210399953E-1,6.178285003E-2,4.252504528E-2,1.423944538E-1
2.814523229E2,1.016181761E-1,6.916846812E-2,5.601873793E-2,1.350874890E-1
2.814623109E2,9.834285825E-2,7.479056597E-2,4.704201937E-2,1.322040019E-1
2.814722999E2,9.760143131E-2,5.543920577E-2,6.062627077E-2,1.275738595E-1
2.814822879E2,9.683164537E-2,3.946695149E-2,7.113781035E-2,1.264697429E-1
2.814922769E2,7.750747472E-2,1.383275807E-2,7.566355526E-2,1.091958215E-1
2.815022649E2,3.527566731E-2,-4.073170424E-2,7.213534534E-2,9.003861661E-2
2.815122539E2,2.950621963E-2,-4.791910172E-2,6.598195486E-2,8.672067615E-2
2.815222429E2,1.437859565E-2,-1.262063026E-2,5.609826006E-2,5.927089592E-2
2.815322309E2,5.767693520E-3,-5.264832973E-3,3.859630108E-2,3.937841048E-2
2.815422199E2,7.503439486E-3,-4.898212552E-3,1.627280116E-2,1.857681749E-2
2.815522079E2,-1.258525461E-2,-2.557572126E-2,-4.777175188E-3,2.890203374E-2
2.815621969E2,-2.176333666E-3,-3.089259446E-2,-5.612230673E-3,3.147357548E-2
2.815721849E2,4.459379017E-3,-1.195989490E-2,-1.961506963E-2,2.340248072E-2
2.815821739E2,1.723583758E-2,6.624895334E-3,-3.108555257E-2,3.615625691E-2
2.815921619E2,6.737746596E-3,2.708430290E-3,-4.800330162E-2,4.854945716E-2
2.816021509E2,-6.392760873E-3,-3.256548285E-2,-4.441771589E-2,5.544647464E-2
2.816121389E2,-2.588036120E-2,-8.048984706E-2,-4.094220400E-2,9.393972879E-2
2.816221279E2,-8.102691382E-2,-1.005493051E-1,-5.087947391E-2,1.387956929E-1
2.816321159E2,-1.058030283E-1,-8.607627690E-2,-7.624652267E-2,1.562592028E-1
2.816421049E2,-1.827629113E-1,-6.430943191E-2,-7.063436508E-2,2.062212363E-1
2.816520939E2,-1.928139827E-1,-7.479232013E-2,-8.303397059E-2,2.228581687E-1
2.816620819E2,-1.774574402E-1,-5.558012366E-2,-1.065052789E-1,2.142980814E-1
2.816720709E2,-1.935039541E-1,-4.150119781E-2,-9.560497262E-2,2.197872618E-1
2.816820589E2,-1.643599695E-1,-8.210660219E-3,-8.882388353E-2,1.870061411E-1
2.816920479E2,-1.373987505E-1,2.573885858E-2,-9.587854922E-2,1.695098867E-1
2.817020359E2,-7.615647554E-2,4.305363357E-2,-8.892445564E-2,1.247436689E-1
2.817120249E2,-3.354898453E-2,4.437978208E-2,-8.719835758E-2,1.034342931E-1
2.817220129E2,-1.326996356E-2,3.778704643E-2,-8.516345344E-2,9.411039589E-2
2.817320019E2,-7.259610593E-3,-5.558129311E-2,-1.343087894E-1,1.455363631E-1
2.817419899E2,1.434468180E-2,-9.799348712E-3,-6.928300045E-2,7.142780469E-2
2.817519789E2,5.184170634E-2,1.489168882E-2,-6.112671934E-2,8.152178070E-2
2.817619679E2,3.721255749E-2,-7.235870898E-2,-1.889754318E-2,8.353247475E-2
2.817719559E2,4.850528508E-2,-8.720186591E-2,-1.651480280E-2,1.011418153E-1
2.817819449E2,5.419930369E-2,-8.389468074E-2,-1.623881422E-2,1.011908151E-1
2.817919329E2,9.424980730E-2,-1.002464193E-1,-1.089804053E-2,1.380258601E-1
2.818019219E2,9.892670274E-2,-1.313220316E-1,-1.471393347E-2,1.650711009E-1
2.818119099E2,9.999265015E-2,-1.866571569E-1,-4.639692530E-3,2.118040393E-1
2.818218989E2,6.818642825E-2,-2.134689796E-1,1.830814384E-2,2.248412382E-1
2.818318869E2,7.711424947E-2,-2.078971678E-1,3.540079772E-2,2.245463345E-1
2.818418759E2,1.098896474E-1,-2.036000490E-1,2.504238211E-2,2.327140637E-1
2.818518639E2,1.202202156E-1,-1.739008713E-1,1.503246054E-3,2.114158769E-1
2.818618529E2,1.689076415E-1,-1.429375255E-1,7.507093996E-4,2.212724364E-1
2.818718419E2,1.717315543E-1,-1.129454023E-1,-4.167084016E-2,2.097256530E-1
2.818818299E2,1.658112484E-1,-9.120311558E-2,-5.607128978E-2,1.973711426E-1
2.818918189E2,1.551848111E-1,-6.585952878E-2,-7.887893915E-2,1.861227825E-1
2.819018069E2,1.725767693E-1,-5.445804298E-2,-1.151130382E-1,2.144747801E-1
2.819117959E2,1.934571764E-1,-1.866255820E-2,-1.355034486E-1,2.369285858E-1
2.819217839E2,2.028793797E-1,-1.257911503E-2,-1.022731373E-1,2.275479542E-1
2.819317729E2,1.852599648E-1,-3.240760803E-2,-1.194259445E-1,2.227870369E-1
2.819417609E2,1.772285217E-1,-1.269676101E-1,-1.379252923E-1,2.579808310E-1
2.819517499E2,1.982393217E-1,-1.771080691E-1,-1.506015442E-1,3.055272850E-1
2.819617379E2,2.051279265E-1,-1.470767695E-1,-1.399291331E-1,2.885986913E-1
2.819717269E2,2.159443983E-1,-1.230792117E-1,-1.490904044E-1,2.898420677E-1
2.819817149E2,2.381079769E-1,-5.480536759E-2,-1.808058482E-1,3.039568913E-1
2.819917039E2,2.428275570E-1,-1.149936819E-1,-2.780443136E-1,3.866489489E-1
2.820016929E2,2.560136130E-1,-6.526662111E-2,-2.571722388E-1,3.687007761E-1
2.820116809E2,2.813928679E-1,4.533463240E-2,-2.359591252E-1,3.700187613E-1
2.820216699E2,2.779465190E-1,-1.708147109E-2,-2.651478410E-1,3.845119265E-1
2.820316583E2,2.589512542E-1,-2.385663986E-2,-2.629662448E-1,3.698325800E-1
2.820416473E2,2.459221959E-1,-4.596496224E-3,-2.590358926E-1,3.572092495E-1
2.820516353E2,2.872120169E-1,-5.701152205E-2,-2.414082916E-1,3.794983788E-1
2.820616243E2,2.984179133E-1,-6.928482771E-2,-2.675451994E-1,4.067358751E-1
2.820716123E2,2.992967498E-1,-8.961442709E-2,-2.600157398E-1,4.064695252E-1
2.820816013E2,3.284901434E-1,-1.112602347E-1,-2.634860623E-1,4.355565625E-1
2.820915893E2,3.552025634E-1,-1.229920882E-1,-2.333413267E-1,4.424297566E-1
2.821015783E2,3.402798843E-1,-1.477468604E-1,-2.230723004E-1,4.328750231E-1
2.821115673E2,2.722639024E-1,-1.483812833E-1,-2.009770612E-1,3.695083448E-1
2.821215553E2,1.866182730E-1,-1.763777518E-1,-1.348298494E-1,2.900251359E-1
2.821315443E2,1.581201133E-1,-2.300528526E-1,-1.046043491E-1,2.981079588E-1
2.821415323E2,1.393110824E-1,-2.467688727E-1,-6.077946782E-2,2.898216657E-1
2.821515213E2,7.202951074E-2,-2.748980731E-1,-5.545645505E-3,2.842322205E-1
2.821615093E2,-7.276538283E-2,-2.617394990E-1,7.614317313E-2,2.821349838E-1
2.821714983E2,-2.389730725E-1,-2.680351961E-1,1.685366356E-1,3.966807195E-1
2.821814863E2,-3.010801506E-1,-2.202482414E-1,2.309392905E-1,4.387385336E-1
2.821914753E2,-3.213863611E-1,-1.830114180E-1,2.778478472E-1,4.625816668E-1
2.822014633E2,-2.723510259E-1,-1.694271666E-1,3.186064486E-1,4.520959137E-1
2.822114523E2,-3.140858200E-1,-1.455564934E-1,3.479694115E-1,4.908353150E-1
2.822214403E2,-3.427406850E-1,-2.739420533E-2,4.062627894E-1,5.322321615E-1
2.822314293E2,-3.161896482E-1,-6.771835864E-2,3.716442029E-1,4.926267180E-1
2.822414183E2,-3.191275817E-1,-1.203748745E-1,3.950408131E-1,5.219097315E-1
2.822514063E2,-3.891193378E-1,-1.380831671E-1,4.437106973E-1,6.061023040E-1
2.822613953E2,-5.059449524E-1,-1.196971822E-1,4.604663323E-1,6.945048261E-1
2.822713833E2,-5.353023604E-1,-2.737490952E-2,4.411237429E-1,6.941816471E-1
2.822813723E2,-4.895531604E-1,6.245995760E-2,3.739939065E-1,6.192212733E-1
2.822913603E2,-4.660163632E-1,1.543243933E-1,2.806469093E-1,5.654643727E-1
2.823013493E2,-3.767217788E-1,1.806415415E-1,2.177373008E-1,4.711265194E-1
2.823113373E2,-3.679980254E-1,1.364482856E-1,1.060538739E-1,4.065563989E-1
2.823213263E2,-3.033862925E-1,2.249546653E-1,-6.346567869E-3,3.777408143E-1
2.823313143E2,-1.847725993E-1,2.557835251E-1,-1.177962524E-1,3.368116421E-1
2.823413033E2,-1.515077895E-1,2.338991511E-1,-2.096965022E-1,3.487635964E-1
2.823512923E2,-1.611548182E-1,2.155552661E-1,-2.844304964E-1,3.915809693E-1
2.823612803E2,-1.812028742E-1,1.926242405E-1,-3.709526235E-1,4.555704430E-1
2.823712693E2,-3.077205411E-1,1.703323156E-1,-3.717199244E-1,5.117428371E-1
2.823812573E2,-2.891781431E-1,1.484011638E-1,-3.405915409E-1,4.707966670E-1
2.823912463E2,-3.259726247E-1,1.390099508E-1,-2.661605787E-1,4.431967646E-1
2.824012343E2,-3.046677098E-1,7.364100337E-2,-1.968354052E-1,3.701210444E-1
2.824112233E2,-1.681182674E-1,-5.180165291E-2,-1.626025888E-1,2.395553484E-1
2.824212113E2,-1.583107325E-1,-1.152649927E-1,-4.113223851E-2,2.001003939E-1
2.824312003E2,-6.995462626E-2,-1.836189437E-1,1.261770666E-2,1.968978739E-1
2.824411883E2,2.879549056E-2,-2.013190502E-1,5.984332860E-3,2.034560210E-1
2.824511773E2,-1.049429029E-1,-1.756433415E-1,5.633149087E-2,2.122188332E-1
2.824611663E2,-1.097086760E-1,-1.411962247E-1,5.032756984E-2,1.857558391E-1
2.824711543E2,-2.296318531E-1,-4.395761311E-2,6.638577819E-2,2.430434761E-1
2.824811433E2,-3.436297542E-1,3.903133392E-2,-3.686669469E-4,3.458395421E-1
2.824911313E2,-4.145909786E-1,1.206409228E-1,-9.553385586E-2,4.422291594E-1
2.825011203E2,-4.785823220E-1,1.478018242E-1,-1.552774894E-1,5.244020565E-1
2.825111083E2,-6.793947110E-1,1.417634046E-1,-2.122945663E-1,7.257706381E-1
2.825210973E2,-9.418890855E-1,1.067923772E-1,-2.414493683E-1,9.781909111E-1
2.825310853E2,-1.089533912E0,9.651823461E-2,-2.607597980E-1,1.124453462E0
2.825410743E2,-1.238487638E0,7.025195718E-2,-2.720957950E-1,1.269969719E0
2.825510623E2,-1.238281231E0,3.686494052E-2,-3.356158528E-1,1.283486436E0
2.825610513E2,-1.387472061E0,1.561990106E-1,-3.963272005E-1,1.451396604E0
2.825710393E2,-1.400996963E0,2.440008008E-1,-4.438279340E-1,1.489735586E0
2.825810283E2,-1.388029301E0,3.678810811E-1,-4.834679630E-1,1.515157781E0
2.825910173E2,-1.378830169E0,4.362186599E-1,-5.231650025E-1,1.537907986E0
2.826010053E2,-1.345156346E0,4.179905498E-1,-5.427531749E-1,1.509550497E0
2.826109943E2,-1.464717288E0,4.879407907E-1,-5.532977512E-1,1.640006510E0
2.826209823E2,-1.457902651E0,4.959959149E-1,-5.690001565E-1,1.641722652E0
2.826309713E2,-1.475134395E0,4.428792232E-1,-5.623881251E-1,1.639647491E0
2.826409593E2,-1.448641538E0,4.677164412E-1,-5.162994942E-1,1.607447089E0
2.826509483E2,-1.367396523E0,5.597457683E-1,-4.835170797E-1,1.554630935E0
2.826609363E2,-1.228738575E0,5.915160298E-1,-4.272823602E-1,1.429076595E0
2.826709253E2,-1.151595382E0,6.109942746E-1,-3.942529008E-1,1.361954947E0
2.826809133E2,-1.049768752E0,6.823829305E-1,-4.012879783E-1,1.314797680E0
2.826909023E2,-9.637044623E-1,6.415483153E-1,-4.843295503E-1,1.254944479E0
2.827008913E2,-8.857932374E-1,6.338416851E-1,-5.199426019E-1,1.206948736E0
2.827108793E2,-8.093736371E-1,6.945433849E-1,-4.449587855E-1,1.155623000E0
2.827208683E2,-7.426884815E-1,7.189666200E-1,-2.788145381E-1,1.070624457E0
2.827308563E2,-6.335861617E-1,6.301824975E-1,-1.006925619E-1,8.992777082E-1
2.827408453E2,-5.280176067E-1,5.664069164E-1,-3.028272986E-2,7.749428570E-1
2.827508333E2,-3.889284262E-1,5.154420000E-1,4.041039973E-2,6.469766429E-1
2.827608223E2,-2.558624625E-1,4.702816147E-1,9.590720057E-2,5.439012667E-1
2.827708103E2,-1.762795186E-1,4.601729482E-1,1.644634652E-1,5.195015326E-1
2.827807993E2,-1.397133708E-1,3.718677127E-1,2.697431678E-1,4.801737168E-1
2.827907873E2,-1.161113772E-1,2.470980710E-1,3.318914688E-1,4.297572054E-1
2.828007763E2,-8.168209434E-2,1.604148531E-1,3.755362558E-1,4.164521210E-1
2.828107653E2,6.716696620E-3,5.279860318E-2,3.737426224E-1,3.775133830E-1
2.828207533E2,1.744762373E-1,-1.589799464E-2,3.471623495E-1,3.888655302E-1
2.828307423E2,3.263208264E-1,-7.212891340E-2,2.686207947E-1,4.287714930E-1
2.828407303E2,3.491626820E-1,-5.698696375E-2,2.454918408E-1,4.306139065E-1
2.828507193E2,3.787981251E-1,-3.787650883E-2,2.629068956E-1,4.626474740E-1
2.828607073E2,2.651107112E-1,-3.566801548E-4,2.095282486E-1,3.379140473E-1
2.828706963E2,1.846577016E-1,1.145592338E-1,3.023644915E-1,3.723527501E-1
2.828806843E2,-9.394867569E-2,1.573140746E-1,8.246123582E-2,2.009326433E-1
2.828906733E2,-4.943882230E-1,2.374045569E-1,-1.755977333E-2,5.487157591E-1
2.829006613E2,-8.640684924E-1,2.799483132E-1,2.028808415E-2,9.085136344E-1
2.829106503E2,-1.060906529E0,3.468995172E-1,1.604262552E-1,1.127651773E0
2.829206383E2,-1.129660429E0,3.898145717E-1,2.390116641E-1,1.218693834E0
2.829306273E2,-9.348730114E-1,4.247592866E-1,2.956036484E-1,1.068545514E0
2.829406163E2,-6.838479504E-1,4.014183712E-1,2.148848829E-1,8.215596393E-1
2.829506043E2,-4.489120880E-1,4.153364986E-1,1.252423891E-1,6.242692735E-1
2.829605933E2,-7.045716521E-1,3.305746758E-1,-3.893011862E-1,8.702047132E-1
2.829705813E2,-6.117476884E-1,4.181373149E-1,-3.565635028E-1,8.223208497E-1
2.829805703E2,-6.175934422E-1,4.410005128E-1,-3.459160155E-1,8.340029988E-1
2.829905583E2,-5.574922514E-1,4.645712239E-1,-1.032501340E-1,7.329970140E-1
2.830005473E2,-1.766265509E-1,5.168500096E-1,3.695229793E-1,6.594528816E-1
2.830105353E2,-3.226899979E-1,3.627811396E-1,-1.507181230E-1,5.083846404E-1
2.830205243E2,-3.389607525E-1,1.712146604E-1,-2.756263438E-1,4.692320674E-1
2.830305123E2,-6.631759965E-1,-1.276780468E-1,-5.520490783E-1,8.722741948E-1
2.830405013E2,-8.750109717E-1,-1.801959836E-1,-5.103610620E-1,1.028874728E0
2.830504903E2,-9.717885303E-1,1.229388785E-1,-4.633541259E-1,1.083597694E0
2.830604783E2,-1.017441544E0,4.965192407E-1,-5.086919743E-1,1.241163235E0
2.830704673E2,-8.397689259E-1,8.587226754E-1,-3.879507717E-1,1.262189480E0
2.830804553E2,-8.375589707E-1,7.060501206E-1,-7.461631894E-1,1.325432498E0
2.830904443E2,-7.836704466E-1,7.444569719E-1,-4.500280291E-1,1.170846181E0
2.831004323E2,-7.034238437E-1,7.974649054E-1,-2.980700040E-1,1.104355516E0
2.831104213E2,-8.498732069E-1,4.906720251E-1,-4.217446084E-1,1.068134832E0
2.831204093E2,-8.866545323E-1,4.024083048E-1,-2.318344992E-1,1.000917548E0
2.831303983E2,-8.498170736E-1,3.789001590E-1,-1.045014381E-1,9.363092116E-1
2.831403863E2,-7.961817339E-1,4.124222463E-1,-6.747175232E-2,8.991940280E-1
2.831503753E2,-7.621816367E-1,5.255728859E-1,-5.760326028E-2,9.276129803E-1
2.831603633E2,-7.007882112E-1,6.183477330E-1,-8.348318294E-2,9.383109707E-1
2.831703523E2,-6.100727534E-1,6.216519946E-1,-9.994236410E-2,8.767145733E-1
2.831803413E2,-5.032388610E-1,6.206562138E-1,-8.341111600E-2,8.033809191E-1
2.831903293E2,-5.208696780E-1,7.345997357E-1,-1.560048831E-1,9.139362761E-1
2.832003183E2,-8.348628196E-1,6.416500568E-1,-8.043210581E-2,1.056020855E0
2.832103063E2,-1.032036779E0,3.554539937E-1,3.191264123E-2,1.092000857E0
2.832202953E2,-1.109088171E0,2.454263520E-1,-3.084713235E-2,1.136337190E0
2.832302833E2,-1.140207052E0,9.208838403E-2,7.786093891E-2,1.146566491E0
2.832402723E2,-1.201497859E0,-1.454553366E-2,2.082307515E-1,1.219495274E0
2.832502603E2,-1.269430518E0,-8.141546130E-2,2.161141138E-1,1.290266495E0
2.832602493E2,-1.291255543E0,-3.211185586E-1,1.170612574E-1,1.335725026E0
2.832702373E2,-1.212075472E0,-5.506673813E-1,1.255923450E-2,1.331359925E0
2.832802263E2,-1.044963218E0,-6.022450858E-1,-8.213525355E-2,1.208881082E0
2.832902153E2,-8.237174419E-1,-5.389770430E-1,-2.178369959E-1,1.008196228E0
2.833002033E2,-5.981716231E-1,-4.611184430E-1,-3.996381864E-1,8.544882616E-1
2.833101923E2,-3.150102648E-1,-3.966452891E-1,-6.042012718E-1,7.884276309E-1
2.833201803E2,-7.967357576E-2,-2.590842783E-1,-9.120013350E-1,9.514299643E-1
2.833301693E2,2.755529612E-2,-1.215396398E-1,-1.236655266E0,1.242918914E0
2.833401573E2,-1.033752644E-1,-1.515229923E-1,-1.282279482E0,1.295332518E0
2.833501463E2,-5.086180070E-1,-4.389820540E-1,-1.137466170E0,1.321070327E0
2.833601343E2,-1.001508466E0,-1.109427309E0,-5.673170355E-1,1.598654678E0
2.833701233E2,-1.390645345E0,-1.912069339E0,1.232473192E-1,2.367507874E0
2.833801113E2,-1.424881085E0,-2.363091980E0,5.002893792E-1,2.804421380E0
2.833901003E2,-8.391391808E-1,-2.342757702E0,3.700012815E-1,2.515863503E0
2.834000883E2,1.109579337E-1,-1.767788708E0,-1.908630592E-1,1.781521060E0
2.834100773E2,1.101549063E0,-9.469244152E-1,-8.449805492E-1,1.680496449E0
2.834200663E2,1.789961935E0,-2.984459800E-1,-1.309131943E0,2.237601433E0
2.834300543E2,2.050569120E0,1.431603044E-1,-1.525374842E0,2.559706428E0
2.834400433E2,1.989664230E0,4.560547543E-1,-1.636033983E0,2.615981055E0
2.834500313E2,1.778806617E0,5.373649657E-1,-1.661026736E0,2.492373147E0
2.834600203E2,1.585297400E0,5.794812906E-1,-1.579008720E0,2.311327530E0
2.834700083E2,1.420062979E0,5.140082628E-1,-1.230315569E0,1.947937309E0
2.834799973E2,1.445111574E0,3.419358158E-1,-8.633485539E-1,1.717742207E0
2.834899853E2,1.631436025E0,-8.322926760E-3,-5.116667452E-1,1.709811578E0
2.834999743E2,1.877764310E0,-3.923183495E-1,-3.691066575E-1,1.953497431E0
2.835099623E2,1.932836018E0,-6.957467419E-1,-2.974716876E-1,2.075670496E0
2.835199513E2,1.856493309E0,-1.014947414E0,-3.446167642E-1,2.143699226E0
2.835299403E2,1.708278379E0,-1.234371198E0,-5.189260635E-1,2.170523331E0
2.835399283E2,1.400753719E0,-1.250878472E0,-6.283336079E-1,1.980305799E0
2.835499173E2,1.147947012E0,-1.125412427E0,-8.454781473E-1,1.816361410E0
2.835599053E2,8.993169701E-1,-9.333015722E-1,-1.062452679E0,1.675896337E0
2.835698943E2,6.387656254E-1,-7.111149788E-1,-1.212580525E0,1.544039367E0
2.835798823E2,4.484869954E-1,-4.455496466E-1,-1.368972933E0,1.507893220E0
2.835898713E2,3.470975916E-1,-2.030007094E-1,-1.498502793E0,1.551514307E0
2.835998593E2,3.551205562E-1,-6.629690051E-2,-1.267591276E0,1.318064313E0
2.836098483E2,4.174178150E-1,-3.983649552E-2,-8.422244641E-1,9.408329430E-1
2.836198363E2,6.571098027E-1,-8.260946274E-2,-5.331029302E-1,8.501860680E-1
2.836298253E2,8.178417210E-1,-1.817332166E-1,-3.818420394E-1,9.207037448E-1
2.836398143E2,9.144286604E-1,-3.486279541E-1,-4.960212041E-1,1.097159177E0
2.836498023E2,9.859246127E-1,-5.299758393E-1,-8.674164619E-1,1.416097825E0
2.836597913E2,1.136348182E0,-6.925284344E-1,-1.264635217E0,1.835806377E0
2.836697793E2,1.147644711E0,-7.313480991E-1,-1.353361452E0,1.919256534E0
2.836797683E2,9.290152708E-1,-6.930850893E-1,-1.167848595E0,1.645389515E0
2.836897563E2,9.499721302E-1,-6.535748684E-1,-1.132117576E0,1.615950916E0
2.836997453E2,9.158148891E-1,-4.288605237E-1,-9.731392372E-1,1.403438005E0
2.837097333E2,9.080427700E-1,-3.134195298E-1,-7.577626035E-1,1.223510375E0
2.837197223E2,8.813860448E-1,-3.208770686E-1,-6.149927469E-1,1.121614698E0
2.837297103E2,8.690557288E-1,-2.198523849E-1,-6.461018345E-1,1.105007019E0
2.837396993E2,9.317526448E-1,-1.568486363E-1,-7.482015288E-1,1.205226125E0
2.837496873E2,9.054357889E-1,-7.642486274E-2,-7.454410583E-1,1.175302982E0
2.837596763E2,8.197935216E-1,-4.858334541E-2,-7.503863409E-1,1.112430411E0
2.837696653E2,7.092003080E-1,-8.838417292E-2,-8.972932488E-1,1.147132082E0
2.837796533E2,7.317059487E-1,-1.593986070E-1,-1.029779461E0,1.273282078E0
2.837896423E2,7.941276070E-1,-1.965547389E-1,-1.028587214E0,1.314254191E0
2.837996303E2,9.896614221E-1,-2.622312498E-1,-8.223880774E-1,1.313208707E0
2.838096193E2,1.245581480E0,-4.434914267E-1,-3.759160325E-1,1.374580202E0
2.838196073E2,1.561377903E0,-7.032259154E-1,6.142616987E-2,1.713534598E0
2.838295963E2,1.795633003E0,-8.563147920E-1,1.961609289E-1,1.999012760E0
2.838395843E2,2.046388800E0,-7.068576211E-1,9.228514284E-2,2.166995931E0
2.838495733E2,2.202305975E0,-3.590547091E-1,9.137940913E-2,2.233253699E0
2.838595613E2,2.167960745E0,1.327867591E-1,1.096466956E-1,2.174789304E0
2.838695503E2,1.997685879E0,7.957364684E-1,2.857738942E-2,2.150525997E0
2.838795393E2,2.020397195E0,1.566491877E0,3.433783239E-1,2.579498072E0
2.838895273E2,2.033236804E0,1.981203893E0,4.573773944E-1,2.875485150E0
2.838995163E2,1.760090703E0,2.224051039E0,8.889434248E-2,2.837644183E0
2.839095043E2,1.184803912E0,2.689116352E0,-6.874132901E-2,2.939359188E0
2.839194933E2,2.260362540E-1,3.272048669E0,2.955577478E-1,3.293136691E0
2.839294813E2,-3.491119574E-1,3.719500415E0,6.843955421E-1,3.798020505E0
2.839394703E2,-3.813828868E-1,3.962502512E0,7.828837037E-1,4.057066176E0
2.839494583E2,-7.722286150E-1,3.552266539E0,1.493292339E0,3.929994480E0
2.839594473E2,-6.552748733E-1,2.870898101E0,2.272116613E0,3.719402501E0
2.839694353E2,-3.241773833E-1,2.005490888E0,2.261871999E0,3.040254861E0
2.839794243E2,1.850304615E-1,1.088286116E0,1.716765320E0,2.041050246E0
2.839894133E2,1.586285287E-1,4.357602382E-1,1.032617700E0,1.131967009E0
2.839994013E2,-3.647841033E-1,2.282916713E-1,4.519523478E-1,6.240556497E-1
2.840093903E2,-6.706791437E-1,6.781062770E-1,-2.889927864E-2,9.541875104E-1
2.840193783E2,-2.713735908E-1,1.120536434E0,-4.251376015E-1,1.228815489E0
2.840293673E2,6.017068496E-1,1.590420438E0,-9.277467173E-1,1.937060214E0
2.840393553E2,1.526547793E0,2.548168634E0,-1.362426390E0,3.267983663E0
2.840493443E2,2.392651409E0,3.323573749E0,-1.478300078E0,4.353882675E0
2.840593323E2,3.044054037E0,3.395622556E0,-1.344838550E0,4.754482963E0
2.840693213E2,2.940392551E0,2.843158325E0,-7.603350860E-1,4.160236419E0
2.840793093E2,2.451125320E0,1.789100640E0,1.361565095E-1,3.037669341E0
2.840892983E2,1.705849445E0,9.542211556E-1,6.246416759E-1,2.051983813E0
2.840992873E2,1.084752644E0,5.648129654E-1,5.993764418E-1,1.361966998E0
2.841092753E2,9.015523607E-1,3.349337751E-1,1.402103841E-1,9.719239911E-1
2.841192643E2,5.935470602E-1,7.741362691E-1,-2.757517666E-1,1.013717965E0
2.841292523E2,2.481871149E-1,1.534291261E0,-3.289000332E-1,1.588654068E0
2.841392413E2,9.702898890E-2,1.991018445E0,-3.542067826E-2,1.993695989E0
2.841492293E2,-1.513914299E-1,2.134328438E0,1.191896439E-1,2.143008030E0
2.841592183E2,-1.106919584E-1,2.253055567E0,-3.701480466E-1,2.285939998E0
2.841692063E2,1.682579427E-1,2.115531394E0,-6.034940511E-1,2.206351940E0
2.841791953E2,2.221751913E-1,1.628157783E0,-3.233966339E-1,1.674767138E0
2.841891833E2,1.301233524E-1,1.100802666E0,-7.199676633E-2,1.110802471E0
2.841991723E2,-2.206856132E-2,7.808547199E-1,-1.311834526E-1,7.921049256E-1
2.842091613E2,-3.555664064E-1,5.187825143E-1,-1.108994615E-1,6.386403190E-1
2.842191493E2,-6.079429051E-1,3.385046697E-1,-2.083596826E-1,7.263564859E-1
2.842291383E2,-8.592528717E-1,2.545591182E-1,-1.889071655E-1,9.158612119E-1
2.842391263E2,-1.090187484E0,-6.797855973E-2,-4.290762860E-1,1.173557112E0
2.842491153E2,-5.553059775E-1,-6.061282218E-1,-4.856463432E-1,9.547819230E-1
2.842591033E2,-6.775706720E-1,-1.335342672E0,-2.369666004E-1,1.516045922E0
2.842690923E2,-1.028729740E0,-1.884676303E0,-6.070006263E-1,2.231308900E0
2.842790803E2,-1.563745879E0,-1.814350086E0,-2.599888426E-1,2.409307288E0
2.842890693E2,-1.695855092E0,-2.084458705E0,-3.684418291E-1,2.712313029E0
2.842990583E2,-1.737391227E0,-2.245834256E0,-3.279697412E-1,2.858297383E0
2.843090463E2,-2.163732770E0,-1.900508224E0,-6.307157636E-2,2.880564013E0
2.843190353E2,-1.842963729E0,-1.858763198E0,-2.500386357E-1,2.629455314E0
2.843290233E2,-1.056915219E0,-1.717674562E0,3.856373209E-1,2.053336754E0
2.843390123E2,-9.352808547E-1,-1.483991758E0,5.522297573E-1,1.839005035E0
2.843490003E2,-1.291181283E0,-1.341436640E0,-1.171477962E-1,1.865562910E0
2.843589893E2,-1.799962428E0,-1.329874941E0,-3.247333074E-1,2.261389798E0
2.843689773E2,-1.972808461E0,-1.463868565E0,-3.541143966E-1,2.481991419E0
2.843789663E2,-1.919680660E0,-1.373543701E0,-3.512328887E-1,2.386453577E0
2.843889543E2,-1.688719150E0,-1.731721913E0,-2.459508473E-1,2.431280520E0
2.843989433E2,-1.349710450E0,-2.079057632E0,3.681178933E-1,2.505934899E0
2.844089323E2,-1.036202335E0,-2.472824337E0,1.079674922E0,2.890375999E0
2.844189203E2,-3.897993690E-1,-2.763888792E0,1.673152108E0,3.254299122E0
2.844289093E2,3.550557983E-1,-2.171952932E0,1.091993251E0,2.456805531E0
2.844388973E2,2.800462541E-1,-1.726475791E0,9.403088754E-1,1.985780789E0
2.844488863E2,3.667285949E-1,-1.590468970E0,1.065856197E0,1.949392428E0
2.844588743E2,3.745802361E-1,-1.484781716E0,9.471922177E-1,1.800572186E0
2.844688633E2,5.306582093E-1,-1.460257325E0,5.652421510E-1,1.653314331E0
2.844788523E2,7.203468552E-1,-1.418059139E0,4.408759671E-1,1.650503842E0
2.844888403E2,1.887700483E-1,-1.368898088E0,2.502403647E-1,1.404327721E0
2.844988293E2,-1.603183740E-1,-1.256348543E0,3.979375237E-1,1.327579720E0
2.845088173E2,-4.786390400E-1,-1.063044856E0,4.667306006E-2,1.166763931E0
2.845188063E2,-7.421932223E-1,-1.197536078E0,1.593576765E-1,1.417863994E0
2.845287943E2,-2.087467682E-1,-1.369201559E0,4.644934559E-1,1.460836162E0
2.845387833E2,1.629364648E-1,-1.545157726E0,5.284175563E-1,1.641123336E0
2.845487713E2,-1.034167796E-2,-1.251208840E0,3.586331248E-1,1.301632909E0
2.845587603E2,-1.993210566E-1,-1.166054084E0,1.738669574E-1,1.195675847E0
2.845687493E2,4.060481966E-2,-1.270455827E0,3.716899574E-1,1.324333865E0
2.845787373E2,-2.552052355E-1,-8.008630148E-1,5.493429869E-1,1.004135946E0
2.845887263E2,-5.422734109E-1,-7.546887222E-1,4.941136962E-1,1.052503617E0
2.845987143E2,-3.723752511E-1,-6.712808222E-1,2.177087957E-1,7.979212928E-1
2.846087033E2,-5.710039973E-2,-6.679403079E-1,-3.469503880E-2,6.712737565E-1
2.846186913E2,5.573571807E-1,-7.726060528E-1,2.060430157E-1,9.746901374E-1
2.846286803E2,1.152672147E0,-9.282016307E-1,5.610362488E-1,1.582710655E0
2.846386693E2,1.282092079E0,-9.672420278E-1,5.525975472E-1,1.698434953E0
2.846486573E2,9.784736520E-1,-7.024906281E-1,5.008204526E-1,1.304501781E0
2.846586463E2,1.355155377E0,-9.334033138E-1,1.054572240E0,1.954433538E0
2.846686343E2,1.525540903E0,-8.469069144E-1,9.853640109E-1,2.003863419E0
2.846786233E2,1.002294624E0,-6.138889387E-1,7.672166741E-1,1.403593804E0
2.846886113E2,9.740970111E-1,-5.191073272E-1,8.951139915E-1,1.421114514E0
2.846986003E2,9.827859735E-1,-5.613616464E-1,6.725005513E-1,1.316530349E0
2.847085893E2,1.119329569E0,-7.529108763E-1,8.538881975E-1,1.596527020E0
2.847185773E2,1.362156833E0,-8.191609991E-1,1.083760371E0,1.923806779E0
2.847285663E2,1.459942744E0,-7.007312009E-1,1.190194899E0,2.009731557E0
2.847385543E2,1.283946231E0,-2.755655327E-1,1.287002571E0,1.838703321E0
2.847485433E2,1.518854612E0,-2.446855098E-1,1.122011687E0,1.904127242E0
2.847585323E2,1.816440466E0,-3.456835887E-1,1.033712298E0,2.118375374E0
2.847685203E2,1.964079738E0,-4.633035475E-1,1.509746404E0,2.520236814E0
2.847785093E2,2.126848680E0,-6.042120892E-1,1.880068697E0,2.902277702E0
2.847884973E2,2.047628263E0,-5.061849806E-1,1.803726865E0,2.775326169E0
2.847984863E2,1.945625340E0,-4.926589090E-1,1.823821406E0,2.711917272E0
2.848084743E2,1.786063596E0,-5.604000717E-1,1.781212746E0,2.583948578E0
2.848184633E2,1.377025133E0,-4.724152637E-1,1.567599925E0,2.139332588E0
2.848284523E2,1.186348016E0,-5.703529099E-1,1.583407288E0,2.059102400E0
2.848384403E2,1.390602368E0,-8.525293046E-1,1.566880717E0,2.261790517E0
2.848484293E2,1.784926897E0,-1.046387308E0,1.647422020E0,2.644785386E0
2.848584173E2,2.158573918E0,-1.124815719E0,1.777217343E0,3.013827010E0
2.848684063E2,2.070073970E0,-1.082192148E0,1.601548274E0,2.832190488E0
2.848783943E2,1.817637976E0,-1.133593559E0,1.557034006E0,2.648244147E0
2.848883833E2,1.599744408E0,-1.220474705E0,1.781149596E0,2.687235487E0
2.848983723E2,1.445369144E0,-1.289179489E0,1.604303482E0,2.514928504E0
2.849083603E2,1.284728004E0,-1.263812513E0,1.508596841E0,2.350236699E0
2.849183493E2,1.236745167E0,-1.105532479E0,1.334704156E0,2.129125608E0
2.849283373E2,1.462902605E0,-1.057764235E0,1.020755453E0,2.073858940E0
2.849383263E2,1.766143302E0,-1.100936567E0,1.088491353E0,2.348645762E0
2.849483143E2,1.929052577E0,-1.104912966E0,1.204701841E0,2.528513997E0
2.849583033E2,2.112039437E0,-1.190996844E0,1.263293281E0,2.734061810E0
2.849682923E2,1.893586290E0,-1.027215749E0,1.209724014E0,2.470682785E0
2.849782803E2,1.524069158E0,-7.413450837E-1,1.318867557E0,2.147508083E0
2.849882693E2,1.373194330E0,-6.677303928E-1,1.278385529E0,1.991430668E0
2.849982573E2,1.137900326E0,-6.660732919E-1,1.194328880E0,1.779014406E0
2.850082463E2,1.027374794E0,-5.939145577E-1,1.075521060E0,1.601555187E0
2.850182343E2,1.084764630E0,-6.921243918E-1,7.742456120E-1,1.501734579E0
2.850282237E2,1.028832797E0,-6.067872030E-1,9.586363882E-1,1.531558474E0
2.850382117E2,1.038347678E0,-3.938456422E-1,1.143248189E0,1.593830830E0
2.850482007E2,8.993257409E-1,-1.784581912E-1,7.762231404E-1,1.201314479E0
2.850581897E2,7.077002048E-1,3.694797099E-2,5.096456552E-1,8.728937085E-1
2.850681777E2,5.965572068E-1,2.192647398E-1,5.883550251E-1,8.660941996E-1
2.850781667E2,4.938844854E-1,3.567076367E-1,3.201946986E-1,6.882491322E-1
2.850881547E2,4.404257315E-1,4.853726935E-1,2.874122840E-1,7.156586460E-1
2.850981437E2,4.678137973E-1,5.426917791E-1,3.925966769E-1,8.170044473E-1
2.851081317E2,5.132884705E-1,5.580149925E-1,2.837981200E-1,8.095598549E-1
2.851181207E2,5.428259727E-1,6.658791643E-1,2.680720335E-1,8.999542840E-1
2.851281087E2,4.307477126E-1,6.439673084E-1,2.386710638E-1,8.106795685E-1
2.851380977E2,3.636096901E-1,8.011790568E-1,8.391748488E-2,8.838223984E-1
2.851480867E2,3.228104505E-1,9.823807615E-1,1.686108953E-1,1.047715697E0
2.851580747E2,3.092077804E-1,8.782301563E-1,2.195038909E-1,9.565979390E-1
2.851680637E2,3.274651265E-1,8.080466115E-1,1.802182031E-1,8.903096856E-1
2.851780517E2,3.478798029E-1,8.990105760E-1,-2.151599944E-2,9.642112379E-1
2.851880407E2,4.426830491E-1,1.030112168E0,-6.476726890E-2,1.123073532E0
2.851980287E2,5.928258061E-1,1.076091163E0,-1.940264028E-1,1.243809018E0
2.852080177E2,6.972828054E-1,1.251029330E0,-2.926689309E-1,1.461825160E0
2.852180057E2,8.274298391E-1,1.450949727E0,-2.879116362E-1,1.694930193E0
2.852279947E2,6.603665556E-1,1.422852686E0,-1.568673474E-1,1.576452067E0
2.852379837E2,6.583280700E-1,1.451135083E0,-2.990728015E-1,1.621306084E0
2.852479717E2,6.706542930E-1,1.429002203E0,-4.687975913E-1,1.646692339E0
2.852579607E2,4.685894305E-1,1.463932300E0,-5.736668193E-1,1.640660675E0
2.852679487E2,4.629660901E-1,1.499869287E0,-3.737136787E-1,1.613569767E0
2.852779377E2,6.824931505E-1,1.548408194E0,-1.754205626E-1,1.701216391E0
2.852879257E2,9.849620149E-1,1.378070616E0,-3.141159332E-1,1.722758721E0
2.852979147E2,1.141380881E0,1.249414330E0,-7.846174031E-1,1.865317922E0
2.853079027E2,1.041779994E0,1.245134168E0,-1.123425543E0,1.974271917E0
2.853178917E2,7.757582867E-1,1.346311464E0,-1.206070089E0,1.966967345E0
2.853278807E2,4.518526527E-1,1.517650670E0,-1.253233731E0,2.019413073E0
2.853378687E2,2.361327875E-1,1.740918413E0,-1.229879951E0,2.144565296E0
2.853478577E2,1.193262494E-1,2.033207275E0,-9.791896436E-1,2.259863477E0
2.853578457E2,1.276567045E-1,2.258934942E0,-1.080200002E0,2.507172781E0
2.853678347E2,2.781752182E-1,2.424885939E0,-1.124995228E0,2.687576517E0
2.853778227E2,4.271372031E-1,2.622820621E0,-1.156931551E0,2.898296882E0
2.853878117E2,6.658778487E-1,2.840300791E0,-1.122793752E0,3.125918697E0
2.853977997E2,7.748905599E-1,3.035667375E0,-9.881151259E-1,3.285133680E0
2.854077887E2,8.918953916E-1,3.236698158E0,-8.743166149E-1,3.469311444E0
2.854177767E2,1.124725379E0,3.381177009E0,-8.400829214E-1,3.661025056E0
2.854277657E2,1.313044169E0,3.450599247E0,-8.736456469E-1,3.793939492E0
2.854377547E2,1.520178567E0,3.415431753E0,-6.757396165E-1,3.799044744E0
2.854477427E2,1.671163177E0,3.437946457E0,-4.692060193E-1,3.851287641E0
2.854577317E2,1.677174261E0,3.425649177E0,-4.476713088E-1,3.840363966E0
2.854677197E2,1.541249740E0,3.121407437E0,-3.665154639E-1,3.500424079E0
2.854777087E2,1.278427044E0,2.658844147E0,-2.971917522E-1,2.965156125E0
2.854876967E2,9.851096570E-1,2.267122214E0,-4.479686397E-1,2.512162429E0
2.854976857E2,7.326672310E-1,1.872538653E0,-3.355626431E-1,2.038579056E0
2.855076737E2,3.995712358E-1,1.438248405E0,-2.254525557E-1,1.509650457E0
2.855176627E2,1.580560863E-1,9.846219993E-1,-2.360732920E-1,1.024789152E0
2.855276507E2,4.761680067E-3,6.854340076E-1,-2.487791455E-1,7.292006004E-1
2.855376397E2,-4.776765883E-2,5.424999905E-1,-2.103337026E-1,5.838049806E-1
2.855476287E2,4.792085588E-2,5.882141072E-1,-6.292495742E-2,5.935080408E-1
2.855576167E2,1.017430142E-1,8.476609129E-1,2.166044028E-1,8.807940346E-1
2.855676057E2,1.156064701E-1,1.083055197E0,4.642157131E-1,1.184005762E0
2.855775937E2,1.288729253E-1,1.142237206E0,5.425549543E-1,1.271093995E0
2.855875827E2,1.044008660E-1,9.753155708E-1,5.313774168E-1,1.115572482E0
2.855975707E2,2.351402226E-1,7.805518341E-1,3.653316220E-1,8.933192509E-1
2.856075597E2,2.676405090E-1,4.725000483E-1,-8.717621125E-2,5.499885721E-1
2.856175477E2,-3.146357507E-2,4.929729044E-2,-2.569512872E-1,2.635225671E-1
2.856275367E2,-6.121531928E-1,-3.662882996E-1,-9.566044807E-4,7.133719681E-1
2.856375247E2,-1.046161605E0,-1.264113645E0,2.218480396E-1,1.655794058E0
2.856475137E2,-1.830535179E0,-2.108962047E0,7.101683146E-1,2.881478612E0
2.856575027E2,-2.579971055E0,-2.815706817E0,1.095995597E0,3.973117400E0
2.856674907E2,-3.042077385E0,-3.499146924E0,1.562380700E0,4.892780137E0
2.856774797E2,-3.142958228E0,-3.829511100E0,1.943566536E0,5.321728344E0
2.856874677E2,-2.823169618E0,-3.616798750E0,1.974165015E0,4.994882121E0
2.856974567E2,-1.989734689E0,-2.795273137E0,1.609126266E0,3.789707559E0
2.857074447E2,-8.166034269E-1,-1.628014526E0,7.652929401E-1,1.975587442E0
2.857174337E2,2.988918301E-1,-7.652625346E-1,-3.385689890E-1,8.885899129E-1
2.857274217E2,1.113736999E0,-2.661465454E-1,-1.420633814E0,1.824676552E0
2.857374107E2,1.454162479E0,4.383657575E-1,-2.404085639E0,2.843656240E0
2.857473987E2,1.240687360E0,1.148431161E0,-3.020945256E0,3.461836145E0
2.857573877E2,6.133296525E-1,1.577416230E0,-3.101471356E0,3.533205315E0
2.857673767E2,-3.931632721E-1,1.615686842E0,-2.859597187E0,3.307917381E0
2.857773647E2,-1.068888563E0,1.312874161E0,-1.951746790E0,2.583694420E0
2.857873537E2,-1.460236275E0,1.052863684E0,-8.957862751E-1,2.010782177E0
2.857973417E2,-1.614061608E0,8.214507687E-1,-1.538892142E-1,1.817596801E0
2.858073307E2,-1.350041695E0,4.761949039E-1,4.174771643E-1,1.491194604E0
2.858173187E2,-8.286866981E-1,1.691815835E-1,9.393720784E-1,1.264026880E0
2.858273077E2,-1.726191616E-1,-7.506304622E-2,1.309962394E0,1.323417285E0
2.858372957E2,3.903244489E-1,-2.610343248E-1,1.286157648E0,1.369194504E0
2.858472847E2,6.548475149E-1,-4.321028048E-1,8.859402949E-1,1.183396936E0
2.858572727E2,5.575641721E-1,-5.016115808E-1,3.389030112E-1,8.230110784E-1
2.858672617E2,1.041558677E-1,-4.011646020E-1,-8.760824740E-2,4.236232851E-1
2.858772507E2,-5.521131054E-1,-2.697794205E-1,-5.939111225E-1,8.545994607E-1
2.858872387E2,-1.227190817E0,-1.239907926E-1,-9.327180932E-1,1.546393889E0
2.858972277E2,-1.832059548E0,5.609818697E-3,-1.046263785E0,2.109772871E0
2.859072157E2,-2.162604403E0,7.186637342E-2,-9.433840723E-1,2.360507592E0
2.859172047E2,-2.115005729E0,6.075198591E-2,-7.580021931E-1,2.247555864E0
2.859271927E2,-1.659099787E0,8.861689210E-2,-6.181746554E-1,1.772739394E0
2.859371817E2,-1.109979871E0,1.710070843E-1,-5.830141783E-1,1.265387004E0
2.859471697E2,-6.087565452E-1,1.879844749E-1,-4.140903108E-1,7.598641192E-1
2.859571587E2,-2.058822173E-1,1.101825929E-1,-1.638284576E-1,2.852498110E-1
2.859671467E2,2.261966139E-2,-1.016246080E-3,1.005574912E-3,2.266479690E-2
2.859771357E2,1.524097225E-1,-7.117815614E-3,-1.006729737E-2,1.529076103E-1
2.859871247E2,2.498638040E-1,1.965389514E-1,-1.182371324E-1,3.391747329E-1
2.859971127E2,2.788513756E-1,4.650945497E-1,-4.137897639E-1,6.821238879E-1
2.860071017E2,4.064326510E-1,7.171791261E-1,-4.410655631E-1,9.349183011E-1
2.860170897E2,5.522607476E-1,9.378641546E-1,-2.198038530E-1,1.110357978E0
2.860270781E2,6.787962484E-1,9.591515279E-1,2.605402350E-2,1.175336042E0
2.860370661E2,7.338577241E-1,8.299035037E-1,-6.131478041E-2,1.109525343E0
2.860470551E2,8.041488576E-1,5.595060325E-1,-3.481410272E-1,1.039665600E0
2.860570431E2,9.880926141E-1,3.242573440E-1,-3.626361287E-1,1.101351352E0
2.860670321E2,1.003776893E0,1.945087981E-1,-3.632717210E-1,1.085065927E0
2.860770201E2,9.307498473E-1,2.577879506E-1,-8.714821771E-2,9.697137297E-1
2.860870091E2,8.133667007E-1,3.480888408E-1,1.696949691E-1,9.008482744E-1
2.860969981E2,7.787403667E-1,3.606697100E-1,6.086293682E-2,8.603624210E-1
2.861069861E2,8.984249774E-1,3.675752717E-1,-1.690033896E-1,9.853127250E-1
2.861169751E2,9.230496490E-1,3.999191451E-1,-3.842620558E-1,1.076853428E0
2.861269631E2,8.149241066E-1,5.151414531E-1,-3.530529808E-1,1.026702695E0
2.861369521E2,6.517131150E-1,6.181588680E-1,-1.481520724E-1,9.103842084E-1
2.861469401E2,5.107598421E-1,6.686448973E-1,6.612016842E-2,8.439985140E-1
2.861569291E2,4.366577858E-1,6.826027858E-1,2.715072727E-1,8.545950996E-1
2.861669171E2,3.996794093E-1,6.795517087E-1,4.902716370E-1,9.283859289E-1
2.861769061E2,3.534384584E-1,6.880740255E-1,6.860063039E-1,1.033909695E0
2.861868941E2,3.125678828E-1,6.730858576E-1,7.453790778E-1,1.051823760E0
2.861968831E2,1.925122663E-1,5.804419881E-1,6.473763813E-1,8.905448070E-1
2.862068721E2,2.340523481E-2,3.426339734E-1,5.044445568E-1,6.102541730E-1
2.862168601E2,-1.498486421E-1,2.003665388E-2,3.732289445E-1,4.026858926E-1
2.862268491E2,-2.633124000E-1,-3.402605885E-1,3.076962751E-1,5.289496061E-1
2.862368371E2,-3.024410900E-1,-6.891639465E-1,3.354242834E-1,8.239702713E-1
2.862468261E2,-3.488787997E-1,-1.184471059E0,5.788819510E-1,1.363742065E0
2.862568141E2,-3.814895985E-1,-1.734604590E0,9.770170375E-1,2.027054437E0
2.862668031E2,-4.534960127E-1,-2.124457753E0,1.192384096E0,2.478055531E0
2.862767911E2,-6.049231106E-1,-2.187615868E0,1.257392271E0,2.594731292E0
2.862867801E2,-6.918954733E-1,-1.908728240E0,1.217279348E0,2.367220279E0
2.862967681E2,-5.263362399E-1,-1.401729035E0,1.081617878E0,1.847098091E0
2.863067571E2,-1.640801802E-1,-8.965512371E-1,8.576402827E-1,1.251508402E0
2.863167461E2,2.177593741E-1,-5.521595907E-1,5.197275706E-1,7.889335246E-1
2.863267341E2,5.468740001E-1,-2.400129998E-1,2.374098194E-1,6.426825300E-1
2.863367231E2,7.456995052E-1,4.569891393E-2,1.049165174E-1,7.544293330E-1
2.863467111E2,7.991448104E-1,2.370309198E-1,7.701806277E-3,8.335918682E-1
2.863567001E2,7.772510809E-1,4.490000886E-1,-6.570121542E-2,9.000205397E-1
2.863666881E2,6.743634742E-1,6.808503753E-1,-1.456740224E-1,9.693009077E-1
2.863766771E2,5.992887336E-1,8.753141499E-1,-1.889270461E-1,1.077504188E0
2.863866651E2,4.611310145E-1,9.679159194E-1,-2.219952433E-1,1.094890372E0
2.863966541E2,3.125538495E-1,9.085023612E-1,-2.322853927E-1,9.884447141E-1
2.864066421E2,1.543539217E-1,7.656116134E-1,-1.909979837E-1,8.040314083E-1
2.864166311E2,7.439441711E-2,6.331096137E-1,-5.786623880E-2,6.400865674E-1
2.864266201E2,3.464182913E-3,4.556203061E-1,-1.546946682E-2,4.558960060E-1
2.864366081E2,-7.039199799E-2,2.881022555E-1,4.301942736E-3,2.966082428E-1
2.864465971E2,-9.745028079E-2,1.479602838E-1,3.129429817E-3,1.771964902E-1
2.864565851E2,-1.778489113E-1,-2.075761557E-3,-4.639765620E-2,1.838131838E-1
2.864665741E2,-1.814154205E-1,-4.516506314E-2,-1.031834026E-1,2.135374728E-1
2.864765621E2,-1.231800762E-1,2.972373605E-2,-2.366537744E-1,2.684433657E-1
2.864865511E2,-3.036546797E-2,1.438578773E-1,-4.872671914E-1,5.089660758E-1
2.864965391E2,6.408255994E-3,1.535560691E-1,-6.890406433E-1,7.059727617E-1
2.865065281E2,-3.870213568E-2,5.084504843E-2,-7.901295733E-1,7.927091629E-1
2.865165161E2,-1.891159111E-1,-9.315783978E-2,-7.828883815E-1,8.107758191E-1
2.865265051E2,-3.621551952E-1,-2.560408026E-1,-7.017197458E-1,8.301348563E-1
2.865364941E2,-5.112831679E-1,-3.974446034E-1,-5.546165176E-1,8.526266312E-1
2.865464821E2,-5.605351424E-1,-4.829753351E-1,-3.923364028E-1,8.374918944E-1
2.865564711E2,-5.490728456E-1,-4.882869458E-1,-2.058348548E-1,7.630682268E-1
2.865664591E2,-4.634634688E-1,-4.245984882E-1,-4.245670594E-2,6.299879642E-1
2.865764481E2,-3.819801798E-1,-3.503446966E-1,6.888889812E-2,5.228727805E-1
2.865864361E2,-2.880469993E-1,-2.811341286E-1,7.651607931E-2,4.097098759E-1
2.865964251E2,-2.050992751E-1,-2.056734717E-1,1.609621525E-2,2.909061322E-1
2.866064131E2,-1.380881372E-1,-4.646606863E-2,-5.202099659E-2,1.547049232E-1
2.866164021E2,-5.842917949E-2,9.185098708E-2,-1.492631165E-1,1.847432023E-1
2.866263901E2,-1.915898681E-2,1.858993578E-1,-2.369911587E-1,3.018119403E-1
2.866363791E2,-7.416228265E-2,2.590398395E-1,-2.445527780E-1,3.638787488E-1
2.866463681E2,-1.577113929E-1,2.985412896E-1,-2.951563364E-1,4.484607541E-1
2.866563561E2,-2.181525993E-1,2.945874023E-1,-2.968251318E-1,4.716751563E-1
2.866663451E2,-2.912243763E-1,2.287495083E-1,-3.130301783E-1,4.848977907E-1
2.866763331E2,-3.650533676E-1,1.522930706E-1,-3.330340147E-1,5.170771659E-1
2.866863221E2,-4.440650386E-1,7.603309929E-2,-3.598639637E-1,5.766080671E-1
2.866963101E2,-4.960371378E-1,1.794919789E-2,-3.343192327E-1,5.984516398E-1
2.867062991E2,-5.505539453E-1,-1.978814721E-2,-3.102994555E-1,6.322870943E-1
2.867162871E2,-5.479700607E-1,-2.981378317E-2,-2.503678340E-1,6.031949116E-1
2.867262761E2,-5.032666352E-1,-1.816729903E-2,-1.934427776E-1,5.394696146E-1
2.867362641E2,-4.705254436E-1,-4.151523113E-3,-1.519872612E-1,4.944810975E-1
2.867462531E2,-4.350515556E-1,2.689134479E-2,-1.393303782E-1,4.576089540E-1
2.867562421E2,-3.730821794E-1,5.951646924E-2,-1.431152809E-1,4.039981514E-1
2.867662301E2,-3.513249823E-1,1.056416452E-1,-1.200192907E-1,3.859974489E-1
2.867762191E2,-3.132900140E-1,1.371628153E-1,-1.019554874E-1,3.568741966E-1
2.867862071E2,-2.832809338E-1,1.691160947E-1,-8.522791900E-2,3.407523134E-1
2.867961961E2,-2.624022809E-1,1.755679125E-1,-7.354518212E-2,3.241727051E-1
2.868061841E2,-2.807318401E-1,1.326014024E-1,-8.304800391E-2,3.213883460E-1
2.868161731E2,-3.142729309E-1,9.078211606E-2,-8.305319332E-2,3.375006676E-1
2.868261611E2,-2.960033056E-1,7.389009476E-2,-7.776614092E-2,3.148416677E-1
2.868361501E2,-2.763867742E-1,7.129626989E-2,-7.265633225E-2,2.945364997E-1
2.868461381E2,-2.466492972E-1,2.995177746E-2,-5.277287543E-2,2.540038605E-1
2.868561271E2,-2.122574365E-1,-3.449740291E-2,-1.693879902E-2,2.157086300E-1
2.868661161E2,-1.575985417E-1,-1.006949008E-1,1.520276070E-3,1.870269355E-1
2.868761041E2,-1.253040773E-1,-1.244334269E-1,4.950018883E-2,1.833986319E-1
2.868860931E2,-1.082629520E-1,-1.221688002E-1,1.069724715E-1,1.951645259E-1
2.868960811E2,-5.608327657E-2,-1.150772971E-1,1.342140645E-1,1.854765034E-1
2.869060701E2,7.549047768E-3,-8.509160578E-2,1.301291265E-1,1.556636087E-1
2.869160581E2,6.619749784E-2,-3.983357191E-2,5.965446353E-2,9.760879669E-2
2.869260471E2,1.514873242E-1,-3.769524515E-2,-1.359251060E-2,1.566974705E-1
2.869360351E2,1.886332235E-1,1.912507296E-2,-5.740277387E-2,1.980993182E-1
2.869460241E2,1.685003829E-1,9.343148947E-2,-8.443788707E-2,2.103605929E-1
2.869560121E2,1.123925480E-1,1.016439039E-1,-1.162380425E-1,1.909839013E-1
2.869660011E2,1.243644297E-2,3.476754427E-2,-8.651657224E-2,9.406680881E-2
2.869759901E2,-9.522863120E-2,-4.144155622E-2,-4.438029371E-2,1.129402729E-1
2.869859781E2,-1.800384012E-1,-1.095312130E-1,1.731411718E-2,2.114490274E-1
2.869959671E2,-2.049896398E-1,-1.996584409E-1,7.320472799E-2,2.953695612E-1
2.870059551E2,-1.841890472E-1,-2.636749274E-1,6.584724963E-2,3.283076799E-1
2.870159441E2,-1.452518535E-1,-2.300049055E-1,5.904810727E-2,2.783649339E-1
2.870259321E2,-7.675142974E-2,-1.364857078E-1,2.745260440E-2,1.589741359E-1
2.870359215E2,-2.420308739E-2,2.045940757E-2,1.173704289E-2,3.379548746E-2
2.870459095E2,1.546296179E-3,1.924418074E-1,-3.117223755E-3,1.924732640E-1
2.870558985E2,-2.609933943E-2,3.066431916E-1,1.299536370E-2,3.080261384E-1
2.870658865E2,-1.003282803E-1,3.642417741E-1,9.721580744E-2,3.901137617E-1
2.870758755E2,-2.081594154E-1,4.162451559E-1,2.181326457E-1,5.139768703E-1
2.870858645E2,-3.147047478E-1,3.998326063E-1,3.332397636E-1,6.082383837E-1
2.870958525E2,-3.735312456E-1,3.501581705E-1,4.215988666E-1,6.632359611E-1
2.871058415E2,-3.930945674E-1,2.716160309E-1,4.063610957E-1,6.272383496E-1
2.871158295E2,-3.464127365E-1,1.787593228E-1,3.575070242E-1,5.289309518E-1
2.871258185E2,-2.151196486E-1,9.668429554E-2,2.775777789E-1,3.642440659E-1
2.871358065E2,-4.984751344E-2,8.165227354E-2,1.603913911E-1,1.867545628E-1
2.871457955E2,1.769095561E-1,8.883791685E-2,5.124141656E-2,2.044867949E-1
2.871557835E2,3.240757880E-1,6.089816630E-2,-1.407256700E-2,3.300480876E-1
2.871657725E2,4.210085902E-1,-8.881335855E-3,-3.177442767E-2,4.222993315E-1
2.871757605E2,5.410297081E-1,-1.169887519E-1,-4.700108886E-2,5.555255309E-1
2.871857495E2,6.325196296E-1,-1.987948072E-1,-5.562748611E-2,6.653531952E-1
2.871957385E2,6.837821692E-1,-2.368367922E-1,-2.681547716E-2,7.241331307E-1
2.872057265E2,6.668588653E-1,-2.458415043E-1,4.754670717E-2,7.123197883E-1
2.872157155E2,5.892344463E-1,-1.857578552E-1,1.270091254E-1,6.307412555E-1
2.872257035E2,4.906939521E-1,-1.303601646E-1,1.778460608E-1,5.379624044E-1
2.872356925E2,3.916216537E-1,-1.168905187E-1,2.238566313E-1,4.659857341E-1
2.872456805E2,3.405903715E-1,-1.579748100E-1,3.224172252E-1,4.948845410E-1
2.872556695E2,3.059070271E-1,-2.196605963E-1,3.556305065E-1,5.179796752E-1
2.872656575E2,2.788250631E-1,-2.485820943E-1,3.467544331E-1,5.096813812E-1
2.872756465E2,2.282872859E-1,-2.212639028E-1,3.220764057E-1,4.525549808E-1
2.872856345E2,1.682685408E-1,-1.772606814E-1,3.046527994E-1,3.905751901E-1
2.872956235E2,1.566027609E-1,-1.332065892E-1,2.980219837E-1,3.620573475E-1
2.873056125E2,2.143036696E-1,-1.021824324E-1,2.809270640E-1,3.678142570E-1
2.873156005E2,3.000028011E-1,-6.733185768E-2,2.213796777E-1,3.788723023E-1
2.873255895E2,4.253659353E-1,-3.110075533E-2,1.457236507E-1,4.507092391E-1
2.873355775E2,5.073003370E-1,-4.628655910E-2,6.866977371E-2,5.140151897E-1
2.873455665E2,5.160015786E-1,-5.770032406E-2,1.539045632E-2,5.194456879E-1
2.873555545E2,4.571990544E-1,-6.341480792E-2,-9.880113378E-3,4.616817408E-1
2.873655435E2,4.026541802E-1,-4.293376565E-2,-4.689876258E-2,4.076434607E-1
2.873755315E2,2.014915431E-1,-9.072305918E-2,1.024115702E-1,2.435521404E-1
2.873855205E2,1.112409389E-1,-2.025054502E-1,1.892816797E-3,2.310553757E-1
2.873955085E2,-5.700216651E-2,-1.985486394E-1,-6.323763728E-3,2.066659120E-1
2.874054975E2,-1.355720803E-1,-7.371701717E-2,-1.014742615E-1,1.846916710E-1
2.874154865E2,-1.574549925E-1,7.962328970E-2,-2.326707242E-1,2.920061794E-1
2.874254745E2,-1.116970217E-1,3.669595599E-2,-2.797231954E-1,3.034269004E-1
2.874354635E2,-1.940690875E-3,-1.902683973E-3,-3.019455385E-1,3.019577698E-1
2.874454515E2,6.023246080E-2,-5.832363725E-2,-3.506225125E-1,3.605076175E-1
2.874554405E2,3.985549897E-2,-1.254473341E-1,-3.733845536E-1,3.959059475E-1
2.874654285E2,-5.655660868E-2,-1.515522283E-1,-3.481280172E-1,3.838747768E-1
2.874754175E2,-2.138031480E-1,-1.118835479E-1,-3.213149520E-1,4.018370475E-1
2.874854055E2,-4.124853963E-1,-9.557917178E-2,-2.651443326E-1,4.995809217E-1
2.874953945E2,-5.395050466E-1,-9.098735332E-2,-1.732266873E-1,5.738918705E-1
2.875053825E2,-5.723804319E-1,-9.598438382E-2,-1.446723944E-1,5.981324790E-1
2.875153715E2,-5.385338241E-1,-1.084915781E-1,-1.429942435E-1,5.676587495E-1
2.875253605E2,-5.868256858E-1,-9.664161086E-2,-1.548179714E-1,6.145507227E-1
2.875353485E2,-7.315773100E-1,-1.256841463E-1,-2.194021493E-1,7.740408053E-1
2.875453375E2,-9.848175886E-1,-1.485274637E-1,-3.369306723E-1,1.051403047E0
2.875553255E2,-1.254205538E0,-8.931855798E-2,-4.293850189E-1,1.328676345E0
2.875653145E2,-1.528468019E0,-2.412537789E-1,-4.404070935E-1,1.608843149E0
2.875753025E2,-1.716379111E0,-3.159928894E-1,-2.941787551E-1,1.769844597E0
2.875852915E2,-1.852706652E0,-3.567573380E-1,-9.510393932E-2,1.889138030E0
2.875952795E2,-1.950890466E0,-4.435393739E-1,2.768758938E-2,2.000866659E0
2.876052685E2,-1.803780952E0,-3.436899805E-1,-5.345290661E-2,1.837009999E0
2.876152565E2,-1.320576406E0,-7.597872019E-2,-9.375250161E-2,1.326078558E0
2.876252455E2,-6.789099768E-1,1.783991343E-1,-3.609053528E-1,7.893020217E-1
2.876352345E2,-6.277512252E-2,2.826988435E-1,-6.589355958E-1,7.197607043E-1
2.876452225E2,3.683985597E-1,2.133169520E-1,-8.392083241E-1,9.410059681E-1
2.876552115E2,5.806548268E-1,1.535660094E-1,-9.517227866E-1,1.125397179E0
2.876651995E2,6.311984512E-1,1.731793249E-1,-9.498844220E-1,1.153552330E0
2.876751885E2,5.045913219E-1,2.236992681E-1,-8.072227389E-1,9.778866575E-1
2.876851765E2,3.854911405E-1,2.981021637E-1,-5.739644426E-1,7.529299441E-1
2.876951655E2,3.288462389E-1,3.476894760E-1,-3.631582850E-1,6.007593200E-1
2.877051535E2,3.698866761E-1,3.496763599E-1,-2.058892339E-1,5.490720230E-1
2.877151425E2,3.643978947E-1,3.995712358E-1,-1.239820218E-1,5.548103639E-1
2.877251305E2,4.447281128E-1,4.546449906E-1,-8.084243417E-2,6.411089306E-1
2.877351195E2,5.467941856E-1,5.067711639E-1,-1.081297816E-1,7.533212752E-1
2.877451085E2,6.040691248E-1,5.837953663E-1,-1.126419318E-1,8.475876014E-1
2.877550965E2,6.167587522E-1,6.269454789E-1,-5.643674076E-2,8.812701615E-1
2.877650855E2,6.059782407E-1,5.385385019E-1,1.035832791E-1,8.172899375E-1
2.877750735E2,4.174941212E-1,2.922005689E-1,3.189356469E-1,6.011675811E-1
2.877850625E2,1.360778645E-1,1.983609438E-2,3.351302415E-1,3.622470629E-1
2.877950505E2,-1.985693970E-1,-1.636267287E-1,9.892757982E-3,2.574905405E-1
2.878050395E2,-4.803262541E-1,-1.396098751E-1,-5.338028419E-1,7.315392687E-1
2.878150275E2,-6.940612820E-1,-5.007146180E-2,-8.710926063E-1,1.114912796E0
2.878250165E2,-1.054054469E0,3.176909208E-2,-1.112197720E0,1.532652559E0
2.878350045E2,-1.305781488E0,2.519565225E-2,-1.237413066E0,1.799136240E0
2.878449935E2,-1.326548167E0,1.344777739E-1,-1.202523315E0,1.795515701E0
2.878549825E2,-1.141654530E0,2.812931728E-1,-1.096361121E0,1.607640701E0
2.878649705E2,-8.034963083E-1,3.519749004E-1,-8.814921717E-1,1.243592014E0
2.878749595E2,-4.956108758E-1,3.905331945E-1,-5.718033117E-1,8.515311759E-1
2.878849475E2,-2.454345381E-1,3.235205948E-1,-2.284555395E-1,4.659352115E-1
2.878949365E2,1.112549722E-2,2.003519207E-1,8.567340374E-3,2.008433921E-1
2.879049245E2,2.509385222E-1,5.360259533E-2,1.751128529E-1,3.106571928E-1
2.879149135E2,3.437414360E-1,-8.480392277E-2,2.327361399E-1,4.236932746E-1
2.879249015E2,4.240625909E-1,-1.724384826E-1,2.039109747E-1,5.011424916E-1
2.879348905E2,4.963122493E-1,-1.689447713E-1,9.790285528E-2,5.333414981E-1
2.879448785E2,5.395424688E-1,-1.197457141E-1,9.775813669E-3,5.527573411E-1
2.879548675E2,5.146201739E-1,-4.387165904E-2,-1.007726687E-1,5.262259748E-1
2.879648565E2,3.632237738E-1,5.917733073E-2,-1.714808549E-1,4.060038792E-1
2.879748445E2,1.960200110E-1,9.255557656E-2,-1.620889109E-1,2.706717468E-1
2.879848335E2,-3.547622681E-2,1.146346629E-1,-8.350057840E-2,1.461917070E-1
2.879948215E2,-8.878821552E-2,7.918884158E-2,3.569549739E-2,1.242110638E-1
2.880048105E2,-6.157264262E-2,1.246041656E-2,1.914552359E-1,2.014982870E-1
2.880147985E2,2.766551614E-2,-2.979974985E-2,3.476234025E-1,3.499934797E-1
2.880247875E2,1.431892481E-1,-8.165812075E-2,4.894278838E-1,5.164405705E-1
2.880347756E2,2.766513607E-1,-1.294392282E-1,5.929595612E-1,6.670018968E-1
2.880447646E2,3.697656387E-1,-1.042962009E-1,7.338014446E-1,8.282927533E-1
2.880547526E2,3.883132991E-1,-4.827344298E-2,8.258595693E-1,9.138717480E-1
2.880647416E2,4.113030893E-1,-7.582376897E-2,9.643010245E-1,1.051092737E0
2.880747306E2,4.296241701E-1,-1.583040082E-1,1.122656050E0,1.212432964E0
2.880847186E2,4.173599276E-1,-2.166393399E-1,1.256472942E0,1.341583455E0
2.880947076E2,5.473642892E-1,-3.152994096E-1,1.369898985E0,1.508523985E0
2.881046956E2,6.370050287E-1,-3.932112193E-1,1.385918602E0,1.575170099E0
2.881146846E2,7.207120138E-1,-5.114904517E-1,1.305866858E0,1.576812145E0
2.881246726E2,7.093181294E-1,-5.580413049E-1,1.169116710E0,1.476948268E0
2.881346616E2,6.913446656E-1,-5.713308567E-1,9.970027475E-1,1.341040966E0
2.881446496E2,6.617115614E-1,-5.876089203E-1,7.422307907E-1,1.155012113E0
2.881546386E2,6.401853293E-1,-4.520850796E-1,3.994155537E-1,8.796311497E-1
2.881646266E2,5.981087655E-1,-2.999071991E-1,1.341206552E-1,6.823978118E-1
2.881746156E2,5.228615320E-1,-1.692692918E-1,4.502531469E-2,5.514195805E-1
2.881846046E2,4.873797503E-1,-1.008393270E-1,4.098605812E-2,4.993870722E-1
2.881945926E2,5.016259065E-1,-1.144995922E-1,1.787872432E-1,5.447050441E-1
2.882045816E2,5.510556364E-1,-3.749106038E-1,2.994622260E-1,7.306831735E-1
2.882145696E2,8.548398319E-1,-7.739433110E-1,5.245005065E-1,1.266822864E0
2.882245586E2,1.467204694E0,-1.210982335E0,7.832876001E-1,2.057354441E0
2.882345466E2,2.296226145E0,-1.514415990E0,8.201491785E-1,2.870323148E0
2.882445356E2,2.909310507E0,-1.383469350E0,8.554159288E-1,3.333138383E0
2.882545236E2,3.353384316E0,-1.160655935E0,1.696377687E0,3.933192829E0
2.882645126E2,3.612204885E0,-9.525734103E-1,2.366749267E0,4.422320921E0
2.882745006E2,3.554918836E0,-4.323419559E-1,1.656049587E0,3.945487008E0
2.882844896E2,2.349912648E0,3.635336763E-1,4.258342972E-1,2.415694731E0
2.882944786E2,5.271264911E-1,1.342496156E0,6.158408855E-1,1.568253252E0
2.883044666E2,-1.331419190E0,1.790284116E0,1.918197221E0,2.942324737E0
2.883144556E2,-2.533080479E0,1.929320379E0,3.045669622E0,4.406231643E0
2.883244436E2,-2.798483551E0,1.825257483E0,3.424400212E0,4.784306833E0
2.883344326E2,-2.210084379E0,1.316418743E0,2.806453013E0,3.807047384E0
2.883444206E2,-1.437418977E0,8.028437591E-1,1.843993131E0,2.472052201E0
2.883544096E2,-6.487140781E-1,5.989934492E-1,9.736920914E-1,1.314419794E0
2.883643976E2,-7.870644629E-2,5.731645435E-1,6.460986185E-1,8.672691182E-1
2.883743866E2,3.861404738E-1,3.968224597E-1,-3.765212193E-2,5.549686588E-1
2.883843746E2,6.106522125E-1,-1.873705173E-1,-8.655007678E-1,1.075683696E0
2.883943636E2,4.047793508E-1,-5.389624250E-1,-1.120162358E0,1.307321891E0
2.884043526E2,1.091011503E-1,-5.596773559E-1,-9.023260935E-1,1.067395982E0
2.884143406E2,-1.402913681E-1,-2.104939163E-1,-3.489989600E-1,4.310332131E-1
2.884243296E2,-2.132847923E-1,2.732836568E-1,-3.167039108E-1,4.695484287E-1
2.884343176E2,-4.080786422E-1,6.699587667E-1,-4.645823336E-1,9.117070099E-1
2.884443066E2,-7.718488383E-1,8.819992715E-1,-4.922420025E-1,1.271210263E0
2.884542946E2,-1.150052886E0,8.892749619E-1,-3.835603899E-1,1.503512611E0
2.884642836E2,-1.140572796E0,6.206398416E-1,-4.083847439E-1,1.361204692E0
2.884742716E2,-7.630344531E-1,2.016003013E-1,-5.922347988E-1,9.867149107E-1
2.884842606E2,-1.797065717E-1,-2.305557132E-1,-6.837274978E-1,7.435951049E-1
2.884942486E2,3.255264822E-1,-5.491225469E-1,-7.171709400E-1,9.601235438E-1
2.885042376E2,6.062156376E-1,-6.871548432E-1,-6.382461002E-1,1.116708226E0
2.885142266E2,6.647681934E-1,-6.092547280E-1,-3.771391238E-1,9.774159776E-1
2.885242146E2,5.677848127E-1,-3.377568108E-1,-1.714122963E-1,6.825257740E-1
2.885342036E2,4.198838782E-1,-3.942835987E-2,2.517621025E-2,4.224818438E-1
2.885441916E2,2.398405069E-1,1.638705575E-1,1.127698396E-1,3.115992059E-1
2.885541806E2,7.240110129E-2,2.722200483E-1,1.227095215E-1,3.072512015E-1
2.885641686E2,-6.709913850E-2,2.657191139E-1,7.769955575E-2,2.848616557E-1
2.885741576E2,-2.752199623E-1,1.482947445E-1,-2.239264324E-2,3.134306771E-1
2.885841456E2,-4.339926249E-1,-2.295441449E-2,-8.133769333E-2,4.421451390E-1
2.885941346E2,-5.373936170E-1,-1.567176586E-1,-1.977966875E-1,5.936967692E-1
2.886041226E2,-5.300129691E-1,-2.109710491E-1,-3.080757594E-1,6.483310917E-1
2.886141116E2,-4.657447600E-1,-2.030895871E-1,-3.077869070E-1,5.940507907E-1
2.886241006E2,-4.367949030E-1,-1.245024240E-1,-3.109699850E-1,5.504479743E-1
2.886340886E2,-3.731052759E-1,-2.758950233E-2,-3.480075645E-1,5.109579166E-1
2.886440776E2,-3.329696953E-1,3.581068754E-2,-4.168053192E-1,5.346755067E-1
2.886540656E2,-2.385617208E-1,9.157733738E-2,-5.508435287E-1,6.072287019E-1
2.886640546E2,-1.583303207E-1,1.905221665E-1,-8.258326721E-1,8.621872121E-1
2.886740426E2,-9.966491371E-2,2.264761108E-1,-1.084776617E0,1.112638680E0
2.886840316E2,-4.293201149E-2,2.462543178E-1,-1.204344284E0,1.230011992E0
2.886940196E2,-4.149330407E-2,2.350405276E-1,-1.230940636E0,1.253866259E0
2.887040086E2,-5.649141222E-2,1.513083994E-1,-1.141138514E0,1.152511440E0
2.887139966E2,-7.925842345E-2,-2.100436807E-2,-1.101666300E0,1.104713409E0
2.887239856E2,-6.947106153E-2,-2.574885732E-1,-1.075425311E0,1.108000990E0
2.887339746E2,1.070215881E-2,-4.294867605E-1,-1.140878313E0,1.219088486E0
2.887439626E2,4.064955086E-2,-5.391343331E-1,-1.271050051E0,1.381262628E0
2.887539516E2,-1.817723930E-2,-5.187047464E-1,-1.425061326E0,1.516636017E0
2.887639396E2,-1.093786007E-1,-4.265076041E-1,-1.510310075E0,1.573184331E0
2.887739286E2,-2.573382998E-1,-3.577519494E-1,-1.565245836E0,1.626100853E0
2.887839166E2,-4.478771308E-1,-3.037850726E-1,-1.518602012E0,1.612151161E0
2.887939056E2,-5.941706657E-1,-3.035394895E-1,-1.425570472E0,1.573984171E0
2.888038936E2,-6.721725225E-1,-2.723592120E-1,-1.308441241E0,1.495999305E0
2.888138826E2,-6.937218511E-1,-1.171764475E-1,-1.116949752E0,1.320059497E0
2.888238706E2,-6.593440238E-1,6.466143429E-2,-9.274173729E-1,1.139744983E0
2.888338596E2,-6.227571183E-1,1.777851766E-1,-7.676117997E-1,1.004321598E0
2.888438486E2,-6.251299185E-1,2.079129553E-1,-6.569235688E-1,9.303568064E-1
2.888538366E2,-6.345810655E-1,1.797211897E-1,-6.222799855E-1,9.067663509E-1
2.888638256E2,-6.550723404E-1,1.036337113E-1,-6.080531251E-1,8.997712600E-1
2.888738136E2,-6.928196257E-1,2.139145374E-2,-5.615882260E-1,8.920975079E-1
2.888838026E2,-7.279233849E-1,-7.882865310E-2,-3.831009449E-1,8.263490454E-1
2.888937906E2,-7.201819637E-1,-1.871489078E-1,-1.402678330E-1,7.572066030E-1
2.889037796E2,-6.101721561E-1,-2.383266628E-1,1.564029323E-1,6.734771974E-1
2.889137676E2,-4.500873783E-1,-2.323718584E-1,3.145584212E-1,5.962569321E-1
2.889237566E2,-2.551496869E-1,-1.826003587E-1,2.610904580E-1,4.081819215E-1
2.889337446E2,-1.179026717E-1,-4.419091702E-2,9.360924482E-2,1.568966789E-1
2.889437336E2,-7.842168689E-2,6.324757755E-2,-4.682698801E-2,1.110989822E-1
2.889537226E2,-1.265732154E-1,1.151527262E-1,-9.694157302E-2,1.966687514E-1
2.889637106E2,-1.616418913E-1,1.439350605E-1,-5.396526888E-2,2.230642349E-1
2.889736996E2,-7.210844815E-2,2.387336290E-1,-6.448440984E-2,2.575880685E-1
2.889836876E2,7.599626184E-2,3.705129129E-1,-9.691014424E-2,3.904443961E-1
2.889936766E2,1.613533312E-1,4.515886509E-1,-1.020077468E-1,4.902782756E-1
2.890036646E2,2.247748634E-1,4.930302072E-1,1.298958957E-3,5.418525738E-1
2.890136536E2,1.537969744E-1,4.256930870E-1,1.626461506E-1,4.809593371E-1
2.890236416E2,2.435774624E-2,3.140814346E-1,2.902930610E-1,4.283812655E-1
2.890336305E2,-1.760438758E-1,1.384211361E-1,3.663537884E-1,4.293797333E-1
2.890436185E2,-3.846161047E-1,5.011999369E-2,3.158548951E-1,5.002058341E-1
2.890536075E2,-5.563941443E-1,-1.560797274E-2,2.212636104E-1,5.989788293E-1
2.890635965E2,-7.135567760E-1,-6.412056684E-3,1.491919997E-1,7.290148420E-1
2.890735845E2,-7.954581410E-1,1.492747378E-1,1.839592516E-1,8.299865105E-1
2.890835735E2,-1.039278701E0,3.060099381E-1,9.581291422E-2,1.087622368E0
2.890935615E2,-1.284993760E0,3.819553292E-1,-2.072013491E-1,1.356477510E0
2.891035505E2,-1.372177499E0,4.465419191E-1,-6.995360300E-1,1.603627585E0
2.891135385E2,-1.393007620E0,4.255515844E-1,-1.175904889E0,1.871982021E0
2.891235275E2,-1.556293749E0,3.650311482E-1,-1.611337975E0,2.269737439E0
2.891335155E2,-1.872310173E0,3.075097489E-1,-1.969619097E0,2.734868739E0
2.891435045E2,-2.050314474E0,2.753658503E-1,-2.356351894E0,3.135603617E0
2.891534925E2,-2.159773474E0,2.426652968E-1,-2.639812045E0,3.419373559E0
2.891634815E2,-2.358871752E0,3.578314716E-1,-2.637991807E0,3.556869421E0
2.891734705E2,-2.416993221E0,4.111744505E-1,-2.621522832E0,3.589331779E0
2.891834585E2,-2.280424045E0,3.409324336E-1,-2.407269448E0,3.333393908E0
2.891934475E2,-1.973685544E0,1.243106353E-1,-2.102636529E0,2.886514877E0
2.892034355E2,-1.547435655E0,-7.617752552E-3,-1.752348258E0,2.337806569E0
2.892134245E2,-1.117599670E0,-8.745797396E-2,-1.409287146E0,1.800768774E0
2.892234125E2,-7.509492816E-1,-1.014187860E-1,-1.165174371E0,1.389907158E0
2.892334015E2,-3.827444109E-1,7.735573947E-2,-9.944055605E-1,1.068325612E0
2.892433895E2,7.912437603E-2,4.209252673E-1,-8.428849071E-1,9.454595254E-1
2.892533785E2,1.098549295E-1,1.771232718E-1,-6.127346984E-1,6.472129244E-1
2.892633675E2,3.326396931E-1,-1.129360467E-1,-4.746065077E-1,5.904701967E-1
2.892733555E2,5.265739292E-1,-2.018809676E-2,-6.317986679E-1,8.227133273E-1
2.892833445E2,7.092869930E-1,1.078881454E-1,-5.199700838E-1,8.860568709E-1
2.892933325E2,8.546875119E-1,2.570658195E-1,2.887004256E-2,8.929765159E-1
2.893033215E2,1.134976718E0,6.700359499E-1,2.150079668E-1,1.335420814E0
2.893133095E2,1.388354698E0,8.255941057E-1,4.151067030E-1,1.667767361E0
2.893232985E2,1.295337777E0,9.273140234E-1,5.417281580E-1,1.682640975E0
2.893332865E2,8.512645519E-1,9.411362565E-1,6.643623966E-1,1.432398752E0
2.893432755E2,2.969122918E-1,9.732883412E-1,6.950395212E-1,1.232285292E0
2.893532635E2,-7.619945258E-2,8.806444716E-1,3.708070278E-1,9.585608452E-1
2.893632525E2,-2.753342754E-1,1.011178299E0,-1.268021339E-1,1.055636915E0
2.893732415E2,-3.643400073E-1,8.550640726E-1,-1.801147074E-1,9.467415260E-1
2.893832295E2,-7.242127419E-2,1.071376553E0,-2.576984882E-2,1.074130646E0
2.893932185E2,6.046550158E-1,9.573277813E-1,1.369634253E-1,1.140545110E0
2.894032065E2,1.052366670E0,8.569889760E-1,2.662091106E-1,1.383030370E0
2.894131955E2,1.270756082E0,7.906148922E-1,3.327293748E-1,1.533167233E0
2.894231835E2,1.350091104E0,5.638703942E-1,2.558899444E-1,1.485319990E0
2.894331725E2,1.400989947E0,5.700029540E-1,-5.130873263E-2,1.513376617E0
2.894431605E2,1.369222901E0,9.923064101E-1,-2.046390992E-1,1.703326312E0
2.894531495E2,1.569695567E0,1.134886086E0,2.031322718E-2,1.937091435E0
2.894631375E2,1.795020361E0,1.176701864E0,3.065005195E-1,2.168102383E0
2.894731265E2,1.684159199E0,1.311745648E0,5.406095856E-1,2.202118883E0
2.894831155E2,1.504609332E0,1.384141195E0,8.524918824E-1,2.215048194E0
2.894931035E2,1.303085922E0,1.493471264E0,9.203657770E-1,2.185306042E0
2.895030925E2,1.145838506E0,1.547556254E0,5.966668421E-1,2.015908619E0
2.895130805E2,9.561983185E-1,1.512762982E0,2.996844202E-1,1.814546174E0
2.895230695E2,7.335510376E-1,1.467755794E0,2.364304107E-1,1.657800813E0
2.895330575E2,5.963662952E-1,1.421627110E0,3.768045169E-1,1.587028053E0
2.895430465E2,8.192305809E-1,1.276308013E0,1.430649948E-1,1.523341223E0
2.895530345E2,1.007299256E0,1.317369500E0,-3.028080028E-1,1.685765962E0
2.895630235E2,9.449264216E-1,1.409345033E0,-4.543771881E-1,1.756587030E0
2.895730125E2,1.029801534E0,1.384838768E0,-3.624589580E-1,1.763418869E0
2.895830005E2,1.039981391E0,1.296155802E0,-1.194907755E-1,1.666090994E0
2.895929895E2,3.910565203E-1,1.374274603E0,-2.059401047E-1,1.443595239E0
2.896029775E2,5.518710306E-1,1.309468743E0,-3.527046329E-1,1.464127925E0
2.896129665E2,6.928007685E-1,1.161991439E0,-2.702337492E-1,1.379573589E0
2.896229545E2,8.099384782E-1,1.079072074E0,-2.097489810E-1,1.365427228E0
2.896329435E2,8.861230204E-1,9.216919255E-1,-4.901019216E-2,1.279504596E0
2.896429315E2,7.667889503E-1,6.442462206E-1,3.566415632E-1,1.063114148E0
2.896529205E2,4.557047984E-1,3.085751116E-1,7.211119634E-1,9.071317030E-1
2.896629095E2,-5.578740746E-2,2.153699094E-1,5.745380545E-1,6.161090883E-1
2.896728975E2,-6.385405076E-1,2.180239606E-1,1.920670009E-1,7.015398492E-1
2.896828865E2,-1.064719791E0,5.301220196E-1,-1.442578268E-1,1.198110140E0
2.896928745E2,-1.279359967E0,5.957780653E-1,-3.566485798E-1,1.455648185E0
2.897028635E2,-1.193789182E0,3.449313444E-1,-6.610628128E-2,1.244379478E0
2.897128515E2,-7.185859662E-1,2.644110918E-2,2.373905236E-1,7.572444677E-1
2.897228405E2,-1.032703069E-1,-1.332685697E-1,3.119752675E-1,3.546178725E-1
2.897328285E2,2.681231967E-1,-2.553929311E-1,2.902780044E-1,4.705070857E-1
2.897428175E2,8.130377948E-2,-2.991938388E-1,3.606638628E-1,4.756108490E-1
2.897528055E2,-3.016563937E-1,-2.881765151E-1,4.870373958E-1,6.412859804E-1
2.897627945E2,-5.375865752E-1,-3.676074314E-1,4.682614017E-1,8.021242358E-1
2.897727835E2,-6.117187446E-1,-3.900800353E-1,2.494153225E-1,7.671833286E-1
2.897827715E2,-7.186733821E-1,-3.495722795E-1,7.038527369E-2,8.022756979E-1
2.897927605E2,-6.727432108E-1,-2.126152861E-1,-7.219791055E-2,7.092257933E-1
2.898027485E2,-2.595622882E-1,-3.820658416E-1,1.139505386E-2,4.620354272E-1
2.898127375E2,4.323425406E-1,-7.082632917E-1,5.418965578E-2,8.315608707E-1
2.898227255E2,5.605257869E-1,-7.301318783E-1,2.425249636E-2,9.207985127E-1
2.898327145E2,6.546951950E-2,-5.970106584E-1,8.233756721E-2,6.062074391E-1
2.898427035E2,-6.509003520E-1,-6.038314354E-1,1.863776600E-1,9.072046642E-1
2.898526915E2,-9.864284965E-1,-5.604702383E-1,2.214931136E-1,1.155952969E0
2.898626805E2,-1.308214222E0,-3.485490167E-1,-3.450149596E-2,1.354289933E0
2.898726685E2,-1.375570931E0,-1.779044598E-1,-1.477784353E-1,1.394877718E0
2.898826575E2,-9.641345251E-1,-2.124147266E-1,1.265355009E-1,9.953324226E-1
2.898926455E2,-8.944865853E-2,-7.601830584E-1,6.095535207E-1,9.784859934E-1
2.899026345E2,7.134129345E-2,-1.272689756E0,1.067223276E0,1.662466335E0
2.899126225E2,-4.253513172E-1,-1.227939261E0,1.120048776E0,1.715595474E0
2.899226115E2,-4.895195389E-1,-1.166174537E0,7.719230980E-1,1.481707697E0
2.899326005E2,-4.897423178E-2,-1.170130178E0,3.630208755E-1,1.226126937E0
2.899425885E2,1.073958099E-1,-1.017450022E0,6.486743170E-1,1.211411069E0
2.899525775E2,3.908366650E-1,-8.795674145E-1,6.261327159E-1,1.148230950E0
2.899625655E2,8.780000684E-1,-9.475787187E-1,4.193196219E-1,1.358167329E0
2.899725545E2,1.198539753E0,-9.937547654E-1,4.602828759E-1,1.623547473E0
2.899825425E2,9.788794488E-1,-8.386866063E-1,5.014174533E-1,1.383119540E0
2.899925315E2,7.353522724E-1,-7.791683829E-1,4.492515188E-1,1.161754389E0
2.900025195E2,4.553963578E-1,-8.568872344E-1,1.208128309E-1,9.778738750E-1
2.900125085E2,-8.796668172E-2,-8.675911474E-1,1.634863955E-1,8.872318399E-1
2.900224975E2,-6.044740444E-1,-8.317336822E-1,-6.895621419E-3,1.028210746E0
2.900324852E2,-8.458301497E-1,-7.105822974E-1,-2.746729553E-2,1.105038595E0
2.900424742E2,-8.069321322E-1,-7.399166089E-1,1.614123881E-2,1.094932233E0
2.900524622E2,-6.364127058E-1,-6.608634228E-1,-6.835102737E-2,9.200181838E-1
2.900624512E2,-5.596317476E-1,-5.551019096E-1,1.168922728E-1,7.968623636E-1
2.900724392E2,-8.479866028E-2,-5.808632800E-1,1.971172410E-1,6.192319190E-1
2.900824282E2,2.628767824E-1,-6.323298874E-1,7.285338342E-2,6.886602245E-1
2.900924172E2,3.087534517E-1,-5.926305091E-1,2.543392628E-1,7.150021503E-1
2.901024052E2,5.095626247E-1,-6.292454812E-1,6.197674370E-1,1.019664464E0
2.901123942E2,7.254874349E-1,-5.991089317E-1,6.674403709E-1,1.153577123E0
2.901223822E2,6.299854463E-1,-6.134995142E-1,5.775967330E-1,1.052084266E0
2.901323712E2,4.791237742E-1,-7.006274128E-1,6.603085220E-1,1.075381656E0
2.901423592E2,-4.279401720E-2,-5.416635463E-1,5.467696273E-1,7.708357482E-1
2.901523482E2,-1.073963946E-1,-6.496882242E-1,4.901650715E-1,8.209083819E-1
2.901623362E2,2.580522448E-1,-6.676944324E-1,5.546446574E-1,9.055592262E-1
2.901723252E2,4.391469455E-1,-4.989923206E-1,8.236879134E-1,1.058444687E0
2.901823142E2,5.657181144E-1,-4.292364997E-1,1.134141735E0,1.338117496E0
2.901923022E2,6.770075852E-1,-4.334128734E-1,1.149188960E0,1.402434047E0
2.902022912E2,5.444933063E-1,-4.705079019E-2,1.068109129E0,1.199809922E0
2.902122792E2,4.109434855E-1,2.572584853E-1,9.103337091E-1,1.031389324E0
2.902222682E2,5.682984906E-1,1.801904288E-1,6.148815036E-1,8.564525839E-1
2.902322562E2,9.228321326E-1,-8.495858163E-2,5.666893369E-1,1.086266040E0
2.902422452E2,1.205961916E0,-1.367140415E-1,4.230910760E-1,1.285317443E0
2.902522342E2,1.420013863E0,-1.612901813E-1,3.996244454E-1,1.483965495E0
2.902622222E2,1.339260306E0,-1.827547252E-3,5.894735974E-1,1.463250023E0
2.902722112E2,1.175518388E0,2.008579972E-1,8.041570437E-1,1.438351823E0
2.902821992E2,1.447270074E0,4.444497854E-2,9.380769932E-1,1.725269390E0
2.902921882E2,1.802014800E0,-1.237890637E-1,9.898856628E-1,2.059721995E0
2.903021762E2,2.132492412E0,-2.167314336E-1,9.493662125E-1,2.344310689E0
2.903121652E2,1.919090676E0,-1.235314938E-1,1.026549459E0,2.179902026E0
2.903221542E2,1.332915493E0,4.058669329E-2,9.378869587E-1,1.630319888E0
2.903321422E2,1.104709191E0,-3.713449717E-2,9.389833117E-1,1.450327903E0
2.903421312E2,1.134434681E0,-4.020136178E-2,7.749157029E-1,1.374428078E0
2.903521192E2,1.312597588E0,-2.064663541E-1,7.745619464E-1,1.538013976E0
2.903621082E2,1.485630732E0,-4.230273414E-1,7.078148103E-1,1.699132899E0
2.903720972E2,1.436007167E0,-5.478583789E-1,7.893343520E-1,1.727806154E0
2.903820852E2,1.348922246E0,-6.647471434E-1,9.776988959E-1,1.793704301E0
2.903920742E2,1.230692130E0,-6.517063907E-1,1.030177656E0,1.732221216E0
2.904020622E2,9.310381150E-1,-7.074821037E-1,1.074449265E0,1.588018930E0
2.904120512E2,8.368780625E-1,-9.846994749E-1,1.154148569E0,1.732644472E0
2.904220392E2,6.505775857E-1,-9.899722016E-1,1.240966857E0,1.715603362E0
2.904320282E2,3.944379652E-1,-9.242003810E-1,1.390621664E0,1.715679534E0
2.904420172E2,5.351523793E-1,-1.066666621E0,1.325576652E0,1.783625300E0
2.904520052E2,5.499996293E-1,-9.486610383E-1,1.206370636E0,1.630272207E0
2.904619942E2,5.041305614E-1,-9.689842057E-1,1.466826087E0,1.828840283E0
2.904719822E2,6.410267437E-1,-1.101449368E0,1.498734927E0,1.967310951E0
2.904819712E2,6.333446717E-1,-1.149858466E0,1.538908222E0,2.022755171E0
2.904919592E2,6.004301101E-1,-1.188159483E0,1.403559213E0,1.934481259E0
2.905019482E2,6.845890850E-1,-1.182175443E0,1.295889169E0,1.882957708E0
2.905119362E2,8.283487290E-1,-1.307376609E0,1.524936301E0,2.172746174E0
2.905219252E2,8.037056386E-1,-1.330928609E0,1.498348426E0,2.159250268E0
2.905319142E2,5.329421318E-1,-1.154142721E0,1.485098051E0,1.954888477E0
2.905419022E2,3.306094667E-1,-9.824801642E-1,1.382222139E0,1.727746490E0
2.905518912E2,1.687369028E-1,-8.405062598E-1,1.016084113E0,1.329417105E0
2.905618792E2,1.114011526E-2,-8.591594625E-1,7.438570476E-1,1.136486864E0
2.905718682E2,-3.022531021E-1,-9.074709123E-1,2.579756463E-1,9.906623181E-1
2.905818562E2,-7.255692959E-1,-7.123428941E-1,-1.913928169E-1,1.034656664E0
2.905918452E2,-1.030543400E0,-4.887225634E-1,-3.467457354E-1,1.192099848E0
2.906018332E2,-1.119769864E0,-4.223478949E-1,-3.102719736E-1,1.236337733E0
2.906118222E2,-8.864764845E-1,-4.063206768E-1,-4.300340599E-1,1.065770305E0
2.906218112E2,-3.093218011E-1,-3.129283637E-1,-8.193293989E-1,9.300025813E-1
2.906317992E2,1.996473312E-1,-2.310538960E-1,-5.626576817E-1,6.401785895E-1
2.906417882E2,3.177260041E-1,-7.639621139E-2,-2.154476774E-1,3.914126933E-1
2.906517762E2,4.405532008E-1,1.855187041E-1,-4.174572837E-1,6.346454885E-1
2.906617652E2,5.618107125E-1,3.700188231E-1,-6.462459683E-1,9.328338854E-1
2.906717532E2,5.621366948E-1,5.955798447E-1,-5.416077054E-1,9.818614574E-1
2.906817422E2,5.540429789E-1,6.350017726E-1,-1.962348962E-1,8.652739498E-1
2.906917312E2,4.938380000E-1,5.570759296E-1,-1.522498012E-1,7.598615424E-1
2.907017192E2,3.521468085E-1,6.051412117E-1,-3.069010538E-1,7.644550462E-1
2.907117082E2,3.032646704E-1,7.045602500E-1,-3.610714138E-1,8.477895801E-1
2.907216962E2,3.075790384E-1,7.082393181E-1,-2.127562040E-1,8.009200953E-1
2.907316852E2,3.051498127E-1,6.571369922E-1,-4.754487991E-2,7.260894920E-1
2.907416732E2,3.389818025E-1,5.582295853E-1,-1.384035945E-3,6.530932918E-1
2.907516622E2,4.115948653E-1,6.114994740E-1,-2.480926824E-1,7.777479791E-1
2.907616502E2,4.532898983E-1,7.153805226E-1,-6.865508258E-2,8.496790832E-1
2.907716392E2,4.425067556E-1,6.767508924E-1,1.134698975E-1,8.165043887E-1
2.907816272E2,5.378190020E-1,5.819295198E-1,-5.651567817E-2,7.944087529E-1
2.907916162E2,5.667212042E-1,6.282675344E-1,-7.327555239E-2,8.492716436E-1
2.908016052E2,6.136585584E-1,5.968346572E-1,-5.176540017E-2,8.575943627E-1
2.908115932E2,6.267061816E-1,4.280845982E-1,7.296798885E-2,7.624574668E-1
2.908215822E2,5.694021526E-1,3.790656352E-1,-5.475625098E-2,6.862272322E-1
2.908315702E2,5.277632529E-1,4.089191794E-1,-1.435321873E-1,6.828985541E-1
2.908415592E2,4.677711126E-1,4.267134261E-1,-3.312932986E-1,7.145973772E-1
2.908515472E2,4.384691070E-1,5.097134829E-1,-5.218844622E-1,8.511324129E-1
2.908615362E2,4.064295812E-1,5.807939905E-1,-4.408245116E-1,8.347651849E-1
2.908715242E2,4.400377688E-1,6.891107368E-1,-2.904107362E-1,8.676665496E-1
2.908815132E2,5.326202425E-1,7.364123726E-1,-3.535068709E-1,9.751690177E-1
2.908915022E2,6.043565154E-1,8.006183088E-1,-4.629597312E-1,1.104793278E0
2.909014902E2,6.643944101E-1,8.795001715E-1,-4.175806600E-1,1.178691686E0
2.909114792E2,7.037743843E-1,9.582843858E-1,-2.757663846E-1,1.220514009E0
2.909214672E2,6.983293109E-1,1.005187826E0,-2.466782409E-1,1.248565796E0
2.909314562E2,7.476676780E-1,1.048375361E0,-1.699446452E-1,1.298837571E0
2.909414442E2,8.152585673E-1,9.343195724E-1,3.489793718E-2,1.240490815E0
2.909514332E2,7.875768983E-1,7.909663099E-1,8.317430377E-2,1.119295778E0
2.909614212E2,7.266808516E-1,6.148891050E-1,7.371000051E-3,9.519495801E-1
2.909714102E2,5.910303820E-1,4.896335596E-1,-2.348744667E-1,8.026356273E-1
2.909813992E2,4.689232699E-1,5.053380114E-1,-3.619724697E-1,7.786395878E-1
2.909913872E2,4.674585789E-1,5.189591002E-1,-1.742762625E-1,7.198668533E-1
2.910013762E2,4.781879273E-1,5.179165417E-1,-1.300181025E-1,7.168025844E-1
2.910113642E2,5.203823125E-1,5.436530614E-1,-2.938348657E-1,8.078956187E-1
2.910213532E2,6.033028471E-1,6.505986357E-1,-3.994592616E-1,9.730470758E-1
2.910313415E2,6.151323491E-1,7.374455756E-1,-3.443176791E-1,1.020180596E0
2.910413305E2,7.046643305E-1,8.282417250E-1,-2.291716772E-1,1.111330658E0
2.910513185E2,8.174863565E-1,9.125603288E-1,-1.843252873E-1,1.238961706E0
2.910613075E2,7.511511567E-1,1.024499425E0,-3.742185858E-1,1.324336318E0
2.910712955E2,6.682081103E-1,1.147068175E0,-3.940198892E-1,1.384745157E0
2.910812845E2,4.897522581E-1,1.193538337E0,-4.863351452E-1,1.378735982E0
2.910912735E2,4.239278126E-1,1.255318848E0,-5.086399341E-1,1.419244441E0
2.911012615E2,4.001916984E-1,1.215371255E0,-4.317844239E-1,1.350451211E0
2.911112505E2,3.859072430E-1,1.068564042E0,-4.198958650E-1,1.211225021E0
2.911212385E2,4.294012450E-1,9.576213115E-1,-2.493524650E-1,1.078703229E0
2.911312275E2,4.943538706E-1,7.831900978E-1,-2.245734268E-1,9.529982701E-1
2.911412155E2,5.803349841E-1,6.801633275E-1,-4.304667538E-1,9.923267969E-1
2.911512045E2,5.872256353E-1,7.381758928E-1,-6.893767852E-1,1.168322707E0
2.911611925E2,6.685063183E-1,8.454723001E-1,-7.574120629E-1,1.317344731E0
2.911711815E2,7.230801362E-1,1.028120606E0,-5.784305459E-1,1.383639679E0
2.911811705E2,6.622367875E-1,1.103106469E0,-3.865486094E-1,1.343436367E0
2.911911585E2,5.422488526E-1,1.037174435E0,-9.743595511E-2,1.174418320E0
2.912011475E2,4.182384717E-1,8.642792845E-1,3.078880638E-2,9.606508478E-1
2.912111355E2,2.550844905E-1,7.081328988E-1,-1.495723611E-1,7.673931136E-1
2.912211245E2,7.296769649E-2,6.126841199E-1,-3.629603568E-1,7.158535717E-1
2.912311125E2,-5.455525294E-2,5.802928841E-1,-3.772068053E-2,5.840710203E-1
2.912411015E2,-2.819318350E-1,4.812778884E-1,3.932512727E-1,6.824665039E-1
2.912510895E2,-4.992224085E-1,4.387569362E-1,5.793035352E-1,8.816593720E-1
2.912610785E2,-5.331888843E-1,4.000436908E-1,5.362028316E-1,8.554757842E-1
2.912710665E2,-4.530824684E-1,3.153654832E-1,4.512334326E-1,7.129871821E-1
2.912810555E2,-3.590596792E-1,3.306758326E-1,2.858820677E-1,5.656844669E-1
2.912910435E2,-2.411860974E-1,4.207650536E-1,-6.361624449E-2,4.891431186E-1
2.913010325E2,-1.912925372E-1,4.935295594E-1,-3.403769481E-1,6.293017778E-1
2.913110215E2,-1.195460317E-1,4.947715080E-1,-3.256127286E-1,6.042464297E-1
2.913210095E2,-1.427860826E-2,4.994767624E-1,-3.353995058E-1,6.018087265E-1
2.913309985E2,3.872435510E-2,4.697758305E-1,-2.643575898E-1,5.404385644E-1
2.913409865E2,1.458938777E-2,3.765016311E-1,-4.042136326E-2,3.789461902E-1
2.913509755E2,2.135110795E-3,3.360587794E-1,3.175900564E-2,3.375628776E-1
2.913609635E2,-5.025243312E-2,3.409026128E-1,-4.194339350E-2,3.471298701E-1
2.913709525E2,-7.982063323E-2,2.361865819E-1,-3.027401751E-1,3.921824175E-1
2.913809405E2,-1.759108517E-1,6.124490619E-2,-6.279602632E-1,6.550035560E-1
2.913909295E2,-3.006325462E-1,-2.236899126E-1,-7.855450639E-1,8.703436978E-1
2.914009185E2,-3.570575926E-1,-2.570482779E-1,-8.127194139E-1,9.241627494E-1
2.914109065E2,-4.092922318E-1,-1.877090710E-1,-6.845727128E-1,8.193867374E-1
2.914208955E2,-4.294127932E-1,-1.086705029E-1,-4.242704594E-1,6.133596399E-1
2.914308835E2,-3.924534202E-1,-1.758140802E-2,-1.327768189E-1,4.146787631E-1
2.914408725E2,-4.148090798E-1,2.576692522E-2,-4.859986380E-2,4.184405022E-1
2.914508605E2,-4.107899961E-1,3.568848073E-2,-1.442170425E-1,4.368302232E-1
2.914608495E2,-3.558375710E-1,-2.852739573E-2,-3.542950755E-1,5.029504845E-1
2.914708375E2,-2.867065251E-1,-6.325868726E-2,-4.690180314E-1,5.533355282E-1
2.914808265E2,-1.806950435E-1,-8.737026572E-2,-5.608637559E-1,5.956949008E-1
2.914908145E2,-1.482953292E-1,-3.957161665E-2,-5.820140120E-1,6.019117275E-1
2.915008035E2,-1.363325107E-1,7.503907263E-2,-4.651825503E-1,4.905223960E-1
2.915107925E2,-1.837443665E-1,2.010366297E-1,-3.795339972E-1,4.671442750E-1
2.915207805E2,-2.498436311E-1,4.029123348E-1,-3.223979294E-1,5.733241792E-1
2.915307695E2,-3.198362643E-1,5.626728845E-1,-2.864919323E-1,7.077949125E-1
2.915407575E2,-3.877522588E-1,5.638867664E-1,-3.019028538E-1,7.479742193E-1
2.915507465E2,-4.989803338E-1,5.037516618E-1,-2.847190565E-1,7.640759461E-1
2.915607345E2,-5.942428789E-1,4.328056401E-1,-2.794836058E-1,7.864835708E-1
2.915707235E2,-6.900272879E-1,2.663143605E-1,-2.642083396E-1,7.854088384E-1
2.915807115E2,-7.424680415E-1,2.228999537E-1,-3.921189594E-1,8.687349770E-1
2.915907005E2,-8.236265177E-1,1.725150812E-1,-6.136977348E-1,1.041511884E0
2.916006895E2,-1.114624607E0,1.370236516E-2,-8.056973465E-1,1.375399572E0
2.916106775E2,-1.549070683E0,-2.317906451E-1,-6.542104608E-1,1.697450503E0
2.916206665E2,-1.935266705E0,-3.574344456E-1,-2.966503000E-1,1.990230641E0
2.916306545E2,-1.919433907E0,-2.703360754E-1,-2.523724057E-1,1.954737821E0
2.916406435E2,-1.482441953E0,-1.577362436E-1,-4.315597446E-1,1.552017616E0
2.916506315E2,-9.128196529E-1,1.686103106E-2,-7.287696232E-1,1.168173436E0
2.916606205E2,-4.416802517E-1,3.300788319E-1,-9.368572640E-1,1.087076360E0
2.916706085E2,-5.744655490E-2,5.707929128E-1,-7.202109075E-1,9.207651206E-1
2.916805975E2,2.195462832E-1,6.038559937E-1,-4.333387600E-1,7.750000726E-1
2.916905855E2,2.622926456E-1,5.838830745E-1,-2.389359426E-1,6.832329481E-1
2.917005745E2,1.338351649E-1,4.469863075E-1,-7.953908980E-2,4.733234383E-1
2.917105635E2,-6.918834865E-2,2.816019058E-1,-8.549360186E-3,2.901030033E-1
2.917205515E2,-2.591485977E-1,1.577070075E-1,3.150582120E-2,3.049952667E-1
2.917305405E2,-4.296975526E-1,1.459500110E-1,7.764619991E-2,4.604023510E-1
2.917405285E2,-4.194067454E-1,3.431713325E-1,6.219566345E-2,5.454694145E-1
2.917505175E2,-2.228025976E-1,5.725757289E-1,6.846607134E-2,6.182002635E-1
2.917605055E2,4.770684779E-2,5.304909790E-1,2.884314537E-2,5.334121756E-1
2.917704945E2,3.202367985E-1,4.372425073E-1,7.263528228E-2,5.468166983E-1
2.917804825E2,5.178355578E-1,3.868512028E-1,6.961387977E-2,6.501181510E-1
2.917904715E2,7.442321464E-1,4.288260251E-1,1.695983438E-1,8.755208997E-1
2.918004595E2,1.012843878E0,4.300223655E-1,2.653049849E-1,1.131882808E0
2.918104485E2,1.172048357E0,3.041253805E-1,2.799434893E-1,1.242802461E0
2.918204375E2,1.266134443E0,1.067005759E-1,1.695124628E-1,1.281879836E0
2.918304255E2,1.304461187E0,-1.289141482E-1,-4.142174877E-2,1.311470018E0
2.918404145E2,1.408583726E0,-1.667900723E-1,-3.504540396E-1,1.461076683E0
2.918504025E2,1.300734464E0,-1.378030854E-1,-6.862273286E-1,1.477094372E0
2.918603915E2,1.167480220E0,-3.013052684E-1,-9.433697467E-1,1.530928283E0
2.918703795E2,7.064848611E-1,-6.477890486E-1,-9.808213822E-1,1.371408799E0
2.918803685E2,2.620111021E-1,-1.169548965E0,-7.913546381E-1,1.436223089E0
2.918903565E2,-2.310913181E-1,-1.758007486E0,-3.588683291E-1,1.809082639E0
2.919003455E2,-7.686512884E-1,-2.120679283E0,2.112434562E-1,2.265552741E0
2.919103345E2,-1.319039758E0,-2.208266480E0,1.001675915E0,2.760373411E0
2.919203225E2,-1.567843461E0,-2.090574893E0,1.895418223E0,3.228195586E0
2.919303115E2,-1.338169216E0,-1.786885130E0,2.516551570E0,3.364028407E0
2.919402995E2,-6.577462721E-1,-1.304071763E0,2.614945006E0,2.995191264E0
2.919502885E2,1.767546049E-1,-6.630637300E-1,2.305771725E0,2.405717969E0
2.919602765E2,8.569845906E-1,-1.183458906E-1,1.806009618E0,2.002523178E0
2.919702655E2,1.336814416E0,2.409128863E-1,1.210608698E0,1.819528846E0
2.919802535E2,1.617914046E0,5.124546576E-1,6.592437440E-1,1.820675136E0
2.919902425E2,1.610123801E0,7.429478055E-1,3.105384605E-1,1.800251158E0
2.920002305E2,1.393452886E0,8.574930060E-1,8.118040323E-2,1.638168324E0
2.920102195E2,1.045955198E0,8.701265001E-1,-6.246288121E-2,1.362000005E0
2.920202085E2,6.177057087E-1,7.527682042E-1,-1.241042286E-1,9.816425884E-1
2.920301965E2,2.092806190E-1,6.172987425E-1,-1.880435318E-1,6.783925743E-1
2.920401855E2,-1.277461669E-1,5.700707817E-1,-1.952772684E-1,6.159813235E-1
2.920501735E2,-3.411864951E-1,5.110484022E-1,-1.952041052E-1,6.447350902E-1
2.920601625E2,-4.542801243E-1,3.970674580E-1,-8.684284687E-2,6.095692558E-1
2.920701505E2,-4.519023541E-1,1.826085448E-1,-2.467656568E-2,4.880272033E-1
2.920801395E2,-4.892555371E-1,4.661575735E-2,-4.544697203E-2,4.935680669E-1
2.920901275E2,-5.602202699E-1,2.963953614E-3,-3.576573707E-2,5.613686166E-1
2.921001165E2,-6.244495949E-1,1.876839280E-2,-1.544951320E-2,6.249225845E-1
2.921101045E2,-6.594840646E-1,1.102200150E-1,2.944190025E-2,6.692790962E-1
2.921200935E2,-6.244615817E-1,1.335457277E-1,5.508077145E-2,6.409528998E-1
2.921300825E2,-5.242052221E-1,5.346635520E-2,7.301827490E-2,5.319599933E-1
2.921400705E2,-4.790585777E-1,-4.165205598E-2,7.751843825E-2,4.870740425E-1
2.921500595E2,-4.629407278E-1,-1.520147431E-1,1.203408144E-2,4.874088824E-1
2.921600475E2,-5.144737011E-1,-2.908036691E-1,-2.937005259E-2,5.917031038E-1
2.921700365E2,-5.623597661E-1,-3.508680224E-1,-1.391418055E-2,6.629860331E-1
2.921800245E2,-6.355326998E-1,-2.882911205E-1,3.582939863E-2,6.987827477E-1
2.921900135E2,-6.878684959E-1,-1.835587174E-1,8.505140617E-2,7.170011242E-1
2.922000015E2,-7.260300565E-1,-9.483599067E-2,7.173247218E-2,7.357031029E-1
2.922099905E2,-7.005057907E-1,-7.925608456E-2,7.163657784E-2,7.086054537E-1
2.922199785E2,-5.758776516E-1,-1.236101389E-1,3.854879245E-2,5.902546446E-1
2.922299675E2,-4.096685001E-1,-1.265869564E-1,-9.490104094E-3,4.288852989E-1
2.922399565E2,-2.208835414E-1,-8.300707340E-3,-1.231733519E-1,2.530417262E-1
2.922499445E2,-8.423791230E-2,1.091505593E-1,-2.399264610E-1,2.767211180E-1
2.922599335E2,-1.905987650E-2,2.010471547E-1,-3.559692065E-1,4.092643562E-1
2.922699215E2,1.848451048E-2,2.643280613E-1,-4.127866010E-1,4.905137909E-1
2.922799105E2,5.372012436E-2,3.513439858E-1,-4.606062269E-1,5.817959646E-1
2.922898985E2,9.432202041E-2,4.597326529E-1,-4.995609623E-1,6.854282681E-1
2.922998875E2,1.367666665E-1,4.856323099E-1,-5.032429540E-1,7.125989982E-1
2.923098755E2,1.823740715E-1,4.930442405E-1,-4.747295916E-1,7.083227443E-1
2.923198645E2,1.841019237E-1,4.327588624E-1,-4.598531786E-1,6.577527630E-1
2.923298535E2,1.370102030E-1,3.700153148E-1,-3.879009973E-1,5.533085149E-1
2.923398415E2,9.512484312E-2,3.419299686E-1,-3.105830455E-1,4.716213177E-1
2.923498305E2,1.337141275E-2,3.202987790E-1,-2.652858353E-1,4.161089724E-1
2.923598185E2,-4.345592201E-2,3.012245768E-1,-2.109448097E-1,3.703003856E-1
2.923698075E2,-1.780769527E-3,2.968648928E-1,-2.018558246E-1,3.589954173E-1
2.923797955E2,8.518633068E-2,2.478587937E-1,-1.851532531E-1,3.208931593E-1
2.923897845E2,1.594749132E-1,1.471744180E-1,-1.760169786E-1,2.794182063E-1
2.923997725E2,2.078299248E-1,4.535802126E-2,-1.290088731E-1,2.487848811E-1
2.924097615E2,1.925163594E-1,-5.239222169E-2,-7.932398535E-2,2.147086123E-1
2.924197495E2,1.186438063E-1,-1.570766777E-1,2.122056887E-2,1.979892623E-1
2.924297385E2,-1.042032301E-2,-3.000042629E-1,1.542166583E-1,3.374817308E-1
2.924397275E2,-1.365196216E-1,-3.885790551E-1,2.727562380E-1,4.939911482E-1
2.924497155E2,-1.926143003E-1,-4.096319550E-1,3.681857210E-1,5.834889308E-1
2.924597045E2,-2.053200075E-1,-3.938883269E-1,4.737395849E-1,6.494101276E-1
2.924696925E2,-2.028080437E-1,-4.260234547E-1,5.403167132E-1,7.173348152E-1
2.924796815E2,-1.774887228E-1,-4.099295783E-1,5.639803219E-1,7.194569545E-1
2.924896695E2,-1.166648161E-1,-3.668718517E-1,5.439173555E-1,6.663720616E-1
2.924996585E2,-5.231153011E-2,-3.027372515E-1,4.875116050E-1,5.762411862E-1
2.925096465E2,8.844059855E-2,-2.235197586E-1,4.038777101E-1,4.700000284E-1
2.925196355E2,2.163741687E-1,-1.116946828E-1,3.043996149E-1,3.898109909E-1
2.925296235E2,2.880236104E-1,-3.171529770E-3,2.362609146E-1,3.725411098E-1
2.925396125E2,3.229931760E-1,5.325760961E-2,1.873693478E-1,3.771846195E-1
2.925496015E2,2.993052283E-1,6.896673918E-2,1.308315233E-1,3.338516411E-1
2.925595895E2,2.425194088E-1,6.898545027E-2,1.081127516E-1,2.743410706E-1
2.925695785E2,1.840212321E-1,9.440446615E-2,9.858171701E-2,2.291165032E-1
2.925795665E2,1.166876203E-1,1.135850877E-1,9.993710160E-2,1.910628094E-1
2.925895555E2,3.023419797E-2,1.346110904E-1,7.769655906E-2,1.583382698E-1
2.925995435E2,-4.775216371E-2,1.505342281E-1,8.497115314E-2,1.793346588E-1
2.926095325E2,-1.385690707E-1,1.856186914E-1,4.523464501E-2,2.360124130E-1
2.926195205E2,-1.933647904E-1,1.931253469E-1,1.571731567E-3,2.732943690E-1
2.926295095E2,-2.535823408E-1,2.026259029E-1,-3.801749982E-2,3.268127757E-1
2.926394975E2,-3.133438084E-1,1.594535708E-1,-3.323140763E-2,3.531488496E-1
2.926494865E2,-3.518494776E-1,1.122320420E-1,-7.764466502E-2,3.773894277E-1
2.926594755E2,-3.554925853E-1,1.420200974E-1,-4.851551771E-2,3.858736085E-1
2.926694635E2,-3.579609874E-1,9.696554661E-2,-4.045045316E-2,3.730611543E-1
2.926794525E2,-3.750687709E-1,6.104025364E-2,-8.004107326E-4,3.800041265E-1
2.926894405E2,-3.959178954E-1,9.873023629E-3,2.423729360E-2,3.967819337E-1
2.926994295E2,-3.910436565E-1,-3.120074272E-2,7.347669661E-2,3.991083218E-1
2.927094175E2,-3.575005192E-1,-7.552556098E-2,8.586870074E-2,3.753453947E-1
2.927194065E2,-2.912708616E-1,-1.396911514E-1,9.384832285E-2,3.363923904E-1
2.927293945E2,-1.975584134E-1,-1.838019615E-1,1.076705559E-1,2.905261372E-1
2.927393835E2,-1.157622984E-1,-1.722683287E-1,1.003108118E-1,2.305201634E-1
2.927493725E2,-4.272355825E-2,-1.587214994E-1,8.251890399E-2,1.839216853E-1
2.927593605E2,-3.537126929E-2,-1.670169443E-1,7.371877134E-2,1.859576393E-1
2.927693495E2,-1.172249794E-2,-1.592553502E-1,1.431649822E-1,2.144665374E-1
2.927793375E2,-1.315448105E-2,-1.892848957E-1,1.534623675E-1,2.440338303E-1
2.927893265E2,3.933421969E-3,-1.597465163E-1,1.661332838E-1,2.305096295E-1
2.927993145E2,1.203988481E-1,-8.678554416E-2,1.264308357E-1,1.949676114E-1
2.928093035E2,2.104395372E-1,-2.120668173E-2,6.023860037E-2,2.199163730E-1
2.928192915E2,2.657483500E-1,-1.461803913E-3,2.563002728E-2,2.669854316E-1
2.928292805E2,2.665114117E-1,-2.852154851E-2,-7.988758385E-4,2.680344185E-1
2.928392685E2,2.166636059E-1,-5.942057490E-2,-7.553206600E-2,2.370211295E-1
2.928492575E2,1.545047799E-1,-2.764563560E-2,-1.021275417E-1,1.872592933E-1
2.928592465E2,1.276157740E-1,3.225967348E-2,-1.267349640E-1,1.827244467E-1
2.928692345E2,7.731013119E-2,6.648284197E-2,-1.192418303E-1,1.568930806E-1
2.928792235E2,4.744898558E-2,7.570039272E-2,-1.265583050E-1,1.549159781E-1
2.928892115E2,-2.453813285E-2,4.936511815E-2,-1.026146147E-1,1.164851665E-1
2.928992005E2,-1.134845155E-1,5.094328165E-2,-6.290017985E-2,1.393929189E-1
2.929091885E2,-1.194439977E-1,5.261090755E-2,-3.871441483E-2,1.361380994E-1
2.929191775E2,-1.191411120E-1,1.026151264E-1,-4.827753603E-2,1.644846169E-1
2.929291655E2,-9.005559951E-2,1.637764174E-1,-4.465701319E-2,1.921639267E-1
2.929391545E2,-4.790886909E-2,2.130573356E-1,-6.351077534E-2,2.274253868E-1
2.929491425E2,-4.474289417E-3,2.554777157E-1,-6.064439714E-2,2.626149756E-1
2.929591315E2,1.128044844E-2,2.652297020E-1,-9.230363466E-2,2.810587204E-1
2.929691205E2,-7.835268974E-5,2.474834025E-1,-8.063785471E-2,2.602892704E-1
2.929791085E2,3.331801951E-2,2.083234298E-1,-7.406141818E-2,2.235930131E-1
2.929890975E2,3.708421111E-2,1.831710470E-1,-5.875750065E-2,1.959063936E-1
2.929990855E2,2.749536216E-2,1.341468215E-1,-3.793790460E-2,1.420938045E-1
2.930090745E2,-1.132459491E-2,7.257271707E-2,-7.423698083E-3,7.382517867E-2
2.930190625E2,-4.087642282E-2,1.904905915E-2,9.104041681E-3,4.600687092E-2
2.930290515E2,-8.335001260E-2,-6.603377581E-2,2.606272124E-2,1.094849286E-1
2.930390394E2,-1.151170582E-1,-1.349905747E-1,5.372122072E-2,1.853654819E-1
2.930490284E2,-1.299894512E-1,-1.368242615E-1,6.796101809E-2,2.005912160E-1
2.930590174E2,-1.210397029E-1,-9.775141239E-2,1.161713111E-1,1.941693123E-1
2.930690054E2,-9.938717097E-2,-2.087455988E-4,1.432030622E-1,1.743128519E-1
2.930789944E2,-1.056705889E-1,3.583875418E-2,1.586332065E-1,1.939463427E-1
2.930889824E2,-9.137823969E-2,2.040912151E-2,1.797615355E-1,2.026838044E-1
2.930989714E2,-5.187678963E-2,-1.898824811E-2,2.046578103E-1,2.119824856E-1
2.931089594E2,3.089376390E-3,-5.969656348E-2,1.787621733E-1,1.884917466E-1
2.931189484E2,-5.654257536E-3,-4.346176922E-2,1.535910793E-1,1.597219949E-1
2.931289364E2,-3.090048820E-2,-3.056222677E-2,1.184949216E-1,1.262138515E-1
2.931389254E2,-4.161551088E-2,-3.979731917E-2,9.233228602E-2,1.088160301E-1
2.931489134E2,-3.989847600E-2,-2.805026293E-2,5.972579956E-2,7.710951155E-2
2.931589024E2,-6.947661638E-3,-3.121126771E-2,3.671291292E-2,4.868522578E-2
2.931688914E2,2.667061239E-2,-5.569180548E-2,8.501193747E-3,6.233112432E-2
2.931788794E2,6.102037311E-2,-4.551414192E-2,1.943899535E-2,7.856778976E-2
2.931888684E2,9.743361622E-2,-8.565001488E-3,-4.988917485E-3,9.793650044E-2
2.931988564E2,1.376112968E-1,2.645104945E-2,8.128726110E-3,1.403659617E-1
2.932088454E2,2.028206152E-1,4.360268712E-2,2.206680715E-2,2.086248792E-1
2.932188334E2,2.259057149E-1,4.933120430E-2,2.561950229E-2,2.326441890E-1
2.932288224E2,2.539755660E-1,5.113974810E-2,5.384576641E-2,2.646095776E-1
2.932388104E2,2.560270616E-1,4.617136896E-2,4.742493890E-2,2.644442785E-1
2.932487994E2,2.358489051E-1,2.901271462E-2,4.234502412E-2,2.413701405E-1
2.932587874E2,2.150503591E-1,1.895024121E-2,4.838636734E-2,2.212397096E-1
2.932687764E2,1.902140182E-1,-2.651478410E-2,5.820318460E-2,2.006788908E-1
2.932787654E2,1.628101650E-1,-7.152548075E-2,6.745881535E-2,1.901939431E-1
2.932887534E2,1.940956923E-1,-1.123910862E-1,1.056538513E-1,2.479266632E-1
2.932987424E2,2.068709815E-1,-1.396513903E-1,1.171208990E-1,2.757089385E-1
2.933087304E2,2.108660915E-1,-1.281592727E-1,1.421447162E-1,2.847708343E-1
2.933187194E2,2.072709310E-1,-9.503479600E-2,1.430685031E-1,2.691866414E-1
2.933287074E2,2.160926253E-1,2.759301066E-3,1.352110147E-1,2.549228412E-1
2.933386964E2,2.150439271E-1,5.257933259E-2,9.762460090E-2,2.419484233E-1
2.933486844E2,2.111604989E-1,-8.606224358E-2,4.020077705E-2,2.315417209E-1
2.933586734E2,2.236445966E-1,-1.631776625E-1,6.230317913E-2,2.837702262E-1
2.933686624E2,2.126445222E-1,-1.502161396E-1,9.646327078E-2,2.776467972E-1
2.933786504E2,1.859101751E-1,-1.399425817E-1,1.063778096E-1,2.558569088E-1
2.933886394E2,1.499348885E-1,-1.316371965E-1,1.287913567E-1,2.374784956E-1
2.933986274E2,9.050320387E-2,-1.575409466E-1,1.205519720E-1,2.180430181E-1
2.934086164E2,3.269324452E-2,-2.233911198E-1,1.183165815E-1,2.548945941E-1
2.934186044E2,-4.475166500E-2,-2.741905600E-1,1.283013600E-1,3.060137475E-1
2.934285934E2,-1.199828187E-1,-2.678878462E-1,1.017871606E-1,3.106773262E-1
2.934385814E2,-1.863665503E-1,-2.808183789E-1,1.032928187E-1,3.525065381E-1
2.934485704E2,-2.463899732E-1,-2.381249338E-1,9.212872982E-2,3.548227809E-1
2.934585584E2,-2.684237435E-1,-1.641553169E-1,3.903418444E-2,3.170519543E-1
2.934685474E2,-2.953297064E-1,-1.046797782E-1,-4.862603009E-2,3.170835572E-1
2.934785364E2,-2.823635057E-1,-3.407055616E-2,-1.266248902E-1,3.113258983E-1
2.934885244E2,-2.834873405E-1,3.841328323E-2,-2.385354815E-1,3.724779570E-1
2.934985134E2,-2.802810198E-1,1.602569783E-1,-3.853098768E-1,5.026961809E-1
2.935085014E2,-2.183683616E-1,2.562214816E-1,-5.134095079E-1,6.139409676E-1
2.935184904E2,-1.772001627E-1,3.113326585E-1,-5.534290943E-1,6.592508509E-1
2.935284784E2,-1.642804474E-1,2.627744561E-1,-5.551434980E-1,6.357851709E-1
2.935384674E2,-1.462023184E-1,2.054237956E-1,-5.248373792E-1,5.822613918E-1
2.935484554E2,-1.275251421E-1,1.764099115E-1,-4.555578140E-1,5.048921079E-1
2.935584444E2,-1.908741689E-1,1.425796759E-1,-4.016107446E-1,4.669615643E-1
2.935684324E2,-2.214138839E-1,1.951017058E-1,-3.478801683E-1,4.561900866E-1
2.935784214E2,-2.550877064E-1,2.547029597E-1,-2.555168921E-1,4.418508999E-1
2.935884104E2,-2.180748314E-1,2.967432708E-1,-1.497191993E-1,3.975286650E-1
2.935983984E2,-1.665816191E-1,3.178259915E-1,-3.598734654E-2,3.606353918E-1
2.936083874E2,-1.097519454E-1,3.035944533E-1,8.148613952E-2,3.329490540E-1
2.936183754E2,-4.256451398E-2,2.584907860E-1,1.644236311E-1,3.092965482E-1
2.936283644E2,1.600587577E-2,2.192781883E-1,2.371729340E-1,3.234039465E-1
2.936383524E2,8.636863768E-2,1.637419188E-1,3.221990510E-1,3.715954602E-1
2.936483414E2,1.297213563E-1,9.468747139E-2,3.640358790E-1,3.978887643E-1
2.936583294E2,1.454053429E-1,2.131894827E-2,3.759525045E-1,4.036551708E-1
2.936683184E2,1.400311670E-1,-5.027728379E-2,4.015920335E-1,4.282670830E-1
2.936783074E2,9.019476324E-2,-1.198065251E-1,4.224303406E-1,4.482589558E-1
2.936882954E2,-1.738435686E-2,-2.011822253E-1,4.211393485E-1,4.670490922E-1
2.936982844E2,-1.784491280E-1,-2.293938714E-1,4.347556500E-1,5.229513502E-1
2.937082724E2,-3.300878951E-1,-2.247348100E-1,4.089611698E-1,5.715881312E-1
2.937182614E2,-5.079540557E-1,-2.530891281E-1,3.657193289E-1,6.751459524E-1
2.937282494E2,-6.911727574E-1,-3.503704244E-1,3.757227455E-1,8.611891757E-1
2.937382384E2,-7.988176587E-1,-4.370314229E-1,4.455497197E-1,1.013716267E0
2.937482264E2,-9.109292480E-1,-4.454151607E-1,4.597607926E-1,1.113358319E0
2.937582154E2,-9.990008873E-1,-4.089712197E-1,4.594385380E-1,1.173176884E0
2.937682034E2,-9.214296779E-1,-2.763698173E-1,4.575224785E-1,1.065241637E0
2.937781924E2,-7.267138883E-1,-1.599429828E-1,4.616915432E-1,8.757019552E-1
2.937881814E2,-4.306559113E-1,-6.540870845E-2,4.790582123E-1,6.474871302E-1
2.937981694E2,-1.547155720E-1,1.557464361E-2,4.748284096E-1,4.996413676E-1
2.938081584E2,4.818748891E-2,9.684333980E-2,4.533112407E-1,4.660383541E-1
2.938181464E2,1.001800534E-1,1.429620838E-1,4.385791808E-1,4.720443818E-1
2.938281354E2,-1.355267644E-2,1.643968070E-1,3.872663552E-1,4.209337418E-1
2.938381234E2,-2.793828875E-1,1.911349547E-1,2.869328123E-1,4.437542197E-1
2.938481124E2,-5.835684943E-1,2.624417496E-1,1.127536867E-1,6.497239824E-1
2.938581004E2,-8.572374827E-1,3.425760859E-1,-2.323866226E-2,9.234470812E-1
2.938680894E2,-1.028454774E0,3.730032420E-1,-2.154272852E-1,1.115015496E0
2.938780784E2,-1.078072492E0,3.205619037E-1,-3.794188070E-1,1.186995730E0
2.938880664E2,-1.080279816E0,3.358541268E-1,-5.289167623E-1,1.248821611E0
2.938980554E2,-9.736546692E-1,4.000606477E-1,-6.211568085E-1,1.222246995E0
2.939080434E2,-7.997985291E-1,5.104882389E-1,-6.517189622E-1,1.151092323E0
2.939180324E2,-6.191467550E-1,5.397149616E-1,-6.322571627E-1,1.036524994E0
2.939280204E2,-4.865593860E-1,5.412206197E-1,-6.076853353E-1,9.481251299E-1
2.939380094E2,-3.821678755E-1,5.408610159E-1,-5.688855511E-1,8.730485060E-1
2.939479974E2,-3.425293082E-1,4.944423097E-1,-5.554481379E-1,8.187320432E-1
2.939579864E2,-4.338949764E-1,3.038260031E-1,-5.989221132E-1,7.995516170E-1
2.939679744E2,-3.267280850E-1,3.048147672E-1,-5.359135406E-1,6.977582725E-1
2.939779634E2,-3.513948566E-1,4.189377987E-1,-4.420652908E-1,7.031421946E-1
2.939879524E2,-3.773433378E-1,4.346387422E-1,-4.341105925E-1,7.209374712E-1
2.939979404E2,-3.054591304E-1,3.144153106E-1,-3.961243021E-1,5.908271580E-1
2.940079294E2,-1.709532899E-1,1.501278466E-1,-3.731324655E-1,4.370254391E-1
2.940179174E2,-8.041646451E-2,1.206678200E-1,-3.632268436E-1,3.911026342E-1
2.940279064E2,-8.185809553E-3,1.241340494E-1,-3.120401716E-1,3.359246023E-1
2.940378950E2,7.456749469E-2,1.842902040E-1,-2.921783495E-1,3.533997432E-1
2.940478840E2,6.231903970E-2,2.354135799E-1,-3.589592533E-1,4.337683274E-1
2.940578720E2,2.352627218E-2,2.889617962E-1,-2.990932667E-1,4.165443402E-1
2.940678610E2,2.429547340E-2,2.768908042E-1,-2.038625890E-1,3.447009467E-1
2.940778490E2,-3.079553068E-2,2.038526487E-1,-1.780477166E-1,2.724064179E-1
2.940878380E2,-6.561569989E-2,1.437356704E-1,-1.831885886E-1,2.419161467E-1
2.940978270E2,7.468999386E-2,2.295646101E-1,-1.639857477E-1,2.918387069E-1
2.941078150E2,1.742479035E-1,3.107350731E-1,-2.065026800E-1,4.117790358E-1
2.941178040E2,1.854201785E-1,2.890454113E-1,-2.181433169E-1,4.068346090E-1
2.941277920E2,1.569582716E-1,2.368397158E-1,-2.302827213E-1,3.657308870E-1
2.941377810E2,1.255943915E-1,1.986305004E-1,-1.747429434E-1,2.928534158E-1
2.941477690E2,1.751995379E-1,1.670227915E-1,-8.523837090E-2,2.566263253E-1
2.941577580E2,2.352182829E-1,9.895009160E-2,1.722355843E-2,2.557643686E-1
2.941677460E2,3.108999646E-1,4.914584756E-3,1.090242594E-1,3.294984526E-1
2.941777350E2,3.539240697E-1,-2.490223897E-1,1.302677786E-1,4.519337250E-1
2.941877230E2,4.329755017E-1,-3.787370217E-1,1.933259795E-1,6.068644421E-1
2.941977120E2,4.698144221E-1,-3.734090388E-1,2.779029572E-1,6.613546364E-1
2.942077010E2,4.897946504E-1,-3.688482106E-1,3.333462560E-1,6.979022341E-1
2.942176890E2,5.345597640E-1,-3.709789360E-1,3.427158344E-1,7.354139347E-1
2.942276780E2,5.365580499E-1,-3.742428517E-1,3.630572013E-1,7.481729642E-1
2.942376660E2,5.233608842E-1,-3.833919901E-1,3.532888428E-1,7.387212191E-1
2.942476550E2,5.051126012E-1,-3.597224611E-1,3.040645329E-1,6.906476881E-1
2.942576430E2,4.750801322E-1,-3.546535099E-1,2.340750792E-1,6.373942161E-1
2.942676320E2,3.988134366E-1,-4.401532513E-1,2.094706170E-1,6.298134496E-1
2.942776200E2,2.895848170E-1,-5.489740276E-1,2.268596151E-1,6.608306396E-1
2.942876090E2,1.744209811E-1,-6.532731521E-1,2.637597851E-1,7.257807618E-1
2.942975980E2,1.466835442E-1,-6.884231043E-1,3.491184990E-1,7.857010621E-1
2.943075860E2,2.032693890E-1,-6.480825788E-1,3.197292237E-1,7.507038363E-1
2.943175750E2,4.363467139E-1,-5.058712775E-1,1.694388245E-1,6.892123906E-1
2.943275630E2,6.353546521E-1,-3.502914870E-1,-8.220191181E-2,7.301621834E-1
2.943375520E2,7.155141315E-1,-2.324490416E-1,-3.867949965E-1,8.459334481E-1
2.943475400E2,5.831761461E-1,-9.569670081E-2,-5.274680050E-1,7.921330521E-1
2.943575290E2,3.321721351E-1,4.059254050E-2,-4.705757296E-1,5.774318999E-1
2.943675170E2,1.380469143E-2,1.817987055E-1,-3.105608261E-1,3.601240974E-1
2.943775060E2,-2.528759971E-1,3.020706689E-1,-1.184072864E-1,4.113553749E-1
2.943874940E2,-3.314067346E-1,3.218898064E-1,3.127964359E-2,4.630571102E-1
2.943974830E2,-2.020411813E-1,2.962667227E-1,7.480525710E-2,3.663201283E-1
2.944074720E2,4.936862648E-2,2.546316236E-1,8.612020411E-2,2.732969348E-1
2.944174600E2,2.605899364E-1,2.053267318E-1,6.963222541E-2,3.389908974E-1
2.944274490E2,3.339192832E-1,1.942035735E-1,4.435061909E-2,3.888239872E-1
2.944374370E2,2.774533063E-1,2.689309895E-1,9.519851804E-2,3.979534799E-1
2.944474260E2,1.401416793E-1,3.606217629E-1,2.198711691E-1,4.450068282E-1
2.944574140E2,-5.561754584E-2,3.425813484E-1,3.643867850E-1,5.032226354E-1
2.944674030E2,-1.913238198E-1,2.001899529E-1,4.416313909E-1,5.212668286E-1
2.944773910E2,-2.235223898E-1,1.783751607E-2,4.856913302E-1,5.349546747E-1
2.944873800E2,-1.002888116E-1,-1.883189356E-1,5.019659221E-1,5.454279551E-1
2.944973690E2,1.364167106E-1,-2.835613078E-1,4.625404493E-1,5.594284596E-1
2.945073570E2,4.387885112E-1,-3.439232844E-1,3.555609977E-1,6.612429252E-1
2.945173460E2,7.150674042E-1,-3.373422432E-1,2.283027444E-1,8.229479478E-1
2.945273340E2,9.632083261E-1,-3.598470068E-1,9.881732326E-2,1.032969027E0
2.945373230E2,1.056474632E0,-3.692218477E-1,1.893269956E-2,1.119295255E0
2.945473110E2,1.138336528E0,-3.237872279E-1,-2.959685147E-2,1.183859871E0
2.945573000E2,1.153975783E0,-3.062508434E-1,-5.903820354E-2,1.195380775E0
2.945672880E2,1.039654824E0,-3.406336409E-1,-1.385462666E-1,1.102773094E0
2.945772770E2,8.102121279E-1,-3.298426044E-1,-1.865291395E-1,8.944456136E-1
2.945872650E2,5.357066953E-1,-3.448079681E-1,-2.209177842E-1,6.742987955E-1
2.945972540E2,2.424694151E-1,-2.982191080E-1,-2.390090328E-1,4.526050943E-1
2.946072430E2,-1.939667612E-2,-2.419729865E-1,-2.230648817E-1,3.296742312E-1
2.946172310E2,-2.120174083E-1,-2.035404074E-1,-2.323414894E-1,3.746500321E-1
2.946272200E2,-3.766638914E-1,-2.040806901E-1,-2.118802911E-1,4.779308244E-1
2.946372080E2,-4.648916513E-1,-1.426697230E-1,-1.683202521E-1,5.145975171E-1
2.946471970E2,-4.475412083E-1,9.871854186E-3,-1.353338794E-1,4.676599678E-1
2.946571850E2,-2.948478958E-1,1.130255091E-1,-2.078492572E-1,3.780361902E-1
2.946671740E2,-1.990427291E-1,1.899210727E-1,-3.029518809E-1,4.092283764E-1
2.946771620E2,-1.203973863E-1,2.168597800E-1,-2.398095167E-1,3.450105782E-1
2.946871510E2,-1.038135132E-1,2.393370616E-1,-2.602203558E-1,3.684753834E-1
2.946971390E2,-1.069943985E-1,2.180613828E-1,-2.313585359E-1,3.354479693E-1
2.947071280E2,-9.469624221E-2,1.221916044E-1,-1.344882989E-1,2.049030722E-1
2.947171170E2,-8.166396797E-2,2.102658749E-3,-5.801431954E-2,1.001952400E-1
2.947271050E2,-7.297237426E-2,-5.535149753E-2,-1.636873204E-2,9.304134067E-2
2.947370940E2,-1.071853101E-2,-1.786733687E-2,-2.387356024E-2,3.168715059E-2
2.947470820E2,7.368807346E-2,4.861082733E-2,-8.272523761E-2,1.209810301E-1
2.947570710E2,1.714628747E-1,3.674507260E-2,-1.486876774E-1,2.299081190E-1
2.947670590E2,2.225684166E-1,3.014824390E-3,-1.828822311E-1,2.880828000E-1
2.947770480E2,2.801851255E-1,-4.970718026E-3,-1.824495006E-1,3.343893432E-1
2.947870360E2,3.018367803E-1,3.994233012E-3,-2.085970795E-1,3.669252477E-1
2.947970250E2,3.193880752E-1,1.774980783E-2,-1.890895987E-1,3.715893897E-1
2.948070140E2,3.678389812E-1,2.527283549E-2,-1.426931119E-1,3.953549752E-1
2.948170020E2,3.807633743E-1,-4.059195578E-2,-6.868084688E-2,3.890315062E-1
2.948269910E2,3.454190022E-1,-1.393432420E-1,1.460864704E-2,3.727522485E-1
2.948369790E2,2.993809497E-1,-2.524430108E-1,1.231188997E-1,4.105054083E-1
2.948469680E2,2.903125030E-1,-3.442782104E-1,2.613506226E-1,5.206851097E-1
2.948569560E2,2.944704580E-1,-3.832849860E-1,3.585945698E-1,6.018390953E-1
2.948669450E2,3.179742184E-1,-3.582781988E-1,3.857840494E-1,6.150611385E-1
2.948769330E2,3.408599281E-1,-2.971473134E-1,3.899998919E-1,5.971448167E-1
2.948869220E2,3.702401403E-1,-1.921389216E-1,3.636160855E-1,5.533640612E-1
2.948969100E2,3.947285718E-1,-9.568091333E-2,3.244619600E-1,5.198471372E-1
2.949068990E2,4.449052835E-1,-6.174542785E-2,2.834612473E-1,5.311341524E-1
2.949168880E2,4.615148842E-1,-4.000548005E-2,2.284320045E-1,5.165051863E-1
2.949268760E2,4.860460004E-1,-2.258311629E-2,1.539279886E-1,5.103376699E-1
2.949368650E2,4.857188487E-1,-1.655171335E-2,6.513856709E-2,4.903466041E-1
2.949468530E2,4.675579816E-1,-4.263438821E-2,1.671309650E-2,4.697951520E-1
2.949568420E2,4.623323250E-1,-6.992100477E-2,-1.194059908E-2,4.677421336E-1
2.949668300E2,4.614657676E-1,-8.793803036E-2,-4.496274948E-2,4.719167307E-1
2.949768190E2,4.731821260E-1,-1.105211467E-1,-9.449981231E-2,4.950216791E-1
2.949868070E2,4.242678282E-1,-1.510476136E-1,-1.276861964E-1,4.681050484E-1
2.949967960E2,3.664069980E-1,-1.652043074E-1,-1.649973160E-1,4.344774628E-1
2.950067850E2,2.832873657E-1,-1.460301179E-1,-1.713637644E-1,3.618591807E-1
2.950167730E2,1.726714942E-1,-1.608721054E-1,-1.757690201E-1,2.942618351E-1
2.950267620E2,8.882359117E-2,-1.577268881E-1,-2.040601883E-1,2.727782287E-1
2.950367500E2,1.710866064E-2,-7.526828349E-2,-1.920517616E-1,2.069828493E-1
2.950467390E2,-3.025583267E-2,-4.007857025E-2,-1.916974568E-1,1.981656432E-1
2.950567270E2,-1.717151821E-2,2.556519628E-2,-1.457552987E-1,1.489733111E-1
2.950667160E2,-8.242498308E-2,2.536814511E-2,-1.227406762E-1,1.500089805E-1
2.950767040E2,-1.363661322E-1,-6.768210590E-2,-4.916276794E-2,1.599798963E-1
2.950866930E2,-1.029431552E-1,-1.094376576E-1,-1.341707951E-1,2.014340993E-1
2.950966810E2,-2.966988319E-1,-5.615256608E-2,-7.639798382E-2,3.114802714E-1
2.951066700E2,-3.770056611E-1,-7.206693292E-3,2.788063886E-2,3.781038680E-1
2.951166590E2,-3.263792986E-1,-3.076804876E-2,-8.830817739E-2,3.395120816E-1
2.951266470E2,-3.094273433E-1,8.891276121E-3,-1.414949809E-1,3.403603461E-1
2.951366360E2,-2.684100026E-1,3.189129889E-2,-1.027309195E-1,2.891619378E-1
2.951466240E2,-2.192887133E-1,2.155751467E-2,-9.040614009E-2,2.381712334E-1
2.951566130E2,-1.760704806E-1,-2.732930124E-2,-9.306541722E-2,2.010195929E-1
2.951666010E2,-1.456491718E-1,-8.767899871E-2,-7.116408627E-2,1.842976268E-1
2.951765900E2,-1.073121947E-1,-9.122241139E-2,-5.514808752E-2,1.512572214E-1
2.951865780E2,-7.983700544E-2,-5.587716222E-2,-3.997043330E-2,1.053273005E-1
2.951965670E2,-8.270038694E-2,-2.878116488E-2,-5.750097055E-2,1.047572005E-1
2.952065550E2,-3.600335330E-2,2.009103298E-3,-9.326838870E-2,9.999635131E-2
2.952165440E2,9.678018987E-3,3.754555643E-2,-1.179675392E-1,1.241759766E-1
2.952265330E2,4.296680242E-2,8.103071451E-2,-1.255485274E-1,1.554816888E-1
2.952365210E2,6.946229070E-2,8.575117171E-2,-1.536631097E-1,1.891841023E-1
2.952465100E2,7.126761854E-2,1.329574978E-1,-1.828529950E-1,2.370484918E-1
2.952564980E2,5.189433128E-2,1.935521936E-1,-1.826483424E-1,2.711381387E-1
2.952664870E2,2.260153502E-2,2.073674101E-1,-1.844095238E-1,2.784222416E-1
2.952764750E2,-5.702555537E-2,1.681314236E-1,-1.979978317E-1,2.659383969E-1
2.952864640E2,-9.609460384E-2,1.550956410E-1,-2.611892760E-1,3.186042508E-1
2.952964520E2,-1.034895775E-1,1.962272948E-1,-3.851684107E-1,4.444884121E-1
2.953064410E2,-8.606633663E-2,2.619938529E-1,-5.415737915E-1,6.077420216E-1
2.953164300E2,-8.820670992E-2,3.591085035E-1,-6.434738034E-1,7.421575821E-1
2.953264180E2,-1.098294210E-1,4.582211477E-1,-6.953596562E-1,8.399727218E-1
2.953364070E2,-8.672677964E-2,5.054783446E-1,-6.830653006E-1,8.541709993E-1
2.953463950E2,-5.639814913E-2,4.512448347E-1,-5.629728466E-1,7.236995772E-1
2.953563840E2,-6.048213691E-2,3.271610713E-1,-4.390832108E-1,5.508961077E-1
2.953663720E2,1.902099252E-3,9.293739974E-2,-3.353361000E-1,3.479817211E-1
2.953763610E2,2.500357121E-2,-7.266861141E-2,-1.915056316E-1,2.063499760E-1
2.953863490E2,-7.398511201E-2,-2.248991168E-1,-1.025188666E-2,2.369778696E-1
2.953963380E2,-2.131625855E-1,-3.006743538E-1,2.312988943E-1,4.351350749E-1
2.954063260E2,-3.636930129E-1,-3.560188347E-1,4.868823715E-1,7.043269567E-1
2.954163150E2,-4.987151626E-1,-3.729599726E-1,6.651541096E-1,9.111783273E-1
2.954263040E2,-5.475768355E-1,-3.909009844E-1,7.868164679E-1,1.035241095E0
2.954362920E2,-5.106139541E-1,-4.060879576E-1,8.719356287E-1,1.088993012E0
2.954462810E2,-3.904057252E-1,-3.368329507E-1,8.495057094E-1,9.937469584E-1
2.954562690E2,-2.236162376E-1,-2.271233976E-1,7.827708524E-1,8.451742228E-1
2.954662580E2,-7.773990154E-2,-1.270389462E-1,6.879237521E-1,7.038618293E-1
2.954762460E2,2.629463643E-2,-7.817844272E-2,5.789644333E-1,5.848103041E-1
2.954862350E2,4.480545938E-2,-1.260712320E-1,5.145163858E-1,5.316282498E-1
2.954962230E2,2.069329619E-3,-2.723802620E-1,5.003637850E-1,5.697009800E-1
2.955062120E2,9.472196996E-3,-3.826236659E-1,4.748365957E-1,6.098855506E-1
2.955162010E2,3.907372624E-2,-4.518389118E-1,4.130104762E-1,6.134026506E-1
2.955261890E2,7.363720268E-2,-5.055906111E-1,3.646235607E-1,6.276899272E-1
2.955361780E2,1.585647941E-2,-5.583699185E-1,3.321715504E-1,6.498971708E-1
2.955461660E2,-9.346715748E-2,-5.711595333E-1,2.826164708E-1,6.440740575E-1
2.955561550E2,-1.937843281E-1,-5.434396380E-1,2.812008599E-1,6.418355939E-1
2.955661430E2,-2.618517655E-1,-5.110080564E-1,2.898844868E-1,6.432173789E-1
2.955761320E2,-3.244380230E-1,-4.726444745E-1,1.195878392E-1,5.856228149E-1
2.955861200E2,-3.171576548E-1,-3.659819055E-1,-1.780261550E-1,5.159700039E-1
2.955961090E2,-3.831595632E-1,-2.546684611E-1,-4.437696080E-1,6.392172877E-1
2.956060980E2,-5.140489009E-1,-2.199927181E-1,-6.711516718E-1,8.735488739E-1
2.956160860E2,-7.203734601E-1,-2.299791777E-1,-8.363518131E-1,1.127525033E0
2.956260750E2,-8.905862001E-1,-2.004302734E-1,-9.557326609E-1,1.321643293E0
2.956360630E2,-9.793931267E-1,-1.450021774E-1,-8.920361634E-1,1.332653385E0
2.956460520E2,-9.931425619E-1,-5.343185663E-2,-7.373960204E-1,1.238119543E0
2.956560400E2,-9.014655295E-1,5.324708462E-2,-6.079174697E-1,1.088594967E0
2.956660290E2,-7.622050256E-1,9.178374410E-2,-5.841368437E-1,9.646743538E-1
2.956760170E2,-5.805837831E-1,1.637582910E-1,-7.577940322E-1,9.685794249E-1
2.956860060E2,-4.264178494E-1,2.749916285E-1,-1.094495128E0,1.206388065E0
2.956959940E2,-4.172608173E-1,4.201107502E-1,-1.432297255E0,1.549862916E0
2.957059830E2,-5.186690784E-1,5.722178793E-1,-1.719087834E0,1.884599134E0
2.957159720E2,-6.546057326E-1,6.703809357E-1,-1.892204593E0,2.111482296E0
2.957259600E2,-7.806111833E-1,7.785058933E-1,-1.968701962E0,2.256371569E0
2.957359490E2,-9.528961766E-1,8.911881709E-1,-2.049718643E0,2.429727144E0
2.957459370E2,-1.191007954E0,9.569956595E-1,-2.216763069E0,2.692281401E0
2.957559260E2,-1.351807262E0,9.468869931E-1,-2.348833690E0,2.870713771E0
2.957659140E2,-1.449396999E0,9.153073508E-1,-2.245034941E0,2.824663005E0
2.957759030E2,-1.417285552E0,8.640056348E-1,-1.971074323E0,2.576885341E0
2.957858910E2,-1.179886258E0,6.527550888E-1,-1.632865669E0,2.117656979E0
2.957958800E2,-1.088345173E0,2.825076395E-1,-1.415052500E0,1.807395740E0
2.958058680E2,-9.925610563E-1,3.403254926E-2,-1.275850907E0,1.616827512E0
2.958158570E2,-8.992620063E-1,-3.676027536E-2,-1.128855122E0,1.443723436E0
2.958258460E2,-8.447855446E-1,-1.385006583E-1,-8.901280707E-1,1.234978960E0
2.958358340E2,-9.285732213E-1,-8.748837948E-2,-6.215403128E-1,1.120809888E0
2.958458230E2,-1.050746407E0,2.031790495E-2,-3.768249822E-1,1.116457745E0
2.958558110E2,-1.202487793E0,2.106482828E-1,-1.763771671E-1,1.233474157E0
2.958658000E2,-1.305145604E0,4.412554514E-1,-3.936637938E-4,1.377719701E0
2.958757880E2,-1.346830989E0,4.809562916E-1,1.945652238E-1,1.443304643E0
2.958857770E2,-1.310912420E0,4.227513528E-1,3.462346888E-1,1.420242423E0
2.958957650E2,-1.198726279E0,3.645996237E-1,3.759997939E-1,1.308148853E0
2.959057540E2,-1.044224715E0,2.262989402E-1,2.728065240E-1,1.102741976E0
2.959157430E2,-8.142651254E-1,2.961684895E-1,1.505307198E-2,8.665852893E-1
2.959257310E2,-6.804989576E-1,4.469360214E-1,-1.763819911E-1,8.330313592E-1
2.959357200E2,-6.780288014E-1,5.380601996E-1,-2.462866236E-1,8.999382950E-1
2.959457080E2,-6.998093873E-1,5.305026734E-1,-2.697878990E-1,9.186684796E-1
2.959556970E2,-6.448905838E-1,5.076084852E-1,-1.940177782E-1,8.433226770E-1
2.959656850E2,-5.066457412E-1,4.376500583E-1,-1.970219314E-3,6.695008307E-1
2.959756740E2,-2.868608916E-1,2.580007893E-1,1.374195081E-1,4.095579319E-1
2.959856620E2,5.132188886E-2,1.080752563E-1,2.605963683E-1,2.867484342E-1
2.959956510E2,4.551656851E-1,7.544077635E-3,4.116033438E-1,6.137181981E-1
2.960056390E2,8.505105534E-1,-9.292921364E-2,5.260932881E-1,1.004379504E0
2.960156280E2,1.141302236E0,-2.040187097E-1,6.754890633E-1,1.341819623E0
2.960256170E2,1.362517022E0,-3.344741839E-1,9.346891165E-1,1.685814153E0
2.960356047E2,1.525523361E0,-4.695343405E-1,1.193588330E0,1.993072283E0
2.960455937E2,1.625500224E0,-5.972539026E-1,1.411247571E0,2.233961259E0
2.960555817E2,1.598231149E0,-7.071844804E-1,1.619421458E0,2.382641088E0
2.960655707E2,1.575536643E0,-6.457045162E-1,1.764140046E0,2.451823839E0
2.960755587E2,1.605779612E0,-5.205103666E-1,1.815472606E0,2.478991728E0
2.960855477E2,1.612997999E0,-3.871622747E-1,1.837824172E0,2.475733197E0
2.960955357E2,1.670350122E0,-3.055614567E-1,1.685138315E0,2.392306100E0
2.961055247E2,1.796185711E0,-2.451521176E-1,1.594700600E0,2.414425951E0
2.961155137E2,1.895645387E0,-2.331179631E-1,1.539100303E0,2.452885069E0
2.961255017E2,2.057034679E0,-1.276932496E-1,1.489420313E0,2.542846850E0
2.961354907E2,2.198099926E0,6.424394310E-2,1.428478877E0,2.622274294E0
2.961454787E2,2.332462510E0,3.662017608E-1,1.364178216E0,2.726805328E0
2.961554677E2,2.328879044E0,7.869399172E-1,1.265761683E0,2.764978241E0
2.961654557E2,2.091660721E0,1.119578075E0,1.288012677E0,2.699532607E0
2.961754447E2,1.631825157E0,1.294095828E0,1.512068333E0,2.573691512E0
2.961854327E2,9.284296721E-1,1.218030569E0,1.934570302E0,2.467416134E0
2.961954217E2,3.822143608E-1,7.856038284E-1,2.455509562E0,2.606297834E0
2.962054097E2,1.600116876E-1,-1.332054198E-2,2.692007800E0,2.696792015E0
2.962153987E2,5.139245014E-1,-5.745468253E-1,2.602488391E0,2.714252801E0
2.962253877E2,1.157054196E0,-8.369733721E-1,2.068714785E0,2.513738192E0
2.962353757E2,1.731084566E0,-6.527164972E-1,1.405543466E0,2.323412369E0
2.962453647E2,2.105052014E0,-1.721700954E-1,7.424136624E-1,2.238764072E0
2.962553527E2,2.187178497E0,4.586427319E-1,2.178263247E-1,2.245339894E0
2.962653417E2,2.125979637E0,1.088617653E0,-4.542263299E-2,2.388920474E0
2.962753297E2,1.950925403E0,1.631014733E0,-1.690549913E-1,2.548509089E0
2.962853187E2,1.737253379E0,2.010410736E0,-2.248540932E-1,2.666525828E0
2.962953067E2,1.554882669E0,2.169808758E0,-1.584814712E-1,2.674106680E0
2.963052957E2,1.335165063E0,2.177609528E0,4.266713262E-3,2.554342813E0
2.963152837E2,1.014327024E0,2.006206003E0,2.214802498E-1,2.258932345E0
2.963252727E2,5.801642454E-1,1.726515552E0,2.870222747E-1,1.843862329E0
2.963352617E2,1.005165607E-1,1.318338969E0,1.120075089E-1,1.326901239E0
2.963452497E2,-4.746418834E-2,1.322591064E0,-2.078568220E-1,1.339665790E0
2.963552387E2,-2.935470365E-2,1.124231874E0,-5.267432061E-1,1.241860464E0
2.963652267E2,-1.608685970E-1,8.867466259E-1,-7.882695740E-1,1.197316669E0
2.963752157E2,-4.650220442E-1,7.705332148E-1,-1.139178527E0,1.451790155E0
2.963852037E2,-7.293494477E-1,7.909142697E-1,-1.373608021E0,1.744790816E0
2.963951927E2,-8.532382795E-1,8.508283496E-1,-1.502561345E0,1.926036095E0
2.964051807E2,-9.325139523E-1,7.855389243E-1,-1.607865898E0,2.017891578E0
2.964151697E2,-1.024188353E0,7.011361206E-1,-1.736338289E0,2.134343997E0
2.964251587E2,-1.139680510E0,7.421905911E-1,-1.833631280E0,2.282963471E0
2.964351467E2,-1.347017807E0,9.243237573E-1,-1.820216013E0,2.445816370E0
2.964451357E2,-1.598170922E0,9.541328627E-1,-1.497859014E0,2.389163335E0
2.964551237E2,-1.801050010E0,7.152781963E-1,-1.116849765E0,2.236684473E0
2.964651127E2,-1.899132082E0,4.496596545E-1,-1.034183584E0,2.208717310E0
2.964751007E2,-1.854469587E0,2.156763035E-1,-1.218763225E0,2.229564423E0
2.964850897E2,-1.741789941E0,1.250818831E-1,-1.330991759E0,2.195681383E0
2.964950777E2,-1.522122036E0,1.079243982E-1,-1.325894156E0,2.021508961E0
2.965050667E2,-1.320986296E0,1.528649282E-1,-1.178785812E0,1.777050497E0
2.965150557E2,-1.343709745E0,2.076872528E-1,-8.956876034E-1,1.628172643E0
2.965250437E2,-1.470625607E0,1.835610563E-1,-6.080724210E-1,1.601932086E0
2.965350327E2,-1.474037458E0,1.430082768E-1,-5.916265422E-1,1.594760095E0
2.965450207E2,-1.538470851E0,9.362795591E-2,-9.875649029E-1,1.830558163E0
2.965550097E2,-1.546139766E0,2.741174698E-2,-1.211341939E0,1.964344388E0
2.965649977E2,-1.483681124E0,-1.372750819E-2,-1.037122394E0,1.810282018E0
2.965749867E2,-1.583860739E0,-1.068157661E-1,-6.691150135E-1,1.722712788E0
2.965849747E2,-1.585920129E0,-2.343985033E-1,-1.540624380E-1,1.610534243E0
2.965949637E2,-1.557564933E0,-5.003538448E-1,6.780372798E-2,1.637363685E0
2.966049527E2,-1.593591383E0,-5.958657736E-1,-2.074147725E-1,1.713945858E0
2.966149407E2,-1.488160530E0,-5.954699171E-1,-5.058975899E-1,1.680814849E0
2.966249297E2,-9.465798680E-1,-3.596183807E-1,-6.776262206E-1,1.218407207E0
2.966349177E2,-3.663518880E-1,-2.896962065E-1,-4.709587222E-1,6.632795157E-1
2.966449067E2,5.057066783E-1,-4.955521113E-1,-7.453480875E-1,1.028034489E0
2.966548947E2,8.702080688E-1,-6.199457771E-1,-2.669593084E-1,1.101300196E0
2.966648837E2,3.515056613E-1,-5.306570399E-1,2.847611564E-1,6.973105765E-1
2.966748717E2,-6.617361197E-1,-2.622593164E-2,6.693839854E-1,9.416248783E-1
2.966848607E2,-1.250768837E0,2.270900685E-1,4.569990796E-1,1.350866663E0
2.966948497E2,-1.358168155E0,3.019677579E-2,-1.937346268E-1,1.372248406E0
2.967048377E2,-1.045622199E0,-1.270407003E-1,-4.347036463E-1,1.139487773E0
2.967148267E2,-3.705073580E-1,-4.170737064E-1,-4.430072773E-1,7.123774467E-1
2.967248147E2,3.053152889E-2,-5.107969719E-1,-1.531976348E-1,5.341490767E-1
2.967348037E2,5.260535270E-2,-5.659005475E-1,5.230363637E-1,7.723844836E-1
2.967447917E2,-3.390566468E-2,-6.103744698E-1,5.028734100E-1,7.915732777E-1
2.967547807E2,2.115844220E-1,-6.848346680E-1,-4.507560074E-2,7.181909913E-1
2.967647687E2,-8.594822288E-3,-5.714594954E-1,-6.296778828E-1,8.503728958E-1
2.967747577E2,-3.886685175E-1,-3.281363869E-1,-5.658666337E-1,7.608822195E-1
2.967847467E2,-4.437641993E-1,-1.689400935E-1,-4.115591973E-1,6.283696306E-1
2.967947347E2,-7.609157145E-2,-1.706240916E-1,-1.410061902E-1,2.340624993E-1
2.968047237E2,6.735434023E-1,-4.473184294E-1,8.345789373E-2,8.128466719E-1
2.968147117E2,8.067532074E-1,-6.061293912E-1,3.113028377E-1,1.056008065E0
2.968247007E2,1.029043297E0,-6.555483037E-1,4.457759339E-1,1.298995715E0
2.968346887E2,1.372184516E0,-5.272668242E-1,3.137300169E-1,1.503105842E0
2.968446777E2,1.627619839E0,-3.160133547E-1,2.519489211E-1,1.677047716E0
2.968546657E2,1.661866397E0,-2.389406204E-1,5.508685255E-1,1.767016885E0
2.968646547E2,1.988701778E0,-4.144564927E-1,9.679796541E-1,2.250265219E0
2.968746437E2,2.367389098E0,-6.762392610E-1,1.019784815E0,2.664918714E0
2.968846317E2,2.249913858E0,-6.812006235E-1,8.217442989E-1,2.490263109E0
2.968946207E2,1.664903733E0,-7.141315573E-1,9.407345527E-1,2.041291214E0
2.969046087E2,9.531420520E-1,-7.849331528E-1,1.272704374E0,1.773238915E0
2.969145977E2,6.721318844E-1,-7.631195301E-1,1.188591008E0,1.564244633E0
2.969245857E2,3.042920262E-1,-4.847587359E-1,6.401373821E-1,8.586969997E-1
2.969345747E2,-7.747648448E-2,-1.442268366E-1,3.016900152E-1,3.432504207E-1
2.969445627E2,-2.082591105E-1,1.953320861E-2,2.984120661E-1,3.644216850E-1
2.969545517E2,-5.499914432E-1,2.417098618E-1,-4.951188326E-2,6.027982012E-1
2.969645407E2,-4.974284828E-1,7.259902954E-2,-2.180251300E-1,5.479422158E-1
2.969745287E2,-5.236573380E-1,-1.848152840E-1,-1.858011246E-2,5.556247992E-1
2.969845177E2,-5.492067468E-1,-4.206831926E-1,2.726387089E-1,7.435954982E-1
2.969945057E2,-2.856215742E-1,-7.118137211E-1,7.078773755E-1,1.043718753E0
2.970044947E2,-2.966979548E-1,-6.739418900E-1,7.064962631E-1,1.020472595E0
2.970144827E2,-4.579779035E-1,-5.252436876E-1,6.921892959E-1,9.822172432E-1
2.970244717E2,-3.129198852E-1,-5.438144445E-1,6.405811858E-1,8.966589431E-1
2.970344607E2,-1.529111212E-1,-4.796026611E-1,5.630634785E-1,7.552754493E-1
2.970444483E2,-7.682539701E-2,-2.498465547E-1,2.975028241E-1,3.960219348E-1
2.970544373E2,2.730544460E-1,-1.866372764E-1,2.903622043E-1,4.401163631E-1
2.970644253E2,4.886930349E-1,-1.839636371E-1,6.024930078E-1,7.972837177E-1
2.970744143E2,7.544855314E-1,-2.442645103E-1,9.673949325E-1,1.250906281E0
2.970844023E2,1.102992156E0,-2.671063659E-1,6.484848672E-1,1.307084592E0
2.970943913E2,1.346464076E0,-2.341804022E-1,4.767047811E-1,1.447429935E0
2.971043803E2,1.181027049E0,2.329559952E-2,2.148091614E-1,1.200629232E0
2.971143683E2,8.443689305E-1,3.468489388E-1,-1.525912786E-1,9.254983389E-1
2.971243573E2,5.149981964E-1,4.827885166E-1,-5.150473130E-1,8.738315791E-1
2.971343453E2,3.201248243E-1,3.709090617E-1,-8.015369064E-1,9.394226139E-1
2.971443343E2,1.029750225E-1,1.592658752E-1,-6.828577244E-1,7.087059659E-1
2.971543223E2,-3.083353758E-2,-2.677820116E-2,-4.105189776E-1,4.125452825E-1
2.971643113E2,-1.011123919E-1,-1.589261520E-1,-1.208631170E-1,2.238060112E-1
2.971742993E2,-1.581917417E-1,-2.695338374E-1,4.853598297E-1,5.772757408E-1
2.971842883E2,-7.508409619E-3,-2.676785159E-1,8.570117801E-1,8.978737970E-1
2.971942773E2,2.721025193E-1,-1.658422387E-1,9.811072379E-1,1.031559422E0
2.972042653E2,5.459592032E-1,-1.109918475E-2,1.075114678E0,1.205846680E0
2.972142543E2,5.620910865E-1,1.257367712E-1,1.430212576E0,1.541837909E0
2.972242423E2,3.783364874E-1,7.871989489E-2,1.702511562E0,1.745818129E0
2.972342313E2,3.268535078E-2,-8.603827000E-2,1.892817382E0,1.895053708E0
2.972442203E2,-3.100626433E-1,-1.939386946E-1,1.993324002E0,2.026596072E0
2.972542083E2,-2.551064175E-1,-1.999151337E-1,1.648816581E0,1.680369442E0
2.972641973E2,1.033360881E-1,-1.738090700E-1,9.431313264E-1,9.645644814E-1
2.972741853E2,3.053024250E-1,-2.254967022E-1,7.036013067E-1,7.994455155E-1
2.972841743E2,2.538896120E-1,-3.624852705E-1,9.195220238E-1,1.020478446E0
2.972941623E2,2.586346275E-1,-5.226334906E-1,8.982533616E-1,1.070932648E0
2.973041513E2,3.578788340E-1,-7.028473082E-1,6.496858853E-1,1.021843113E0
2.973141393E2,3.084453034E-1,-8.877786595E-1,6.063971937E-1,1.118484247E0
2.973241283E2,2.218474549E-1,-1.102525840E0,9.177824771E-1,1.451586786E0
2.973341173E2,1.773027813E-1,-1.164953638E0,9.076393121E-1,1.487401216E0
2.973441053E2,-9.282454848E-3,-1.153607116E0,9.978179955E-1,1.525298756E0
2.973540943E2,-1.091792107E-1,-1.175577444E0,1.166540573E0,1.659734718E0
2.973640823E2,-1.091265857E-2,-1.155912089E0,1.249152374E0,1.701949910E0
2.973740713E2,1.779950917E-2,-1.088282023E0,1.298432708E0,1.694285124E0
2.973840593E2,3.303641760E-1,-1.162867644E0,1.360859921E0,1.820258600E0
2.973940483E2,6.188745672E-1,-1.074198127E0,1.224939054E0,1.742808949E0
2.974040373E2,5.034803510E-1,-6.469172287E-1,1.037355698E0,1.322157785E0
2.974140253E2,4.142442387E-1,-5.232185045E-1,1.149312336E0,1.329012693E0
2.974240143E2,5.286309797E-1,-6.652599442E-1,1.275074251E0,1.532264941E0
2.974340023E2,7.337746936E-1,-7.758799088E-1,1.208632339E0,1.612825801E0
2.974439913E2,8.226383382E-1,-7.038603383E-1,1.209939192E0,1.623608961E0
2.974539793E2,6.526597792E-1,-6.386843491E-1,1.002788714E0,1.356269770E0
2.974639683E2,5.813640940E-1,-8.967365938E-1,8.896942073E-1,1.390566975E0
2.974739573E2,6.961484456E-1,-1.075383358E0,8.880528939E-1,1.558752696E0
2.974839453E2,8.298549718E-1,-9.902850276E-1,8.854742718E-1,1.566329594E0
2.974939343E2,7.590232632E-1,-6.950035608E-1,8.743844426E-1,1.350442304E0
2.975039223E2,7.776100999E-1,-6.649412709E-1,9.198418665E-1,1.375839170E0
2.975139113E2,8.554613909E-1,-6.190125614E-1,4.850271231E-1,1.161999162E0
2.975238993E2,6.973687595E-1,-4.675725996E-1,5.232948107E-1,9.893355253E-1
2.975338883E2,5.391147450E-1,-5.800163108E-1,6.653792274E-1,1.034308051E0
2.975438773E2,4.533843309E-1,-5.363960820E-1,6.586777335E-1,9.628782192E-1
2.975538653E2,2.577584222E-1,-5.001421756E-1,6.598442531E-1,8.671655195E-1
2.975638543E2,1.076443166E-1,-5.281357205E-1,4.662400192E-1,7.126670988E-1
2.975738423E2,1.091818419E-1,-5.269288552E-1,6.729963952E-1,8.616837245E-1
2.975838313E2,3.980690861E-1,-7.615776193E-1,5.554047954E-1,1.023197906E0
2.975938193E2,6.254588243E-1,-6.964583480E-1,1.065812927E-1,9.421319140E-1
2.976038083E2,5.757349795E-1,-6.295071441E-1,3.484162849E-1,9.214900535E-1
2.976137963E2,5.939894021E-1,-7.766353691E-1,5.254582804E-1,1.109996536E0
2.976237853E2,7.710311052E-1,-7.108138472E-1,5.832597613E-2,1.050308150E0
2.976337743E2,7.387305012E-1,-2.513384718E-1,-5.181270415E-1,9.366693183E-1
2.976437623E2,8.631563267E-1,1.364997411E-1,-4.466319662E-1,9.814026375E-1
2.976537513E2,1.173712183E0,2.276999331E-1,-5.980193031E-1,1.336815108E0
2.976637393E2,1.263193586E0,2.071592492E-1,-4.688350135E-1,1.363223848E0
2.976737283E2,1.056386046E0,1.920488745E-1,-3.924382174E-1,1.143171905E0
2.976837163E2,9.167016193E-1,2.113154501E-1,-1.688868839E-1,9.557818045E-1
2.976937053E2,7.634431735E-1,1.134628808E-1,-2.139490360E-1,8.009328901E-1
2.977036933E2,5.217458832E-1,1.216466439E-1,-4.822081804E-1,7.207922044E-1
2.977136823E2,3.901028395E-1,1.694300902E-1,-3.344198048E-1,5.410391730E-1
2.977236713E2,4.380985397E-1,2.766785502E-1,-6.437842906E-2,5.221359332E-1
2.977336593E2,4.722778541E-1,3.562603247E-1,3.799105579E-1,7.030645933E-1
2.977436483E2,5.851834953E-1,4.177215779E-1,3.862074244E-1,8.161416632E-1
2.977536363E2,6.707042867E-1,5.099883020E-1,3.354641175E-1,9.069004810E-1
2.977636253E2,7.000552627E-1,6.051523215E-1,3.689973146E-1,9.962157001E-1
2.977736133E2,7.628704387E-1,5.833819681E-1,2.178614080E-1,9.847687140E-1
2.977836023E2,7.442517346E-1,6.368231803E-1,1.682898831E-1,9.938691525E-1
2.977935903E2,7.330288813E-1,5.838772273E-1,3.978392905E-1,1.018096291E0
2.978035793E2,6.790909481E-1,3.541366160E-1,2.843617916E-1,8.169693306E-1
2.978135683E2,5.012522694E-1,3.210799670E-1,2.347914362E-1,6.399009309E-1
2.978235563E2,3.212007120E-1,2.845535803E-1,2.594777960E-1,5.014672113E-1
2.978335453E2,3.400141284E-1,2.495813835E-1,3.871616900E-1,5.725335350E-1
2.978435333E2,2.538247079E-1,1.760777897E-1,2.480312866E-1,3.961690163E-1
2.978535223E2,1.630396682E-1,1.624151856E-1,-2.119030952E-3,2.301415134E-1
2.978635103E2,6.739413053E-2,1.305905449E-1,-4.394767284E-2,1.533859746E-1
2.978734993E2,-1.364400995E-1,3.841854572E-2,1.233791739E-1,1.879210099E-1
2.978834873E2,-2.444994222E-1,-7.331531346E-2,1.690658087E-1,3.061671933E-1
2.978934763E2,-3.660431550E-1,-1.156433076E-1,5.990004659E-2,3.885215329E-1
2.979034653E2,-3.623889376E-1,-1.268155825E-1,2.168615341E-2,3.845493770E-1
2.979134533E2,-2.770877092E-1,-2.063996959E-1,7.785099864E-2,3.541739841E-1
2.979234423E2,-2.392233333E-1,-2.577815187E-1,-1.355969310E-1,3.769159618E-1
2.979334303E2,-2.692654502E-1,-2.360392320E-1,-3.610866165E-1,5.085291991E-1
2.979434193E2,-2.193732056E-1,-1.504792643E-1,-5.589254040E-1,6.190042161E-1
2.979534073E2,-9.301429063E-2,-8.680776358E-2,-5.998009497E-1,6.131463327E-1
2.979633963E2,1.175906496E-1,-5.373240352E-2,-4.843605405E-1,5.013181278E-1
2.979733843E2,4.305943693E-1,-7.049754024E-2,-4.589906412E-1,6.332881041E-1
2.979833733E2,7.291112468E-1,1.097990155E-2,-4.351720083E-1,8.491751558E-1
2.979933623E2,9.438628131E-1,1.241837507E-1,-2.444364184E-1,9.828772948E-1
2.980033503E2,1.131697526E0,2.176000375E-1,-6.338966489E-3,1.152444901E0
2.980133393E2,1.186573426E0,2.984190828E-1,-2.162557626E-1,1.242488229E0
2.980233273E2,1.060294033E0,3.921569663E-1,-3.839416283E-1,1.193910255E0
2.980333163E2,8.429951271E-1,4.798716331E-1,-5.678348064E-1,1.123990185E0
2.980433046E2,6.973032707E-1,5.413276237E-1,-7.497124493E-1,1.158160699E0
2.980532936E2,5.351731369E-1,5.718226075E-1,-7.891185898E-1,1.111800130E0
2.980632816E2,4.735528395E-1,5.668302548E-1,-7.978210008E-1,1.087229129E0
2.980732706E2,3.859524858E-1,6.350777864E-1,-7.081539488E-1,1.026530629E0
2.980832596E2,3.296443838E-1,7.488774669E-1,-7.206652361E-1,1.090339976E0
2.980932476E2,1.627432144E-1,9.639515072E-1,-7.654660177E-1,1.241622361E0
2.981032366E2,1.080183191E-1,1.088784299E0,-6.643501174E-1,1.280031361E0
2.981132246E2,-3.029654391E-2,1.229664774E0,-6.584631407E-1,1.395194268E0
2.981232136E2,-7.500866711E-2,1.234911481E0,-6.645348895E-1,1.404364370E0
2.981332016E2,-1.183540767E-1,1.210894627E0,-7.678399873E-1,1.438697929E0
2.981431906E2,-1.530444378E-1,1.242212314E0,-8.195223570E-1,1.496038411E0
2.981531786E2,-1.082187324E-1,1.390728083E0,-6.618454626E-1,1.543980347E0
2.981631676E2,-8.628436469E-2,1.595702228E0,-4.771044382E-1,1.667734762E0
2.981731556E2,7.621041611E-3,1.745388610E0,-2.318324527E-1,1.760734439E0
2.981831446E2,2.001719727E-1,1.749205672E0,8.408968538E-2,1.762628826E0
2.981931336E2,4.318208228E-1,1.553502288E0,1.140692371E-1,1.616431369E0
2.982031216E2,5.409712359E-1,1.276174697E0,-4.178011000E-2,1.386728997E0
2.982131106E2,5.813491836E-1,1.037286701E0,-3.719554210E-1,1.245905859E0
2.982230986E2,4.849307902E-1,8.325084382E-1,-4.083137003E-1,1.046397749E0
2.982330876E2,2.349979891E-1,7.429337722E-1,-2.491858193E-1,8.180881476E-1
2.982430756E2,-2.378238022E-2,6.647670239E-1,-3.284632462E-1,7.418685206E-1
2.982530646E2,-2.482305305E-1,6.250299311E-1,-2.017757177E-1,7.021354935E-1
2.982630526E2,-2.649475738E-1,5.960511303E-1,1.440669152E-1,6.680040740E-1
2.982730416E2,-1.330612859E-1,5.623173738E-1,1.846156016E-1,6.066210143E-1
2.982830306E2,-5.282959342E-4,4.278571415E-1,7.663653195E-2,4.346667352E-1
2.982930186E2,2.062576085E-2,2.911159104E-1,1.019435737E-1,3.091381366E-1
2.983030076E2,-4.170058787E-2,2.781707597E-1,7.198068649E-2,2.903431242E-1
2.983129956E2,-1.165431941E-1,3.957091498E-1,4.993697584E-2,4.155258703E-1
2.983229846E2,-8.610712096E-2,5.185041869E-1,-2.080380857E-2,5.260169451E-1
2.983329726E2,-1.439835924E-1,6.781530547E-1,-9.698455006E-2,7.000206022E-1
2.983429616E2,-2.220219943E-1,8.877242804E-1,-1.177009428E-1,9.226059158E-1
2.983529496E2,-2.169928041E-1,9.133543807E-1,-2.107889083E-1,9.621507500E-1
2.983629386E2,-1.052080742E-1,7.659074825E-1,-1.688757741E-1,7.913292853E-1
2.983729276E2,-2.066669136E-2,6.116532558E-1,-2.337959477E-1,6.551391933E-1
2.983829156E2,-7.291448683E-2,4.694021934E-1,-3.214658833E-1,5.735810803E-1
2.983929046E2,-2.993365109E-1,3.745609403E-1,-3.053825319E-1,5.684687639E-1
2.984028926E2,-4.728315854E-1,4.204399484E-1,-2.471185362E-1,6.792694821E-1
2.984128816E2,-5.066919342E-1,6.180267209E-1,-3.269220664E-1,8.634649856E-1
2.984228696E2,-4.966633746E-1,6.518914551E-1,-4.626926596E-1,9.411277672E-1
2.984328586E2,-4.180773810E-1,8.595366079E-1,-3.196282496E-1,1.007846265E0
2.984428466E2,-3.474611422E-1,9.542515612E-1,8.548336923E-3,1.015577846E0
2.984528356E2,-3.002507231E-1,8.252964824E-1,3.432146019E-1,9.429003360E-1
2.984628236E2,-2.212133244E-1,7.137368703E-1,3.707842237E-1,8.341682057E-1
2.984728126E2,-1.499764037E-1,7.889080900E-1,1.935871308E-1,8.260416898E-1
2.984828016E2,-1.158160928E-1,7.848916376E-1,1.031459074E-1,8.000670774E-1
2.984927896E2,-6.886090457E-2,8.336720341E-1,-3.360453308E-2,8.371858511E-1
2.985027786E2,-1.182102352E-2,8.429650140E-1,-2.448259892E-1,8.778778482E-1
2.985127666E2,2.274771541E-2,7.062173510E-1,-1.824291815E-1,7.297539391E-1
2.985227556E2,8.398414314E-2,6.114246297E-1,4.629825354E-2,6.188997838E-1
2.985327436E2,1.717803785E-1,5.314627862E-1,1.915454292E-1,5.904666316E-1
2.985427326E2,1.888902086E-1,5.569911450E-1,1.932843181E-1,6.190940754E-1
2.985527206E2,2.412333137E-1,6.560529184E-1,1.557971607E-1,7.161506117E-1
2.985627096E2,2.354229355E-1,7.128083324E-1,1.589010090E-1,7.673129792E-1
2.985726986E2,1.524351579E-1,6.897527611E-1,2.259551239E-1,7.416542772E-1
2.985826866E2,-2.609056860E-2,4.972887343E-1,2.557151127E-1,5.597919452E-1
2.985926756E2,-2.579396859E-1,3.056398094E-1,2.470325091E-1,4.700783288E-1
2.986026636E2,-4.422930399E-1,2.587544954E-1,2.526253708E-1,5.713112987E-1
2.986126526E2,-6.099587327E-1,3.688166356E-1,1.603475370E-1,7.306070756E-1
2.986226406E2,-6.177238351E-1,4.521710336E-1,1.990041375E-2,7.657920126E-1
2.986326296E2,-6.250442567E-1,4.034660661E-1,-1.822928683E-1,7.659607557E-1
2.986426176E2,-7.295456949E-1,-2.988102615E-2,-4.413812397E-1,8.531982158E-1
2.986526066E2,-7.765795282E-1,-7.444049317E-1,-5.985982140E-1,1.231070383E0
2.986625956E2,-7.104983899E-1,-1.614122127E0,-5.398622384E-1,1.844356104E0
2.986725836E2,-7.541838151E-1,-2.530120034E0,-2.727959991E-1,2.654188816E0
2.986825726E2,-9.964272353E-1,-3.263913438E0,-9.898755033E-2,3.414058685E0
2.986925606E2,-1.154790593E0,-3.456605507E0,-6.617827512E-2,3.645002401E0
2.987025496E2,-1.092189425E0,-2.876000966E0,2.342358045E-3,3.076404522E0
2.987125376E2,-8.888422680E-1,-1.698985691E0,3.559675254E-3,1.917447686E0
2.987225266E2,-6.172119114E-1,-4.094278872E-1,-6.187004663E-2,7.432426529E-1
2.987325146E2,-3.602598202E-1,5.172745174E-1,-1.953520397E-1,6.599412730E-1
2.987425036E2,-1.742499501E-1,1.074238181E0,-3.132370967E-1,1.132461122E0
2.987524926E2,-1.126173735E-2,1.299738391E0,-4.087928796E-1,1.362555808E0
2.987624806E2,3.747655928E-2,1.319867431E0,-4.081771678E-1,1.382050335E0
2.987724696E2,-3.646616042E-3,1.236639333E0,-2.044257490E-1,1.253427311E0
2.987824576E2,-1.281923094E-1,1.067925526E0,1.779429784E-1,1.090211861E0
2.987924466E2,-2.018052462E-1,8.629659998E-1,5.443505611E-1,1.040073655E0
2.988024346E2,-8.753661901E-2,7.052332646E-1,7.497129609E-1,1.032998616E0
2.988124236E2,1.750817165E-1,6.084776330E-1,8.415132234E-1,1.053111173E0
2.988224116E2,4.940332970E-1,5.077686989E-1,7.259458566E-1,1.014344782E0
2.988324006E2,7.576240245E-1,3.694370252E-1,4.840863792E-1,9.720172326E-1
2.988423886E2,9.952934602E-1,1.772314453E-1,3.122004584E-1,1.058059159E0
2.988523776E2,1.168877412E0,-2.836191952E-2,2.506232842E-1,1.195780429E0
2.988623666E2,1.262974607E0,-1.604329795E-1,1.420392470E-1,1.281022540E0
2.988723546E2,1.250783455E0,-2.224573195E-1,-2.431381904E-2,1.270644589E0
2.988823436E2,1.144704438E0,-1.964810640E-1,-1.612358753E-1,1.172582648E0
2.988923316E2,9.033310837E-1,-1.444525391E-1,-2.853809613E-1,9.582879921E-1
2.989023206E2,5.563754332E-1,-1.593290251E-1,-3.809397409E-1,6.928596157E-1
2.989123086E2,1.655326286E-1,-2.206850284E-1,-3.879949913E-1,4.760704215E-1
2.989222976E2,-2.622663331E-1,-3.640388757E-1,-2.170058873E-1,4.983969177E-1
2.989322856E2,-5.868072671E-1,-4.709540445E-1,-1.342169881E-2,7.525427713E-1
2.989422746E2,-7.584572527E-1,-5.105975819E-1,1.196516470E-1,9.221083512E-1
2.989522636E2,-7.789739630E-1,-4.819497335E-1,2.195564427E-1,9.419559502E-1
2.989622516E2,-7.143999445E-1,-5.105572361E-1,2.955311430E-1,9.264850935E-1
2.989722406E2,-5.616306183E-1,-6.153785169E-1,3.359727522E-1,8.983303182E-1
2.989822286E2,-3.848371294E-1,-6.904023868E-1,2.859305996E-1,8.405423128E-1
2.989922176E2,-1.426887265E-1,-6.046740192E-1,2.089759791E-1,6.554858519E-1
2.990022056E2,8.978838176E-2,-3.571537793E-1,1.326194557E-1,3.914188237E-1
2.990121946E2,2.482742384E-1,-4.811205983E-2,8.258848585E-2,2.660370759E-1
2.990221826E2,3.593643191E-1,1.456588197E-1,7.323396407E-2,3.946168003E-1
2.990321716E2,3.586451116E-1,1.555271655E-1,7.345279612E-2,3.977566198E-1
2.990421597E2,3.605393171E-1,1.247129238E-1,1.097843244E-1,3.969817508E-1
2.990521487E2,4.077231315E-1,1.363114607E-1,7.251665689E-2,4.359789350E-1
2.990621377E2,4.622431549E-1,2.103190845E-1,2.745728217E-2,5.085830846E-1
2.990721257E2,4.843131781E-1,2.881151193E-1,2.187501848E-2,5.639575275E-1
2.990821147E2,5.137913311E-1,3.417159605E-1,-3.167612135E-2,6.178630157E-1
2.990921027E2,5.058455497E-1,3.338152027E-1,-1.005686009E-1,6.143503505E-1
2.991020917E2,5.527937213E-1,2.690192825E-1,-1.863876734E-1,6.424115794E-1
2.991120797E2,5.945685688E-1,2.147132671E-1,-2.327256880E-1,6.736280991E-1
2.991220687E2,5.622507155E-1,1.961202908E-1,-3.109672076E-1,6.717809462E-1
2.991320567E2,4.325583029E-1,1.830406541E-1,-3.580560046E-1,5.906053411E-1
2.991420457E2,2.361468208E-1,1.422516471E-1,-2.973320123E-1,4.054715497E-1
2.991520347E2,-1.830558568E-2,7.447715521E-2,-9.177431546E-2,1.196012796E-1
2.991620227E2,-2.765253532E-1,-1.573544204E-2,1.173220432E-1,3.007961717E-1
2.991720117E2,-4.670060045E-1,-9.625686407E-2,2.780584931E-1,5.519751060E-1
2.991819997E2,-5.883965403E-1,-2.038544029E-1,3.681705183E-1,7.234062736E-1
2.991919887E2,-6.136790237E-1,-2.085479629E-1,3.767712609E-1,7.497004602E-1
2.992019767E2,-5.366244158E-1,-1.693055445E-1,3.205871198E-1,6.476158062E-1
2.992119657E2,-4.674588713E-1,-1.133266407E-1,2.696479312E-1,5.514260881E-1
2.992219537E2,-3.645967001E-1,-5.972638428E-2,1.958180628E-1,4.181419716E-1
2.992319427E2,-3.130999795E-1,4.652687967E-2,1.422721855E-1,3.470413843E-1
2.992419317E2,-3.250239140E-1,8.181307197E-2,1.178558209E-1,3.552800556E-1
2.992519197E2,-3.513808233E-1,7.084252596E-2,8.379703224E-2,3.681155920E-1
2.992619087E2,-4.087092644E-1,9.869749188E-2,4.600413859E-2,4.229667108E-1
2.992718967E2,-4.416714808E-1,1.621503067E-1,1.745225765E-2,4.708194986E-1
2.992818857E2,-4.406137195E-1,1.907566398E-1,-3.431548141E-2,4.813585958E-1
2.992918737E2,-4.130052137E-1,2.418665671E-1,-1.436795372E-1,4.997164719E-1
2.993018627E2,-4.019560227E-1,2.275829887E-1,-2.014793370E-1,5.039410523E-1
2.993118507E2,-4.155902678E-1,1.985661811E-1,-2.335272682E-1,5.164095118E-1
2.993218397E2,-3.745398903E-1,1.171635836E-1,-2.038473862E-1,4.422230112E-1
2.993318277E2,-3.133356223E-1,3.081365705E-2,-9.779402398E-2,3.296852510E-1
2.993418167E2,-1.841861236E-1,-1.169384658E-2,-3.592938602E-2,1.880217938E-1
2.993518057E2,-3.554317743E-2,-4.221338868E-2,1.295216739E-2,5.668373916E-2
2.993617937E2,1.150512770E-1,1.459815860E-2,8.016598441E-2,1.409839978E-1
2.993717827E2,1.991737068E-1,5.671097517E-2,1.591232032E-1,2.611637302E-1
2.993817707E2,2.843363562E-1,4.873595774E-2,2.537375113E-1,3.841940677E-1
2.993917597E2,3.234004346E-1,-3.163811445E-2,3.335380447E-1,4.656569967E-1
2.994017477E2,3.753716567E-1,-6.483158827E-2,4.114937085E-1,5.607442266E-1
2.994117367E2,4.113469434E-1,-7.138690174E-2,4.887161314E-1,6.427642295E-1
2.994217247E2,4.113200462E-1,-3.766600907E-2,4.827543104E-1,6.353382035E-1
2.994317137E2,4.555603722E-1,-1.149860805E-1,4.724865266E-1,6.663336771E-1
2.994417027E2,4.465261316E-1,-1.721958232E-1,4.749693274E-1,6.742646734E-1
2.994516907E2,4.919335619E-1,-1.968301427E-1,4.233290211E-1,6.781948057E-1
2.994616797E2,5.342963469E-1,-1.407255238E-1,3.750134782E-1,6.677659532E-1
2.994716677E2,5.547583857E-1,1.698323786E-2,3.569139703E-1,6.598733811E-1
2.994816567E2,4.862182009E-1,-6.388375461E-2,3.400249092E-1,5.967463547E-1
2.994916447E2,5.080084348E-1,-1.235616070E-1,4.135138484E-1,6.665836357E-1
2.995016337E2,5.270896536E-1,-1.251292455E-1,4.632064837E-1,7.127700033E-1
2.995116217E2,5.686969784E-1,-1.678454947E-1,4.194996796E-1,7.263390011E-1
2.995216107E2,5.844622412E-1,-1.729343265E-1,3.749562120E-1,7.156078211E-1
2.995315997E2,5.149850401E-1,-2.035082477E-1,4.184753571E-1,6.940798390E-1
2.995415877E2,4.007897955E-1,-2.387646192E-1,4.747278374E-1,6.655881033E-1
2.995515767E2,3.487022138E-1,-2.178350955E-1,5.462463015E-1,6.836888069E-1
2.995615647E2,3.509574848E-1,-1.790739030E-1,6.729303217E-1,7.797908930E-1
2.995715537E2,4.103774750E-1,-2.437446928E-1,6.660083878E-1,8.193828897E-1
2.995815417E2,5.333716097E-1,-2.717335600E-1,4.251252858E-1,7.342042702E-1
2.995915307E2,5.141184828E-1,-3.159601450E-1,2.273889343E-1,6.448677035E-1
2.996015187E2,4.023442778E-1,-4.817497587E-1,8.472849369E-2,6.333582442E-1
2.996115077E2,3.345902511E-1,-4.690893674E-1,-1.000879963E-1,5.848188418E-1
2.996214967E2,7.170674443E-2,-3.588044482E-1,-2.567921698E-1,4.470175698E-1
2.996314847E2,-3.156555051E-1,-2.216199982E-1,-2.963625805E-1,4.863996305E-1
2.996414737E2,-6.487924308E-1,1.625900173E-1,-2.422390348E-1,7.113697224E-1
2.996514617E2,-5.981137356E-1,4.765691257E-1,-1.369587841E-1,7.769272043E-1
2.996614507E2,-4.950863805E-1,8.311594856E-1,-1.730314269E-1,9.827901553E-1
2.996714387E2,-2.259410906E-1,8.236960995E-1,-7.267566461E-2,8.572084886E-1
2.996814277E2,7.438564628E-2,6.481293565E-1,1.060505848E-2,6.524701943E-1
2.996914157E2,2.686181635E-1,4.847172207E-1,8.254452210E-2,5.602857306E-1
2.997014047E2,3.588360232E-1,3.039517182E-1,1.255087115E-1,4.867261810E-1
2.997113927E2,2.752114838E-1,2.111949974E-1,7.358366411E-2,3.546254974E-1
2.997213817E2,7.875994831E-2,1.293702310E-1,4.091223702E-5,1.514588651E-1
2.997313707E2,-2.701790777E-1,3.567444742E-2,-1.131839102E0,1.164186047E0
2.997413587E2,-2.733503736E0,1.024940890E-1,-1.267502925E1,1.296683902E1
2.997513477E2,1.359465360E0,8.790177763E-2,9.264062431E0,9.363691875E0
2.997613357E2,-1.067795134E0,9.079264104E-2,7.422752003E0,7.499711798E0
2.997713247E2,-3.189503526E0,2.766083837E-1,-2.208914936E0,3.889569402E0
2.997813127E2,-2.122448065E0,1.105889744E0,-3.100362139E0,3.916634181E0
2.997913017E2,-1.410054885E0,1.361931131E0,-2.828112270E0,3.441123391E0
2.998012897E2,-1.217452572E0,1.386717478E0,-2.618404219E0,3.203313407E0
2.998112787E2,-1.378824322E0,1.318794467E0,-2.242171560E0,2.944097257E0
2.998212677E2,-1.405145271E0,1.086451260E0,-2.037575145E0,2.703057906E0
2.998312557E2,-1.133033688E0,7.684556991E-1,-1.809934269E0,2.269394536E0
2.998412447E2,-1.124993182E0,4.767158908E-1,-1.476744134E0,1.916674447E0
2.998512327E2,-1.247467207E0,2.257364380E-1,-8.118291754E-1,1.505389644E0
2.998612217E2,-1.241752723E0,-1.495916569E-1,-2.214515984E-2,1.250926815E0
2.998712097E2,-1.015619551E0,-5.681189811E-1,6.626012152E-1,1.339135027E0
2.998811987E2,-6.007835743E-1,-8.425083464E-1,1.116270890E0,1.522111007E0
2.998911867E2,-1.769382074E-1,-1.050638818E0,1.132852424E0,1.555153906E0
2.999011757E2,2.276569560E-1,-1.028900625E0,9.503561461E-1,1.419028185E0
2.999111647E2,5.246849862E-1,-8.742832857E-1,6.943147588E-1,1.233587687E0
2.999211527E2,7.081191579E-1,-6.964425606E-1,5.426648819E-1,1.131790686E0
2.999311417E2,8.341219774E-1,-5.951810646E-1,4.026626587E-1,1.100971021E0
2.999411297E2,9.277736145E-1,-5.836544484E-1,2.107547021E-1,1.116169315E0
2.999511187E2,1.072990969E0,-5.391547984E-1,7.243764639E-2,1.203014850E0
2.999611067E2,1.316196549E0,-5.101917851E-1,-8.588330965E-2,1.414229457E0
2.999710957E2,1.547169169E0,-4.251071960E-1,-2.450912883E-1,1.623119929E0
2.999810837E2,1.736378928E0,-3.142311233E-1,-3.246836060E-1,1.794205234E0
2.999910727E2,1.837376422E0,-2.537937176E-1,-3.522321779E-1,1.887970040E0
3.000010607E2,1.742173518E0,-2.431780976E-1,-4.017931777E-1,1.804367455E0
3.000110497E2,1.502662210E0,-2.183215839E-1,-5.095298803E-1,1.601648753E0
3.000210387E2,1.325444505E0,-2.893529749E-1,-5.730189478E-1,1.472711443E0
3.000310267E2,9.532054943E-1,-2.169182521E-1,-7.238361812E-1,1.216385243E0
3.000410158E2,6.748695508E-1,-8.978984356E-2,-5.929848504E-1,9.028522356E-1
3.000510038E2,3.561088818E-1,4.222859144E-3,-4.051325226E-1,5.394105386E-1
3.000609928E2,1.243503964E-1,3.497512043E-2,-3.199654877E-1,3.450567974E-1
3.000709808E2,-1.200374901E-2,1.586074787E-1,-3.769314015E-1,4.091182026E-1
3.000809698E2,-5.193964720E-2,3.024507380E-1,-4.187337309E-1,5.191455607E-1
3.000909578E2,-7.354803264E-2,4.745974445E-1,-4.503695065E-1,6.583955801E-1
3.001009468E2,-1.409687680E-1,5.763442594E-1,-4.563593942E-1,7.485377716E-1
3.001109358E2,-2.747972086E-1,5.962306398E-1,-4.102283710E-1,7.741393919E-1
3.001209238E2,-4.656997365E-1,5.660321099E-1,-1.889709185E-1,7.569535005E-1
3.001309128E2,-7.449519387E-1,4.656576365E-1,1.291299287E-1,8.879554966E-1
3.001409008E2,-9.510072336E-1,2.694934916E-1,4.493474132E-1,1.085796757E0
3.001508898E2,-1.027639380E0,5.883117557E-2,6.697722405E-1,1.228046684E0
3.001608778E2,-9.934925178E-1,-7.975192845E-2,8.123308665E-1,1.285795158E0
3.001708668E2,-9.272111124E-1,-1.886101270E-1,8.956706464E-1,1.302889149E0
3.001808548E2,-7.472270903E-1,-2.977688724E-1,9.320713180E-1,1.231166751E0
3.001908438E2,-4.905530342E-1,-4.157551593E-1,8.298766065E-1,1.049852282E0
3.002008328E2,-2.273660570E-1,-4.864778173E-1,7.447961104E-1,9.181923745E-1
3.002108208E2,5.112805367E-3,-4.709844500E-1,6.515569943E-1,8.039769958E-1
3.002208098E2,2.771521747E-1,-3.621022779E-1,5.584318990E-1,7.209560135E-1
3.002307978E2,5.586874223E-1,-3.151339334E-1,4.991680294E-1,8.127790311E-1
3.002407868E2,8.379744154E-1,-3.403985828E-1,3.828043449E-1,9.821463651E-1
3.002507748E2,1.051650971E0,-3.495155615E-1,2.197974028E-1,1.129797235E0
3.002607638E2,1.189479784E0,-3.464399260E-1,1.112198889E-1,1.243886106E0
3.002707518E2,1.160349248E0,-2.649045968E-1,6.288796465E-2,1.191863969E0
3.002807408E2,1.023199882E0,-2.429290062E-1,6.597354949E-2,1.053710116E0
3.002907298E2,8.425633103E-1,-2.539258647E-1,-1.356727621E-2,8.800996237E-1
3.003007178E2,5.832673627E-1,-2.154681426E-1,-5.617769083E-2,6.243262527E-1
3.003107068E2,3.071621320E-1,-1.729571307E-1,-7.733527422E-2,3.608926281E-1
3.003206948E2,9.829023331E-2,-1.436970788E-1,-1.720858955E-1,2.447925160E-1
3.003306838E2,-5.504685760E-2,-6.747979224E-2,-1.878751320E-1,2.070766624E-1
3.003406718E2,-1.411742976E-1,-8.531087637E-4,-1.698201177E-1,2.208388156E-1
3.003506608E2,-1.533528784E-1,1.932563245E-2,-1.435632141E-1,2.109525583E-1
3.003606488E2,-1.042573169E-1,3.761046052E-2,-1.021245815E-1,1.507102021E-1
3.003706378E2,-3.799871564E-2,8.012907386E-2,-2.822567940E-2,9.306588980E-2
3.003806258E2,6.812678665E-2,1.219162005E-1,3.484237036E-2,1.439402994E-1
3.003906148E2,1.930762303E-1,1.951040447E-1,1.242410535E-1,3.012969604E-1
3.004006038E2,2.589141244E-1,1.387146664E-1,1.080571300E-1,3.129770372E-1
3.004105918E2,4.514278525E-1,3.278124511E-2,3.996221066E-2,4.543772599E-1
3.004205808E2,5.854208922E-1,2.694280028E-2,3.861150384E-2,5.873111473E-1
3.004305688E2,6.087126911E-1,-4.112171352E-2,9.616213918E-2,6.176320042E-1
3.004405578E2,6.471759680E-1,-1.431012475E-1,1.217401811E-1,6.738956687E-1
3.004505458E2,6.610163274E-1,-2.064435500E-1,1.002961206E-1,6.997291164E-1
3.004605348E2,6.606163779E-1,-2.250891513E-1,9.935179532E-2,7.049467384E-1
3.004705228E2,6.713176596E-1,-2.223058766E-1,1.363079524E-1,7.201855044E-1
3.004805118E2,6.747099218E-1,-2.392230409E-1,1.247269388E-1,7.266484371E-1
3.004905008E2,6.511681545E-1,-3.055901080E-1,9.158024272E-2,7.251153152E-1
3.005004888E2,7.286045855E-1,-3.225879639E-1,2.807538768E-2,7.973179190E-1
3.005104778E2,8.193522030E-1,-2.705185086E-1,-1.041547165E-1,8.691182319E-1
3.005204658E2,9.145442891E-1,-1.847258216E-1,-1.636378566E-1,9.472551050E-1
3.005304548E2,9.089601982E-1,-1.379480964E-1,-1.549260718E-1,9.323306317E-1
3.005404428E2,8.385179141E-1,-1.314255273E-1,-1.665409809E-1,8.649398013E-1
3.005504318E2,7.323242918E-1,-1.047698253E-1,-1.257063657E-1,7.503850178E-1
3.005604198E2,6.755013424E-1,-1.884276938E-1,-1.243580160E-1,7.122302827E-1
3.005704088E2,5.587967652E-1,-3.106742620E-1,-2.204307111E-1,6.762854577E-1
3.005803978E2,2.507938036E-1,-3.859483927E-1,-1.803743603E-1,4.943567575E-1
3.005903858E2,-1.685114926E-1,-4.096828258E-1,-1.145499148E-1,4.575563614E-1
3.006003748E2,-5.504334927E-1,-3.348916751E-1,-3.157145619E-2,6.450784609E-1
3.006103628E2,-7.364389774E-1,-2.624861884E-1,-6.423692644E-2,7.844537904E-1
3.006203518E2,-6.110246801E-1,-1.945468050E-1,-2.384588281E-1,6.841507376E-1
3.006303398E2,-4.551990142E-1,-1.457114446E-1,-4.975775868E-1,6.899430574E-1
3.006403288E2,-4.239798528E-1,-4.309865713E-2,-7.137351161E-1,8.312846840E-1
3.006503168E2,-4.171219459E-1,1.791633654E-1,-7.934297419E-1,9.141230686E-1
3.006603058E2,-4.347545171E-1,4.798973608E-1,-7.600088114E-1,9.984619975E-1
3.006702938E2,-4.384791934E-1,6.868320769E-1,-6.716720009E-1,1.056004537E0
3.006802828E2,-3.577218363E-1,7.152179700E-1,-5.825305770E-1,9.893652156E-1
3.006902718E2,-2.394358796E-1,6.172391009E-1,-4.882828528E-1,8.226383121E-1
3.007002598E2,-1.220840156E-1,4.086624867E-1,-3.471486451E-1,5.499288287E-1
3.007102488E2,-6.410214812E-2,2.523465317E-1,-1.794896765E-1,3.162347253E-1
3.007202368E2,-1.049563515E-1,1.152573913E-1,-4.866524298E-2,1.633046474E-1
3.007302258E2,-2.120413819E-1,-8.391514599E-2,1.062444931E-1,2.515774069E-1
3.007402138E2,-3.644385329E-1,-1.841159570E-1,2.294079047E-1,4.683397449E-1
3.007502028E2,-4.508162338E-1,-2.243260896E-1,3.242743009E-1,5.989251150E-1
3.007601908E2,-5.653789759E-1,-2.032866383E-1,3.510030931E-1,6.958318870E-1
3.007701798E2,-6.089179283E-1,-1.610387510E-1,3.616403844E-1,7.262907754E-1
3.007801688E2,-5.741097459E-1,-1.108187699E-1,3.385958497E-1,6.756700005E-1
3.007901568E2,-4.476242387E-1,-2.763569534E-2,3.231732702E-1,5.527858115E-1
3.008001458E2,-2.898514500E-1,9.716669083E-2,2.367408979E-1,3.866542145E-1
3.008101338E2,-1.228570175E-1,4.845236778E-2,2.295739657E-1,2.648503057E-1
3.008201228E2,6.631298035E-2,-1.184704363E-2,1.726542449E-1,1.853301165E-1
3.008301108E2,2.124234974E-1,-6.076309562E-2,1.052504665E-1,2.447316014E-1
3.008400998E2,3.056599823E-1,-9.669072747E-2,1.006370133E-1,3.360132884E-1
3.008500878E2,3.246704498E-1,-1.459049875E-1,2.919982553E-2,3.571439432E-1
3.008600768E2,3.282509923E-1,-1.951098919E-1,-2.749419272E-2,3.828478999E-1
3.008700658E2,3.161218205E-1,-2.049975336E-1,-1.012906589E-1,3.901497043E-1
3.008800538E2,3.108765757E-1,-1.672221816E-1,-1.647412080E-1,3.895473898E-1
3.008900428E2,2.735999912E-1,-1.382878196E-1,-2.376273358E-1,3.878752724E-1
3.009000308E2,1.895421731E-1,-1.617526960E-1,-3.330521411E-1,4.159493945E-1
3.009100198E2,6.212491214E-2,-2.240612108E-1,-4.095436986E-1,4.709447653E-1
3.009200078E2,-9.115955383E-2,-2.057348675E-1,-4.401058158E-1,4.942975106E-1
3.009299968E2,-1.893123776E-1,-1.645669609E-1,-4.528364468E-1,5.176700768E-1
3.009399848E2,-3.426474220E-1,-1.624672258E-1,-4.054307306E-1,5.551368593E-1
3.009499738E2,-4.123134881E-1,-5.093100250E-2,-3.095557628E-1,5.180937654E-1
3.009599628E2,-5.364794049E-1,5.467965245E-2,-2.189478207E-1,5.820121686E-1
3.009699508E2,-6.861540923E-1,1.844504178E-1,-1.419668877E-1,7.245577907E-1
3.009799398E2,-8.364968240E-1,2.501292676E-1,-1.091376223E-1,8.798878381E-1
3.009899278E2,-9.629022244E-1,2.553701270E-1,-1.313863510E-1,1.004816883E0
3.009999168E2,-1.025753068E0,2.316432953E-1,-2.418033441E-1,1.079025871E0
3.010099048E2,-9.946868116E-1,2.656606418E-1,-3.096879099E-1,1.075120473E0
3.010198938E2,-8.750875703E-1,2.633550847E-1,-3.631325573E-1,9.833612817E-1
3.010298818E2,-6.751835462E-1,2.830321348E-1,-4.056278548E-1,8.369671242E-1
3.010398708E2,-4.767071199E-1,3.034862798E-1,-3.912874854E-1,6.873568916E-1
3.010498597E2,-2.976668385E-1,3.091247499E-1,-3.462159046E-1,5.513883480E-1
3.010598477E2,-1.040906712E-1,3.476584858E-1,-3.046241480E-1,4.738113149E-1
3.010698367E2,6.629660815E-2,3.449003541E-1,-2.505420079E-1,4.314195084E-1
3.010798247E2,2.031825578E-1,3.220815951E-1,-2.440980108E-1,4.523312332E-1
3.010898137E2,3.320528519E-1,2.548070401E-1,-2.392886028E-1,4.821252530E-1
3.010998017E2,3.056947732E-1,2.174678904E-1,-2.363403636E-1,4.433941195E-1
3.011097907E2,2.386470902E-1,1.551973826E-1,-2.061289698E-1,3.514652378E-1
3.011197787E2,1.905394158E-1,8.505009055E-2,-2.108897728E-1,2.966703273E-1
3.011297677E2,1.062102869E-1,1.316559076E-2,-1.823584302E-1,2.114439758E-1
3.011397567E2,5.414960235E-2,-9.504532099E-2,-5.777999237E-2,1.237106301E-1
3.011497447E2,3.023946047E-2,-1.547430539E-1,6.122692600E-2,1.691406934E-1
3.011597337E2,4.622487098E-2,-1.790335572E-1,1.177447969E-1,2.192112919E-1
3.011697217E2,1.217296743E-1,-1.357238156E-1,1.424515488E-1,2.313687781E-1
3.011797107E2,1.508897388E-1,-7.157693624E-2,1.180849586E-1,2.045361301E-1
3.011896987E2,1.243541971E-1,-4.411490321E-2,2.053424462E-1,2.440811570E-1
3.011996877E2,1.884908438E-2,-2.406363130E-2,3.089271140E-1,3.104356747E-1
3.012096757E2,-1.010539198E-1,-2.693110585E-2,3.865300445E-1,4.004280890E-1
3.012196647E2,-1.807158011E-1,3.004474819E-2,4.407238664E-1,4.772823212E-1
3.012296527E2,-2.576072717E-1,5.563040972E-2,4.997607909E-1,5.649930062E-1
3.012396417E2,-2.869272575E-1,1.496360958E-2,5.541608003E-1,6.242157906E-1
3.012496307E2,-2.592418608E-1,-2.902323961E-2,5.274129315E-1,5.883987519E-1
3.012596187E2,-1.895421731E-1,-6.154019058E-2,4.890143394E-1,5.280610331E-1
3.012696077E2,-1.154620439E-1,-4.965455532E-2,4.434569281E-1,4.609241863E-1
3.012795957E2,5.298746824E-3,2.807248235E-2,4.203031236E-1,4.212729005E-1
3.012895847E2,1.068716070E-1,8.340176046E-2,3.825945760E-1,4.059014704E-1
3.012995727E2,2.479994193E-1,1.080495286E-1,3.268558466E-1,4.242795742E-1
3.013095617E2,3.166545019E-1,7.029230297E-2,2.407725531E-1,4.039585421E-1
3.013195497E2,2.649157065E-1,1.915372431E-2,2.057243425E-1,3.359608635E-1
3.013295387E2,2.175918514E-1,-7.279783487E-4,2.110605115E-1,3.031390493E-1
3.013395277E2,1.730533174E-1,-4.022884369E-3,2.194448340E-1,2.794989614E-1
3.013495157E2,1.293930352E-1,4.602109551E-2,2.235057253E-1,2.623267200E-1
3.013595047E2,7.656665772E-2,2.995353162E-2,2.007069929E-1,2.168939006E-1
3.013694927E2,3.905267626E-2,-7.354978681E-2,1.997590131E-1,2.164216855E-1
3.013794817E2,6.195709705E-2,-1.730518556E-1,1.852620113E-1,2.609744038E-1
3.013894697E2,6.833114684E-2,-1.939141363E-1,1.852925630E-1,2.767763931E-1
3.013994587E2,5.996699721E-2,-1.047984767E-1,2.639889228E-1,2.902910830E-1
3.014094467E2,8.637828559E-2,4.995159388E-2,2.240227653E-1,2.452398200E-1
3.014194357E2,1.150658950E-1,1.454015422E-1,1.547442234E-1,2.415109590E-1
3.014294247E2,1.477796048E-2,1.324657470E-1,1.690845197E-1,2.153024316E-1
3.014394127E2,-1.815423051E-1,-1.721595705E-2,2.105260760E-1,2.785232959E-1
3.014494017E2,-3.462797123E-1,-1.597780913E-1,2.194335781E-1,4.399883781E-1
3.014593897E2,-4.105949914E-1,-2.105757773E-1,2.513435881E-1,5.254559965E-1
3.014693787E2,-3.552347231E-1,-1.780021083E-1,3.221305655E-1,5.115120334E-1
3.014793667E2,-2.443054408E-1,-1.741417766E-1,3.629635727E-1,4.709066382E-1
3.014893557E2,-1.579099059E-1,-1.595833790E-1,3.388379610E-1,4.064647058E-1
3.014993437E2,-8.320558637E-2,-9.022429168E-2,3.315878521E-1,3.535733249E-1
3.015093327E2,-1.165601510E-1,-2.764914393E-2,2.851008797E-1,3.092462701E-1
3.015193217E2,-1.710044530E-1,4.607079685E-2,2.586954385E-1,3.135097625E-1
3.015293097E2,-1.184110871E-1,4.498263001E-2,2.727568227E-1,3.007339470E-1
3.015392987E2,-1.176088491E-1,-9.452024102E-2,2.290921551E-1,2.743157540E-1
3.015492867E2,-2.199722528E-1,-9.364549756E-2,3.124209715E-1,3.934007304E-1
3.015592757E2,-3.271297887E-1,-1.576152062E-1,3.091130555E-1,4.768724494E-1
3.015692637E2,-4.050138241E-1,-2.448708665E-1,3.198649156E-1,5.712368189E-1
3.015792527E2,-5.781829163E-1,-2.667113864E-1,3.058038238E-1,7.063613997E-1
3.015892407E2,-6.886324346E-1,-2.800032771E-1,3.792834440E-1,8.345492173E-1
3.015992297E2,-7.157833958E-1,-1.995941216E-1,3.926883321E-1,8.404688032E-1
3.016092187E2,-6.611885279E-1,-4.050775588E-2,5.101109473E-1,8.360767467E-1
3.016192067E2,-4.764384404E-1,8.983194351E-2,6.459714416E-1,8.076772059E-1
3.016291957E2,-3.558162287E-1,9.226906300E-2,7.969946431E-1,8.776783179E-1
3.016391837E2,-3.491980577E-1,-8.528807223E-2,8.802462763E-1,9.508137807E-1
3.016491727E2,-3.604179874E-1,-2.587018704E-1,9.152137953E-1,1.017076238E0
3.016591607E2,-3.215723026E-1,-2.520986098E-1,7.795576613E-1,8.801548739E-1
3.016691497E2,-2.082003459E-1,-7.699613571E-2,5.806305608E-1,6.216169537E-1
3.016791377E2,-1.074724084E-1,6.355806470E-2,3.257720652E-1,3.488801867E-1
3.016891267E2,-1.049358863E-1,1.836487645E-1,2.173977238E-1,3.033153132E-1
3.016991157E2,-2.538077509E-1,2.995353162E-1,-4.354421496E-3,3.926305402E-1
3.017091037E2,-3.566558889E-1,3.535249972E-1,-1.848991916E-1,5.351364852E-1
3.017190927E2,-4.177733257E-1,3.350302541E-1,-3.195409799E-1,6.236074572E-1
3.017290807E2,-4.460872981E-1,3.174096698E-1,-3.152704659E-1,6.317738857E-1
3.017390697E2,-3.562863448E-1,2.579160047E-1,-2.524532434E-1,5.071422533E-1
3.017490577E2,-1.048125100E-1,2.134110922E-1,-1.335536215E-1,2.727022668E-1
3.017590467E2,1.644427076E-1,2.513033885E-1,1.572348449E-1,3.389949757E-1
3.017690347E2,1.836575353E-1,3.613438940E-1,5.753069633E-1,7.037596195E-1
3.017790237E2,3.415577933E-1,1.734038579E-1,9.400682625E-1,1.015115246E0
3.017890117E2,5.612325691E-1,-2.432546961E-1,1.411571068E0,1.538404279E0
3.017990007E2,8.146032406E-1,-7.572682214E-1,1.838179244E0,2.148473070E0
3.018089897E2,9.398207791E-1,-1.104952435E0,1.659072597E0,2.203793289E0
3.018189777E2,7.186837609E-1,-1.314918932E0,8.900777847E-1,1.742916122E0
3.018289667E2,4.900903733E-1,-1.334934536E0,2.341099432E-1,1.441196120E0
3.018389547E2,3.407504390E-1,-9.354498392E-1,-3.003498334E-1,1.039897729E0
3.018489437E2,1.537165752E-1,-4.558553642E-1,-6.720886150E-1,8.265204202E-1
3.018589317E2,-7.233473539E-2,1.753346086E-2,-7.768335897E-1,7.803910316E-1
3.018689207E2,-2.604262143E-1,4.903825879E-1,-8.759327853E-1,1.037089745E0
3.018789087E2,-4.602387294E-1,1.015588853E0,-9.977840817E-1,1.496266514E0
3.018888977E2,-5.635653158E-1,1.535463043E0,-1.151507674E0,2.000305612E0
3.018988867E2,-5.346923496E-1,1.985619126E0,-1.209831896E0,2.385848369E0
3.019088747E2,-4.983324623E-1,2.249028590E0,-1.073875068E0,2.541588579E0
3.019188637E2,-4.167442158E-1,2.304251449E0,-8.884469962E-1,2.504513634E0
3.019288517E2,-2.714235114E-1,2.179854274E0,-5.362317753E-1,2.261189929E0
3.019388407E2,-1.028228487E-1,1.958357652E0,-1.525176036E-1,1.966977085E0
3.019488287E2,6.115734413E-2,1.732651035E0,1.178895155E-1,1.737733515E0
3.019588177E2,4.428165118E-1,1.503967016E0,2.508128071E-1,1.587737482E0
3.019688067E2,7.494483013E-1,1.162047572E0,3.200985119E-1,1.419327437E0
3.019787947E2,8.141008186E-1,9.143168324E-1,4.657307267E-1,1.309824615E0
3.019887837E2,9.692471842E-1,9.085701889E-1,5.383548993E-1,1.433445461E0
3.019987717E2,1.272504838E0,1.133501465E0,4.350027314E-1,1.758784100E0
3.020087607E2,1.516000586E0,1.412525918E0,2.906750304E-1,2.092362115E0
3.020187487E2,1.496716322E0,1.559134911E0,3.062970364E-1,2.182860347E0
3.020287377E2,1.347054352E0,1.495358160E0,4.024381256E-1,2.052463861E0
3.020387257E2,9.685674454E-1,1.303279465E0,6.524007475E-1,1.749939140E0
3.020487140E2,7.119167782E-1,1.087133630E0,8.974692500E-1,1.579283408E0
3.020587020E2,5.195435295E-1,8.844001383E-1,1.100443647E0,1.504348797E0
3.020686910E2,2.241894110E-1,5.634996808E-1,1.443177608E0,1.565424667E0
3.020786800E2,-2.058140972E-1,3.841877961E-1,1.644741071E0,1.701509006E0
3.020886680E2,-5.804202072E-1,4.730280519E-2,1.721978405E0,1.817782935E0
3.020986570E2,-8.460472275E-1,-5.400804126E-1,1.825098146E0,2.082898463E0
3.021086450E2,-9.235516325E-1,-1.146908546E0,1.884825407E0,2.391843148E0
3.021186340E2,-7.536615126E-1,-1.731764597E0,1.770871945E0,2.589015593E0
3.021286220E2,-4.612144835E-1,-2.307101381E0,1.678848465E0,2.890323123E0
3.021386110E2,-2.436102068E-1,-2.588067110E0,1.993081927E0,3.275639307E0
3.021485990E2,3.706140697E-2,-2.290689417E0,2.019396152E0,3.053947015E0
3.021585880E2,3.233951721E-1,-1.693241971E0,1.289748423E0,2.152929122E0
3.021685770E2,2.838199009E-1,-9.721849716E-1,9.694864815E-1,1.401999070E0
3.021785650E2,-4.642396867E-2,-1.806508970E-1,8.525722817E-1,8.727367455E-1
3.021885540E2,-5.246741688E-1,6.647863197E-1,8.200819355E-1,1.178880068E0
3.021985420E2,-8.482598139E-1,1.326013439E0,9.613644066E-1,1.844472249E0
3.022085310E2,-9.710998745E-1,1.482106615E0,1.084966359E0,2.077697520E0
3.022185190E2,-9.346043319E-1,1.330638002E0,1.099912720E0,1.963132889E0
3.022285080E2,-7.973310041E-1,1.063143089E0,9.329168254E-1,1.623682161E0
3.022384960E2,-6.269817317E-1,7.337694311E-1,6.363133031E-1,1.156035592E0
3.022484850E2,-4.197447145E-1,3.602604049E-1,2.143723744E-1,5.932357876E-1
3.022584740E2,-1.831856650E-1,-7.903213620E-2,-8.742055178E-2,2.178196945E-1
3.022684620E2,-3.190094680E-3,-4.758709681E-1,-3.678173465E-1,6.014590222E-1
3.022784510E2,1.893724577E-1,-8.041675687E-1,-4.588658032E-1,9.450424496E-1
3.022884390E2,2.918767793E-1,-8.497571397E-1,-6.341407701E-1,1.099733498E0
3.022984280E2,2.911439770E-1,-6.016615337E-1,-7.495130593E-1,1.004256562E0
3.023084160E2,1.841158108E-1,-2.710587913E-1,-7.869027874E-1,8.524010188E-1
3.023184050E2,5.598592043E-2,7.567408025E-2,-8.393160591E-1,8.445782597E-1
3.023283930E2,-7.895509914E-2,3.431923825E-1,-8.635820040E-1,9.326246816E-1
3.023383820E2,-2.626804622E-1,5.733896613E-1,-7.690503609E-1,9.945929753E-1
3.023483710E2,-5.200247553E-1,7.132047737E-1,-4.865517846E-1,1.007878680E0
3.023583590E2,-6.175798474E-1,6.048441732E-1,-2.611942461E-1,9.030303295E-1
3.023683480E2,-7.196413887E-1,3.971370399E-1,-2.764475852E-2,8.224146092E-1
3.023783360E2,-7.585480307E-1,1.065011859E-1,-6.749031723E-2,7.689554996E-1
3.023883250E2,-8.262998646E-1,-8.322400510E-2,-2.066426477E-1,8.558030645E-1
3.023983130E2,-9.387533699E-1,-1.041424191E-1,-3.932357776E-1,1.023102101E0
3.024083020E2,-9.870844080E-1,-3.233510256E-2,-5.805712116E-1,1.145619535E0
3.024182900E2,-8.631262136E-1,1.184388614E-1,-6.470335883E-1,1.085203708E0
3.024282790E2,-6.516746695E-1,1.164718580E-1,-5.881915954E-1,8.855591011E-1
3.024382680E2,-4.338555077E-1,1.243819714E-2,-4.992490134E-1,6.615397854E-1
3.024482560E2,-1.628312150E-1,-2.748132885E-2,-4.788314134E-1,5.065064170E-1
3.024582450E2,1.115768614E-1,-4.035923660E-2,-4.537597221E-1,4.690161505E-1
3.024682330E2,3.235491000E-1,-6.514792264E-2,-5.967846635E-1,6.819678926E-1
3.024782220E2,3.318761198E-1,-3.375597596E-3,-6.402701139E-1,7.211788768E-1
3.024882100E2,3.554175948E-1,1.409313458E-1,-7.495744550E-1,8.414542023E-1
3.024981990E2,2.672291574E-1,2.187805903E-1,-9.310837233E-1,9.930726404E-1
3.025081870E2,1.089809901E-1,1.230868131E-1,-1.048148489E0,1.060962994E0
3.025181760E2,-7.874123722E-2,-5.210278451E-2,-9.672537223E-1,9.718511438E-1
3.025281640E2,-2.093665731E-1,-1.922950423E-1,-7.770166075E-1,8.273853719E-1
3.025381530E2,-1.890893063E-1,-2.529616588E-1,-6.274989179E-1,7.024950238E-1
3.025481420E2,1.722136572E-2,-2.201815832E-1,-7.008327962E-1,7.348082153E-1
3.025581300E2,2.384314741E-1,-1.708182192E-1,-9.238691363E-1,9.693103800E-1
3.025681190E2,2.789994563E-1,-2.930817443E-1,-1.066515470E0,1.140698406E0
3.025781070E2,2.634176499E-1,-4.382669395E-1,-1.070503710E0,1.186357856E0
3.025880960E2,2.111346249E-1,-4.624884456E-1,-1.044563123E0,1.161716622E0
3.025980840E2,1.582402736E-2,-4.261023921E-1,-1.005056849E0,1.091765963E0
3.026080730E2,-1.530108163E-1,-3.588769537E-1,-9.115546077E-1,9.915325414E-1
3.026180610E2,-3.633603063E-1,-3.289158207E-1,-7.440098061E-1,8.909359802E-1
3.026280500E2,-3.889918685E-1,-2.928349918E-1,-6.368117782E-1,8.016210121E-1
3.026380390E2,-3.857896408E-1,-2.454047173E-1,-5.673203976E-1,7.286354067E-1
3.026480270E2,-2.634669127E-1,-1.197012752E-1,-3.776330674E-1,4.757624858E-1
3.026580160E2,-1.155574997E-1,-3.816009879E-2,-2.053562602E-1,2.387067709E-1
3.026680040E2,6.021638095E-2,-7.609624922E-2,-8.470188886E-2,1.288062951E-1
3.026779930E2,2.471752542E-1,-1.449472135E-1,-1.056790674E-1,3.054068865E-1
3.026879810E2,4.736959501E-1,-2.141308844E-1,-1.682397433E-1,5.463922583E-1
3.026979700E2,5.870088498E-1,-3.620081377E-1,-1.742155977E-1,7.113229618E-1
3.027079580E2,7.095492406E-1,-4.082677996E-1,-9.206733406E-2,8.237834151E-1
3.027179470E2,7.988944034E-1,-3.661064512E-1,-4.139331669E-2,8.797611085E-1
3.027279360E2,7.547775999E-1,-3.474175805E-1,-3.244532257E-2,8.315292535E-1
3.027379240E2,7.036106622E-1,-3.035815895E-1,-8.105264157E-2,7.705837243E-1
3.027479130E2,5.647501078E-1,-2.576628202E-1,-1.497787678E-1,6.385659657E-1
3.027579010E2,4.023151879E-1,-2.486048985E-1,-1.826652628E-1,5.069797868E-1
3.027678900E2,3.270528978E-1,-1.487391329E-1,-1.626034659E-1,3.943688816E-1
3.027778780E2,2.758714883E-1,1.930750608E-3,-2.501412544E-1,3.723969025E-1
3.027878670E2,1.803515196E-1,8.791990399E-2,-3.233858165E-1,3.805718939E-1
3.027978550E2,1.612110977E-1,7.337787867E-2,-3.273272784E-1,3.721780196E-1
3.028078440E2,2.122385792E-1,-9.082480073E-2,-3.255544026E-1,3.990990203E-1
3.028178330E2,3.403154062E-1,-2.832677776E-1,-4.041607153E-1,5.995007033E-1
3.028278210E2,5.192872752E-1,-3.779154879E-1,-5.076844990E-1,8.186714486E-1
3.028378100E2,6.769453123E-1,-2.706991875E-1,-5.659467405E-1,9.229456750E-1
3.028477980E2,7.068216607E-1,-1.075905222E-1,-6.556946303E-1,9.701072254E-1
3.028577870E2,6.194642588E-1,-1.688091159E-3,-6.821683377E-1,9.214621309E-1
3.028677750E2,4.486349300E-1,1.101907790E-2,-5.954906747E-1,7.456566664E-1
3.028777640E2,2.550575933E-1,1.055890203E-2,-4.570997979E-1,5.235514220E-1
3.028877520E2,8.709544659E-2,-3.699357927E-2,-2.845291682E-1,2.998516121E-1
3.028977410E2,1.312407553E-3,-8.709369242E-2,-1.365932965E-1,1.620023529E-1
3.029077300E2,-2.495503932E-2,-1.471779263E-1,-1.319061685E-1,1.992067601E-1
3.029177180E2,5.577074289E-3,-1.994268912E-1,-2.163623281E-1,2.943040022E-1
3.029277070E2,1.631080806E-2,-1.609580594E-1,-2.757669693E-1,3.197201287E-1
3.029376950E2,-8.466285869E-2,-3.484648168E-2,-3.244397771E-1,3.371101391E-1
3.029476840E2,-1.335163455E-1,9.502427101E-2,-2.708186169E-1,3.165421770E-1
3.029576720E2,-2.208588369E-1,1.690991378E-1,-2.715261300E-1,3.887152988E-1
3.029676610E2,-2.475969847E-1,2.104237497E-1,-2.278297412E-1,3.968486012E-1
3.029776490E2,-2.310791852E-1,8.080618143E-2,-2.917760611E-2,2.465330839E-1
3.029876380E2,-2.071121791E-1,-6.197931647E-2,3.456406116E-2,2.189327859E-1
3.029976270E2,-1.080322793E-1,-1.719636887E-1,6.256959289E-3,2.031788206E-1
3.030076150E2,-1.569085702E-2,-2.558303028E-1,-6.108878553E-2,2.634903918E-1
3.030176040E2,2.130813092E-2,-2.324250680E-1,-1.264245500E-1,2.654404180E-1
3.030275920E2,8.469297186E-2,-1.625099105E-1,-1.613878298E-1,2.441892751E-1
3.030375810E2,1.179032564E-1,-6.646822393E-2,-1.834622383E-1,2.279859547E-1
3.030475695E2,1.209287520E-1,5.442880690E-2,-1.137470555E-1,1.747130525E-1
3.030575585E2,7.435947999E-2,1.054270524E-1,-8.983033553E-2,1.572058676E-1
3.030675465E2,1.445563272E-2,1.026560569E-1,-5.357233599E-2,1.166928726E-1
3.030775355E2,-4.502779976E-2,1.813198185E-1,-2.977884606E-2,1.891855148E-1
3.030875235E2,-1.216274942E-1,2.173760891E-1,6.308078572E-2,2.569529081E-1
3.030975125E2,-1.483821604E-1,1.951946765E-1,2.191448718E-1,3.288505772E-1
3.031075015E2,-1.155132070E-1,1.334457403E-1,3.280784994E-1,3.725406936E-1
3.031174895E2,-4.733920410E-2,5.427911818E-2,3.768600655E-1,3.836805075E-1
3.031274785E2,8.524334103E-2,-3.780809641E-3,3.796281374E-1,3.890992732E-1
3.031374665E2,2.185730141E-1,-8.303806365E-2,3.460826612E-1,4.176633703E-1
3.031474555E2,3.571931018E-1,-1.399110067E-1,3.015279011E-1,4.879355254E-1
3.031574435E2,4.458307515E-1,-1.088383180E-1,2.302743159E-1,5.134560342E-1
3.031674325E2,5.112125628E-1,-4.559834182E-2,1.805117333E-1,5.440606391E-1
3.031774205E2,5.548301603E-1,-1.426837564E-2,1.560826510E-1,5.765430489E-1
3.031874095E2,5.621404955E-1,-4.060306549E-3,1.260020886E-1,5.761032452E-1
3.031973985E2,5.409716745E-1,-3.788235605E-2,1.371458584E-1,5.593696559E-1
3.032073865E2,5.110831931E-1,-7.345096886E-2,2.137250876E-1,5.588197278E-1
3.032173755E2,4.214173105E-1,-9.958626866E-2,2.716363500E-1,5.111714792E-1
3.032273635E2,3.579162562E-1,-9.012196541E-2,2.245143700E-1,4.320100895E-1
3.032373525E2,3.900404204E-1,-7.488646030E-2,8.099314615E-2,4.053386254E-1
3.032473405E2,3.835479645E-1,-5.274188519E-4,-1.539677131E-1,4.132981683E-1
3.032573295E2,4.950860882E-1,-4.897978663E-2,-2.431851143E-1,5.537582993E-1
3.032673175E2,4.877424239E-1,-1.748662466E-1,-3.497706462E-1,6.251482874E-1
3.032773065E2,4.538579553E-1,-2.509619111E-1,-3.819874889E-1,6.441144045E-1
3.032872955E2,4.053364442E-1,-2.599765635E-1,-3.232035296E-1,5.799534189E-1
3.032972835E2,2.892975725E-1,-1.913314211E-1,-3.822940291E-1,5.161874881E-1
3.033072725E2,9.678983778E-2,2.146629810E-2,-4.906731945E-1,5.005889117E-1
3.033172605E2,-1.697651356E-1,2.679416406E-1,-3.709491152E-1,4.880739392E-1
3.033272495E2,-4.401640686E-1,3.717835128E-1,1.663006604E-2,5.764060607E-1
3.033372375E2,-5.331106777E-1,3.454248494E-1,3.459785807E-1,7.233439705E-1
3.033472265E2,-4.180817664E-1,2.605829197E-1,4.140946962E-1,6.435605945E-1
3.033572145E2,-1.398193516E-1,1.484993970E-1,2.953984112E-1,3.589731791E-1
3.033672035E2,1.786920798E-1,-3.487454832E-2,1.117566633E-1,2.136273515E-1
3.033771925E2,4.833204670E-1,-2.221404004E-1,-5.011955515E-2,5.342817619E-1
3.033871805E2,7.116866903E-1,-4.216824818E-1,-4.924422696E-2,8.286972031E-1
3.033971695E2,8.131772509E-1,-5.671097517E-1,4.049723089E-2,9.922251446E-1
3.034071575E2,7.326305397E-1,-5.747339362E-1,9.745013461E-2,9.362495040E-1
3.034171465E2,5.506026234E-1,-3.914716727E-1,8.838475764E-2,6.813407259E-1
3.034271345E2,3.650035201E-1,-1.224453735E-1,6.334522605E-2,3.901705484E-1
3.034371235E2,2.393797463E-1,1.187452555E-1,1.964123592E-2,2.679344636E-1
3.034471115E2,1.230461749E-1,2.185888016E-1,6.659627795E-2,2.595312883E-1
3.034571005E2,1.583338290E-2,1.727203184E-1,6.043535918E-3,1.735497875E-1
3.034670895E2,-1.292965561E-2,5.066846251E-2,-1.385901207E-1,1.481272785E-1
3.034770775E2,2.459148869E-2,-5.133329093E-2,-3.085302342E-1,3.137367583E-1
3.034870665E2,4.209761381E-2,-1.567211670E-1,-3.394946033E-1,3.762848906E-1
3.034970545E2,7.648728177E-2,-1.890901834E-1,-1.786398934E-1,2.711413160E-1
3.035070435E2,1.964566518E-1,-8.713228405E-2,-2.352115586E-2,2.161955035E-1
3.035170315E2,3.187349412E-1,-3.126681626E-2,8.027627751E-2,3.301724659E-1
3.035270205E2,4.585822132E-1,-6.118877292E-2,1.063871652E-1,4.747209087E-1
3.035370085E2,5.475983240E-1,-1.513697952E-1,4.210156068E-2,5.696922684E-1
3.035469975E2,5.889461786E-1,-2.394931823E-1,-1.141594304E-1,6.459465622E-1
3.035569865E2,6.559220870E-1,-2.177163970E-1,-3.134908658E-1,7.588878288E-1
3.035669745E2,6.676214884E-1,-8.725156724E-2,-4.505017997E-1,8.101130534E-1
3.035769635E2,5.682824108E-1,-1.250134706E-3,-4.594157338E-1,7.307593843E-1
3.035869515E2,4.199799187E-1,1.731302083E-2,-3.373118377E-1,5.389454042E-1
3.035969405E2,2.662013631E-1,-1.994953036E-2,-1.521612158E-1,3.072689133E-1
3.036069285E2,1.727287969E-1,-1.127354872E-1,-4.846055388E-2,2.118795711E-1
3.036169175E2,1.858556499E-1,-1.831558442E-1,-6.008832693E-2,2.677666762E-1
3.036269055E2,2.452053273E-1,-2.605612850E-1,-1.122618628E-1,3.749940821E-1
3.036368945E2,3.831263803E-1,-3.292713314E-1,-1.855565648E-1,5.381790331E-1
3.036468835E2,5.567480470E-1,-2.972209883E-1,-3.343263955E-1,7.142008418E-1
3.036568715E2,6.578689174E-1,-2.150752097E-1,-4.204921348E-1,8.098533780E-1
3.036668605E2,6.484399898E-1,-1.073531252E-1,-4.893314047E-1,8.194170718E-1
3.036768485E2,5.596314552E-1,-3.859162331E-3,-5.279787228E-1,7.693918316E-1
3.036868375E2,3.807528493E-1,1.281475782E-2,-4.864171524E-1,6.178499789E-1
3.036968255E2,1.635393128E-1,-3.711520135E-2,-4.274561687E-1,4.591747174E-1
3.037068145E2,5.891069770E-5,-7.323052883E-2,-4.273292841E-1,4.335585668E-1
3.037168025E2,-1.388052982E-1,-1.922014868E-1,-5.515984042E-1,6.003908076E-1
3.037267915E2,-2.870659827E-1,-3.706000364E-1,-6.622614920E-1,8.113824925E-1
3.037367805E2,-4.090940112E-1,-4.890272033E-1,-7.640107919E-1,9.950969831E-1
3.037467685E2,-5.344550988E-1,-4.951889992E-1,-8.514043003E-1,1.120599697E0
3.037567575E2,-6.680628070E-1,-3.795848680E-1,-8.570772690E-1,1.151075163E0
3.037667455E2,-7.073660365E-1,-1.956864274E-1,-7.615220708E-1,1.057627416E0
3.037767345E2,-5.713697407E-1,-1.781354249E-2,-5.715976359E-1,8.083962891E-1
3.037867225E2,-3.697562832E-1,1.480684572E-1,-4.365626223E-1,5.909576129E-1
3.037967115E2,-1.729091835E-1,2.598508483E-1,-3.888877881E-1,4.986519436E-1
3.038066995E2,-6.061545342E-2,2.290956634E-1,-2.994047771E-1,3.818406432E-1
3.038166885E2,1.298125729E-2,9.531370819E-2,-1.626233464E-1,1.889432952E-1
3.038266775E2,1.309377234E-1,-8.442034543E-2,-8.137175336E-2,1.757636037E-1
3.038366655E2,2.821109059E-1,-2.884712148E-1,-8.884961128E-2,4.131542792E-1
3.038466545E2,5.584082177E-1,-4.339680666E-1,-2.118026693E-1,7.382468362E-1
3.038566425E2,9.120633155E-1,-5.474666154E-1,-4.217393459E-1,1.144309076E0
3.038666315E2,1.264253978E0,-5.460188448E-1,-5.944191724E-1,1.499936283E0
3.038766195E2,1.515177882E0,-4.407397270E-1,-6.599652904E-1,1.710429685E0
3.038866085E2,1.616332667E0,-2.931665289E-1,-5.945343626E-1,1.746982831E0
3.038965965E2,1.545640999E0,-1.148346376E-1,-4.479044665E-1,1.613323124E0
3.039065855E2,1.380998463E0,2.401392996E-2,-2.581067701E-1,1.405116553E0
3.039165745E2,1.131189915E0,1.253163564E-1,-1.138552290E-1,1.143790989E0
3.039265625E2,8.092102075E-1,1.244000977E-1,2.651419938E-2,8.191456201E-1
3.039365515E2,4.878861192E-1,1.012603265E-1,2.601265445E-2,4.989621000E-1
3.039465395E2,1.515384874E-1,-5.667413771E-2,-3.598449603E-2,1.657430391E-1
3.039565285E2,-7.158512235E-2,-1.683302289E-1,-2.673570652E-1,3.239433531E-1
3.039665165E2,-1.517396316E-1,-2.716657323E-1,-2.970905954E-1,4.302208825E-1
3.039765055E2,-2.176076388E-1,-3.402845621E-1,-1.935206187E-1,4.478804501E-1
3.039864935E2,-3.552344307E-1,-2.691502601E-1,-1.609242918E-1,4.738459570E-1
3.039964825E2,-2.548552796E-1,-2.665511727E-1,-1.454563598E-1,3.964319536E-1
3.040064715E2,-7.791999578E-3,-1.558639652E-1,-2.284578784E-1,2.766718148E-1
3.040164595E2,2.019879717E-1,-4.520599365E-2,-2.557700765E-1,3.290304767E-1
3.040264485E2,4.288266098E-1,-8.033606529E-2,-2.598638584E-1,5.078143062E-1
3.040364365E2,5.748432791E-1,-1.183470601E-1,-4.459156823E-1,7.370831825E-1
3.040464251E2,6.026207694E-1,-2.555759490E-2,-5.784334695E-1,8.356974698E-1
3.040564131E2,5.529439947E-1,4.735192180E-2,-5.650119169E-1,7.919771032E-1
3.040664021E2,3.847263247E-1,1.243661839E-1,-4.309028099E-1,5.908963735E-1
3.040763901E2,1.931949288E-1,1.126846164E-1,-1.943690497E-1,2.963130621E-1
3.040863791E2,1.181146333E-1,2.254043162E-2,2.892295986E-2,1.236756858E-1
3.040963681E2,8.100527912E-2,-9.499386549E-2,2.192588925E-1,2.523096345E-1
3.041063561E2,1.621479678E-1,-1.806935817E-1,2.768386178E-1,3.682142776E-1
3.041163451E2,2.674633384E-1,-2.304481244E-1,3.700363648E-1,5.114390352E-1
3.041263331E2,2.575549391E-1,-2.782654846E-1,5.337543100E-1,6.547212308E-1
3.041363221E2,2.664903617E-1,-1.828430182E-1,5.485091740E-1,6.366403978E-1
3.041463101E2,2.829736626E-1,-1.053019220E-1,5.872544329E-1,6.603259479E-1
3.041562991E2,2.544304794E-1,-1.475164801E-1,3.877635147E-1,4.866790771E-1
3.041662871E2,4.800242454E-2,-1.854707569E-1,1.356665128E-1,2.347531408E-1
3.041762761E2,-2.256200784E-1,-3.189106500E-1,-2.122539282E-4,3.906513376E-1
3.041862651E2,-4.464793539E-1,-4.431183743E-1,1.597640580E-1,6.490163799E-1
3.041962531E2,-6.035645100E-1,-5.201864308E-1,4.502250803E-1,9.151976090E-1
3.042062421E2,-7.839084283E-1,-4.281272829E-1,7.175320056E-1,1.145712692E0
3.042162301E2,-1.019877494E0,-3.003124112E-1,9.389546603E-1,1.418440517E0
3.042262191E2,-1.061116444E0,-2.627387881E-1,1.188298501E0,1.614637143E0
3.042362071E2,-9.904037261E-1,-3.153075957E-1,1.131554927E0,1.536468345E0
3.042461961E2,-8.176179188E-1,-3.802339089E-1,9.794729412E-1,1.331331713E0
3.042561841E2,-6.661899439E-1,-3.112806183E-1,7.430407763E-1,1.045377568E0
3.042661731E2,-5.354435706E-1,-1.015544415E-1,5.627377886E-1,7.833817336E-1
3.042761621E2,-4.977316609E-1,3.050983572E-1,3.181879342E-1,6.648799706E-1
3.042861501E2,-4.336701509E-1,7.283847302E-1,7.767543599E-2,8.512623499E-1
3.042961391E2,-3.945981789E-1,1.064515430E0,-1.032442868E-1,1.139982547E0
3.043061271E2,-4.851964000E-1,1.201367759E0,-1.840202089E-1,1.308649485E0
3.043161161E2,-7.506898114E-1,1.098731582E0,-1.321817185E-1,1.337242794E0
3.043261041E2,-1.072924896E0,8.309600955E-1,-2.890249461E-2,1.357386410E0
3.043360931E2,-1.317547840E0,5.208372259E-1,7.121908665E-2,1.418547104E0
3.043460811E2,-1.523837024E0,3.420925212E-1,1.946046925E-1,1.573841655E0
3.043560701E2,-1.662229509E0,3.402518177E-1,2.191279149E-1,1.710787913E0
3.043660591E2,-1.700451003E0,4.259684908E-1,1.046549276E-1,1.756113727E0
3.043760471E2,-1.763090470E0,5.680599242E-1,-2.882238775E-2,1.852568707E0
3.043860361E2,-1.835022917E0,7.031113100E-1,-1.346993834E-1,1.969725500E0
3.043960241E2,-1.877590647E0,8.150977689E-1,-3.096243945E-1,2.070168659E0
3.044060131E2,-1.891510529E0,9.266322380E-1,-5.066662064E-1,2.166372551E0
3.044160011E2,-1.890154560E0,1.009003719E0,-6.171204025E-1,2.229710823E0
3.044259901E2,-1.929018663E0,1.065289602E0,-6.414427730E-1,2.295082519E0
3.044359781E2,-1.960636312E0,1.023915288E0,-6.173835272E-1,2.296445011E0
3.044459671E2,-1.929403118E0,9.362047148E-1,-6.055505168E-1,2.228400118E0
3.044559561E2,-1.886822816E0,7.648351032E-1,-5.133027962E-1,2.099655409E0
3.044659441E2,-1.929338506E0,5.879825574E-1,-3.953974932E-1,2.055336891E0
3.044759331E2,-1.878080352E0,4.861766857E-1,-2.955551165E-1,1.962372647E0
3.044859211E2,-1.707643079E0,4.359233755E-1,-2.959044877E-1,1.787074016E0
3.044959101E2,-1.429374086E0,5.437518793E-1,-4.863117564E-1,1.604766496E0
3.045058981E2,-1.129410461E0,7.738567722E-1,-7.679352969E-1,1.569760145E0
3.045158871E2,-9.682959884E-1,1.019452693E0,-9.879122275E-1,1.718386303E0
3.045258751E2,-1.008201481E0,1.143337067E0,-1.037518251E0,1.843945226E0
3.045358641E2,-1.145508138E0,1.134307212E0,-9.183794779E-1,1.855333558E0
3.045458531E2,-1.237654409E0,1.040472849E0,-8.238127515E-1,1.814673424E0
3.045558411E2,-1.224342346E0,8.329744613E-1,-7.467484957E-1,1.658461320E0
3.045658301E2,-1.136631187E0,5.558491838E-1,-6.127560407E-1,1.405833823E0
3.045758181E2,-8.605154318E-1,1.803515196E-1,-4.700114733E-1,9.969575036E-1
3.045858071E2,-6.000275293E-1,-2.256645173E-1,-3.616687068E-1,7.360446751E-1
3.045957951E2,-3.643455622E-1,-5.343331844E-1,-2.240954170E-1,6.844548170E-1
3.046057841E2,-1.607925832E-1,-7.436120492E-1,-6.407612801E-2,7.634912473E-1
3.046157731E2,1.110123128E-2,-8.775483710E-1,2.664751589E-2,8.780230469E-1
3.046257611E2,1.100144854E-1,-8.989205289E-1,1.724680111E-1,9.219037472E-1
3.046357501E2,8.331931472E-2,-7.796753365E-1,3.524017471E-1,8.596643123E-1
3.046457381E2,-4.246364951E-2,-6.825372970E-1,5.223382062E-1,8.605216586E-1
3.046557271E2,-1.443364719E-1,-6.709691656E-1,6.606771889E-1,9.526421082E-1
3.046657151E2,-1.954618943E-1,-6.627959275E-1,7.730714911E-1,1.036891182E0
3.046757041E2,-2.313351470E-1,-6.410472089E-1,8.488496518E-1,1.088578525E0
3.046856921E2,-2.408968064E-1,-5.693375409E-1,9.085292584E-1,1.098909423E0
3.046956811E2,-2.586854982E-1,-4.442135578E-1,9.900634181E-1,1.115557907E0
3.047056691E2,-2.141864330E-1,-2.730795890E-1,9.906130564E-1,1.049648759E0
3.047156581E2,-6.557096869E-2,-4.854767740E-2,8.786888704E-1,8.824684469E-1
3.047256471E2,1.430018449E-1,2.040631485E-1,7.352411753E-1,7.763188018E-1
3.047356351E2,3.488995573E-1,4.657763350E-1,6.164839330E-1,8.477800039E-1
3.047456241E2,5.166699153E-1,7.352844447E-1,4.375351605E-1,9.995138982E-1
3.047556121E2,6.315986931E-1,9.864954472E-1,2.399896109E-1,1.195694438E0
3.047656011E2,6.570077688E-1,1.207890328E0,7.085568219E-2,1.376836511E0
3.047755891E2,5.502750331E-1,1.377571263E0,-5.327485889E-2,1.484366332E0
3.047855781E2,3.783534443E-1,1.428057293E0,-7.184181511E-2,1.479074104E0
3.047955671E2,2.291938967E-1,1.361790213E0,-2.233139366E-2,1.381123136E0
3.048055551E2,9.806073010E-2,1.145002354E0,7.306680679E-3,1.149216988E0
3.048155441E2,4.653214216E-3,8.808947325E-1,6.662551403E-2,8.834229685E-1
3.048255321E2,-1.611609578E-2,6.537286502E-1,5.188614517E-2,6.559825064E-1
3.048355211E2,2.049595267E-2,4.246318173E-1,-7.119862139E-3,4.251857909E-1
3.048455091E2,6.323997617E-2,2.521418792E-1,3.590482771E-2,2.624194705E-1
3.048554981E2,1.853362709E-2,1.550237203E-1,1.718721798E-1,2.321979659E-1
3.048654861E2,2.345727503E-2,6.286867797E-2,2.308264393E-1,2.403821114E-1
3.048754751E2,1.194790810E-1,3.490378439E-2,2.558414125E-1,2.845142410E-1
3.048854641E2,1.326490572E-1,3.580191672E-2,3.381979832E-1,3.650416763E-1
3.048954521E2,1.814537197E-2,5.973164678E-2,4.507545456E-1,4.550569025E-1
3.049054411E2,-9.907434493E-2,-8.113011718E-3,5.607266387E-1,5.694698501E-1
3.049154291E2,-2.198471224E-1,-1.259285599E-1,6.204278800E-1,6.701652883E-1
3.049254181E2,-3.081853947E-1,-2.485581207E-1,6.051026201E-1,7.231241648E-1
3.049354061E2,-3.188153404E-1,-3.592564380E-1,5.153911293E-1,7.045114801E-1
3.049453951E2,-2.530347490E-1,-4.085531437E-1,4.376301777E-1,6.499710978E-1
3.049553831E2,-1.914951432E-1,-4.173245519E-1,4.146032578E-1,6.186485536E-1
3.049653721E2,-1.288995302E-1,-3.915570420E-1,3.575882274E-1,5.457117796E-1
3.049753611E2,2.097337782E-2,-2.894646567E-1,2.909010252E-1,4.109173598E-1
3.049853491E2,1.524152774E-1,-1.002323860E-1,2.058746159E-1,2.750660020E-1
3.049953381E2,2.113888326E-1,1.250544012E-1,1.445449251E-1,2.849861000E-1
3.050053261E2,2.001332349E-1,3.480426478E-1,1.465961283E-1,4.274077927E-1
3.050153151E2,5.453434914E-2,4.290587443E-1,1.860852993E-1,4.708430098E-1
3.050253031E2,-1.658086172E-1,3.709894609E-1,2.998031187E-1,5.049827598E-1
3.050352921E2,-3.826584569E-1,3.144977564E-1,4.369530702E-1,6.605030802E-1
3.050452802E2,-5.024152806E-1,1.694622499E-1,5.480867127E-1,7.625861348E-1
3.050552692E2,-5.515883178E-1,-1.993315816E-2,5.940934825E-1,8.109217404E-1
3.050652582E2,-5.266031653E-1,-2.231309187E-1,6.659282809E-1,8.778147731E-1
3.050752462E2,-4.118693921E-1,-3.650065899E-1,7.394043928E-1,9.217293871E-1
3.050852352E2,-2.341043884E-1,-3.803789198E-1,7.360168085E-1,8.609377037E-1
3.050952232E2,-9.455649376E-2,-3.065309250E-1,6.913677621E-1,7.621623980E-1
3.051052122E2,4.241190165E-2,-1.055211926E-1,6.492879823E-1,6.591724929E-1
3.051152002E2,1.498182365E-1,4.404999912E-2,5.788500836E-1,5.995442651E-1
3.051251892E2,2.038058710E-1,1.078998399E-1,5.127955502E-1,5.622619361E-1
3.051351772E2,2.598230740E-1,1.290386939E-1,4.307044432E-1,5.192931077E-1
3.051451662E2,2.626195049E-1,1.350467080E-1,3.640046695E-1,4.687280844E-1
3.051551552E2,1.984755492E-1,1.398373318E-1,3.187878585E-1,4.007152626E-1
3.051651432E2,1.240630057E-1,1.406641281E-1,3.066677499E-1,3.594761955E-1
3.051751322E2,6.554582566E-2,9.478219628E-2,3.206428877E-1,3.407224404E-1
3.051851202E2,-2.609612346E-3,8.953958273E-2,3.643809378E-1,3.752300825E-1
3.051951092E2,-1.091528982E-1,8.422914147E-2,4.166573846E-1,4.388761552E-1
3.052050972E2,-1.510531685E-1,1.155111605E-1,3.528873584E-1,4.008607933E-1
3.052150862E2,-1.178637877E-1,1.893726039E-1,3.079836658E-1,3.802733148E-1
3.052250742E2,-1.270357302E-1,2.583101070E-1,2.054153171E-1,3.536348974E-1
3.052350632E2,-1.490285701E-1,3.379222870E-1,6.489122987E-2,3.749824775E-1
3.052450522E2,-2.208633685E-1,4.135513437E-1,-7.130036294E-2,4.742247180E-1
3.052550402E2,-3.927033886E-1,4.347387296E-1,-1.591433761E-1,6.070752248E-1
3.052650292E2,-6.058729908E-1,3.542348492E-1,-1.139139935E-1,7.110139290E-1
3.052750172E2,-7.918009999E-1,1.620965123E-1,3.926317602E-2,8.091759387E-1
3.052850062E2,-9.136818248E-1,-5.063805699E-2,1.819326067E-1,9.329941925E-1
3.052949942E2,-8.870749471E-1,-1.933177203E-1,3.635662745E-1,9.779847333E-1
3.053049832E2,-7.176837409E-1,-2.172883809E-1,4.263304335E-1,8.625785940E-1
3.053149712E2,-4.973448676E-1,-1.939620835E-1,3.441792463E-1,6.351634126E-1
3.053249602E2,-2.666037977E-1,-1.336158943E-1,2.371781234E-1,3.810305163E-1
3.053349492E2,-1.979241568E-1,-6.161561966E-2,1.142031384E-1,2.366702627E-1
3.053449372E2,-1.625189736E-1,1.195521712E-2,-4.999968722E-2,1.704561901E-1
3.053549262E2,-1.331715059E-1,5.453288734E-2,-1.517153656E-1,2.091077186E-1
3.053649142E2,-1.181877235E-1,1.381252670E-1,-2.230283001E-1,2.877299950E-1
3.053749032E2,-1.332712010E-1,1.928359097E-1,-1.981869891E-1,3.069608831E-1
3.053848912E2,-1.618690556E-1,2.069271147E-1,-1.190054566E-1,2.884141478E-1
3.053948802E2,-8.933697671E-2,1.931446427E-1,-1.894930565E-1,2.849448489E-1
3.054048682E2,3.265026748E-2,3.723799288E-2,-2.479807082E-1,2.528777169E-1
3.054148572E2,5.037259340E-2,-6.447139978E-2,-1.522819608E-1,1.728691851E-1
3.054248462E2,6.650272250E-2,-6.705879271E-2,-9.761458755E-2,1.358237883E-1
3.054348342E2,9.604490250E-2,-6.462050378E-2,-8.357746929E-2,1.427782413E-1
3.054448232E2,6.991457283E-2,-1.888182878E-2,-1.752890003E-1,1.896597073E-1
3.054548112E2,7.286887854E-2,-1.641839683E-2,-2.071686047E-1,2.202232231E-1
3.054648002E2,8.965769649E-2,1.616462767E-2,-2.294188683E-1,2.468457309E-1
3.054747882E2,1.599111155E-1,7.579687178E-2,-1.774784902E-1,2.506298967E-1
3.054847772E2,2.393101645E-1,1.218150437E-1,-9.763505280E-2,2.857286531E-1
3.054947652E2,2.864153337E-1,1.367622811E-1,-6.642436981E-4,3.173926687E-1
3.055047542E2,2.515390313E-1,1.731921887E-1,6.118760347E-2,3.114664369E-1
3.055147432E2,1.745765170E-1,2.024253434E-1,6.336539894E-2,2.747146770E-1
3.055247312E2,1.393151754E-1,1.510856205E-1,1.889516044E-1,2.791743033E-1
3.055347202E2,3.335953474E-2,7.449995935E-2,2.562401927E-1,2.689277576E-1
3.055447082E2,-5.947495401E-2,3.941958904E-2,3.032921523E-1,3.115723091E-1
3.055546972E2,-1.181935707E-1,-6.373523533E-2,3.270597683E-1,3.535533799E-1
3.055646852E2,-9.945324451E-2,-1.161449987E-1,3.273456971E-1,3.612974038E-1
3.055746742E2,6.211526424E-2,-1.241387272E-1,3.245324555E-1,3.529731496E-1
3.055846622E2,1.397221416E-1,-4.774719357E-2,2.789273894E-1,3.155987324E-1
3.055946512E2,2.811697966E-1,2.887179673E-2,2.552495281E-1,3.808442684E-1
3.056046402E2,4.634503126E-1,8.719835758E-2,1.633179957E-1,4.990616330E-1
3.056146282E2,5.820920724E-1,8.867770314E-2,-8.501442254E-2,5.949137482E-1
3.056246172E2,6.543797377E-1,5.551346540E-2,-2.642225191E-1,7.078899106E-1
3.056346052E2,6.369494802E-1,2.241354704E-2,-3.313777909E-1,7.183441012E-1
3.056445942E2,5.839532411E-1,-4.519605339E-2,-3.126662622E-1,6.639309170E-1
3.056545822E2,6.183635205E-1,-1.078413677E-1,-2.552590299E-1,6.776137369E-1
3.056645712E2,7.444841614E-1,-2.750460076E-1,-1.266398737E-1,8.037068063E-1
3.056745592E2,5.902100542E-1,-9.764206946E-2,-1.914673689E-1,6.281254932E-1
3.056845482E2,6.207395366E-1,-3.879510641E-2,-1.260107133E-1,6.345875294E-1
3.056945372E2,6.089009714E-1,-3.277072012E-2,-1.421861583E-1,6.261399338E-1
3.057045252E2,5.679377174E-1,-1.183838975E-1,-2.078296325E-1,6.162476403E-1
3.057145142E2,5.303845596E-1,-1.771501690E-1,-2.200003195E-1,6.009077334E-1
3.057245022E2,4.133551696E-1,-1.359828472E-1,-2.092431968E-1,4.828421547E-1
3.057344912E2,2.657585827E-1,-8.204754531E-2,-1.337193900E-1,3.086102708E-1
3.057444792E2,9.246494472E-2,-6.523036838E-2,-7.314574420E-2,1.347407394E-1
3.057544682E2,-4.470064804E-2,-8.189785659E-2,-5.403645873E-2,1.078208965E-1
3.057644562E2,-8.886159807E-3,-1.651855963E-1,-1.537959512E-1,2.258726182E-1
3.057744452E2,-1.486566871E-2,-1.557440972E-1,-3.037043810E-1,3.416336678E-1
3.057844342E2,-1.562662536E-1,-9.404369295E-2,-3.684251645E-1,4.110966554E-1
3.057944222E2,-9.927402735E-2,-1.570152819E-1,-3.317692620E-1,3.802367347E-1
3.058044112E2,-2.257332221E-2,-1.825079727E-1,-4.615862203E-1,4.968707616E-1
3.058143992E2,3.601446301E-3,-1.768227249E-1,-5.320504314E-1,5.606754034E-1
3.058243882E2,8.936621279E-2,-1.397443610E-1,-4.922080886E-1,5.194069781E-1
3.058343762E2,1.584006335E-1,-8.989567816E-2,-5.063760383E-1,5.381344496E-1
3.058443652E2,1.873994610E-1,-1.139435220E-1,-5.272698940E-1,5.710649922E-1
3.058543532E2,1.664026943E-1,-2.364479524E-1,-5.663898133E-1,6.359205229E-1
3.058643422E2,1.511255278E-1,-3.199894613E-1,-6.034328015E-1,6.995450853E-1
3.058743312E2,1.226120192E-1,-3.468854839E-1,-6.362932764E-1,7.350050202E-1
3.058843192E2,1.203266349E-1,-3.209630227E-1,-6.709254576E-1,7.534167046E-1
3.058943082E2,1.751507136E-1,-2.745302832E-1,-6.755972368E-1,7.499841833E-1
3.059042962E2,2.155619904E-1,-2.871754718E-1,-7.015271531E-1,7.880844307E-1
3.059142852E2,2.736353669E-1,-3.115238625E-1,-6.583527745E-1,7.780435763E-1
3.059242732E2,3.099122237E-1,-3.427766454E-1,-6.108865397E-1,7.659789680E-1
3.059342622E2,2.772527468E-1,-3.101825112E-1,-5.354926872E-1,6.781111221E-1
3.059442502E2,1.860104549E-1,-2.204786217E-1,-3.956031691E-1,4.896045132E-1
3.059542392E2,7.642939433E-2,-6.919185698E-2,-1.720872112E-1,2.006065144E-1
3.059642282E2,-4.847868025E-2,1.924611032E-2,1.004972649E-1,1.132267435E-1
3.059742162E2,-1.438415051E-1,1.340415716E-1,3.056363010E-1,3.634158362E-1
3.059842052E2,-2.839861080E-1,2.901978976E-1,3.762801678E-1,5.535789862E-1
3.059941932E2,-3.663707453E-1,3.472515196E-1,4.293310784E-1,6.626736118E-1
3.060041822E2,-3.794079897E-1,3.300010639E-1,5.593668687E-1,7.521585064E-1
3.060141702E2,-2.698209357E-1,2.604145199E-1,6.879079646E-1,7.834771390E-1
3.060241592E2,-7.241776586E-2,1.745785636E-1,7.117720596E-1,7.364383698E-1
3.060341472E2,1.964299008E-1,5.194432497E-2,6.409362580E-1,6.723705865E-1
3.060441362E2,4.415985368E-1,-9.595865607E-2,4.919319539E-1,6.679927983E-1
3.060541255E2,6.391804853E-1,-1.940521306E-1,2.926198143E-1,7.292696880E-1
3.060641135E2,8.161198622E-1,-2.681427848E-1,9.919508994E-2,8.647495871E-1
3.060741025E2,8.882967228E-1,-2.174070793E-1,-7.491058007E-2,9.175775176E-1
3.060840905E2,8.438494053E-1,-1.398443484E-1,-1.427343348E-1,8.671858803E-1
3.060940795E2,7.020284057E-1,-6.135074079E-2,-1.110510506E-1,7.134004006E-1
3.061040675E2,5.356406218E-1,-5.807805419E-2,-8.392654806E-3,5.388454071E-1
3.061140565E2,3.891669926E-1,-9.405714154E-2,7.786678612E-2,4.078736696E-1
3.061240455E2,3.130102247E-1,-1.302215856E-1,1.567825627E-1,3.735155072E-1
3.061340335E2,2.614371979E-1,-1.923470825E-1,1.001179267E-1,3.396621967E-1
3.061440225E2,2.418051714E-1,-2.091642594E-1,-3.868342459E-2,3.220494305E-1
3.061540105E2,2.124024475E-1,-1.731249458E-1,-2.400141692E-1,3.642716678E-1
3.061639995E2,1.211513847E-1,-3.621882319E-2,-4.035374022E-1,4.228852044E-1
3.061739875E2,-2.004016221E-2,6.618054092E-2,-4.154604596E-1,4.211755757E-1
3.061839765E2,-1.606921573E-1,4.227712333E-2,-3.823874384E-1,4.169286241E-1
3.061939645E2,-2.925682126E-1,-5.184316814E-2,-4.195238359E-1,5.140857147E-1
3.062039535E2,-4.667748933E-1,-8.599441588E-2,-5.814151110E-1,7.505447167E-1
3.062139415E2,-6.925566472E-1,1.519282043E-2,-8.082208586E-1,1.064465353E0
3.062239305E2,-1.053777604E0,9.150249302E-2,-8.141949588E-1,1.334815858E0
3.062339195E2,-1.364600823E0,1.307799947E-1,-6.557209428E-1,1.519608097E0
3.062439075E2,-1.519617819E0,1.727916545E-1,-3.037197299E-1,1.559275776E0
3.062538965E2,-1.332706309E0,1.385526985E-1,1.217847843E-1,1.345412386E0
3.062638845E2,-8.840114446E-1,4.269636869E-3,4.009223811E-1,9.706869834E-1
3.062738735E2,-2.820990653E-1,-1.963430697E-1,4.118087272E-1,5.363924976E-1
3.062838615E2,2.743229994E-1,-3.405383313E-1,2.506644340E-1,5.040358336E-1
3.062938505E2,7.425763611E-1,-3.471778446E-1,1.882803440E-2,8.199430485E-1
3.063038395E2,1.042987152E0,-2.843173528E-1,-8.103071451E-2,1.084077734E0
3.063138275E2,1.136930857E0,-1.058188158E-1,-5.839672744E-2,1.143337034E0
3.063238165E2,1.128170266E0,-2.918871582E-2,-2.216387093E-2,1.128765418E0
3.063338045E2,1.128662894E0,-3.759935081E-2,1.354025111E-2,1.129370169E0
3.063437935E2,1.113776907E0,-8.633296967E-2,1.364516477E-1,1.125420558E0
3.063537815E2,1.061837990E0,-1.633484012E-1,2.298246650E-1,1.098636425E0
3.063637705E2,1.053356312E0,-2.520775598E-1,1.994249909E-1,1.101305109E0
3.063737585E2,1.023467976E0,-1.850018102E-1,2.158324242E-1,1.062212787E0
3.063837475E2,8.722354446E-1,-1.025367737E-1,1.982820064E-1,9.003467193E-1
3.063937365E2,6.620009986E-1,-5.234018147E-2,8.677136466E-2,6.697119429E-1
3.064037245E2,4.750815940E-1,-3.882141888E-2,1.133365810E-2,4.767998273E-1
3.064137135E2,2.566839963E-1,-7.840239108E-2,-6.744587839E-2,2.767355333E-1
3.064237015E2,8.508429676E-2,-5.998833954E-2,-4.322042540E-2,1.127206441E-1
3.064336905E2,-7.044842362E-2,-7.835268974E-4,-2.419928670E-2,7.449295123E-2
3.064436785E2,-2.570801452E-1,3.866237462E-2,-1.730381146E-2,2.605463532E-1
3.064536675E2,-3.499448933E-1,1.639033020E-1,-4.685315430E-2,3.892569059E-1
3.064636555E2,-4.042833607E-1,2.637298912E-1,2.658217326E-2,4.834305567E-1
3.064736445E2,-4.073299062E-1,2.415028703E-1,1.511265510E-1,4.970719498E-1
3.064836335E2,-2.271711986E-1,8.588624239E-2,1.903910427E-1,3.085967421E-1
3.064936215E2,8.523252368E-2,-1.492338073E-1,1.233376586E-1,2.115360262E-1
3.065036105E2,4.075499077E-1,-3.810694760E-1,-6.613917187E-2,5.618587571E-1
3.065135985E2,7.415169919E-1,-5.008871108E-1,-3.029044819E-1,9.447150217E-1
3.065235875E2,9.663295698E-1,-4.855755919E-1,-4.059448470E-1,1.155148351E0
3.065335755E2,1.008285827E0,-3.715776908E-1,-4.560888143E-1,1.167359112E0
3.065435645E2,9.712296827E-1,-2.627235854E-1,-4.204475498E-1,1.090452622E0
3.065535525E2,9.314808954E-1,-2.174450862E-1,-3.545361270E-1,1.020115135E0
3.065635415E2,9.544850112E-1,-1.769414234E-1,-3.350953044E-1,1.026956069E0
3.065735305E2,9.550457592E-1,-1.868635637E-1,-3.081104042E-1,1.020765602E0
3.065835185E2,8.740331711E-1,-1.564194506E-1,-2.768639070E-1,9.300831424E-1
3.065935075E2,7.334637679E-1,-1.294403976E-1,-2.411171003E-1,7.828546298E-1
3.066034955E2,5.761290818E-1,-8.869641423E-2,-2.159908837E-1,6.216460687E-1
3.066134845E2,4.596045989E-1,-9.163639426E-2,-1.840722491E-1,5.035039314E-1
3.066234725E2,3.987789381E-1,-1.362588358E-1,-1.957127398E-1,4.646445828E-1
3.066334615E2,4.221201459E-1,-1.976984543E-1,-2.206066757E-1,5.156911883E-1
3.066434505E2,4.292536028E-1,-2.127427554E-1,-2.203545146E-1,5.273274576E-1
3.066534385E2,3.688958654E-1,-2.172591448E-1,-2.143067394E-1,4.787620224E-1
3.066634275E2,2.479817314E-1,-2.071247506E-1,-1.887729719E-1,3.742069433E-1
3.066734155E2,1.225322047E-1,-1.531479335E-1,-1.883541651E-1,2.719296273E-1
3.066834045E2,-5.556901395E-2,-8.685746491E-2,-1.980890483E-1,2.233190667E-1
3.066933925E2,-1.895757946E-1,1.978346944E-2,-2.475640941E-1,3.124393513E-1
3.067033815E2,-3.308043252E-1,1.481520724E-1,-2.421801241E-1,4.359263133E-1
3.067133695E2,-4.499356431E-1,2.151003528E-1,-1.574924147E-1,5.229857602E-1
3.067233585E2,-5.721061975E-1,1.690096754E-1,-8.469253331E-3,5.966083303E-1
3.067333475E2,-5.501241750E-1,8.305034280E-2,1.575122952E-1,5.782249480E-1
3.067433355E2,-4.380552703E-1,-6.908485293E-3,1.713216645E-1,4.704160496E-1
3.067533245E2,-2.004989782E-1,-1.497471929E-1,1.717717539E-1,3.035285777E-1
3.067633125E2,-4.856901973E-2,-1.320160961E-1,-1.370879710E-2,1.413334017E-1
3.067733015E2,1.230090451E-1,-4.421430588E-2,-1.337936497E-1,1.870477766E-1
3.067832895E2,1.341897985E-1,1.166092676E-1,-1.506546807E-1,2.330267284E-1
3.067932785E2,1.410401040E-1,2.274064028E-1,-1.108059061E-1,2.896272291E-1
3.068032665E2,1.218324392E-1,3.062508434E-1,-8.484792307E-2,3.403408473E-1
3.068132555E2,4.111528158E-2,3.339958817E-1,-8.620257676E-3,3.366274264E-1
3.068232445E2,-1.269255102E-2,2.850663811E-1,3.940628663E-2,2.880569352E-1
3.068332325E2,6.446569875E-2,1.890936917E-1,2.477348328E-2,2.013106456E-1
3.068432215E2,1.928522819E-1,8.424259007E-2,9.602589905E-4,2.104512740E-1
3.068532095E2,2.416850111E-1,-1.131845534E-2,-6.580895036E-3,2.420393774E-1
3.068631985E2,2.298090237E-1,-1.073566335E-1,1.316978614E-1,2.858005613E-1
3.068731865E2,1.474536225E-1,-7.729375899E-2,1.944649440E-1,2.559951375E-1
3.068831755E2,-4.741156340E-2,-9.792565942E-2,1.694429541E-1,2.013658506E-1
3.068931635E2,-2.853859314E-1,-1.100428444E-1,1.572510709E-1,3.439221667E-1
3.069031525E2,-5.847092861E-1,-9.490849614E-2,1.668443052E-1,6.154101024E-1
3.069131415E2,-8.061100137E-1,-5.193496943E-3,1.960267353E-1,8.296184711E-1
3.069231295E2,-9.315941852E-1,9.549321771E-2,2.427554901E-1,9.674279862E-1
3.069331185E2,-9.606785282E-1,1.954466915E-1,2.426454163E-1,1.009940316E0
3.069431065E2,-8.688243252E-1,2.571605444E-1,2.174228668E-1,9.318046773E-1
3.069530955E2,-7.211587411E-1,2.051893222E-1,2.057319438E-1,7.774948364E-1
3.069630835E2,-6.279579243E-1,9.726726294E-2,2.019925033E-1,6.667781089E-1
3.069730725E2,-5.660932133E-1,6.262952685E-3,2.173088461E-1,6.064024120E-1
3.069830615E2,-4.906267092E-1,-2.567161560E-2,2.360399629E-1,5.450582205E-1
3.069930495E2,-4.473795328E-1,-5.969831765E-2,2.000193603E-1,4.936801393E-1
3.070030385E2,-3.516802007E-1,-7.718441606E-2,2.326759136E-1,4.286892562E-1
3.070130265E2,-2.090990630E-1,-8.884844184E-2,2.235584964E-1,3.187394940E-1
3.070230155E2,-7.568782121E-2,-4.223970115E-2,2.391832799E-1,2.544041666E-1
3.070330035E2,-4.813778758E-2,3.805367947E-2,2.091246445E-1,2.179413822E-1
3.070429925E2,-6.410244048E-2,1.049586904E-1,1.203725356E-1,1.720900836E-1
3.070529814E2,-1.072888058E-1,1.179623133E-1,6.186237216E-2,1.710349330E-1
3.070629704E2,-1.779038751E-1,6.853170633E-2,8.670982271E-3,1.908443593E-1
3.070729594E2,-3.444746768E-1,3.248654544E-2,-3.836372808E-2,3.481234756E-1
3.070829474E2,-5.597922537E-1,-2.207616270E-2,-1.088785176E-1,5.707094320E-1
3.070929364E2,-7.437111595E-1,-3.158081174E-3,-8.593550518E-2,7.486662630E-1
3.071029244E2,-9.064912114E-1,7.523378491E-2,-4.989969984E-2,9.109755313E-1
3.071129134E2,-9.419396639E-1,1.850807476E-1,-6.957017183E-3,9.599758401E-1
3.071229014E2,-8.856312695E-1,2.974385047E-1,4.110665694E-2,9.351482058E-1
3.071328904E2,-7.981697872E-1,3.267517662E-1,7.399256721E-2,8.656307677E-1
3.071428784E2,-6.728999162E-1,3.818331224E-1,1.189773899E-1,7.827812273E-1
3.071528674E2,-5.291002187E-1,5.208728939E-1,1.317424464E-1,7.540634491E-1
3.071628564E2,-4.790957075E-1,6.324903935E-1,4.653097272E-2,7.948219463E-1
3.071728444E2,-5.024506563E-1,6.068807584E-1,1.406547725E-2,7.880093620E-1
3.071828334E2,-5.554413405E-1,4.666037160E-1,1.142581022E-1,7.343630059E-1
3.071928214E2,-6.302506176E-1,2.895313150E-1,2.413128358E-1,7.343542115E-1
3.072028104E2,-7.339328608E-1,1.059106171E-1,4.260576609E-1,8.552190558E-1
3.072127984E2,-7.992519607E-1,-7.054314852E-2,6.051710325E-1,1.004993538E0
3.072227874E2,-7.492807786E-1,-1.677794212E-1,7.390481512E-1,1.065722191E0
3.072327764E2,-4.952720296E-1,-1.685027218E-1,6.891914284E-1,8.652585600E-1
3.072427644E2,-1.388465211E-1,-1.410196388E-1,5.325848669E-1,5.681650600E-1
3.072527534E2,1.494571710E-1,-8.041207910E-2,2.585314241E-1,3.092604819E-1
3.072627414E2,3.179186699E-1,5.610988140E-3,-3.339344859E-2,3.197168845E-1
3.072727304E2,3.308209898E-1,1.611738217E-1,-2.736901845E-1,4.586129579E-1
3.072827184E2,1.983235216E-1,2.866901529E-1,-4.658935717E-1,5.818765188E-1
3.072927074E2,-2.272534981E-2,3.266523635E-1,-5.773441333E-1,6.637352306E-1
3.073026954E2,-2.871744485E-1,2.681913167E-1,-5.639434844E-1,6.873339799E-1
3.073126844E2,-5.169485351E-1,1.773033661E-1,-4.547122335E-1,7.109398617E-1
3.073226734E2,-6.886455908E-1,1.347964472E-1,-3.402168806E-1,7.798399565E-1
3.073326614E2,-7.589896417E-1,1.929686415E-1,-2.631475085E-1,8.261651070E-1
3.073426504E2,-8.003885132E-1,2.583270639E-1,-2.347031432E-1,8.731782232E-1
3.073526384E2,-7.773601314E-1,3.280223662E-1,-2.215118247E-1,8.723273096E-1
3.073626274E2,-7.413898149E-1,3.161074948E-1,-2.506751052E-1,8.440502439E-1
3.073726154E2,-7.347359759E-1,2.753067935E-1,-2.911539173E-1,8.368998676E-1
3.073826044E2,-7.096838728E-1,2.863363963E-1,-3.170351556E-1,8.283423332E-1
3.073925924E2,-6.274693894E-1,3.525964594E-1,-3.617333186E-1,8.055390069E-1
3.074025814E2,-5.676479879E-1,3.518725741E-1,-3.947671634E-1,7.758090357E-1
3.074125704E2,-5.603126559E-1,2.521746236E-1,-3.341107795E-1,6.994085545E-1
3.074225584E2,-5.924129927E-1,6.741722703E-2,-1.682967536E-1,6.195337228E-1
3.074325474E2,-6.023327941E-1,-1.591571170E-1,-2.179958940E-2,6.233867217E-1
3.074425354E2,-5.421020874E-1,-2.997230119E-1,1.123845081E-1,6.295544732E-1
3.074525244E2,-3.951270595E-1,-3.773635107E-1,1.537431800E-1,5.675963159E-1
3.074625124E2,-1.354256076E-1,-4.085683465E-1,7.485473916E-2,4.368883392E-1
3.074725014E2,1.511458468E-1,-3.411593056E-1,8.183470666E-3,3.732314402E-1
3.074824904E2,3.194740292E-1,-2.282390463E-1,-1.978551596E-2,3.931261684E-1
3.074924784E2,4.010473654E-1,-9.648139715E-2,-5.812220067E-2,4.165643281E-1
3.075024674E2,3.840027317E-1,3.791919351E-3,-8.678934485E-2,3.937065748E-1
3.075124554E2,2.951504892E-1,4.736069262E-2,-5.210877791E-2,3.034339652E-1
3.075224444E2,1.191235703E-1,3.994233012E-2,6.471522868E-2,1.413289622E-1
3.075324324E2,1.359009862E-2,-4.255603552E-2,1.345181197E-1,1.417421302E-1
3.075424214E2,-7.539487571E-2,-1.607867360E-1,2.277078268E-1,2.887691399E-1
3.075524094E2,-2.101343125E-2,-3.122623658E-1,4.489701216E-1,5.472874194E-1
3.075623984E2,9.204102159E-2,-3.662760204E-1,5.964953725E-1,7.060002848E-1
3.075723874E2,1.334010091E-1,-2.917824930E-1,4.239839458E-1,5.316909241E-1
3.075823754E2,2.850862616E-1,-1.159695822E-1,1.491075075E-1,3.419885515E-1
3.075923644E2,3.128318846E-1,8.728781998E-2,-1.496268864E-1,3.575907671E-1
3.076023524E2,2.542989171E-1,2.054278886E-1,-2.280038421E-1,3.985653129E-1
3.076123414E2,7.553140819E-2,2.638140911E-1,-1.683223352E-1,3.219243340E-1
3.076223294E2,-6.762772679E-2,3.122407311E-1,-8.347485065E-2,3.302057454E-1
3.076323184E2,-9.654776305E-2,3.803444213E-1,1.305975616E-3,3.924092951E-1
3.076423074E2,-1.590559602E-2,4.419126785E-1,5.211681783E-2,4.452594368E-1
3.076522954E2,2.073013365E-2,4.180542845E-1,7.883903190E-2,4.259280645E-1
3.076622844E2,-4.771386445E-2,2.297575682E-1,1.476834181E-1,2.772643955E-1
3.076722724E2,-1.274131680E-1,-5.163091421E-2,2.279849848E-1,2.662273840E-1
3.076822614E2,-2.756076327E-1,-2.080527037E-1,1.920608613E-1,3.951365197E-1
3.076922494E2,-1.607066292E-1,-3.433824170E-1,2.147903042E-1,4.357441677E-1
3.077022384E2,-5.685890973E-2,-3.670308959E-1,1.703171128E-1,4.085982539E-1
3.077122264E2,1.760859758E-2,-2.276753747E-1,1.219873904E-1,2.588958524E-1
3.077222154E2,7.908271462E-2,-2.887296617E-2,9.065581620E-2,1.237182320E-1
3.077322044E2,1.317611575E-1,1.493834960E-1,1.356899017E-1,2.410148978E-1
3.077421924E2,1.106980249E-1,2.797407371E-1,2.530265629E-1,3.931047879E-1
3.077521814E2,1.081039077E-1,3.001077586E-1,3.867208099E-1,5.013024102E-1
3.077621694E2,1.020865381E-1,2.535826331E-1,5.014389418E-1,5.711101693E-1
3.077721584E2,1.120539942E-1,1.990246028E-1,5.674200927E-1,6.116636753E-1
3.077821464E2,1.263931212E-1,1.547956789E-1,5.703736675E-1,6.043699561E-1
3.077921354E2,2.071343985E-1,1.008633006E-1,4.967616078E-1,5.475857553E-1
3.078021244E2,2.549558517E-1,-4.980892181E-2,4.932506472E-1,5.574761125E-1
3.078121124E2,2.281048527E-1,-1.759643537E-1,4.335938448E-1,5.205755467E-1
3.078221014E2,2.460230604E-1,-1.500769758E-1,2.607109737E-1,3.886137629E-1
3.078320894E2,3.011511943E-1,-4.202452362E-2,8.884478733E-2,3.167830466E-1
3.078420784E2,3.413607422E-1,4.941481948E-2,-6.620173708E-2,3.512145365E-1
3.078520664E2,3.088619176E-1,1.822986424E-1,-1.332390413E-1,3.825978584E-1
3.078620554E2,3.232773507E-1,3.151637542E-1,-4.253060013E-2,4.534812999E-1
3.078720444E2,2.738903055E-1,3.342677772E-1,8.152933583E-2,4.397702570E-1
3.078820324E2,1.512622064E-1,2.715207213E-1,1.642757696E-1,3.515541006E-1
3.078920214E2,-1.306601268E-1,5.346927881E-2,2.167140381E-1,2.586426238E-1
3.079020094E2,-2.178198928E-1,-2.216322774E-1,3.941017503E-1,5.018790309E-1
3.079119984E2,-1.055363953E-1,-2.987465268E-1,5.104642653E-1,6.008004529E-1
3.079219864E2,1.150802207E-1,-3.181049037E-1,4.559062350E-1,5.677012260E-1
3.079319754E2,3.629075857E-1,-3.225955653E-1,3.876025701E-1,6.212934627E-1
3.079419634E2,5.638410120E-1,-2.804394794E-1,1.799227725E-1,6.549314410E-1
3.079519524E2,5.784741077E-1,-2.071960866E-1,-4.732546315E-2,6.162809514E-1
3.079619414E2,5.188988739E-1,-1.684682232E-1,-1.667807168E-1,5.704852242E-1
3.079719294E2,3.537053838E-1,-9.288185120E-2,-2.643896033E-1,4.512608992E-1
3.079819184E2,5.966557324E-2,-1.082904339E-1,-2.112710112E-1,2.447901936E-1
3.079919064E2,-1.194244096E-1,-1.470779389E-1,-2.031400193E-1,2.777768478E-1
3.080018954E2,-2.063806924E-1,-1.570386708E-1,-1.633434311E-1,3.064885166E-1
3.080118834E2,-2.429719833E-1,-1.090242594E-1,-2.103453970E-1,3.393624314E-1
3.080218724E2,-1.382539058E-1,-3.547271848E-2,-2.732819027E-1,3.083106462E-1
3.080318614E2,-3.946110427E-2,1.539226896E-1,-4.451993984E-1,4.727069678E-1
3.080418494E2,-2.935156077E-2,2.675019300E-1,-5.668513048E-1,6.274864129E-1
3.080518371E2,-9.885332018E-2,3.178663373E-1,-6.650238629E-1,7.436852328E-1
3.080618251E2,-1.554587531E-1,3.334684628E-1,-6.967834532E-1,7.879567376E-1
3.080718141E2,-2.788636547E-1,3.348869973E-1,-6.164839330E-1,7.549613756E-1
3.080818021E2,-3.503411883E-1,3.916780794E-1,-5.186521214E-1,7.383432055E-1
3.080917911E2,-3.887977409E-1,4.549969929E-1,-3.790688512E-1,7.084342883E-1
3.081017791E2,-4.373910266E-1,5.230854803E-1,-2.189685783E-1,7.161540115E-1
3.081117681E2,-4.713557482E-1,5.212821990E-1,-7.663156182E-2,7.069538660E-1
3.081217571E2,-5.123187098E-1,4.563003373E-1,-6.062217772E-2,6.887347143E-1
3.081317451E2,-5.568923271E-1,2.699524981E-1,-8.598915339E-3,6.189324329E-1
3.081417341E2,-5.613429353E-1,6.069702208E-2,5.168777838E-2,5.669758777E-1
3.081517221E2,-4.870946985E-1,-7.978408813E-2,8.327779949E-2,5.005616225E-1
3.081617111E2,-3.493462846E-1,-1.455898225E-1,-3.371650726E-3,3.784845981E-1
3.081716991E2,-1.663231722E-1,-1.436929858E-1,-7.328388467E-2,2.316928991E-1
3.081816881E2,1.232856184E-2,-8.216215074E-2,-1.325109167E-1,1.564025432E-1
3.081916771E2,1.905341533E-1,-2.100729167E-2,-2.213486874E-1,2.928136119E-1
3.082016651E2,3.085397360E-1,3.994642317E-2,-2.364977999E-1,3.907987906E-1
3.082116541E2,4.018493110E-1,3.154222012E-2,-1.863034004E-1,4.440571330E-1
3.082216421E2,4.422173184E-1,7.603719234E-3,-1.067496926E-1,4.549829339E-1
3.082316311E2,4.369203258E-1,-7.010811567E-4,-8.238726854E-3,4.369985574E-1
3.082416191E2,4.662616539E-1,-1.571439207E-2,1.384322459E-1,4.866316458E-1
3.082516081E2,4.475935408E-1,-2.480798185E-2,2.074894707E-1,4.939709447E-1
3.082615971E2,4.084180731E-1,-1.064579165E-1,1.871753664E-1,4.617068639E-1
3.082715851E2,4.182030961E-1,-2.144372785E-1,2.054056692E-1,5.129021982E-1
3.082815741E2,4.407467437E-1,-2.691660476E-1,2.352239840E-1,5.674842516E-1
3.082915621E2,4.102336335E-1,-2.387119943E-1,1.874937473E-1,5.103224036E-1
3.083015511E2,3.495044518E-1,-1.873962450E-1,1.804544306E-1,4.357000298E-1
3.083115391E2,2.894158325E-1,-1.176313609E-1,1.989029807E-1,3.703526115E-1
3.083215281E2,2.290357295E-1,-7.217452168E-2,2.034741877E-1,3.147511271E-1
3.083315161E2,2.036158365E-1,-2.949920297E-2,1.812192464E-1,2.741715286E-1
3.083415051E2,1.863688892E-1,2.771580219E-4,2.156499910E-1,2.850234347E-1
3.083514941E2,1.871930543E-1,-3.833668470E-2,2.812801628E-1,3.400433368E-1
3.083614821E2,2.469995454E-1,-1.092435300E-1,3.977632767E-1,4.807895055E-1
3.083714711E2,3.167916191E-1,-1.524468523E-1,3.429017758E-1,4.910993795E-1
3.083814591E2,2.794460374E-1,-1.801094449E-1,2.788542992E-1,4.339230578E-1
3.083914481E2,2.669926375E-1,-2.457263142E-1,1.705966097E-1,4.009609622E-1
3.084014361E2,3.408783469E-1,-1.762391728E-1,1.153139631E-1,4.006939025E-1
3.084114251E2,3.554422992E-1,-7.617694080E-2,6.543122023E-2,3.693553830E-1
3.084214141E2,3.021265098E-1,-5.237351060E-3,6.264399871E-2,3.085970323E-1
3.084314021E2,2.261673778E-1,4.642338395E-2,8.339182019E-2,2.454811786E-1
3.084413911E2,1.101977956E-1,4.790623784E-2,7.710313976E-2,1.427706411E-1
3.084513791E2,-2.861130327E-2,-4.013177991E-2,8.828820549E-2,1.011136670E-1
3.084613681E2,-1.952771223E-1,-1.859163147E-1,1.465587062E-1,3.068835038E-1
3.084713561E2,-2.482546502E-1,-2.760131371E-1,2.385289034E-1,4.412591766E-1
3.084813451E2,-2.058056188E-1,-3.173050046E-1,3.288235809E-1,5.011620157E-1
3.084913341E2,1.025016904E-2,-3.082581925E-1,3.174032378E-1,4.425754112E-1
3.085013221E2,2.382354462E-1,-2.463484579E-1,1.702223879E-1,3.826478171E-1
3.085113111E2,3.071975076E-1,-2.005004400E-1,9.688653611E-2,3.794176274E-1
3.085212991E2,5.093278590E-1,-1.265395939E-2,9.405187905E-2,5.180933763E-1
3.085312881E2,4.215678763E-1,2.441276854E-1,-7.469993412E-2,4.928467118E-1
3.085412761E2,2.385608438E-1,4.177151459E-1,-2.021312284E-1,5.217798893E-1
3.085512651E2,-4.212655753E-2,4.467477411E-1,-1.447537438E-1,4.714995624E-1
3.085612541E2,-2.743835181E-1,3.426363122E-1,6.581625938E-3,4.390094250E-1
3.085712421E2,-3.708850881E-1,1.723525286E-1,7.743752740E-2,4.162423733E-1
3.085812311E2,-2.868366256E-1,3.487220943E-2,2.087441370E-2,2.897016775E-1
3.085912191E2,-2.021256736E-1,-2.248020530E-2,-3.124825135E-2,2.057585983E-1
3.086012081E2,-1.010743850E-1,-1.100668180E-1,-1.044061285E-1,1.822947487E-1
3.086111961E2,-2.696326554E-2,-1.423054415E-1,-2.932505827E-1,3.270684341E-1
3.086211851E2,-2.154181489E-1,-1.121829253E-1,-3.223435503E-1,4.036029634E-1
3.086311741E2,-4.036774430E-1,-7.798139155E-2,-2.390558837E-1,4.755883629E-1
3.086411621E2,-4.336470544E-1,-3.895415068E-2,-1.985451311E-1,4.785262404E-1
3.086511511E2,-2.807727706E-1,-3.193164468E-2,-1.313770685E-1,3.116294479E-1
3.086611391E2,-2.121770373E-1,4.469494700E-2,-6.084444501E-2,2.252083034E-1
3.086711281E2,-2.170489374E-1,1.163759637E-1,5.449071430E-2,2.522356915E-1
3.086811161E2,-2.848134890E-1,1.628367698E-1,9.778605714E-2,3.423399628E-1
3.086911051E2,-4.022568619E-1,2.256960922E-1,1.232382560E-1,4.774274571E-1
3.087010941E2,-3.749626440E-1,1.941298985E-1,1.534426332E-1,4.492527613E-1
3.087110821E2,-3.081473878E-1,9.623932242E-2,6.754579268E-2,3.298170006E-1
3.087210711E2,-2.383418655E-1,9.131245852E-2,8.885538541E-2,2.702593004E-1
3.087310591E2,-1.083503678E-1,8.476708531E-2,9.956806920E-2,1.698206742E-1
3.087410481E2,-6.535257518E-2,1.531923723E-1,5.482057035E-2,1.753401179E-1
3.087510361E2,1.144118840E-1,-5.270914078E-2,1.280499297E-1,1.796249348E-1
3.087610251E2,1.122908065E-1,-3.215149999E-2,6.636005044E-2,1.343376361E-1
3.087710141E2,1.399890670E-1,6.343059540E-3,1.038360250E-1,1.744107032E-1
3.087810021E2,1.277163461E-1,9.311515510E-2,1.634132322E-1,2.273450717E-1
3.087909911E2,4.349392891E-2,1.464674896E-1,2.892681903E-1,3.271399292E-1
3.088009791E2,-1.261829138E-3,5.161454201E-2,3.287567765E-1,3.327862245E-1
3.088109681E2,-1.223930410E-1,-2.339061677E-2,2.505782606E-1,2.798511071E-1
3.088209561E2,-2.470311204E-1,-8.383036137E-2,2.079491349E-1,3.336086729E-1
3.088309451E2,-3.744264543E-1,-1.596862900E-1,1.665099176E-1,4.397958999E-1
3.088409331E2,-4.599940234E-1,-2.279127717E-1,9.873140574E-2,5.227682312E-1
3.088509221E2,-3.925691950E-1,-2.782988137E-1,8.294684708E-2,4.883041901E-1
3.088609111E2,-2.977025065E-1,-2.960275716E-1,6.883861206E-2,4.254384327E-1
3.088708991E2,-1.778740543E-1,-2.585083276E-1,4.567662142E-2,3.170994929E-1
3.088808881E2,-6.301222712E-2,-1.213542831E-1,-2.783676647E-2,1.395431416E-1
3.088908761E2,1.744636658E-1,-9.937869251E-2,1.779073834E-2,2.015693567E-1
3.089008651E2,4.392504412E-1,-1.241141689E-1,-1.346175954E-1,4.758856733E-1
3.089108531E2,5.060192120E-1,4.602928162E-3,-2.380769867E-1,5.592470666E-1
3.089208421E2,6.333391169E-1,5.767576575E-2,-1.559400520E-1,6.547993821E-1
3.089308311E2,7.530611497E-1,1.064251721E-1,-1.514247590E-1,7.754720305E-1
3.089408191E2,8.153275645E-1,1.160257155E-1,-7.230608404E-2,8.267098486E-1
3.089508081E2,7.902968037E-1,9.490557253E-2,4.271793030E-2,7.971203969E-1
3.089607961E2,7.369278046E-1,5.068366528E-2,1.211548930E-1,7.485385303E-1
3.089707851E2,6.007207167E-1,-3.955641389E-3,1.171922350E-1,6.120580418E-1
3.089807731E2,4.555092090E-1,-6.072742760E-2,1.110766321E-1,4.727731784E-1
3.089907621E2,3.372399169E-1,-3.924300313E-2,9.943774939E-2,3.537776715E-1
3.090007511E2,2.230242071E-1,6.899188221E-2,8.027408481E-2,2.468675868E-1
3.090107391E2,2.707991749E-2,1.989398181E-1,1.215829092E-1,2.347185059E-1
3.090207281E2,-2.669476140E-1,3.260325587E-1,1.795282316E-1,4.580269030E-1
3.090307161E2,-5.813912836E-1,3.097123951E-1,2.635854650E-1,7.095173639E-1
3.090407051E2,-8.119847113E-1,1.417610657E-1,3.665572715E-1,9.020973364E-1
3.090506931E2,-8.754074129E-1,-1.757281262E-1,4.320304455E-1,9.919016175E-1
3.090606821E2,-7.863087103E-1,-3.819208306E-1,4.513641910E-1,9.838061504E-1
3.090706711E2,-6.031303543E-1,-4.573323709E-1,3.895794406E-1,8.512880019E-1
3.090806591E2,-4.392209128E-1,-3.634851444E-1,3.270411303E-1,6.572612580E-1
3.090906481E2,-2.888343269E-1,-1.951613474E-1,2.429664284E-1,4.249069371E-1
3.091006361E2,-1.679022127E-1,-4.161287963E-2,1.644242889E-1,2.386590278E-1
3.091106251E2,-5.580290258E-3,9.381038904E-2,7.016549148E-2,1.172805394E-1
3.091206131E2,9.887027711E-2,2.616055977E-1,-3.490020297E-2,2.818347825E-1
3.091306021E2,1.488090071E-1,3.707275057E-1,-9.176678717E-2,4.098830898E-1
3.091405911E2,1.599242717E-1,4.204931581E-1,-1.215209287E-1,4.660017219E-1
3.091505791E2,1.209651509E-1,3.134873575E-1,-1.542472831E-1,3.697284347E-1
3.091605681E2,-1.216864049E-2,3.544231296E-2,-2.152980617E-1,2.185348685E-1
3.091705561E2,-1.417520025E-1,-2.433260322E-1,-3.062134943E-1,4.160142933E-1
3.091805451E2,-2.074928328E-1,-3.635301679E-1,-3.641687570E-1,5.548210002E-1
3.091905331E2,-2.977937230E-1,-3.793398696E-1,-3.240866784E-1,5.810438996E-1
3.092005221E2,-3.256001571E-1,-2.924128228E-1,-2.727707829E-1,5.156787966E-1
3.092105111E2,-2.231768194E-1,-1.848819423E-1,-2.347200271E-1,3.729379525E-1
3.092204991E2,-1.075297111E-1,-9.185215652E-2,-1.762461895E-1,2.259694155E-1
3.092304881E2,1.547816455E-2,-6.637583792E-2,-1.373189360E-1,1.533030190E-1
3.092404761E2,1.078086233E-1,2.720124722E-2,-8.486531854E-2,1.398739769E-1
3.092504651E2,1.914018801E-1,1.290959966E-1,2.452980056E-3,2.308819464E-1
3.092604531E2,2.519699711E-1,2.014196223E-1,2.630070291E-2,3.236517535E-1
3.092704421E2,2.648923177E-1,3.148854268E-1,-3.585337222E-2,4.130450777E-1
3.092804311E2,1.677259192E-1,3.160794282E-1,-7.823223710E-2,3.662764964E-1
3.092904191E2,-5.512228668E-2,1.759047121E-1,-1.591787517E-2,1.850251685E-1
3.093004081E2,-2.872514856E-1,-3.383023560E-2,4.373541892E-2,2.925246788E-1
3.093103961E2,-3.560372534E-1,-1.988135183E-1,7.599925853E-2,4.148074592E-1
3.093203851E2,-3.815623963E-1,-2.959416175E-1,9.473366439E-2,4.920830930E-1
3.093303731E2,-3.372960502E-1,-3.620724571E-1,6.857497573E-2,4.995674298E-1
3.093403621E2,-2.116773927E-1,-3.274540168E-1,-7.601380348E-4,3.899154133E-1
3.093503511E2,-7.328344613E-2,-1.708427775E-1,-8.317963935E-2,2.036579743E-1
3.093603391E2,8.277318478E-2,3.371796906E-2,-1.480526698E-1,1.729389909E-1
3.093703281E2,1.982805446E-1,1.546904290E-1,-1.928307203E-1,3.169037549E-1
3.093803161E2,1.791110328E-1,2.308381337E-1,-1.620720271E-1,3.341172668E-1
3.093903051E2,9.623435229E-2,2.517811060E-1,-5.724372961E-2,2.755569278E-1
3.094002941E2,-3.853519768E-2,1.973599005E-1,-6.893867254E-4,2.010879584E-1
3.094102821E2,-1.430617788E-1,9.434774816E-2,4.405643106E-2,1.769438873E-1
3.094202711E2,-2.116542962E-1,-3.626910925E-2,8.548980117E-2,2.311309055E-1
3.094302591E2,-2.461277255E-1,-1.522802067E-1,1.410202235E-1,3.219546895E-1
3.094402481E2,-1.819261748E-1,-2.058915728E-1,1.722121954E-1,3.242614887E-1
3.094502361E2,-7.263908297E-2,-1.863215268E-1,1.605247077E-1,2.564377692E-1
3.094602251E2,1.919348538E-2,-1.067514467E-1,1.493687318E-1,1.845949060E-1
3.094702141E2,8.923289627E-2,-3.611942053E-2,1.141247126E-1,1.493036247E-1
3.094802021E2,1.311556783E-1,-9.301165938E-3,1.112501483E-1,1.722350694E-1
3.094901911E2,1.546404353E-1,-6.735992432E-3,1.016894390E-1,1.852019974E-1
3.095001791E2,1.490654075E-1,-2.662237287E-3,1.012218080E-1,1.802038780E-1
3.095101681E2,1.391096458E-1,1.935077548E-2,1.154737383E-1,1.818244491E-1
3.095201561E2,9.677200377E-2,1.066654927E-1,1.273601045E-1,1.922574946E-1
3.095301451E2,3.937018007E-2,2.140110165E-1,1.132840291E-1,2.453242701E-1
3.095401341E2,-6.745406449E-2,3.417218077E-1,9.371098638E-2,3.607015299E-1
3.095501221E2,-2.265997794E-1,3.639254397E-1,5.466905437E-2,4.321780781E-1
3.095601111E2,-3.900215632E-1,3.061321449E-1,4.285183154E-2,4.976645350E-1
3.095700991E2,-5.347044826E-1,1.781822026E-1,2.231882215E-2,5.640531099E-1
3.095800881E2,-6.201901907E-1,6.019357681E-2,3.225251064E-3,6.231127840E-1
3.095900761E2,-6.180869472E-1,-4.675609052E-2,-1.890580237E-2,6.201411417E-1
3.096000651E2,-5.698950729E-1,-1.502728575E-1,-4.489894174E-2,5.910822623E-1
3.096100541E2,-4.618256637E-1,-2.153354108E-1,-8.584882021E-2,5.167420080E-1
3.096200421E2,-3.160662720E-1,-2.047665685E-1,-1.109550831E-1,3.926044655E-1
3.096300311E2,-1.033983609E-1,-9.187788427E-2,-8.533017218E-2,1.625238596E-1
3.096400191E2,8.205719322E-2,5.111402035E-2,-6.187925600E-2,1.147827006E-1
3.096500081E2,2.177938727E-1,1.548120511E-1,-1.681125663E-2,2.677378577E-1
3.096599961E2,2.678708893E-1,1.933808702E-1,3.048095047E-2,3.317831561E-1
3.096699851E2,2.585407797E-1,1.667292613E-1,9.305660985E-2,3.214055288E-1
3.096799741E2,1.836142659E-1,7.823866904E-2,1.288083136E-1,2.375438268E-1
3.096899621E2,4.863626271E-2,-6.165304184E-2,1.513739613E-1,1.705305245E-1
3.096999511E2,-2.577774256E-2,-1.966518027E-1,1.765883247E-1,2.655557567E-1
3.097099391E2,-3.820482999E-2,-2.776287228E-1,1.732583354E-1,3.294780228E-1
3.097199281E2,-2.158967435E-2,-2.531446767E-1,1.845615149E-1,3.140243528E-1
3.097299161E2,9.268129170E-2,-1.776869434E-1,1.660848981E-1,2.602818954E-1
3.097399051E2,1.824369290E-1,-6.685530961E-2,1.382288358E-1,2.384535103E-1
3.097498941E2,2.304566029E-1,1.417715907E-2,1.475824805E-1,2.740288784E-1
3.097598821E2,2.157558256E-1,8.928990662E-2,1.709117015E-1,2.893684044E-1
3.097698711E2,1.670049575E-1,1.874155408E-1,1.527023026E-1,2.938251759E-1
3.097798591E2,7.098549038E-2,3.109087354E-1,1.605124285E-1,3.570257992E-1
3.097898481E2,-1.227617079E-1,3.712654495E-1,1.395648515E-1,4.151949165E-1
3.097998361E2,-2.832745019E-1,3.505259603E-1,8.622706197E-2,4.588550953E-1
3.098098251E2,-4.411124870E-1,2.632966125E-1,2.769065917E-2,5.144629287E-1
3.098198141E2,-5.260295534E-1,1.477035910E-1,-5.884111583E-2,5.495322727E-1
3.098298021E2,-5.770269218E-1,-4.298405170E-2,-1.377083606E-1,5.947867599E-1
3.098397911E2,-5.123900458E-1,-1.974072629E-1,-1.406460017E-1,5.668284435E-1
3.098497791E2,-3.597423416E-1,-2.890951127E-1,-1.797820739E-1,4.952899460E-1
3.098597681E2,-2.357927719E-1,-2.672522539E-1,-2.172481082E-1,4.173951832E-1
3.098697561E2,-1.175144166E-1,-1.323037791E-1,-2.214193656E-1,2.834439337E-1
3.098797451E2,2.245038450E-3,5.672910154E-2,-2.395335281E-1,2.461697427E-1
3.098897341E2,9.421501637E-2,1.757661331E-1,-2.149402121E-1,2.932055553E-1
3.098997221E2,1.475530252E-1,2.137987626E-1,-2.018377713E-1,3.289685274E-1
3.099097111E2,1.394365051E-1,2.163557500E-1,-1.613737234E-1,3.037989929E-1
3.099196991E2,9.546865940E-2,1.412237066E-1,-7.039930701E-2,1.844301024E-1
3.099296881E2,3.119109482E-2,2.825199187E-2,1.983375549E-3,4.213066839E-2
3.099396771E2,5.322135687E-3,-7.791941106E-2,2.627621770E-2,8.240266601E-2
3.099496651E2,3.143404663E-2,-1.218378478E-1,3.036700286E-2,1.294400066E-1
3.099596541E2,5.814442009E-2,-1.044622618E-1,-1.044495441E-2,1.200093113E-1
3.099696421E2,1.421458125E-1,-6.445268869E-2,-2.022551894E-2,1.573805983E-1
3.099796311E2,2.006428197E-1,-1.923032284E-2,-2.465953566E-2,2.030651105E-1
3.099896191E2,2.173950925E-1,-5.223317742E-3,1.430397056E-2,2.179277699E-1
3.099996081E2,2.615544346E-1,4.093050957E-6,7.898762427E-2,2.732210956E-1
3.100095961E2,2.992031944E-1,1.195521712E-2,1.540190224E-1,3.367303640E-1
3.100195851E2,3.578452125E-1,3.559960306E-2,2.133923811E-1,4.181588647E-1
3.100295741E2,3.920262811E-1,2.867708445E-2,2.487376302E-1,4.651638302E-1
3.100395621E2,4.100859913E-1,2.573651969E-2,2.803541100E-1,4.974246835E-1
3.100495518E2,4.173412165E-1,-1.913793683E-2,2.895775811E-1,5.083258080E-1
3.100595398E2,3.994806039E-1,-6.325576365E-2,2.780093765E-1,4.907904420E-1
3.100695288E2,4.073772687E-1,-5.832656085E-2,2.662933836E-1,4.901738395E-1
3.100795178E2,4.305410135E-1,-3.435706973E-2,2.320356435E-1,4.902922724E-1
3.100895058E2,4.545435414E-1,-3.060432673E-2,2.192670786E-1,5.055932234E-1
3.100994948E2,4.481583819E-1,-6.580164135E-2,2.033368512E-1,4.965094826E-1
3.101094828E2,3.673019144E-1,-1.295438933E-1,2.030872482E-1,4.392456568E-1
3.101194718E2,3.006611976E-1,-1.941819388E-1,1.808871245E-1,4.010285936E-1
3.101294598E2,2.156233862E-1,-2.457789391E-1,1.736745109E-1,3.702209710E-1
3.101394488E2,7.788111180E-2,-2.215626955E-1,1.153643223E-1,2.616570704E-1
3.101494378E2,-3.330807924E-2,-2.011997670E-1,1.180178618E-1,2.356246806E-1
3.101594258E2,-1.054212052E-1,-1.667111349E-1,1.189632835E-1,2.303442984E-1
3.101694148E2,-1.676224235E-1,-1.245386767E-1,1.216857471E-1,2.416910836E-1
3.101794028E2,-1.888255969E-1,-7.528991818E-2,8.148613952E-2,2.190060929E-1
3.101893918E2,-1.924318671E-1,-8.779009581E-3,3.638064489E-3,1.926663697E-1
3.101993798E2,-2.106517911E-1,5.061291397E-2,-7.717915356E-2,2.299836209E-1
3.102093688E2,-2.536557233E-1,1.051610041E-1,-1.484672374E-1,3.121579461E-1
3.102193578E2,-3.083821535E-1,1.779132307E-1,-2.211914704E-1,4.191399967E-1
3.102293458E2,-3.799117273E-1,2.369379491E-1,-2.631077474E-1,5.193247529E-1
3.102393348E2,-4.796742895E-1,2.720317680E-1,-2.838436552E-1,6.202063587E-1
3.102493228E2,-5.960031831E-1,3.079851276E-1,-3.026945668E-1,7.360017893E-1
3.102593118E2,-6.606745577E-1,2.900569797E-1,-2.957106525E-1,7.797876074E-1
3.102693008E2,-7.306522804E-1,2.485271305E-1,-2.579434866E-1,8.137280453E-1
3.102792888E2,-8.075700635E-1,1.943082386E-1,-2.457432711E-1,8.662071659E-1
3.102892778E2,-7.008823514E-1,1.412833482E-1,-1.714211402E-1,7.352429954E-1
3.102992658E2,-6.145897275E-1,9.102009773E-2,-1.697505176E-1,6.440655476E-1
3.103092548E2,-4.584907043E-1,5.497961462E-2,-1.093938766E-1,4.745561128E-1
3.103192428E2,-2.681284592E-1,2.112072766E-2,-2.670364916E-2,2.702814101E-1
3.103292318E2,-7.553725541E-2,3.783733249E-3,2.447052442E-2,7.949213896E-2
3.103392208E2,1.130632237E-1,-1.860642493E-2,8.128850363E-2,1.404895456E-1
3.103492088E2,2.697273803E-1,-5.818622768E-2,1.398366740E-1,3.093425159E-1
3.103591978E2,4.308158326E-1,-1.198837084E-1,1.977158497E-1,4.889437006E-1
3.103691858E2,6.232012144E-1,-2.143986869E-1,2.028907087E-1,6.895731942E-1
3.103791748E2,7.334261996E-1,-2.974513686E-1,1.633524942E-1,8.081307717E-1
3.103891628E2,8.308153769E-1,-3.892637640E-1,1.050604320E-1,9.234815444E-1
3.103991518E2,9.096650800E-1,-4.338996542E-1,6.461114824E-2,1.009917852E0
3.104091408E2,9.794013128E-1,-4.561360306E-1,-1.214642107E-2,1.080478850E0
3.104191288E2,9.574020410E-1,-4.148143423E-1,-9.441733003E-2,1.047666091E0
3.104291178E2,8.794589487E-1,-3.303776246E-1,-2.060932287E-1,9.618065482E-1
3.104391058E2,7.204383641E-1,-2.509759444E-1,-3.089866825E-1,8.230997091E-1
3.104490948E2,5.114594615E-1,-1.257601601E-1,-3.771676290E-1,6.478131049E-1
3.104590838E2,2.720332298E-1,1.692768931E-3,-4.354853459E-1,5.134709632E-1
3.104690718E2,1.486186802E-2,8.121724069E-2,-4.377862984E-1,4.455041620E-1
3.104790608E2,-2.351846614E-1,1.461230886E-1,-4.467974424E-1,5.256346037E-1
3.104890488E2,-4.562158450E-1,1.786762923E-1,-4.426563712E-1,6.603050641E-1
3.104990378E2,-6.694143909E-1,1.585454983E-1,-4.000109464E-1,7.957770159E-1
3.105090258E2,-8.186493677E-1,1.581168973E-1,-4.041683167E-1,9.265742111E-1
3.105190148E2,-9.647341570E-1,1.641611642E-1,-4.097372049E-1,1.060917272E0
3.105290038E2,-1.059252644E0,1.641079545E-1,-4.007039145E-1,1.144338766E0
3.105389918E2,-1.070098937E0,1.865869904E-1,-4.082175867E-1,1.160417182E0
3.105489808E2,-1.043525096E0,2.121451700E-1,-4.001630471E-1,1.137576662E0
3.105589688E2,-1.023064519E0,2.306352353E-1,-4.131676932E-1,1.127191716E0
3.105689578E2,-9.740078411E-1,2.263509804E-1,-4.380008912E-1,1.091682564E0
3.105789458E2,-9.177485633E-1,2.186233002E-1,-4.502064423E-1,1.045344160E0
3.105889348E2,-8.778354692E-1,2.174415779E-1,-4.420033834E-1,1.006599693E0
3.105989238E2,-8.492282590E-1,2.009126687E-1,-3.978592441E-1,9.590862915E-1
3.106089118E2,-8.219881278E-1,1.903654611E-1,-3.557107595E-1,9.156602184E-1
3.106189008E2,-7.912867373E-1,1.594518167E-1,-2.890184411E-1,8.573746216E-1
3.106288888E2,-7.724285898E-1,1.571982998E-1,-2.414034677E-1,8.243984873E-1
3.106388778E2,-7.903450432E-1,1.622432774E-1,-1.756299660E-1,8.257203240E-1
3.106488658E2,-8.012392831E-1,1.473983663E-1,-1.205209818E-1,8.235508328E-1
3.106588548E2,-7.787377355E-1,1.326160204E-1,-7.467303693E-2,7.934705615E-1
3.106688438E2,-7.233143172E-1,1.036699641E-1,-4.122827902E-2,7.318680440E-1
3.106788318E2,-6.682461172E-1,5.571870267E-2,-2.896944523E-2,6.711904914E-1
3.106888208E2,-6.026155069E-1,-7.891986966E-3,-2.049668357E-2,6.030156273E-1
3.106988088E2,-5.385279769E-1,-1.798837423E-2,-1.323502645E-2,5.389908435E-1
3.107087978E2,-4.529457897E-1,-1.200433373E-3,-1.122022212E-2,4.530863304E-1
3.107187868E2,-3.406883124E-1,6.452460945E-2,1.687623382E-2,3.471552371E-1
3.107287748E2,-2.088289216E-1,9.606215179E-2,2.723976575E-2,2.314723749E-1
3.107387638E2,-6.842207104E-2,9.344084501E-2,1.854502916E-2,1.172889143E-1
3.107487518E2,1.307744399E-1,2.852973461E-2,1.428759836E-2,1.346106807E-1
3.107587408E2,2.872666883E-1,-2.053600609E-2,-4.345650673E-3,2.880325719E-1
3.107687288E2,3.800359806E-1,-1.994251370E-2,2.095583618E-2,3.811354057E-1
3.107787178E2,4.320019403E-1,-9.393551946E-3,5.091711536E-2,4.350936312E-1
3.107887068E2,5.056157541E-1,-2.275677860E-2,7.195057333E-2,5.112162427E-1
3.107986948E2,5.467044309E-1,-1.390467882E-2,1.066414460E-1,5.571817234E-1
3.108086838E2,4.925589216E-1,-2.699191689E-2,1.270336837E-1,5.093921982E-1
3.108186718E2,4.638420761E-1,-3.776833534E-2,1.588349354E-1,4.917361644E-1
3.108286608E2,4.281082794E-1,-8.459342301E-2,1.693827277E-1,4.681060292E-1
3.108386498E2,3.947288641E-1,-1.022198546E-1,1.913473548E-1,4.504149032E-1
3.108486378E2,3.619698384E-1,-8.941386759E-2,2.115822293E-1,4.287004122E-1
3.108586268E2,3.404617327E-1,-7.037884176E-2,2.449030262E-1,4.252585861E-1
3.108686148E2,3.164808396E-1,-3.592938602E-2,2.663568990E-1,4.152072256E-1
3.108786038E2,2.971248016E-1,-4.322554171E-2,2.827853823E-1,4.124550492E-1
3.108885918E2,2.963319191E-1,-5.535792947E-2,3.066723546E-1,4.300291150E-1
3.108985808E2,3.132134154E-1,-5.908552945E-2,3.107255714E-1,4.451338272E-1
3.109085698E2,3.539302093E-1,-3.033243120E-2,3.034967317E-1,4.672225547E-1
3.109185578E2,3.640955937E-1,7.563373446E-3,2.918304402E-1,4.666774172E-1
3.109285468E2,3.865872011E-1,1.955367386E-2,3.316711749E-1,5.097428552E-1
3.109385348E2,3.774474183E-1,1.786616743E-2,3.434536068E-1,5.106330713E-1
3.109485238E2,3.617531991E-1,-2.595988333E-2,3.211010170E-1,4.844018535E-1
3.109585118E2,3.742162469E-1,-5.064331949E-2,3.350070114E-1,5.048091154E-1
3.109685008E2,3.601820523E-1,-2.998335242E-2,3.221371436E-1,4.841512692E-1
3.109784898E2,3.937564722E-1,-3.230469704E-2,3.418760280E-1,5.224624114E-1
3.109884778E2,4.039034379E-1,-2.300703943E-2,3.103735690E-1,5.099010328E-1
3.109984668E2,4.340955359E-1,-2.028223693E-2,3.045982741E-1,5.306886205E-1
3.110084548E2,4.431999430E-1,-2.822860301E-2,3.346705042E-1,5.560821791E-1
3.110184438E2,4.375687820E-1,-2.241179287E-2,3.688838786E-1,5.727512927E-1
3.110284328E2,4.724047387E-1,-1.472855151E-2,3.615859687E-1,5.950861955E-1
3.110384208E2,4.568692714E-1,-1.952326834E-2,3.443821447E-1,5.724593878E-1
3.110484098E2,4.641741979E-1,-1.369651794E-2,3.504160327E-1,5.817531062E-1
3.110583973E2,4.763212037E-1,-3.408926725E-3,3.716461033E-1,6.041641631E-1
3.110683863E2,4.578133044E-1,-1.971388757E-2,3.664840351E-1,5.867641835E-1
3.110783743E2,4.248379317E-1,-2.242465675E-2,3.604650575E-1,5.576066634E-1
3.110883633E2,4.145149648E-1,-4.160118520E-2,3.542171614E-1,5.468300578E-1
3.110983523E2,4.008526531E-1,-7.174592078E-2,3.551592940E-1,5.403410504E-1
3.111083403E2,4.053497466E-1,-7.630031705E-2,3.494698070E-1,5.406101197E-1
3.111183293E2,4.092165104E-1,-6.424043477E-2,3.070605366E-1,5.156269571E-1
3.111283173E2,4.008117226E-1,-5.201215267E-2,2.636410135E-1,4.825576494E-1
3.111383063E2,3.836343572E-1,-6.271314204E-2,2.555363341E-1,4.651957397E-1
3.111482943E2,3.688414863E-1,-7.074136913E-2,2.273664956E-1,4.390260888E-1
3.111582833E2,3.215655783E-1,-9.529207349E-2,1.830307138E-1,3.820801521E-1
3.111682723E2,2.933510086E-1,-1.134593725E-1,1.469321971E-1,3.471554608E-1
3.111782603E2,2.514928383E-1,-1.067315662E-1,1.234737526E-1,2.998100107E-1
3.111882493E2,2.460727617E-1,-8.069099128E-2,1.033189850E-1,2.788147284E-1
3.111982373E2,2.210256287E-1,-5.163208365E-2,5.316946283E-2,2.331205534E-1
3.112082263E2,1.956583607E-1,-3.536162138E-2,1.858011246E-2,1.996944140E-1
3.112182153E2,2.083231375E-1,-8.770823479E-3,5.530296564E-3,2.085810181E-1
3.112282033E2,2.331317040E-1,-1.110386252E-2,1.140104726E-2,2.336742841E-1
3.112381923E2,2.762458563E-1,-1.533958554E-2,-1.643886209E-2,2.771593624E-1
3.112481803E2,3.067835248E-1,-9.094174504E-3,-2.485834099E-2,3.079233219E-1
3.112581693E2,3.359804267E-1,-1.789014101E-2,-3.979797699E-2,3.388019823E-1
3.112681573E2,3.508952120E-1,-3.233861089E-2,-4.601181306E-2,3.553734972E-1
3.112781463E2,3.360198954E-1,-5.929544449E-2,-5.866686881E-2,3.462183145E-1
3.112881353E2,3.103930110E-1,-4.440375566E-2,-4.948308572E-2,3.174336002E-1
3.112981233E2,2.960296181E-1,-6.187640548E-2,-5.134381592E-2,3.067546443E-1
3.113081123E2,2.219015417E-1,-6.386387408E-2,-3.040091671E-2,2.329014906E-1
3.113181003E2,1.547778448E-1,-5.543160439E-2,2.111933894E-2,1.657554539E-1
3.113280893E2,8.879552454E-2,-5.491295636E-2,2.288008176E-2,1.068811307E-1
3.113380783E2,8.128331423E-2,-7.393745720E-2,-3.373909213E-2,1.149436866E-1
3.113480663E2,7.128077477E-2,-6.783471823E-2,-8.125882901E-2,1.276146353E-1
3.113580553E2,6.336218297E-2,-6.879190743E-2,-9.475244857E-2,1.331357175E-1
3.113680433E2,8.707585841E-2,-7.436664283E-2,-1.431597928E-1,1.833230181E-1
3.113780323E2,9.052951634E-2,-1.028121775E-1,-1.856701469E-1,2.307365178E-1
3.113880203E2,1.033600616E-1,-1.130108911E-1,-2.009005357E-1,2.526178717E-1
3.113980093E2,1.094344416E-1,-1.033577228E-1,-2.254755060E-1,2.711049975E-1
3.114079983E2,6.750318110E-2,-8.647564173E-2,-2.466098285E-1,2.699094729E-1
3.114179863E2,2.433874279E-2,-7.476308405E-2,-2.663898627E-1,2.777507013E-1
3.114279753E2,1.872892410E-2,-6.430884719E-2,-2.485505193E-1,2.574174840E-1
3.114379633E2,-4.798809886E-3,-4.563342512E-2,-2.418390852E-1,2.461535724E-1
3.114479523E2,-4.318168759E-3,-2.424021721E-2,-2.334583441E-1,2.347531324E-1
3.114579413E2,-2.614904076E-2,-3.150596738E-2,-2.148402248E-1,2.187069283E-1
3.114679293E2,-3.114344001E-2,-3.144515634E-2,-2.166633135E-1,2.211372948E-1
3.114779183E2,-3.765022159E-3,-4.660991013E-2,-2.125305015E-1,2.176140464E-1
3.114879063E2,1.526883423E-2,-7.143251002E-2,-2.228720333E-1,2.345371698E-1
3.114978953E2,1.756942123E-2,-6.510640740E-2,-2.504684792E-1,2.593877173E-1
3.115078833E2,3.216904163E-2,-5.232380927E-2,-2.541346103E-1,2.614517707E-1
3.115178723E2,-1.852894932E-2,-3.284147143E-2,-2.533909176E-1,2.561812665E-1
3.115278613E2,-5.687265068E-2,-5.999243259E-3,-2.055963615E-1,2.134018585E-1
3.115378493E2,-8.633209258E-2,-1.380410671E-2,-1.848737562E-1,2.045044970E-1
3.115478383E2,-7.568138927E-2,-1.626987755E-2,-1.860231726E-1,2.014869781E-1
3.115578263E2,-3.337970763E-2,-2.750237882E-2,-2.113979689E-1,2.157769380E-1
3.115678153E2,-3.195298702E-2,-2.221123338E-2,-2.391336516E-1,2.422792513E-1
3.115778043E2,-5.659695446E-2,-3.143755496E-2,-2.486423206E-1,2.569329460E-1
3.115877923E2,-6.815192968E-2,-1.433678806E-2,-2.866807973E-1,2.950188275E-1
3.115977813E2,-8.016064882E-2,-2.305498660E-2,-3.208900056E-1,3.315534010E-1
3.116077693E2,-1.337217289E-1,-2.619494140E-2,-3.202853304E-1,3.480666152E-1
3.116177583E2,-1.972110888E-1,-2.382564962E-2,-3.069272201E-1,3.656011400E-1
3.116277463E2,-2.630378732E-1,-1.689260602E-2,-2.667044429E-1,3.749740561E-1
3.116377353E2,-3.238711354E-1,-1.872336924E-2,-2.285733609E-1,3.968486591E-1
3.116477243E2,-3.839001131E-1,-5.203086376E-2,-2.254627883E-1,4.482409804E-1
3.116577123E2,-4.259070951E-1,-8.459868550E-2,-2.344616532E-1,4.934835945E-1
3.116677013E2,-5.105072424E-1,-4.479551911E-2,-2.275857662E-1,5.607312761E-1
3.116776893E2,-6.585198587E-1,2.418583810E-2,-2.054694039E-1,6.902543263E-1
3.116876783E2,-8.488721636E-1,5.029248655E-2,-1.593787996E-1,8.651675480E-1
3.116976673E2,-9.370268333E-1,3.551657259E-2,-1.519942778E-1,9.499384052E-1
3.117076553E2,-9.825523773E-1,2.697846830E-2,-1.889479499E-1,1.000918748E0
3.117176443E2,-1.018239104E0,1.930575192E-2,-2.004554164E-1,1.037962407E0
3.117276323E2,-1.076504854E0,2.743045807E-2,-1.820672388E-1,1.092137175E0
3.117376213E2,-1.088825522E0,4.681924045E-2,-1.466371319E-1,1.099652448E0
3.117476093E2,-1.092252575E0,6.883985460E-2,-1.140645593E-1,1.100347825E0
3.117575983E2,-1.074630529E0,9.436528981E-2,-1.196755475E-1,1.085383719E0
3.117675873E2,-1.035422024E0,1.042377287E-1,-1.369581628E-1,1.049629368E0
3.117775753E2,-9.685152590E-1,1.262589276E-1,-1.158415282E-1,9.835559890E-1
3.117875643E2,-8.783371603E-1,1.493367183E-1,-1.049640991E-1,8.971037202E-1
3.117975523E2,-7.491905853E-1,1.789458489E-1,-1.419576053E-1,7.832369448E-1
3.118075413E2,-6.078297615E-1,1.814946502E-1,-1.742517042E-1,6.578457140E-1
3.118175303E2,-4.808870021E-1,1.783283830E-1,-1.608377530E-1,5.375147474E-1
3.118275183E2,-3.890140879E-1,1.439257050E-1,-1.652037227E-1,4.464737833E-1
3.118375073E2,-3.315874135E-1,1.459488416E-1,-1.237153888E-1,3.828273431E-1
3.118474953E2,-2.700700271E-1,1.190843940E-1,-5.523703828E-2,3.002832710E-1
3.118574843E2,-2.098831746E-1,1.042757356E-1,-2.171721675E-2,2.353635773E-1
3.118674723E2,-1.219401741E-1,9.213165343E-2,6.393521011E-2,1.656664079E-1
3.118774613E2,-4.904469073E-2,1.143072188E-1,9.601420462E-2,1.571313127E-1
3.118874503E2,-5.800437927E-3,1.246696544E-1,9.076004282E-2,1.543164060E-1
3.118974383E2,4.468003660E-2,1.396396959E-1,1.472725050E-1,2.078093864E-1
3.119074273E2,1.296275085E-1,1.589448631E-1,1.426732314E-1,2.498447746E-1
3.119174153E2,2.316394946E-1,1.374545914E-1,1.665111601E-1,3.166647859E-1
3.119274043E2,2.953732681E-1,1.056094855E-1,1.747824852E-1,3.590928126E-1
3.119373923E2,3.127734125E-1,1.227494287E-1,1.863180184E-1,3.841992111E-1
3.119473813E2,3.433180976E-1,9.335722983E-2,1.946070313E-1,4.055302518E-1
3.119573703E2,4.049649999E-1,3.244093716E-2,1.496653318E-1,4.329535507E-1
3.119673583E2,4.015057871E-1,-3.722162068E-2,1.091700013E-1,4.177444617E-1
3.119773473E2,3.874660376E-1,-9.445650637E-2,5.036557674E-2,4.019809115E-1
3.119873353E2,3.433204365E-1,-1.326054955E-1,-1.978756249E-2,3.685711426E-1
3.119973243E2,2.765800247E-1,-9.563472033E-2,-4.004874945E-2,2.953750364E-1
3.120073133E2,1.838177490E-1,2.338886261E-6,-6.095722318E-2,1.936614260E-1
3.120173013E2,5.885719568E-2,6.294410706E-2,-5.866511464E-2,1.042483850E-1
3.120272903E2,-7.515718639E-2,6.605657995E-2,-2.119615674E-3,1.000828017E-1
3.120372783E2,-1.284390619E-1,-2.280414104E-5,8.427255705E-2,1.536178929E-1
3.120472673E2,-1.040532491E-1,-7.687451363E-2,1.914502658E-1,2.310627053E-1
3.120572564E2,-3.774377704E-4,-1.962062448E-1,2.370984551E-1,3.077543020E-1
3.120672444E2,1.436190185E-1,-2.728474545E-1,2.549589215E-1,4.000952481E-1
3.120772334E2,2.857610303E-1,-2.329583341E-1,2.146612269E-1,4.266244182E-1
3.120872214E2,3.850853437E-1,-1.061152697E-1,2.019797856E-1,4.476013921E-1
3.120972104E2,4.092916471E-1,-2.705506682E-3,2.179380065E-1,4.637067466E-1
3.121071984E2,4.322545400E-1,7.642193913E-2,2.957666396E-1,5.293035096E-1
3.121171874E2,4.136393443E-1,9.821802020E-2,3.846162508E-1,5.733009219E-1
3.121271764E2,4.363259563E-1,8.274394870E-2,4.345498645E-1,6.213376586E-1
3.121371644E2,4.618244943E-1,5.410428643E-2,4.752100866E-1,6.648561978E-1
3.121471534E2,4.783498952E-1,1.023672044E-2,4.744069715E-1,6.737843774E-1
3.121571414E2,5.091734925E-1,3.816477656E-3,4.555555482E-1,6.832298797E-1
3.121671304E2,5.248273659E-1,1.831055582E-2,4.721942389E-1,7.062198239E-1
3.121771194E2,5.114027435E-1,5.575027764E-2,4.435341114E-1,6.792373425E-1
3.121871074E2,4.466588634E-1,7.172604024E-2,4.594660199E-1,6.447928261E-1
3.121970964E2,3.239085576E-1,1.068374008E-1,4.992073520E-1,6.045981840E-1
3.122070844E2,1.981527829E-1,1.169723797E-1,5.165022464E-1,5.654393279E-1
3.122170734E2,8.527228475E-2,1.124051195E-1,5.358926368E-1,5.541544835E-1
3.122270614E2,1.726975143E-2,7.409825563E-2,5.344023277E-1,5.397912964E-1
3.122370504E2,-4.071825564E-2,6.994731724E-2,4.833752847E-1,4.901043454E-1
3.122470394E2,-8.745738924E-2,1.082033104E-1,4.265298235E-1,4.486473467E-1
3.122570274E2,-9.682404399E-2,1.482573223E-1,3.612140858E-1,4.022819222E-1
3.122670164E2,-1.312115192E-1,1.878774709E-1,3.107818508E-1,3.861343880E-1
3.122770044E2,-2.262492388E-1,2.103214234E-1,3.015852039E-1,4.317145520E-1
3.122869934E2,-2.953191814E-1,2.089999527E-1,3.061460321E-1,4.739407052E-1
3.122969824E2,-3.474102715E-1,1.958220828E-1,2.984430563E-1,4.981048511E-1
3.123069704E2,-3.525961670E-1,1.365558743E-1,2.799467053E-1,4.704696819E-1
3.123169594E2,-3.451807281E-1,1.154790008E-1,2.104939163E-1,4.204673870E-1
3.123269474E2,-3.120299390E-1,1.155269480E-1,1.083967070E-1,3.499414303E-1
3.123369364E2,-2.844997859E-1,1.395706987E-1,3.486256152E-3,3.169104954E-1
3.123469244E2,-2.786344439E-1,1.576713395E-1,-6.120456040E-2,3.259500005E-1
3.123569134E2,-2.768428570E-1,1.572994566E-1,-1.009907699E-1,3.340422460E-1
3.123669024E2,-2.800161409E-1,1.679127377E-1,-1.347508389E-1,3.532159612E-1
3.123768904E2,-2.480432734E-1,2.030129886E-1,-1.476294775E-1,3.528940374E-1
3.123868794E2,-2.249049640E-1,1.986521351E-1,-1.297222334E-1,3.269140123E-1
3.123968674E2,-2.428673181E-1,1.697458398E-1,-1.034900160E-1,3.138604272E-1
3.124068564E2,-2.437809455E-1,1.356325990E-1,-9.407409847E-2,2.944066700E-1
3.124168454E2,-2.635883886E-1,1.024712849E-1,-1.006465150E-1,3.001814848E-1
3.124268334E2,-2.855180785E-1,9.843612134E-2,-1.320992728E-1,3.296368623E-1
3.124368224E2,-3.541211209E-1,1.003575164E-1,-1.236265111E-1,3.882742762E-1
3.124468104E2,-4.129730541E-1,7.838309526E-2,-9.793589205E-2,4.316040917E-1
3.124567994E2,-4.168573594E-1,3.638371468E-2,-6.726987720E-2,4.238148996E-1
3.124667884E2,-3.840834233E-1,5.624436736E-3,-3.859513164E-2,3.860586672E-1
3.124767764E2,-3.077980167E-1,-1.193533659E-2,-2.860165536E-2,3.093543696E-1
3.124867654E2,-2.676878715E-1,-1.766385376E-2,-7.110404268E-2,2.775330487E-1
3.124967534E2,-2.233344018E-1,-1.127050817E-2,-8.399759173E-2,2.388741820E-1
3.125067424E2,-1.729448515E-1,3.432140172E-2,-1.365196216E-1,2.229921240E-1
3.125167304E2,-1.618085369E-1,8.804854274E-2,-2.153001814E-1,2.833526365E-1
3.125267194E2,-1.992558601E-1,7.941688299E-2,-2.597317113E-1,3.368538273E-1
3.125367084E2,-2.351159567E-1,3.605100811E-2,-2.694689333E-1,3.594338525E-1
3.125466964E2,-2.462122178E-1,9.525699019E-3,-2.717674738E-1,3.668361418E-1
3.125566854E2,-2.188112882E-1,-4.185787797E-2,-2.515273368E-1,3.360006889E-1
3.125666734E2,-1.758816156E-1,-9.180245519E-2,-1.762241162E-1,2.653619653E-1
3.125766624E2,-1.399303025E-1,-1.080653161E-1,-1.370066947E-1,2.236726100E-1
3.125866514E2,-8.766233414E-2,-1.127635539E-1,-1.124358174E-1,1.817749074E-1
3.125966394E2,-5.065355211E-2,-6.802650690E-2,-1.128291889E-1,1.411517405E-1
3.126066284E2,-1.695400178E-2,-3.595628321E-2,-1.150897224E-1,1.217618031E-1
3.126166164E2,-5.450189710E-2,2.069914341E-3,-1.209110641E-1,1.326432311E-1
3.126266054E2,-6.068971306E-2,1.022561073E-2,-1.240334773E-1,1.384633810E-1
3.126365934E2,-6.197025329E-2,2.182882547E-2,-1.470381778E-1,1.610497925E-1
3.126465824E2,-9.096747279E-2,4.160352409E-2,-1.494203335E-1,1.798120418E-1
3.126565714E2,-8.582250774E-2,2.987927198E-2,-1.504197688E-1,1.757395248E-1
3.126665594E2,-6.366565347E-2,3.075518489E-2,-1.390999979E-1,1.560384768E-1
3.126765484E2,-4.245721757E-2,7.009642124E-3,-1.462153284E-1,1.524161168E-1
3.126865364E2,-2.577306479E-2,-1.439701438E-2,-1.280417436E-1,1.314009627E-1
3.126965254E2,4.243879884E-2,-2.701589048E-2,-1.298258753E-1,1.392324240E-1
3.127065144E2,1.125077382E-1,-8.114181161E-3,-1.151018554E-1,1.611591394E-1
3.127165024E2,1.868235102E-1,8.465014100E-3,-9.906703591E-2,2.116340191E-1
3.127264914E2,2.400214782E-1,1.874208033E-2,-4.448897883E-2,2.448281945E-1
3.127364794E2,2.285553807E-1,-8.925189972E-3,-1.650435090E-2,2.293242566E-1
3.127464684E2,1.549804509E-1,-4.362256765E-2,-5.021954253E-2,1.686531085E-1
3.127564574E2,4.292616427E-2,-3.677430868E-2,-4.474494070E-2,7.209101939E-2
3.127664454E2,-5.421626061E-2,-1.344684184E-2,-6.108089179E-2,8.277134656E-2
3.127764344E2,-1.103764281E-1,3.188837528E-2,-5.927044764E-2,1.292780349E-1
3.127864224E2,-1.319017830E-1,6.948480248E-2,-5.505168155E-2,1.589242140E-1
3.127964114E2,-1.177407038E-1,7.296506524E-2,-3.728418589E-2,1.434464520E-1
3.128063994E2,-7.904441535E-2,5.394933522E-2,-4.827987492E-2,1.071890698E-1
3.128163884E2,-6.140658170E-2,3.777710617E-2,-5.523703828E-2,9.082405202E-2
3.128263774E2,-2.148120850E-2,2.555642545E-2,-8.305487439E-2,8.951360433E-2
3.128363654E2,1.579128295E-2,3.271458685E-2,-9.792668268E-2,1.044473264E-1
3.128463544E2,1.193445951E-2,4.726070523E-2,-7.516522631E-2,8.958692332E-2
3.128563424E2,-8.042260408E-3,4.180115998E-2,-4.220520258E-3,4.277648559E-2
3.128663314E2,-4.119889677E-2,2.257083714E-2,5.105788708E-2,6.938083033E-2
3.128763204E2,-7.854535550E-2,9.416356087E-3,1.011446978E-1,1.284067386E-1
3.128863084E2,-1.277593231E-1,2.236559987E-3,1.389602494E-1,1.887787005E-1
3.128962974E2,-1.852114329E-1,-3.271926463E-2,1.083815774E-1,2.170723185E-1
3.129062854E2,-2.088640049E-1,-5.530413508E-2,1.028372475E-1,2.392868976E-1
3.129162744E2,-1.762453124E-1,-5.997489095E-2,9.050729692E-2,2.070047547E-1
3.129262624E2,-1.379328936E-1,-6.048652232E-2,9.444715083E-2,1.777761706E-1
3.129362514E2,-1.303703973E-1,-4.934172928E-2,7.474020682E-2,1.581680918E-1
3.129462404E2,-1.302098912E-1,-5.684546113E-2,4.250341058E-2,1.482988946E-1
3.129562284E2,-1.732836977E-1,-6.239037573E-2,1.869347535E-2,1.851195421E-1
3.129662174E2,-1.876427051E-1,-7.018822253E-2,6.156460270E-3,2.004347110E-1
3.129762054E2,-2.074369919E-1,-4.621463835E-2,-1.296283856E-2,2.129176686E-1
3.129861944E2,-2.102120805E-1,-4.138308406E-2,-3.699825704E-2,2.174179143E-1
3.129961834E2,-1.859932056E-1,-2.221181810E-2,-7.835342064E-2,2.030421038E-1
3.130061714E2,-1.331595191E-1,-1.904555082E-2,-1.168391363E-1,1.781728776E-1
3.130161604E2,-5.018372834E-2,-3.397817016E-3,-1.258087651E-1,1.354909485E-1
3.130261484E2,7.651958764E-3,2.634930789E-2,-1.550296406E-1,1.574389658E-1
3.130361374E2,5.348857462E-2,7.410234869E-2,-1.694576452E-1,1.925307228E-1
3.130461254E2,8.492466778E-2,7.407603621E-2,-1.686534338E-1,2.028384556E-1
3.130561141E2,7.993406922E-2,4.806118906E-2,-1.524706797E-1,1.787362344E-1
3.130661031E2,7.324456215E-2,2.153412580E-2,-1.547927552E-1,1.725957170E-1
3.130760911E2,6.696845323E-2,1.510686636E-2,-1.474870978E-1,1.626820063E-1
3.130860801E2,4.401140749E-2,2.005010247E-3,-1.651774102E-1,1.709520427E-1
3.130960681E2,2.040181249E-2,5.165430307E-3,-1.720613372E-1,1.733436454E-1
3.131060571E2,3.645241946E-2,3.674390316E-3,-1.890362428E-1,1.925538396E-1
3.131160461E2,1.066532135E-2,2.324268222E-3,-2.152512109E-1,2.155278059E-1
3.131260341E2,-3.999583215E-2,-1.626169145E-2,-2.415266977E-1,2.453553645E-1
3.131360231E2,-1.305116075E-1,-4.747354388E-3,-2.628721046E-1,2.935260814E-1
3.131460111E2,-1.665079442E-1,2.273689806E-2,-2.695161496E-1,3.176174065E-1
3.131560001E2,-1.800348929E-1,3.432724893E-2,-2.460869412E-1,3.068382396E-1
3.131659891E2,-1.727720663E-1,3.264383554E-2,-2.343176655E-1,2.929514896E-1
3.131759771E2,-1.490370485E-1,6.473452449E-3,-2.214510868E-1,2.670103579E-1
3.131859661E2,-1.236808902E-1,-8.618211150E-3,-2.050478196E-1,2.396160356E-1
3.131959541E2,-1.380843365E-1,-4.038262546E-2,-1.838510782E-1,2.334507643E-1
3.132059431E2,-1.559475803E-1,-2.630486906E-2,-1.544957167E-1,2.210893946E-1
3.132159321E2,-1.430208483E-1,-8.635752797E-3,-1.157433680E-1,1.841902998E-1
3.132259201E2,-1.247374821E-1,5.128592849E-3,-9.608846426E-2,1.575396295E-1
3.132359091E2,-1.202933058E-1,9.537393451E-3,-2.816143312E-2,1.239133068E-1
3.132458971E2,-7.811470807E-2,-3.290929914E-2,3.260107778E-2,9.081717821E-2
3.132558861E2,-7.608543187E-2,-4.925635993E-2,6.796269916E-2,1.132877329E-1
3.132658741E2,-5.941180408E-2,-7.199852049E-2,9.925458536E-2,1.362535215E-1
3.132758631E2,-2.347130835E-2,-6.342884123E-2,1.167115208E-1,1.348914352E-1
3.132858521E2,-1.150176555E-2,-3.352793455E-2,1.287521803E-1,1.335422665E-1
3.132958401E2,-8.346607983E-3,2.583299875E-3,1.156935205E-1,1.160229718E-1
3.133058291E2,-9.725089073E-3,-1.874617338E-3,1.245299059E-1,1.249231324E-1
3.133158171E2,-2.151541471E-2,1.405144393E-2,1.646252869E-1,1.666188502E-1
3.133258061E2,-4.056739748E-2,9.355545044E-3,1.730501014E-1,1.779875770E-1
3.133357951E2,-3.767068684E-2,9.391797781E-3,1.657246365E-1,1.702114616E-1
3.133457831E2,-1.562288314E-2,-8.549798727E-3,1.533092435E-1,1.543402012E-1
3.133557721E2,1.921395063E-3,-2.918637693E-2,1.387662680E-1,1.418154205E-1
3.133657601E2,4.597811848E-2,-4.638128400E-2,1.287534960E-1,1.443699193E-1
3.133757491E2,8.246737540E-2,-5.830141783E-2,1.473836752E-1,1.786669277E-1
3.133857381E2,1.201363081E-1,-6.380247831E-2,1.593933445E-1,2.095464794E-1
3.133957261E2,1.359161890E-1,-5.189813197E-2,1.539906634E-1,2.118484150E-1
3.134057151E2,1.762423888E-1,-4.221514285E-2,1.501324513E-1,2.353364630E-1
3.134157031E2,1.676937595E-1,-4.290862262E-2,1.410610809E-1,2.232948173E-1
3.134256921E2,1.877611113E-1,-7.137520730E-2,1.615321829E-1,2.577621020E-1
3.134356801E2,2.003498742E-1,-7.231485486E-2,1.627876532E-1,2.680845582E-1
3.134456691E2,1.980507490E-1,-3.178897262E-2,1.857642871E-1,2.733916757E-1
3.134556581E2,1.871155787E-1,-4.535743654E-2,2.448439693E-1,3.114772964E-1
3.134656461E2,1.767926118E-1,-3.541833937E-2,2.574080278E-1,3.142753237E-1
3.134756351E2,1.647464705E-1,-1.785564244E-2,2.209412827E-1,2.761797854E-1
3.134856231E2,1.134315982E-1,-4.203972638E-2,2.030067028E-1,2.363171332E-1
3.134956121E2,6.939417064E-2,-9.046227336E-2,1.778005256E-1,2.112155314E-1
3.135056011E2,1.294865906E-3,-8.849585474E-2,1.193966353E-1,1.486228431E-1
3.135155891E2,-7.341208488E-2,-7.238911450E-2,7.036181174E-2,1.248210826E-1
3.135255781E2,-1.455082539E-1,-6.061048329E-2,4.249456666E-2,1.632546196E-1
3.135355661E2,-1.576716319E-1,-5.147537827E-2,4.416928232E-2,1.716420216E-1
3.135455551E2,-2.034594235E-1,-1.331118643E-2,6.591259226E-2,2.142834443E-1
3.135555441E2,-1.975818023E-1,-3.234094977E-3,2.536514841E-2,1.992295629E-1
3.135655321E2,-1.906148449E-1,-1.469112933E-2,-3.435297668E-2,1.942420536E-1
3.135755211E2,-2.521357396E-1,-3.910208523E-2,-1.680951709E-1,3.055444170E-1
3.135855091E2,-3.919148916E-1,-8.054656506E-2,-2.717294669E-1,4.836547680E-1
3.135954981E2,-5.428914616E-1,-1.128027302E-1,-3.872059827E-1,6.763017581E-1
3.136054861E2,-6.971509507E-1,-1.019345105E-1,-5.265679358E-1,8.795930215E-1
3.136154751E2,-8.640749243E-1,-5.922060013E-2,-6.407345290E-1,1.077345484E0
3.136254641E2,-1.060789292E0,-2.995294690E-2,-7.349214788E-1,1.290844949E0
3.136354521E2,-1.187569791E0,1.263115525E-2,-8.538392271E-1,1.462710833E0
3.136454411E2,-1.299971403E0,4.368630230E-2,-9.807056804E-1,1.628992870E0
3.136554291E2,-1.346571372E0,5.777341425E-2,-9.585774775E-1,1.653923520E0
3.136654181E2,-1.214617549E0,1.439379841E-1,-9.219920339E-1,1.531692934E0
3.136754071E2,-9.169834551E-1,2.265217191E-1,-8.938188332E-1,1.300416415E0
3.136853951E2,-5.329766303E-1,2.383178920E-1,-8.717372619E-1,1.049183187E0
3.136953841E2,-1.554447198E-1,2.466384798E-1,-8.213991670E-1,8.716020837E-1
3.137053721E2,1.085705155E-1,2.383436197E-1,-6.916694784E-1,7.395957715E-1
3.137153611E2,2.763826811E-1,2.218509632E-1,-5.110542494E-1,6.219177455E-1
3.137253501E2,3.670303112E-1,1.791551793E-1,-3.177856457E-1,5.174896562E-1
3.137353381E2,4.865099770E-1,1.053954774E-1,-1.803227220E-1,5.294491935E-1
3.137453271E2,6.820809218E-1,2.665628672E-2,-3.350264534E-2,6.834232721E-1
3.137553151E2,8.735211012E-1,-3.028156042E-2,1.394385517E-1,8.850984108E-1
3.137653041E2,9.915529963E-1,-4.659938514E-2,3.487529384E-1,1.052129963E0
3.137752931E2,1.114813764E0,-9.679773152E-2,5.378432679E-1,1.241553426E0
3.137852811E2,1.276628441E0,-1.400484163E-1,6.614861512E-1,1.444630632E0
3.137952701E2,1.405066918E0,-1.255017132E-1,7.816597353E-1,1.612747862E0
3.138052581E2,1.466429061E0,-8.382451415E-2,8.745774007E-1,1.709481316E0
3.138152471E2,1.468452782E0,-4.582930684E-2,9.020540518E-1,1.723994029E0
3.138252351E2,1.450271450E0,1.812052131E-2,8.214845364E-1,1.666869063E0
3.138352241E2,1.420382237E0,8.339415908E-2,7.165474807E-1,1.593072685E0
3.138452131E2,1.350013921E0,7.669617355E-2,6.129735571E-1,1.484640182E0
3.138552011E2,1.221052118E0,4.270221591E-3,5.374744548E-1,1.334115924E0
3.138651901E2,1.081005456E0,-1.112350917E-1,4.566634494E-1,1.178765264E0
3.138751781E2,8.726849493E-1,-2.272625613E-1,3.159858727E-1,9.555492475E-1
3.138851671E2,6.187617159E-1,-3.336853945E-1,1.664521033E-1,7.224391367E-1
3.138951561E2,3.926042783E-1,-3.565836757E-1,4.473690078E-2,5.322512823E-1
3.139051441E2,1.547164491E-1,-3.332410061E-1,-1.103647336E-2,3.675711517E-1
3.139151331E2,-1.213648081E-1,-2.389856440E-1,-3.913892269E-2,2.708789581E-1
3.139251211E2,-4.710639721E-1,-1.187078333E-1,-7.190847337E-2,4.910841517E-1
3.139351101E2,-8.195007223E-1,-3.548499763E-2,-1.164683497E-1,8.284959236E-1
3.139450981E2,-1.236556010E0,1.913092017E-2,-9.753170326E-2,1.240543909E0
3.139550871E2,-1.529653834E0,9.604110181E-2,-1.314930627E-1,1.538296191E0
3.139650761E2,-1.797130329E0,8.114122689E-2,-2.316937275E-1,1.813820085E0
3.139750641E2,-1.991805480E0,1.459769082E-1,-3.937953562E-1,2.035601413E0
3.139850531E2,-2.097897946E0,2.115978706E-1,-5.561701959E-1,2.180659243E0
3.139950411E2,-2.147232074E0,2.090543318E-1,-7.493820816E-1,2.283830728E0
3.140050301E2,-2.159673779E0,1.460014665E-1,-8.730653107E-1,2.334041623E0
3.140150191E2,-2.068484697E0,3.892374516E-2,-9.777648233E-1,2.288267477E0
3.140250071E2,-1.878250506E0,2.989798307E-2,-1.064942862E0,2.159356883E0
3.140349961E2,-1.634589720E0,7.311709285E-2,-1.091592278E0,1.966927392E0
3.140449841E2,-1.377969166E0,1.027069277E-1,-1.083496516E0,1.755936342E0
3.140549735E2,-1.172720495E0,1.022695559E-1,-1.025174925E0,1.560998414E0
3.140649625E2,-9.664482683E-1,5.795233905E-2,-9.183671987E-1,1.334458332E0
3.140749505E2,-6.432902008E-1,1.153831065E-2,-8.206461918E-1,1.042792207E0
3.140849395E2,-2.410239834E-1,-1.142838299E-2,-5.478439070E-1,5.986285284E-1
3.140949275E2,1.224734402E-1,5.890485048E-2,-2.007663421E-1,2.424389595E-1
3.141049165E2,5.551779234E-1,6.968711615E-3,2.076498306E-1,5.927811921E-1
3.141149045E2,1.130140193E0,3.137031198E-3,6.440266576E-1,1.300767863E0
3.141248935E2,1.687956965E0,2.267316341E-2,1.143920911E0,2.039183131E0
3.141348825E2,2.226379692E0,-1.677215338E-2,1.641180994E0,2.765957862E0
3.141448705E2,2.744509365E0,-6.203661919E-2,1.821126863E0,3.294341095E0
3.141548595E2,2.915680464E0,2.002145112E-2,1.745168462E0,3.398118065E0
3.141648475E2,2.820386344E0,2.188472486E-1,1.523083026E0,3.212826660E0
3.141748365E2,2.510995545E0,4.834945679E-1,1.285570295E0,2.862089553E0
3.141848255E2,2.092700063E0,5.587388778E-1,1.163671198E0,2.458803234E0
3.141948135E2,1.702893678E0,4.386288822E-1,1.013114604E0,2.029444105E0
3.142048025E2,1.236297271E0,1.534285998E-1,8.949964625E-1,1.533945874E0
3.142147905E2,7.080840746E-1,-2.280221146E-1,7.463922541E-1,1.053792455E0
3.142247795E2,1.943716809E-1,-5.117641014E-1,5.354441553E-1,7.657566776E-1
3.142347685E2,-2.241992050E-1,-5.617665660E-1,4.115667987E-1,7.315970121E-1
3.142447565E2,-5.853700215E-1,-4.162749767E-1,4.228554332E-1,8.335164280E-1
3.142547455E2,-7.746169102E-1,-1.870144218E-1,4.606635296E-1,9.204437186E-1
3.142647335E2,-7.203117719E-1,1.254812479E-2,4.710926235E-1,8.607756758E-1
3.142747225E2,-4.844868404E-1,1.394022989E-1,4.087061946E-1,6.490001949E-1
3.142847115E2,-1.705284896E-1,2.146021700E-1,2.887366784E-1,3.981242602E-1
3.142946995E2,1.619827840E-1,2.003998679E-1,1.737716478E-1,3.107975465E-1
3.143046885E2,4.135414034E-1,2.191051108E-1,1.388970995E-1,4.881761425E-1
3.143146765E2,5.249147817E-1,2.454386312E-1,1.355453293E-1,5.951035087E-1
3.143246655E2,5.401268980E-1,2.576382619E-1,1.106774135E-1,6.085754101E-1
3.143346535E2,4.195152113E-1,2.280338091E-1,6.634236261E-2,4.820723386E-1
3.143446425E2,1.897766465E-1,1.474568385E-1,-2.671125054E-2,2.418102266E-1
3.143546315E2,-6.967659116E-2,2.246968031E-2,-3.902899504E-2,8.296370497E-2
3.143646195E2,-2.649668697E-1,-1.201643747E-1,1.168449104E-2,2.911759714E-1
3.143746085E2,-4.022904834E-1,-2.564676493E-1,4.339496478E-2,4.790578370E-1
3.143845965E2,-4.200157329E-1,-2.965491432E-1,7.080495760E-2,5.190066977E-1
3.143945855E2,-3.526066920E-1,-3.017905873E-1,2.563463196E-2,4.648291860E-1
3.144045745E2,-1.863919857E-1,-3.224546474E-1,-1.790812120E-2,3.728802392E-1
3.144145625E2,-1.447068930E-2,-2.927069378E-1,-5.289654404E-2,2.977999272E-1
3.144245515E2,1.803108814E-1,-2.090502387E-1,-1.037641042E-1,2.949254238E-1
3.144345395E2,4.153709972E-1,-8.907239020E-2,-6.309204161E-2,4.294735868E-1
3.144445285E2,5.715933967E-1,2.226034999E-3,-2.483546376E-2,5.721370173E-1
3.144545175E2,6.188488394E-1,6.856035769E-2,-1.108582386E-1,6.324270375E-1
3.144645055E2,6.309598848E-1,2.472845972E-2,-1.224360180E-1,6.432048286E-1
3.144744945E2,5.143795609E-1,7.177457213E-3,-1.058571151E-1,5.252081277E-1
3.144844825E2,3.359731176E-1,3.775020897E-2,-9.356275946E-2,3.507948175E-1
3.144944715E2,1.966181812E-1,1.096230143E-1,-5.893437892E-2,2.326997539E-1
3.145044605E2,2.391862035E-2,1.579362184E-1,-6.612323821E-2,1.728821336E-1
3.145144485E2,-1.334942722E-1,1.243837255E-1,-9.708863050E-2,2.066838989E-1
3.145244375E2,-2.387619880E-1,1.278072703E-1,-1.450898856E-1,3.072345361E-1
3.145344255E2,-3.685114110E-1,1.530368364E-1,-2.034412971E-1,4.478942896E-1
3.145444145E2,-3.836399120E-1,1.783196121E-1,-2.519389808E-1,4.923928474E-1
3.145544025E2,-3.592277867E-1,2.016669595E-1,-2.205566821E-1,4.672894342E-1
3.145643915E2,-3.919432506E-1,1.729787654E-1,-1.845214614E-1,4.664647197E-1
3.145743805E2,-4.015113419E-1,1.340497577E-1,-1.211171785E-1,4.402840744E-1
3.145843685E2,-4.331044328E-1,1.146679920E-1,-1.550324911E-1,4.740920495E-1
3.145943575E2,-5.034136927E-1,1.295649433E-1,-2.622034755E-1,5.822053616E-1
3.146043455E2,-5.546507969E-1,1.841270667E-1,-3.423085758E-1,6.772853493E-1
3.146143345E2,-6.675599465E-1,1.996116632E-1,-3.829157344E-1,7.950506637E-1
3.146243235E2,-7.931794810E-1,1.814040184E-1,-3.693469781E-1,8.935649373E-1
3.146343115E2,-8.724563232E-1,1.545916110E-1,-3.677759774E-1,9.593423642E-1
3.146443005E2,-8.953244913E-1,8.707205772E-2,-4.575301529E-1,1.009218177E0
3.146542885E2,-8.557791871E-1,1.226517802E-1,-4.767587216E-1,9.872691400E-1
3.146642775E2,-8.011983526E-1,1.282832336E-1,-4.498569980E-1,9.277643596E-1
3.146742665E2,-7.410802048E-1,7.754226565E-2,-4.106961483E-1,8.508137277E-1
3.146842545E2,-6.666890037E-1,-4.174911976E-4,-3.540432067E-1,7.548648847E-1
3.146942435E2,-6.123192537E-1,-5.410604060E-2,-3.058649272E-1,6.865971787E-1
3.147042315E2,-5.278088611E-1,-1.660492301E-2,-3.188662112E-1,6.168740374E-1
3.147142205E2,-4.816325220E-1,1.821758509E-2,-3.011820383E-1,5.683417871E-1
3.147242095E2,-4.074728706E-1,-4.443240702E-2,-3.567947602E-1,5.434251375E-1
3.147341975E2,-3.776394993E-1,-3.264383554E-2,-3.639014661E-1,5.254536026E-1
3.147441865E2,-3.742723802E-1,-3.812326133E-2,-3.899360476E-1,5.418332944E-1
3.147541745E2,-3.558872724E-1,-1.465721548E-2,-4.392820162E-1,5.655433443E-1
3.147641635E2,-3.430883020E-1,2.382974267E-2,-4.438894759E-1,5.615294351E-1
3.147741515E2,-3.543117401E-1,2.325963914E-2,-3.838248302E-1,5.228760085E-1
3.147841405E2,-3.770138472E-1,-4.235489130E-2,-2.836162716E-1,4.736787597E-1
3.147941295E2,-3.416554418E-1,-1.061252099E-1,-2.045316567E-1,4.120973182E-1
3.148041175E2,-2.971306488E-1,-1.539870089E-1,-1.876390506E-1,3.836756895E-1
3.148141065E2,-1.731196833E-1,-1.537156981E-1,-1.818291110E-1,2.943820072E-1
3.148240945E2,-5.247466743E-2,-1.191598231E-1,-2.249062796E-1,2.598759103E-1
3.148340835E2,2.913989156E-2,-5.609760225E-2,-2.672095692E-1,2.745851929E-1
3.148440725E2,1.156345367E-1,2.114528596E-2,-2.888278949E-1,3.118333242E-1
3.148540605E2,1.967216769E-1,7.282940984E-2,-2.384114474E-1,3.175587494E-1
3.148640495E2,2.760069975E-1,2.450685024E-2,-1.597484167E-1,3.198437197E-1
3.148740375E2,3.593590567E-1,-3.829926252E-2,-9.244491801E-2,3.730305992E-1
3.148840265E2,3.930255702E-1,-7.649093628E-2,-4.740045369E-2,4.031956909E-1
3.148940155E2,4.185439888E-1,-8.758719742E-2,3.517100215E-3,4.276247861E-1
3.149040035E2,4.219929689E-1,-6.835044265E-2,2.501438856E-2,4.282237365E-1
3.149139925E2,3.832308993E-1,-7.717447579E-2,5.347731873E-2,3.945651347E-1
3.149239805E2,2.968002811E-1,-6.782770157E-2,5.156601012E-2,3.087880460E-1
3.149339695E2,2.551596272E-1,-9.583001733E-2,2.146878317E-2,2.734058087E-1
3.149439585E2,2.086114052E-1,-5.345290661E-2,-3.469445407E-2,2.181275699E-1
3.149539465E2,1.670262998E-1,2.187326431E-2,-7.936542749E-2,1.862125012E-1
3.149639355E2,1.186239257E-1,5.891771436E-2,-6.792184174E-2,1.488499560E-1
3.149739235E2,5.905103087E-2,9.119376004E-2,-3.942543626E-2,1.155754781E-1
3.149839125E2,-9.583878815E-3,9.172819555E-2,-3.365964308E-2,9.817781910E-2
3.149939015E2,-7.682802826E-2,6.042863488E-2,-9.732836634E-3,9.822878371E-2
3.150038895E2,-4.090332001E-2,1.982206106E-3,2.649197996E-2,4.877330962E-2
3.150138785E2,-6.512921154E-3,-4.673796415E-2,5.826326475E-2,7.497641932E-2
3.150238665E2,-7.933502197E-3,-5.299857795E-2,1.245597267E-1,1.355983600E-1
3.150338555E2,-2.117013663E-2,4.443299174E-3,1.588703111E-1,1.603361885E-1
3.150438435E2,-5.270767897E-2,5.009485066E-2,1.669419537E-1,1.820912118E-1
3.150538328E2,-7.666781455E-2,9.064821482E-2,1.947320156E-1,2.280693108E-1
3.150638218E2,-1.245129490E-1,8.882095993E-2,2.172397028E-1,2.656797430E-1
3.150738098E2,-1.919646746E-1,7.430349290E-2,1.866084789E-1,2.778383878E-1
3.150837988E2,-2.598596191E-1,6.148990452E-2,2.397368650E-1,3.588618041E-1
3.150937868E2,-3.494801858E-1,2.699133217E-2,2.740337084E-1,4.449262924E-1
3.151037758E2,-4.388601395E-1,-1.724343896E-2,2.700231032E-1,5.155657422E-1
3.151137648E2,-4.654070833E-1,-4.694729447E-2,2.520891081E-1,5.313724871E-1
3.151237528E2,-4.589739767E-1,-7.239613116E-2,2.057557712E-1,5.081670478E-1
3.151337418E2,-4.205805740E-1,-8.506821692E-2,2.166444562E-1,4.806864271E-1
3.151437298E2,-3.200119731E-1,-1.331323296E-1,2.780625862E-1,4.443542302E-1
3.151537188E2,-2.086461961E-1,-1.743417513E-1,3.454757202E-1,4.396382088E-1
3.151637078E2,-7.632370591E-2,-1.780325139E-1,3.479555243E-1,3.982385353E-1
3.151736958E2,4.865146548E-2,-1.972909033E-1,2.950335449E-1,3.582393868E-1
3.151836848E2,1.184219044E-1,-1.780067861E-1,2.058874798E-1,2.968161345E-1
3.151936728E2,1.034077165E-1,-1.554172379E-1,1.057913339E-1,2.145681243E-1
3.152036618E2,6.003131658E-2,-1.262378776E-1,4.964008346E-2,1.483371113E-1
3.152136508E2,3.488916636E-2,-7.983846724E-2,-6.011697829E-2,1.058559675E-1
3.152236388E2,5.530471981E-2,-1.425551176E-3,-2.074966335E-1,2.147451912E-1
3.152336278E2,2.896301329E-2,6.860655069E-2,-2.943137527E-1,3.035890313E-1
3.152436158E2,-7.211078703E-2,7.998113930E-2,-3.538062483E-1,3.698321370E-1
3.152536048E2,-1.946883076E-1,5.976146758E-2,-3.960710925E-1,4.453619656E-1
3.152635938E2,-3.179847434E-1,6.771894336E-2,-4.393461893E-1,5.465576149E-1
3.152735818E2,-3.643745059E-1,1.094850200E-1,-4.107775708E-1,5.599053159E-1
3.152835708E2,-3.631562385E-1,1.316646785E-1,-3.564405651E-1,5.256119458E-1
3.152935588E2,-3.899084195E-1,1.073121947E-1,-2.933602180E-1,4.996045439E-1
3.153035478E2,-4.341133699E-1,9.974765182E-2,-2.789772369E-1,5.255780728E-1
3.153135358E2,-4.640666091E-1,1.170776296E-1,-2.594959223E-1,5.444291715E-1
3.153235248E2,-4.603562585E-1,1.544372445E-1,-2.364274871E-1,5.400710174E-1
3.153335138E2,-4.836559510E-1,1.655966556E-1,-1.922927034E-1,5.461884428E-1
3.153435018E2,-5.107227123E-1,1.734243232E-1,-1.958741230E-1,5.738295538E-1
3.153534908E2,-4.900422800E-1,1.723466814E-1,-1.823313868E-1,5.505356931E-1
3.153634788E2,-4.603758466E-1,1.093973118E-1,-1.286732429E-1,4.903779108E-1
3.153734678E2,-3.943102035E-1,1.116724634E-1,-9.633302405E-2,4.209885119E-1
3.153834568E2,-3.523833284E-1,1.175132471E-1,-6.581099689E-2,3.772458889E-1
3.153934448E2,-3.183899555E-1,1.219226325E-1,-4.840339735E-2,3.443547312E-1
3.154034338E2,-2.617090935E-1,1.222489071E-1,-3.454812750E-2,2.909123889E-1
3.154134218E2,-2.568693531E-1,1.329990131E-1,-3.776599646E-2,2.917136824E-1
3.154234108E2,-1.968903691E-1,1.321032196E-1,-3.741165519E-2,2.400348100E-1
3.154333998E2,-1.154471335E-1,9.208312154E-2,1.708731830E-2,1.486583948E-1
3.154433878E2,-1.759397954E-2,4.566675425E-2,3.726781368E-2,6.151333592E-2
3.154533768E2,7.296886593E-2,2.356954157E-2,4.858466104E-2,9.077691322E-2
3.154633648E2,1.857692572E-1,4.794716835E-3,6.902301863E-2,1.982356763E-1
3.154733538E2,2.796553677E-1,-1.390117049E-2,1.082676297E-1,3.002036757E-1
3.154833428E2,3.703477290E-1,3.014882863E-2,1.676712477E-1,4.076518608E-1
3.154933308E2,4.126742613E-1,6.930236936E-2,1.863251813E-1,4.580610631E-1
3.155033198E2,4.325349140E-1,5.522695184E-2,2.176222569E-1,4.873355258E-1
3.155133078E2,3.822301483E-1,2.716031671E-2,2.491539520E-1,4.570724897E-1
3.155232968E2,3.181548974E-1,-1.597108483E-2,2.481428222E-1,4.037975663E-1
3.155332858E2,2.955393291E-1,-3.254618704E-2,2.753284281E-1,4.052264708E-1
3.155432738E2,2.776597130E-1,-3.717893600E-2,2.185021167E-1,3.552750547E-1
3.155532628E2,2.877508378E-1,-3.736019969E-2,1.373813550E-1,3.210451150E-1
3.155632508E2,2.828242663E-1,-6.515669346E-2,2.310585737E-2,2.911508903E-1
3.155732398E2,2.678112477E-1,-1.048435003E-1,-7.138397813E-2,2.963286963E-1
3.155832278E2,2.563088974E-1,-8.325382590E-2,-1.346695626E-1,3.012662303E-1
3.155932168E2,2.579136658E-1,1.751124144E-2,-2.016940029E-1,3.278819504E-1
3.156032058E2,2.419364414E-1,9.784379840E-2,-2.458999765E-1,3.585714001E-1
3.156131938E2,2.138317993E-1,1.630665654E-1,-2.494230701E-1,3.667786949E-1
3.156231828E2,1.560884982E-1,1.876511836E-1,-2.044468720E-1,3.183945814E-1
3.156331708E2,1.234499252E-1,1.683097637E-1,-1.701112908E-1,2.692692181E-1
3.156431598E2,1.001280132E-1,1.254964507E-1,-1.403431159E-1,2.132396969E-1
3.156531488E2,7.693415523E-2,7.043263614E-2,-1.146137591E-1,1.549707529E-1
3.156631368E2,3.987801075E-2,7.823340654E-2,-1.027279776E-1,1.351434757E-1
3.156731258E2,5.643410951E-2,8.137803912E-2,-4.570476115E-2,1.090693319E-1
3.156831138E2,4.711277068E-2,7.692246079E-2,5.516701788E-3,9.037207608E-2
3.156931028E2,7.770072520E-2,-5.384233117E-2,-7.155120850E-2,1.185578962E-1
3.157030918E2,1.129553425E-1,-4.430084467E-2,-1.224712475E-1,1.723968698E-1
3.157130798E2,9.956784993E-2,-2.397826195E-2,-1.261254649E-1,1.624695254E-1
3.157230688E2,6.783764184E-2,-1.411108553E-2,-1.032558350E-1,1.243496516E-1
3.157330568E2,5.866803825E-3,-6.278155446E-3,-5.006839201E-2,5.080037895E-2
3.157430458E2,-4.121585369E-2,-2.906066179E-2,-5.164114684E-3,5.069454349E-2
3.157530348E2,-4.038730323E-2,-5.028137684E-2,6.152191803E-2,8.913078883E-2
3.157630228E2,-5.797514319E-4,-7.523203075E-2,9.120896280E-2,1.182339607E-1
3.157730118E2,7.726130694E-2,-5.177826405E-2,1.039985776E-1,1.395206161E-1
3.157829998E2,1.705077320E-1,-5.185193896E-2,7.586221442E-2,1.936919870E-1
3.157929888E2,2.739432228E-1,-3.420738101E-2,3.768705904E-2,2.786312054E-1
3.158029778E2,3.593125713E-1,-1.107111812E-2,3.058503091E-2,3.607818422E-1
3.158129658E2,4.145769453E-1,2.118329287E-2,7.219206333E-2,4.213483944E-1
3.158229548E2,4.846219110E-1,7.676517069E-2,1.203406683E-1,5.052060615E-1
3.158329428E2,5.530796501E-1,9.620774746E-2,1.800878102E-1,5.895631004E-1
3.158429318E2,5.898337859E-1,1.051890707E-1,2.518799239E-1,6.499324055E-1
3.158529208E2,6.223516139E-1,7.408890009E-2,2.933822912E-1,6.920143534E-1
3.158629088E2,6.525872737E-1,1.473732233E-2,3.329006982E-1,7.327415734E-1
3.158728978E2,6.202416462E-1,-8.729951441E-2,3.380884941E-1,7.117757615E-1
3.158828858E2,5.629222682E-1,-1.885569173E-1,3.649024364E-1,6.968421480E-1
3.158928748E2,5.513605687E-1,-3.425848567E-1,3.818592887E-1,7.531131237E-1
3.159028628E2,4.447558871E-1,-4.755563879E-1,4.194592973E-1,7.745371387E-1
3.159128518E2,3.439823413E-1,-5.858682042E-1,4.187220365E-1,7.980561056E-1
3.159228408E2,2.262176639E-1,-6.909455931E-1,4.375711209E-1,8.485568513E-1
3.159328288E2,1.439318445E-1,-7.328929335E-1,4.257493664E-1,8.597156221E-1
3.159428178E2,1.114599171E-1,-6.599594432E-1,4.305275649E-1,7.958164135E-1
3.159528058E2,7.974520415E-2,-4.929933697E-1,4.260569300E-1,6.564497450E-1
3.159627948E2,8.750767529E-2,-3.165723485E-1,4.455098855E-1,5.534931826E-1
3.159727838E2,7.136702120E-2,-1.736383313E-1,4.370805395E-1,4.756920430E-1
3.159827718E2,1.429234922E-2,-3.689593077E-2,3.987765992E-1,4.007347714E-1
3.159927608E2,-9.943921119E-2,8.363272548E-2,3.625677162E-1,3.851466453E-1
3.160027488E2,-3.007375038E-1,1.668935680E-1,3.797759988E-1,5.123732219E-1
3.160127378E2,-5.036522591E-1,1.929037374E-1,3.701831299E-1,6.541505940E-1
3.160227268E2,-6.230287215E-1,1.883294606E-1,3.223873314E-1,7.263376384E-1
3.160327148E2,-6.454165408E-1,2.336500597E-1,2.594513373E-1,7.338050545E-1
3.160427038E2,-6.352970570E-1,2.878221738E-1,1.394677877E-1,7.112631146E-1
3.160526918E2,-5.607283929E-1,3.405646437E-1,3.178188287E-2,6.568186167E-1
3.160626810E2,-4.608988801E-1,3.508925807E-1,-9.917301670E-2,5.876977694E-1
3.160726700E2,-3.454239723E-1,3.443863839E-1,-2.189713557E-1,5.346663976E-1
3.160826580E2,-1.927827001E-1,3.295239311E-1,-3.537133507E-1,5.204462749E-1
3.160926470E2,-5.572893530E-2,3.447185057E-1,-4.461380227E-1,5.665471717E-1
3.161026350E2,3.703831047E-2,3.083535022E-1,-4.871794832E-1,5.777521679E-1
3.161126240E2,1.390859646E-1,2.434301126E-1,-4.817637920E-1,5.574042309E-1
3.161226130E2,2.292947611E-1,1.400519246E-1,-4.392984615E-1,5.149502571E-1
3.161326010E2,3.084917888E-1,3.811799884E-2,-3.437100072E-1,4.634185308E-1
3.161425900E2,3.600154066E-1,-8.354677141E-2,-1.998847282E-1,4.201726557E-1
3.161525780E2,3.815737984E-1,-1.869191122E-1,-7.553009257E-2,4.315577748E-1
3.161625670E2,4.208705959E-1,-2.412222040E-1,2.994198337E-2,4.860213293E-1
3.161725550E2,4.484276462E-1,-2.875075936E-1,1.178652495E-1,5.455641001E-1
3.161825440E2,4.357087827E-1,-3.498623013E-1,1.857197752E-1,5.888442987E-1
3.161925330E2,4.416320121E-1,-3.737575328E-1,2.496287459E-1,6.301174797E-1
3.162025210E2,4.070284823E-1,-3.624262136E-1,2.698747301E-1,6.081589559E-1
3.162125100E2,3.601083773E-1,-3.108397382E-1,3.099421906E-1,5.677706824E-1
3.162224980E2,3.306322709E-1,-2.295803976E-1,3.525094821E-1,5.350586813E-1
3.162324870E2,3.211115420E-1,-1.369961697E-1,3.166349137E-1,4.713154373E-1
3.162424760E2,2.982050747E-1,-7.182251930E-2,3.046908063E-1,4.323438773E-1
3.162524640E2,2.276581255E-1,-4.141582847E-2,3.144971716E-1,3.904509750E-1
3.162624530E2,1.378010389E-1,-2.097864032E-2,2.952884835E-1,3.265340995E-1
3.162724410E2,2.253458440E-2,9.911030531E-3,2.646894193E-1,2.658317601E-1
3.162824300E2,-6.890592813E-2,5.956734002E-2,2.329676165E-1,2.501403712E-1
3.162924190E2,-1.375206649E-1,1.535215706E-1,1.925852104E-1,2.820813166E-1
3.163024070E2,-1.325519934E-1,2.485996360E-1,1.824307895E-1,3.356379045E-1
3.163123960E2,-7.452539474E-2,3.492910284E-1,1.968845218E-1,4.078256636E-1
3.163223840E2,4.506946117E-2,4.069679636E-1,2.183969399E-1,4.640596977E-1
3.163323730E2,2.051004446E-1,4.090665293E-1,2.048477717E-1,5.013623713E-1
3.163423620E2,3.615064466E-1,3.141814220E-1,1.968260497E-1,5.178198245E-1
3.163523500E2,4.728941506E-1,1.679992765E-1,2.284742506E-1,5.514101176E-1
3.163623390E2,5.534652740E-1,6.267045736E-2,2.234390670E-1,6.001469923E-1
3.163723270E2,6.150069264E-1,-3.350513041E-2,1.984123262E-1,6.470885290E-1
3.163823160E2,5.944908008E-1,-1.277908981E-1,1.887473904E-1,6.366909794E-1
3.163923050E2,4.342633510E-1,-1.610340732E-1,1.837622005E-1,4.982822263E-1
3.164022930E2,3.999559826E-1,-3.427532566E-1,2.451392537E-1,5.809800656E-1
3.164122820E2,1.773823035E-1,-2.392709881E-1,1.804110150E-1,3.482286916E-1
3.164222700E2,7.056887627E-2,-1.467072254E-1,2.010389686E-1,2.586883128E-1
3.164322590E2,-2.574996829E-2,-9.528447211E-2,1.824390487E-1,2.074275728E-1
3.164422480E2,-7.995394975E-2,-5.904869199E-2,1.449244094E-1,1.757340791E-1
3.164522360E2,-1.185941049E-1,-5.847800374E-2,7.703363098E-2,1.530307778E-1
3.164622250E2,-1.772296911E-1,-7.934262335E-2,2.282109797E-2,1.955157738E-1
3.164722130E2,-2.797340128E-1,-7.655174732E-2,-7.093016110E-2,2.985672046E-1
3.164822020E2,-3.740069166E-1,3.171529770E-3,-1.474346191E-1,4.020300973E-1
3.164921910E2,-4.543432742E-1,9.359345734E-2,-1.974890509E-1,5.041720652E-1
3.165021790E2,-4.907673347E-1,1.562715161E-1,-2.335208362E-1,5.655133460E-1
3.165121680E2,-5.424999905E-1,1.108637935E-1,-2.658389088E-1,6.142209259E-1
3.165221560E2,-5.969746980E-1,4.135150909E-2,-3.209126636E-1,6.790240607E-1
3.165321450E2,-6.367954060E-1,4.913941562E-2,-3.803480027E-1,7.433624113E-1
3.165421340E2,-6.249571332E-1,1.244854671E-1,-4.453655324E-1,7.774435718E-1
3.165521220E2,-5.932517758E-1,2.306264645E-1,-4.744799886E-1,7.938938816E-1
3.165621110E2,-5.363528126E-1,2.372823501E-1,-4.860696816E-1,7.617355110E-1
3.165720990E2,-4.412148133E-1,1.397005069E-1,-4.813433772E-1,6.677411099E-1
3.165820880E2,-3.158420312E-1,4.091706097E-2,-4.777806687E-1,5.741992355E-1
3.165920760E2,-1.627171943E-1,-1.021935421E-1,-4.451918701E-1,4.848878289E-1
3.166020650E2,-1.584712386E-2,-2.697396594E-1,-3.854198045E-1,4.707005852E-1
3.166120540E2,5.119617373E-2,-2.783128470E-1,-4.102401385E-1,4.983734145E-1
3.166220420E2,2.799369112E-1,-3.095077425E-1,-2.634544142E-1,4.935260330E-1
3.166320310E2,3.812598029E-1,-2.716598850E-1,-3.333988810E-1,5.747285831E-1
3.166420190E2,4.081797990E-1,-1.729372501E-1,-3.474632619E-1,5.632483992E-1
3.166520080E2,4.077710786E-1,-1.295900863E-1,-2.194167674E-1,4.808477523E-1
3.166619970E2,2.752360421E-1,-1.404963130E-1,-1.972417867E-1,3.666038943E-1
3.166719850E2,1.098329294E-1,-1.971704507E-1,-2.108440914E-1,3.088603080E-1
3.166819740E2,-6.890738994E-2,-2.663669854E-1,-2.336026242E-1,3.609290586E-1
3.166919620E2,-2.027972263E-1,-2.922567022E-1,-2.741244864E-1,4.490934525E-1
3.167019510E2,-3.079155457E-1,-2.468811393E-1,-3.688528883E-1,5.401987907E-1
3.167119400E2,-4.284865943E-1,-1.545816708E-1,-4.506724653E-1,6.407822761E-1
3.167219280E2,-5.324664608E-1,-5.542809606E-2,-4.903510860E-1,7.259731353E-1
3.167319170E2,-6.444248530E-1,4.727532327E-2,-5.367188483E-1,8.399913509E-1
3.167419050E2,-7.686808169E-1,1.277680939E-1,-5.236421353E-1,9.388269116E-1
3.167518940E2,-9.468182883E-1,2.210820544E-1,-5.091007677E-1,1.097508878E0
3.167618830E2,-1.103244756E0,3.053614819E-1,-5.485495198E-1,1.269370395E0
3.167718710E2,-1.102391939E0,3.992788750E-1,-6.427779847E-1,1.337107006E0
3.167818600E2,-9.865448561E-1,5.279106027E-1,-7.846595762E-1,1.366620287E0
3.167918480E2,-8.819557098E-1,5.938940924E-1,-9.038831339E-1,1.395550353E0
3.168018370E2,-7.623000428E-1,5.572279572E-1,-9.903839187E-1,1.368380305E0
3.168118260E2,-6.266893709E-1,4.455385369E-1,-1.017208605E0,1.275130386E0
3.168218140E2,-5.825917169E-1,3.464796871E-1,-9.478113648E-1,1.165250044E0
3.168318030E2,-5.604278460E-1,3.083330369E-1,-8.185278187E-1,1.038814912E0
3.168417910E2,-4.592300847E-1,3.483449489E-1,-6.152761906E-1,8.430903065E-1
3.168517800E2,-3.669376329E-1,3.582355142E-1,-4.309158200E-1,6.698241217E-1
3.168617690E2,-1.919842628E-1,3.023501658E-1,-2.090234146E-1,4.146858664E-1
3.168717570E2,3.120834410E-2,1.524702412E-1,4.989012502E-2,1.634324318E-1
3.168817460E2,2.303194857E-1,-2.004027915E-1,3.418251573E-1,4.583151563E-1
3.168917340E2,4.488974699E-1,-5.855466074E-1,6.429281851E-1,9.786370211E-1
3.169017230E2,6.446312597E-1,-8.378142017E-1,9.666206881E-1,1.432423699E0
3.169117120E2,8.658577403E-1,-9.688462114E-1,1.261869484E0,1.811266739E0
3.169217000E2,9.673607263E-1,-9.066002619E-1,1.521281791E0,2.017921975E0
3.169316890E2,1.044877264E0,-7.363749504E-1,1.764772130E0,2.179090919E0
3.169416770E2,1.269064190E0,-5.308874202E-1,1.962030289E0,2.396232089E0
3.169516660E2,1.445793944E0,-2.965520668E-1,1.830955594E0,2.351735879E0
3.169616550E2,1.486989625E0,-1.592535961E-1,1.791624883E0,2.333756537E0
3.169716430E2,1.476701742E0,-1.270997572E-1,1.618717453E0,2.194777569E0
3.169816320E2,1.448433085E0,-8.708082855E-2,1.355135497E0,1.985430353E0
3.169916200E2,1.330131341E0,-5.666536689E-3,1.113248391E0,1.734532639E0
3.170016090E2,1.094749336E0,9.405421793E-2,9.114382482E-1,1.427600079E0
3.170115970E2,8.725928557E-1,1.424451900E-1,7.953183925E-1,1.189218344E0
3.170215860E2,6.935864881E-1,1.736412549E-1,6.978230882E-1,9.990848634E-1
3.170315750E2,8.004022542E-1,-3.538501024E-2,7.140040880E-1,1.073171797E0
3.170415630E2,8.505599624E-1,-1.088552749E-1,5.708496308E-1,1.030131555E0
3.170515520E2,1.004480313E0,-2.118153870E-1,5.284894770E-1,1.154620104E0
3.170615397E2,1.150197605E0,-3.009117508E-1,4.369103855E-1,1.266646398E0
3.170715287E2,1.179027009E0,-4.343902355E-1,3.897957876E-1,1.315576042E0
3.170815177E2,1.177539185E0,-5.446622908E-1,3.808518134E-1,1.352147791E0
3.170915057E2,1.027091788E0,-5.314323807E-1,4.047151045E-1,1.225207016E0
3.171014947E2,6.663027951E-1,-4.353684747E-1,4.784133375E-1,9.286465663E-1
3.171114827E2,1.617179051E-1,-3.182750577E-1,5.854904741E-1,6.857483419E-1
3.171214717E2,-3.505648443E-1,-2.428430521E-1,6.320014932E-1,7.624266164E-1
3.171314607E2,-7.040015486E-1,-1.618357265E-1,5.231514808E-1,8.919060795E-1
3.171414487E2,-8.470677128E-1,-7.966889799E-2,3.471982368E-1,9.189219004E-1
3.171514377E2,-8.472437140E-1,2.890103281E-2,1.005083015E-1,8.536738835E-1
3.171614257E2,-7.274471292E-1,1.828991514E-1,-9.949929133E-2,7.566581357E-1
3.171714147E2,-5.378394672E-1,3.174342281E-1,-2.388260150E-1,6.686356609E-1
3.171814037E2,-2.825409687E-1,3.841772711E-1,-3.083190036E-1,5.678751470E-1
3.171913917E2,-1.814449489E-2,3.988502741E-1,-3.148199379E-1,5.084509388E-1
3.172013807E2,9.153055966E-2,4.009628731E-1,-2.494019470E-1,4.809889813E-1
3.172113687E2,7.190701157E-2,3.423831278E-1,-1.564364076E-1,3.832351421E-1
3.172213577E2,-8.030858338E-3,3.233387464E-1,-3.190708637E-2,3.250084642E-1
3.172313467E2,-1.599508765E-1,3.204753649E-1,3.922845818E-2,3.603159924E-1
3.172413347E2,-2.862235451E-1,3.164986736E-1,1.022619545E-2,4.268488060E-1
3.172513237E2,-4.709800646E-1,3.297081184E-1,-5.458310030E-2,5.775023631E-1
3.172613117E2,-6.533406875E-1,2.985728645E-1,-1.814070151E-1,7.408834689E-1
3.172713007E2,-7.842265168E-1,2.606864154E-1,-2.612887517E-1,8.667412812E-1
3.172812897E2,-8.822033393E-1,2.508888209E-1,-3.571233737E-1,9.842586228E-1
3.172912777E2,-1.013038883E0,1.233592933E-1,-4.981552917E-1,1.135616127E0
3.173012667E2,-1.008194464E0,-5.113799393E-2,-6.481591773E-1,1.199658906E0
3.173112547E2,-1.014055421E0,-7.748964071E-2,-6.769310597E-1,1.221699104E0
3.173212437E2,-1.002481735E0,-4.499198556E-2,-6.490894693E-1,1.195119679E0
3.173312327E2,-9.422501510E-1,1.549629092E-2,-5.912581676E-1,1.112502451E0
3.173412207E2,-8.354314613E-1,7.540978611E-2,-4.869313420E-1,9.699146840E-1
3.173512097E2,-7.008472681E-1,1.478181964E-1,-4.051670212E-1,8.229200614E-1
3.173611977E2,-5.668168062E-1,1.979984164E-1,-3.690552020E-1,7.047598221E-1
3.173711867E2,-4.537942207E-1,2.290909857E-1,-3.348424854E-1,6.087128752E-1
3.173811757E2,-4.253352374E-1,2.252008331E-1,-3.072845580E-1,5.710072495E-1
3.173911637E2,-4.277866825E-1,1.338585538E-1,-2.743004145E-1,5.255095390E-1
3.174011527E2,-4.320276681E-1,4.196312785E-2,-2.491095132E-1,5.004641442E-1
3.174111407E2,-3.709967700E-1,2.159902990E-2,-2.504445056E-1,4.481378937E-1
3.174211297E2,-1.843320116E-1,5.997196734E-2,-2.640176473E-1,3.275366322E-1
3.174311187E2,7.858891726E-2,9.749471962E-2,-2.618880913E-1,2.902874621E-1
3.174411067E2,3.278671226E-1,1.070391297E-1,-2.301225076E-1,4.146210244E-1
3.174510957E2,5.748798242E-1,9.763856113E-2,-1.622234700E-1,6.052574288E-1
3.174610837E2,6.870516399E-1,5.165254891E-2,-1.424534491E-1,7.035630226E-1
3.174710727E2,6.563984889E-1,-2.684690595E-2,-9.266323842E-2,6.634502305E-1
3.174810617E2,5.117199549E-1,-5.810495138E-2,-6.955153383E-2,5.196834743E-1
3.174910497E2,2.931899178E-1,-5.708753586E-2,-2.121019006E-2,2.994481371E-1
3.175010387E2,9.165247411E-2,-4.081473470E-2,5.012869142E-2,1.121557144E-1
3.175110267E2,-1.105775723E-1,-1.790943682E-2,1.012473895E-1,1.509939777E-1
3.175210157E2,-2.121346450E-1,-7.238852978E-4,1.573088121E-1,2.640978871E-1
3.175310047E2,-2.691774496E-1,-1.683237970E-2,1.877078285E-1,3.285940615E-1
3.175409927E2,-2.884440252E-1,-2.747665107E-2,1.962892753E-1,3.499777159E-1
3.175509817E2,-3.266953406E-1,-6.901117802E-2,1.457294979E-1,3.643205660E-1
3.175609697E2,-3.380605736E-1,-5.458083451E-2,9.587789141E-2,3.556073523E-1
3.175709587E2,-3.209840727E-1,-2.094238758E-2,5.023401439E-2,3.255653770E-1
3.175809467E2,-2.980512929E-1,3.500611067E-2,1.947831787E-2,3.007314514E-1
3.175909357E2,-2.660699469E-1,9.578908682E-2,-2.871567607E-3,2.828020716E-1
3.176009247E2,-1.994798085E-1,1.605446613E-1,-3.339586057E-2,2.582287083E-1
3.176109127E2,-9.847675949E-2,1.850000560E-1,-4.955464102E-2,2.153563450E-1
3.176209017E2,-1.656633139E-2,1.529070282E-1,-7.161910929E-2,1.696593629E-1
3.176308897E2,5.413206071E-2,1.057299381E-1,-1.096037916E-1,1.616232995E-1
3.176408787E2,6.729297370E-2,5.614554942E-2,-1.409518842E-1,1.659762052E-1
3.176508677E2,3.182814896E-2,3.147088408E-2,-1.642617363E-1,1.702508902E-1
3.176608557E2,5.030242682E-2,-3.617555380E-2,-1.436432844E-1,1.564365622E-1
3.176708447E2,2.660336941E-2,-6.084963441E-2,-1.761223016E-1,1.882272095E-1
3.176808327E2,-2.391248077E-2,-8.023490846E-2,-1.922997931E-1,2.097347318E-1
3.176908217E2,-4.789512813E-2,-4.379856884E-2,-1.613860756E-1,1.739474729E-1
3.177008107E2,-5.322428048E-2,-1.678794086E-2,-1.358788399E-1,1.468935605E-1
3.177107987E2,-2.983571023E-2,-1.656457722E-2,-1.536210463E-1,1.573657545E-1
3.177207877E2,4.130882442E-2,-5.894636571E-2,-1.504260546E-1,1.667605796E-1
3.177307757E2,8.502757877E-2,-1.272400904E-1,-1.398987275E-1,2.073436368E-1
3.177407647E2,1.456827933E-1,-1.868916303E-1,-1.069338799E-1,2.599746380E-1
3.177507537E2,2.272391725E-1,-1.798890048E-1,-5.365704753E-2,2.947486629E-1
3.177607417E2,2.664239958E-1,-1.280242020E-1,2.887888648E-2,2.969948348E-1
3.177707307E2,2.802050060E-1,-8.739833236E-2,1.133810198E-1,3.146562721E-1
3.177807187E2,2.681775758E-1,-5.480829120E-2,1.347514967E-1,3.050919973E-1
3.177907077E2,2.124255440E-1,-2.476880550E-3,1.433217607E-1,2.562652410E-1
3.178006967E2,1.600958875E-1,1.093663216E-2,1.357414303E-1,2.101809673E-1
3.178106847E2,7.622839630E-2,4.105271637E-2,1.145585760E-1,1.435958260E-1
3.178206737E2,-6.845920086E-3,4.150529087E-2,6.942340672E-2,8.117367302E-2
3.178306617E2,-5.696211308E-2,4.502472997E-2,3.752443336E-2,8.173121640E-2
3.178406507E2,-1.188791567E-1,1.464669049E-2,8.193118572E-3,1.200579303E-1
3.178506397E2,-2.106336647E-1,6.314992905E-4,-6.399119720E-3,2.107317922E-1
3.178606277E2,-2.749960139E-1,5.028546989E-2,-2.068452537E-2,2.803199703E-1
3.178706167E2,-3.026048121E-1,1.030583453E-1,-3.000491403E-2,3.210778561E-1
3.178806047E2,-2.849298486E-1,1.232230532E-1,-5.394531526E-2,3.150857606E-1
3.178905937E2,-2.793393257E-1,1.294515073E-1,-9.412328817E-2,3.219430773E-1
3.179005827E2,-2.888328651E-1,1.108146769E-1,-1.558242772E-1,3.463892636E-1
3.179105707E2,-3.044414225E-1,8.166045964E-2,-2.113037556E-1,3.794763333E-1
3.179205597E2,-3.674144733E-1,2.253926218E-2,-2.607559973E-1,4.511043157E-1
3.179305477E2,-4.315788943E-1,-2.548918247E-2,-2.961082631E-1,5.240134959E-1
3.179405367E2,-4.722179201E-1,-3.734382749E-2,-3.387012092E-1,5.823253684E-1
3.179505257E2,-4.819953418E-1,-1.375849843E-2,-3.553102984E-1,5.989609452E-1
3.179605137E2,-4.600878713E-1,5.189111531E-2,-3.761233894E-1,5.965252226E-1
3.179705027E2,-4.501183686E-1,7.388834059E-2,-3.934136061E-1,6.023622648E-1
3.179804907E2,-3.870035228E-1,3.153929651E-2,-4.095051435E-1,5.643234148E-1
3.179904797E2,-3.419220749E-1,-3.455762923E-2,-4.247792403E-1,5.463902799E-1
3.180004687E2,-2.963272414E-1,-6.267513514E-2,-4.853967402E-1,5.721433404E-1
3.180104567E2,-2.788554686E-1,-2.756318986E-2,-4.874279898E-1,5.622331786E-1
3.180204457E2,-2.376416615E-1,8.774916530E-3,-4.343767869E-1,4.952108152E-1
3.180304337E2,-1.983588973E-1,9.696437716E-3,-3.564890239E-1,4.080743771E-1
3.180404227E2,-1.710787126E-1,-3.637552857E-2,-2.821516172E-1,3.319648175E-1
3.180504117E2,-1.569038925E-1,-6.993386865E-2,-2.666939179E-1,3.172305523E-1
3.180603999E2,-1.841583493E-1,-6.846563280E-2,-2.759219936E-1,3.387252383E-1
3.180703889E2,-1.630528244E-1,-6.703072608E-2,-2.570080052E-1,3.116608036E-1
3.180803769E2,-1.402904910E-1,-3.945935011E-2,-2.094543544E-1,2.551658064E-1
3.180903659E2,-1.503403929E-1,-2.557104349E-2,-1.366657289E-1,2.047770335E-1
3.181003549E2,-9.098823041E-2,1.236335278E-2,-5.613385499E-2,1.076230470E-1
3.181103429E2,-3.481666088E-2,4.306357384E-2,3.107678175E-2,6.350147739E-2
3.181203319E2,1.525684744E-2,6.509003520E-2,9.957917891E-2,1.199395554E-1
3.181303199E2,7.900143832E-2,7.632019758E-2,1.476481155E-1,1.840270791E-1
3.181403089E2,9.675007671E-2,8.317371905E-2,1.988866816E-1,2.362929474E-1
3.181502979E2,1.099446112E-1,7.006601572E-2,2.371771733E-1,2.706475117E-1
3.181602859E2,7.544253051E-2,5.930889308E-2,2.892418778E-1,3.047457696E-1
3.181702749E2,1.413476676E-2,6.852118134E-2,3.821080146E-1,3.884603953E-1
3.181802629E2,-1.568457127E-2,8.896012366E-2,4.670300511E-1,4.756857976E-1
3.181902519E2,7.891402245E-3,7.363281727E-2,5.533740574E-1,5.583071855E-1
3.182002409E2,7.667658538E-2,1.209473169E-1,5.734463793E-1,5.910569365E-1
3.182102289E2,2.054793441E-1,2.249605125E-1,5.498194619E-1,6.285940135E-1
3.182202179E2,3.562860525E-1,3.140779263E-1,5.467246038E-1,7.242185356E-1
3.182302059E2,4.586810312E-1,2.948598826E-1,5.341396415E-1,7.633058334E-1
3.182401949E2,5.165307516E-1,1.639588505E-1,5.017413890E-1,7.385329671E-1
3.182501839E2,4.848935142E-1,-4.909790039E-2,4.340827451E-1,6.526562292E-1
3.182601719E2,3.941730863E-1,-2.599175066E-1,3.406950366E-1,5.822393324E-1
3.182701609E2,2.802278101E-1,-4.050687879E-1,2.820965803E-1,5.676150360E-1
3.182801489E2,1.671221942E-1,-4.898113149E-1,2.197003573E-1,5.622394499E-1
3.182901379E2,9.903779984E-2,-5.455522370E-1,1.799761283E-1,5.829469409E-1
3.183001269E2,5.574033737E-2,-5.334619492E-1,1.391398320E-1,5.541195984E-1
3.183101149E2,2.716119379E-2,-4.143231761E-1,6.084897660E-2,4.196474981E-1
3.183201039E2,2.464250565E-2,-2.627259243E-1,-7.282122374E-3,2.639795327E-1
3.183300919E2,2.487697899E-2,-1.404676616E-1,-7.329367876E-2,1.603807700E-1
3.183400809E2,8.922851086E-3,-1.717678070E-2,-1.269588393E-1,1.284258772E-1
3.183500689E2,-3.505201131E-2,3.442431271E-2,-2.271217896E-1,2.323746632E-1
3.183600579E2,-8.329943419E-2,4.785946012E-2,-3.392209536E-1,3.525623051E-1
3.183700469E2,-1.594336903E-1,1.263916594E-1,-4.600150734E-1,5.029988280E-1
3.183800349E2,-2.075951591E-1,2.420449072E-1,-5.261880130E-1,6.152684879E-1
3.183900239E2,-2.419487205E-1,3.809835219E-1,-5.092818122E-1,6.804818819E-1
3.184000119E2,-2.135198504E-1,5.169494122E-1,-4.528668523E-1,7.196636765E-1
3.184100009E2,-1.260957903E-1,5.852788049E-1,-3.074911109E-1,6.730543894E-1
3.184199899E2,-2.162417293E-2,5.953015172E-1,-1.237083721E-1,6.084038647E-1
3.184299779E2,1.067625564E-1,5.555889827E-1,4.077979758E-2,5.672216084E-1
3.184399669E2,1.805465242E-1,4.064405447E-1,2.182287593E-1,4.953935357E-1
3.184499549E2,2.157894471E-1,2.529470408E-1,3.862085208E-1,5.096119234E-1
3.184599439E2,2.422752875E-1,2.096133256E-1,5.330455544E-1,6.219104632E-1
3.184699329E2,2.456786594E-1,2.250517291E-1,6.775683331E-1,7.550530647E-1
3.184799209E2,1.950832871E-1,3.019624954E-1,8.470380382E-1,9.201696994E-1
3.184899099E2,1.940003827E-1,3.862857771E-1,9.604432509E-1,1.053235058E0
3.184998989E2,2.055024406E-1,4.056973636E-1,1.018550541E0,1.115467081E0
3.185098869E2,1.705893007E-1,3.652457410E-1,1.045431946E0,1.120461117E0
3.185198759E2,1.027019575E-1,2.317450368E-1,9.918795633E-1,1.023757062E0
3.185298639E2,-2.059535533E-2,6.926845551E-2,9.015167657E-1,9.044085175E-1
3.185398529E2,-1.370610738E-1,-6.063445687E-2,7.442499804E-1,7.591905615E-1
3.185498409E2,-2.048297185E-1,-1.532391500E-1,5.825879163E-1,6.362752006E-1
3.185598299E2,-2.410739771E-1,-1.713468075E-1,4.777849811E-1,5.619207052E-1
3.185698189E2,-2.072276616E-1,-2.140250498E-1,3.791573634E-1,4.821932516E-1
3.185798069E2,-1.214282504E-1,-2.623300678E-1,3.970283548E-1,4.911144459E-1
3.185897959E2,-8.130641073E-2,-3.175014710E-1,3.957091498E-1,5.138128529E-1
3.185997839E2,5.367743969E-4,-3.371773517E-1,4.022703105E-1,5.248907099E-1
3.186097729E2,9.235501707E-2,-3.085154700E-1,3.567087331E-1,4.805750354E-1
3.186197619E2,1.508666423E-1,-3.442904896E-1,2.979980832E-1,4.796869214E-1
3.186297499E2,2.271111184E-1,-3.481373727E-1,2.044046990E-1,4.632066185E-1
3.186397389E2,3.010225555E-1,-2.899359423E-1,1.032956692E-1,4.305199471E-1
3.186497269E2,3.506785727E-1,-2.061880267E-1,1.263700247E-2,4.069995792E-1
3.186597159E2,4.025156012E-1,-1.792580903E-1,-9.171884000E-2,4.500717918E-1
3.186697049E2,3.819927514E-1,-1.569193876E-1,-1.426667994E-1,4.369164359E-1
3.186796929E2,3.636699164E-1,-1.359004015E-1,-1.823634734E-1,4.289302550E-1
3.186896819E2,3.681319267E-1,-1.195556796E-1,-2.289857358E-1,4.497211838E-1
3.186996699E2,2.528400367E-1,-1.199269778E-1,-2.552028966E-1,3.787335245E-1
3.187096589E2,1.054700294E-1,-1.156754673E-1,-1.954730771E-1,2.504285620E-1
3.187196479E2,-2.724890202E-2,-1.721174705E-1,-1.273516991E-1,2.158364695E-1
3.187296359E2,-1.175670415E-1,-2.177263373E-1,-3.556744337E-2,2.499836199E-1
3.187396249E2,-1.327461210E-1,-3.060146159E-1,1.044780493E-2,3.337298824E-1
3.187496129E2,-3.063745120E-1,-4.402216637E-1,-3.342403684E-1,6.319628776E-1
3.187596019E2,-6.000412703E-3,-8.495706135E-1,6.054334994E-1,1.043242999E0
3.187695909E2,4.659345022E-1,-6.804860938E-1,3.708413802E-2,8.255492217E-1
3.187795789E2,1.032278853E0,-4.654623395E-1,-3.847109757E-2,1.133020232E0
3.187895679E2,1.288837719E0,-3.454774743E-1,-3.990373119E-1,1.392726868E0
3.187995559E2,1.363934679E0,-2.508958375E-1,-4.498994634E-1,1.457969841E0
3.188095449E2,1.331866502E0,-1.123238432E-1,-4.637216234E-1,1.414751840E0
3.188195339E2,1.163139540E0,4.893593252E-2,-4.793805400E-1,1.259005169E0
3.188295219E2,9.651300135E-1,2.810733175E-1,-4.997276811E-1,1.122588931E0
3.188395109E2,6.844847122E-1,3.600545830E-1,-5.328888490E-1,9.392173068E-1
3.188494989E2,2.888720414E-1,2.462753677E-1,-4.765637901E-1,6.092714166E-1
3.188594879E2,-2.008708611E-1,1.075285417E-1,-4.433856652E-1,4.985000885E-1
3.188694769E2,-6.940954882E-1,6.496139646E-2,-4.090115654E-1,8.082567602E-1
3.188794649E2,-1.178722954E0,1.118917340E-1,-3.578009930E-1,1.236903033E0
3.188894539E2,-1.493311342E0,2.357813698E-1,-2.521423908E-1,1.532692861E0
3.188994419E2,-1.571131643E0,3.423755264E-1,-1.937433976E-1,1.619633337E0
3.189094309E2,-1.473224695E0,3.957588512E-1,-1.516083616E-1,1.532971352E0
3.189194199E2,-1.176305130E0,4.142588568E-1,-1.665508481E-1,1.258190504E0
3.189294079E2,-7.868469465E-1,4.090864098E-1,-1.740605003E-1,9.037570833E-1
3.189393969E2,-4.934099838E-1,3.634278417E-1,-1.716871885E-1,6.364037232E-1
3.189493849E2,-3.111946642E-1,2.815171212E-1,-1.161585934E-1,4.354156950E-1
3.189593739E2,-1.946301278E-1,1.479754865E-1,-4.422490396E-2,2.484622173E-1
3.189693629E2,-1.742198369E-1,1.415903270E-2,7.545239769E-2,1.903840699E-1
3.189793509E2,-1.781626144E-1,-8.354618669E-2,2.071299400E-1,2.857003580E-1
3.189893399E2,-1.642231447E-1,-1.468791336E-1,3.186451864E-1,3.873983427E-1
3.189993279E2,-1.060524121E-1,-2.054489386E-1,4.322220149E-1,4.901757344E-1
3.190093169E2,3.198836267E-2,-2.717937863E-1,5.130329472E-1,5.814618840E-1
3.190193059E2,1.750659290E-1,-3.468743742E-1,4.904633526E-1,6.257189554E-1
3.190292939E2,3.102947778E-1,-3.870447457E-1,4.266743229E-1,6.543221394E-1
3.190392829E2,4.337751085E-1,-3.840930712E-1,3.820447916E-1,6.940076043E-1
3.190492709E2,4.849107635E-1,-3.109028882E-1,3.192287385E-1,6.585636203E-1
3.190592598E2,5.181399053E-1,-2.549251539E-1,2.602730173E-1,6.334017991E-1
3.190692488E2,5.188947809E-1,-1.839756238E-1,1.794941716E-1,5.790656106E-1
3.190792368E2,4.812580079E-1,-8.931563437E-2,1.145668352E-1,5.027047965E-1
3.190892258E2,3.794193918E-1,-1.807783663E-2,1.869413316E-2,3.803095497E-1
3.190992138E2,2.626636514E-1,-4.684262931E-2,-4.795835115E-2,2.710838046E-1
3.191092028E2,9.618552804E-2,-1.228412300E-1,-1.232242227E-1,1.988110476E-1
3.191191918E2,-1.292249277E-1,-1.592787391E-1,-2.466799220E-1,3.208111323E-1
3.191291798E2,-3.197277984E-1,-1.441081381E-1,-3.392618110E-1,4.879463054E-1
3.191391688E2,-4.306936258E-1,-9.491434336E-2,-4.285682360E-1,6.149605392E-1
3.191491568E2,-4.646092308E-1,-1.897187591E-2,-5.157793844E-1,6.944422530E-1
3.191591458E2,-4.171029425E-1,1.140148580E-2,-5.825831654E-1,7.165947272E-1
3.191691348E2,-4.179086888E-1,1.363161385E-2,-6.398963307E-1,7.643957137E-1
3.191791228E2,-3.905738327E-1,1.969517648E-2,-6.657617084E-1,7.721233523E-1
3.191891118E2,-3.699004170E-1,1.228967786E-2,-6.818607742E-1,7.758295367E-1
3.191990998E2,-3.971446413E-1,3.064057946E-2,-6.875577164E-1,7.946057667E-1
3.192090888E2,-4.058938301E-1,1.082079881E-1,-6.745464921E-1,7.946519615E-1
3.192190778E2,-3.636099824E-1,2.474974358E-1,-6.139769393E-1,7.552713963E-1
3.192290658E2,-2.929802951E-1,3.300226986E-1,-5.028296290E-1,6.690217266E-1
3.192390548E2,-2.015780818E-1,3.601890689E-1,-4.423557512E-1,6.050194204E-1
3.192490428E2,-1.384316611E-1,3.016420680E-1,-3.467800147E-1,4.800079589E-1
3.192590318E2,-8.849088460E-2,2.105787009E-1,-2.541673547E-1,3.417236751E-1
3.192690208E2,-1.310039431E-2,1.327651244E-1,-1.668684250E-1,2.136428559E-1
3.192790088E2,5.004778057E-2,7.961042583E-2,-1.023403803E-1,1.389825661E-1
3.192889978E2,1.308314502E-1,-1.664234519E-2,-6.940235674E-2,1.490319534E-1
3.192989858E2,1.991506103E-1,-1.307302934E-1,-4.785112783E-2,2.429837559E-1
3.193089748E2,3.030398449E-1,-2.225122833E-1,-7.646988630E-3,3.760363550E-1
3.193189638E2,3.854276982E-1,-2.723393315E-1,3.140473746E-2,4.729793648E-1
3.193289518E2,5.020884213E-1,-2.480347949E-1,5.722903848E-2,5.629291298E-1
3.193389408E2,6.976327613E-1,-1.870705551E-1,8.432152748E-2,7.271842835E-1
3.193489288E2,8.906835562E-1,-8.170080543E-2,9.457052708E-2,8.994085854E-1
3.193589178E2,1.050831776E0,-1.779366195E-2,1.101252902E-1,1.056736304E0
3.193689068E2,1.131485345E0,1.265103579E-2,1.141588457E-1,1.137300038E0
3.193788948E2,1.040684811E0,-1.294632018E-2,6.762882315E-2,1.042960277E0
3.193888838E2,8.410161370E-1,-5.265651584E-2,1.462622523E-2,8.427898776E-1
3.193988718E2,4.936049885E-1,-5.031061292E-2,-5.256646872E-3,4.961901599E-1
3.194088608E2,9.812738836E-2,-6.377850473E-2,-2.741547458E-2,1.202010410E-1
3.194188498E2,-2.793828875E-1,-5.376047015E-2,-2.722215101E-2,2.858076827E-1
3.194288378E2,-5.868636927E-1,-6.321600258E-2,1.272368744E-2,5.903957563E-1
3.194388268E2,-7.155699724E-1,-2.198845446E-2,9.340342283E-3,7.159686582E-1
3.194488148E2,-7.155728960E-1,6.642612398E-2,2.094823480E-2,7.189546773E-1
3.194588038E2,-6.618670973E-1,1.778021336E-1,5.985209942E-2,6.879418050E-1
3.194687928E2,-5.195055225E-1,2.782526207E-1,5.694895685E-2,5.920757490E-1
3.194787808E2,-3.826090479E-1,3.741791171E-1,6.145204380E-2,5.386799132E-1
3.194887698E2,-2.436569846E-1,4.008114302E-1,9.591538668E-2,4.787674698E-1
3.194987578E2,-2.115996248E-1,4.084514022E-1,1.618567765E-1,4.876520945E-1
3.195087468E2,-1.877049780E-1,4.152259862E-1,2.567594254E-1,5.230403244E-1
3.195187358E2,-8.412710756E-2,3.834563094E-1,3.367563522E-1,5.172242765E-1
3.195287238E2,1.796937078E-2,3.619449878E-1,3.704397496E-1,5.182206871E-1
3.195387128E2,1.139087310E-1,2.917345458E-1,3.641960927E-1,4.803363802E-1
3.195487008E2,1.614389929E-1,1.265144509E-1,3.432993134E-1,3.999035800E-1
3.195586898E2,1.811663291E-1,-2.003431499E-2,3.027401020E-1,3.533754122E-1
3.195686788E2,2.128529754E-1,-1.384860402E-1,2.670964987E-1,3.685448576E-1
3.195786668E2,2.382176122E-1,-2.045461285E-1,2.743345477E-1,4.169486701E-1
3.195886558E2,2.517916310E-1,-2.439768273E-1,3.510409538E-1,4.961385582E-1
3.195986438E2,2.898584667E-1,-2.705611932E-1,4.642225836E-1,6.105111769E-1
3.196086328E2,3.037511587E-1,-2.698145038E-1,5.443751925E-1,6.792709203E-1
3.196186218E2,3.230691898E-1,-2.427097356E-1,6.070772249E-1,7.292629664E-1
3.196286098E2,3.251738951E-1,-2.181508452E-1,6.982972974E-1,8.005916367E-1
3.196385988E2,3.298721328E-1,-1.964559209E-1,7.884509839E-1,8.769638002E-1
3.196485868E2,3.179952684E-1,-1.911676991E-1,8.323834540E-1,9.113332510E-1
3.196585758E2,2.535115895E-1,-1.977224278E-1,8.577245557E-1,9.159987434E-1
3.196685648E2,1.550778070E-1,-2.656448543E-1,7.994133438E-1,8.565500622E-1
3.196785528E2,5.083452344E-2,-3.190258402E-1,6.573394521E-1,7.324321065E-1
3.196885418E2,-1.161479223E-1,-3.059157979E-1,4.720866501E-1,5.744045791E-1
3.196985298E2,-2.281375971E-1,-2.363579053E-1,3.018736178E-1,4.461384356E-1
3.197085188E2,-2.945154816E-1,-1.136891681E-1,1.370518644E-1,3.441624753E-1
3.197185078E2,-3.152073160E-1,2.006062746E-2,3.038622558E-2,3.173033305E-1
3.197284958E2,-2.901473191E-1,1.015602887E-1,-8.614702821E-2,3.192511073E-1
3.197384848E2,-2.707231611E-1,1.572193497E-1,-1.845316941E-1,3.634018437E-1
3.197484728E2,-2.459493855E-1,2.027890402E-1,-2.376637347E-1,3.976160784E-1
3.197584618E2,-2.015780818E-1,2.253657246E-1,-2.877362929E-1,4.173914315E-1
3.197684508E2,-1.988407078E-1,2.056348801E-1,-2.890956974E-1,4.066935619E-1
3.197784388E2,-2.032688043E-1,2.113090181E-1,-2.591396807E-1,3.913094454E-1
3.197884278E2,-1.890960306E-1,2.329735368E-1,-2.393160117E-1,3.838048086E-1
3.197984158E2,-1.341719645E-1,2.873391938E-1,-1.751749796E-1,3.622874575E-1
3.198084048E2,-7.402078003E-2,3.284492129E-1,-1.088354675E-1,3.538405295E-1
3.198183938E2,-5.457177132E-2,2.900277436E-1,-7.538413145E-2,3.045930688E-1
3.198283818E2,-3.080810219E-2,2.087379974E-1,-6.572160758E-2,2.209977838E-1
3.198383708E2,-3.926843852E-2,1.226529497E-1,-7.688854694E-2,1.499920164E-1
3.198483588E2,-4.140208751E-2,3.254384816E-2,-8.110716686E-2,9.670370944E-2
3.198583478E2,-4.644501865E-2,-7.892922521E-2,-1.256970102E-1,1.555207405E-1
3.198683368E2,-1.157839331E-1,-2.079614872E-1,-1.657122843E-1,2.900249308E-1
3.198783248E2,-1.913568565E-1,-2.579458255E-1,-1.787809575E-1,3.675814551E-1
3.198883138E2,-3.317607835E-1,-1.922798395E-1,-1.499892676E-1,4.117445015E-1
3.198983018E2,-4.436878932E-1,-6.369196594E-2,-6.767903611E-2,4.533167380E-1
3.199082908E2,-4.232489508E-1,4.279577136E-3,2.610562518E-2,4.240748670E-1
3.199182798E2,-2.087812668E-1,2.594643474E-2,1.377299953E-1,2.514605067E-1
3.199282678E2,1.094280097E-1,1.514253438E-2,2.137626560E-1,2.406205701E-1
3.199382568E2,4.151356468E-1,-6.193253875E-2,3.124119814E-1,5.232346421E-1
3.199482448E2,7.451197538E-1,-1.121531045E-1,3.995640729E-1,8.528969543E-1
3.199582338E2,1.007765571E0,-1.638617867E-1,4.267174461E-1,1.106584796E0
3.199682228E2,1.103999339E0,-1.709041733E-1,4.322413107E-1,1.197854468E0
3.199782108E2,1.068620176E0,-1.187072486E-1,4.100645759E-1,1.150736046E0
3.199881998E2,8.771104145E-1,-3.441437244E-2,3.671799999E-1,9.514873518E-1
3.199981878E2,6.193803513E-1,6.953684270E-2,2.760592570E-1,6.816715525E-1
3.200081768E2,3.606615239E-1,1.180734104E-1,2.240717357E-1,4.407110253E-1
3.200181658E2,1.105006814E-1,1.247825056E-1,1.555944085E-1,2.280146799E-1
3.200281538E2,-1.442005241E-1,5.033049345E-2,8.898921356E-2,1.767654657E-1
3.200381428E2,-3.877043116E-1,-5.093568027E-2,1.069514215E-2,3.911821351E-1
3.200481308E2,-5.886570337E-1,-1.149638611E-1,-7.436671592E-2,6.043709136E-1
3.200581195E2,-7.058288035E-1,-1.246538669E-1,-1.518043164E-1,7.326509652E-1
3.200681085E2,-6.805977756E-1,-6.125893950E-2,-1.967313979E-1,7.111042348E-1
3.200780965E2,-5.958184111E-1,2.095700562E-2,-2.141874562E-1,6.334943106E-1
3.200880855E2,-4.338350424E-1,1.215144968E-1,-1.995933907E-1,4.927637756E-1
3.200980735E2,-2.253230399E-1,2.564992243E-1,-1.572901011E-1,3.759022483E-1
3.201080625E2,-7.040778548E-2,3.395407963E-1,-8.299369790E-2,3.565573761E-1
3.201180515E2,1.853947431E-2,3.741147977E-1,-1.337499417E-2,3.748125991E-1
3.201280395E2,4.475926638E-2,3.497126126E-1,1.869866475E-2,3.530608211E-1
3.201380285E2,-2.990558445E-3,3.116343749E-1,5.309871152E-2,3.161398428E-1
3.201480165E2,-5.440190971E-2,2.339196163E-1,7.643129468E-2,2.520311439E-1
3.201580055E2,-1.151264137E-1,1.102094901E-1,8.576593593E-2,1.809862387E-1
3.201679945E2,-1.698727244E-1,5.596370101E-3,1.052557290E-1,1.999170586E-1
3.201779825E2,-2.049414003E-1,-6.241551876E-2,1.391093534E-1,2.554370505E-1
3.201879715E2,-1.740154767E-1,-6.676350832E-2,1.358489460E-1,2.306375691E-1
3.201979595E2,-1.317272437E-1,-7.217686057E-2,1.218553164E-1,1.934173830E-1
3.202079485E2,-1.270386538E-1,-8.060796082E-2,7.824385844E-2,1.695835024E-1
3.202179375E2,-1.650914562E-1,-1.322920847E-1,4.262152433E-2,2.158077360E-1
3.202279255E2,-2.999747345E-1,-1.204959118E-1,3.163460612E-2,3.248151080E-1
3.202379145E2,-4.211647108E-1,-9.401270270E-2,2.785642773E-2,4.324281241E-1
3.202479025E2,-5.270507696E-1,-3.309991837E-2,2.631130099E-2,5.287441753E-1
3.202578915E2,-5.563871276E-1,8.328189254E-3,1.786207438E-2,5.567360669E-1
3.202678805E2,-5.629827869E-1,2.659138262E-2,-6.911481991E-3,5.636528085E-1
3.202778685E2,-4.837670481E-1,5.214956224E-2,-7.695520520E-3,4.866306142E-1
3.202878575E2,-3.660722449E-1,9.096571863E-2,-1.052506126E-2,3.773518615E-1
3.202978455E2,-2.069455335E-1,1.486859232E-1,-4.555331826E-2,2.588610870E-1
3.203078345E2,-4.200201184E-2,2.090122318E-1,-9.208429098E-2,2.322279025E-1
3.203178235E2,7.910201043E-2,2.222398031E-1,-9.891149998E-2,2.557951191E-1
3.203278115E2,1.720607525E-1,2.018476385E-1,-1.225418526E-1,2.921709728E-1
3.203378005E2,2.401512864E-1,1.315091425E-1,-8.988047540E-2,2.881766729E-1
3.203477885E2,2.579788622E-1,1.147960460E-1,-4.759048820E-2,2.863495767E-1
3.203577775E2,3.131400329E-1,8.197328568E-2,-1.626110673E-3,3.236957584E-1
3.203677665E2,3.734429526E-1,5.566023052E-2,2.855195403E-2,3.786461596E-1
3.203777545E2,4.258755201E-1,2.262697041E-2,4.539719760E-2,4.288855838E-1
3.203877435E2,5.448879933E-1,-9.875947237E-4,5.840016268E-2,5.480095616E-1
3.203977315E2,6.366395777E-1,1.586583495E-2,6.240265489E-2,6.398873088E-1
3.204077205E2,6.639139152E-1,8.350408673E-3,4.811907649E-2,6.657077899E-1
3.204177095E2,6.157349047E-1,-1.247620404E-2,5.430718482E-2,6.182510808E-1
3.204276975E2,5.131738651E-1,-3.901730061E-2,2.890154444E-2,5.154658716E-1
3.204376865E2,3.661383185E-1,-7.266217947E-2,3.908213161E-2,3.753191623E-1
3.204476745E2,1.821080232E-1,-1.538379049E-1,3.215208471E-2,2.405476868E-1
3.204576635E2,1.302262634E-2,-2.006711787E-1,4.447860003E-2,2.059535302E-1
3.204676525E2,-3.895356596E-2,-2.394703782E-1,6.486023962E-2,2.511379959E-1
3.204776405E2,2.052460402E-2,-2.314380580E-1,2.044296227E-2,2.332439684E-1
3.204876295E2,9.167060047E-2,-1.922318923E-1,-1.759120211E-2,2.136961624E-1
3.204976175E2,1.863846767E-1,-1.341965228E-1,-5.557369173E-2,2.362972485E-1
3.205076065E2,2.873447487E-1,-7.590212166E-2,-6.582897708E-2,3.044036644E-1
3.205175955E2,3.633670306E-1,-5.392945468E-2,-6.382469773E-2,3.728506096E-1
3.205275835E2,4.314110792E-1,-1.068438327E-1,-2.081901133E-2,4.449320791E-1
3.205375725E2,4.527884996E-1,-1.869547802E-1,4.206837773E-2,4.916698726E-1
3.205475605E2,4.101666829E-1,-1.905975956E-1,1.852105558E-2,4.526667435E-1
3.205575495E2,3.187460509E-1,-1.390847951E-1,-4.292609118E-2,3.504087249E-1
3.205675385E2,9.580048889E-2,-1.234002239E-1,-1.048190150E-1,1.881286125E-1
3.205775265E2,-2.401945558E-1,-1.859490591E-1,-1.229949387E-1,3.277166950E-1
3.205875155E2,-6.055739057E-1,-2.395042920E-1,-9.525640547E-2,6.581457619E-1
3.205975035E2,-9.070417267E-1,-2.344604838E-1,-5.517081857E-2,9.384776138E-1
3.206074925E2,-1.086732511E0,-1.315839869E-1,-8.575292587E-2,1.098023433E0
3.206174815E2,-1.210435913E0,1.146697462E-2,-1.377235633E-1,1.218299787E0
3.206274695E2,-1.269246916E0,1.346274626E-1,-2.219293159E-1,1.295517236E0
3.206374585E2,-1.294248440E0,1.985574102E-1,-3.197011936E-1,1.347854934E0
3.206474465E2,-1.319524492E0,2.141092497E-1,-4.349575616E-1,1.405765178E0
3.206574355E2,-1.357145477E0,2.113125265E-1,-5.210133002E-1,1.468996831E0
3.206674245E2,-1.391194983E0,1.777249503E-1,-6.231261507E-1,1.534697312E0
3.206774125E2,-1.354561300E0,7.828369260E-2,-7.003256965E-1,1.526899058E0
3.206874015E2,-1.204802413E0,2.259948850E-3,-7.261844230E-1,1.406733016E0
3.206973895E2,-9.761183935E-1,-4.537439346E-4,-7.147753358E-1,1.209839289E0
3.207073785E2,-6.982771245E-1,-1.497588873E-2,-7.186467773E-1,1.002131933E0
3.207173675E2,-3.610448089E-1,-6.486316323E-3,-6.948677592E-1,7.830942658E-1
3.207273555E2,-7.370970815E-2,-2.770352304E-2,-6.635291684E-1,6.681852764E-1
3.207373445E2,1.407983217E-1,-4.470839560E-2,-6.347486613E-1,6.517122609E-1
3.207473325E2,2.485554895E-1,-8.149966121E-2,-5.575648300E-1,6.158738229E-1
3.207573215E2,3.136923024E-1,-9.984471560E-2,-4.148628742E-1,5.296064880E-1
3.207673105E2,4.263111377E-1,-8.138154745E-2,-3.009632794E-1,5.281505826E-1
3.207772985E2,5.468810168E-1,-5.679400563E-2,-1.333282113E-1,5.657568537E-1
3.207872875E2,5.946112534E-1,1.763695657E-2,4.967787109E-2,5.969434612E-1
3.207972755E2,6.676321596E-1,7.408948481E-2,2.563571370E-1,7.189860457E-1
3.208072645E2,7.342667368E-1,5.660280168E-2,4.373617905E-1,8.565260380E-1
3.208172535E2,7.881131610E-1,1.659205914E-2,5.005738463E-1,9.337943171E-1
3.208272415E2,8.161300948E-1,3.358640671E-2,4.497608113E-1,9.324597395E-1
3.208372305E2,8.200526994E-1,3.755432725E-2,4.191716874E-1,9.217383907E-1
3.208472185E2,8.096879250E-1,1.779775500E-2,6.433926733E-1,1.034342993E0
3.208572075E2,6.168198556E-1,-1.925429642E-2,2.968789262E-1,6.848171719E-1
3.208671965E2,5.080134049E-1,-1.196258461E-1,1.981523444E-1,5.582582863E-1
3.208771845E2,2.807879734E-1,-3.464358330E-2,-7.221252859E-2,2.919875223E-1
3.208871735E2,3.206218377E-1,-4.629240632E-2,2.399564280E-1,4.031382356E-1
3.208971615E2,3.382137707E-1,-1.837826657E-1,2.288149971E-1,4.477956295E-1
3.209071505E2,5.038595429E-1,-2.248336279E-1,1.077250081E-1,5.621648127E-1
3.209171395E2,6.708890587E-1,-1.972949964E-1,1.173242359E-1,7.090715204E-1
3.209271275E2,8.253923768E-1,-1.173974723E-1,1.193122892E-1,8.421936621E-1
3.209371165E2,9.126787350E-1,4.188945293E-3,1.727125709E-1,9.288862431E-1
3.209471045E2,9.060757667E-1,1.090996885E-1,1.889362554E-1,9.319726099E-1
3.209570935E2,8.252999908E-1,1.137382847E-1,1.995970452E-1,8.566769827E-1
3.209670825E2,6.539859277E-1,2.434956014E-2,2.066568272E-1,6.862926045E-1
3.209770705E2,4.489489254E-1,1.089804053E-2,2.345885378E-1,5.066613139E-1
3.209870595E2,2.990684161E-1,2.193524480E-2,3.551889686E-1,4.648465079E-1
3.209970475E2,2.482245371E-1,3.196672797E-2,5.103549224E-1,5.684183665E-1
3.210070365E2,2.742192113E-1,8.405372500E-3,6.438228822E-1,6.998390742E-1
3.210170255E2,3.815267283E-1,-3.441437244E-2,7.213311609E-1,8.167408629E-1
3.210270135E2,5.620662358E-1,-6.585368156E-2,7.753944437E-1,9.599435943E-1
3.210370025E2,7.240700698E-1,-6.250088811E-2,8.005155440E-1,1.081207179E0
3.210469905E2,8.641766658E-1,-5.021471858E-2,7.945062143E-1,1.174973596E0
3.210569795E2,9.294470876E-1,-1.773109674E-2,7.815499538E-1,1.214498502E0
3.210669686E2,9.303843963E-1,2.133064270E-3,7.166008365E-1,1.174366397E0
3.210769566E2,8.374200994E-1,-4.909497678E-2,6.859058779E-1,1.083581844E0
3.210869456E2,6.707472637E-1,-1.228722203E-1,6.244813892E-1,9.246493820E-1
3.210969336E2,4.830171427E-1,-1.958559966E-1,5.231762584E-1,7.384974806E-1
3.211069226E2,2.988003212E-1,-2.591041589E-1,4.011646020E-1,5.633379404E-1
3.211169116E2,1.651183534E-1,-2.331933922E-1,2.720381268E-1,3.945224597E-1
3.211268996E2,5.865254313E-2,-1.929440832E-1,1.007783698E-1,2.254413890E-1
3.211368886E2,-1.629326642E-2,-1.348174971E-1,-7.823691487E-2,1.567234600E-1
3.211468776E2,-6.995199502E-2,-1.360302097E-1,-2.512174344E-1,2.941219116E-1
3.211568656E2,-1.261642027E-1,-2.097554129E-1,-3.971302425E-1,4.665052720E-1
3.211668546E2,-2.233232921E-1,-2.762113577E-1,-4.890687186E-1,6.044453808E-1
3.211768426E2,-3.394791082E-1,-2.372794265E-1,-5.504698916E-1,6.888865601E-1
3.211868316E2,-4.219175398E-1,-7.812114000E-2,-6.412471837E-1,7.715667654E-1
3.211968206E2,-5.422441748E-1,4.269461453E-2,-7.324941534E-1,9.123591727E-1
3.212068086E2,-7.074239239E-1,6.104843974E-2,-7.930485034E-1,1.064472381E0
3.212167976E2,-8.832312799E-1,4.608833849E-2,-7.974958956E-1,1.190890982E0
3.212267856E2,-9.996244928E-1,7.038468897E-2,-7.022418290E-1,1.223661194E0
3.212367746E2,-1.096609335E0,9.788297474E-2,-6.105264974E-1,1.258918470E0
3.212467636E2,-1.149407061E0,1.262834859E-1,-5.229400308E-1,1.269074619E0
3.212567516E2,-1.105747656E0,2.073539615E-1,-4.102049822E-1,1.197473036E0
3.212667406E2,-1.009636388E0,2.884133273E-1,-3.340923607E-1,1.101891823E0
3.212767286E2,-9.496003935E-1,3.164489722E-1,-2.415531564E-1,1.029674117E0
3.212867176E2,-8.466686404E-1,2.666306949E-1,-1.576847881E-1,9.015565464E-1
3.212967066E2,-7.261081168E-1,2.196465629E-1,-5.425989546E-2,7.605404303E-1
3.213066946E2,-5.639227268E-1,1.954355818E-1,2.844436526E-2,5.975056404E-1
3.213166836E2,-4.405727890E-1,1.284276599E-1,9.312911533E-2,4.682638982E-1
3.213266716E2,-3.457596025E-1,1.224126291E-1,1.679044054E-1,4.033936587E-1
3.213366606E2,-2.620979333E-1,1.286317277E-1,2.478593785E-1,3.829826621E-1
3.213466496E2,-1.116291940E-1,1.474884135E-1,3.504255344E-1,3.962473523E-1
3.213566376E2,6.482164800E-2,1.410161304E-1,4.856954598E-1,5.098896692E-1
3.213666266E2,2.867354688E-1,6.325225532E-2,5.915982563E-1,6.604593657E-1
3.213766146E2,4.848452747E-1,-6.538707376E-2,6.383808055E-1,8.042887930E-1
3.213866036E2,6.239543357E-1,-1.424539608E-1,6.807334310E-1,9.343501207E-1
3.213965926E2,7.394622803E-1,-1.509160513E-1,6.970787376E-1,1.027374754E0
3.214065806E2,7.577567562E-1,-8.054481089E-2,6.808854586E-1,1.021903995E0
3.214165696E2,8.241410726E-1,-2.802161157E-2,6.419225371E-1,1.045015915E0
3.214265576E2,8.923558599E-1,8.405547917E-2,6.018153155E-1,1.079604547E0
3.214365466E2,9.233776778E-1,1.440596062E-1,5.016191091E-1,1.060660755E0
3.214465356E2,7.867343876E-1,1.758567649E-1,4.706855111E-1,9.334995708E-1
3.214565236E2,6.132667950E-1,2.150658542E-1,3.926246705E-1,7.592783517E-1
3.214665126E2,4.166217166E-1,1.581619209E-1,3.253472650E-1,5.517605376E-1
3.214765006E2,1.735246029E-1,4.625089109E-2,2.730765923E-1,3.268344505E-1
3.214864896E2,-4.685637027E-2,-4.792085588E-2,2.333161106E-1,2.427515918E-1
3.214964786E2,-1.677615872E-1,-1.173214585E-1,1.656084962E-1,2.633143535E-1
3.215064666E2,-2.530376726E-1,-1.373546040E-1,1.263817191E-1,3.144307395E-1
3.215164556E2,-3.133315292E-1,-1.498091733E-1,7.615347885E-2,3.555541983E-1
3.215264436E2,-3.544286844E-1,-1.414236814E-1,6.743235670E-2,3.875144807E-1
3.215364326E2,-3.866877732E-1,-1.507540834E-1,5.998146906E-2,4.193471166E-1
3.215464216E2,-3.333176047E-1,-2.038409543E-1,4.829624712E-2,3.936804386E-1
3.215564096E2,-2.162458223E-1,-2.549631608E-1,3.200941265E-2,3.358467977E-1
3.215663986E2,-3.181557745E-2,-2.809247983E-1,-5.795862481E-2,2.886003732E-1
3.215763866E2,1.750986734E-1,-2.550649023E-1,-1.640886587E-1,3.502038517E-1
3.215863756E2,2.591176075E-1,-1.955607122E-1,-2.593485725E-1,4.155088552E-1
3.215963646E2,2.781424007E-1,-1.206391686E-1,-3.750591961E-1,4.822721272E-1
3.216063526E2,1.359913257E-1,-6.726227582E-2,-4.876064030E-1,5.106641349E-1
3.216163416E2,-9.691350639E-2,-2.819878221E-2,-5.717495173E-1,5.805901391E-1
3.216263296E2,-3.646057633E-1,1.051329374E-3,-6.181857651E-1,7.176991766E-1
3.216363186E2,-6.673991480E-1,2.712114036E-2,-5.828744298E-1,8.865098871E-1
3.216463076E2,-8.695277452E-1,1.222652793E-3,-5.374801558E-1,1.022235253E0
3.216562956E2,-9.092288777E-1,-7.942857742E-3,-4.935960715E-1,1.034600079E0
3.216662846E2,-7.749750522E-1,6.813409567E-2,-4.746505080E-1,9.113296282E-1
3.216762726E2,-5.195642871E-1,2.367175090E-1,-4.690899521E-1,7.389368110E-1
3.216862616E2,-2.729866183E-1,3.961868674E-1,-4.097810590E-1,6.319859523E-1
3.216962506E2,-8.972406238E-2,5.480723870E-1,-3.454213411E-1,6.540257270E-1
3.217062386E2,8.379586279E-2,6.489105445E-1,-2.681083594E-1,7.070988147E-1
3.217162276E2,1.597260511E-1,7.066868824E-1,-1.997403020E-1,7.515417150E-1
3.217262156E2,1.183470601E-1,6.680280161E-1,-1.270974183E-1,6.902327221E-1
3.217362046E2,-2.852564156E-3,5.524607223E-1,-3.277174339E-2,5.534392234E-1
3.217461936E2,-1.389862695E-1,3.787089550E-1,1.227959141E-2,4.035944055E-1
3.217561816E2,-2.457640287E-1,2.163662750E-1,1.373467103E-2,3.277239142E-1
3.217661706E2,-2.986480013E-1,7.265223920E-2,4.933639370E-2,3.112925573E-1
3.217761586E2,-2.864819920E-1,-7.170615971E-2,8.903964579E-2,3.084505854E-1
3.217861476E2,-2.050940126E-1,-2.203885746E-1,1.029450555E-1,3.181703353E-1
3.217961366E2,-4.637075901E-2,-3.959921551E-1,8.624993920E-2,4.079204410E-1
3.218061246E2,1.224158451E-1,-5.788959843E-1,8.574722484E-2,5.978785716E-1
3.218161136E2,2.140288505E-1,-7.406679761E-1,5.482575975E-2,7.729186656E-1
3.218261016E2,2.714830068E-1,-8.485251313E-1,3.588611662E-2,8.916197255E-1
3.218360906E2,2.702314103E-1,-9.020856267E-1,9.256727099E-3,9.417373201E-1
3.218460796E2,2.058866027E-1,-8.532151830E-1,2.250059746E-2,8.779930060E-1
3.218560676E2,1.186090153E-1,-6.681303424E-1,4.767695390E-2,6.802494725E-1
3.218660566E2,4.162106574E-2,-4.777549410E-1,7.731239699E-2,4.857564240E-1
3.218760446E2,-5.296817243E-2,-2.989593655E-1,4.915264495E-2,3.075683859E-1
3.218860336E2,-9.237782121E-2,-1.195568490E-1,2.618500113E-2,1.533400022E-1
3.218960226E2,-1.175290346E-1,8.458231330E-2,4.559307933E-2,1.518089937E-1
3.219060106E2,-3.802415103E-2,2.584288055E-1,9.869456828E-2,2.792344917E-1
3.219159996E2,3.076921821E-2,3.949975437E-1,1.448115581E-1,4.218295766E-1
3.219259876E2,9.923192739E-2,5.064846504E-1,1.917524207E-1,5.505839330E-1
3.219359766E2,9.906265050E-2,5.541651857E-1,2.471266492E-1,6.148040684E-1
3.219459656E2,1.161707264E-1,5.823762470E-1,2.766966766E-1,6.551479082E-1
3.219559536E2,1.524398357E-1,6.268975317E-1,2.664617103E-1,6.980259751E-1
3.219659426E2,2.058272535E-1,6.778647870E-1,2.261608728E-1,7.436492911E-1
3.219759306E2,2.702910519E-1,6.798697972E-1,2.076165015E-1,7.605161442E-1
3.219859196E2,2.954355410E-1,5.776867801E-1,1.591389176E-1,6.680788650E-1
3.219959086E2,3.028284681E-1,4.031164026E-1,1.044359493E-1,5.148929818E-1
3.220058966E2,3.461054653E-1,2.667961711E-1,5.413936973E-2,4.403410739E-1
3.220158856E2,3.318721730E-1,7.254289627E-2,2.818533361E-2,3.408753790E-1
3.220258746E2,3.047638965E-1,-9.273859441E-2,2.413218990E-2,3.194743215E-1
3.220358626E2,2.822576711E-1,-1.927400154E-1,-3.560647354E-2,3.436363301E-1
3.220458516E2,2.750477618E-1,-2.828736752E-1,-8.987506673E-2,4.046557982E-1
3.220558396E2,2.898350778E-1,-3.795568013E-1,-1.159714095E-1,4.914438987E-1
3.220658287E2,2.365289363E-1,-5.042247015E-1,-1.413243518E-1,5.745964321E-1
3.220758177E2,1.321912202E-1,-7.054162824E-1,-1.266355614E-1,7.287820083E-1
3.220858057E2,3.099316657E-2,-8.654422957E-1,-1.147709030E-1,8.735692896E-1
3.220957947E2,-4.847429484E-2,-8.878342080E-1,-1.338388194E-1,8.991730466E-1
3.221057827E2,-5.211623311E-2,-7.140040880E-1,-1.752398837E-1,7.370393180E-1
3.221157717E2,-1.620994359E-2,-4.409326851E-1,-1.954730771E-1,4.825910473E-1
3.221257607E2,-2.440627813E-2,-1.999554795E-1,-1.696593010E-1,2.633669277E-1
3.221357487E2,-1.237077874E-1,1.062439084E-3,-1.548178983E-1,1.981749910E-1
3.221457377E2,-2.205353397E-1,1.965143931E-1,-1.067596328E-1,3.140881436E-1
3.221557257E2,-2.568673065E-1,3.973428619E-1,-5.092062369E-2,4.758729589E-1
3.221657147E2,-2.414999467E-1,5.093790221E-1,4.254492581E-2,5.653311270E-1
3.221757037E2,-1.942912817E-1,5.408037132E-1,8.750650585E-2,5.812702873E-1
3.221856917E2,-1.113435575E-1,4.905749613E-1,1.217529901E-1,5.175760534E-1
3.221956807E2,-4.829303116E-2,4.242032164E-1,1.503055289E-1,4.526282555E-1
3.222056687E2,2.881244749E-2,3.491103494E-1,1.518669547E-1,3.818006877E-1
3.222156577E2,1.038494736E-1,3.078605819E-1,1.640459740E-1,3.639696864E-1
3.222256467E2,1.596123227E-1,2.544684863E-1,1.596727683E-1,3.401847984E-1
3.222356347E2,2.055655906E-1,1.595547277E-1,2.195535191E-1,3.404683112E-1
3.222456237E2,2.140481463E-1,2.728661656E-2,3.121570428E-1,3.794775195E-1
3.222556117E2,1.952230355E-1,-1.420516723E-1,3.935855873E-1,4.617362080E-1
3.222656007E2,1.785058460E-1,-2.943301249E-1,4.677497703E-1,5.807619194E-1
3.222755897E2,1.575883090E-1,-4.119690871E-1,5.343741149E-1,6.928984764E-1
3.222855777E2,1.515226999E-1,-4.381757230E-1,5.687822016E-1,7.338053458E-1
3.222955667E2,1.350461233E-1,-4.534363711E-1,6.036174273E-1,7.669393696E-1
3.223055547E2,8.117514074E-2,-4.465898663E-1,6.046208096E-1,7.560411599E-1
3.223155437E2,-4.364683360E-2,-3.727295923E-1,6.027140325E-1,7.099976057E-1
3.223255327E2,-1.994739613E-1,-2.819082999E-1,5.203144117E-1,6.244911832E-1
3.223355207E2,-3.241161337E-1,-1.691026461E-1,4.018983545E-1,5.432948191E-1
3.223455097E2,-4.566178411E-1,-7.981683254E-2,2.967730916E-1,5.504042582E-1
3.223554977E2,-5.224361470E-1,1.093838632E-2,1.483397681E-1,5.431978119E-1
3.223654867E2,-5.344279093E-1,1.041798413E-1,1.818250179E-2,5.447909993E-1
3.223754757E2,-5.177238759E-1,1.916138417E-1,-1.163982562E-1,5.641829757E-1
3.223854637E2,-4.953638309E-1,2.491247159E-1,-2.042853427E-1,5.909153495E-1
3.223954527E2,-4.838626501E-1,2.860095370E-1,-2.672936229E-1,6.223908742E-1
3.224054407E2,-4.548452577E-1,3.144001079E-1,-3.172838084E-1,6.374956089E-1
3.224154297E2,-4.395220444E-1,3.500423956E-1,-3.239379399E-1,6.485715805E-1
3.224254187E2,-4.342873245E-1,3.567023742E-1,-2.771434039E-1,6.266183291E-1
3.224354067E2,-3.978182405E-1,3.587582552E-1,-2.023773962E-1,5.726460064E-1
3.224453957E2,-3.363906088E-1,3.338374221E-1,-1.107984509E-1,4.867056224E-1
3.224553837E2,-2.600025836E-1,2.923145896E-1,-2.284689881E-2,3.918815428E-1
3.224653727E2,-1.863194802E-1,2.714610797E-1,3.915288292E-2,3.315705276E-1
3.224753617E2,-1.134751600E-1,2.445440072E-1,9.442471214E-2,2.856473519E-1
3.224853497E2,-4.011979312E-2,1.943099928E-1,1.332266159E-1,2.389880798E-1
3.224953387E2,4.980599821E-2,1.373610359E-1,1.563358355E-1,2.139850114E-1
3.225053277E2,1.398978505E-1,9.172819555E-2,1.876470175E-1,2.513898836E-1
3.225153157E2,2.564764202E-1,7.213300645E-2,2.302154052E-1,3.521114277E-1
3.225253047E2,3.954720452E-1,4.751096606E-2,2.502754480E-1,4.704181441E-1
3.225352927E2,5.154770833E-1,1.240779161E-2,2.766050215E-1,5.851332452E-1
3.225452817E2,6.121888608E-1,-7.507240176E-3,3.165612388E-1,6.892333261E-1
3.225552707E2,6.841943979E-1,2.473956943E-3,3.577852786E-1,7.720999936E-1
3.225652587E2,7.593971926E-1,1.737441659E-2,3.609907222E-1,8.410114553E-1
3.225752477E2,8.182982424E-1,1.502149701E-2,3.613946186E-1,8.946752088E-1
3.225852357E2,9.483692622E-1,7.310598314E-2,4.186787671E-1,1.039250043E0
3.225952247E2,1.032970871E0,1.507552528E-1,4.463051069E-1,1.135316791E0
3.226052137E2,1.099630299E0,1.549979925E-1,4.729637325E-1,1.207023556E0
3.226152017E2,1.074833135E0,1.313541913E-1,4.728837718E-1,1.181583367E0
3.226251907E2,9.184876513E-1,4.711101651E-2,4.611868554E-1,1.028850003E0
3.226351787E2,7.005747879E-1,-1.103954315E-1,3.750674553E-1,8.022890880E-1
3.226451677E2,3.171138006E-1,-2.136455655E-1,3.345233005E-1,5.080466798E-1
3.226551567E2,-1.898596770E-1,-2.730947918E-1,2.744325616E-1,4.312084103E-1
3.226651447E2,-6.884309980E-1,-3.185311657E-1,2.784947685E-1,8.080585862E-1
3.226751337E2,-1.007906781E0,-4.113469434E-1,3.262793112E-1,1.136459668E0
3.226851217E2,-1.082010007E0,-4.730531949E-1,3.210308504E-1,1.223758876E0
3.226951107E2,-8.676864570E-1,-4.321396422E-1,1.952262515E-1,9.888062234E-1
3.227050997E2,-5.204130104E-1,-2.889799225E-1,1.727157868E-2,5.955144032E-1
3.227150877E2,-2.043473232E-1,-8.762695849E-2,-1.413505912E-1,2.634697363E-1
3.227250767E2,3.722395957E-2,1.060474420E-1,-2.657389945E-1,2.885288483E-1
3.227350647E2,1.640942135E-1,2.082310438E-1,-3.345039316E-1,4.268254430E-1
3.227450537E2,1.796141857E-1,2.435885721E-1,-3.446219536E-1,4.586512172E-1
3.227550427E2,1.557031667E-1,1.928692389E-1,-2.945482991E-1,3.849684661E-1
3.227650307E2,1.746139392E-1,8.978224218E-2,-2.154372255E-1,2.914859806E-1
3.227750197E2,2.168244043E-1,-2.242231786E-2,-1.331019972E-1,2.554050201E-1
3.227850077E2,2.878531641E-1,-1.167262119E-1,-8.462097801E-2,3.219396877E-1
3.227949967E2,3.423515528E-1,-1.881405956E-1,-4.306415856E-2,3.930088945E-1
3.228049857E2,3.158256590E-1,-2.062225252E-1,-1.546720102E-2,3.775086901E-1
3.228149737E2,1.404521665E-1,-2.173907071E-1,-4.346893206E-3,2.588521317E-1
3.228249627E2,-1.419183558E-1,-1.971201646E-1,-6.378669083E-2,2.511292913E-1
3.228349507E2,-4.764197293E-1,-1.803819251E-1,-1.230148192E-1,5.240668308E-1
3.228449397E2,-8.620114419E-1,-1.668175542E-1,-2.316381059E-1,9.080462733E-1
3.228549287E2,-1.213384956E0,-9.763973057E-2,-3.353986287E-1,1.262667339E0
3.228649167E2,-1.436964356E0,-2.322689474E-2,-4.844540960E-1,1.516608658E0
3.228749057E2,-1.537374790E0,4.940663338E-2,-6.090675440E-1,1.654365599E0
3.228848937E2,-1.589714971E0,5.439255416E-2,-7.392534616E-1,1.754037605E0
3.228948827E2,-1.558205788E0,4.280278802E-2,-8.461932617E-1,1.773662987E0
3.229048717E2,-1.470997198E0,5.562631667E-2,-9.751139881E-1,1.765722043E0
3.229148597E2,-1.328419861E0,7.809950531E-2,-1.080629260E0,1.714222406E0
3.229248487E2,-1.154150323E0,1.259361613E-1,-1.104661828E0,1.602560651E0
3.229348367E2,-9.467036828E-1,1.683349067E-1,-1.088659680E0,1.452502807E0
3.229448257E2,-7.358811530E-1,2.034983075E-1,-1.017637718E0,1.272210343E0
3.229548147E2,-5.074435937E-1,2.479745686E-1,-9.710903728E-1,1.123390805E0
3.229648027E2,-2.963836670E-1,3.177716124E-1,-9.305364239E-1,1.026995673E0
3.229747917E2,-5.645457476E-2,3.486916888E-1,-8.831032989E-1,9.511279879E-1
3.229847797E2,2.111391565E-1,2.922128481E-1,-8.279329920E-1,9.030177912E-1
3.229947687E2,4.353579497E-1,2.184654254E-1,-7.888190661E-1,9.270918000E-1
3.230047577E2,5.346135584E-1,1.680355293E-1,-7.196032356E-1,9.120725917E-1
3.230147457E2,6.007812354E-1,1.468621767E-1,-5.581709670E-1,8.331034870E-1
3.230247347E2,5.914432320E-1,1.040161192E-1,-3.967065386E-1,7.197225351E-1
3.230347237E2,5.615891030E-1,-2.823795855E-2,-2.429944950E-1,6.125569586E-1
3.230447117E2,4.703237146E-1,-1.065409470E-1,-1.394556548E-1,5.019992525E-1
3.230547007E2,3.413604498E-1,-1.603598893E-1,-4.795228466E-2,3.801863653E-1
3.230646886E2,2.368528721E-1,-2.146822768E-1,3.838338934E-2,3.219643576E-1
3.230746776E2,1.511174878E-1,-2.327191830E-1,1.435590845E-1,3.124162672E-1
3.230846666E2,1.442756608E-1,-1.833125496E-1,2.677205428E-1,3.550961083E-1
3.230946546E2,2.297365183E-1,-1.505219489E-1,3.951998574E-1,4.812677552E-1
3.231046436E2,3.473807430E-1,-1.499705565E-1,4.783618820E-1,6.099136321E-1
3.231146316E2,4.570265615E-1,-1.609071887E-1,5.317772202E-1,7.194104623E-1
3.231246206E2,5.627778420E-1,-2.225695860E-1,5.542248273E-1,8.206224950E-1
3.231346096E2,6.373427054E-1,-3.106128663E-1,5.364814514E-1,8.890997832E-1
3.231445976E2,7.089152563E-1,-3.292537898E-1,5.526987040E-1,9.573112117E-1
3.231545866E2,8.543588984E-1,-3.040704167E-1,6.074713272E-1,1.091516999E0
3.231645746E2,1.030649527E0,-2.183648533E-1,6.689429592E-1,1.247960872E0
3.231745636E2,1.214602346E0,-8.925716221E-2,6.531093570E-1,1.381947008E0
3.231845526E2,1.349789388E0,2.278835356E-2,6.147049177E-1,1.483345151E0
3.231945406E2,1.433313647E0,1.102913511E-1,6.399730754E-1,1.573568470E0
3.232045296E2,1.437734142E0,7.978467286E-2,6.930826773E-1,1.598064034E0
3.232145176E2,1.453666051E0,-4.786940038E-2,7.582495303E-1,1.640237427E0
3.232245066E2,1.494767884E0,-2.213679832E-1,8.115308943E-1,1.715201796E0
3.232344956E2,1.594514658E0,-3.508142281E-1,7.707561399E-1,1.805439738E0
3.232444836E2,1.654239873E0,-4.866234130E-1,7.076674604E-1,1.863895152E0
3.232544726E2,1.571543579E0,-5.727903217E-1,6.390608367E-1,1.790596752E0
3.232644606E2,1.391492314E0,-5.466111678E-1,6.309303564E-1,1.622685350E0
3.232744496E2,1.137746836E0,-4.150032073E-1,6.515616721E-1,1.375219305E0
3.232844386E2,8.809871185E-1,-3.040587223E-1,6.962718219E-1,1.163350532E0
3.232944266E2,6.373374429E-1,-2.289436358E-1,6.803966314E-1,9.599759271E-1
3.233044156E2,3.289310235E-1,-1.655574793E-1,6.378124561E-1,7.364846409E-1
3.233144036E2,-1.746358663E-2,-1.113075972E-1,5.520262011E-1,5.634068554E-1
3.233243926E2,-4.290163520E-1,-7.799951792E-2,4.596443599E-1,6.335707480E-1
3.233343816E2,-8.021239668E-1,3.606562614E-3,3.360558558E-1,8.696835077E-1
3.233443696E2,-9.523439071E-1,9.117504895E-2,1.270774647E-1,9.651012843E-1
3.233543586E2,-1.087896692E0,1.253900313E-1,-3.443659186E-2,1.095640338E0
3.233643466E2,-1.216644779E0,1.614387006E-1,-1.124840569E-1,1.232452691E0
3.233743356E2,-1.266820906E0,1.689751768E-1,-1.752702892E-1,1.290002904E0
3.233843246E2,-1.259624445E0,1.890282029E-1,-2.166871409E-1,1.292028917E0
3.233943126E2,-1.238585286E0,2.650402522E-1,-2.713618232E-1,1.295367548E0
3.234043016E2,-1.206094940E0,3.086458629E-1,-2.871754718E-1,1.277652936E0
3.234142896E2,-1.128430468E0,3.255530870E-1,-3.118570076E-1,1.215152223E0
3.234242786E2,-1.039343167E0,3.211056948E-1,-3.059134591E-1,1.130011562E0
3.234342676E2,-9.044256824E-1,3.374258584E-1,-2.944207567E-1,1.009220297E0
3.234442556E2,-7.434597293E-1,3.409002739E-1,-2.538058506E-1,8.563660290E-1
3.234542446E2,-5.781580657E-1,3.458914572E-1,-2.021686506E-1,7.034058660E-1
3.234642336E2,-4.055997151E-1,3.880025196E-1,-1.530719928E-1,5.817973179E-1
3.234742216E2,-2.938591316E-1,3.533630294E-1,-9.107564628E-2,4.685225641E-1
3.234842106E2,-2.415595883E-1,2.744636250E-1,-5.911885858E-2,3.703732652E-1
3.234941986E2,-1.966953644E-1,2.675908077E-1,1.176752150E-4,3.321052854E-1
3.235041876E2,-1.384454021E-1,2.286682320E-1,-3.576398291E-2,2.696949242E-1
3.235141766E2,-9.760786325E-2,1.153351593E-1,-2.732294239E-2,1.535449026E-1
3.235241646E2,-5.697907001E-2,2.748776078E-3,1.836427711E-2,5.992843117E-2
3.235341536E2,1.562346786E-2,-1.280972922E-1,2.682951048E-2,1.318060380E-1
3.235441416E2,1.578914872E-1,-2.321128267E-1,6.095371485E-2,2.872654546E-1
3.235541306E2,4.019495907E-1,-2.825433075E-1,1.264682579E-1,5.073346178E-1
3.235641196E2,6.860725236E-1,-2.465501869E-1,1.156772214E-1,7.381488480E-1
3.235741076E2,8.689640737E-1,-2.503999937E-1,1.566099968E-1,9.177828770E-1
3.235840966E2,9.812534183E-1,-2.847097009E-1,1.882147821E-1,1.038914188E0
3.235940846E2,1.047175512E0,-3.119507092E-1,1.727881461E-1,1.106230330E0
3.236040736E2,1.003376359E0,-2.818217611E-1,1.533783138E-1,1.053428939E0
3.236140626E2,8.635056978E-1,-2.297371030E-1,1.919933259E-1,9.139379978E-1
3.236240506E2,6.690009928E-1,-2.132912242E-1,2.656787682E-1,7.507600699E-1
3.236340396E2,4.539374775E-1,-2.629223907E-1,3.590658919E-1,6.357009766E-1
3.236440276E2,3.586977366E-1,-2.985746187E-1,4.405928888E-1,6.418200393E-1
3.236540166E2,3.183390847E-1,-3.107017440E-1,4.396649357E-1,6.254443238E-1
3.236640056E2,3.196818978E-1,-3.369867325E-1,4.015101725E-1,6.139763776E-1
3.236739936E2,2.875210422E-1,-3.475631762E-1,3.224680960E-1,5.544855130E-1
3.236839826E2,2.505248317E-1,-2.500240177E-1,1.896836758E-1,4.015651847E-1
3.236939706E2,2.004536623E-1,-5.003287017E-2,7.496123157E-2,2.197820399E-1
3.237039596E2,9.936173558E-2,1.338562149E-1,-1.826670170E-3,1.667140590E-1
3.237139486E2,-5.560146600E-2,2.843495125E-1,-6.944745339E-2,2.979414658E-1
3.237239366E2,-2.357588580E-1,3.981117707E-1,-1.138945515E-1,4.764946904E-1
3.237339256E2,-4.388347042E-1,4.526072359E-1,-1.421026893E-1,6.462370942E-1
3.237439136E2,-6.656286111E-1,4.317847162E-1,-1.748853962E-1,8.124557779E-1
3.237539026E2,-8.479854333E-1,3.672723860E-1,-1.611701672E-1,9.380533692E-1
3.237638916E2,-9.471775997E-1,3.033324981E-1,-1.698392491E-1,1.008960544E0
3.237738796E2,-9.680688241E-1,2.066218901E-1,-1.611611040E-1,1.002907152E0
3.237838686E2,-9.206762642E-1,1.622584802E-1,-2.046175376E-1,9.569957860E-1
3.237938566E2,-7.734261248E-1,1.643137765E-1,-2.163049523E-1,8.197407029E-1
3.238038456E2,-6.079531378E-1,2.412350678E-1,-2.030930954E-1,6.848709229E-1
3.238138346E2,-4.331938952E-1,2.784748149E-1,-2.137731810E-1,5.575877925E-1
3.238238226E2,-2.903712675E-1,2.880683416E-1,-2.549583368E-1,4.819777961E-1
3.238338116E2,-1.955580810E-1,2.822445148E-1,-3.309586917E-1,4.769052157E-1
3.238437996E2,-1.155462438E-1,2.563922203E-1,-3.757718986E-1,4.693531984E-1
3.238537886E2,-8.815350026E-2,2.268906784E-1,-3.783669660E-1,4.499021900E-1
3.238637776E2,-6.849340707E-2,2.022452492E-1,-2.813938180E-1,3.532378355E-1
3.238737656E2,-5.617361605E-2,1.391210479E-1,-1.562171370E-1,2.165962488E-1
3.238837546E2,-3.987801075E-4,4.236892462E-2,-4.754663408E-2,6.368647589E-2
3.238937426E2,3.397232294E-2,-4.911602676E-2,2.990448810E-2,6.678908009E-2
3.239037316E2,6.382323593E-2,-1.111286724E-1,9.140425980E-2,1.574094215E-1
3.239137206E2,1.111049911E-1,-1.462183982E-1,1.064169860E-1,2.122468232E-1
3.239237086E2,1.482652161E-1,-1.760736966E-1,7.267211974E-2,2.413830108E-1
3.239336976E2,1.874064776E-1,-1.838382143E-1,6.107650638E-2,2.695329600E-1
3.239436866E2,2.175006348E-1,-2.034521145E-1,3.903776586E-2,3.003718299E-1
3.239536746E2,2.666447282E-1,-2.403269953E-1,5.648410320E-2,3.633826215E-1
3.239636636E2,3.221909380E-1,-2.489066148E-1,7.347596571E-2,4.137151447E-1
3.239736516E2,3.926074943E-1,-2.475564927E-1,7.778083205E-2,4.706110065E-1
3.239836406E2,4.995510221E-1,-2.628843838E-1,9.722582079E-2,5.728108615E-1
3.239936296E2,6.010756427E-1,-2.596350861E-1,9.520970084E-2,6.616397761E-1
3.240036176E2,6.806489387E-1,-2.360801625E-1,9.083700679E-2,7.261323452E-1
3.240136066E2,6.986791205E-1,-2.037748808E-1,5.426559649E-2,7.298092014E-1
3.240235946E2,6.768725145E-1,-1.648324245E-1,5.869318128E-2,6.991216050E-1
3.240335836E2,5.878205895E-1,-1.494519085E-1,5.242496610E-2,6.087834553E-1
3.240435726E2,4.792006651E-1,-1.414382994E-1,2.865661919E-2,5.004590610E-1
3.240535606E2,3.547596368E-1,-1.608949095E-1,1.236028299E-3,3.895421666E-1
3.240635493E2,2.376361066E-1,-1.610902065E-1,-5.942357160E-2,2.931759449E-1
3.240735373E2,1.018295529E-1,-1.950753933E-1,-1.150650179E-1,2.483216166E-1
3.240835262E2,-3.941666543E-2,-2.157610881E-1,-2.074295367E-1,3.018833109E-1
3.240935153E2,-1.875304386E-1,-2.033304924E-1,-3.214566008E-1,4.240817147E-1
3.241035033E2,-3.215778574E-1,-1.489145494E-1,-4.330523926E-1,5.595732625E-1
3.241134922E2,-4.258860451E-1,-6.652903497E-2,-5.133119325E-1,6.702940966E-1
3.241234803E2,-5.105092889E-1,-6.176238477E-2,-6.093174393E-1,7.973092676E-1
3.241334693E2,-5.680602166E-1,-7.699438155E-2,-6.872426245E-1,8.949429979E-1
3.241434582E2,-6.256193304E-1,-5.528133094E-2,-7.323574016E-1,9.647812891E-1
3.241534463E2,-6.225989512E-1,-5.177592516E-2,-7.428326885E-1,9.706238218E-1
3.241634353E2,-6.076131222E-1,-3.173342407E-2,-7.081065132E-1,9.336035296E-1
3.241734233E2,-5.327158445E-1,-3.940438628E-3,-6.657919677E-1,8.526902382E-1
3.241834123E2,-4.132844183E-1,5.553276122E-2,-6.333633828E-1,7.583119890E-1
3.241934013E2,-2.684330991E-1,1.509037721E-1,-5.835451785E-1,6.598130436E-1
3.242033893E2,-1.193703228E-1,2.554706991E-1,-5.131148082E-1,5.854924068E-1
3.242133783E2,7.867721021E-3,3.048568672E-1,-4.148664556E-1,5.148920144E-1
3.242233663E2,7.380647957E-2,2.781421083E-1,-3.119039315E-1,4.243754132E-1
3.242333553E2,9.449305147E-2,2.001057529E-1,-2.096372992E-1,3.048262560E-1
3.242433443E2,9.679159194E-2,1.215045565E-1,-1.197568969E-1,1.961470976E-1
3.242533323E2,9.598321438E-2,9.009506822E-2,-5.513748944E-2,1.427236543E-1
3.242633213E2,7.653186679E-2,1.102083206E-1,1.436017692E-2,1.349415253E-1
3.242733093E2,7.431635678E-2,1.551681465E-1,7.251826487E-2,1.867055792E-1
3.242832983E2,4.211515546E-2,1.689646518E-1,1.154626286E-1,2.089362546E-1
3.242932873E2,1.000575542E-2,1.318377560E-1,1.537303162E-1,2.027666619E-1
3.243032753E2,-9.744238704E-2,5.633207560E-2,1.725923375E-1,2.060495972E-1
3.243132643E2,-2.379556569E-1,-3.851034701E-2,1.874166372E-1,3.053374156E-1
3.243232533E2,-3.764294180E-1,-9.739765584E-2,1.907220682E-1,4.330823448E-1
3.243332413E2,-4.735996172E-1,-1.437011719E-1,2.177772812E-1,5.407157926E-1
3.243432303E2,-5.014113137E-1,-1.766952556E-1,1.988293789E-1,5.675981332E-1
3.243532182E2,-4.848335803E-1,-2.043344593E-1,2.033632368E-1,5.640680614E-1
3.243632073E2,-4.026763996E-1,-2.503269035E-1,2.173439294E-1,5.215843413E-1
3.243731963E2,-2.947531709E-1,-2.640690297E-1,1.856538478E-1,4.371261093E-1
3.243831842E2,-1.707091686E-1,-2.424957275E-1,1.615351065E-1,3.376971850E-1
3.243931733E2,-7.786590904E-2,-2.107909548E-1,1.120653232E-1,2.511066767E-1
3.244031613E2,-2.084035367E-2,-1.344578934E-1,6.900474608E-2,1.525611366E-1
3.244131502E2,-1.539835006E-2,-1.020719200E-1,4.542826094E-2,1.127808181E-1
3.244231393E2,-5.830784976E-2,-3.032190621E-2,3.534174085E-2,7.462078790E-2
3.244331273E2,-1.237180200E-1,3.675852120E-2,1.056716122E-2,1.294951824E-1
3.244431162E2,-1.579154608E-1,7.241952002E-2,1.717210293E-2,1.745759455E-1
3.244531043E2,-1.895541599E-1,9.553005517E-2,-5.591034517E-3,2.123394232E-1
3.244630933E2,-1.937694177E-1,8.950976193E-2,-1.551149368E-2,2.140074558E-1
3.244730822E2,-1.950040573E-1,8.825611889E-2,-3.492147222E-2,2.168760801E-1
3.244830703E2,-1.867322937E-1,1.182821560E-1,-4.829405442E-2,2.262563449E-1
3.244930593E2,-2.199058869E-1,1.410985762E-1,-5.538658082E-2,2.670862794E-1
3.245030473E2,-2.593041337E-1,1.636109412E-1,-4.335344955E-2,3.096557692E-1
3.245130363E2,-2.958547863E-1,1.757684720E-1,-2.097513199E-2,3.447674093E-1
3.245230253E2,-3.357944852E-1,1.794340914E-1,-1.295231357E-3,3.807311481E-1
3.245330133E2,-3.675232315E-1,1.880452859E-1,-2.223915383E-3,4.128429496E-1
3.245430023E2,-3.850125459E-1,1.963886780E-1,3.122340068E-3,4.322186048E-1
3.245529903E2,-4.213617620E-1,2.194588673E-1,-1.855906248E-3,4.750909106E-1
3.245629793E2,-4.301173827E-1,2.116382164E-1,-1.409595586E-2,4.795731368E-1
3.245729683E2,-4.228615728E-1,2.371051794E-1,-1.210490584E-2,4.849508270E-1
3.245829563E2,-3.796152735E-1,2.687766230E-1,-9.889395833E-3,4.652380349E-1
3.245929453E2,-3.064768383E-1,2.508133918E-1,-8.153503686E-3,3.961084315E-1
3.246029333E2,-2.206785965E-1,1.890860903E-1,-2.339470983E-2,2.915474317E-1
3.246129223E2,-1.572173032E-1,1.348338693E-1,-1.413213551E-2,2.075985790E-1
3.246229113E2,-4.052237391E-2,9.611594617E-2,3.392335251E-2,1.096865158E-1
3.246328993E2,8.498226285E-2,8.382568359E-2,5.492340825E-2,1.313975304E-1
3.246428883E2,1.997736311E-1,1.000669098E-1,9.948971651E-2,2.445835109E-1
3.246528773E2,3.305150342E-1,1.448074651E-1,1.547063626E-1,3.926110651E-1
3.246628653E2,4.913883090E-1,2.020908827E-1,2.282821696E-1,5.782870775E-1
3.246728543E2,6.559979546E-1,2.285091877E-1,3.069810876E-1,7.594650442E-1
3.246828422E2,8.264334735E-1,1.877505863E-1,3.583360132E-1,9.201343745E-1
3.246928313E2,9.479622960E-1,6.302713752E-2,4.055443127E-1,1.032991348E0
3.247028203E2,9.967444468E-1,-8.696154535E-2,3.876609691E-1,1.073006444E0
3.247128082E2,9.817258734E-1,-1.586372995E-1,4.052541447E-1,1.073863308E0
3.247227973E2,9.497316635E-1,-1.831728011E-1,3.786709481E-1,1.038717572E0
3.247327853E2,8.596263626E-1,-1.606686223E-1,3.652994623E-1,9.477423630E-1
3.247427742E2,7.427250266E-1,-1.004200816E-1,3.728078719E-1,8.370844446E-1
3.247527633E2,6.103469878E-1,-4.572405696E-2,3.780499738E-1,7.193996926E-1
3.247627513E2,4.850996286E-1,-6.202726364E-3,4.097863215E-1,6.350472051E-1
3.247727402E2,4.130584234E-1,3.714502215E-2,4.410755034E-1,6.054292803E-1
3.247827283E2,2.994186643E-1,8.098978400E-2,5.053298253E-1,5.929326386E-1
3.247927173E2,1.791376376E-1,6.286633909E-2,5.327925892E-1,5.656062349E-1
3.248027062E2,9.321718901E-2,2.800056159E-2,5.663059057E-1,5.746093061E-1
3.248126943E2,5.453902692E-2,-5.509246588E-3,5.541647471E-1,5.568693062E-1
3.248226833E2,8.460570216E-2,-2.691005588E-2,5.445230540E-1,5.517133606E-1
3.248326713E2,1.429588678E-1,-1.052697623E-1,5.836344217E-1,6.100394241E-1
3.248426603E2,1.657513145E-1,-1.384328306E-1,5.349372017E-1,5.768838329E-1
3.248526493E2,2.115130860E-1,-1.769180346E-1,3.515310967E-1,4.467794629E-1
3.248626373E2,3.658623299E-1,-2.184689337E-1,2.260954571E-1,4.823930712E-1
3.248726263E2,4.874905550E-1,-3.099866295E-1,1.602692574E-1,5.995206307E-1
3.248826143E2,4.533039317E-1,-3.458645600E-1,8.975878023E-2,5.772030725E-1
3.248926033E2,3.424062243E-1,-3.515451300E-1,-3.845304430E-2,4.922444896E-1
3.249025923E2,1.847205591E-1,-3.779575878E-1,-1.538993007E-1,4.479493475E-1
3.249125803E2,1.608832151E-2,-4.069474983E-1,-2.391576252E-1,4.722938388E-1
3.249225693E2,-1.370873863E-1,-4.554378730E-1,-3.405792618E-1,5.849878983E-1
3.249325573E2,-3.310962474E-1,-4.553209287E-1,-4.572791612E-1,7.252903587E-1
3.249425463E2,-5.132712212E-1,-3.383935726E-1,-5.643112012E-1,8.345086508E-1
3.249525353E2,-6.757539421E-1,-2.579195130E-1,-6.564125222E-1,9.767513833E-1
3.249625233E2,-8.097209617E-1,-2.041374081E-1,-7.363878874E-1,1.113367522E0
3.249725123E2,-9.008439705E-1,-1.321201766E-1,-8.123910197E-1,1.220227343E0
3.249825013E2,-1.004349043E0,-7.030984461E-2,-8.707117333E-1,1.331089553E0
3.249924893E2,-1.123617624E0,-2.630662322E-3,-9.258563856E-1,1.455930470E0
3.250024783E2,-1.178653372E0,9.669131219E-2,-9.379350521E-1,1.509402247E0
3.250124662E2,-1.245049968E0,1.767338473E-1,-9.252582885E-1,1.561245392E0
3.250224553E2,-1.286357038E0,2.028668082E-1,-8.692751455E-1,1.565729431E0
3.250324443E2,-1.288263815E0,1.715672475E-1,-7.658243059E-1,1.508491248E0
3.250424322E2,-1.286161156E0,1.104685217E-1,-7.450703448E-1,1.490484362E0
3.250524213E2,-1.299001934E0,1.467680365E-1,-7.683651403E-1,1.516354797E0
3.250624096E2,-1.291515744E0,2.427483273E-1,-7.511082528E-1,1.513639083E0
3.250723986E2,-1.285957381E0,2.482897335E-1,-7.210125607E-1,1.495056283E0
3.250823876E2,-1.285448381E0,2.224859709E-1,-6.519218606E-1,1.458382549E0
3.250923756E2,-1.295006824E0,2.470267349E-1,-5.886859775E-1,1.443819955E0
3.251023646E2,-1.405479147E0,3.226961374E-1,-6.810560511E-1,1.594785808E0
3.251123526E2,-1.255729322E0,3.523520458E-1,-5.330859733E-1,1.408967264E0
3.251223416E2,-1.026939468E0,3.692411435E-1,-5.025494742E-1,1.201457310E0
3.251323306E2,-7.814008498E-1,3.453821647E-1,-4.226652525E-1,9.531642269E-1
3.251423186E2,-5.289519918E-1,3.272055101E-1,-3.598679106E-1,7.185809409E-1
3.251523076E2,-3.371709198E-1,3.737961245E-1,-3.208449090E-1,5.969499371E-1
3.251622956E2,-2.055705607E-1,4.257989216E-1,-3.050562572E-1,5.626928977E-1
3.251722846E2,-7.959200710E-2,4.410139614E-1,-2.762951191E-1,5.264667080E-1
3.251822736E2,2.300703943E-2,3.601054537E-1,-2.279870313E-1,4.268294134E-1
3.251922616E2,1.046043491E-1,2.025516433E-1,-1.516878837E-1,2.738219350E-1
3.252022506E2,3.354687953E-1,7.305862069E-2,-7.129977822E-2,3.506572872E-1
3.252122386E2,4.214281279E-1,3.946987510E-2,-1.112612580E-1,4.376512373E-1
3.252222276E2,4.264690125E-1,3.818816543E-3,9.210534096E-3,4.265855552E-1
3.252322166E2,3.969513908E-1,-4.597080946E-2,1.227136146E-1,4.180219530E-1
3.252422046E2,3.223347795E-1,-7.070862472E-2,1.633361220E-1,3.682093269E-1
3.252521936E2,2.666251400E-1,-1.150135624E-1,1.831435651E-1,3.433054766E-1
3.252621816E2,1.621406588E-1,-1.468218309E-1,1.589605044E-1,2.703972729E-1
3.252721706E2,4.468939215E-2,-1.728091961E-1,1.548361708E-1,2.362930380E-1
3.252821596E2,-8.014486134E-3,-1.565697241E-1,1.987012517E-1,2.531017541E-1
3.252921476E2,-9.682024330E-2,-1.237206513E-1,1.908268064E-1,2.471757049E-1
3.253021366E2,-1.045505548E-1,-1.297579014E-1,2.895979732E-1,3.341181192E-1
3.253121256E2,-3.499850929E-2,-1.463142926E-1,3.604931241E-1,3.906252173E-1
3.253221136E2,1.877342141E-1,-1.210642612E-1,4.126953113E-1,4.692740249E-1
3.253321026E2,4.586512104E-1,-5.796929598E-2,4.825828408E-1,6.682870418E-1
3.253420906E2,7.842075133E-1,4.117141485E-2,4.871597488E-1,9.241218157E-1
3.253520796E2,1.163707304E0,-6.579287052E-3,5.100298172E-1,1.270585846E0
3.253620686E2,1.515043104E0,-1.624327272E-1,5.901887119E-1,1.634032654E0
3.253720566E2,1.675471113E0,-2.977022141E-1,6.789715187E-1,1.832166036E0
3.253820456E2,1.740082554E0,-3.108654660E-1,7.716042785E-1,1.928703657E0
3.253920336E2,1.735377884E0,-3.014070100E-1,8.486986475E-1,1.955165461E0
3.254020226E2,1.718410726E0,-2.743297237E-1,8.537297380E-1,1.938310266E0
3.254120116E2,1.727817434E0,-2.207885242E-1,8.694470537E-1,1.946802208E0
3.254219996E2,1.709882562E0,-2.031299329E-1,8.045603554E-1,1.900599251E0
3.254319886E2,1.683008174E0,-2.032766980E-1,7.576102835E-1,1.856828283E0
3.254419766E2,1.647197779E0,-2.333781642E-1,7.140454571E-1,1.810410673E0
3.254519656E2,1.529667283E0,-2.198254877E-1,6.395460825E-1,1.672490488E0
3.254619546E2,1.402534196E0,-1.853707695E-1,6.032344347E-1,1.537971481E0
3.254719426E2,1.212340059E0,-1.406682211E-1,5.791637868E-1,1.350920671E0
3.254819316E2,1.004702215E0,-6.291954875E-2,5.324071115E-1,1.138790034E0
3.254919196E2,7.729691648E-1,-9.342330337E-2,4.317857395E-1,8.903079064E-1
3.255019086E2,5.880582789E-1,-5.157302678E-2,3.185902226E-1,6.707995575E-1
3.255118976E2,4.025954157E-1,3.905121446E-2,1.675945030E-1,4.378309988E-1
3.255218856E2,1.870679238E-1,1.471937138E-1,5.593621910E-2,2.445184208E-1
3.255318746E2,-1.104875252E-1,2.076773125E-1,8.640430570E-3,2.353975709E-1
3.255418626E2,-4.272808984E-1,8.993368506E-2,1.026103024E-1,4.485375213E-1
3.255518516E2,-6.227077094E-1,3.350454569E-4,1.947771853E-1,6.524593133E-1
3.255618406E2,-5.993670863E-1,5.471239686E-3,2.300405735E-1,6.420198627E-1
3.255718286E2,-4.189281508E-1,3.818816543E-2,2.072371633E-1,4.689417591E-1
3.255818176E2,-2.015064535E-1,1.244638324E-2,1.201082414E-1,2.349164807E-1
3.255918066E2,-1.359185278E-3,1.085944891E-2,5.927380979E-2,6.027569612E-2
3.256017946E2,1.744809151E-1,5.070705414E-3,2.391218841E-2,1.761848306E-1
3.256117836E2,2.889740753E-1,1.150205791E-2,-1.664117575E-2,2.896812770E-1
3.256217716E2,3.465337738E-1,-3.200181127E-3,-5.012642562E-2,3.501550458E-1
3.256317606E2,3.297051948E-1,-5.717641354E-2,-1.053434372E-1,3.508160451E-1
3.256417496E2,2.425372428E-1,-8.238785326E-2,-1.449824430E-1,2.943331128E-1
3.256517376E2,1.613787666E-1,-8.020216405E-2,-1.495102344E-1,2.341555116E-1
3.256617266E2,3.350629985E-2,-1.245755142E-1,-1.931510746E-1,2.322693878E-1
3.256717146E2,-6.737571180E-2,-1.239445996E-1,-2.467098159E-1,2.841962061E-1
3.256817036E2,-1.255745110E-1,-6.504150331E-2,-3.403653999E-1,3.685755830E-1
3.256916926E2,-1.902622578E-1,-1.119800270E-2,-4.149185689E-1,4.565988839E-1
3.257016806E2,-3.016876763E-1,1.478293061E-2,-4.178082629E-1,5.155557522E-1
3.257116696E2,-4.119839975E-1,-2.344148755E-2,-3.870763206E-1,5.657812259E-1
3.257216576E2,-5.208100364E-1,-4.160176992E-2,-3.717688948E-1,6.412377971E-1
3.257316466E2,-5.931602669E-1,5.432063341E-4,-4.003787363E-1,7.156413415E-1
3.257416356E2,-6.587739202E-1,4.623218000E-2,-3.798843916E-1,7.618613020E-1
3.257516236E2,-7.355452305E-1,7.944261074E-2,-3.494009560E-1,8.181802629E-1
3.257616126E2,-8.322929683E-1,8.199258149E-2,-3.323639238E-1,8.999445241E-1
3.257716006E2,-9.515042469E-1,4.393656313E-2,-3.318878143E-1,1.008682445E0
3.257815896E2,-1.061221401E0,5.882415891E-2,-3.370797032E-1,1.115021915E0
3.257915786E2,-1.107100117E0,9.419279695E-2,-3.494309230E-1,1.164751013E0
3.258015666E2,-1.097766499E0,1.209461474E-1,-3.100357461E-1,1.147101313E0
3.258115556E2,-9.777962521E-1,1.507213390E-1,-2.995831172E-1,1.033708120E0
3.258215436E2,-7.690717033E-1,1.476398563E-1,-2.467969394E-1,8.210831512E-1
3.258315326E2,-4.833782083E-1,1.455874836E-1,-2.162160015E-1,5.491808144E-1
3.258415216E2,-1.190627593E-1,1.794381845E-1,-1.652528393E-1,2.714452129E-1
3.258515096E2,2.719946381E-1,1.668748569E-1,-3.056412712E-2,3.205658543E-1
3.258614986E2,6.202518788E-1,8.134061694E-2,1.021384321E-1,6.338461552E-1
3.258714876E2,9.166358382E-1,-6.891352952E-2,2.060156800E-1,9.420258992E-1
3.258814756E2,1.164051998E0,-2.040175402E-1,2.436949915E-1,1.206659628E0
3.258914646E2,1.328757538E0,-2.563799411E-1,2.481850684E-1,1.375835418E0
3.259014526E2,1.428170436E0,-2.778526711E-1,2.524750243E-1,1.476691078E0
3.259114416E2,1.437308757E0,-2.349569124E-1,2.199127574E-1,1.472896071E0
3.259214306E2,1.381884170E0,-1.756404179E-1,1.712438965E-1,1.403487758E0
3.259314186E2,1.248378495E0,-1.579736406E-1,1.007574660E-1,1.262361519E0
3.259414076E2,1.043671276E0,-1.426878494E-1,2.954364181E-2,1.053794279E0
3.259513956E2,7.733018714E-1,-1.166507828E-1,3.790749907E-3,7.820598182E-1
3.259613846E2,4.779438061E-1,-1.100124389E-1,-2.749945521E-2,4.912120097E-1
3.259713736E2,1.880911866E-1,-1.111105460E-1,-6.163447693E-2,2.269860274E-1
3.259813616E2,-9.443779528E-2,-1.145235658E-1,-4.148263291E-2,1.541264193E-1
3.259913506E2,-3.151877278E-1,-1.139306581E-1,-3.009985819E-2,3.364959139E-1
3.260013386E2,-4.949875626E-1,-9.914538860E-2,-2.693826869E-2,5.055375016E-1
3.260113276E2,-6.166783530E-1,2.643935502E-2,-5.123037994E-2,6.193672435E-1
3.260213166E2,-6.703815204E-1,1.350116247E-1,-1.030115676E-1,6.915568702E-1
3.260313046E2,-7.277222407E-1,2.120679867E-1,-1.378843617E-1,7.704314297E-1
3.260412936E2,-7.266615558E-1,1.838966864E-1,-1.858970189E-1,7.722776117E-1
3.260512816E2,-7.213405895E-1,9.984003782E-2,-2.903733140E-1,7.839750894E-1
3.260612706E2,-6.964343745E-1,6.965671062E-2,-3.870494235E-1,7.998000697E-1
3.260712593E2,-6.214979205E-1,6.952865660E-2,-5.018051237E-1,8.018118741E-1
3.260812473E2,-5.685841271E-1,4.688414454E-2,-5.454453792E-1,7.893013964E-1
3.260912363E2,-4.887295800E-1,9.117563367E-3,-5.743152755E-1,7.541735663E-1
3.261012243E2,-4.269499460E-1,-1.532087445E-2,-6.046102846E-1,7.403205939E-1
3.261112133E2,-3.215810734E-1,-1.500220120E-2,-5.638950987E-1,6.493205181E-1
3.261212023E2,-2.321791926E-1,4.948498607E-3,-4.864595447E-1,5.390496766E-1
3.261311903E2,-1.388517836E-1,4.153394222E-2,-3.714100219E-1,3.986857040E-1
3.261411793E2,-3.878896683E-2,1.126249748E-1,-2.305393410E-1,2.594944251E-1
3.261511683E2,4.441661954E-2,1.315798938E-1,-9.031273082E-2,1.656577614E-1
3.261611563E2,6.750084221E-2,9.798763990E-2,2.746378720E-2,1.221155227E-1
3.261711453E2,4.374302030E-2,7.268849194E-2,9.764733195E-2,1.293525033E-1
3.261811333E2,-4.254960358E-2,5.314125001E-2,1.458827680E-1,1.609852267E-1
3.261911223E2,-1.486780295E-1,1.472738206E-2,1.953105976E-1,2.459029926E-1
3.262011113E2,-2.518281761E-1,-3.687546551E-2,2.769498610E-1,3.761362197E-1
3.262110993E2,-3.350811249E-1,-4.361496627E-2,3.575361872E-1,4.919489310E-1
3.262210883E2,-3.505996352E-1,-1.790242016E-2,4.937114078E-1,6.057982792E-1
3.262310763E2,-2.801529658E-1,6.439070821E-2,6.122438246E-1,6.763685004E-1
3.262410653E2,-1.203994328E-1,1.486192650E-1,7.283167563E-1,7.530132847E-1
3.262510543E2,1.508605027E-1,1.507266015E-1,7.994786865E-1,8.274319125E-1
3.262610423E2,4.817211074E-1,9.355135739E-2,8.031536615E-1,9.412028930E-1
3.262710313E2,7.729791051E-1,-6.336627603E-3,7.812406361E-1,1.099033112E0
3.262810193E2,9.933437061E-1,-1.344678336E-1,7.565145153E-1,1.255837381E0
3.262910083E2,1.110068456E0,-2.417361742E-1,6.780412267E-1,1.323037513E0
3.263009973E2,1.140996134E0,-2.949160159E-1,5.477532752E-1,1.299569654E0
3.263109853E2,1.074665612E0,-3.317388564E-1,4.002495128E-1,1.193799195E0
3.263209743E2,9.799398413E-1,-3.509124613E-1,2.508256710E-1,1.070670428E0
3.263309623E2,8.727910763E-1,-3.226060903E-1,1.284000318E-1,9.393218408E-1
3.263409513E2,7.180515307E-1,-2.681720209E-1,2.689602256E-2,7.669665114E-1
3.263509403E2,5.449499738E-1,-1.772495717E-1,-7.780085877E-2,5.783086185E-1
3.263609283E2,3.689420584E-1,-1.313056594E-1,-1.425730978E-1,4.167571317E-1
3.263709173E2,1.332337788E-1,-1.316605854E-1,-1.560895215E-1,2.438230676E-1
3.263809053E2,-6.536251545E-2,-1.052598220E-1,-1.805456471E-1,2.189717316E-1
3.263908943E2,-3.221263263E-1,-7.472858548E-2,-1.945187384E-1,3.836499331E-1
3.264008833E2,-5.349348629E-1,-3.642172158E-2,-1.975424798E-1,5.714060558E-1
3.264108713E2,-6.774762395E-1,1.044663548E-2,-2.081645317E-1,7.088128523E-1
3.264208603E2,-7.576734334E-1,5.811956942E-2,-2.509449542E-1,8.002626357E-1
3.264308493E2,-7.687170696E-1,8.919752061E-2,-2.846184844E-1,8.245543114E-1
3.264408373E2,-7.615475062E-1,1.364985716E-1,-3.218781120E-1,8.379689631E-1
3.264508263E2,-7.702765220E-1,1.788774365E-1,-3.464165372E-1,8.633235054E-1
3.264608143E2,-7.758948192E-1,2.401357913E-1,-3.496805991E-1,8.842819065E-1
3.264708033E2,-7.646085235E-1,2.561589164E-1,-3.750253554E-1,8.893186166E-1
3.264807923E2,-6.717693570E-1,2.942044097E-1,-3.834137709E-1,8.275484418E-1
3.264907803E2,-5.349971357E-1,3.408675295E-1,-3.834463692E-1,7.412447139E-1
3.265007693E2,-4.050059304E-1,3.488232511E-1,-3.465710498E-1,6.370392113E-1
3.265107573E2,-2.600242183E-1,3.313517708E-1,-3.038559701E-1,5.193602224E-1
3.265207463E2,-1.322301042E-1,2.671195221E-1,-2.367169243E-1,3.806212577E-1
3.265307353E2,-3.397904724E-2,1.594699430E-1,-1.355766119E-1,2.120524843E-1
3.265407233E2,4.204206526E-2,3.878048837E-2,-6.521882012E-2,8.674650442E-2
3.265507123E2,1.491446373E-1,-3.032366037E-3,-8.121475562E-2,1.698503889E-1
3.265607003E2,2.315427232E-1,-3.758063972E-2,-7.683372930E-2,2.468354899E-1
3.265706893E2,2.606872925E-1,-6.347328007E-2,-7.985732451E-2,2.799355534E-1
3.265806783E2,2.459634188E-1,-7.809892058E-2,-7.725238994E-2,2.693796142E-1
3.265906663E2,1.533938089E-1,-9.702518821E-2,-5.958780527E-2,1.910346940E-1
3.266006553E2,5.437238127E-2,-1.171852183E-1,-2.920640364E-2,1.324452538E-1
3.266106433E2,-5.227586210E-2,-1.526018035E-1,1.035351858E-2,1.616393255E-1
3.266206323E2,-1.413348037E-1,-1.747732759E-1,7.327613711E-2,2.364119645E-1
3.266306213E2,-2.270353970E-1,-1.651183534E-1,1.322527622E-1,3.103223086E-1
3.266406093E2,-2.744615784E-1,-1.668549764E-1,1.977173115E-1,3.771761876E-1
3.266505983E2,-2.352662301E-1,-1.062018085E-1,2.245798588E-1,3.421478279E-1
3.266605873E2,-1.732787275E-1,-7.468063831E-2,2.607519042E-1,3.218606387E-1
3.266705753E2,-8.838212639E-2,-5.374526739E-2,2.753705281E-1,2.941579198E-1
3.266805643E2,-2.060588032E-2,-4.723731637E-2,2.728345907E-1,2.776592880E-1
3.266905523E2,-2.806166500E-2,-5.153151155E-2,2.642723666E-1,2.707080300E-1
3.267005413E2,-5.330497205E-2,-8.344853818E-2,2.506537628E-1,2.695039654E-1
3.267105303E2,-1.182461956E-1,-6.865859091E-2,2.206189549E-1,2.595551736E-1
3.267205183E2,-1.694575721E-1,-1.628215671E-2,1.955501872E-1,2.592698461E-1
3.267305073E2,-1.856426650E-1,-2.392680645E-3,1.881055123E-1,2.642964391E-1
3.267404953E2,-1.318234304E-1,2.423787832E-2,2.082824993E-1,2.476822381E-1
3.267504843E2,-6.338498712E-2,3.114285529E-2,2.040238260E-1,2.159010319E-1
3.267604733E2,1.085623294E-2,5.380023122E-2,1.541429834E-1,1.636226818E-1
3.267704613E2,3.462370276E-2,7.940051079E-2,1.218529044E-1,1.495037532E-1
3.267804503E2,3.593055546E-2,1.078676802E-1,9.292263553E-2,1.468368395E-1
3.267904383E2,3.081161052E-2,1.071584129E-1,6.058767915E-2,1.268981784E-1
3.268004273E2,-9.904013872E-3,1.095949477E-1,4.489857629E-2,1.188487451E-1
3.268104163E2,-4.633012086E-2,1.297807056E-1,5.250463441E-2,1.474660919E-1
3.268204043E2,-3.227282971E-2,1.943807441E-1,5.400707647E-2,2.043090148E-1
3.268303933E2,-1.307671309E-2,1.906338483E-1,5.078657627E-2,1.977158084E-1
3.268403813E2,-2.345610559E-3,1.482549834E-1,6.244256213E-2,1.608854113E-1
3.268503703E2,1.617456794E-2,1.226190358E-1,2.424664915E-2,1.260354894E-1
3.268603593E2,-6.533678770E-3,1.113672388E-1,-1.000268564E-2,1.120062701E-1
3.268703473E2,-2.523775220E-2,1.174916124E-1,2.262433916E-3,1.201929355E-1
3.268803363E2,-3.981661499E-3,1.365804327E-1,1.949417844E-2,1.380220678E-1
3.268903253E2,5.796403348E-2,1.757977080E-1,1.371581376E-2,1.856146192E-1
3.269003133E2,1.356975031E-1,2.062067378E-1,4.988215819E-2,2.518397521E-1
3.269103023E2,2.076308271E-1,2.087806821E-1,6.203954279E-2,3.009133404E-1
3.269202903E2,2.504350770E-1,1.311776054E-1,8.405957222E-2,2.949428819E-1
3.269302793E2,3.062523052E-1,8.301058173E-2,1.001066709E-1,3.327199674E-1
3.269402683E2,3.778228095E-1,6.032455444E-2,4.821789443E-2,3.856346621E-1
3.269502563E2,4.479914439E-1,5.262201726E-2,-6.903953701E-3,4.511242346E-1
3.269602453E2,5.093079785E-1,2.464718342E-2,-5.435571671E-2,5.127929841E-1
3.269702333E2,5.330450428E-1,-1.815501988E-2,-9.241115034E-2,5.413006956E-1
3.269802223E2,5.135448709E-1,-2.984886646E-2,-1.197426443E-1,5.281643590E-1
3.269902113E2,4.326764166E-1,-4.619241893E-2,-1.412085038E-1,4.574740021E-1
3.270001993E2,3.250575355E-1,-3.194977105E-2,-1.861009406E-1,3.759212009E-1
3.270101883E2,1.993140399E-1,-4.697594583E-2,-2.116521035E-1,2.944986230E-1
3.270201763E2,1.207344782E-1,-8.273576260E-2,-2.424109429E-1,2.831697122E-1
3.270301653E2,1.270643815E-1,-1.124384487E-1,-3.216121367E-1,3.636236080E-1
3.270401543E2,1.444040072E-1,-1.402881521E-1,-4.142951095E-1,4.606231873E-1
3.270501423E2,1.591872302E-1,-1.515609992E-1,-5.468848906E-1,5.894017257E-1
3.270601313E2,8.312898785E-2,-1.581297612E-1,-6.928364365E-1,7.154982723E-1
3.270701195E2,-9.676381767E-2,-1.903514278E-1,-7.573534445E-1,7.868806405E-1
3.270801085E2,-3.791834566E-1,-2.383395267E-1,-7.586049680E-1,8.809468322E-1
3.270900975E2,-7.496361431E-1,-2.703173643E-1,-6.768364079E-1,1.045530175E0
3.271000855E2,-1.105105047E0,-2.761903077E-1,-5.833897157E-1,1.279797567E0
3.271100745E2,-1.402256746E0,-2.380916047E-1,-4.535071224E-1,1.492876520E0
3.271200635E2,-1.541907552E0,-1.639863324E-1,-3.547464806E-1,1.590665106E0
3.271300515E2,-1.545678421E0,-1.074057502E-1,-3.373643164E-1,1.585708819E0
3.271400405E2,-1.413943868E0,-1.154485953E-1,-3.528677702E-1,1.461875954E0
3.271500285E2,-1.205674525E0,-1.394461530E-1,-4.060575521E-1,1.279835546E0
3.271600175E2,-9.695370600E-1,-1.354764783E-1,-4.573358792E-1,1.080514735E0
3.271700065E2,-7.099028510E-1,-9.303680241E-2,-4.995282179E-1,8.730099340E-1
3.271799945E2,-4.901422673E-1,1.274576068E-2,-5.189807349E-1,7.139628141E-1
3.271899835E2,-2.426553565E-1,1.114157706E-1,-4.595964128E-1,5.315298286E-1
3.271999715E2,-3.293327272E-2,1.259051710E-1,-3.742432903E-1,3.962256338E-1
3.272099605E2,1.437622753E-1,8.928756773E-2,-2.832968675E-1,3.299954191E-1
3.272199495E2,2.395528239E-1,3.404073536E-2,-2.092395423E-1,3.198835932E-1
3.272299375E2,3.186679906E-1,-1.037471473E-2,-1.017164093E-1,3.346687181E-1
3.272399265E2,3.357292888E-1,-1.886136353E-2,2.122992441E-2,3.369282061E-1
3.272499145E2,3.720723653E-1,6.526077390E-3,1.232610601E-1,3.920124024E-1
3.272599035E2,4.331298682E-1,3.302390456E-2,1.903917736E-1,4.742795467E-1
3.272698925E2,5.048404133E-1,3.798468232E-2,2.743259230E-1,5.758136774E-1
3.272798805E2,5.109016371E-1,5.302839875E-2,3.945420456E-1,6.476850466E-1
3.272898695E2,4.606465727E-1,7.060045123E-2,4.753656225E-1,6.656967506E-1
3.272998575E2,3.592277867E-1,6.886558235E-2,5.143431620E-1,6.311386214E-1
3.273098465E2,2.919959164E-1,9.759353757E-2,5.328608555E-1,6.154078363E-1
3.273198355E2,2.300145534E-1,1.213057512E-1,4.757522696E-1,5.421826280E-1
3.273298235E2,1.804839590E-1,1.351601440E-1,4.447615881E-1,4.986537820E-1
3.273398125E2,1.134105483E-1,1.022689712E-1,4.018088190E-1,4.298502320E-1
3.273498015E2,7.592901886E-2,5.019366860E-2,3.404630484E-1,3.524197889E-1
3.273597895E2,3.966926515E-2,5.342016220E-2,2.583007514E-1,2.667332797E-1
3.273697785E2,-1.820618302E-2,6.373231173E-2,1.807954694E-1,1.925623910E-1
3.273797665E2,-1.046476185E-2,7.397955716E-2,1.491180325E-1,1.667893094E-1
3.273897555E2,1.852427155E-2,7.989810884E-2,1.475932248E-1,1.688508704E-1
3.273997445E2,5.118827999E-2,6.196879148E-2,1.630969709E-1,1.818268216E-1
3.274097325E2,9.671440870E-2,3.137382030E-2,1.882901381E-1,2.139887136E-1
3.274197215E2,1.543954369E-1,-7.239437699E-3,2.175134987E-1,2.668379330E-1
3.274297095E2,2.181847590E-1,-3.143697023E-2,2.286349028E-1,3.175953258E-1
3.274396985E2,2.907639080E-1,-7.498469353E-2,2.751125197E-1,4.072508477E-1
3.274496875E2,3.589149606E-1,-1.312775928E-1,3.217529815E-1,4.995785588E-1
3.274596755E2,4.102175537E-1,-2.363684303E-1,3.645076762E-1,5.975067549E-1
3.274696645E2,4.359271762E-1,-3.090440583E-1,3.957663064E-1,6.649599252E-1
3.274796525E2,4.167617574E-1,-3.596277362E-1,4.550021093E-1,7.141774223E-1
3.274896415E2,3.760107574E-1,-3.590248883E-1,5.178760497E-1,7.338109858E-1
3.274996305E2,3.826070014E-1,-2.881677443E-1,5.658641486E-1,7.413710279E-1
3.275096185E2,4.055406582E-1,-1.963553488E-1,5.785660551E-1,7.333193906E-1
3.275196075E2,4.351360479E-1,-1.251239830E-1,5.971445596E-1,7.493870938E-1
3.275295955E2,4.623697472E-1,-6.935499430E-2,6.099100547E-1,7.684960462E-1
3.275395845E2,4.680225429E-1,-4.437978208E-2,5.881244986E-1,7.529310005E-1
3.275495735E2,4.300808376E-1,-5.529477954E-2,5.614145637E-1,7.093753251E-1
3.275595615E2,3.725942293E-1,-6.604254663E-2,5.415353461E-1,6.606425726E-1
3.275695505E2,2.751641214E-1,-7.547761381E-2,4.973910606E-1,5.734195942E-1
3.275795395E2,1.371180841E-1,-1.292643964E-1,4.294255109E-1,4.689530068E-1
3.275895275E2,-4.472242892E-3,-1.734798717E-1,3.228348626E-1,3.665209617E-1
3.275995165E2,-1.507879972E-1,-2.208382255E-1,1.995607924E-1,3.336630813E-1
3.276095045E2,-3.522842181E-1,-3.178417790E-1,9.441075191E-2,4.837777970E-1
3.276194935E2,-6.396812993E-1,-5.038908255E-1,-1.092727661E-2,8.143816882E-1
3.276294825E2,-1.046828188E0,-7.307686400E-1,-1.439438313E-1,1.284753629E0
3.276394705E2,-1.595389110E0,-1.092651647E0,-3.264268072E-1,1.961047805E0
3.276494595E2,-2.117625282E0,-1.565802491E0,-3.903349739E-1,2.662411626E0
3.276594475E2,-2.390426836E0,-1.890744544E0,-5.240888625E-1,3.092527206E0
3.276694365E2,-2.581713526E0,-2.043725247E0,-1.043269865E0,3.454051190E0
3.276794255E2,-2.901574933E0,-2.086133932E0,-1.717399158E0,3.964915099E0
3.276894135E2,-3.076361657E0,-1.869434951E0,-2.413620109E0,4.334091613E0
3.276994025E2,-2.714159977E0,-1.649429369E0,-2.347118702E0,3.949208506E0
3.277093905E2,-1.996955708E0,-1.312704592E0,-2.295669636E0,3.313777983E0
3.277193795E2,-8.416169384E-1,-7.651754111E-1,-3.011159648E0,3.218834402E0
3.277293685E2,1.465886731E-1,-1.520276070E-4,-4.881290125E0,4.883490714E0
3.277393565E2,1.139490768E-1,8.744399911E-1,-6.545948567E0,6.605079283E0
3.277493455E2,9.171441074E-1,1.718727061E0,-4.089138292E0,4.529484297E0
3.277593345E2,2.260156426E0,1.886696516E0,1.729103529E-1,2.949208166E0
3.277693225E2,1.739425765E0,1.206018634E0,4.301420872E0,4.793986280E0
3.277793115E2,-7.959668487E-1,8.779214233E-1,4.666078675E0,4.814208082E0
3.277892995E2,-1.766472208E0,1.368526790E0,1.314315792E0,2.592434307E0
3.277992885E2,-1.816402313E0,2.232249420E0,-2.187658261E0,3.614983195E0
3.278092775E2,-2.596437692E0,2.535757334E0,-3.009014889E0,4.714416671E0
3.278192655E2,-3.728929051E0,2.687470946E0,-2.569093480E0,5.265705390E0
3.278292545E2,-4.599932925E0,2.794000783E0,-1.990774616E0,5.738380160E0
3.278392425E2,-5.124939508E0,2.705760452E0,-1.342838218E0,5.948895617E0
3.278492315E2,-5.610300508E0,2.463117959E0,-4.838945174E-1,6.146265189E0
3.278592205E2,-4.591269983E0,1.991368693E0,-1.142206800E-1,5.005832168E0
3.278692085E2,-2.762881317E0,1.137008041E0,2.580057594E-1,2.998811002E0
3.278791975E2,-6.749332854E-1,-1.435561609E-1,7.886323938E-1,1.047895206E0
3.278891855E2,1.181908810E0,-1.224451981E0,1.156512598E0,2.057598716E0
3.278991745E2,3.191058593E0,-1.890930485E0,1.144329339E0,3.881747375E0
3.279091635E2,4.494987391E0,-2.099186087E0,1.237968405E0,5.113126211E0
3.279191515E2,4.614831631E0,-1.706578885E0,1.357830186E0,5.104192912E0
3.279291405E2,3.625549401E0,-8.426977962E-1,1.230703824E0,3.920380075E0
3.279391285E2,2.155850285E0,-4.790039062E-3,4.276887417E-1,2.197869663E0
3.279491175E2,1.123180837E0,3.700194079E-1,-6.619650382E-1,1.355229599E0
3.279591065E2,7.870483831E-1,3.710157734E-1,-1.303123344E0,1.566916817E0
3.279690945E2,5.835741588E-1,3.064262599E-1,-1.689375792E0,1.813407406E0
3.279790835E2,5.928388162E-1,6.469037801E-1,-1.695506598E0,1.909105808E0
3.279890725E2,6.668449051E-1,6.016761518E-1,-1.577120946E0,1.814939888E0
3.279990605E2,-6.038545319E-1,5.099128729E-1,-2.085276146E0,2.230028708E0
3.280090495E2,-3.091529920E0,3.332246339E-1,-2.476546090E0,3.975157410E0
3.280190375E2,-6.960136673E0,1.655323362E-1,-2.409185581E0,7.367162182E0
3.280290265E2,-9.243990694E0,3.056012177E-1,-3.258372032E0,9.806209480E0
3.280390155E2,-7.646458873E0,-5.405499440E-1,-5.293338150E0,9.315576005E0
3.280490035E2,-5.906520452E0,-2.493923430E0,-6.106541421E0,8.854179016E0
3.280589925E2,-4.709177917E0,-2.264985057E0,-5.208482772E0,7.377994764E0
3.280689803E2,-3.843492377E0,-2.389887430E0,-2.756800797E0,5.299428858E0
3.280789693E2,-4.453051161E0,-2.725393063E0,-7.644977188E-1,5.276541362E0
3.280889583E2,-5.371489695E0,-2.804954957E0,7.105852211E-1,6.101278982E0
3.280989463E2,-5.812292572E0,-3.085954599E0,6.164111352E-1,6.609525204E0
3.281089353E2,-5.785060335E0,-2.055799162E0,-9.770697355E-1,6.216743403E0
3.281189243E2,-4.743647546E0,-1.337636535E0,-3.237216221E0,5.896696736E0
3.281289123E2,-3.432003347E0,8.558739120E-1,-3.799704918E0,5.191235363E0
3.281389013E2,-1.498767379E0,2.335605388E0,-3.351522270E0,4.351328270E0
3.281488893E2,-4.991477834E-1,3.669979761E0,-2.801254254E0,4.643805051E0
3.281588783E2,-3.714224473E-2,5.386174393E0,-2.670542672E0,6.011992373E0
3.281688673E2,1.480515003E-1,6.781648661E0,-1.824075176E0,7.024238610E0
3.281788553E2,8.199407253E-1,6.146193144E0,-1.110021386E0,6.299217446E0
3.281888443E2,2.408465788E0,5.643532573E0,-1.146338443E0,6.242135787E0
3.281988323E2,3.280825048E0,5.080877815E0,-6.670398366E-1,6.084741121E0
3.282088213E2,3.247710219E0,4.197344234E0,-6.091980100E-2,5.307450566E0
3.282188103E2,3.328488626E0,3.622612052E0,8.121542805E-1,4.986155753E0
3.282287983E2,2.624283010E0,3.184136367E0,1.901239126E0,4.543159246E0
3.282387873E2,1.442256671E0,3.476888913E0,3.148342052E0,4.907231245E0
3.282487763E2,3.782455632E-1,4.037938026E0,4.433681674E0,6.008789095E0
3.282587643E2,-4.540713787E-2,4.573525438E0,5.512461387E0,7.162850500E0
3.282687533E2,1.000896847E0,4.432823887E0,5.220000617E0,6.920991877E0
3.282787413E2,2.912986359E0,2.808022991E0,5.981252546E0,7.221209363E0
3.282887303E2,4.574805393E0,-1.733165590E0,9.665038753E0,1.083262117E1
3.282987193E2,6.375929078E0,-7.654019322E0,1.444140410E1,1.754396295E1
3.283087073E2,6.768208836E0,-1.384116753E1,1.675771777E1,2.276417524E1
3.283186963E2,5.889110953E0,-1.504605415E1,1.480481089E1,2.191455678E1
3.283286843E2,3.752359428E0,-9.257041095E0,8.110633655E0,1.286683292E1
3.283386733E2,1.465399074E0,4.861664531E0,-4.451871777E0,6.752950375E0
3.283486623E2,-1.150884068E0,1.565528256E1,-1.118958972E1,1.927743044E1
3.283586503E2,-3.968297102E0,1.211925959E1,-4.060938048E0,1.338338719E1
3.283686393E2,-3.593437369E0,5.477250039E0,6.776151109E-1,6.585759057E0
3.283786283E2,-1.495303781E0,-1.851614392E-1,3.446520229E0,3.761478412E0
3.283886163E2,1.611835281E0,-6.268385918E0,5.337298102E0,8.389125462E0
3.283986053E2,3.586992861E0,-7.481431736E0,1.966823836E0,8.526824415E0
3.284085933E2,3.039125419E0,-5.738627011E0,-1.061812847E0,6.579936915E0
3.284185823E2,2.468687432E0,-3.425594798E0,5.670822698E-1,4.260363794E0
3.284285713E2,2.817501327E0,-6.434007132E-1,2.494866586E-1,2.900779516E0
3.284385593E2,1.853228516E0,6.564136916E-1,-1.024167303E0,2.216811569E0
3.284485483E2,1.252597846E-1,8.576555586E-1,-4.856124294E-1,9.935202577E-1
3.284585373E2,-1.640241200E-1,3.409219086E-2,-2.031521523E-1,2.633191721E-1
3.284685253E2,6.212239784E-1,-1.243392867E0,-5.250618392E-1,1.485811222E0
3.284785143E2,1.592383641E0,-2.306877433E0,-7.447703826E-1,2.900353784E0
3.284885023E2,2.252936576E0,-2.292310849E0,-1.449380334E0,3.525778722E0
3.284984913E2,3.221079952E0,-1.704483243E0,-1.588624758E0,3.975468250E0
3.285084803E2,4.628152173E0,-1.223191906E0,-2.430409804E0,5.368694701E0
3.285184683E2,5.051524208E0,-7.405937165E-1,-2.860345631E0,5.852175066E0
3.285284573E2,3.894078394E0,-9.204464686E-1,-2.363584315E0,4.647321708E0
3.285384453E2,2.020231865E0,-1.240387398E0,-1.700516492E0,2.917473912E0
3.285484343E2,2.344981983E-1,-1.533149884E0,-1.226595570E0,1.977390873E0
3.285584233E2,-4.088517903E-1,-2.297828282E0,-9.616857111E-1,2.524284851E0
3.285684113E2,-2.957282672E-1,-2.543575646E0,-9.679404777E-1,2.737542885E0
3.285784003E2,-1.925415024E-1,-2.218551732E0,-1.168012317E0,2.514616629E0
3.285883893E2,6.560283601E-3,-1.768310865E0,-1.030389910E0,2.046623981E0
3.285983773E2,-1.947632982E-1,-1.306455672E0,-5.614502317E-1,1.435264968E0
3.286083663E2,-4.012992342E-1,-9.634094703E-1,-3.298654085E-1,1.094536464E0
3.286183543E2,-4.253654967E-1,-9.373800051E-1,-7.800711930E-2,1.032328528E0
3.286283433E2,-4.108717109E-1,-8.111941677E-1,1.732453984E-1,9.256703024E-1
3.286383323E2,-5.459834692E-1,-6.245925593E-1,7.229152447E-1,1.100372784E0
3.286483203E2,-3.528680626E-1,-3.872131455E-1,1.130593060E0,1.246070045E0
3.286583093E2,1.489953871E-1,-2.355849034E-1,1.511288314E0,1.536779829E0
3.286682983E2,9.308422333E-1,-4.092548096E-1,1.574665700E0,1.874440938E0
3.286782863E2,1.838446170E0,-7.965427995E-1,1.539509316E0,2.526747650E0
3.286882753E2,2.406255687E0,-8.818747258E-1,1.226028391E0,2.840935599E0
3.286982633E2,2.368002179E0,-9.778930235E-1,1.079987748E0,2.780302613E0
3.287082523E2,2.006010998E0,-1.224056709E0,1.247657241E0,2.660647204E0
3.287182413E2,1.453869388E0,-1.540993924E0,9.701670974E-1,2.330155074E0
3.287282293E2,8.756649828E-1,-1.698087559E0,5.001450992E-1,1.974952060E0
3.287382183E2,5.803034091E-1,-1.720453159E0,2.316444647E-1,1.830401671E0
3.287482063E2,5.557081928E-1,-1.943384687E0,1.574245870E-2,2.021337048E0
3.287581953E2,2.335754346E-1,-1.873972975E0,-5.605450827E-1,1.969909385E0
3.287681843E2,-2.979010195E-1,-1.599254996E0,-6.762825304E-1,1.761737671E0
3.287781723E2,-3.648908150E-1,-1.499151834E0,-8.096873403E-1,1.742468111E0
3.287881613E2,-4.736113116E-1,-1.379322504E0,-1.017315536E0,1.778136425E0
3.287981503E2,-7.255552626E-1,-1.297096034E0,-1.246512356E0,1.939763289E0
3.288081383E2,-9.446252900E-1,-1.033856140E0,-1.505774975E0,2.056339887E0
3.288181273E2,-1.003349242E0,-6.589893901E-1,-1.255821708E0,1.737257863E0
3.288281153E2,-9.497481088E-1,-5.058379483E-1,-7.302622712E-1,1.300452415E0
3.288381043E2,-6.806642146E-1,-6.696868712E-1,-5.558006519E-1,1.104852317E0
3.288480933E2,-5.125734291E-1,-8.769817758E-1,-5.039568990E-1,1.133931705E0
3.288580813E2,-4.415996332E-1,-1.069273894E0,-4.695384336E-1,1.248528429E0
3.288680703E2,-3.209440193E-1,-1.346146572E0,-6.953444535E-1,1.548747741E0
3.288780593E2,-2.829736626E-1,-1.285750682E0,-9.695431995E-1,1.635005482E0
3.288880473E2,-2.853944464E-1,-1.025803939E0,-1.092755143E0,1.525725242E0
3.288980363E2,-1.439584859E-1,-6.982160211E-1,-1.254009656E0,1.442487392E0
3.289080243E2,1.130293098E-1,-3.794807875E-1,-1.240678589E0,1.302330471E0
3.289180133E2,5.026006374E-1,-1.255245173E-1,-1.040818419E0,1.162612054E0
3.289280023E2,1.000027951E0,6.373465061E-3,-1.137121477E0,1.514312311E0
3.289379903E2,1.386491483E0,2.302575052E-1,-1.497101215E0,2.053457864E0
3.289479793E2,1.576890273E0,4.130402970E-1,-1.512031496E0,2.223381313E0
3.289579673E2,1.681086195E0,3.943713069E-1,-1.619753580E0,2.367526385E0
3.289679563E2,1.756637483E0,3.990900099E-1,-1.731391545E0,2.498552534E0
3.289779453E2,1.777110924E0,3.610398388E-1,-1.636676592E0,2.442781871E0
3.289879333E2,1.639014893E0,2.208657074E-1,-1.745410244E0,2.404497536E0
3.289979223E2,1.550614933E0,-1.554072976E-2,-1.923201268E0,2.470496165E0
3.290079103E2,1.606594714E0,-2.232051784E-1,-1.793969616E0,2.418531395E0
3.290178993E2,1.760065998E0,-6.331598997E-1,-1.565693733E0,2.439286912E0
3.290278883E2,1.776590230E0,-1.075535093E0,-1.729190945E0,2.702434070E0
3.290378763E2,1.650230730E0,-1.374682154E0,-1.970533310E0,2.914792276E0
3.290478653E2,1.525230123E0,-1.324392006E0,-1.955133498E0,2.811207589E0
3.290578543E2,1.164894070E0,-1.011511590E0,-2.073025352E0,2.584099069E0
3.290678423E2,8.027824364E-1,-7.293442583E-1,-2.216400249E0,2.467556028E0
3.290778313E2,5.426152537E-1,-4.958731234E-1,-2.486391924E0,2.592771927E0
3.290878193E2,3.838908307E-1,-2.807932359E-1,-2.944680899E0,2.982844717E0
3.290978083E2,2.528947082E-1,-8.346081734E-2,-3.281980750E0,3.292767694E0
3.291077973E2,1.572031237E-2,1.312518650E-1,-3.375479775E0,3.378067183E0
3.291177853E2,-2.776230218E-1,2.437844539E-1,-3.169797240E0,3.191256797E0
3.291277743E2,-4.508105327E-1,1.963185114E-1,-2.957701479E0,2.998294371E0
3.291377623E2,-4.905575658E-1,1.281914324E-1,-2.594870053E0,2.643942201E0
3.291477513E2,-5.396054725E-1,2.181245327E-1,-2.285598246E0,2.358540167E0
3.291577403E2,-5.394228932E-1,2.585246998E-1,-1.914556160E0,2.005825857E0
3.291677283E2,-2.782431190E-1,4.645010573E-1,-1.512327365E0,1.606335744E0
3.291777173E2,1.932633412E-1,7.737088376E-1,-1.164511881E0,1.411404976E0
3.291877063E2,6.783407503E-1,9.138116330E-1,-9.711353964E-1,1.496095529E0
3.291976943E2,1.014643943E0,7.031346989E-1,-5.889569959E-1,1.367761339E0
3.292076833E2,1.260691270E0,2.315871620E-1,-1.987000823E-1,1.297095530E0
3.292176713E2,1.407292807E0,-3.497593904E-1,-1.535692254E-1,1.458214038E0
3.292276603E2,1.652792687E0,-8.847772837E-1,-3.834282428E-1,1.913523380E0
3.292376493E2,1.886597114E0,-1.254369260E0,-7.314708906E-1,2.380701698E0
3.292476373E2,1.878047023E0,-1.393580355E0,-1.221683032E0,2.638491284E0
3.292576263E2,1.812662288E0,-1.534939717E0,-1.473859410E0,2.795361527E0
3.292676143E2,1.566642736E0,-1.731607892E0,-1.339297729E0,2.691942376E0
3.292776033E2,1.184626888E0,-1.869987513E0,-9.476632109E-1,2.407957583E0
3.292875923E2,8.694786286E-1,-1.824397357E0,-5.773336083E-1,2.101840360E0
3.292975803E2,5.498212892E-1,-1.828980989E0,-1.527152395E-1,1.915932372E0
3.293075693E2,7.106878397E-1,-1.696080210E0,1.314676273E-1,1.843651003E0
3.293175573E2,1.035010380E0,-1.405064871E0,4.615821272E-2,1.745733187E0
3.293275463E2,8.806707841E-1,-1.128046598E0,-2.182005465E-2,1.431274352E0
3.293375353E2,3.490325814E-1,-7.575313461E-1,3.948338217E-1,9.228061714E-1
3.293475233E2,-4.015896946E-2,-2.667441308E-2,1.094452882E0,1.095514207E0
3.293575123E2,-6.095704776E-1,6.251562309E-1,1.588967113E0,1.813067281E0
3.293675013E2,-8.096738917E-1,9.800494766E-1,1.857587907E0,2.250933500E0
3.293774893E2,-7.436532721E-1,8.868203008E-1,2.091038577E0,2.389960829E0
3.293874783E2,-1.112660673E0,4.235471588E-1,2.319680496E0,2.607359502E0
3.293974663E2,-1.917615277E0,-2.666365421E-1,2.857912312E0,3.451956862E0
3.294074553E2,-2.737250047E0,-8.603125334E-1,3.556582369E0,4.569677628E0
3.294174443E2,-3.293503273E0,-7.866329384E-1,3.465223718E0,4.844969618E0
3.294274323E2,-3.080499147E0,-1.552845061E-2,2.316300806E0,3.854213999E0
3.294374213E2,-1.990911002E0,9.507537568E-1,7.774615806E-1,2.339253264E0
3.294474093E2,-6.208611587E-1,1.390921041E0,-4.597636431E-1,1.591072761E0
3.294573983E2,8.483792433E-1,1.400878850E0,-1.074165675E0,1.958581321E0
3.294673873E2,2.004811734E0,1.174997401E0,-8.817618746E-1,2.485436176E0
3.294773753E2,2.388251964E0,9.115838438E-1,-8.835739267E-1,2.704706164E0
3.294873643E2,2.434465140E0,7.853880662E-1,-9.601128101E-1,2.732264911E0
3.294973523E2,2.468585106E0,1.166944615E0,-1.369519940E0,3.054710628E0
3.295073413E2,2.430523971E0,1.623057842E0,-2.216157590E0,3.667849233E0
3.295173303E2,2.373431173E0,1.880027182E0,-2.927685967E0,4.211771938E0
3.295273183E2,2.237944462E0,2.143743625E0,-2.913267025E0,4.253370064E0
3.295373073E2,1.707111567E0,1.888054824E0,-2.991751277E0,3.928047432E0
3.295472963E2,1.202941244E0,1.981523151E0,-3.230530807E0,3.976157810E0
3.295572843E2,5.983246739E-1,1.934604508E0,-3.499779008E0,4.043406995E0
3.295672733E2,1.887416893E-1,2.222039012E0,-3.890820033E0,4.484591545E0
3.295772613E2,-9.095694780E-2,2.401668985E0,-3.892394396E0,4.574606127E0
3.295872503E2,-2.496471646E-1,2.590792497E0,-4.022515117E0,4.791154072E0
3.295972393E2,-6.653951611E-1,2.848754695E0,-4.204110924E0,5.121787061E0
3.296072273E2,-1.357195471E0,3.058964437E0,-4.024794654E0,5.234330423E0
3.296172163E2,-2.394792659E0,2.980086667E0,-3.582321520E0,5.239177025E0
3.296272043E2,-3.194724505E0,3.230311829E0,-3.367372026E0,5.655119232E0
3.296371933E2,-3.562222009E0,3.931624535E0,-2.645396721E0,5.928340488E0
3.296471823E2,-3.809416266E0,4.218883038E0,-8.009986702E-1,5.740402882E0
3.296571703E2,-4.145286473E0,1.827449019E0,2.535242195E0,5.191379667E0
3.296671593E2,-4.682528062E0,-5.289631015E0,7.243813756E0,1.011825593E1
3.296771483E2,-1.884971441E0,-1.249847725E1,1.302799642E1,1.815196248E1
3.296871363E2,3.883244965E0,-1.233213332E1,9.087913890E0,1.580352121E1
3.296971253E2,4.430581480E0,-9.012776585E0,-6.422889236E0,1.192114509E1
3.297071133E2,-5.542783293E-1,-1.724153277E0,-3.291202101E0,3.756586251E0
3.297171023E2,-3.466278555E0,4.334611714E0,1.748782334E0,5.819122390E0
3.297270913E2,-8.492811763E0,6.869442265E0,-3.781292621E0,1.155920683E1
3.297370793E2,-9.569443209E0,6.599731257E0,-6.387115386E0,1.326370759E1
3.297470683E2,-5.664738085E0,5.604938611E0,-2.117805376E0,8.245586336E0
3.297570563E2,-3.460232242E0,3.260027964E0,-3.466004906E0,5.883381638E0
3.297670453E2,-7.872558861E-1,5.046147108E-2,-4.497677110E0,4.566335246E0
3.297770343E2,1.268189739E0,-3.539924821E0,-1.318429893E0,3.984674433E0
3.297870223E2,1.233683565E0,-5.834026673E0,2.786695564E0,6.582060052E0
3.297970113E2,2.156018246E-1,-6.762680293E0,2.090567291E0,7.081722989E0
3.298069993E2,4.794712815E-1,-5.945474018E0,-5.976088285E-1,5.994638465E0
3.298169883E2,2.512155341E0,-3.310515162E0,-8.717268831E-1,4.246215121E0
3.298269773E2,4.541554032E0,-2.757400721E-1,-1.245758943E0,4.717378611E0
3.298369653E2,5.267349615E0,1.173575943E0,-1.261392351E0,5.541963833E0
3.298469543E2,5.350860718E0,1.636177824E0,-2.256759194E-1,5.599974814E0
3.298569433E2,4.263324508E0,1.292520588E0,1.473417653E0,4.692281418E0
3.298669313E2,2.689839653E0,4.602214801E-1,1.590327175E0,3.158509410E0
3.298769203E2,1.589486930E0,-3.161519337E-1,-8.398648202E-3,1.620645329E0
3.298869083E2,1.186798836E0,-1.186833335E0,-7.470192218E-1,1.837145220E0
3.298968973E2,1.213603788E0,-1.736668072E0,-1.285355410E0,2.478101830E0
3.299068863E2,1.370312968E0,-1.520732152E0,-1.861145646E0,2.766630988E0
3.299168743E2,1.873952217E0,-5.067214626E-1,-2.003548443E0,2.789743701E0
3.299268633E2,2.492015776E0,1.915395820E-1,-2.097819008E0,3.263077478E0
3.299368513E2,3.292601632E0,7.314410698E-1,-1.862756261E0,3.853062735E0
3.299468403E2,3.947670172E0,1.164054337E0,-1.514395525E0,4.385489265E0
3.299568293E2,4.091134239E0,1.418860207E0,-1.474685329E0,4.574411489E0
3.299668173E2,3.514236541E0,1.456602230E0,-1.618489997E0,4.134133330E0
3.299768063E2,2.671447821E0,1.351969814E0,-2.011938028E0,3.607263571E0
3.299867953E2,2.255981660E0,1.047152708E0,-2.364447949E0,3.431704554E0
3.299967833E2,2.054149224E0,4.653617674E-1,-2.937232423E0,3.614336027E0
3.300067723E2,1.656776249E0,1.115303761E-1,-3.584963585E0,3.950861990E0
3.300167603E2,7.946820693E-1,2.221807462E-1,-3.895366536E0,3.981804154E0
3.300267493E2,1.480273806E-2,8.131050378E-1,-2.668384464E0,2.789558132E0
3.300367383E2,1.037532869E0,7.162424022E-1,-1.292620575E-1,1.267354060E0
3.300467263E2,3.411507979E0,-1.978159833E-1,5.106130770E-1,3.455176344E0
3.300567153E2,5.636638706E0,-8.208835888E-1,-1.096130741E0,5.800607586E0
3.300667033E2,5.439251908E0,-7.242758918E-1,-1.903414291E0,5.808013675E0
3.300766924E2,2.446387467E0,-3.148883504E-1,-1.058989519E0,2.684292293E0
3.300866814E2,-3.533117200E-1,7.799834847E-2,4.731245309E-2,3.648991396E-1
3.300966694E2,-1.669353318E0,-4.310087907E-1,1.834315404E-1,1.733827041E0
3.301066584E2,-1.856872939E0,-1.510059814E0,9.380220294E-1,2.570630872E0
3.301166464E2,-1.546511649E0,-1.703974535E0,2.633035122E0,3.496870237E0
3.301266354E2,-1.226852263E0,-1.379833551E0,4.725565324E0,5.073467723E0
3.301366244E2,-1.211340258E0,-1.403863853E0,5.658752291E0,5.954801124E0
3.301466124E2,-1.170584068E0,-1.584333487E0,5.058459590E0,5.428479813E0
3.301566014E2,-1.018954218E0,-1.873987593E0,4.096755753E0,4.618820725E0
3.301665904E2,-6.227337295E-1,-1.762768874E0,3.274990404E0,3.771036137E0
3.301765784E2,-1.571271099E-2,-1.016637259E0,2.805709832E0,2.984259685E0
3.301865674E2,6.400713086E-2,-4.570359170E-1,2.721954315E0,2.760799529E0
3.301965554E2,-8.014044669E-1,3.100719988E-2,2.385866300E0,2.517055535E0
3.302065444E2,-1.750519834E0,9.989658040E-1,1.495359914E0,2.509652095E0
3.302165334E2,-2.504903039E0,2.218750538E0,9.117937589E-1,3.468250430E0
3.302265214E2,-3.188879628E0,2.742292101E0,1.190162154E0,4.370995905E0
3.302365104E2,-4.430411911E0,1.982228910E0,2.234778340E0,5.343408592E0
3.302464994E2,-4.785416839E0,1.015070790E0,1.576782977E0,5.139730303E0
3.302564874E2,-4.104013609E0,-7.566659582E-1,9.069288754E-1,4.270596101E0
3.302664764E2,-3.954077259E0,-2.088020244E0,7.469075400E-1,4.533478398E0
3.302764644E2,-4.395100283E0,-1.835796504E0,7.110717094E-1,4.815877727E0
3.302864534E2,-4.647064407E0,-3.520702100E-1,9.560080647E-2,4.661362521E0
3.302964424E2,-4.882739650E0,9.394604445E-1,-4.549636638E-1,4.993067629E0
3.303064304E2,-4.627418932E0,1.910045033E0,-1.239110366E0,5.157196186E0
3.303164194E2,-3.729802625E0,2.289390165E0,-1.966229759E0,4.797790576E0
3.303264074E2,-2.543269837E0,1.727116646E0,-1.555979168E0,3.445609459E0
3.303363964E2,-2.251140019E-1,8.975037485E-1,-5.104250890E-1,1.056751184E0
3.303463854E2,1.500155801E0,5.305383414E-1,4.332342410E-1,1.649130154E0
3.303563734E2,2.165075729E0,7.687732029E-1,6.635127962E-1,2.391404270E0
3.303663624E2,1.197175597E0,1.694328969E0,5.921340805E-1,2.157452858E0
3.303763514E2,-9.827438736E-1,3.052687451E0,2.228841662E-2,3.207052068E0
3.303863394E2,-2.375696238E0,4.196416866E0,-1.137351857E0,4.954534930E0
3.303963284E2,-1.567854863E0,3.825403431E0,-1.235309676E0,4.314843019E0
3.304063164E2,-5.633002907E-2,2.200710123E0,2.185981572E-1,2.212257506E0
3.304163054E2,-7.892828965E-1,1.864180058E-1,3.429400166E0,3.523989879E0
3.304262944E2,-2.722215393E0,-1.293304700E0,4.718241102E0,5.598650979E0
3.304362824E2,-2.935949837E0,-3.701658806E0,3.518124062E0,5.890609160E0
3.304462714E2,1.298929721E-2,-7.345204475E0,3.235386043E0,8.026202112E0
3.304562604E2,6.244693000E0,-1.198892047E1,7.666261053E0,1.554033344E1
3.304662484E2,8.352663360E0,-1.610093044E1,8.410888764E0,1.999374893E1
3.304762374E2,3.137677315E0,-1.261162789E1,2.689676515E0,1.327149339E1
3.304862254E2,-1.964570904E0,-3.868740070E0,1.171113095E0,4.494240141E0
3.304962144E2,-4.981296224E0,7.156120723E-1,4.243634301E0,6.582844734E0
3.305062034E2,-5.419308810E0,1.733769608E-1,4.930434803E0,7.328584781E0
3.305161914E2,-3.732285937E0,-1.305168115E0,1.940923010E0,4.404611703E0
3.305261804E2,-2.250660548E0,-2.149066930E0,2.779555821E-1,3.124295261E0
3.305361684E2,-1.221968084E0,-2.724281507E0,-4.070890009E-2,2.986063118E0
3.305461574E2,-5.402821416E-1,-2.964195104E0,1.609586442E-1,3.017327475E0
3.305561464E2,6.018042058E-2,-2.547626013E0,3.356541520E-1,2.570346998E0
3.305661344E2,8.708834222E-1,-2.242200211E0,1.375767982E-1,2.409320879E0
3.305761234E2,1.262493966E0,-2.493207146E0,1.773858118E-1,2.800256883E0
3.305861124E2,1.228902005E0,-2.929573156E0,6.053768545E-1,3.234050115E0
3.305961004E2,1.218039925E0,-2.915840385E0,8.115455854E-1,3.262568412E0
3.306060894E2,8.240660821E-1,-2.347474651E0,7.456837177E-1,2.597261318E0
3.306160774E2,9.628522307E-2,-1.532652286E0,4.013692546E-1,1.587259006E0
3.306260664E2,-7.535502693E-1,-7.359521967E-1,-1.208911836E-2,1.053380174E0
3.306360554E2,-1.423090229E0,3.632290363E-2,-1.391099381E-1,1.430334481E0
3.306460434E2,-1.673321969E0,4.626603538E-1,-1.728542197E-1,1.744688969E0
3.306560324E2,-1.638022328E0,6.915197897E-1,-1.694616652E-1,1.786066635E0
3.306660204E2,-1.518727288E0,7.325374228E-1,-1.360483360E-1,1.691642043E0
3.306760094E2,-1.278911194E0,5.958037931E-1,-1.576935589E-2,1.410972953E0
3.306859984E2,-1.065400845E0,3.958781344E-1,9.258715153E-2,1.140338037E0
3.306959864E2,-8.410921508E-1,2.070808965E-1,1.902379918E-1,8.868534250E-1
3.307059754E2,-7.740022217E-1,1.578754073E-1,1.715795267E-1,8.083585945E-1
3.307159644E2,-1.003218630E0,2.344715935E-1,3.878633559E-2,1.030984446E0
3.307259524E2,-1.175812137E0,2.642561406E-1,-2.356600401E-1,1.227966263E0
3.307359414E2,-1.171564281E0,4.217292595E-1,-4.762776420E-1,1.333138712E0
3.307459294E2,-1.038825396E0,7.060623997E-1,-5.331514621E-1,1.364526584E0
3.307559184E2,-9.009562370E-1,1.208195552E0,-3.861062676E-1,1.555807406E0
3.307659074E2,-7.308863883E-1,1.788153976E0,-1.599619862E-1,1.938369776E0
3.307758954E2,-6.136620668E-1,2.346676506E0,3.036342144E-2,2.425776926E0
3.307858844E2,-4.903570429E-1,2.796285875E0,1.207333088E-1,2.841520940E0
3.307958724E2,-5.249466125E-1,2.895872728E0,6.147762537E-2,2.943709786E0
3.308058614E2,-6.002828334E-1,2.827355640E0,-2.998452187E-2,2.890532558E0
3.308158504E2,-6.820970017E-1,2.564827936E0,-1.308440217E-1,2.657201314E0
3.308258384E2,-6.987952609E-1,2.243431050E0,-2.928425932E-1,2.367921975E0
3.308358274E2,-7.011208447E-1,1.930215588E0,-5.189380503E-1,2.118159426E0
3.308458164E2,-7.908661763E-1,1.700396624E0,-6.471967256E-1,1.983855234E0
3.308558044E2,-7.713131603E-1,1.600225634E0,-6.939317662E-1,1.907141150E0
3.308657934E2,-7.864325982E-1,1.707893339E0,-6.321658731E-1,1.983685858E0
3.308757814E2,-7.297678891E-1,1.859813942E0,-4.531293923E-1,2.048608142E0
3.308857704E2,-7.298049458E-1,1.878556607E0,-2.391101897E-1,2.029473791E0
3.308957594E2,-6.059924202E-1,1.816263295E0,-1.879429597E-1,1.923892338E0
3.309057474E2,-5.061062624E-1,1.700636360E0,-5.305760559E-1,1.851976925E0
3.309157364E2,-4.134329376E-1,1.757456678E0,-1.161609616E0,2.146838995E0
3.309257244E2,-4.301425988E-1,2.034801811E0,-1.936358673E0,2.841641423E0
3.309357134E2,-6.990812628E-1,2.242646939E0,-2.380433067E0,3.344344703E0
3.309457024E2,-9.939309859E-1,2.439444337E0,-2.538258188E0,3.658079019E0
3.309556904E2,-1.361240282E0,2.543002034E0,-2.515443230E0,3.827177693E0
3.309656794E2,-1.743411520E0,2.459281016E0,-2.187077340E0,3.724359560E0
3.309756684E2,-2.047034040E0,2.173768492E0,-1.608773679E0,3.391720886E0
3.309856564E2,-2.159231145E0,1.861286856E0,-1.044590166E0,3.036089016E0
3.309956454E2,-2.189631550E0,1.589686028E0,-7.172060233E-1,2.799280706E0
3.310056334E2,-2.118771190E0,1.375334703E0,-5.366326019E-1,2.582384838E0
3.310156224E2,-2.031249920E0,1.148235279E0,-2.210873169E-1,2.343779020E0
3.310256114E2,-2.036750980E0,1.019045727E0,-1.558774137E-1,2.282784816E0
3.310355994E2,-1.960053637E0,1.036565740E0,-3.147176117E-1,2.239492346E0
3.310455884E2,-1.772692183E0,1.160513263E0,-6.694699395E-1,2.222030290E0
3.310555764E2,-1.481703304E0,1.196952526E0,-1.037031178E0,2.168772393E0
3.310655654E2,-1.346609964E0,1.041147033E0,-1.239062127E0,2.105378943E0
3.310755546E2,-1.235376334E0,7.941928035E-1,-1.313160382E0,1.970098243E0
3.310855426E2,-1.258785954E0,5.656842005E-1,-1.088572630E0,1.757706194E0
3.310955316E2,-1.459093436E0,3.351238096E-1,-7.517689151E-1,1.675236737E0
3.311055206E2,-1.723401179E0,-2.119732618E-2,-2.576107800E-1,1.742677326E0
3.311155086E2,-2.040363244E0,-4.166889596E-1,7.404183000E-2,2.083793188E0
3.311254976E2,-2.150161090E0,-6.595869756E-1,5.167526534E-1,2.307657036E0
3.311354856E2,-2.236590100E0,-7.556853801E-1,1.173184179E0,2.636239137E0
3.311454746E2,-2.265540981E0,-8.440613669E-1,1.685267831E0,2.947073665E0
3.311554636E2,-1.714014497E0,-1.104129147E0,2.306321948E0,3.078322237E0
3.311654516E2,-7.008908299E-1,-1.524486650E0,3.144512418E0,3.564164116E0
3.311754406E2,9.605323479E-2,-1.913667968E0,3.611702609E0,4.088489581E0
3.311854286E2,5.208217308E-1,-2.171843004E0,3.595400864E0,4.232619128E0
3.311954176E2,7.142530333E-1,-2.441900167E0,3.231597339E0,4.112937537E0
3.312054066E2,7.167490634E-1,-2.417089262E0,1.786477579E0,3.089911303E0
3.312153946E2,-7.904441535E-2,-2.113489546E0,3.794752327E-1,2.148740918E0
3.312253836E2,-9.458122748E-1,-1.692014641E0,3.585161805E-2,1.938752109E0
3.312353726E2,-1.324187061E0,-1.436513536E0,6.621498102E-1,2.062882664E0
3.312453606E2,-1.241417970E0,-1.558453125E0,1.294490515E0,2.376047224E0
3.312553496E2,-3.383495723E-1,-1.652297428E0,-6.218660027E-2,1.687730547E0
3.312653376E2,7.214959793E-1,-1.290429039E0,-1.588321872E0,2.169914727E0
3.312753266E2,1.235178698E0,-5.920089501E-1,-2.337402238E0,2.709167812E0
3.312853156E2,1.005973253E0,2.838647783E-1,-2.159704185E0,2.399350655E0
3.312953036E2,7.051088651E-1,7.219703346E-1,-3.176962710E0,3.333393427E0
3.313052926E2,6.322287306E-1,4.912093842E-1,-2.825170243E0,2.936424140E0
3.313152806E2,8.797466317E-1,-1.070438075E-1,-2.592659513E0,2.739944500E0
3.313252696E2,1.292393411E0,-8.652844208E-1,-2.839821904E0,3.237836670E0
3.313352586E2,1.756272032E0,-1.382929067E0,-2.711999431E0,3.514530576E0
3.313452466E2,2.147418746E0,-1.444354067E0,-2.407158936E0,3.534399537E0
3.313552356E2,2.261577299E0,-1.160627868E0,-1.874526706E0,3.158423547E0
3.313652246E2,2.143050291E0,-7.978408813E-1,-1.450082877E0,2.707758293E0
3.313752126E2,1.892008566E0,-6.163123173E-1,-1.397840929E0,2.431768193E0
3.313852016E2,1.795229691E0,-6.985820568E-1,-1.509509591E0,2.447342588E0
3.313951896E2,1.973576932E0,-9.541813946E-1,-1.558231808E0,2.689526800E0
3.314051786E2,2.154607751E0,-1.269324684E0,-1.635104860E0,2.987823224E0
3.314151676E2,1.978198863E0,-1.367396523E0,-1.643116423E0,2.912537652E0
3.314251556E2,1.552857632E0,-1.327406831E0,-1.440770309E0,2.499838956E0
3.314351446E2,9.482435471E-1,-1.331913865E0,-8.852131936E-1,1.859237146E0
3.314451326E2,2.122415029E-1,-1.288099508E0,-2.723782155E-1,1.333580403E0
3.314551216E2,-4.069094914E-1,-1.317980534E0,2.123816898E-1,1.395619578E0
3.314651106E2,-7.888056175E-1,-1.390839180E0,2.071700665E-1,1.612317389E0
3.314750986E2,-9.253698242E-1,-1.239141356E0,5.464018375E-2,1.547503203E0
3.314850876E2,-7.720416503E-1,-8.188581133E-1,-9.800956696E-2,1.129682608E0
3.314950756E2,-4.727590799E-1,-2.960386813E-1,-7.152957380E-2,5.623668984E-1
3.315050646E2,-1.810366671E-1,2.201242805E-1,7.296331108E-2,2.941982638E-1
3.315150536E2,1.958073185E-1,6.230272597E-1,7.056478322E-2,6.568735502E-1
3.315250416E2,6.680095974E-1,9.154868603E-1,-1.586235586E-1,1.144340180E0
3.315350306E2,1.284274991E0,9.803839374E-1,-3.159025499E-1,1.646301715E0
3.315450196E2,1.836960246E0,8.880581564E-1,-3.483300385E-1,2.069880202E0
3.315550076E2,2.303422021E0,7.337349325E-1,-3.171523923E-1,2.438176695E0
3.315649966E2,2.609257420E0,6.720801365E-1,-2.489238641E-1,2.705897094E0
3.315749846E2,2.757808272E0,6.734963322E-1,-2.090163249E-1,2.846540286E0
3.315849736E2,2.839653212E0,7.939630079E-1,-2.685374719E-1,2.960763414E0
3.315949626E2,2.841225528E0,9.042625451E-1,-3.822430122E-1,3.006054386E0
3.316049506E2,2.687111342E0,9.317134684E-1,-4.568596235E-1,2.880516979E0
3.316149396E2,2.378762518E0,8.467902625E-1,-4.978027046E-1,2.573591342E0
3.316249276E2,2.000995988E0,6.591683149E-1,-3.769635612E-1,2.140231141E0
3.316349166E2,1.613513870E0,3.961301494E-1,-1.284490022E-1,1.666386885E0
3.316449056E2,1.143754412E0,2.075200224E-1,2.382035789E-1,1.186583187E0
3.316548936E2,8.153160162E-1,1.776664782E-1,7.825422263E-1,1.143974615E0
3.316648826E2,6.444078961E-1,1.430059379E-1,1.400230978E0,1.548017773E0
3.316748716E2,6.798298900E-1,1.344508767E-1,1.804710805E0,1.933190836E0
3.316848596E2,8.649897212E-1,2.132970715E-1,2.049686922E0,2.234931618E0
3.316948486E2,1.171591982E0,3.753421283E-1,2.082855399E0,2.419048594E0
3.317048366E2,1.418944992E0,4.092390221E-1,1.990657087E0,2.478628069E0
3.317148256E2,1.618794929E0,3.763408327E-1,1.826015574E0,2.469101521E0
3.317248146E2,1.741247904E0,3.560890013E-1,1.534929631E0,2.348351041E0
3.317348026E2,1.735821688E0,1.192159563E-1,1.272841345E0,2.155786276E0
3.317447916E2,1.753249606E0,-2.796056664E-1,1.111036463E0,2.094389060E0
3.317547796E2,1.829624183E0,-6.963256162E-1,8.296099734E-1,2.126181254E0
3.317647686E2,1.958976288E0,-1.141486423E0,4.935611343E-1,2.320384008E0
3.317747576E2,2.270732577E0,-1.508266473E0,2.215223497E-1,2.734989277E0
3.317847456E2,2.568397077E0,-1.688140860E0,4.612868428E-2,3.073859295E0
3.317947346E2,2.814055563E0,-1.699106728E0,7.319310665E-2,3.288043433E0
3.318047236E2,2.980464105E0,-1.412960951E0,1.905483328E-1,3.303926996E0
3.318147116E2,3.009797539E0,-9.322753859E-1,3.057428665E-1,3.165674860E0
3.318247006E2,2.759567407E0,-4.641239119E-1,6.123853272E-1,2.864548668E0
3.318346886E2,2.221123922E0,-3.454149091E-1,9.736029214E-1,2.449613355E0
3.318446776E2,1.670719958E0,-6.190137309E-1,1.179830563E0,2.136933161E0
3.318546666E2,1.127883461E0,-7.331999123E-1,9.734175646E-1,1.660495398E0
3.318646546E2,7.072312582E-1,-6.069737291E-1,9.521559191E-1,1.332364085E0
3.318746436E2,5.423608267E-1,-4.083794814E-1,1.098973949E0,1.291771190E0
3.318846316E2,6.758010122E-1,-7.957651198E-2,1.017527790E0,1.224092412E0
3.318946206E2,9.070528364E-1,3.238907236E-1,5.340552954E-1,1.101301552E0
3.319046096E2,1.140367266E0,6.929295534E-1,-2.799374959E-1,1.363434585E0
3.319145976E2,1.288141608E0,1.086627846E0,-1.322166556E0,2.142006835E0
3.319245866E2,1.059705949E0,1.215944867E0,-2.293475615E0,2.803841831E0
3.319345756E2,6.107144853E-1,1.470349034E0,-2.587214294E0,3.037857183E0
3.319445636E2,2.876274616E-2,1.377512791E0,-1.558756888E0,2.080406648E0
3.319545526E2,-8.683252653E-1,6.243417138E-1,1.068705253E0,1.511926671E0
3.319645406E2,-2.735073713E0,-3.736926287E-1,3.189440669E0,4.218151986E0
3.319745296E2,-3.997678776E0,-9.774486351E-1,3.823489345E0,5.617464927E0
3.319845186E2,-5.669555022E0,-7.030083990E-1,2.603705196E0,6.278324275E0
3.319945066E2,-6.696120853E0,2.283922434E-1,-4.701129225E-1,6.716487449E0
3.320044956E2,-5.504741893E0,8.000575608E-1,-2.685341097E0,6.176838367E0
3.320144846E2,-3.738061817E0,7.057472348E-2,-3.000351947E0,4.793766655E0
3.320244726E2,-2.377613540E0,-1.328425416E0,-2.312795400E0,3.573063502E0
3.320344616E2,-1.780979881E0,-2.094859148E0,-1.544182703E0,3.153541565E0
3.320444496E2,-1.699075007E0,-1.746170382E0,-1.085656916E0,2.667324094E0
3.320544386E2,-1.889411671E0,-1.046050508E0,-1.034447293E0,2.394614652E0
3.320644276E2,-1.932781639E0,-1.500956869E-1,-1.244521379E0,2.303694216E0
3.320744161E2,-1.896480808E0,8.106497920E-1,-1.240078665E0,2.406571760E0
3.320844051E2,-1.884640343E0,1.665348414E0,-1.160871697E0,2.769995967E0
3.320943931E2,-1.905322529E0,2.280504152E0,-1.035239006E0,3.146851272E0
3.321043821E2,-1.878283250E0,2.669072682E0,-8.494747192E-1,3.372462638E0
3.321143711E2,-1.881188147E0,2.872233605E0,-5.929415810E-1,3.484275311E0
3.321243591E2,-1.759155294E0,2.751686822E0,-4.223499414E-1,3.293142449E0
3.321343481E2,-1.512839581E0,2.356496905E0,1.022069907E-1,2.802179068E0
3.321443371E2,-1.295398003E0,1.872187820E0,6.910736471E-1,2.379228027E0
3.321543251E2,-1.071123880E0,1.456689938E0,1.653688188E0,2.450293160E0
3.321643141E2,-8.166548093E-1,1.161152948E0,2.403050390E0,2.791030710E0
3.321743021E2,-3.598432061E-1,1.048297593E0,2.924989523E0,3.127935212E0
3.321842911E2,2.337603528E-1,1.277721285E0,3.262362464E0,3.511441931E0
3.321942801E2,8.345400533E-1,1.541607882E0,3.342852604E0,3.774609317E0
3.322042681E2,1.763086816E0,1.694642379E0,3.013065548E0,3.880573657E0
3.322142571E2,2.964369644E0,1.589970202E0,2.093412547E0,3.962053599E0
3.322242461E2,3.636058894E0,1.234242559E0,1.206970561E0,4.025053653E0
3.322342341E2,3.349806405E0,4.697916180E-1,8.699545920E-1,3.492667764E0
3.322442231E2,2.179212835E0,-6.666562593E-1,1.330376632E0,2.638806762E0
3.322542111E2,3.621724445E-1,-1.793801801E0,2.041008630E0,2.741278901E0
3.322642001E2,-7.244784978E-1,-2.503857849E0,2.442335785E0,3.571999064E0
3.322741891E2,1.374095678E-4,-3.083646703E0,2.168036467E0,3.769517095E0
3.322841771E2,1.880492620E0,-3.294306096E0,1.092863317E0,3.947537888E0
3.322941661E2,3.500380979E0,-2.279572105E0,-6.469207370E-1,4.227011051E0
3.323041541E2,4.104442795E0,-2.217386967E-1,-2.425555446E0,4.772728562E0
3.323141431E2,3.323431369E0,2.233384949E0,-3.555282533E0,5.354739796E0
3.323241321E2,1.858856461E0,4.342630586E0,-3.303147378E0,5.764075845E0
3.323341201E2,7.897211453E-1,5.613588982E0,-1.359267139E0,5.829549545E0
3.323441091E2,5.851668307E-1,5.045104550E0,1.661524335E-1,5.081644101E0
3.323540981E2,1.205753463E0,2.553908846E0,-2.823401168E-1,2.838310721E0
3.323640861E2,1.766830350E0,-4.378237206E-1,-1.598277926E0,2.422368970E0
3.323740751E2,1.733484848E0,-2.693913993E0,-2.744990006E0,4.218662401E0
3.323840631E2,1.229076836E0,-3.424807763E0,-3.365243347E0,4.956289022E0
3.323940521E2,5.679944354E-1,-3.204477076E0,-3.367576386E0,4.683146562E0
3.324040411E2,-1.637152409E-1,-2.829957066E0,-2.777264298E0,3.968457717E0
3.324140291E2,-1.058289607E0,-1.979580122E0,-2.135623012E0,3.098322126E0
3.324240181E2,-1.564015289E0,-6.545186090E-1,-1.546557550E0,2.294859187E0
3.324340071E2,-1.688961809E0,4.781788641E-1,-1.088893057E0,2.065656097E0
3.324439951E2,-1.558373019E0,1.401042572E0,-6.467885900E-1,2.193121573E0
3.324539841E2,-1.259094687E0,2.026140330E0,-3.137528211E-1,2.406035100E0
3.324639721E2,-1.103088416E0,2.376612496E0,-4.485346502E-1,2.658246479E0
3.324739611E2,-1.148700425E0,2.730778933E0,-5.800198191E-1,3.018789367E0
3.324839501E2,-9.557666478E-1,2.811755853E0,-1.074580243E0,3.158193085E0
3.324939381E2,-9.246924242E-1,2.767560259E0,-2.151463119E0,3.625360591E0
3.325039271E2,-9.602023456E-1,3.250789363E0,-2.809740903E0,4.402756406E0
3.325139151E2,-6.961428908E-1,3.946442549E0,-2.780251055E0,4.877378358E0
3.325239041E2,-3.175372852E-1,4.281344749E0,-2.655166249E0,5.047836229E0
3.325338931E2,3.358091033E-1,4.360986165E0,-2.300771770E0,4.942116837E0
3.325438811E2,1.001249726E0,3.736744439E0,-1.780353205E0,4.258569895E0
3.325538701E2,1.495383449E0,1.980144963E0,-1.371912913E0,2.835364311E0
3.325638591E2,2.277225033E0,3.157905757E-2,-1.713184485E0,2.849868798E0
3.325738471E2,2.691686203E0,-1.166220145E0,-1.902984520E0,3.496654705E0
3.325838361E2,2.225242555E0,-8.206362516E-1,-1.153817616E0,2.637507038E0
3.325938241E2,6.553899904E-1,8.464897156E-2,-7.729679954E-1,1.016946906E0
3.326038131E2,-1.239327883E0,4.337470418E-1,-1.082161742E0,1.701512308E0
3.326138021E2,-1.461416243E0,5.251162183E-1,-1.918236398E0,2.468018508E0
3.326237901E2,-3.192187983E-1,2.806534874E-1,-2.170703967E0,2.211927379E0
3.326337791E2,1.446115249E0,-5.855278963E-1,-1.530969458E0,2.185854458E0
3.326437681E2,2.565034928E0,-1.463897216E0,-9.893260843E-1,3.114669379E0
3.326537561E2,1.925289309E0,-1.160229673E0,-4.249481517E-1,2.287674091E0
3.326637451E2,7.640009978E-1,-9.343721974E-1,9.019031936E-1,1.506711087E0
3.326737331E2,-2.393382311E-1,-1.751174430E0,4.283728659E-2,1.767973333E0
3.326837221E2,-9.210990179E-1,-2.876515521E0,-1.558306360E-1,3.024408724E0
3.326937111E2,-1.366957982E0,-4.104092254E0,6.427499181E-1,4.373245341E0
3.327036991E2,-1.086442489E0,-5.243204123E0,1.404885362E0,5.535815173E0
3.327136881E2,-7.647573352E-2,-5.850956701E0,1.835135184E0,6.132476172E0
3.327236771E2,6.150007868E-1,-5.760294453E0,2.135539396E0,6.174119100E0
3.327336651E2,2.637143961E-1,-4.881181367E0,2.199700309E0,5.360425195E0
3.327436541E2,-6.441643596E-2,-3.952090960E0,2.120422590E0,4.485461447E0
3.327536421E2,-1.265290689E-1,-4.048716198E0,1.943381764E0,4.492754738E0
3.327636311E2,-5.926755327E-1,-4.542867317E0,1.558933766E0,4.839336962E0
3.327736201E2,-1.155679662E0,-4.706437327E0,1.531237260E0,5.082404484E0
3.327836081E2,-1.237119682E0,-4.778027127E0,2.119934932E0,5.371604272E0
3.327935971E2,-1.083214826E0,-4.972978560E0,2.810080626E0,5.813813141E0
3.328035861E2,-1.126087781E0,-4.689288613E0,2.744508780E0,5.548858426E0
3.328135741E2,-7.913118804E-1,-4.320311764E0,2.748198958E0,5.181106614E0
3.328235631E2,7.467800707E-2,-4.100722504E0,2.639782224E0,4.877494444E0
3.328335511E2,9.254619178E-1,-3.759926895E0,2.231327314E0,4.469043701E0
3.328435401E2,1.440970284E0,-3.232681121E0,2.155663759E0,4.144093245E0
3.328535291E2,1.566325524E0,-2.702614065E0,2.152681679E0,3.793617909E0
3.328635171E2,1.543231654E0,-2.244707497E0,2.008850114E0,3.384635056E0
3.328735061E2,1.565078021E0,-1.758430240E0,1.735427878E0,2.924595021E0
3.328834951E2,1.540393707E0,-1.458501990E0,1.479208151E0,2.586135647E0
3.328934831E2,1.230924264E0,-1.217261660E0,9.927888054E-1,1.995627747E0
3.329034721E2,8.247526914E-1,-8.903859329E-1,5.893034434E-1,1.349178513E0
3.329134601E2,4.909389505E-1,-7.413234490E-1,4.461770529E-1,9.948142900E-1
3.329234491E2,2.388874108E-1,-7.768710119E-1,5.245975703E-1,9.673667220E-1
3.329334381E2,3.591049951E-1,-8.932943380E-1,6.829799312E-1,1.180420585E0
3.329434261E2,6.112614924E-1,-9.895687437E-1,9.219854558E-1,1.484231819E0
3.329534151E2,6.574083030E-1,-7.214335603E-1,6.606757271E-1,1.178619733E0
3.329634041E2,7.868633187E-1,-4.825034648E-1,5.762331623E-1,1.088121378E0
3.329733921E2,8.454869181E-1,-3.714613312E-1,4.739168286E-1,1.037992683E0
3.329833811E2,9.441718385E-1,-3.238591486E-1,4.672667903E-1,1.102126790E0
3.329933691E2,1.098292164E0,-4.167369068E-1,7.504310721E-1,1.393937632E0
3.330033581E2,1.272408797E0,-5.855998170E-1,1.080720404E0,1.769154568E0
3.330133471E2,1.286243017E0,-5.818213463E-1,9.202529258E-1,1.685171394E0
3.330233351E2,9.692525929E-1,-2.606723821E-1,6.225226450E-1,1.181073716E0
3.330333241E2,6.421727979E-1,1.812689477E-1,6.040121144E-1,9.000416480E-1
3.330433131E2,4.379532364E-1,3.954091877E-1,7.418409276E-1,9.478815458E-1
3.330533011E2,3.026676697E-1,4.320823395E-1,9.524786854E-1,1.088815187E0
3.330632901E2,3.429321814E-1,3.895274734E-1,8.730793440E-1,1.015677938E0
3.330732777E2,4.055017743E-1,3.761654162E-1,8.030601060E-1,9.751090417E-1
3.330832667E2,3.517766798E-1,4.147383285E-1,8.430527222E-1,1.003241051E0
3.330932557E2,3.555966657E-1,5.005041182E-1,7.684539449E-1,9.836029821E-1
3.331032437E2,4.556749776E-1,5.781563115E-1,7.849337375E-1,1.076115876E0
3.331132327E2,4.770716938E-1,6.352134418E-1,8.622444534E-1,1.172415888E0
3.331232217E2,4.577811447E-1,7.280426681E-1,7.692608607E-1,1.153850933E0
3.331332097E2,3.990677905E-1,8.818326259E-1,6.384030980E-1,1.159500926E0
3.331431987E2,2.987953511E-1,9.663851184E-1,5.323579949E-1,1.143059007E0
3.331531867E2,6.755960673E-2,1.041780871E0,4.868122780E-1,1.151893171E0
3.331631757E2,-5.209883764E-2,1.133395631E0,5.364709264E-1,1.255030278E0
3.331731647E2,-1.041106980E-1,1.191029881E0,5.880340129E-1,1.332357015E0
3.331831527E2,-9.453515142E-2,1.179444793E0,5.724839276E-1,1.314444659E0
3.331931417E2,-5.489950776E-3,1.059585643E0,4.565353954E-1,1.153766199E0
3.332031307E2,4.206253052E-2,9.562659270E-1,3.653872436E-1,1.024559231E0
3.332131187E2,1.813981712E-2,9.819720411E-1,2.720914096E-1,1.019132905E0
3.332231077E2,-7.029054880E-2,1.022151183E0,3.080588025E-1,1.069875707E0
3.332330957E2,-9.820047855E-2,9.750126851E-1,3.956658804E-1,1.056808667E0
3.332430847E2,-4.516477078E-2,8.779512441E-1,5.086393493E-1,1.015653598E0
3.332530737E2,2.585258693E-2,8.102697229E-1,5.867248213E-1,1.000725435E0
3.332630617E2,1.142043078E-1,7.702408540E-1,5.140831071E-1,9.330568247E-1
3.332730507E2,2.423698662E-1,7.076043105E-1,3.553130758E-1,8.280666604E-1
3.332830397E2,3.703797425E-1,6.888674927E-1,2.457304072E-1,8.198188880E-1
3.332930277E2,3.678959915E-1,7.042152643E-1,2.014611375E-1,8.196665108E-1
3.333030167E2,4.546188243E-1,7.115517658E-1,2.640199131E-1,8.846980871E-1
3.333130047E2,5.391986525E-1,6.586116600E-1,3.148298782E-1,9.075364223E-1
3.333229937E2,5.170479378E-1,7.668079537E-1,2.577721632E-1,9.600934829E-1
3.333329827E2,5.129733056E-1,9.025803012E-1,2.580616003E-1,1.069761002E0
3.333429707E2,4.744757859E-1,9.883028215E-1,-4.271391034E-4,1.096298281E0
3.333529597E2,3.991093057E-1,1.008776847E0,-2.597192860E-1,1.115514712E0
3.333629487E2,4.967928904E-1,9.609261578E-1,1.029878864E-1,1.086641045E0
3.333729367E2,5.506097862E-1,8.592471707E-1,-2.176099777E-2,1.020759706E0
3.333829257E2,6.968398789E-1,6.572165143E-1,-1.716672349E-1,9.731335998E-1
3.333929137E2,7.168218613E-1,5.899378663E-1,-5.174645519E-1,1.062840453E0
3.334029027E2,4.869996813E-1,8.105252463E-1,-1.264282629E0,1.578774978E0
3.334128917E2,1.521156258E-1,1.057135075E0,-1.669109050E0,1.981564723E0
3.334228797E2,-2.043572269E-1,1.258676319E0,-1.431015107E0,1.916724338E0
3.334328687E2,-3.838714617E-1,1.293581858E0,-1.152324822E0,1.774419290E0
3.334428577E2,-3.400992054E-1,1.203304356E0,-9.606495845E-1,1.576850173E0
3.334528457E2,-1.103676572E-1,1.037915277E0,-8.652896833E-1,1.355793265E0
3.334628347E2,1.618994612E-1,8.072841346E-1,-7.097613484E-1,1.087051186E0
3.334728227E2,4.512959978E-1,5.165038544E-1,-4.204428720E-1,8.044976805E-1
3.334828117E2,6.862304715E-1,1.545465875E-1,-2.752448130E-1,7.553519807E-1
3.334928007E2,9.789174557E-1,-8.438993990E-2,-3.192655760E-1,1.033117397E0
3.335027887E2,1.305616012E0,1.831347942E-3,-5.335958505E-1,1.410447112E0
3.335127777E2,1.634414304E0,1.388538301E-1,-3.592617005E-1,1.679184169E0
3.335227667E2,1.834252839E0,3.025378615E-1,-2.773483488E-1,1.879610263E0
3.335327547E2,1.949644424E0,5.627652705E-1,-4.118527275E-1,2.070613629E0
3.335427437E2,1.940148692E0,8.559394008E-1,-6.958943841E-1,2.231832924E0
3.335527317E2,1.896206720E0,1.012017959E0,-7.540434819E-1,2.277797587E0
3.335627207E2,1.898684478E0,1.038444450E0,-6.716076815E-1,2.265927294E0
3.335727097E2,1.852000454E0,9.886250031E-1,-4.686400089E-1,2.151024997E0
3.335826977E2,1.753954927E0,8.636448616E-1,-9.503801197E-2,1.957363675E0
3.335926867E2,1.587093519E0,7.260768342E-1,2.866541925E-1,1.768678612E0
3.336026757E2,1.449828085E0,5.982163543E-1,4.325135717E-1,1.626939541E0
3.336126637E2,1.328435064E0,4.967981529E-1,4.302907526E-1,1.482126261E0
3.336226527E2,1.359762545E0,3.644838488E-1,3.676907542E-1,1.454991115E0
3.336326407E2,1.240461073E0,1.703416711E-1,2.321157503E-1,1.273435385E0
3.336426297E2,1.099908042E0,4.367226899E-2,-1.996824145E-3,1.100776524E0
3.336526187E2,8.279017094E-1,-6.344112039E-2,-1.548997593E-1,8.446537466E-1
3.336626067E2,5.728631195E-1,-1.703410864E-1,-2.332062560E-1,6.415398642E-1
3.336725957E2,6.207953775E-1,-2.130134815E-1,-3.029267013E-1,7.228597584E-1
3.336825847E2,5.459181266E-1,-4.243166524E-1,-3.656839898E-1,7.821738955E-1
3.336925727E2,4.795015043E-1,-3.192556357E-1,-4.528881946E-1,7.327711583E-1
3.337025617E2,5.550147861E-1,-1.742055112E-1,-5.680198708E-1,8.130409255E-1
3.337125497E2,6.057732958E-1,-1.045505548E-1,-6.226583004E-1,8.749831218E-1
3.337225387E2,6.877666081E-1,-9.625686407E-2,-7.198144662E-1,1.000210556E0
3.337325277E2,8.316985989E-1,-2.135449934E-1,-7.743613869E-1,1.156269684E0
3.337425157E2,8.044064274E-1,-4.357000118E-1,-9.850763279E-1,1.344350986E0
3.337525047E2,7.116716337E-1,-6.742950618E-1,-1.261969179E0,1.598035216E0
3.337624937E2,5.440132499E-1,-9.208662987E-1,-1.541341249E0,1.876080489E0
3.337724817E2,4.000909071E-1,-1.023914704E0,-1.678462256E0,2.006417105E0
3.337824707E2,3.389863341E-1,-9.737643045E-1,-1.695190556E0,1.984137010E0
3.337924587E2,2.756452011E-1,-8.954987383E-1,-1.556539916E0,1.816786938E0
3.338024477E2,2.193967406E-1,-8.218197280E-1,-1.543081380E0,1.761993967E0
3.338124367E2,9.743098497E-2,-6.579690510E-1,-1.604031587E0,1.736471537E0
3.338224247E2,-8.493855491E-2,-4.491217107E-1,-1.646750759E0,1.709009343E0
3.338324137E2,-2.338740081E-1,-3.048118436E-1,-1.695514199E0,1.738498119E0
3.338424027E2,-5.283456355E-1,-1.576257312E-1,-1.809167699E0,1.891317727E0
3.338523907E2,-8.219007120E-1,-3.559141695E-2,-1.831065814E0,2.007383756E0
3.338623797E2,-9.814127550E-1,1.025625014E-1,-1.721795972E0,1.984507856E0
3.338723677E2,-1.107213553E0,1.265226370E-1,-1.645350936E0,1.987236657E0
3.338823567E2,-1.077263822E0,1.167683119E-1,-1.641643217E0,1.967009057E0
3.338923457E2,-9.422516128E-1,7.259844482E-2,-1.575305970E0,1.837034985E0
3.339023337E2,-6.716959745E-1,-2.501263440E-2,-1.555336559E0,1.694365051E0
3.339123227E2,-3.680462649E-1,-1.686506563E-1,-1.643804932E0,1.692925206E0
3.339223117E2,-2.232700825E-2,-3.774173051E-1,-1.668572568E0,1.710870168E0
3.339322997E2,2.297309634E-1,-6.196452302E-1,-1.779740125E0,1.898476083E0
3.339422887E2,3.239532888E-1,-8.395695359E-1,-1.883816178E0,2.087722714E0
3.339522767E2,4.959108379E-1,-8.527351266E-1,-1.792578856E0,2.046075197E0
3.339622657E2,6.711869743E-1,-6.861994082E-1,-1.802062455E0,2.041761660E0
3.339722547E2,6.594907889E-1,-4.719240975E-1,-1.966570652E0,2.127214277E0
3.339822427E2,2.149623585E-1,-4.524838597E-1,-2.021957817E0,2.083089982E0
3.339922317E2,-4.064338204E-1,-4.958088040E-1,-1.717887400E0,1.833617174E0
3.340022207E2,-6.277032781E-1,-1.132675838E-1,-9.472240850E-1,1.141960778E0
3.340122087E2,-2.822971398E-1,5.250828892E-1,-3.546041009E-1,6.936481702E-1
3.340221977E2,1.276523191E-1,8.655206484E-1,2.713014507E-1,9.159833975E-1
3.340321857E2,4.328132415E-1,6.310525632E-1,8.504120278E-1,1.144008416E0
3.340421747E2,7.325643200E-1,1.185254002E-1,8.906815097E-1,1.159315447E0
3.340521637E2,7.866443405E-1,-2.979302555E-1,2.889109254E-1,8.894050137E-1
3.340621517E2,1.052488877E0,-2.650542855E-1,-4.727087939E-1,1.183824402E0
3.340721401E2,1.560328327E0,-2.394154143E-1,-1.673715194E0,2.300710060E0
3.340821291E2,2.153571332E0,-9.104407132E-2,-2.917673195E0,3.627530204E0
3.340921171E2,2.406311382E0,3.027173710E-1,-3.085911038E0,3.924897350E0
3.341021061E2,2.069697117E0,5.754075354E-1,-2.355120178E0,3.187684276E0
3.341120941E2,1.954870081E0,4.722591430E-1,-2.354435177E0,3.096435165E0
3.341220831E2,1.718867686E0,2.486277026E-1,-2.023678653E0,2.666757797E0
3.341320721E2,5.041495648E-1,1.322225028E-1,-5.121821773E-1,7.307394588E-1
3.341420601E2,-1.015750529E0,1.618789959E-1,5.907149613E-1,1.186127359E0
3.341520491E2,-1.624995024E0,5.635686779E-1,2.765007949E-1,1.742030761E0
3.341620381E2,-8.810549462E-1,8.982264644E-1,-1.866157587E0,2.250691613E0
3.341720261E2,6.966042361E-1,6.071772122E-1,-3.491105248E0,3.611334585E0
3.341820151E2,1.876333204E0,-2.839109713E-1,-3.722226680E0,4.178062133E0
3.341920031E2,2.060454423E0,-1.017858158E0,-3.337585432E0,4.052281354E0
3.342019921E2,1.655061407E0,-1.293082505E0,-2.685688130E0,3.409429770E0
3.342119811E2,1.517933383E0,-6.052020228E-1,-1.863671350E0,2.478641189E0
3.342219691E2,9.882379174E-1,1.995298022E-1,-3.998343605E-1,1.084570809E0
3.342319581E2,1.511451159E-1,1.001906953E0,1.871573278E0,2.128250202E0
3.342419471E2,-6.973671515E-1,1.189117842E0,4.881386020E0,5.072302402E0
3.342519351E2,-1.119713731E0,2.132017618E-1,7.294745343E0,7.383259676E0
3.342619241E2,-7.401868965E-1,-1.226863373E0,6.331472113E0,6.491579892E0
3.342719131E2,1.300166992E0,-1.576360808E0,2.300125068E0,3.076674005E0
3.342819011E2,1.153898088E0,3.498739958E-2,3.242047191E-2,1.154883545E0
3.342918901E2,2.265029349E-1,9.019564033E-2,-1.890742790E0,1.906396373E0
3.343018781E2,-4.118379048E0,2.264977455E-1,-3.654375297E-1,4.140759810E0
3.343118671E2,-4.899974903E0,1.231699020E0,-1.996530030E0,5.432583979E0
3.343218561E2,-4.959631705E0,1.080689998E0,-2.360278299E0,5.597923827E0
3.343318441E2,-6.399463536E0,2.456554459E0,7.256564194E-1,6.893066850E0
3.343418331E2,-5.081251452E0,1.485862282E0,-1.842247152E-1,5.297248511E0
3.343518221E2,-4.208455990E0,-9.867000997E-2,9.291044408E-1,4.310924803E0
3.343618101E2,-3.881006944E0,-1.275170145E0,9.773094714E-1,4.200405647E0
3.343717991E2,-2.944804568E0,-1.051496605E0,2.853844696E-1,3.139898621E0
3.343817871E2,-1.753636546E0,-2.758839136E-1,-3.229943454E-1,1.804349860E0
3.343917761E2,-9.653457758E-1,9.679165041E-1,2.183993518E-2,1.367198526E0
3.344017651E2,-6.334049711E-1,1.439259973E0,6.207725734E-1,1.690570825E0
3.344117531E2,-7.037508492E-1,1.877563750E0,4.153663194E-1,2.047691401E0
3.344217421E2,-8.004734440E-1,2.120157711E0,-1.182447338E-1,2.269318900E0
3.344317311E2,-1.379115074E0,2.142605757E0,-7.016378117E-1,2.642917599E0
3.344417191E2,-1.042286144E0,1.984735027E0,-1.180680310E0,2.533681023E0
3.344517081E2,-2.038741921E-1,1.579767396E0,-1.011846635E0,1.887077986E0
3.344616971E2,8.066208411E-1,1.279657883E0,-7.887303346E-1,1.705947543E0
3.344716851E2,1.356893755E0,1.199260422E0,-7.741947412E-1,1.969457722E0
3.344816741E2,1.354396409E0,9.731690580E-1,-7.558923715E-1,1.831070978E0
3.344916621E2,9.410729603E-1,7.243384570E-1,-9.735982436E-1,1.535636043E0
3.345016511E2,7.070776591E-2,6.535017782E-1,-1.047348005E0,1.236528207E0
3.345116401E2,-9.141133493E-1,2.956907719E-1,-7.375636894E-1,1.211212799E0
3.345216281E2,-1.598325435E0,-3.498739958E-1,-1.610714954E-1,1.644080301E0
3.345316171E2,-2.008828041E0,-8.755597329E-1,2.316789633E-1,2.203558505E0
3.345416061E2,-2.116687096E0,-1.160419123E0,3.732078946E-1,2.442584888E0
3.345515941E2,-1.811140111E0,-1.161900807E0,4.545835948E-1,2.199292666E0
3.345615831E2,-1.484018801E0,-9.941319108E-1,5.037469840E-1,1.855901690E0
3.345715711E2,-1.455305610E0,-7.588469696E-1,6.428200847E-1,1.762662986E0
3.345815601E2,-1.307845556E0,-7.367895180E-1,7.732229340E-1,1.688547452E0
3.345915491E2,-1.026305484E0,-8.120420140E-1,7.777124262E-1,1.522350747E0
3.346015371E2,-7.514772852E-1,-8.951169151E-1,1.014149269E0,1.547401416E0
3.346115261E2,-5.965788050E-1,-9.000256526E-1,1.453786211E0,1.810924293E0
3.346215151E2,-3.917465283E-1,-9.705214387E-1,1.953443068E0,2.216149143E0
3.346315031E2,-3.166462061E-1,-9.816293943E-1,2.246547031E0,2.472010245E0
3.346414921E2,-2.466264199E-1,-1.191663135E0,2.107864525E0,2.433922446E0
3.346514811E2,-2.391601468E-1,-1.425317872E0,1.769869732E0,2.284987414E0
3.346614691E2,-3.636126137E-1,-1.495437682E0,1.585019950E0,2.209261468E0
3.346714581E2,-6.386105280E-1,-1.453483325E0,1.844316482E0,2.433503743E0
3.346814461E2,-7.559468968E-1,-1.412423007E0,2.043115967E0,2.596289144E0
3.346914351E2,-7.214268360E-1,-1.289706908E0,1.657151787E0,2.220349664E0
3.347014241E2,-7.256627052E-1,-1.094723901E0,1.333558102E0,1.871732884E0
3.347114121E2,-6.648903271E-1,-7.541323596E-1,1.136033310E0,1.517025525E0
3.347214011E2,-6.470689639E-1,-4.711025637E-1,9.297102123E-1,1.226783171E0
3.347313901E2,-7.331290148E-1,-3.515416217E-1,8.632010579E-1,1.185822807E0
3.347413781E2,-7.296027052E-1,-2.555005199E-1,8.370897317E-1,1.139438389E0
3.347513671E2,-6.515721240E-1,-2.425413358E-1,7.395219219E-1,1.015019805E0
3.347613561E2,-6.416495452E-1,-3.173207921E-1,8.234072471E-1,1.091057340E0
3.347713441E2,-6.051517002E-1,-5.465281373E-1,9.942137718E-1,1.285831486E0
3.347813331E2,-7.213590813E-1,-7.203874934E-1,9.969058299E-1,1.425881586E0
3.347913211E2,-9.754600701E-1,-9.441633600E-1,9.041660661E-1,1.631098732E0
3.348013101E2,-1.214766068E0,-1.177531584E0,6.914379287E-1,1.827655230E0
3.348112991E2,-1.274934210E0,-1.379638254E0,6.380528498E-1,1.983928021E0
3.348212871E2,-1.231133741E0,-1.491061041E0,6.682151270E-1,2.045840847E0
3.348312761E2,-1.174173674E0,-1.587569920E0,8.003165925E-1,2.130626367E0
3.348412651E2,-1.070104857E0,-1.648693205E0,9.487148327E-1,2.182515411E0
3.348512531E2,-1.009839944E0,-1.732744591E0,1.095751841E0,2.285356127E0
3.348612421E2,-9.209358805E-1,-1.765535776E0,1.232045175E0,2.341617985E0
3.348712301E2,-8.445289980E-1,-1.655997546E0,1.309586272E0,2.273889466E0
3.348812191E2,-9.969208865E-1,-1.451819792E0,9.857996285E-1,2.018274726E0
3.348912081E2,-1.202809243E0,-1.300491512E0,5.857500905E-1,1.865779038E0
3.349011961E2,-1.208086794E0,-1.157681456E0,4.794599891E-1,1.740569429E0
3.349111851E2,-1.066353649E0,-9.455900806E-1,9.078328550E-1,1.689796200E0
3.349211741E2,-1.156603083E0,-8.025467205E-1,1.085647852E0,1.777763536E0
3.349311621E2,-1.352317724E0,-6.496806228E-1,8.946181476E-1,1.746765516E0
3.349411511E2,-1.728097662E0,-6.086425245E-1,8.768092829E-1,2.031147895E0
3.349511401E2,-1.793686757E0,-6.123870814E-1,4.716077632E-1,1.953136965E0
3.349611281E2,-1.522582942E0,-3.672396415E-1,-1.834803647E-1,1.576955553E0
3.349711171E2,-1.269709723E0,-1.153731662E-1,-8.639038932E-1,1.540066130E0
3.349811051E2,-1.230789340E0,8.470276594E-2,-1.318871650E0,1.805945566E0
3.349910941E2,-1.450712037E0,3.914757657E-1,-1.460973024E0,2.095772141E0
3.350010831E2,-1.815018862E0,7.987314123E-1,-1.311242788E0,2.377314238E0
3.350110711E2,-2.157968585E0,1.032210149E0,-1.037732259E0,2.607522664E0
3.350210601E2,-2.340352012E0,1.143681468E0,-9.003440335E-1,2.756061360E0
3.350310491E2,-2.208084339E0,1.246794777E0,-1.098851158E0,2.763622176E0
3.350410371E2,-1.836363099E0,1.369038422E0,-1.401903867E0,2.685485074E0
3.350510261E2,-1.427620798E0,1.430400857E0,-1.528139113E0,2.533644983E0
3.350610141E2,-1.069841074E0,1.431372079E0,-1.538351275E0,2.357946267E0
3.350710031E2,-7.427150863E-1,1.365786785E0,-1.379516047E0,2.078476309E0
3.350809930E2,-4.624074617E-1,1.359017463E0,-1.111513596E0,1.815547190E0
3.350909810E2,-4.011838979E-1,1.447196984E0,-7.278350919E-1,1.668853364E0
3.351009700E2,-4.608140954E-1,1.547080291E0,-1.632650784E-1,1.622486531E0
3.351109590E2,-3.232834902E-1,1.494402140E0,4.371819887E-1,1.590244655E0
3.351209470E2,4.276068807E-3,1.388448839E0,7.613121557E-1,1.583478658E0
3.351309360E2,6.103288615E-1,1.320664406E0,6.092149669E-1,1.577275711E0
3.351409250E2,1.121952922E0,1.299948891E0,1.351388016E-1,1.722471473E0
3.351509130E2,1.622937681E0,1.412400203E0,-2.685406879E-1,2.168159393E0
3.351609020E2,2.106247477E0,1.736229531E0,-2.534262201E-1,2.741349352E0
3.351708900E2,2.451387860E0,2.062600059E0,8.197737873E-2,3.204737389E0
3.351808790E2,2.612894388E0,2.241181042E0,4.355427217E-1,3.469842504E0
3.351908680E2,2.519796190E0,2.277289937E0,7.076709688E-1,3.469325654E0
3.352008560E2,2.335786652E0,2.317836869E0,7.009647971E-1,3.364464100E0
3.352108450E2,1.867511802E0,2.467921447E0,7.290606683E-1,3.179585831E0
3.352208340E2,8.958659434E-1,2.559076615E0,7.380931547E-1,2.810023205E0
3.352308220E2,-4.989753637E-1,2.707111158E0,5.809109348E-1,2.813340497E0
3.352408110E2,-1.972873950E0,2.852798629E0,-1.772548342E-1,3.473054984E0
3.352508000E2,-3.150043299E0,2.807088021E0,-1.133490063E0,4.368903257E0
3.352607880E2,-4.283738892E0,1.991949906E0,-1.585260855E0,4.983104986E0
3.352707770E2,-5.620685163E0,-6.180770069E-1,-6.600959757E-1,5.692964744E0
3.352807650E2,-5.444950604E0,-4.334912261E0,1.859502870E0,7.203936585E0
3.352907540E2,-2.477582216E0,-6.310498150E0,3.562593599E0,7.658516416E0
3.353007430E2,2.272141464E0,-5.972711518E0,3.644191786E0,7.356360750E0
3.353107310E2,5.803688979E0,-4.492966009E0,2.415058524E0,7.726710619E0
3.353207200E2,6.811400464E0,-2.390046474E0,6.816479355E-1,7.250664958E0
3.353307090E2,5.900501329E0,2.608618319E-1,-1.124527159E0,6.012364440E0
3.353406970E2,3.720203251E0,2.417343031E0,-2.324011529E0,5.008441788E0
3.353506860E2,2.066096694E0,3.632240077E0,-3.303469267E0,5.326803237E0
3.353606740E2,2.062502118E0,2.881657562E0,-3.583723390E0,5.039934387E0
3.353706630E2,2.094484926E0,1.506969561E0,-3.396148220E0,4.265166714E0
3.353806520E2,1.956154714E0,4.015195280E-1,-2.597910021E0,3.276720261E0
3.353906400E2,2.364995248E0,-5.005807167E-1,-1.203973863E0,2.700617826E0
3.354006290E2,2.607863736E0,-1.173087700E0,-2.106064752E-1,2.867305896E0
3.354106180E2,2.406394412E0,-1.527587428E0,4.603562585E-1,2.887245279E0
3.354206060E2,1.913042608E0,-1.654801206E0,8.373183578E-1,2.664432601E0
3.354305950E2,1.708304983E0,-1.430986748E0,6.073423961E-1,2.309738897E0
3.354405840E2,1.873445264E0,-8.327797490E-1,-1.211741889E-1,2.053777605E0
3.354505720E2,2.040190605E0,-1.548331010E-1,-8.270524013E-1,2.206890724E0
3.354605610E2,1.833304713E0,4.127438432E-1,-1.186222885E0,2.222270997E0
3.354705490E2,1.607688435E0,6.570662409E-1,-1.360183983E0,2.206014192E0
3.354805380E2,1.542584221E0,5.873533970E-1,-9.851780695E-1,1.922271032E0
3.354905270E2,1.569351312E0,4.531182826E-2,-2.882320637E-1,1.596243849E0
3.355005150E2,2.022608466E0,-9.957434034E-1,-1.772177044E-1,2.261383658E0
3.355105040E2,2.262163044E0,-2.046388069E0,-5.906214058E-1,3.107075701E0
3.355204930E2,1.633782512E0,-2.514144271E0,-8.353633413E-1,3.112554999E0
3.355304810E2,6.165206243E-1,-2.458795112E0,-6.602260762E-1,2.619478871E0
3.355404700E2,-1.458074851E-1,-2.220375479E0,-4.086829519E-1,2.262376813E0
3.355504590E2,-2.269580676E-1,-2.113824007E0,-4.536340070E-1,2.173832033E0
3.355604470E2,1.338180618E-1,-2.033263993E0,-5.387846696E-1,2.107690362E0
3.355704360E2,4.197504155E-1,-2.099407112E0,-3.553276938E-1,2.170243858E0
3.355804240E2,6.719341023E-1,-2.124515056E0,-4.656418490E-1,2.276374748E0
3.355904130E2,8.965423201E-1,-1.914239241E0,-8.239703339E-1,2.268706044E0
3.356004020E2,9.027327673E-1,-1.564966339E0,-1.075914285E0,2.102769041E0
3.356103900E2,7.269350593E-1,-1.301700717E0,-1.035050726E0,1.814990177E0
3.356203790E2,6.639472443E-1,-1.121650329E0,-9.206347489E-1,1.595773713E0
3.356303680E2,6.901008166E-1,-9.750512767E-1,-7.553807402E-1,1.413352112E0
3.356403560E2,7.889115983E-1,-7.418707484E-1,-6.014083493E-1,1.238727460E0
3.356503450E2,8.568120977E-1,-4.807212335E-1,-4.244183940E-1,1.070210656E0
3.356603340E2,1.031248866E0,-2.634310985E-1,-1.587258849E-1,1.076133855E0
3.356703220E2,1.252200528E0,-8.988515317E-2,-1.042467919E-1,1.259743187E0
3.356803110E2,1.481184217E0,-4.693150699E-2,-2.175708014E-1,1.497813842E0
3.356902990E2,1.563419458E0,-7.718207717E-2,-2.495468849E-1,1.585090257E0
3.357002880E2,1.621051954E0,-8.518106818E-2,-2.522406971E-1,1.642769193E0
3.357102770E2,1.742410915E0,5.307225287E-2,-1.842656457E-1,1.752930771E0
3.357202650E2,1.875687379E0,1.829593778E-1,-8.821811199E-2,1.886653045E0
3.357302540E2,2.044630688E0,2.105342621E-1,-3.648779511E-2,2.055765231E0
3.357402430E2,2.217683128E0,1.944649440E-1,-7.217890710E-2,2.227362761E0
3.357502310E2,2.390467182E0,1.420756459E-1,-2.176371673E-1,2.404555005E0
3.357602200E2,2.500678718E0,4.217830539E-2,-4.411241814E-1,2.539638479E0
3.357702080E2,2.453776155E0,-6.167350709E-2,-7.938311532E-1,2.579726524E0
3.357801970E2,2.275572610E0,-4.959783733E-2,-1.126099767E0,2.539447053E0
3.357901860E2,2.049415465E0,3.527157426E-2,-1.414851356E0,2.490612814E0
3.358001740E2,1.899961802E0,1.210420418E-1,-1.570444888E0,2.467955261E0
3.358101630E2,1.403483199E0,1.453331298E-1,-1.726090459E0,2.229411376E0
3.358201520E2,1.178284121E0,8.829295635E-2,-1.734345558E0,2.098595633E0
3.358301400E2,1.116357137E0,-2.516817033E-2,-1.656299263E0,1.997551987E0
3.358401290E2,8.946152240E-1,-1.893310887E-1,-1.347755726E0,1.628689092E0
3.358501180E2,6.282535011E-1,-5.562982500E-1,-9.137438053E-1,1.240603864E0
3.358601060E2,6.944001281E-1,-9.123071444E-1,-5.706058019E-1,1.280658754E0
3.358700950E2,8.392771751E-1,-9.376641798E-1,-3.199058461E-1,1.298437538E0
3.358800830E2,1.049066794E0,-8.260098428E-1,-2.124278829E-1,1.352020342E0
3.358900720E2,1.120827041E0,-8.088652217E-1,-3.416025245E-1,1.423800719E0
3.359000610E2,1.017041886E0,-6.863876885E-1,-4.767778713E-1,1.316365981E0
3.359100490E2,1.055681165E0,-3.658380640E-1,-4.365469810E-1,1.199530524E0
3.359200380E2,1.109562964E0,-1.191095370E-1,-6.704426238E-1,1.301848826E0
3.359300270E2,9.175561899E-1,1.212244749E-1,-1.025179456E0,1.381158084E0
3.359400150E2,2.740063727E-1,4.463577318E-1,-1.052381288E0,1.175508866E0
3.359500040E2,-3.359693170E-1,9.048238778E-1,-7.928894591E-1,1.249101808E0
3.359599930E2,-5.037288576E-1,1.140904040E0,-5.314855903E-1,1.355684965E0
3.359699810E2,-2.370812058E-2,8.655919844E-1,-4.224028587E-1,9.634499123E-1
3.359799700E2,4.307769486E-1,-1.595763624E-2,-1.359080029E-1,4.519893924E-1
3.359899580E2,6.039279145E-1,-8.099978274E-1,5.270686036E-1,1.139573043E0
3.359999470E2,7.765558469E-1,-1.139134088E0,8.345271894E-1,1.611552383E0
3.360099360E2,3.670504841E-1,-1.076243775E0,7.913010630E-1,1.385346200E0
3.360199240E2,-6.137410042E-1,-5.053193003E-1,8.536546013E-1,1.166512663E0
3.360299130E2,-1.485125825E0,1.150732040E-1,8.452790496E-1,1.712698815E0
3.360399020E2,-1.780349697E0,6.372143590E-1,6.369939190E-1,1.995356719E0
3.360498900E2,-2.003007868E0,8.544454372E-1,6.103987357E-1,2.261571167E0
3.360598790E2,-1.899163949E0,8.876722401E-1,4.396164769E-1,2.141973006E0
3.360698680E2,-1.588498458E0,8.655329275E-1,3.507466927E-1,1.842687668E0
3.360798556E2,-1.210177758E0,9.720259273E-1,3.042113346E-1,1.581742440E0
3.360898446E2,-7.946173114E-1,1.254013165E0,3.421629801E-1,1.523496371E0
3.360998326E2,-5.297784957E-1,1.485851757E0,4.981307334E-1,1.654253586E0
3.361098216E2,-3.437355888E-1,1.596780455E0,6.396082091E-1,1.754126745E0
3.361198106E2,-2.298411834E-1,1.558651931E0,7.345699149E-1,1.738337070E0
3.361297986E2,-8.456009388E-2,1.440661551E0,6.589472902E-1,1.586463881E0
3.361397876E2,4.694378614E-2,1.186309424E0,5.880690962E-1,1.324899630E0
3.361497766E2,6.511547059E-2,1.070081395E0,4.892698628E-1,1.178430827E0
3.361597646E2,6.079057753E-2,1.069455743E0,3.031263837E-1,1.113246013E0
3.361697536E2,1.454828185E-1,1.049673443E0,1.705612341E-1,1.073345574E0
3.361797416E2,2.803824690E-1,1.112106503E0,7.446721494E-3,1.146930973E0
3.361897306E2,3.173713705E-1,1.307309951E0,-7.225550562E-2,1.347221122E0
3.361997196E2,2.939000621E-1,1.484476492E0,-1.069806576E-2,1.513328170E0
3.362097076E2,2.376156414E-1,1.566096606E0,4.571353197E-2,1.584679620E0
3.362196966E2,1.452755347E-1,1.599438014E0,9.472489357E-4,1.606022366E0
3.362296856E2,-1.502211097E-1,1.620717786E0,-8.786903322E-2,1.630034813E0
3.362396736E2,-5.856866482E-1,1.665388759E0,-1.406579885E-1,1.770969576E0
3.362496626E2,-8.559949493E-1,1.596109779E0,4.491918772E-2,1.811715075E0
3.362596516E2,-7.711755314E-1,1.332386320E0,1.141619155E-1,1.543696197E0
3.362696396E2,-4.197660568E-1,8.437526339E-1,-7.885116488E-2,9.456952765E-1
3.362796286E2,-1.489051938E-2,4.096822411E-1,-2.674916974E-1,4.895028850E-1
3.362896166E2,1.182859567E-1,1.764672142E-1,-4.628518501E-1,5.092779991E-1
3.362996056E2,2.995502266E-1,-1.047739184E-1,-7.107281855E-1,7.783588285E-1
3.363095946E2,1.231394380E-1,-4.584076738E-1,-1.075787108E0,1.175848127E0
3.363195826E2,-3.544585052E-1,-7.333472621E-1,-1.363966693E0,1.588661127E0
3.363295716E2,-1.096036893E0,-7.804957008E-1,-1.053423555E0,1.708850957E0
3.363395606E2,-1.593516246E0,-5.890800798E-1,-3.437544461E-1,1.733342576E0
3.363495486E2,-2.183459668E0,-2.865246767E-1,3.197269213E-1,2.225268032E0
3.363595376E2,-2.989644233E0,9.693689525E-2,6.639285332E-1,3.064012157E0
3.363695266E2,-3.425764952E0,3.170067966E-1,1.083047449E0,3.606847737E0
3.363795146E2,-3.700726175E0,1.350472927E-1,1.177391251E0,3.885854109E0
3.363895036E2,-3.725685600E0,1.539571881E-3,1.314380696E0,3.950738181E0
3.363994916E2,-3.810825153E0,-3.776973867E-1,1.375795172E0,4.069134554E0
3.364094806E2,-3.647067739E0,-7.433769912E-1,1.285025335E0,3.937639211E0
3.364194696E2,-3.411935703E0,-1.083407784E0,1.172183574E0,3.766841116E0
3.364294576E2,-3.120105847E0,-1.347332972E0,1.056458260E0,3.558998551E0
3.364394466E2,-2.864045164E0,-1.745071106E0,9.658517061E-1,3.490114237E0
3.364494356E2,-2.602732512E0,-2.260325995E0,8.589360988E-1,3.552613313E0
3.364594236E2,-2.441362370E0,-2.725382538E0,9.330577433E-1,3.776050443E0
3.364694126E2,-2.466931513E0,-3.034901975E0,1.021564708E0,4.042273561E0
3.364794016E2,-2.505244809E0,-3.223562973E0,8.756524113E-1,4.175449309E0
3.364893896E2,-2.663841178E0,-3.337387211E0,4.602507162E-1,4.294884625E0
3.364993786E2,-2.947389622E0,-3.394158998E0,-1.858172044E-1,4.499105346E0
3.365093666E2,-3.220691990E0,-3.304597780E0,-7.852442247E-1,4.680793936E0
3.365193556E2,-3.547776462E0,-3.061596853E0,-1.015338300E0,4.794893636E0
3.365293446E2,-3.912792408E0,-2.764678166E0,-7.682156709E-1,4.852169113E0
3.365393326E2,-4.164316821E0,-2.618000761E0,-3.171383590E-2,4.918990581E0
3.365493216E2,-4.174982142E0,-2.599092620E0,7.608204049E-1,4.976404930E0
3.365593106E2,-3.857173693E0,-2.663973325E0,8.142163011E-1,4.757887237E0
3.365692986E2,-3.344876910E0,-2.672799112E0,4.760621721E-1,4.307980017E0
3.365792876E2,-2.687255183E0,-2.485328023E0,1.562142134E-2,3.660387934E0
3.365892766E2,-1.984191967E0,-2.165369552E0,-2.883329281E-1,2.951097920E0
3.365992646E2,-1.608364666E0,-1.791758784E0,-4.256556648E-1,2.445080609E0
3.366092536E2,-1.497433483E0,-1.419240861E0,-5.363662612E-1,2.131722408E0
3.366192416E2,-1.557695180E0,-1.108298796E0,-6.698236960E-1,2.025686126E0
3.366292306E2,-1.736201757E0,-8.066204756E-1,-8.339617637E-1,2.088187098E0
3.366392196E2,-1.833303836E0,-5.924738038E-1,-7.438102698E-1,2.065255887E0
3.366492076E2,-1.775276799E0,-4.963789076E-1,-3.678883901E-1,1.879718489E0
3.366591966E2,-1.387986031E0,-3.327223581E-1,8.684869409E-3,1.427334865E0
3.366691856E2,-8.409408541E-1,-1.007253063E-1,8.286703259E-2,8.509959180E-1
3.366791736E2,-3.533899266E-1,1.423352623E-1,-2.637907022E-1,4.633889313E-1
3.366891626E2,-9.813265085E-2,4.454613537E-1,-6.668652973E-1,8.079450225E-1
3.366991516E2,-3.512817129E-2,8.344005972E-1,-9.072504723E-1,1.233110605E0
3.367091396E2,-1.012468779E-1,1.236441697E0,-9.051033747E-1,1.535659832E0
3.367191286E2,-3.848029232E-1,1.600644295E0,-7.169844139E-1,1.795606331E0
3.367291166E2,-8.406484933E-1,1.862148736E0,-5.841225180E-1,2.124967510E0
3.367391056E2,-1.161030449E0,2.014227798E0,-6.906035310E-1,2.425291439E0
3.367490946E2,-1.259264988E0,2.011864353E0,-8.239460680E-1,2.512415891E0
3.367590826E2,-1.391956729E0,1.969274989E0,-8.524661547E-1,2.557789292E0
3.367690716E2,-1.728805175E0,1.906129737E0,-5.202957737E-1,2.625415320E0
3.367790606E2,-2.076541137E0,1.728606516E0,-3.555838019E-2,2.702104361E0
3.367890486E2,-2.067704678E0,1.364175292E0,3.844684625E-1,2.506829245E0
3.367990376E2,-1.671538276E0,1.057092390E0,5.464433527E-1,2.051849134E0
3.368090266E2,-1.135308840E0,1.068703206E0,4.657891989E-1,1.627271422E0
3.368190146E2,-7.803726169E-1,1.285903294E0,2.819316888E-1,1.530364068E0
3.368290036E2,-5.856971732E-1,1.704522420E0,2.668888494E-1,1.821995476E0
3.368389916E2,-5.143968102E-1,1.961087133E0,3.940283677E-1,2.065363207E0
3.368489806E2,-6.806109318E-1,1.883971714E0,4.954436454E-1,2.063503105E0
3.368589696E2,-1.139811780E0,1.637834925E0,7.250907013E-1,2.123071045E0
3.368689576E2,-1.861594419E0,1.480152476E0,1.085219544E0,2.614208598E0
3.368789466E2,-2.352904961E0,1.373761802E0,1.429577569E0,3.076861269E0
3.368889356E2,-2.482437452E0,1.328123115E0,1.764384752E0,3.322568323E0
3.368989236E2,-2.138159826E0,1.402420176E0,1.926759884E0,3.201704771E0
3.369089126E2,-1.426667410E0,1.481939970E0,1.898635654E0,2.799346945E0
3.369189016E2,-6.712618187E-1,1.323897332E0,1.854232483E0,2.375178872E0
3.369288896E2,2.000186294E-2,9.216849089E-1,1.887580323E0,2.100681466E0
3.369388786E2,7.019099995E-1,3.881340820E-1,2.015318304E0,2.169062834E0
3.369488676E2,1.126331317E0,-3.796918720E-1,2.240777876E0,2.536508160E0
3.369588556E2,1.421078056E0,-9.817966247E-1,1.952213398E0,2.606630892E0
3.369688446E2,1.639932321E0,-9.535879022E-1,1.252703681E0,2.273317931E0
3.369788326E2,1.558886989E0,-5.023261106E-1,-1.567936724E-1,1.645309825E0
3.369888216E2,1.575172361E0,3.514270163E-1,-8.868077293E-1,1.841493107E0
3.369988106E2,1.630979942E0,1.209041644E0,-2.353013719E0,3.107820913E0
3.370087986E2,1.790196116E0,1.854595302E0,-3.868080212E0,4.648265310E0
3.370187876E2,1.880931162E0,1.691825191E0,-4.512244571E0,5.173057663E0
3.370287766E2,1.723253390E0,7.741660899E-1,-4.826052648E0,5.182636351E0
3.370387646E2,1.636373998E0,-4.450771916E-1,-3.865916449E0,4.221507262E0
3.370487536E2,1.814947087E0,-1.570698949E0,-2.475602057E0,3.448149310E0
3.370587426E2,2.448395255E0,-2.374028027E0,-2.281619508E0,4.103222633E0
3.370687306E2,3.265790395E0,-3.138552058E0,-2.128654885E0,5.004704541E0
3.370787192E2,3.924979467E0,-3.375325116E0,-2.301620201E0,5.665310142E0
3.370887082E2,4.165512577E0,-2.564598141E0,-2.593068234E0,5.536484581E0
3.370986962E2,4.188266724E0,-1.455965468E0,-2.738209282E0,5.211449287E0
3.371086852E2,3.871568076E0,-8.324733549E-1,-2.649603208E0,4.764708639E0
3.371186732E2,3.497501810E0,-7.977560967E-1,-2.434642896E0,4.335483794E0
3.371286622E2,3.123951853E0,-1.211986302E0,-2.006416503E0,3.905597670E0
3.371386512E2,3.038655595E0,-1.565862717E0,-1.688686113E0,3.812743718E0
3.371486392E2,3.115030464E0,-1.760486121E0,-1.589739237E0,3.915354009E0
3.371586282E2,3.007529989E0,-1.772076471E0,-1.711626494E0,3.887821615E0
3.371686172E2,2.788216425E0,-1.645600612E0,-1.935571930E0,3.772080448E0
3.371786052E2,2.382426383E0,-1.414717455E0,-2.207584110E0,3.542712033E0
3.371885942E2,1.830587804E0,-1.119862835E0,-2.247089361E0,3.107177992E0
3.371985832E2,1.275050862E0,-8.518334860E-1,-2.156650184E0,2.646226559E0
3.372085712E2,8.135979581E-1,-6.648827988E-1,-1.899996885E0,2.171174553E0
3.372185602E2,3.234138831E-1,-5.380444121E-1,-1.710933599E0,1.822465942E0
3.372285482E2,-3.455961728E-1,-4.961742550E-1,-1.244777488E0,1.383870153E0
3.372385372E2,-9.468562952E-1,-4.230174011E-1,-4.808796930E-1,1.143121098E0
3.372485262E2,-1.439186298E0,-3.075717294E-1,5.130288541E-2,1.472579219E0
3.372585142E2,-1.620204985E0,-4.715311646E-2,6.453273708E-1,1.744630341E0
3.372685032E2,-1.838735607E0,3.150807238E-1,1.068399736E0,2.149814525E0
3.372784922E2,-2.078553017E0,6.930061519E-1,1.301705394E0,2.548544115E0
3.372884802E2,-2.153959003E0,9.280168587E-1,1.408869362E0,2.735994802E0
3.372984692E2,-1.997536921E0,9.519500971E-1,1.292987196E0,2.562845806E0
3.373084582E2,-1.685227193E0,8.539291281E-1,9.023662931E-1,2.093669165E0
3.373184462E2,-1.102165360E0,5.897221041E-1,4.410876364E-1,1.325556088E0
3.373284352E2,-2.478965083E-1,3.490846217E-1,4.104336083E-2,4.301131355E-1
3.373384232E2,5.394258168E-1,-1.401636064E-1,-4.647141883E-1,7.256619910E-1
3.373484122E2,1.174094298E0,-6.040624005E-1,-1.140008539E0,1.744422046E0
3.373584012E2,1.758588991E0,-8.133400959E-1,-1.772756210E0,2.626180103E0
3.373683892E2,2.258184745E0,-9.321321291E-1,-2.203837214E0,3.290162171E0
3.373783782E2,2.452109406E0,-1.103676572E0,-2.296335488E0,3.536113571E0
3.373883672E2,2.332820067E0,-1.329566208E0,-2.056716883E0,3.382289181E0
3.373983552E2,2.063027198E0,-1.368953052E0,-1.897230860E0,3.119230452E0
3.374083442E2,1.897450715E0,-1.319026601E0,-1.879989760E0,2.979011898E0
3.374183332E2,1.876084405E0,-1.321271932E0,-1.914242164E0,2.988272959E0
3.374283212E2,1.865469077E0,-1.203703136E0,-2.065835031E0,3.032581490E0
3.374383102E2,1.697341746E0,-8.797498477E-1,-2.208382255E0,2.920938374E0
3.374482992E2,1.287357789E0,-4.844067335E-1,-2.232326603E0,2.622064458E0
3.374582872E2,7.176477805E-1,-1.955180275E-1,-2.133753364E0,2.259678972E0
3.374682762E2,9.001788497E-4,8.373037398E-2,-2.009735090E0,2.011478739E0
3.374782642E2,-8.850687674E-1,2.408912516E-1,-1.788748637E0,2.010223123E0
3.374882532E2,-1.827035913E0,2.813341033E-1,-1.433997187E0,2.339563429E0
3.374982422E2,-2.721801411E0,2.671850109E-1,-1.020346440E0,2.919023400E0
3.375082302E2,-3.604420487E0,4.272712505E-1,-8.581095949E-1,3.729713105E0
3.375182192E2,-4.383931517E0,7.217247516E-1,-8.458052990E-1,4.522734655E0
3.375282082E2,-4.765573727E0,1.029199417E0,-6.963949057E-1,4.924927437E0
3.375381962E2,-4.806872319E0,1.237576057E0,-3.577130654E-1,4.976502248E0
3.375481852E2,-4.632528521E0,1.100047790E0,5.941121936E-2,4.761717688E0
3.375581742E2,-4.188826303E0,6.729776841E-1,2.330016035E-1,4.248935691E0
3.375681622E2,-3.483040769E0,1.079688370E-2,1.773331869E-1,3.487568871E0
3.375781512E2,-2.552837344E0,-6.287510991E-1,2.178818733E-2,2.629216836E0
3.375881402E2,-1.459583141E0,-1.111462725E0,-2.341704619E-1,1.849477801E0
3.375981282E2,-3.720945847E-1,-1.384121899E0,-5.486316732E-1,1.534680594E0
3.376081172E2,-1.601353562E-1,-1.430921259E0,-1.080959847E0,1.800459156E0
3.376181062E2,-5.942746000E-1,-1.230753525E0,-1.436822561E0,1.983021839E0
3.376280942E2,-1.104241706E0,-7.401849961E-1,-1.412004932E0,1.939325011E0
3.376380832E2,-1.528447261E0,-1.843475068E-1,-1.068417277E0,1.873939837E0
3.376480712E2,-2.097653532E0,3.236164892E-1,-2.435131431E-1,2.136393368E0
3.376580602E2,-2.751193317E0,6.187359881E-1,9.156692934E-1,2.964852298E0
3.376680492E2,-3.345516011E0,7.618916148E-1,1.863028449E0,3.904334926E0
3.376780372E2,-3.819584867E0,9.287302190E-1,2.029870562E0,4.424041464E0
3.376880262E2,-4.182122762E0,1.187256673E0,1.348753553E0,4.551798035E0
3.376980152E2,-3.723610423E0,1.516408136E0,-1.243413332E-1,4.022465536E0
3.377080032E2,-2.950403861E0,1.786199251E0,-1.418531009E0,3.729292283E0
3.377179922E2,-2.156453864E0,1.665207496E0,-2.011179644E0,3.386451363E0
3.377279812E2,-1.005833651E0,1.246518788E0,-2.006652730E0,2.567521295E0
3.377379692E2,1.765030284E-1,7.977256912E-1,-1.528472989E0,1.733132792E0
3.377479582E2,8.999398448E-1,6.630339092E-1,-8.786619732E-1,1.421813121E0
3.377579472E2,1.450585299E0,1.037493108E0,-7.799571723E-2,1.785125483E0
3.377679352E2,2.167109098E0,1.482263321E0,7.109208512E-1,2.720087288E0
3.377779242E2,2.662523215E0,1.493230943E0,1.395314347E0,3.356437196E0
3.377879122E2,2.831327654E0,1.419996321E0,1.527793835E0,3.516668855E0
3.377979012E2,2.929718751E0,9.826339459E-1,1.373822613E0,3.381746591E0
3.378078902E2,3.159419309E0,-6.785167515E-2,6.818180895E-1,3.232864075E0
3.378178782E2,3.228210632E0,-8.513896823E-1,-6.427902639E-1,3.399909940E0
3.378278672E2,2.764063916E0,-3.000218046E-1,-2.004228474E0,3.427388830E0
3.378378562E2,1.836730451E0,1.277433602E0,-2.726890535E0,3.527229415E0
3.378478442E2,1.073069907E0,2.972590536E0,-2.632959693E0,4.113423181E0
3.378578332E2,8.325923458E-1,4.041544588E0,-2.217381120E0,4.684449989E0
3.378678222E2,6.424677899E-1,4.291954522E0,-1.594812282E0,4.623533789E0
3.378778102E2,3.543775213E-1,4.135824509E0,-5.715349245E-1,4.190140805E0
3.378877992E2,3.598361894E-2,3.575746619E0,3.348682863E-1,3.591572841E0
3.378977882E2,-8.019842184E-1,2.493863204E0,1.239814371E0,2.898218770E0
3.379077762E2,-1.788523227E0,1.583598492E0,1.903580936E0,3.054540865E0
3.379177652E2,-2.380320801E0,9.827351028E-1,2.240237886E0,3.413262542E0
3.379277542E2,-3.031089590E0,6.467780650E-1,2.998869678E0,4.312661048E0
3.379377422E2,-2.831982542E0,4.936751550E-1,3.917871884E0,4.859378600E0
3.379477312E2,-1.683579155E0,4.596344197E-1,3.496572980E0,3.907905471E0
3.379577192E2,-3.296989091E-1,4.218456191E-1,2.644037828E0,2.697701083E0
3.379677082E2,9.978117098E-1,3.111367768E-1,1.988306506E0,2.246285170E0
3.379776972E2,1.570251052E0,6.223191619E-3,1.749884534E0,2.351132276E0
3.379876852E2,1.361466716E0,-7.615676790E-1,2.232114349E0,2.723217108E0
3.379976742E2,5.160197049E-1,-2.181090961E0,3.674800791E0,4.304369288E0
3.380076632E2,-4.241146311E-1,-3.791808838E0,5.464824706E0,6.664982862E0
3.380176512E2,-6.921501195E-1,-5.008985714E0,5.640387356E0,7.575155391E0
3.380276402E2,-1.772434613E0,-4.916923642E0,5.152113274E0,7.339068997E0
3.380376292E2,-1.673670756E0,-4.086489796E0,4.080711578E0,6.012718157E0
3.380476172E2,-9.304674268E-2,-2.925151491E0,3.229872118E0,4.358582664E0
3.380576062E2,1.989699021E0,-1.598040529E0,2.716787716E0,3.727408110E0
3.380675952E2,3.438475630E0,2.511092609E-1,1.945182121E0,3.958522957E0
3.380775835E2,3.781843429E0,2.621634221E0,1.224393509E0,4.761769122E0
3.380875725E2,3.530506711E0,4.429263518E0,5.589938164E-1,5.691689295E0
3.380975615E2,3.140203020E0,5.153652846E0,1.252701634E-1,6.036282405E0
3.381075495E2,2.678793385E0,4.793901733E0,1.396747792E-1,5.493353882E0
3.381175385E2,2.014105299E0,3.148530917E0,5.555995077E-1,3.778697911E0
3.381275265E2,1.225946822E0,1.064858077E0,1.290410328E0,2.074132867E0
3.381375155E2,9.427772775E-1,-1.191815747E0,2.072432152E0,2.569869412E0
3.381475045E2,8.534131113E-1,-2.714729496E0,2.386204854E0,3.713764098E0
3.381574925E2,9.563989511E-1,-2.951910689E0,1.758067127E0,3.566409356E0
3.381674815E2,1.053252377E0,-2.585040591E0,1.063644195E0,2.987158249E0
3.381774705E2,1.276783099E0,-2.188087739E0,8.158105445E-1,2.661475132E0
3.381874585E2,1.202950746E0,-1.391703399E0,3.179850358E-1,1.866827076E0
3.381974475E2,1.056908934E0,-3.957009637E-1,-9.138952482E-1,1.452184655E0
3.382074365E2,1.372890421E0,4.193336552E-1,-1.966586439E0,2.434775358E0
3.382174245E2,1.383927041E0,7.952803856E-1,-2.187415894E0,2.707861377E0
3.382274135E2,1.153572764E0,5.571642226E-1,-2.018168237E0,2.390431995E0
3.382374025E2,9.847822130E-1,4.537322402E-1,-2.638958936E0,2.853028780E0
3.382473905E2,5.244592836E-1,1.929358971E-1,-3.318459190E0,3.365182490E0
3.382573795E2,-4.077987067E-2,-9.716376722E-2,-3.324989360E0,3.326658690E0
3.382673685E2,-7.697033487E-2,-3.221646255E-1,-2.647571885E0,2.668211267E0
3.382773565E2,2.830359355E-1,-7.050397217E-1,-1.607959746E0,1.778405155E0
3.382873455E2,6.796546197E-1,-1.057812182E0,-1.285797459E0,1.798380416E0
3.382973345E2,6.089851713E-1,-9.999235779E-1,-1.455225796E0,1.867723806E0
3.383073225E2,4.356722376E-1,-7.460333812E-1,-1.463235312E0,1.699245033E0
3.383173115E2,4.396457861E-1,-4.021557051E-1,-1.776318042E0,1.873585710E0
3.383273005E2,2.805257258E-1,2.222058892E-2,-1.816973147E0,1.838635324E0
3.383372885E2,3.595952842E-1,3.452862704E-1,-1.652596221E0,1.726153425E0
3.383472775E2,4.816094255E-1,1.556107807E-1,-1.320194290E0,1.413886600E0
3.383572655E2,3.721355152E-1,-1.538320577E-1,-9.940968275E-1,1.072556593E0
3.383672545E2,1.268994901E-1,-3.136493254E-1,-9.523827910E-1,1.010698947E0
3.383772435E2,3.062631226E-1,-2.937980282E-1,-1.304074686E0,1.371395336E0
3.383872315E2,5.669626942E-1,-5.921709180E-2,-2.055145444E0,2.132739120E0
3.383972205E2,5.117795965E-1,3.569760239E-1,-2.635015574E0,2.707887980E0
3.384072095E2,3.328866649E-1,1.026137230E0,-2.416616222E0,2.646470312E0
3.384171975E2,9.621347773E-1,1.408068001E0,-1.643218457E0,2.368232616E0
3.384271865E2,2.222341313E0,1.229280612E0,-1.171545789E0,2.796864543E0
3.384371755E2,2.577060019E0,1.251738013E0,-6.536660850E-1,2.938599283E0
3.384471635E2,2.110374442E0,1.186007708E0,3.034155285E-1,2.439744977E0
3.384571525E2,1.835323464E0,-3.693966794E-1,1.194240003E0,2.220602465E0
3.384671415E2,1.503099289E0,-1.942414634E0,7.530745983E-1,2.568930407E0
3.384771295E2,7.448268083E-1,-2.170344363E0,-1.273009014E0,2.624064324E0
3.384871185E2,-4.065916587E-1,-1.392614395E0,-2.315828936E0,2.732719394E0
3.384971075E2,-1.604022231E0,-7.366515237E-1,-1.349829733E0,2.222067302E0
3.385070955E2,-2.239823026E0,-6.270138913E-1,-2.107330674E-1,2.335457564E0
3.385170845E2,-2.205812111E0,-1.054179892E0,1.559581053E-1,2.449739832E0
3.385270735E2,-2.116185990E0,-1.511662536E0,-4.470354241E-1,2.638789010E0
3.385370615E2,-2.357051221E0,-1.833640051E0,-1.195430496E0,3.216672250E0
3.385470505E2,-2.742892025E0,-2.387727469E0,-8.603324139E-1,3.736960127E0
3.385570395E2,-2.441882041E0,-3.171130990E0,-6.414535904E-1,4.053433405E0
3.385670275E2,-1.918577875E0,-3.631961165E0,-5.349342781E-1,4.142250312E0
3.385770165E2,-1.806513648E0,-3.538957692E0,1.982124245E-1,3.978316386E0
3.385870055E2,-2.148759366E0,-3.264567157E0,1.022881501E0,4.039907437E0
3.385969935E2,-2.208133748E0,-2.824965298E0,7.849887013E-1,3.670489184E0
3.386069825E2,-2.015825257E0,-2.480383617E0,6.953918159E-2,3.196981397E0
3.386169705E2,-1.942656709E0,-2.444577608E0,-8.816080928E-2,3.123723275E0
3.386269595E2,-1.765347788E0,-2.678520613E0,-1.750147659E-1,3.212717799E0
3.386369485E2,-1.162815896E0,-2.754326840E0,-5.734101266E-1,3.044216865E0
3.386469365E2,-6.255310374E-1,-2.728148271E0,-5.711028153E-1,2.856613466E0
3.386569255E2,-5.056104916E-1,-2.589039502E0,-2.009284562E-1,2.645588736E0
3.386669145E2,-6.903465459E-1,-2.620827305E0,3.299800140E-1,2.730238255E0
3.386769025E2,-6.208132115E-1,-3.002258139E0,8.172296637E-1,3.172826390E0
3.386868915E2,-6.608505589E-1,-3.414908427E0,1.296362209E0,3.711991110E0
3.386968805E2,-7.301184297E-1,-3.715338367E0,1.175413138E0,3.964644770E0
3.387068685E2,-7.567773476E-1,-3.860817093E0,8.390555656E-1,4.022764574E0
3.387168575E2,-7.370181441E-1,-3.611770145E0,2.561635941E-1,3.695091218E0
3.387268465E2,-6.535827622E-1,-3.143831509E0,6.413927794E-2,3.211691273E0
3.387368345E2,-5.444301564E-1,-2.786361980E0,-6.165479600E-2,2.839721570E0
3.387468235E2,-4.237766621E-1,-2.575292698E0,-5.001509464E-1,2.657417940E0
3.387568125E2,-3.989151782E-1,-2.467236153E0,-1.013646993E0,2.697010897E0
3.387668005E2,-3.497362939E-1,-2.403837132E0,-1.505990152E0,2.858103353E0
3.387767895E2,-1.538644732E-1,-1.985053115E0,-2.013036720E0,2.831329544E0
3.387867785E2,1.038956666E-1,-1.329440492E0,-2.137114052E0,2.519020207E0
3.387967665E2,4.225812354E-1,-5.038493103E-1,-2.038200213E0,2.141658034E0
3.388067555E2,1.103608818E0,2.402585828E-1,-1.900531029E0,2.210813154E0
3.388167445E2,1.792256674E0,9.115288800E-1,-1.789404110E0,2.691660446E0
3.388267325E2,2.429129556E0,1.653178019E0,-1.764727983E0,3.427525757E0
3.388367215E2,3.027656690E0,2.572164438E0,-1.518816605E0,4.253179846E0
3.388467095E2,3.521715422E0,3.512542895E0,-1.249237744E0,5.128453183E0
3.388566985E2,3.951662943E0,4.283048628E0,-9.439701095E-1,5.903492622E0
3.388666875E2,4.252916756E0,4.933916236E0,-6.427543035E-1,6.545530036E0
3.388766755E2,4.333930514E0,4.976015604E0,-2.068636724E-1,6.602005571E0
3.388866645E2,4.139478726E0,4.478293591E0,1.715140378E-1,6.100804428E0
3.388966535E2,3.888541958E0,3.915634739E0,6.025894868E-1,5.551222213E0
3.389066415E2,3.503323298E0,3.257620080E0,1.161075180E0,4.922749058E0
3.389166305E2,2.976070215E0,2.290223978E0,1.919770415E0,4.217539358E0
3.389266195E2,2.269741474E0,9.601993489E-1,2.150746250E0,3.270996573E0
3.389366075E2,1.738705242E0,-1.627443838E-1,2.227826586E0,2.830687717E0
3.389465965E2,1.385248950E0,-1.315886647E0,2.433069702E0,3.093590228E0
3.389565855E2,1.025598117E0,-2.475073761E0,2.287559402E0,3.522892226E0
3.389665735E2,7.178044859E-1,-3.279127893E0,1.104592831E0,3.533843282E0
3.389765625E2,9.859162804E-1,-3.257302576E0,-9.038462234E-1,3.521219814E0
3.389865515E2,1.375559090E0,-2.653210940E0,-2.589442083E0,3.954352210E0
3.389965395E2,1.662253775E0,-1.972595623E0,-3.356277226E0,4.233062475E0
3.390065285E2,2.312615598E0,-1.558927335E0,-3.794077558E0,4.708871399E0
3.390165175E2,2.193136225E0,-1.477885510E0,-3.965044296E0,4.766085223E0
3.390265055E2,2.089879951E0,-1.286810197E0,-3.537721006E0,4.305687937E0
3.390364945E2,2.021066701E0,-1.389629391E0,-2.456984814E0,3.471678965E0
3.390464835E2,2.140149926E0,-1.404112360E0,-1.377399355E0,2.906716740E0
3.390564715E2,2.274804432E0,-1.170455284E0,-4.106999490E-1,2.591018183E0
3.390664605E2,2.695080220E0,-9.294318849E-1,4.102108294E-1,2.880203803E0
3.390764492E2,3.143945238E0,-6.814941537E-1,1.398882025E-1,3.219999169E0
3.390864372E2,2.613474139E0,4.541181564E-2,-7.801197249E-1,2.727800597E0
3.390964262E2,9.007591859E-1,1.404378408E0,-1.210226290E0,2.061138884E0
3.391064142E2,-1.128906577E0,3.027778897E0,-1.159329202E0,3.433062671E0
3.391164032E2,-2.583674682E0,4.151839448E0,-1.183875228E0,5.031372200E0
3.391263922E2,-2.410193494E0,4.882126862E0,-1.335805771E0,5.606119195E0
3.391363802E2,-1.001160556E0,4.812423373E0,-1.263858122E0,5.075340239E0
3.391463692E2,1.645064422E-1,3.085988513E0,-1.508890371E0,3.439060573E0
3.391563582E2,4.369550436E-1,7.568086302E-1,-2.303099547E0,2.463322256E0
3.391663462E2,-4.505156138E-1,-1.743158482E0,-2.752342295E0,3.288913790E0
3.391763352E2,-1.686752731E0,-3.349571639E0,-2.208509139E0,4.352272689E0
3.391863242E2,-2.844261110E0,-3.016865653E0,-1.534182503E0,4.420974506E0
3.391963122E2,-3.683936773E0,-1.424103990E0,-8.653019625E-1,4.043291952E0
3.392063012E2,-5.858548141E0,5.103017128E-1,2.193001154E-1,5.884818323E0
3.392162902E2,-8.298095389E0,2.673880262E0,1.911004269E0,8.925242857E0
3.392262782E2,-9.814867222E0,4.217622378E0,2.502718812E0,1.097194416E1
3.392362672E2,-9.503511760E0,4.527635320E0,2.035422785E0,1.072190110E1
3.392462562E2,-6.946019740E0,3.567450004E0,8.240902019E-1,7.851943353E0
3.392562442E2,-3.778993496E0,2.052120679E0,1.779331112E0,4.653816748E0
3.392662332E2,-1.269083778E0,8.733763826E-1,1.100014461E0,1.892984880E0
3.392762222E2,3.122427484E0,-1.129388534E0,-3.869137096E0,5.098558004E0
3.392862102E2,5.669397147E0,-4.965693514E0,-6.625636761E0,1.003490102E1
3.392961992E2,9.285229352E-1,-6.903047968E0,-4.678562481E0,8.390659865E0
3.393061882E2,-2.431508788E0,-5.752569112E0,9.243676114E-1,6.313378006E0
3.393161762E2,-3.957885550E0,-4.986884408E0,3.659162997E0,7.343251866E0
3.393261652E2,-5.947663801E0,-4.190998251E0,1.913235859E0,7.523273388E0
3.393361532E2,-4.617729511E0,-3.172572913E0,-3.709616867E0,6.719367680E0
3.393461422E2,-3.449240646E0,-2.405686022E0,-6.936294066E0,8.111520304E0
3.393561312E2,-3.505761002E0,-1.686644558E0,-5.830489107E0,7.009260539E0
3.393661192E2,-4.129333807E0,-1.476270509E0,-2.776916388E0,5.190571927E0
3.393761082E2,-5.404691940E0,-1.433862993E0,-4.969701195E0,7.480948337E0
3.393860972E2,-5.847697463E0,-7.949447554E-1,-7.889717077E0,9.852671635E0
3.393960852E2,-5.690759364E0,1.724285424E-2,-6.370387087E0,8.542064803E0
3.394060742E2,-5.023028387E0,3.105134636E-1,-1.714357436E0,5.316601754E0
3.394160632E2,-3.378653059E0,-2.399287999E-1,3.200321460E-1,3.402246742E0
3.394260512E2,-2.835025433E-1,-1.195632809E-1,-2.495874646E0,2.514768243E0
3.394360402E2,3.317050303E0,1.906981677E-1,-4.824416597E0,5.857830999E0
3.394460292E2,5.033563900E0,-4.564804316E-2,-4.088182565E0,6.484757973E0
3.394560172E2,6.816923743E0,-1.109393395E0,-1.844978971E0,7.148786641E0
3.394660062E2,9.382846279E0,-2.868870871E0,-9.255113268E-1,9.855191301E0
3.394759952E2,9.851325781E0,-3.042004588E0,-1.296127151E0,1.039145597E1
3.394859832E2,9.544208965E0,-1.762402838E0,-2.033069866E0,9.916217102E0
3.394959722E2,8.998545046E0,-3.003784847E-1,-1.904417088E0,9.202762880E0
3.395059612E2,8.109889305E0,1.061442719E0,-1.094266648E0,8.251932178E0
3.395159492E2,8.100299286E0,1.186643300E0,-1.479057877E0,8.319289817E0
3.395259382E2,6.831842330E0,3.442998451E-1,-1.883364773E0,7.095045797E0
3.395359272E2,5.281094080E0,-4.321653700E-1,-1.798361460E0,5.595607700E0
3.395459152E2,4.892019181E0,-8.335597676E-1,-2.910242845E0,5.752928556E0
3.395559042E2,4.720501927E0,-1.463591992E0,-4.458771492E0,6.656266459E0
3.395658932E2,4.951936769E0,-1.816990104E0,-5.219590727E0,7.420731646E0
3.395758812E2,5.396635646E0,-2.237582665E0,-5.904660453E0,8.306351037E0
3.395858702E2,5.026374164E0,-1.738234541E0,-7.601878531E0,9.277631904E0
3.395958592E2,4.030599478E0,-1.196544390E0,-8.681405518E0,9.645944868E0
3.396058472E2,3.781546975E0,-1.703876302E0,-9.234069723E0,1.012281263E1
3.396158362E2,2.630571105E0,-2.243633949E0,-8.779352227E0,9.435614615E0
3.396258252E2,1.221982117E0,-2.558777238E0,-7.175477931E0,7.715443266E0
3.396358132E2,7.100157022E-1,-3.433109640E0,-4.533082586E0,5.730549871E0
3.396458022E2,1.151885184E0,-4.276971617E0,-1.053443143E0,4.552918640E0
3.396557912E2,6.194945182E-1,-3.903767231E0,2.304266067E0,4.575239245E0
3.396657792E2,-2.076861272E0,-1.693325586E0,6.335910149E0,6.879277702E0
3.396757682E2,-8.579184494E0,1.945946352E0,8.080089555E0,1.194474617E1
3.396857572E2,-8.256869595E0,5.217532507E0,7.193379182E0,1.213026154E1
3.396957452E2,-3.573104846E0,5.048840920E0,8.705087911E0,1.067878403E1
3.397057342E2,-2.896780216E0,1.473338715E0,1.040292287E1,1.089875529E1
3.397157232E2,-4.667353661E0,2.110330296E-1,7.532008397E0,8.863400906E0
3.397257112E2,-4.769813836E0,-2.538469273E-1,3.147757330E0,5.720484114E0
3.397357002E2,-5.526041545E0,-1.713548766E0,1.714567351E0,6.034328938E0
3.397456892E2,-8.563932032E0,-7.453685528E-1,-3.018566608E-2,8.596360701E0
3.397556772E2,-9.022270124E0,1.223851472E-1,-2.472276453E0,9.355666046E0
3.397656662E2,-8.991818994E0,3.187299711E-1,-2.710824140E0,9.396965741E0
3.397756552E2,-8.894097403E0,2.085376718E0,-2.485296448E0,9.467336642E0
3.397856432E2,-6.769095274E0,3.906103778E0,-2.606238502E0,8.238372210E0
3.397956322E2,-4.356538773E0,4.916593274E0,-2.955171681E0,7.203149254E0
3.398056212E2,2.143881619E-1,4.243325568E0,-1.873992271E0,4.643664630E0
3.398156092E2,5.484717518E0,2.459954615E0,2.403886249E0,6.473961080E0
3.398255982E2,7.141354750E0,2.232023717E0,4.763916042E0,8.869936504E0
3.398355872E2,7.546011309E0,3.534102164E0,-1.752090104E0,8.514809717E0
3.398455752E2,6.979990894E0,5.195463946E0,-6.214706724E0,1.069278720E1
3.398555642E2,7.058243011E0,3.557079383E0,-5.149120084E0,9.433188527E0
3.398655532E2,5.950140681E0,3.046428591E-1,1.444961008E0,6.130651981E0
3.398755412E2,2.551685734E0,-2.570523709E0,4.609080017E0,5.861937464E0
3.398855302E2,-5.492008996E0,-1.245093237E0,1.290478156E0,5.777348341E0
3.398955192E2,-8.875431336E0,-5.618753242E-1,1.162224158E0,8.968821008E0
3.399055072E2,-6.288003911E0,-4.578963348E0,3.470050594E0,8.517461456E0
3.399154962E2,-8.313421526E0,-7.267238286E0,6.298124857E0,1.271188839E1
3.399254852E2,-9.928677428E0,-6.797551918E0,7.742709889E0,1.430856051E1
3.399354732E2,-4.483744365E0,-6.575785155E0,6.191945853E0,1.008390338E1
3.399454622E2,3.517962095E0,-8.646754918E0,7.683173540E0,1.209022678E1
3.399554512E2,5.714004970E0,-9.806546050E0,8.713930070E0,1.430911512E1
3.399654392E2,2.286996315E0,-7.309657497E0,8.054890394E0,1.111497657E1
3.399754282E2,-3.962792534E-1,-5.114925567E0,7.753608515E0,9.297200966E0
3.399854172E2,-1.380096091E0,-4.995164650E0,6.085424201E0,7.993042150E0
3.399954052E2,-6.345070982E-1,-5.327950158E0,3.494319463E0,6.403118041E0
3.400053942E2,-8.339094311E-1,-5.797958123E0,3.806077799E0,6.985553059E0
3.400153832E2,-2.118514059E0,-5.662636011E0,4.664591144E0,7.636226748E0
3.400253712E2,-1.747973956E0,-5.603365710E0,3.763862071E0,6.972788389E0
3.400353602E2,-6.409954610E-1,-5.698474181E0,2.506939917E0,6.258452757E0
3.400453492E2,5.592999181E-1,-5.151192922E0,1.968801364E0,5.542903908E0
3.400553372E2,1.606461105E0,-4.820117140E0,2.227085159E0,5.547445793E0
3.400653262E2,1.397882444E0,-4.666605510E0,2.670550858E0,5.555458954E0
3.400753152E2,1.175967454E0,-5.169582415E0,3.082457964E0,6.132620068E0
3.400853032E2,7.773300183E-1,-5.590667896E0,2.547285120E0,6.192614227E0
3.400952922E2,-9.456935763E-2,-5.630097426E0,2.022630247E0,5.983140772E0
3.401052812E2,-7.547705832E-1,-5.302527634E0,1.799505175E0,5.650194405E0
3.401152692E2,-1.631401526E0,-4.501000668E0,1.552950895E0,5.033103857E0
3.401252582E2,-2.057689275E0,-3.793898633E0,1.493052603E0,4.566941872E0
3.401352472E2,-1.941684025E0,-3.644177168E0,1.507815068E0,4.395869694E0
3.401452352E2,-1.957144940E0,-3.560477784E0,1.644853338E0,4.383259161E0
3.401552242E2,-1.971758886E0,-3.518010626E0,1.851212103E0,4.437478803E0
3.401652132E2,-2.173922274E0,-3.720734178E0,1.717389218E0,4.638882042E0
3.401752012E2,-2.382617002E0,-3.810050982E0,1.808844348E0,4.844096421E0
3.401851902E2,-2.581399530E0,-3.713566661E0,1.848691953E0,4.885884036E0
3.401951792E2,-2.860536250E0,-3.582111313E0,1.354564224E0,4.780066247E0
3.402051672E2,-3.234254022E0,-3.377191547E0,7.624090934E-1,4.737835946E0
3.402151562E2,-3.539519609E0,-3.199985245E0,3.864261103E-1,4.787215242E0
3.402251452E2,-3.640223573E0,-2.807159942E0,9.388289452E-3,4.596897078E0
3.402351332E2,-3.610773487E0,-2.196750973E0,2.261586070E-2,4.226572073E0
3.402451222E2,-3.492529630E0,-1.398032425E0,4.589193052E-1,3.789837042E0
3.402551112E2,-3.514167252E0,-9.839484000E-1,6.944755572E-1,3.714811196E0
3.402650992E2,-3.583157087E0,-9.301037300E-1,1.872629285E-2,3.701953313E0
3.402750882E2,-3.270685683E0,-7.829141092E-1,-4.061505228E-1,3.387520862E0
3.402850772E2,-2.509054855E0,-7.084100568E-1,-4.456952423E-1,2.644966034E0
3.402950652E2,-1.292133795E0,3.792007059E-1,-1.358985304E0,1.913176410E0
3.403050542E2,-3.486300007E-1,1.447526182E0,-2.653109198E0,3.042345040E0
3.403150432E2,4.469535631E-1,2.352101553E0,-3.502054160E0,4.242232023E0
3.403250312E2,5.744950774E-1,3.333438002E0,-3.712565618E0,5.022449300E0
3.403350202E2,7.342420323E-1,4.329276715E0,-3.655609644E0,5.713600450E0
3.403450092E2,1.401694244E0,5.057637472E0,-3.467924547E0,6.290544031E0
3.403549972E2,2.409377515E0,5.732313187E0,-3.270968104E0,7.025933876E0
3.403649862E2,3.326942915E0,6.504931519E0,-3.331891413E0,8.030204457E0
3.403749752E2,3.801525741E0,6.942902589E0,-3.000595776E0,8.465168004E0
3.403849632E2,4.032539291E0,7.244386198E0,-2.220343319E0,8.583264471E0
3.403949522E2,4.196283841E0,7.252506226E0,-1.117627444E0,8.453208606E0
3.404049412E2,4.387880726E0,6.953842730E0,-6.438842779E-1,8.247667121E0
3.404149292E2,4.185911173E0,6.528021589E0,-3.806315196E-1,7.764135404E0
3.404249182E2,3.249524025E0,6.046909177E0,3.088242030E-1,6.871672967E0
3.404349062E2,1.934073581E0,5.403215518E0,1.520966626E0,5.937063081E0
3.404448952E2,5.872339676E-1,4.875864494E0,2.287132555E0,5.417552364E0
3.404548842E2,-1.027095589E-1,4.373609135E0,2.610202330E0,5.094326483E0
3.404648722E2,-5.759916723E-1,3.652266791E0,2.478017834E0,4.450998933E0
3.404748612E2,-2.187308305E0,1.621760345E0,1.264280875E0,3.002137633E0
3.404848502E2,-3.951221479E0,-2.304630933E0,6.784132558E-1,4.624253394E0
3.404948382E2,-4.042892371E0,-6.894636748E0,3.745215885E0,8.826530272E0
3.405048272E2,-1.482390790E0,-1.125744315E1,7.570230476E0,1.364682741E1
3.405148162E2,1.460296939E0,-1.514261156E1,1.581814506E0,1.529487787E1
3.405248042E2,2.189626287E0,-1.154681016E1,-5.200926999E0,1.285196210E1
3.405347932E2,1.036496158E0,-2.238824614E0,-3.071394448E0,3.939558832E0
3.405447822E2,6.072288139E-1,3.577715961E0,-8.019491351E-1,3.716436565E0
3.405547702E2,1.591363594E0,6.020754581E0,-1.487665563E0,6.402739464E0
3.405647592E2,3.084218561E0,5.438481830E0,-2.899044258E0,6.891585184E0
3.405747482E2,3.743823371E0,3.697003253E0,-5.426173441E0,7.558267308E0
3.405847362E2,3.738301260E0,2.768712160E0,-7.078255107E0,8.470086109E0
3.405947252E2,3.175128731E0,1.409010572E0,-5.929383066E0,6.871996565E0
3.406047142E2,1.845114335E0,-3.220488507E-1,-4.370999522E0,4.755396849E0
3.406147022E2,1.938393212E0,-1.551230060E0,-3.492278492E0,4.284821117E0
3.406246912E2,2.722446066E0,-3.247740040E0,-2.773167738E0,5.064581647E0
3.406346802E2,3.407380722E0,-4.447938355E0,-2.197921294E0,6.018742145E0
3.406446682E2,3.385674688E0,-4.728635112E0,-1.410782863E0,5.984404014E0
3.406546572E2,2.667491302E0,-4.037443936E0,-5.762585977E-1,4.873247106E0
3.406646462E2,2.016534525E0,-2.594748724E0,-3.315511608E-1,3.302886404E0
3.406746342E2,1.603146172E0,-6.132659179E-1,-7.437193456E-1,1.870639249E0
3.406846232E2,1.210133173E0,1.254712492E0,-6.886017367E-1,1.874272682E0
3.406946122E2,8.129559338E-1,2.572472586E0,-3.669887960E-1,2.722718005E0
3.407046002E2,4.566442998E-1,3.015673991E0,-1.818910915E-1,3.055470177E0
3.407145892E2,4.002531673E-1,2.739866676E0,1.661340147E-2,2.768997653E0
3.407245782E2,6.612227342E-1,2.125606731E0,1.738701734E-1,2.232856985E0
3.407345662E2,9.644779028E-1,1.451509890E0,2.652989915E-1,1.762805191E0
3.407445552E2,1.202191631E0,9.596824551E-1,4.300451696E-1,1.597245748E0
3.407545442E2,1.363924447E0,6.588057876E-1,4.126847863E-1,1.569912002E0
3.407645322E2,1.622806996E0,4.683795154E-1,4.555168104E-1,1.749393461E0
3.407745212E2,1.873578580E0,4.458887851E-1,3.939239949E-1,1.965779647E0
3.407845102E2,2.046313517E0,5.637394166E-1,-1.954578012E-2,2.122635903E0
3.407944982E2,1.977997573E0,7.257113832E-1,-3.808654082E-1,2.141072131E0
3.408044872E2,1.567229211E0,6.757013172E-1,-3.793457168E-1,1.748337165E0
3.408144762E2,7.938776386E-1,2.122638685E-1,2.555584073E-2,8.221622443E-1
3.408244642E2,-2.653466463E-2,-1.716666502E-1,2.758078998E-1,3.259501876E-1
3.408344532E2,-7.349929610E-1,-8.576450336E-1,-5.359674811E-2,1.130770652E0
3.408444422E2,-1.800295427E0,-1.668952053E0,-9.187747496E-1,2.621185155E0
3.408544302E2,-3.051731431E0,-2.130434777E0,-2.450531535E0,4.456110621E0
3.408644192E2,-4.388479773E0,-1.518530676E0,-3.683111731E0,5.927056787E0
3.408744082E2,-4.401328445E0,-1.205368423E-1,-3.203271380E0,5.444921372E0
3.408843962E2,-3.607819473E0,7.389500642E-1,-1.758650680E0,4.081085733E0
3.408943852E2,-2.905927016E0,9.567798972E-1,-1.269197507E0,3.312204991E0
3.409043742E2,-1.749196755E0,9.610355008E-1,-1.276580201E0,2.369163467E0
3.409143622E2,1.390966357E-1,3.513673747E-1,-2.016737423E0,2.051837406E0
3.409243512E2,1.424333347E0,-4.769252211E-1,-2.984517395E0,3.341186500E0
3.409343392E2,1.538167965E0,-8.935177016E-1,-2.341582412E0,2.940636456E0
3.409443282E2,1.050110230E0,-8.134295583E-1,-1.530652539E0,2.026646574E0
3.409543172E2,7.117154878E-1,-5.323240811E-1,-1.066363150E0,1.388178026E0
3.409643052E2,-1.397484541E-3,-2.462607497E-1,-9.134701556E-1,9.460835243E-1
3.409742942E2,-1.515963602E0,-5.549241543E-2,-1.036183332E0,1.837090348E0
3.409842832E2,-2.679140710E0,1.563469452E-1,-1.311531056E0,2.987030803E0
3.409942712E2,-3.126551818E0,6.557067633E-2,-1.211262417E0,3.353622284E0
3.410042602E2,-2.974930592E0,-3.896993816E-1,-9.855517066E-1,3.158067416E0
3.410142492E2,-2.859742490E0,-6.083840775E-1,-1.203639402E0,3.161804249E0
3.410242372E2,-2.543617162E0,-1.084395379E-1,-1.477916501E0,2.943804440E0
3.410342262E2,-1.873859831E0,5.042972070E-1,-1.464172620E0,2.430939695E0
3.410442152E2,-1.397874550E0,1.047200655E0,-1.534277812E0,2.324799104E0
3.410542032E2,-1.544680155E0,1.596955871E0,-1.680081643E0,2.785494420E0
3.410641922E2,-2.093448068E0,2.405157434E0,-1.914523416E0,3.719234734E0
3.410741812E2,-2.640611359E0,3.255608053E0,-1.788788399E0,4.557584457E0
3.410841697E2,-3.005336698E0,3.787719880E0,-7.308399761E-1,4.890091782E0
3.410941587E2,-2.762467918E0,3.678666385E0,7.730159426E-1,4.664908254E0
3.411041477E2,-1.378309036E0,2.879640273E0,1.765514141E0,3.648164481E0
3.411141357E2,5.457910958E-1,2.048212985E0,2.118456756E0,2.996818876E0
3.411241247E2,1.808245009E0,1.001432160E0,1.904053976E0,2.810344805E0
3.411341137E2,2.226915590E0,1.905812234E-1,1.131720988E0,2.505247820E0
3.411441017E2,2.221730279E0,-9.100021720E-2,-8.615872264E-2,2.225261737E0
3.411540907E2,2.299073739E0,-1.509254068E-1,-1.059497935E0,2.535952367E0
3.411640797E2,2.230577993E0,2.332542032E-1,-1.485586878E0,2.690140160E0
3.411740677E2,1.950665348E0,9.633784801E-1,-1.374450020E0,2.573384202E0
3.411840567E2,1.290184041E0,1.445279682E0,-4.652243578E-1,1.992446215E0
3.411940457E2,1.560203782E-1,2.191189687E0,7.423508048E-1,2.318779705E0
3.412040337E2,-5.203965651E-1,3.030785535E0,1.848075657E0,3.587737055E0
3.412140227E2,-9.185705356E-1,3.457471479E0,2.973792139E0,4.652023274E0
3.412240117E2,-7.931762651E-1,2.995313986E0,3.990735208E0,5.052425354E0
3.412339997E2,-5.021840233E-1,1.859889371E0,4.682390653E0,5.063216319E0
3.412439887E2,-8.041775090E-1,1.048399335E0,5.135009583E0,5.302279326E0
3.412539777E2,-2.997167992E-1,5.216476500E-2,5.810089926E0,5.818049181E0
3.412639657E2,1.574654883E0,-1.745576890E0,6.203465452E0,6.633970176E0
3.412739547E2,3.683432158E0,-3.202960893E0,5.125941136E0,7.078269808E0
3.412839437E2,3.870818170E0,-2.125855823E0,2.192690667E0,4.930556626E0
3.412939317E2,5.520511249E-1,1.575231711E0,-1.246263850E-1,1.673812153E0
3.413039207E2,-2.703997224E0,4.968573267E0,-1.306863808E0,5.805705324E0
3.413139097E2,-4.297811678E0,6.397647391E0,-4.914269006E-1,7.722860724E0
3.413238977E2,-4.052346442E0,6.161542670E0,1.616985508E0,7.549884893E0
3.413338867E2,-1.241550409E0,3.981479065E0,2.615856587E0,4.923040590E0
3.413438757E2,9.464104450E-1,1.068555272E-1,2.175950673E0,2.375262547E0
3.413538637E2,1.774887228E0,-3.356888845E0,1.698155386E0,4.159646512E0
3.413638527E2,3.369800667E0,-5.863776721E0,1.969251015E0,7.043960784E0
3.413738417E2,6.027413390E0,-5.954320271E0,-3.822675705E-2,8.472609005E0
3.413838297E2,7.451885755E0,-4.464426334E0,-2.288938175E0,8.983370290E0
3.413938187E2,7.276035422E0,-3.746584718E0,-1.242623958E0,8.277783690E0
3.414038077E2,4.864235844E0,-2.350684773E0,-6.369921649E-1,5.439877596E0
3.414137957E2,1.592455561E0,-5.284543937E-1,-8.592079943E-1,1.885050965E0
3.414237847E2,2.005214900E-1,-4.099412727E-1,-4.373606211E-1,6.320957427E-1
3.414337737E2,-2.055865309E-1,-1.755813026E0,-1.087248235E0,2.075392476E0
3.414437617E2,-4.119369274E-1,-2.670666048E0,-1.637987537E0,3.159929168E0
3.414537507E2,8.085646749E-2,-3.031532224E0,-1.476746473E0,3.373055816E0
3.414637397E2,1.158518924E0,-3.091609442E0,-1.288130499E0,3.543937812E0
3.414737277E2,2.186507967E0,-2.682479762E0,-1.057813936E0,3.618768449E0
3.414837167E2,2.390158156E0,-2.624273070E0,7.611905336E-2,3.550416773E0
3.414937057E2,1.825597937E0,-2.768912719E0,9.251148856E-1,3.443185012E0
3.415036937E2,1.154547641E0,-2.787924356E0,-2.770726526E-1,3.030226349E0
3.415136827E2,-3.556261211E-1,-2.749675965E0,-9.426933700E-1,2.928456699E0
3.415236717E2,-1.815985406E0,-2.870143225E0,1.879985082E-1,3.401597943E0
3.415336597E2,-3.120283018E0,-2.553480245E0,4.362630987E-1,4.055459649E0
3.415436487E2,-3.604510242E0,-2.253076617E0,4.123456478E-1,4.270699856E0
3.415536377E2,-3.637001465E0,-2.512561430E0,7.475431323E-1,4.483253877E0
3.415636267E2,-3.951085238E0,-3.005169468E0,5.621559906E-1,4.995811991E0
3.415736147E2,-4.392760228E0,-3.411656790E0,2.608437055E-1,5.568104158E0
3.415836037E2,-4.377559806E0,-4.140560169E0,6.350046962E-1,6.058918990E0
3.415935927E2,-4.002707382E0,-4.436419925E0,3.414516664E-1,5.984987667E0
3.416035807E2,-3.267306870E0,-4.149904604E0,-3.662473691E-1,5.294444214E0
3.416135697E2,-2.110043782E0,-3.625777150E0,-8.436725271E-1,4.279056910E0
3.416235587E2,-8.445712441E-1,-3.076756929E0,-1.048584107E0,3.358461317E0
3.416335467E2,8.589793682E-2,-2.564551948E0,-1.674105788E0,3.063810591E0
3.416435357E2,8.614957175E-1,-2.463450665E0,-1.733331066E0,3.132922061E0
3.416535247E2,1.433577941E0,-2.623483695E0,-1.415660026E0,3.307855155E0
3.416635127E2,1.823844211E0,-2.686486275E0,-1.137328468E0,3.440513370E0
3.416735017E2,1.714669970E0,-2.573412818E0,-8.706790620E-1,3.212573527E0
3.416834907E2,1.373735197E0,-2.375502695E0,-1.022247078E0,2.928335796E0
3.416934787E2,8.469250408E-1,-2.247091407E0,-1.325192490E0,2.742779057E0
3.417034677E2,3.286374933E-1,-2.396908182E0,-1.636843822E0,2.921032203E0
3.417134567E2,-2.612243593E-2,-2.616248935E0,-1.963302058E0,3.271084812E0
3.417234447E2,-2.783069998E-1,-2.640627147E0,-1.853354523E0,3.238099675E0
3.417334337E2,-6.571574575E-1,-2.353715969E0,-1.857175679E0,3.069354377E0
3.417434227E2,-9.467706335E-1,-1.933108206E0,-1.998275424E0,2.937071099E0
3.417534107E2,-7.049619538E-1,-1.366865011E0,-1.481385069E0,2.135367190E0
3.417633997E2,7.673392463E-2,-6.763889498E-1,-1.265343899E0,1.436831685E0
3.417733877E2,1.145305313E0,-7.967357576E-2,-1.509365750E0,1.896380000E0
3.417833767E2,2.198679678E0,3.019502163E-1,-1.841682896E0,2.883949054E0
3.417933657E2,2.911005907E0,6.544963896E-1,-2.219349877E0,3.718579674E0
3.418033537E2,3.294709554E0,1.109662952E0,-2.314915600E0,4.176756774E0
3.418133427E2,3.393418740E0,1.489506267E0,-2.213956990E0,4.316888372E0
3.418233317E2,3.290637553E0,1.654549191E0,-1.917622440E0,4.152481710E0
3.418333207E2,2.836605350E0,1.562429232E0,-1.324103154E0,3.498680349E0
3.418433087E2,2.426848265E0,1.216300963E0,-1.091589208E0,2.925841337E0
3.418532977E2,1.882176472E0,6.958841515E-1,-1.274266750E0,2.377098815E0
3.418632857E2,1.349908963E0,3.531694865E-1,-1.273347568E0,1.889020096E0
3.418732747E2,1.218279953E0,3.299852765E-1,-1.273484977E0,1.793003155E0
3.418832637E2,1.348520688E0,5.232714218E-1,-1.138890844E0,1.841030522E0
3.418932527E2,1.637694738E0,5.254881012E-1,-8.053744340E-1,1.899160282E0
3.419032407E2,1.847716930E0,2.612226051E-1,-3.888433492E-1,1.906172672E0
3.419132297E2,1.784630297E0,-3.377860469E-1,1.320903558E-1,1.821113004E0
3.419232187E2,1.433641237E0,-1.165886269E0,7.213522840E-1,1.983675152E0
3.419332067E2,7.115690151E-1,-1.727230666E0,1.299593380E0,2.275653575E0
3.419431957E2,-1.553222206E-1,-1.857096741E0,2.003519792E0,2.736242836E0
3.419531847E2,-8.144072127E-1,-1.487911731E0,2.667635436E0,3.161236981E0
3.419631727E2,-9.126679176E-1,-9.853961706E-1,3.034697907E0,3.318638234E0
3.419731617E2,-8.738041064E-1,-6.051441354E-1,3.000923805E0,3.183594937E0
3.419831497E2,-1.319038880E0,-2.960597312E-1,3.011534747E0,3.301038695E0
3.419931387E2,-2.238744799E0,9.348177552E-2,3.046825032E0,3.782044407E0
3.420031277E2,-2.855384853E0,5.023226023E-1,2.741126166E0,3.989902670E0
3.420131157E2,-2.872006148E0,8.655370206E-1,2.153902577E0,3.692813285E0
3.420231047E2,-2.575675106E0,9.682152969E-1,1.666086917E0,3.216735726E0
3.420330937E2,-2.311747140E0,7.678376484E-1,1.598788973E0,2.913739123E0
3.420430827E2,-2.141100245E0,5.676383400E-1,1.667888444E0,2.772791987E0
3.420530707E2,-1.805232523E0,3.279030830E-1,1.743986447E0,2.531377811E0
3.420630597E2,-1.016641352E0,4.127005738E-1,1.701764288E0,2.024816805E0
3.420730477E2,-9.417554766E-2,7.928947216E-1,1.616554568E0,1.802997434E0
3.420830362E2,4.681881653E-1,1.110415488E0,1.409936771E0,1.854762630E0
3.420930252E2,7.063585612E-1,1.172878370E0,1.324591981E0,1.905027560E0
3.421030132E2,7.877083875E-1,1.375352830E0,1.236542854E0,2.010253252E0
3.421130022E2,7.621845603E-1,1.726092213E0,1.145306409E0,2.207271257E0
3.421229912E2,6.632919176E-1,2.205331178E0,9.702822876E-1,2.498977689E0
3.421329792E2,8.372278722E-1,2.782217474E0,4.692291158E-1,2.943103897E0
3.421429682E2,1.091058720E0,3.334223868E0,1.157584977E-1,3.510107970E0
3.421529572E2,1.279338333E0,3.647630534E0,-2.768182987E-1,3.875376556E0
3.421629452E2,1.505019661E0,3.628661581E0,-4.326477653E-1,3.952145384E0
3.421729342E2,1.995472561E0,3.428421342E0,-4.286225420E-1,3.989949991E0
3.421829232E2,2.401580838E0,3.196904932E0,-6.360899395E-1,4.048753151E0
3.421929122E2,2.305382446E0,2.762497154E0,-5.664352754E-1,3.642393124E0
3.422029002E2,2.376046632E0,2.419081408E0,-6.601833916E-1,3.454474572E0
3.422128892E2,2.510578347E0,2.483159875E0,-9.174503553E-1,3.648397149E0
3.422228772E2,2.152577013E0,2.225444430E0,-1.351929469E0,3.378446980E0
3.422328662E2,1.389200060E0,1.400619233E0,-1.514438794E0,2.486993346E0
3.422428552E2,6.052973324E-1,4.168585289E-1,-1.572856572E0,1.736097258E0
3.422528432E2,2.321464482E-1,-4.237956655E-1,-1.381727464E0,1.463784658E0
3.422628322E2,2.886076011E-1,-1.743773024E0,2.045163077E-1,1.779287955E0
3.422728212E2,-2.969009994E-1,-3.691707430E0,2.297725956E0,4.358485806E0
3.422828102E2,-1.353947343E0,-6.639241478E0,3.096944149E0,7.450084823E0
3.422927982E2,2.583546920E-1,-6.365424555E0,5.937663308E-1,6.398275968E0
3.423027872E2,1.935960039E0,-3.663269497E0,-2.841735990E0,5.024236073E0
3.423127752E2,1.572511732E0,-1.306859130E0,-5.235062460E0,5.620191535E0
3.423227642E2,-9.437220414E-1,8.014521217E-1,-4.430594929E0,4.600337837E0
3.423327532E2,-2.718089890E0,1.895919914E0,-1.011702501E0,3.464977190E0
3.423427412E2,-3.799925943E0,1.415420875E0,3.399178247E0,5.291244294E0
3.423527302E2,-4.375814120E0,1.552343954E0,6.397458526E0,7.904745192E0
3.423627192E2,-3.889549726E0,1.495259927E0,2.862806724E0,5.055695961E0
3.423727072E2,-1.637393460E0,8.432538664E-1,-3.071978000E0,3.581784926E0
3.423826962E2,9.431158313E-1,1.494314432E-2,-5.488745665E0,5.569202792E0
3.423926852E2,2.009115870E0,-1.137178779E0,-5.125659885E0,5.621575528E0
3.424026742E2,2.513165447E0,-2.012138003E0,-4.279922706E0,5.355598779E0
3.424126622E2,2.278029318E0,-2.482696776E0,-3.131471957E0,4.599925812E0
3.424226512E2,1.634457573E0,-1.959944002E0,-2.365184113E0,3.479501105E0
3.424326392E2,1.462512596E0,-1.218539277E0,-2.052811820E0,2.799610228E0
3.424426282E2,1.239561771E0,-5.806828934E-1,-1.755209301E0,2.225862911E0
3.424526172E2,3.509966612E-2,-4.281565189E-2,-1.658618561E0,1.659542315E0
3.424626052E2,-1.828774875E0,3.361154974E-1,-1.350490176E0,2.298089399E0
3.424725942E2,-3.372851744E0,3.695931458E-1,-3.755093586E-1,3.413756766E0
3.424825832E2,-4.634989322E0,1.362670219E-1,6.178287926E-1,4.677970408E0
3.424925712E2,-5.079194986E0,1.792148209E-1,1.075659346E0,5.194938180E0
3.425025602E2,-4.165082514E0,4.982260430E-1,8.013693836E-1,4.270636302E0
3.425125492E2,-2.288012561E0,7.796636420E-1,-7.977941036E-2,2.418520546E0
3.425225372E2,-4.622253209E-1,9.011816472E-1,-9.458637303E-1,1.385798977E0
3.425325262E2,6.442818886E-1,7.744584507E-1,-1.598872881E0,1.889782933E0
3.425425152E2,9.991385892E-1,6.032040292E-1,-2.333362396E0,2.608967822E0
3.425525042E2,1.114997659E0,4.755177963E-1,-2.943141620E0,3.182989090E0
3.425624922E2,1.028479333E0,5.489214027E-1,-3.022722225E0,3.239742905E0
3.425724812E2,8.469525227E-1,6.854562271E-1,-2.614261467E0,2.832232659E0
3.425824692E2,1.215549888E0,7.836836028E-1,-1.937221430E0,2.417550079E0
3.425924582E2,1.882330108E0,6.951649439E-1,-1.172001287E0,2.323791719E0
3.426024472E2,2.159636942E0,3.958465594E-1,-5.196473175E-1,2.256271161E0
3.426124352E2,2.069726353E0,1.043026328E-1,-4.304924816E-2,2.072799907E0
3.426224242E2,1.541176942E0,-4.842079282E-2,-7.517238915E-2,1.543768709E0
3.426324132E2,1.398984936E0,-7.429413736E-2,-5.105119202E-1,1.491073738E0
3.426424012E2,1.531608266E0,1.200696498E-1,-1.283863201E0,2.002135190E0
3.426523902E2,1.496605956E0,7.629628247E-1,-2.432818272E0,2.956441510E0
3.426623792E2,1.592837677E0,1.695774400E0,-3.917589464E0,4.556346111E0
3.426723672E2,1.903803130E0,2.985971889E0,-5.260787285E0,6.341638380E0
3.426823562E2,1.482821145E0,4.111229950E0,-5.305454165E0,6.873777284E0
3.426923452E2,-1.066985294E-2,4.503477548E0,-3.759442453E0,5.866415552E0
3.427023332E2,-2.025266026E0,4.795879846E0,-1.085778538E0,5.317995958E0
3.427123222E2,-4.333620027E0,4.087254612E0,1.876744555E0,6.245645117E0
3.427223112E2,-5.263048403E0,2.232672758E0,3.359012261E0,6.630797049E0
3.427322992E2,-4.403668793E0,1.190515326E0,3.119638070E0,5.526460646E0
3.427422882E2,-3.057466088E0,1.833683905E0,9.112432435E-1,3.679790726E0
3.427522772E2,-1.867417662E0,2.854708915E0,-1.512675859E0,3.731594829E0
3.427622662E2,-8.974824793E-1,4.100007974E0,-2.025326398E0,4.660202485E0
3.427722542E2,1.039479261E-1,3.521974454E0,-1.602910675E0,3.870972986E0
3.427822432E2,7.250524020E-1,1.884769859E0,-1.314789709E0,2.409715831E0
3.427922322E2,1.482362139E0,4.259918797E-1,3.686903358E-1,1.585811828E0
3.428022202E2,3.412453181E0,-1.944855847E0,5.152802660E0,6.479095325E0
3.428122092E2,7.062507970E0,-5.650570866E0,7.533890031E0,1.177146843E1
3.428221982E2,7.443508449E0,-7.480221947E0,3.579723895E0,1.114333709E1
3.428321862E2,4.992818309E-1,-2.703320408E0,-2.947318286E-1,2.764794826E0
3.428421752E2,-5.459247631E0,3.052036071E0,-1.185283238E-1,6.255586131E0
3.428521632E2,-6.960733089E0,3.452344056E0,-1.305055264E0,7.878683510E0
3.428621522E2,-3.860718567E0,4.426798332E-1,3.188831681E-1,3.899076784E0
3.428721412E2,2.226564172E0,-3.639463727E0,2.771952102E0,5.087927151E0
3.428821302E2,7.685548094E0,-6.656702433E0,3.304151638E0,1.069096604E1
3.428921182E2,1.220717248E1,-8.726734303E0,4.837261761E0,1.576610455E1
3.429021072E2,1.245694331E1,-8.443302219E0,4.437730286E0,1.568943081E1
3.429120962E2,9.274074619E0,-6.706885577E0,4.089313416E0,1.215373434E1
3.429220842E2,6.224153486E0,-6.122917718E0,2.676274697E0,9.131957854E0
3.429320732E2,3.450937216E0,-6.067380279E0,1.507639067E0,7.141081618E0
3.429420622E2,5.580613317E-1,-6.740333405E0,5.862816024E-1,6.788759310E0
3.429520502E2,-2.269823920E0,-7.815028837E0,5.090533322E-1,8.153889357E0
3.429620392E2,-3.918020696E0,-8.621749885E0,2.035239183E0,9.686467663E0
3.429720282E2,-5.472189859E0,-1.073542947E1,2.919834033E0,1.239837644E1
3.429820162E2,-6.722843798E0,-1.321006469E1,4.031748748E0,1.536090608E1
3.429920052E2,-7.030378690E0,-1.529081275E1,5.636267992E0,1.774831530E1
3.430019942E2,-5.819351331E0,-1.582549618E1,7.167513438E0,1.832169283E1
3.430119822E2,-5.073889807E0,-1.506797068E1,9.130728958E0,1.833462052E1
3.430219712E2,-3.716708955E0,-1.426475738E1,9.086538625E0,1.731653582E1
3.430319602E2,-1.761915765E0,-1.194452374E1,7.236139870E0,1.407613991E1
3.430419482E2,-7.843823451E-1,-7.185798267E0,5.299368968E0,8.962938349E0
3.430519372E2,1.072136691E-1,-1.454251065E0,4.003894951E0,4.261163657E0
3.430619262E2,1.889518675E0,3.322763910E0,3.016606622E0,4.869389729E0
3.430719142E2,5.040858886E0,6.695155478E0,9.597035050E-1,8.435425063E0
3.430819036E2,7.732735709E0,6.066972728E0,-1.585412298E0,9.955746671E0
3.430918926E2,9.225246860E0,3.931156758E0,-2.117711236E0,1.024909137E1
3.431018806E2,8.906980573E0,2.440227279E0,-2.070877377E0,9.464541469E0
3.431118696E2,6.567399078E0,3.363312596E-1,-6.226009977E-1,6.605413035E0
3.431218586E2,1.779229663E0,-2.147722070E0,3.159071692E0,4.214036336E0
3.431318466E2,-2.461915771E0,-4.107105324E0,5.124142533E0,7.013285971E0
3.431418356E2,-4.224384098E0,-5.327259017E0,4.493474132E0,8.149626950E0
3.431518246E2,-4.993895220E0,-5.995830824E0,3.465335400E0,8.538004812E0
3.431618126E2,-4.651072381E0,-5.222084565E0,2.336046268E0,7.372906731E0
3.431718016E2,-3.976976125E0,-3.610604210E0,1.088995968E0,5.480758531E0
3.431817906E2,-4.519345722E0,-1.425293314E0,-2.664798367E-1,4.746257293E0
3.431917786E2,-4.230209387E0,-8.330411196E-2,-4.455891738E0,6.144638493E0
3.432017676E2,-1.487967572E0,2.168587275E0,-8.862658678E0,9.244649107E0
3.432117566E2,1.974387794E0,6.033822523E0,-1.117024830E1,1.284833330E1
3.432217446E2,4.015002615E0,7.352458531E0,-1.018391307E1,1.318677284E1
3.432317336E2,3.811002031E0,5.915944995E0,-8.125656322E0,1.074934567E1
3.432417226E2,4.822474737E0,4.913124121E0,-8.506515883E0,1.094330223E1
3.432517106E2,3.590707304E0,5.545964763E0,-1.029218713E1,1.223029109E1
3.432616996E2,-1.209013870E0,7.404269539E0,-1.175056691E1,1.394133224E1
3.432716886E2,-4.302390340E0,8.938996418E0,-1.076235239E1,1.463709153E1
3.432816766E2,-4.348347701E0,8.094425758E0,-9.305923818E0,1.307777023E1
3.432916656E2,-3.264988157E0,5.638227979E0,-9.248843883E0,1.131330525E1
3.433016546E2,-2.518048457E0,4.128853458E0,-1.027108804E1,1.135267582E1
3.433116426E2,-2.011923995E0,4.121739151E0,-1.101278162E1,1.192970790E1
3.433216316E2,-1.578080474E0,4.451163679E0,-1.065780417E1,1.165727180E1
3.433316206E2,-1.168616261E0,4.777112038E0,-8.958181132E0,1.021936752E1
3.433416086E2,-1.790855974E-3,5.217936550E0,-7.069034632E0,8.786245824E0
3.433515976E2,9.404275739E-1,5.437938623E0,-5.817219436E0,8.018455117E0
3.433615866E2,1.846346781E0,4.912467479E0,-5.415305806E0,7.541012541E0
3.433715746E2,2.021351022E0,3.653043886E0,-5.687832248E0,7.055637836E0
3.433815636E2,1.612002803E0,3.384310532E0,-5.790581276E0,6.898039021E0
3.433915526E2,1.255791888E0,4.002560617E0,-5.752259794E0,7.119409912E0
3.434015416E2,6.803715614E-1,4.636589413E0,-5.196317055E0,6.997326473E0
3.434115296E2,6.663324697E-1,4.918450350E0,-4.739526721E0,6.862817668E0
3.434215186E2,9.842455848E-1,4.916870432E0,-4.387519661E0,6.662933513E0
3.434315076E2,1.079828046E0,5.096753005E0,-4.627746084E0,6.968425476E0
3.434414956E2,1.309342443E0,5.473768607E0,-5.748531609E0,8.045006902E0
3.434514846E2,1.654220870E0,6.547712088E0,-7.087890149E0,9.790156640E0
3.434614736E2,1.855716652E0,7.824629381E0,-7.524664294E0,1.101313225E1
3.434714616E2,2.049449671E0,8.303297072E0,-7.637336047E0,1.146620635E1
3.434814506E2,2.628763731E0,7.661375704E0,-8.290009859E0,1.159013977E1
3.434914396E2,3.644252012E0,6.759621615E0,-9.172715474E0,1.196293301E1
3.435014276E2,4.762754492E0,6.506258252E0,-1.026215700E1,1.305094223E1
3.435114166E2,5.218911865E0,7.865939959E0,-1.053308774E1,1.414411502E1
3.435214056E2,5.677824739E0,9.387638656E0,-1.118031019E1,1.566412427E1
3.435313936E2,4.251400866E0,1.060348588E1,-9.650241205E0,1.495444674E1
3.435413826E2,1.117494128E0,1.043561582E1,-6.221394770E0,1.220068128E1
3.435513716E2,-2.063939364E0,9.648759520E0,-4.983353859E0,1.105405906E1
3.435613596E2,-3.644319840E0,8.022381629E0,-2.631082737E0,9.195774599E0
3.435713486E2,-3.086944241E0,4.828837093E0,2.507894182E0,6.255911256E0
3.435813376E2,9.721317619E-1,-2.521956736E0,1.035434654E1,1.070129890E1
3.435913256E2,2.960830616E0,-1.706243840E1,1.789711206E1,2.490381381E1
3.436013146E2,1.359625866E0,-3.827977726E1,2.012152270E1,4.326737345E1
3.436113036E2,-4.994915559E0,-4.882403084E1,2.174692703E1,5.368113267E1
3.436212916E2,-1.297516566E1,-2.399846759E1,7.965803386E0,2.842068602E1
3.436312806E2,-1.009056344E1,1.760555702E-1,-2.296156563E0,1.035001454E1
3.436412696E2,-1.601244336E1,7.531137747E0,1.130207144E0,1.773115186E1
3.436512576E2,-1.481451961E1,7.638987300E0,3.561846033E0,1.704437929E1
3.436612466E2,-6.706200283E0,1.499710243E0,1.036496158E1,1.243602354E1
3.436712356E2,8.191762749E-1,-1.454713813E1,2.542568171E1,2.930453153E1
3.436812236E2,9.768460211E0,-3.143641358E1,5.526077213E0,3.337976098E1
3.436912126E2,6.559926921E-1,-2.557502428E1,-7.765889422E0,2.673614093E1
3.437012016E2,-5.469028854E0,-3.653092418E0,5.879986373E0,8.822108623E0
3.437111896E2,-2.260396308E0,4.347755086E0,1.377960454E1,1.462497409E1
3.437211786E2,-3.866484214E0,4.913380814E0,1.153663600E1,1.312192751E1
3.437311676E2,-1.629701302E0,4.717489150E0,3.370948475E0,6.022783728E0
3.437411556E2,-1.012768010E0,2.949078882E0,5.525162709E-1,3.166707995E0
3.437511446E2,-1.951347572E0,1.131801095E0,6.511476892E-1,2.347919159E0
3.437611336E2,-2.540788863E0,-9.565547794E-1,1.224167222E0,2.978118614E0
3.437711216E2,-2.714241838E0,-2.792281702E0,2.021781816E0,4.387658552E0
3.437811106E2,-2.151478175E0,-3.387411895E0,2.828944913E0,4.909821485E0
3.437910996E2,-1.619503904E0,-2.806989203E0,3.879467372E0,5.054923181E0
3.438010876E2,-8.275424711E-1,-2.300779957E0,4.616346937E0,5.223894523E0
3.438110766E2,3.024030831E-1,-2.537897415E0,4.546977909E0,5.216069308E0
3.438210656E2,9.402626824E-1,-3.041132768E0,3.910838853E0,5.042543303E0
3.438310536E2,8.730305198E-1,-3.023647839E0,3.443104870E0,4.664718608E0
3.438410426E2,8.618101515E-1,-2.403899113E0,2.866141391E0,3.838777690E0
3.438510316E2,9.751429318E-1,-1.669388840E0,2.369008777E0,3.057771316E0
3.438610196E2,4.690405431E-1,-1.035928978E0,2.373827468E0,2.632148310E0
3.438710086E2,-3.362211858E-1,-4.313099223E-1,2.356322658E0,2.418952129E0
3.438809976E2,-8.061364724E-1,3.296075463E-3,1.601488048E0,1.792939163E0
3.438909856E2,-1.249932100E0,4.260597074E-1,6.085425371E-1,1.454022403E0
3.439009746E2,-1.206570903E0,9.960918975E-1,-1.678174281E-1,1.573586700E0
3.439109636E2,-8.139524455E-1,1.480182297E0,-6.937385157E-1,1.826124679E0
3.439209516E2,-3.837454543E-1,1.746932859E0,-8.388178763E-1,1.975512698E0
3.439309406E2,8.059012681E-2,1.787186261E0,-7.393108374E-1,1.935745339E0
3.439409296E2,4.579293716E-1,1.694561103E0,-3.412932068E-1,1.788216344E0
3.439509176E2,6.341295142E-1,1.487872555E0,1.196863648E-1,1.621792159E0
3.439609066E2,4.787890211E-1,1.294779367E0,5.713513219E-1,1.494033089E0
3.439708956E2,1.274700321E-1,1.190527605E0,9.468910861E-1,1.526501660E0
3.439808836E2,-1.910911006E-1,1.157610120E0,9.822769734E-1,1.530178111E0
3.439908726E2,-4.054918340E-1,1.104161307E0,7.509783715E-1,1.395551623E0
3.440008616E2,-3.855054662E-1,1.081934870E0,4.990271115E-1,1.252288140E0
3.440108496E2,-1.672169191E-1,1.112587144E0,3.646639431E-1,1.182705138E0
3.440208386E2,-4.419003993E-2,9.640462321E-1,2.939553183E-1,1.008834786E0
3.440308276E2,-2.412941247E-2,7.578535277E-1,3.609000903E-1,8.397458384E-1
3.440408156E2,8.022555292E-2,7.535189867E-1,4.558208656E-1,8.843074489E-1
3.440508046E2,2.681036085E-1,1.030610935E0,3.494892490E-1,1.120794887E0
3.440607936E2,4.576554295E-1,1.496216531E0,1.444481537E-1,1.571298084E0
3.440707816E2,4.575566116E-1,2.018296291E0,-3.375919193E-1,2.096865822E0
3.440807706E2,5.598019016E-1,2.279046441E0,-5.635414883E-1,2.413505719E0
3.440907593E2,8.804743177E-1,2.203960006E0,-3.726822299E-1,2.402408536E0
3.441007483E2,9.664076301E-1,2.047712463E0,-1.089388901E-1,2.266922522E0
3.441107362E2,3.905934209E-1,2.180316204E0,-1.137593347E-1,2.217945707E0
3.441207253E2,-6.721669677E-1,2.551062421E0,-4.240283847E-1,2.671989517E0
3.441307143E2,-1.578660810E0,2.809929183E0,-8.817911106E-1,3.341470863E0
3.441407022E2,-1.911317680E0,2.980283718E0,-1.322645443E0,3.779499607E0
3.441506913E2,-1.925117401E0,2.962453803E0,-1.377308139E0,3.791989880E0
3.441606803E2,-1.725798683E0,2.790096597E0,-1.164573862E0,3.481271664E0
3.441706682E2,-1.404245676E0,2.489240980E0,-7.685700122E-1,2.959548350E0
3.441806573E2,-1.000818787E0,2.182073293E0,-3.756660640E-1,2.429857422E0
3.441906463E2,-5.159626946E-1,1.989359005E0,-5.941589713E-2,2.056039154E0
3.442006342E2,3.868313223E-2,1.831461963E0,1.047253865E-1,1.834861497E0
3.442106233E2,6.158913177E-1,1.791724870E0,3.997858286E-2,1.895045755E0
3.442206123E2,1.178470354E0,1.798873676E0,4.670638919E-2,2.151027746E0
3.442306002E2,1.548110863E0,1.775438036E0,-9.333910346E-3,2.355613420E0
3.442405893E2,1.798126987E0,1.729984705E0,8.422037065E-2,2.496637901E0
3.442505783E2,1.930942105E0,1.681054620E0,1.539071944E-1,2.564794235E0
3.442605662E2,1.792582657E0,1.664124007E0,1.623368329E-1,2.451329137E0
3.442705553E2,1.406579593E0,1.604344997E0,3.242444801E-1,2.158129631E0
3.442805443E2,1.060025061E0,1.485728965E0,7.884140003E-1,1.988124826E0
3.442905322E2,7.047973546E-1,1.413163265E0,8.677051681E-1,1.801855151E0
3.443005213E2,5.856068337E-1,1.424196376E0,1.338774695E0,2.040487286E0
3.443105103E2,6.769213387E-1,1.272185141E0,1.867930755E0,2.359203857E0
3.443204982E2,1.078894903E0,1.279439782E0,2.682753997E0,3.161985037E0
3.443304873E2,1.763560002E0,1.338396673E0,3.466659794E0,4.113293043E0
3.443404763E2,2.293310139E0,1.388615484E0,3.701800601E0,4.570651162E0
3.443504642E2,2.324093098E0,1.183148419E0,3.587339893E0,4.435116280E0
3.443604533E2,1.673344481E0,6.992866462E-1,3.300481925E0,3.765934745E0
3.443704423E2,7.247188184E-1,2.061991364E-1,2.805758949E0,2.905171033E0
3.443804302E2,-3.045153898E-1,-2.242337036E-1,2.309307828E0,2.340066884E0
3.443904193E2,-1.490971871E0,-5.178048599E-1,1.655209342E0,2.287102306E0
3.444004083E2,-2.564909505E0,-7.163014591E-1,9.980904758E-1,2.843946755E0
3.444103962E2,-3.155047054E0,-5.874592316E-1,4.613520393E-1,3.242264018E0
3.444203853E2,-3.349368156E0,-3.767828822E-1,2.384330821E-1,3.378917389E0
3.444303743E2,-4.007177286E0,-1.153949178E0,3.709859526E-1,4.186490067E0
3.444403622E2,-4.976934786E0,-2.856263689E0,9.937863404E-1,5.823721612E0
3.444503513E2,-5.872368035E0,-4.726923047E0,1.573121158E0,7.700858265E0
3.444603403E2,-5.993137012E0,-5.724083231E0,1.191952864E0,8.372787571E0
3.444703282E2,-4.594244754E0,-4.633368766E0,8.579543513E-1,6.581130348E0
3.444803173E2,-1.688638458E0,-1.674847215E0,1.886592436E-1,2.385834309E0
3.444903063E2,9.934951490E-1,5.194596219E-1,-6.133416393E-1,1.277911920E0
3.445002942E2,2.204202373E0,1.094952527E0,-1.254990527E0,2.762685353E0
3.445102833E2,2.328978739E0,9.389470589E-1,-1.860765577E0,3.125413905E0
3.445202723E2,1.901633813E0,9.818018872E-1,-2.998662686E0,3.684036375E0
3.445302602E2,1.252695787E0,1.335777705E0,-4.141629332E0,4.528426033E0
3.445402493E2,9.152982876E-1,1.975640852E0,-4.834995672E0,5.302651307E0
3.445502383E2,6.137249243E-1,2.263871747E0,-5.113186605E0,5.625517827E0
3.445602262E2,5.166693306E-1,1.653493184E0,-4.604811842E0,4.919886077E0
3.445702153E2,4.302556694E-2,4.337306696E-1,-3.622531945E0,3.648658820E0
3.445802043E2,3.519146740E-3,-1.516178341E0,-3.045838022E0,3.402343076E0
3.445901922E2,3.851490784E-1,-2.572307695E0,-2.650252541E0,3.713346903E0
3.446001813E2,7.397704285E-1,-2.767552657E0,-1.984587969E0,3.484996041E0
3.446101703E2,1.360630125E0,-2.296455356E0,-1.542514493E0,3.082916233E0
3.446201582E2,2.051602323E0,-1.672973768E0,-1.394921414E0,2.992276570E0
3.446301473E2,2.298968197E0,-1.400519831E0,-1.414374516E0,3.040915296E0
3.446401363E2,2.427225410E0,-1.370996654E0,-1.613423677E0,3.220899095E0
3.446501242E2,2.424259410E0,-1.011192332E0,-1.490873930E0,3.020306060E0
3.446601133E2,2.275632252E0,-6.806901616E-1,-1.111729358E0,2.622552841E0
3.446701023E2,2.126297287E0,-3.712221801E-1,-6.638636291E-1,2.258242896E0
3.446800902E2,1.741204342E0,-7.362404644E-2,-1.649669105E-1,1.750550526E0
3.446900793E2,1.221154444E0,1.586717981E-1,4.790243715E-1,1.321309678E0
3.447000683E2,7.063649932E-1,4.356848091E-1,9.928765136E-1,1.294054299E0
3.447100562E2,3.690490624E-1,3.720057070E-1,1.300447074E0,1.402051371E0
3.447200453E2,2.049583572E-1,8.169495821E-2,1.384912296E0,1.402378003E0
3.447300343E2,2.519033128E-1,4.287763238E-3,1.295119675E0,1.319397073E0
3.447400222E2,5.430493364E-1,1.015632123E-1,1.124783267E0,1.253138087E0
3.447500113E2,7.713585493E-1,1.933136272E-1,9.830730718E-1,1.264435382E0
3.447600003E2,1.114607650E0,3.199175406E-1,6.894713639E-1,1.349099035E0
3.447699882E2,1.408996539E0,2.201295429E-1,4.261971170E-1,1.488412660E0
3.447799773E2,1.710804960E0,-2.496726000E-1,3.093045518E-2,1.729204069E0
3.447899663E2,1.860615888E0,-9.432067555E-1,-6.166312829E-2,2.086943413E0
3.447999553E2,1.845810738E0,-1.457147775E0,-1.412560125E-1,2.355896895E0
3.448099433E2,1.837714391E0,-1.508814942E0,-1.393644382E-1,2.381835250E0
3.448199323E2,1.740352695E0,-1.262539575E0,1.860744819E-2,2.150158115E0
3.448299213E2,1.459785454E0,-1.083877316E0,1.932522315E-1,1.828417357E0
3.448399093E2,1.262753583E0,-8.924429834E-1,2.573809844E-1,1.567560544E0
3.448498983E2,1.184847620E0,-6.239183754E-1,1.974078476E-2,1.339226538E0
3.448598873E2,1.215171281E0,-3.185896379E-1,-4.127181154E-1,1.322299830E0
3.448698752E2,1.159626240E0,-1.213829345E-1,-7.337663613E-1,1.377635622E0
3.448798643E2,9.501804373E-1,4.997966051E-2,-1.014548488E0,1.390916771E0
3.448898533E2,6.119795305E-1,6.982744932E-2,-9.965403789E-1,1.171532136E0
3.448998412E2,3.551987627E-1,-4.841494560E-2,-9.255154198E-1,9.925164786E-1
3.449098303E2,1.980767691E-1,-9.697139382E-2,-8.954611699E-1,9.222193690E-1
3.449198193E2,4.680023700E-2,-1.067941314E-1,-7.477833067E-1,7.568190817E-1
3.449298072E2,-2.973823714E-1,2.063698751E-1,-9.081240463E-1,9.776063030E-1
3.449397963E2,-7.989331412E-1,2.784987885E-1,-9.395815549E-1,1.264384925E0
3.449497853E2,-1.168998742E0,2.815948892E-1,-8.897585267E-1,1.495835545E0
3.449597732E2,-1.555023733E0,2.310574043E-1,-8.120155554E-1,1.769422391E0
3.449697623E2,-1.819297416E0,7.467596054E-2,-5.921295489E-1,1.914689789E0
3.449797513E2,-1.914171998E0,-9.957983673E-2,-4.099483625E-1,1.960109242E0
3.449897392E2,-1.933852556E0,-4.525499332E-1,-1.826618276E-1,1.994480508E0
3.449997283E2,-1.963678034E0,-6.329575861E-1,-1.055183420E-1,2.065865641E0
3.450097173E2,-1.767018630E0,-7.340079975E-1,-1.575789535E-1,1.919883774E0
3.450197052E2,-1.428208443E0,-6.382504857E-1,-4.137701026E-1,1.618131249E0
3.450296943E2,-1.017207947E0,-3.890532643E-1,-7.313779199E-1,1.311864365E0
3.450396833E2,-5.478615949E-1,3.712104857E-2,-1.078715394E0,1.210436781E0
3.450496712E2,-2.169308236E-1,2.946254092E-1,-1.354317325E0,1.402867966E0
3.450596603E2,-1.160254231E-1,1.383632487E-1,-1.683764219E0,1.693419096E0
3.450696493E2,-2.089411882E-1,-4.280746579E-3,-1.804403388E0,1.816465340E0
3.450796372E2,-5.111580375E-1,-1.250561553E-1,-1.750817165E0,1.828190998E0
3.450896268E2,-8.029218194E-1,-1.831277776E-1,-1.578224316E0,1.780171683E0
3.450996158E2,-1.006633258E0,-1.821232259E-1,-1.406654145E0,1.739297349E0
3.451096038E2,-1.087182747E0,-1.278411841E-1,-1.145771482E0,1.584645696E0
3.451195928E2,-1.026168805E0,-7.534780562E-2,-7.831930214E-1,1.293093584E0
3.451295818E2,-8.390669677E-1,-4.326939583E-2,-4.742403258E-1,9.647846928E-1
3.451395698E2,-5.642913938E-1,-8.359296441E-2,-2.829754899E-1,6.367791522E-1
3.451495588E2,-3.034166980E-1,-1.851263559E-1,-1.469668418E-1,3.846202190E-1
3.451595478E2,-5.143766373E-2,-2.498526943E-1,-4.810211957E-2,2.595881661E-1
3.451695358E2,3.167331469E-1,-3.242637759E-1,6.897609472E-2,4.585025457E-1
3.451795248E2,7.978344494E-1,-4.261807448E-1,2.326846113E-1,9.339764259E-1
3.451895138E2,1.221830382E0,-4.050927615E-1,2.537780763E-1,1.312011029E0
3.451995018E2,1.478873982E0,-2.931261832E-1,1.565673852E-1,1.515752143E0
3.452094908E2,1.540908847E0,-1.773144758E-1,1.184869547E-1,1.555596238E0
3.452194798E2,1.429186390E0,-7.342758000E-2,1.984422201E-1,1.444764570E0
3.452294678E2,1.289433843E0,-2.874491215E-3,2.634105601E-1,1.316067256E0
3.452394568E2,1.270319003E0,-1.746767968E-1,1.735726963E-1,1.293966705E0
3.452494458E2,1.364382868E0,-5.768149602E-1,1.806005379E-1,1.492270975E0
3.452594338E2,1.408118872E0,-1.050325407E0,1.566532662E-1,1.763667334E0
3.452694228E2,1.556839879E0,-1.462159424E0,-1.514896631E-1,2.141170172E0
3.452794118E2,1.740450636E0,-1.535906847E0,-6.124800521E-1,2.400689499E0
3.452893998E2,1.758343993E0,-1.288145117E0,-9.038836455E-1,2.359681564E0
3.452993888E2,1.661523457E0,-8.889001554E-1,-8.863620253E-1,2.082412381E0
3.453093778E2,1.425435401E0,-4.871882540E-1,-7.016150075E-1,1.661770771E0
3.453193658E2,9.230008247E-1,-1.232043421E-1,-6.089869255E-1,1.112643208E0
3.453293548E2,2.459482160E-1,2.047051728E-1,-5.696817957E-1,6.534003987E-1
3.453393438E2,-3.321724275E-1,5.292800206E-1,-4.064744586E-1,7.454511032E-1
3.453493318E2,-7.244796672E-1,7.919784629E-1,-1.177208233E-1,1.079795752E0
3.453593208E2,-8.296868643E-1,8.170986861E-1,2.548532331E-1,1.192048961E0
3.453693098E2,-5.802958077E-1,7.073476177E-1,5.529951578E-1,1.069059176E0
3.453792988E2,-1.319430059E-1,5.782527906E-1,6.642672332E-1,8.905258018E-1
3.453892868E2,3.382076311E-1,4.008973843E-1,5.901618147E-1,7.895530900E-1
3.453992758E2,7.546065688E-1,1.616141170E-1,3.782784538E-1,8.594444631E-1
3.454092648E2,9.043876755E-1,-3.614163995E-2,2.057418841E-1,9.281987980E-1
3.454192528E2,8.204979649E-1,-1.754369348E-1,4.428666517E-2,8.402120787E-1
3.454292418E2,6.662931472E-1,-2.197822183E-1,-5.810100451E-2,7.040074632E-1
3.454392308E2,4.874057704E-1,-1.624175245E-1,-2.003392030E-1,5.514341607E-1
3.454492188E2,3.332290193E-1,-4.197716117E-2,-3.258296603E-1,4.679408391E-1
3.454592078E2,2.490393466E-1,1.097387892E-1,-2.896124451E-1,3.974148542E-1
3.454691968E2,2.965617147E-1,2.022674686E-1,-1.756507967E-1,3.996425676E-1
3.454791848E2,3.692408511E-1,1.893538928E-1,-2.240170643E-2,4.155665281E-1
3.454891738E2,4.535635480E-1,8.442034543E-2,1.307985596E-1,4.795361822E-1
3.454991628E2,4.444313666E-1,-4.241102457E-2,2.605373114E-1,5.169116223E-1
3.455091508E2,3.855329481E-1,-9.275438190E-2,4.382926673E-1,5.910494832E-1
3.455191398E2,4.009824613E-1,-9.116803229E-2,5.544166160E-1,6.902726479E-1
3.455291288E2,3.635482943E-1,-2.855546236E-2,5.374023879E-1,6.494490767E-1
3.455391168E2,3.417136216E-1,5.905220032E-2,4.403403622E-1,5.604953132E-1
3.455491058E2,3.019759440E-1,1.408161557E-1,3.970912854E-1,5.183629515E-1
3.455590948E2,1.618822119E-1,1.949186879E-1,3.904488485E-1,4.654561727E-1
3.455690828E2,1.056118244E-1,2.676492798E-1,3.016128320E-1,4.168456487E-1
3.455790718E2,7.685287893E-2,3.493448228E-1,1.469082235E-1,3.866913450E-1
3.455890608E2,6.533532590E-2,3.545856822E-1,1.109612958E-1,3.772427865E-1
3.455990488E2,2.063950181E-2,3.028062487E-1,1.301009868E-1,3.302179281E-1
3.456090378E2,-6.998269290E-2,1.857140011E-1,1.682298030E-1,2.601702022E-1
3.456190268E2,-1.844664976E-1,-3.693101406E-3,2.806042247E-1,3.358277216E-1
3.456290148E2,-2.737476334E-1,-2.777252018E-1,3.950003211E-1,5.550624363E-1
3.456390038E2,-2.446615362E-1,-4.588941622E-1,4.570848875E-1,6.923653037E-1
3.456489928E2,-1.735979855E-1,-4.941739225E-1,3.493448228E-1,6.295918769E-1
3.456589808E2,-5.896595389E-2,-4.442457175E-1,2.353820050E-1,5.061975203E-1
3.456689698E2,3.280668050E-2,-3.073249769E-1,7.031086788E-2,3.169677237E-1
3.456789588E2,1.070177874E-1,-1.307887655E-1,-6.395684481E-2,1.806903041E-1
3.456889468E2,1.654364419E-1,2.832917511E-2,-2.098105229E-1,2.686860882E-1
3.456989358E2,1.956329253E-1,9.970379770E-2,-2.659730293E-1,3.448981604E-1
3.457089248E2,1.074308932E-1,9.384664178E-2,-2.780001672E-1,3.124622888E-1
3.457189128E2,1.333545238E-2,3.257016063E-2,-2.995337082E-1,3.015942507E-1
3.457289018E2,1.802404225E-2,8.686623573E-3,-3.737623568E-1,3.742975058E-1
3.457388908E2,-8.156865835E-3,5.605140924E-2,-4.604473288E-1,4.639181367E-1
3.457488788E2,-1.030808571E-1,1.102077359E-1,-4.284469794E-1,4.542446723E-1
3.457588678E2,-1.323186895E-1,1.134558642E-1,-4.027918822E-1,4.388869661E-1
3.457688568E2,-1.473869643E-1,-1.888884544E-2,-4.143145515E-1,4.401548061E-1
3.457788448E2,-1.091069975E-1,-1.260145140E-1,-3.988480814E-1,4.322774418E-1
3.457888338E2,-1.072464135E-1,-1.881470275E-1,-4.261422993E-1,4.780150170E-1
3.457988228E2,-1.842083430E-1,-2.518559504E-1,-4.388364583E-1,5.384622276E-1
3.458088108E2,-2.642988253E-1,-3.489495510E-1,-4.638449997E-1,6.377866743E-1
3.458187998E2,-2.450889677E-1,-3.526584399E-1,-4.823759955E-1,6.458507400E-1
3.458287888E2,-1.005773717E-1,-2.988231254E-1,-3.791761476E-1,4.931385392E-1
3.458387768E2,6.609780282E-2,-2.187519389E-1,-3.218061912E-1,3.946904547E-1
3.458487658E2,1.909998840E-1,-1.816145182E-1,-2.955201794E-1,3.959759656E-1
3.458587548E2,2.435450104E-1,-1.389620036E-1,-2.779807252E-1,3.948390737E-1
3.458687438E2,2.152210978E-1,-1.069058132E-1,-1.829307264E-1,3.020142786E-1
3.458787318E2,1.533347520E-1,-1.328323674E-1,-7.256964728E-2,2.154584362E-1
3.458887208E2,1.676227158E-1,-1.322014529E-1,-8.630592629E-2,2.302679133E-1
3.458987098E2,2.193194112E-1,-2.104184872E-1,-1.718132691E-1,3.491371412E-1
3.459086978E2,2.700866917E-1,-3.683424264E-1,-2.401774527E-1,5.160505527E-1
3.459186868E2,3.499187270E-1,-4.076199281E-1,-3.279166777E-1,6.293857870E-1
3.459286758E2,3.851367992E-1,-3.768992418E-1,-4.571867752E-1,7.066846114E-1
3.459386638E2,2.845611817E-1,-2.573634428E-1,-5.798147281E-1,6.952669463E-1
3.459486528E2,-1.839241683E-3,-3.792737961E-2,-5.315184809E-1,5.328731223E-1
3.459586418E2,-1.999443698E-1,2.752635241E-2,-4.583654277E-1,5.008336215E-1
3.459686298E2,-4.049667540E-1,1.970897591E-1,-4.417565578E-1,6.308655177E-1
3.459786188E2,-7.632964084E-1,3.941169530E-1,-2.616466744E-1,8.980025400E-1
3.459886078E2,-1.132892478E0,5.174037409E-1,4.476672158E-2,1.246256818E0
3.459985958E2,-1.272202098E0,6.626216805E-1,3.343730271E-1,1.472878471E0
3.460085848E2,-1.052709025E0,8.322710413E-1,4.942842887E-1,1.430100813E0
3.460185738E2,-6.071143547E-1,9.084269321E-1,5.063710682E-1,1.204258689E0
3.460285618E2,-2.098931149E-1,7.477273196E-1,4.286966555E-1,8.870919268E-1
3.460385508E2,-6.512950391E-2,5.236655241E-1,3.053847246E-1,6.096944017E-1
3.460485398E2,-1.723791334E-1,4.033684176E-1,2.351855385E-1,4.977277202E-1
3.460585278E2,-4.362402946E-1,3.443507159E-1,2.485943735E-1,6.088367373E-1
3.460685168E2,-7.510470763E-1,3.356974214E-1,3.278789632E-1,8.855896815E-1
3.460785058E2,-9.600750956E-1,4.160685700E-1,3.708258851E-1,1.110121201E0
3.460884928E2,-1.021617040E0,4.869695681E-1,3.389956896E-1,1.181422369E0
3.460984818E2,-9.374381849E-1,5.121938717E-1,2.922577254E-1,1.107496046E0
3.461084708E2,-8.205251545E-1,3.792562544E-1,3.538943951E-1,9.707409946E-1
3.461184588E2,-8.640822333E-1,1.687775409E-1,5.868603306E-1,1.058077980E0
3.461284478E2,-9.587840304E-1,-1.051902401E-1,9.068275724E-1,1.323883699E0
3.461384368E2,-1.020293815E0,-2.885454744E-1,1.120412912E0,1.542589723E0
3.461484248E2,-1.081098134E0,-2.790039879E-1,1.209817570E0,1.646291272E0
3.461584138E2,-1.226233335E0,-1.304870492E-1,1.308466091E0,1.797987368E0
3.461684028E2,-1.389038238E0,1.713409603E-2,1.243384681E0,1.864329978E0
3.461783908E2,-1.452288447E0,2.440651202E-1,8.113337700E-1,1.681360164E0
3.461883798E2,-1.441966942E0,4.760802984E-1,2.828040934E-1,1.544635642E0
3.461983688E2,-1.368020129E0,6.147335690E-1,-1.498075654E-1,1.507255367E0
3.462083568E2,-1.481407873E0,5.100812727E-1,-1.754074064E-1,1.576553186E0
3.462183458E2,-1.819702335E0,1.808280677E-1,2.494889975E-1,1.845605629E0
3.462283348E2,-2.138410087E0,-1.877529252E-1,8.364503387E-1,2.303844185E0
3.462383228E2,-2.319755341E0,-4.490410191E-1,1.368106960E0,2.730314878E0
3.462483118E2,-2.282414729E0,-4.847721845E-1,1.789188202E0,2.940342750E0
3.462583008E2,-2.109874213E0,-4.441989398E-1,2.327685042E0,3.172853534E0
3.462682898E2,-1.891801136E0,-3.650989759E-1,2.707517832E0,3.323080139E0
3.462782778E2,-1.493387941E0,-2.430845422E-1,2.521557956E0,2.940672059E0
3.462882668E2,-1.225188146E0,-1.927441084E-1,1.824130724E0,2.205830724E0
3.462982558E2,-1.197383758E0,-5.361838281E-2,7.033753118E-1,1.389726457E0
3.463082438E2,-1.125828457E0,1.517241365E-1,-2.342461833E-1,1.159905687E0
3.463182328E2,-8.840571991E-1,2.745226818E-1,-8.198620802E-1,1.236565269E0
3.463282218E2,-3.434218857E-1,2.652595228E-1,-1.214823956E0,1.289999399E0
3.463382098E2,2.390546411E-1,1.186546236E-1,-1.040458231E0,1.074141225E0
3.463481988E2,4.186477768E-1,1.090037942E-2,-5.964157042E-1,7.287636596E-1
3.463581878E2,3.713508189E-1,5.372304797E-2,-2.096905088E-1,4.298345101E-1
3.463681758E2,3.574385387E-1,1.039383513E-1,-9.611068368E-3,3.723679127E-1
3.463781648E2,3.350904804E-1,1.173623890E-1,1.155833736E-1,3.733886403E-1
3.463881538E2,3.502221975E-1,1.748428577E-1,2.257095408E-1,4.518521985E-1
3.463981418E2,3.369589582E-1,2.977086461E-1,2.766484371E-1,5.279262592E-1
3.464081308E2,3.728909755E-1,4.120749217E-1,2.914050552E-1,6.275112166E-1
3.464181198E2,3.581966302E-1,5.230246693E-1,4.131630886E-1,7.566791713E-1
3.464281078E2,2.836320591E-1,5.603170413E-1,4.154592901E-1,7.529998363E-1
3.464380968E2,3.488916636E-1,4.466079926E-1,3.763922882E-1,6.803346578E-1
3.464480858E2,4.960979488E-1,2.828426850E-1,3.113981473E-1,6.504475117E-1
3.464580738E2,7.874854624E-1,7.810593724E-2,3.246789283E-1,8.553655928E-1
3.464680628E2,8.307262069E-1,7.757384062E-2,3.341271517E-1,8.987573004E-1
3.464780518E2,8.164087147E-1,1.877751446E-1,3.374849153E-1,9.031493577E-1
3.464880398E2,8.254651746E-1,4.049220228E-1,2.181850514E-1,9.449652458E-1
3.464980288E2,8.734559047E-1,5.883474237E-1,2.704845947E-1,1.087308523E0
3.465080178E2,1.021847421E0,7.518080914E-1,3.567076367E-1,1.317811783E0
3.465180058E2,1.084299192E0,9.478704947E-1,4.743354893E-1,1.516297256E0
3.465279948E2,1.165455622E0,1.107573157E0,5.369802189E-1,1.695096711E0
3.465379838E2,1.211067997E0,1.137096918E0,6.027476540E-1,1.767195470E0
3.465479718E2,1.160469409E0,1.177299449E0,5.786036235E-1,1.751429529E0
3.465579608E2,9.781134635E-1,1.280817386E0,4.475195736E-1,1.672564765E0
3.465679498E2,7.094461834E-1,1.412238820E0,3.471866155E-1,1.618107202E0
3.465779378E2,6.721789545E-1,1.579422410E0,1.442899865E-1,1.722561841E0
3.465879268E2,6.539049438E-1,1.604894636E0,1.292527020E-2,1.733045161E0
3.465979158E2,5.879781720E-1,1.615146559E0,8.081787586E-2,1.720740616E0
3.466079048E2,5.890984985E-1,1.687594146E0,2.628832144E-1,1.806687196E0
3.466178928E2,5.072512203E-1,1.669103495E0,4.688882232E-1,1.806395982E0
3.466278818E2,2.964865780E-1,1.620235391E0,6.132059839E-1,1.757580323E0
3.466378708E2,9.591860265E-2,1.713715997E0,7.962220797E-1,1.892086810E0
3.466478588E2,2.422939986E-1,1.753631430E0,9.816989762E-1,2.024268375E0
3.466578478E2,4.818816134E-1,1.565666251E0,1.210430358E0,2.036826539E0
3.466678368E2,5.406013995E-1,1.462454123E0,1.597490891E0,2.232263220E0
3.466778248E2,3.815892935E-1,1.624437200E0,2.038162206E0,2.634105499E0
3.466878138E2,9.053185523E-2,1.797032973E0,2.302780581E0,2.922382919E0
3.466978028E2,-2.307103720E-1,1.838603168E0,2.404345840E0,3.035550659E0
3.467077908E2,-4.089101163E-1,1.826241569E0,2.403898821E0,3.046489010E0
3.467177798E2,-3.773655573E-1,1.386985865E0,2.278861961E0,2.694317426E0
3.467277688E2,-3.838882725E-1,9.345721722E-1,2.383475081E0,2.588773612E0
3.467377568E2,-3.544276612E-1,3.818038863E-1,2.767124641E0,2.815736485E0
3.467477458E2,-4.017162868E-1,-3.271751046E-2,3.101319913E0,3.127400136E0
3.467577348E2,-5.833274429E-1,-4.949346453E-1,3.653313735E0,3.732550395E0
3.467677228E2,-8.835745114E-1,-9.989120096E-1,3.967946270E0,4.186063392E0
3.467777118E2,-1.060583616E0,-1.060622354E0,3.628765662E0,3.926537611E0
3.467877008E2,-1.283170013E0,-9.025668526E-1,2.936617296E0,3.329395343E0
3.467976888E2,-1.880939494E0,-6.796435100E-1,2.088542985E0,2.891688172E0
3.468076778E2,-2.425183563E0,-6.647412962E-1,1.405332674E0,2.880686763E0
3.468176668E2,-2.822532272E0,-1.011046736E0,1.344871294E0,3.285967548E0
3.468276548E2,-3.238318714E0,-1.467697906E0,1.264870859E0,3.773690969E0
3.468376438E2,-3.707113089E0,-1.322974057E0,7.194688958E-1,4.001322694E0
3.468476328E2,-3.100355999E0,-2.192384273E-1,-3.617888671E-1,3.129083571E0
3.468576208E2,-2.302177003E0,9.652536821E-1,-1.537894900E0,2.932039281E0
3.468676098E2,-2.572114152E0,1.843545819E0,-1.905187166E0,3.693801637E0
3.468775988E2,-3.120348507E0,1.792745209E0,-1.763633677E0,4.007607008E0
3.468875868E2,-2.884829092E0,8.986252445E-1,-1.981287509E0,3.613207220E0
3.468975758E2,-1.901576218E0,-3.945379525E-1,-2.477893873E0,3.148271010E0
3.469075648E2,-5.394078366E-1,-1.742905297E0,-3.048533004E0,3.552778232E0
3.469175538E2,7.944435029E-1,-2.732486905E0,-3.668495738E0,4.642788617E0
3.469275418E2,1.761982423E0,-3.381593916E0,-4.099641938E0,5.598823402E0
3.469375308E2,2.620356312E0,-3.329297588E0,-4.099569433E0,5.895503301E0
3.469475198E2,3.566798624E0,-2.733692601E0,-3.969532327E0,5.996024896E0
3.469575078E2,4.188295083E0,-1.967313833E0,-3.559978140E0,5.838286030E0
3.469674968E2,4.494896467E0,-1.260436331E0,-2.620972609E0,5.353717532E0
3.469774858E2,3.723760112E0,-7.779667801E-1,-1.749285779E0,4.187078029E0
3.469874738E2,2.729280292E0,-6.168917763E-1,-1.055419502E0,2.990557924E0
3.469974628E2,2.305474247E0,-9.118878990E-1,-7.577892083E-1,2.592488289E0
3.470074518E2,1.494711312E0,-1.305234774E0,-3.271096158E-1,2.011168919E0
3.470174398E2,3.987920943E-1,-1.338572674E0,2.774740639E-1,1.424009759E0
3.470274288E2,-2.280314702E-1,-9.896482658E-1,5.599849194E-1,1.159734949E0
3.470374178E2,-1.504611379E-1,-3.379369050E-1,9.078042036E-1,9.802797447E-1
3.470474058E2,4.222945391E-1,3.974165368E-1,6.009534359E-1,8.351153295E-1
3.470573948E2,8.434022395E-1,1.015514594E0,2.772638565E-1,1.348878228E0
3.470673838E2,1.139828006E0,1.343326460E0,-7.807904005E-2,1.763471066E0
3.470773718E2,1.155979478E0,1.492414672E0,-9.071896613E-2,1.889925934E0
3.470873612E2,1.354978938E0,1.347737600E0,5.675482929E-2,1.911958595E0
3.470973502E2,1.580547561E0,1.100748287E0,-3.675238162E-1,1.960829196E0
3.471073382E2,1.478539814E0,6.464593917E-1,-4.049167603E-1,1.663714912E0
3.471173272E2,1.373953006E0,2.547052985E-1,2.145904756E-1,1.413743514E0
3.471273162E2,1.543987114E0,1.906689316E-1,7.877509260E-1,1.743789658E0
3.471373042E2,1.756785125E0,1.360056514E-1,1.252528557E0,2.161855522E0
3.471472932E2,1.968639689E0,1.324733484E-1,1.452378201E0,2.449998745E0
3.471572822E2,2.257280180E0,2.388219219E-1,1.468803030E0,2.703651617E0
3.471672702E2,2.500894773E0,3.570906293E-1,1.257487434E0,2.821925412E0
3.471772592E2,2.635079016E0,4.047138619E-1,8.903347698E-1,2.810717121E0
3.471872482E2,2.570915765E0,3.626320356E-1,5.505849355E-1,2.654101286E0
3.471972362E2,2.420697871E0,3.193579620E-1,3.634680413E-1,2.468577872E0
3.472072252E2,2.282468816E0,3.135376436E-1,4.623064511E-1,2.349829144E0
3.472172142E2,2.277896001E0,3.537425137E-1,6.914757894E-1,2.406674620E0
3.472272022E2,2.340908228E0,4.795564681E-1,8.639009696E-1,2.540895634E0
3.472371912E2,2.396290424E0,6.461834031E-1,9.534234492E-1,2.658717183E0
3.472471802E2,2.274758093E0,6.779197508E-1,8.706843245E-1,2.528278221E0
3.472571682E2,2.207977628E0,8.717818469E-1,5.638996303E-1,2.439908110E0
3.472671572E2,2.036598368E0,9.922450143E-1,3.960898036E-1,2.299819605E0
3.472771462E2,1.851856467E0,8.899772125E-1,6.429362981E-1,2.152858308E0
3.472871352E2,1.757792601E0,5.807811266E-1,1.136813767E0,2.172438051E0
3.472971232E2,1.691336071E0,1.543752640E-1,1.356983656E0,2.173902958E0
3.473071122E2,1.699764833E0,-3.171939075E-1,1.106501801E0,2.052841615E0
3.473171012E2,1.748176855E0,-6.722497058E-1,6.331425042E-1,1.977096713E0
3.473270892E2,1.743330097E0,-9.690046710E-1,3.518373446E-1,2.025329454E0
3.473370782E2,1.524207153E0,-1.090660086E0,3.539448273E-1,1.907360429E0
3.473470672E2,1.145407858E0,-1.175660475E0,7.362180988E-1,1.798931295E0
3.473570552E2,4.816907018E-1,-1.047603528E0,9.698985641E-1,1.506719055E0
3.473670442E2,-4.063069358E-1,-7.641340220E-1,1.211774779E0,1.489088394E0
3.473770332E2,-1.117161714E0,-4.710043305E-1,2.441883064E0,2.726295705E0
3.473870212E2,-1.308861217E0,9.023189306E-2,3.682596298E0,3.909318991E0
3.473970102E2,-1.511485366E0,7.421215940E-1,4.141819074E0,4.471017526E0
3.474069992E2,-2.078043433E0,9.458315706E-1,3.515150461E0,4.191556349E0
3.474169872E2,-2.462872083E0,9.563144588E-1,2.162949389E0,3.414473064E0
3.474269762E2,-1.803088934E0,5.819494003E-1,1.734332110E0,2.568599360E0
3.474369652E2,-1.018436740E0,-4.285658240E-1,1.345656576E0,1.741170204E0
3.474469532E2,-7.042635038E-1,-2.988185061E0,1.421616877E0,3.383227983E0
3.474569422E2,-3.439773712E-1,-5.360434365E0,3.156950322E0,6.230482513E0
3.474669312E2,2.159313006E0,-5.543287323E0,5.628640884E0,8.189765882E0
3.474769192E2,4.748167736E0,-5.938836844E0,4.747115822E0,8.963815512E0
3.474869082E2,6.242631272E0,-6.920242290E0,6.220349872E-1,9.340617007E0
3.474968972E2,6.740263823E0,-5.508932592E0,-4.061260230E0,9.605900757E0
3.475068852E2,5.491078704E0,-3.075764072E0,-1.197837911E1,1.353121710E1
3.475168742E2,5.486923088E0,-1.922146431E0,-1.348751507E1,1.468720649E1
3.475268632E2,5.815482813E0,-2.453177692E0,-7.561757276E0,9.849776355E0
3.475368512E2,4.367333318E0,-4.950965547E0,-1.137172347E0,6.699165702E0
3.475468402E2,1.913726586E0,-7.957872807E0,2.253267236E0,8.489246274E0
3.475568292E2,-1.284420733E0,-8.709031858E0,-7.709273171E-1,8.836928281E0
3.475668172E2,-2.021378943E0,-6.408475850E0,-3.562432508E0,7.605620351E0
3.475768062E2,-9.569965366E-1,-4.366656795E0,-3.566254249E0,5.718540312E0
3.475867952E2,-4.773856162E-1,-2.752263358E0,-4.425218414E0,5.233106977E0
3.475967832E2,-8.428148867E-1,-1.231646395E0,-4.560993100E0,4.798952786E0
3.476067722E2,-2.033482241E0,-1.812554991E-1,-3.726274999E0,4.248885613E0
3.476167612E2,-3.036528963E0,8.169209307E-1,-3.252640007E0,4.524105985E0
3.476267502E2,-3.381726648E0,1.400823301E0,-2.624558998E0,4.504074930E0
3.476367382E2,-3.168160897E0,1.899576763E0,-2.264769294E0,4.332991496E0
3.476467272E2,-2.985019963E0,1.899295512E0,-2.057763242E0,4.092927703E0
3.476567162E2,-2.271376940E0,1.482814713E0,-1.568782232E0,3.133523635E0
3.476667042E2,-1.897426157E0,3.643528712E-1,-1.521675893E0,2.459365072E0
3.476766932E2,-1.603605032E0,-4.050588477E-1,-2.060569321E0,2.642265637E0
3.476866822E2,-1.110434200E0,-6.866648465E-1,-2.645798424E0,2.950393537E0
3.476966702E2,-9.552900998E-1,-5.114138532E-1,-2.865697587E0,3.063714407E0
3.477066592E2,-9.267968372E-1,2.275923443E-1,-2.664511269E0,2.830259874E0
3.477166482E2,-9.621582393E-1,1.061521071E0,-2.413718927E0,2.806886980E0
3.477266362E2,-1.165957825E0,1.728944485E0,-2.218509632E0,3.044748211E0
3.477366252E2,-1.301759627E0,1.984013481E0,-2.222222614E0,3.251024602E0
3.477466142E2,-1.311001298E0,2.067858460E0,-2.198012803E0,3.290292281E0
3.477566022E2,-1.310835675E0,2.242256345E0,-2.045020990E0,3.305769885E0
3.477665912E2,-1.556441391E0,2.412194558E0,-1.662065787E0,3.317175767E0
3.477765802E2,-1.509757513E0,2.530490162E0,-1.046090854E0,3.126828151E0
3.477865682E2,-1.436401854E0,2.321230009E0,-4.933418638E-1,2.773940380E0
3.477965572E2,-1.126138651E0,1.965963711E0,-2.771428192E-1,2.282544570E0
3.478065462E2,2.264193197E-1,1.958558212E0,7.388144088E-1,2.105483961E0
3.478165342E2,1.050592844E0,1.450850324E0,1.611217230E0,2.409301341E0
3.478265232E2,1.778113722E0,5.743158603E-1,2.616778108E0,3.215440061E0
3.478365122E2,2.791185349E0,-3.352039164E-1,2.717813902E0,3.910190497E0
3.478465002E2,4.394642446E0,-1.643945265E0,2.405977798E0,5.272965715E0
3.478564892E2,5.667499141E0,-3.581999046E0,2.349506559E0,7.104325777E0
3.478664782E2,5.652903906E0,-4.680348805E0,2.786643232E0,7.850246366E0
3.478764662E2,5.679246197E0,-4.671562194E0,3.152333361E0,8.000908468E0
3.478864552E2,5.649073979E0,-4.007399188E0,1.350106307E0,7.056491487E0
3.478964442E2,4.930995551E0,-3.178601393E0,-1.406750039E0,6.033006681E0
3.479064332E2,2.782602805E0,-3.016116625E0,-2.163995456E0,4.639257937E0
3.479164212E2,1.892840186E-1,-2.096313935E0,-2.601052022E0,3.346017360E0
3.479264102E2,-1.642400285E0,-8.890977913E-1,-2.968165364E0,3.506847474E0
3.479363992E2,-2.105310169E0,-2.710137677E-1,-1.881105409E0,2.836254031E0
3.479463872E2,-1.516737919E0,1.806251693E-1,-1.003533649E0,1.827621173E0
3.479563762E2,-1.255050022E0,4.708312529E-1,-7.993295825E-1,1.560692285E0
3.479663652E2,-1.471305931E0,1.373690466E0,-8.377358490E-1,2.180267872E0
3.479763532E2,-1.696540970E0,2.516982509E0,-5.866359437E-1,3.091535856E0
3.479863422E2,-1.829032153E0,2.740609857E0,9.358702540E-2,3.296218975E0
3.479963312E2,-1.551798409E0,1.820937560E0,1.121753240E-1,2.395093986E0
3.480063192E2,-7.725029225E-1,-9.709886312E-3,-1.116143421E0,1.357435517E0
3.480163082E2,2.107871541E-1,-2.004581062E0,-2.483145257E0,3.198247462E0
3.480262972E2,8.313305897E-1,-3.984752921E0,-2.728449402E0,4.900387999E0
3.480362852E2,1.006366844E0,-5.028421274E0,-2.739040464E0,5.813788558E0
3.480462742E2,7.451390496E-1,-4.501936222E0,-3.007156352E0,5.464947509E0
3.480562632E2,3.103197015E-1,-2.947401316E0,-3.306567122E0,4.440366986E0
3.480662512E2,-3.626228262E-1,-1.311531640E0,-3.215435343E0,3.491508986E0
3.480762402E2,-1.146029344E0,-1.400583565E-1,-2.747861574E0,2.980560825E0
3.480862296E2,-1.872533537E0,2.537750065E-1,-2.087470606E0,2.815726750E0
3.480962176E2,-2.352915486E0,-1.907946467E-2,-1.547886037E0,2.816474124E0
3.481062066E2,-2.477038133E0,-5.622296655E-1,-1.189451133E0,2.804748493E0
3.481161956E2,-2.158846106E0,-9.847231561E-1,-9.546670058E-1,2.557671850E0
3.481261836E2,-1.732168494E0,-1.092687900E0,-8.388374645E-1,2.213147720E0
3.481361726E2,-1.264758885E0,-9.632299608E-1,-8.638296336E-1,1.809317173E0
3.481461616E2,-7.603828870E-1,-8.538712406E-1,-1.011917387E0,1.526844795E0
3.481561506E2,-3.310994634E-1,-9.229052228E-1,-1.189768637E0,1.541729650E0
3.481661386E2,-3.947316416E-2,-1.000128230E0,-1.321279241E0,1.657586632E0
3.481761276E2,1.126883440E-1,-9.778784055E-1,-1.194301691E0,1.547676118E0
3.481861166E2,9.989734054E-2,-8.678203583E-1,-1.037845695E0,1.356545370E0
3.481961046E2,1.910804294E-1,-6.274787450E-1,-1.028238720E0,1.219637721E0
3.482060936E2,3.688197054E-1,-3.776237118E-1,-1.026924850E0,1.154643794E0
3.482160826E2,4.489981882E-1,-1.863571948E-1,-1.057353761E0,1.163754851E0
3.482260706E2,5.429718608E-1,-8.136926830E-2,-9.789203793E-1,1.122374496E0
3.482360596E2,6.118048449E-1,-8.884844184E-2,-7.816850245E-1,9.966095983E-1
3.482460486E2,6.802890426E-1,-1.720285928E-1,-6.558137673E-1,9.604575553E-1
3.482560366E2,7.619998614E-1,-3.361932653E-1,-6.242373410E-1,1.040837143E0
3.482660256E2,6.871419793E-1,-3.322054642E-1,-7.586534268E-1,1.076141065E0
3.482760146E2,4.883090191E-1,-2.138806236E-1,-8.243240905E-1,9.816826500E-1
3.482860026E2,3.197503102E-1,-1.119882131E-1,-5.948430955E-1,6.845581999E-1
3.482959916E2,1.644190264E-1,-1.458921236E-1,-3.465042454E-1,4.103453668E-1
3.483059806E2,1.453280134E-1,-3.031500649E-1,-2.171255359E-1,4.002045623E-1
3.483159686E2,2.969900233E-1,-5.275451517E-1,-1.982211953E-1,6.370232361E-1
3.483259576E2,5.819021840E-1,-7.339770073E-1,-6.014855325E-2,9.385894989E-1
3.483359466E2,7.561082800E-1,-7.865317816E-1,2.165457845E-2,1.091238239E0
3.483459346E2,9.564982076E-1,-6.355268526E-1,3.848228037E-2,1.149027453E0
3.483559236E2,1.156257513E0,-5.277498043E-1,1.109745982E-1,1.275839588E0
3.483659126E2,1.345284985E0,-5.509544796E-1,8.670836091E-2,1.456317572E0
3.483759006E2,1.522137531E0,-6.486930281E-1,-4.034637272E-2,1.655093090E0
3.483858896E2,1.694202961E0,-7.739444804E-1,-1.199813569E-1,1.866469731E0
3.483958786E2,1.875952550E0,-8.889299762E-1,-1.023739287E-1,2.078430873E0
3.484058676E2,1.994559519E0,-9.153418493E-1,-7.447247744E-2,2.195828892E0
3.484158556E2,2.172204216E0,-8.263121438E-1,-8.199784398E-2,2.325507807E0
3.484258446E2,2.289625223E0,-7.212025952E-1,-2.114990526E-1,2.409823374E0
3.484358336E2,2.365077402E0,-5.678441620E-1,-4.174955830E-1,2.467861558E0
3.484458216E2,2.269449552E0,-3.339251304E-1,-6.218812054E-1,2.376687505E0
3.484558106E2,2.072872009E0,-1.010831559E-1,-6.110597634E-1,2.163425572E0
3.484657996E2,1.905929178E0,3.709941387E-2,-4.994823173E-1,1.970640755E0
3.484757876E2,1.793197930E0,5.383999228E-2,-4.183828980E-1,1.842145980E0
3.484857766E2,1.732338648E0,-6.791657925E-2,-2.504862401E-1,1.751671547E0
3.484957656E2,1.808568506E0,-3.464627302E-1,-1.111997160E-1,1.844809432E0
3.485057536E2,1.770929686E0,-6.178553975E-1,-4.061066687E-2,1.876056095E0
3.485157426E2,1.639563947E0,-7.796291435E-1,-2.415835619E-2,1.815647312E0
3.485257316E2,1.384527842E0,-7.430220652E-1,7.567817330E-2,1.573126289E0
3.485357196E2,9.406218477E-1,-7.622781157E-1,2.073864135E-1,1.228351135E0
3.485457086E2,6.111724685E-1,-6.662586486E-1,3.137940440E-1,9.570261622E-1
3.485556976E2,4.407438201E-1,-4.645718086E-1,4.595408642E-1,7.882004099E-1
3.485656856E2,4.925222303E-1,-2.612150037E-1,2.452205300E-1,6.090521602E-1
3.485756746E2,5.985188015E-1,3.758882582E-2,-1.775708762E-1,6.254351218E-1
3.485856636E2,7.411290291E-1,3.518503547E-1,-4.638061157E-1,9.424367474E-1
3.485956516E2,6.950898072E-1,4.524493611E-1,-6.167938355E-1,1.033583523E0
3.486056406E2,6.127998948E-1,3.574630970E-1,-5.917431942E-1,9.238309286E-1
3.486156296E2,7.055060372E-1,1.326581204E-1,-4.827145493E-1,8.650724140E-1
3.486256176E2,1.088966878E0,-2.059395200E-1,-3.738940653E-1,1.169639568E0
3.486356066E2,1.765133488E0,-4.026451170E-1,-2.244649610E-1,1.824336547E0
3.486455956E2,2.305463284E0,-4.189033002E-1,-5.837246150E-2,2.343938624E0
3.486555846E2,2.632562082E0,-2.349411249E-1,1.035012719E-1,2.645050654E0
3.486655726E2,2.735403204E0,1.897281146E-1,2.800026923E-1,2.756234560E0
3.486755616E2,2.679707305E0,5.845940959E-1,4.521792197E-1,2.779756742E0
3.486855506E2,2.530418826E0,9.499725688E-1,5.121862704E-1,2.750963848E0
3.486955386E2,2.191955964E0,1.153373812E0,6.378420576E-1,2.557691262E0
3.487055276E2,1.623299185E0,1.112892369E0,6.553816581E-1,2.074404683E0
3.487155166E2,1.013042245E0,8.072946596E-1,3.457484928E-1,1.340716703E0
3.487255046E2,4.598269393E-1,1.597359914E-1,-2.134949997E-1,5.315416408E-1
3.487354936E2,-4.107522815E-3,-9.261282080E-1,-8.752349201E-1,1.274270966E0
3.487454826E2,-4.498679616E-1,-2.123291818E0,-1.517957941E0,2.648574266E0
3.487554706E2,-8.712576440E-1,-3.320389940E0,-1.498097873E0,3.745447433E0
3.487654596E2,-1.087572171E0,-4.351634713E0,-1.039567700E0,4.604371717E0
3.487754486E2,-1.536893710E0,-4.677949108E0,-5.451265597E-1,4.954029986E0
3.487854366E2,-2.007052241E0,-3.755695265E0,4.357432812E-2,4.258568344E0
3.487954256E2,-1.838909708E0,-2.479649792E0,7.535485151E-1,3.177748789E0
3.488054146E2,-1.975606208E0,-9.897201866E-1,1.049111525E0,2.446058243E0
3.488154026E2,-2.743350739E0,1.031646477E0,7.090234298E-1,3.015457172E0
3.488253916E2,-3.522270323E0,2.858736477E0,9.652232766E-2,4.537408846E0
3.488353806E2,-3.940136327E0,3.803697982E0,-5.718579832E-1,5.506343085E0
3.488453686E2,-3.957450517E0,3.669176354E0,-1.177645605E0,5.523687073E0
3.488553576E2,-3.717873428E0,2.459665178E0,-1.533322377E0,4.714192733E0
3.488653466E2,-3.544012025E0,1.033698850E0,-1.780303212E0,4.098540480E0
3.488753346E2,-3.418566445E0,3.163519084E-2,-1.998980891E0,3.960242660E0
3.488853236E2,-3.273052636E0,-4.815684950E-1,-2.039799426E0,3.886587639E0
3.488953126E2,-3.202699522E0,-6.225144589E-1,-1.773963953E0,3.713725432E0
3.489053006E2,-3.021975535E0,-7.100379217E-1,-1.420977484E0,3.414039689E0
3.489152896E2,-2.621873957E0,-7.473753172E-1,-1.167193707E0,2.965659127E0
3.489252786E2,-2.133838295E0,-6.866525674E-1,-1.042936281E0,2.472341745E0
3.489352676E2,-1.549050364E0,-5.805682880E-1,-9.484248108E-1,1.906862918E0
3.489452556E2,-9.459757045E-1,-4.089150864E-1,-9.398288190E-1,1.394761553E0
3.489552446E2,-3.667799042E-1,-1.309653515E-1,-9.381506681E-1,1.015778567E0
3.489652336E2,8.604733318E-2,3.070671147E-1,-9.391917649E-1,9.918545900E-1
3.489752216E2,2.382376389E-1,7.905108118E-1,-9.012173152E-1,1.222234497E0
3.489852106E2,1.480113007E-1,1.355935981E0,-6.179933918E-1,1.497459703E0
3.489951996E2,1.263229546E-1,1.926432440E0,-2.925961331E-1,1.952616688E0
3.490051876E2,1.318985671E-1,2.374868272E0,-1.010375476E-1,2.380673251E0
3.490151766E2,1.823692475E-1,2.495893942E0,2.030223441E-1,2.510769440E0
3.490251656E2,2.258273622E-1,2.207767128E0,6.167362404E-1,2.303388217E0
3.490351536E2,3.074425060E-1,1.777081688E0,8.167785510E-1,1.979814997E0
3.490451426E2,5.612385625E-1,1.495727704E0,1.067450733E0,1.921364399E0
3.490551316E2,6.301835208E-1,1.577416815E0,1.215605729E0,2.088796870E0
3.490651196E2,9.903299050E-1,1.969301301E0,1.384413383E0,2.602979322E0
3.490751086E2,1.516247192E0,2.653898572E0,1.766656395E0,3.530333978E0
3.490850976E2,2.086887639E0,3.421790600E0,2.270054008E0,4.606180210E0
3.490950868E2,2.630846802E0,4.013828786E0,3.137520902E0,5.733778320E0
3.491050758E2,2.569866774E0,4.079380167E0,3.283690183E0,5.833367724E0
3.491150648E2,2.380195962E0,3.685915763E0,2.856531784E0,5.235559346E0
3.491250528E2,2.475994990E0,3.257766261E0,2.474379112E0,4.781855726E0
3.491350418E2,2.166050752E0,2.561724819E0,2.675211089E0,4.290799958E0
3.491450308E2,3.652328771E-1,5.572554392E-1,2.788824828E0,2.867311040E0
3.491550198E2,-2.013763383E0,-3.087036919E0,3.090784400E0,4.810196265E0
3.491650078E2,-3.808300618E0,-6.883827585E0,3.406814711E0,8.573017105E0
3.491749968E2,-5.016822737E0,-9.582586581E0,1.646826481E0,1.094104718E1
3.491849858E2,-2.285643854E0,-8.889976870E0,-9.631127241E-1,9.229487672E0
3.491949738E2,1.358164355E0,-5.821958020E0,-1.893519925E0,6.270982642E0
3.492049628E2,6.493234310E-1,-1.758398665E0,-1.846662677E0,2.631301926E0
3.492149518E2,-1.574249525E0,2.662978129E0,-2.837967752E0,4.198068013E0
3.492249398E2,-3.364918242E0,5.905614134E0,-2.721795271E0,7.321688505E0
3.492349288E2,-4.659458458E0,7.286676770E0,-9.974022585E-1,8.706378279E0
3.492449178E2,-4.894599850E0,7.083973684E0,5.544157389E-1,8.628277212E0
3.492549058E2,-3.666524642E0,5.781858400E0,5.465570810E-1,6.868188563E0
3.492648948E2,-1.280146272E0,2.897802309E0,-3.732266057E-1,3.189879434E0
3.492748838E2,9.817049696E-1,-1.708676282E0,-6.395000356E-1,2.071781740E0
3.492848718E2,2.698574224E0,-6.312977954E0,-9.743262219E-1,6.934356861E0
3.492948608E2,3.976408068E0,-9.145463941E0,-1.419845463E0,1.007309749E1
3.493048498E2,3.958633994E0,-8.945595585E0,-1.613140964E0,9.914468581E0
3.493148378E2,3.177329623E0,-5.723064646E0,-1.879779260E0,6.810467131E0
3.493248268E2,1.953705169E0,-1.852058780E0,-1.418370503E0,3.042837573E0
3.493348158E2,8.468051729E-1,1.204446902E0,-7.983472502E-1,1.674852135E0
3.493448038E2,3.839541999E-1,3.246443712E0,-2.992055333E-1,3.282733854E0
3.493547928E2,1.479228981E-1,4.059886134E0,-3.705494580E-1,4.079444019E0
3.493647818E2,2.287844088E-1,3.843345612E0,-9.110640264E-1,3.956473867E0
3.493747708E2,2.465478480E-1,2.828266636E0,-1.564527213E0,3.241546453E0
3.493847588E2,2.187602712E-1,1.518834146E0,-1.847214947E0,2.401440459E0
3.493947478E2,1.809365335E-1,3.362727875E-1,-1.523069285E0,1.570209369E0
3.494047368E2,2.265230347E-1,-4.579024744E-1,-1.003040729E0,1.125645621E0
3.494147248E2,5.106241867E-1,-6.370155537E-1,-8.397654176E-2,8.207179389E-1
3.494247138E2,9.466304465E-1,-2.068721509E-1,8.423188967E-1,1.283902805E0
3.494347028E2,6.323559076E-1,-6.300082505E-1,1.572354003E0,1.808060149E0
3.494446908E2,8.512759539E-1,-6.260543633E-1,1.644118343E0,1.954415499E0
3.494546798E2,8.989912802E-1,-4.027883738E-1,1.493808356E0,1.789381792E0
3.494646688E2,6.827393183E-1,-1.683939636E-1,1.207264091E0,1.397131378E0
3.494746568E2,5.067338879E-1,-1.894369233E-1,6.702587289E-1,8.613433373E-1
3.494846458E2,6.517851819E-1,-5.653403842E-1,-1.479500511E-1,8.753987040E-1
3.494946348E2,9.194365083E-1,-1.142645926E0,-6.790497252E-1,1.616202875E0
3.495046228E2,9.882519507E-1,-1.519118906E0,-7.646585172E-1,1.966994361E0
3.495146118E2,9.069229551E-1,-1.656657112E0,-9.697358653E-1,2.123066104E0
3.495246008E2,4.463135853E-1,-1.702540798E0,-1.414289439E0,2.257887420E0
3.495345888E2,-5.541804615E-1,-1.908822380E0,-1.688996600E0,2.608338241E0
3.495445778E2,-1.420594491E0,-2.200055235E0,-1.815950469E0,3.186849205E0
3.495545668E2,-1.735308887E0,-2.383913330E0,-1.925520859E0,3.521643122E0
3.495645548E2,-1.626694225E0,-2.390037704E0,-1.911237865E0,3.465724239E0
3.495745438E2,-1.169193089E0,-1.956194183E0,-1.795045796E0,2.901016644E0
3.495845328E2,-5.365895518E-1,-1.328521895E0,-1.521505447E0,2.089946793E0
3.495945218E2,3.764305875E-2,-7.379320639E-1,-1.403958578E0,1.586524636E0
3.496045098E2,8.421564902E-1,-2.459543556E-1,-1.462746484E0,1.705681206E0
3.496144988E2,1.115969686E0,-2.658214402E-1,-1.225436360E0,1.678613609E0
3.496244878E2,9.749917813E-1,-5.988051689E-1,-6.126642394E-1,1.297896018E0
3.496344758E2,6.930500060E-1,-8.211116302E-1,-2.190747052E-1,1.096602182E0
3.496444648E2,2.356707843E-1,-1.091895602E0,6.543063551E-2,1.118953928E0
3.496544538E2,-2.397130376E-1,-1.308893377E0,3.158285826E-1,1.367630032E0
3.496644418E2,-3.718156725E-1,-1.327123826E0,4.702494550E-1,1.456241427E0
3.496744308E2,-2.045106798E-1,-1.134231198E0,4.080312797E-1,1.222617910E0
3.496844198E2,7.291667953E-2,-8.993462062E-1,2.202149123E-1,9.287814858E-1
3.496944078E2,3.998381612E-1,-7.060419345E-1,3.251519680E-2,8.120486478E-1
3.497043968E2,7.184919722E-1,-4.923916912E-1,-9.908399284E-2,8.766401368E-1
3.497143858E2,8.968794121E-1,-3.326603776E-1,-1.878336167E-1,9.748523346E-1
3.497243738E2,9.977998692E-1,-2.688386035E-1,-3.040517056E-1,1.077184392E0
3.497343628E2,9.550890286E-1,-1.392818463E-1,-3.240105915E-1,1.018124427E0
3.497443518E2,6.344690913E-1,4.145266593E-2,-1.772425550E-1,6.600638413E-1
3.497543398E2,1.410268016E-1,2.544836891E-1,-8.388532519E-2,3.027990333E-1
3.497643288E2,-3.762825067E-1,5.019729388E-1,-1.662910125E-1,6.490131408E-1
3.497743178E2,-8.172213314E-1,6.513687140E-1,-3.771483332E-1,1.111023299E0
3.497843058E2,-1.176311855E0,7.304195613E-1,-4.490761024E-1,1.455641323E0
3.497942948E2,-1.535601037E0,6.939305967E-1,-3.458850253E-1,1.720246107E0
3.498042838E2,-1.875843938E0,5.770301378E-1,-2.596134514E-2,1.962760365E0
3.498142728E2,-2.009167033E0,3.614620078E-1,3.801853770E-1,2.076523024E0
3.498242608E2,-1.886509990E0,2.189460665E-1,7.085077053E-1,2.027027501E0
3.498342498E2,-1.514789773E0,1.436029387E-1,8.597374597E-1,1.747672269E0
3.498442388E2,-1.112034729E0,8.243872404E-2,7.983636224E-1,1.371423295E0
3.498542268E2,-8.920225686E-1,4.388861597E-2,6.984238896E-1,1.133766468E0
3.498642158E2,-1.046690632E0,-1.640991837E-1,7.987597713E-1,1.326840983E0
3.498742048E2,-1.061747066E0,-2.407380545E-1,6.828954390E-1,1.285148950E0
3.498841928E2,-8.584846938E-1,-3.162314558E-1,5.701429948E-1,1.077989489E0
3.498941818E2,-5.046679205E-1,-3.135616171E-1,4.549692187E-1,7.483365470E-1
3.499041708E2,-1.310233851E-1,-2.269976825E-1,3.876496401E-1,4.679394392E-1
3.499141588E2,2.042593226E-1,-1.306554490E-1,3.543246040E-1,4.293467622E-1
3.499241478E2,4.672743917E-1,7.181901097E-2,2.945909107E-1,5.570342288E-1
3.499341368E2,6.073038045E-1,3.068589538E-1,2.172527128E-1,7.142682057E-1
3.499441248E2,5.423231122E-1,4.924478245E-1,2.526274905E-1,7.748805500E-1
3.499541138E2,3.459195238E-1,5.880977476E-1,2.955039534E-1,7.435333645E-1
3.499641028E2,1.525205272E-1,6.741757786E-1,3.062847573E-1,7.560329651E-1
3.499740908E2,-6.671658441E-2,5.484273130E-1,3.360272044E-1,6.466358344E-1
3.499840798E2,-3.138031071E-1,3.209244311E-1,4.677836841E-1,6.482950375E-1
3.499940688E2,-4.316668949E-1,1.713649338E-1,4.935994336E-1,6.777482199E-1
3.500040568E2,-4.566365522E-1,1.543290710E-1,3.657974258E-1,6.050968185E-1
3.500140458E2,-5.904787338E-1,3.051369488E-1,4.773444664E-1,8.183101076E-1
3.500240348E2,-6.368126553E-1,5.645106643E-1,4.069004282E-1,9.432765271E-1
3.500340238E2,-6.336881956E-1,7.460082382E-1,3.767203170E-1,1.048812289E0
3.500440118E2,-6.498148164E-1,9.112932372E-1,4.959353963E-1,1.224200383E0
3.500540008E2,-7.313869831E-1,9.188501787E-1,6.385554180E-1,1.336774323E0
3.500639898E2,-8.412555805E-1,9.091402924E-1,7.514528731E-1,1.448767905E0
3.500739778E2,-8.907662943E-1,8.940030205E-1,6.745233956E-1,1.430974424E0
3.500839668E2,-8.532835954E-1,8.421043038E-1,5.527887511E-1,1.320154520E0
3.500939550E2,-7.901976934E-1,7.579137540E-1,3.866868961E-1,1.161194389E0
3.501039430E2,-7.257824269E-1,7.071160680E-1,1.937887135E-1,1.031662411E0
3.501139320E2,-6.916583687E-1,6.558032423E-1,4.856404960E-2,9.543729138E-1
3.501239210E2,-7.188122535E-1,6.795540476E-1,-1.764689684E-2,9.893412820E-1
3.501339090E2,-7.119528848E-1,7.829252189E-1,-4.281272829E-2,1.059094773E0
3.501438980E2,-7.005674788E-1,8.467423153E-1,-5.973193914E-2,1.100606762E0
3.501538870E2,-7.395602211E-1,8.319804347E-1,1.033641547E-1,1.117955685E0
3.501638750E2,-7.445958433E-1,8.142475837E-1,2.452877730E-1,1.130304467E0
3.501738640E2,-7.234488031E-1,7.997084820E-1,2.494442663E-1,1.106857836E0
3.501838530E2,-6.512681419E-1,7.929052466E-1,1.489891014E-1,1.036844576E0
3.501938410E2,-4.599209332E-1,8.446583676E-1,5.012759507E-2,9.630616796E-1
3.502038300E2,-2.350519297E-1,9.050560123E-1,-4.606787324E-2,9.362147424E-1
3.502138190E2,-1.111450446E-1,9.938968527E-1,-2.805540848E-1,1.038698594E0
3.502238080E2,-1.902836001E-1,9.772515839E-1,-5.404329997E-1,1.132826701E0
3.502337960E2,-3.077170327E-1,1.019552096E0,-6.852723321E-1,1.266402155E0
3.502437850E2,-2.406284192E-1,1.227080889E0,-8.845328701E-1,1.531674882E0
3.502537740E2,-8.428527474E-2,1.449325955E0,-1.054207959E0,1.794158341E0
3.502637620E2,1.271243155E-2,1.600750714E0,-8.847460011E-1,1.829027048E0
3.502737510E2,-2.187794209E-2,1.683534424E0,-6.451659876E-1,1.803054617E0
3.502837400E2,-1.250555706E-1,1.843666272E0,-8.744785827E-1,2.044372033E0
3.502937280E2,-3.154110914E-1,1.883615034E0,-1.330046556E0,2.327340455E0
3.503037170E2,-5.229583034E-1,1.391078331E0,-1.207702340E0,1.914975000E0
3.503137060E2,-8.984822801E-1,-6.100341618E-2,8.927292046E-1,1.268052545E0
3.503236940E2,-1.943833753E0,-2.522546135E0,4.697064825E0,5.674869746E0
3.503336830E2,-2.788752322E0,-4.426467379E0,6.056335473E0,8.003121412E0
3.503436720E2,-1.976300418E0,-4.446553735E0,4.047498808E0,6.329285114E0
3.503536600E2,-3.300954965E-1,-3.582948049E0,1.282029806E0,3.819696347E0
3.503636490E2,5.393337232E-1,-2.092638375E0,3.329806589E-1,2.186525178E0
3.503736380E2,1.179745924E-1,9.954299927E-2,-2.772328663E-1,3.173088012E-1
3.503836260E2,-1.023511538E0,1.218607104E0,5.888058454E-2,1.592496803E0
3.503936150E2,-1.583589428E0,1.621077390E0,2.320132779E0,3.243248910E0
3.504036040E2,-1.695602200E0,2.335024175E0,3.125405179E0,4.253887898E0
3.504135930E2,-1.853534617E0,2.602680472E0,1.493734681E0,3.527148921E0
3.504235810E2,-1.267454744E0,2.592405159E0,-2.570582181E-1,2.897082147E0
3.504335700E2,-3.142346317E-1,1.792240010E0,-1.587902042E0,2.415015642E0
3.504435590E2,8.445484400E-1,4.027573836E-1,-2.288895052E0,2.472754767E0
3.504535470E2,1.984933540E0,-1.175364606E0,-2.049560914E0,3.085796989E0
3.504635360E2,2.236160330E0,-2.149332393E0,-1.382470645E0,3.395772054E0
3.504735250E2,2.184865923E0,-2.198766509E0,-1.145730917E0,3.304680407E0
3.504835130E2,1.879412932E0,-1.797427660E0,-1.202598305E0,2.865166984E0
3.504935020E2,1.522441586E0,-1.204726399E0,-1.348148220E0,2.363619619E0
3.505034910E2,1.202998255E0,-7.006882238E-1,-1.391250532E0,1.968183637E0
3.505134790E2,6.589253631E-1,-4.025655949E-1,-1.317353128E0,1.526977720E0
3.505234680E2,-3.768150419E-2,-2.739730436E-1,-1.158323042E0,1.190879252E0
3.505334570E2,-5.503349671E-1,-2.741630781E-1,-6.946632528E-1,9.276804429E-1
3.505434450E2,-6.871086502E-1,-4.888424313E-1,-3.943622437E-1,9.309171817E-1
3.505534340E2,-4.281231898E-1,-7.393038207E-1,-5.561675647E-1,1.019402749E0
3.505634230E2,2.651419938E-2,-9.093683338E-1,-8.777588707E-1,1.264165497E0
3.505734110E2,3.726234654E-1,-9.790542805E-1,-1.174418234E0,1.573738771E0
3.505834000E2,6.777215302E-1,-9.724977976E-1,-1.425125060E0,1.853655814E0
3.505933890E2,8.495206198E-1,-9.167767560E-1,-1.636973776E0,2.059574725E0
3.506033780E2,9.521144038E-1,-8.042254561E-1,-1.611230971E0,2.036999181E0
3.506133660E2,8.837125057E-1,-5.207214510E-1,-1.544205215E0,1.853825334E0
3.506233550E2,7.638960403E-1,-2.732433110E-1,-1.530830002E0,1.732524043E0
3.506333440E2,5.724508908E-1,-1.841101098E-1,-1.473021943E0,1.591034317E0
3.506433320E2,3.453342175E-1,-1.401788092E-1,-1.156286311E0,1.214867833E0
3.506533210E2,1.249661082E-1,-1.847205591E-1,-9.042379868E-1,9.313348216E-1
3.506633100E2,-1.841644889E-1,-2.673551649E-1,-7.165308161E-1,7.866458883E-1
3.506732980E2,-4.695434037E-1,-2.585188526E-1,-5.793498744E-1,7.892713615E-1
3.506832870E2,-5.038314763E-1,-2.467741352E-1,-7.695000118E-1,9.522992694E-1
3.506932760E2,-3.662447378E-1,-3.537863678E-1,-1.059314478E0,1.175349806E0
3.507032640E2,-1.537653995E-1,-3.752117354E-1,-1.309237485E0,1.370594921E0
3.507132530E2,3.479122549E-2,-3.533250225E-1,-1.439412293E0,1.482550758E0
3.507232420E2,2.356153089E-1,-2.845746303E-1,-1.666832437E0,1.707286639E0
3.507332300E2,4.876618785E-1,-2.515197355E-1,-1.879833639E0,1.958277507E0
3.507432190E2,6.271761516E-1,-2.322362030E-1,-2.032967101E0,2.140149250E0
3.507532080E2,8.462420860E-1,-3.013637406E-1,-2.002616105E0,2.194861507E0
3.507631970E2,9.607235518E-1,-5.002947879E-1,-1.951326668E0,2.231806529E0
3.507731850E2,1.019597997E0,-7.159839553E-1,-2.072487993E0,2.418143829E0
3.507831740E2,1.177899374E0,-8.923318863E-1,-2.479022970E0,2.886045394E0
3.507931630E2,1.312454916E0,-9.629598194E-1,-2.967554914E0,3.384702600E0
3.508031510E2,1.354436755E0,-8.860303420E-1,-3.278970019E0,3.656664200E0
3.508131400E2,1.330287169E0,-8.588174003E-1,-3.537453788E0,3.875669050E0
3.508231290E2,1.199006653E0,-8.381211805E-1,-3.755127500E0,4.030018190E0
3.508331170E2,1.136382096E0,-7.232111138E-1,-3.811004955E0,4.042048657E0
3.508431060E2,9.655393186E-1,-8.331966555E-1,-3.552122698E0,3.774130165E0
3.508530950E2,8.623467797E-1,-1.011308692E0,-3.085559035E0,3.359622270E0
3.508630830E2,8.560043049E-1,-1.157782613E0,-2.846465510E0,3.189916903E0
3.508730720E2,8.108059126E-1,-1.421044142E0,-2.597530244E0,3.069843001E0
3.508830610E2,8.842504495E-1,-1.704158138E0,-2.554487135E0,3.195537254E0
3.508930490E2,7.748382273E-1,-1.854157931E0,-2.684282751E0,3.353155201E0
3.509030380E2,1.034983483E-1,-1.762672395E0,-2.694061635E0,3.221132405E0
3.509130270E2,-8.423984188E-1,-1.374070535E0,-2.219615633E0,2.743063705E0
3.509230150E2,-1.995929229E0,-6.675052750E-1,-1.065810881E0,2.359078128E0
3.509330040E2,-3.214814368E0,2.509309208E-1,7.042944941E-1,3.300610320E0
3.509429930E2,-3.661656834E0,8.969903630E-1,2.215570237E0,4.372765025E0
3.509529820E2,-3.392788118E0,1.080198247E0,2.580471577E0,4.397348409E0
3.509629700E2,-2.587199091E0,9.140051758E-1,2.427277451E0,3.663424685E0
3.509729590E2,-1.648330092E0,3.821044332E-1,2.245319993E0,2.811486753E0
3.509829480E2,-7.412105978E-1,4.789629757E-2,1.827648701E0,1.972811948E0
3.509929360E2,7.652718902E-2,-3.353939509E-1,1.073989089E0,1.127740252E0
3.510029250E2,7.013840425E-1,-4.755867934E-1,4.653389633E-1,9.667795632E-1
3.510129140E2,1.251965470E0,-3.969791651E-1,-8.186452746E-2,1.315945210E0
3.510229020E2,1.441152132E0,-2.865591753E-1,-4.971671122E-1,1.551196560E0
3.510328910E2,1.119717532E0,-4.320823395E-1,-6.637098473E-1,1.371485786E0
3.510428800E2,4.864266542E-1,-5.976731479E-1,-7.041521144E-1,1.043865069E0
3.510528680E2,-6.869308949E-3,-5.378426832E-1,-1.125006630E0,1.246981098E0
3.510628570E2,-3.278536740E-1,-4.366425830E-1,-8.985182405E-1,1.051417997E0
3.510728460E2,-4.176996508E-1,-3.623811901E-1,-4.481177437E-1,7.117602387E-1
3.510828340E2,-2.536112845E-2,6.570282340E-2,-1.167723757E0,1.169845639E0
3.510928235E2,6.501972243E-1,4.636818624E-1,-1.295565233E0,1.521922000E0
3.511028125E2,1.198753761E0,4.877899325E-1,-1.380268292E0,1.892112617E0
3.511128015E2,1.394731087E0,3.604048312E-1,-1.716970557E0,2.241239465E0
3.511227895E2,1.265867517E0,4.481200826E-1,-1.883866172E0,2.313478751E0
3.511327785E2,1.005266179E0,7.344792831E-1,-1.819455583E0,2.204640226E0
3.511427675E2,8.100258940E-1,1.060867937E0,-1.558173336E0,2.051703408E0
3.511527555E2,5.764866391E-1,9.335606039E-1,-9.864065695E-1,1.475422030E0
3.511627445E2,5.006032285E-1,4.139758515E-1,-6.608821338E-1,9.266848401E-1
3.511727335E2,4.854899302E-1,-6.099815369E-2,-9.671446717E-1,1.083877328E0
3.511827215E2,5.064086366E-1,-3.145854646E-1,-1.602417170E0,1.709723519E0
3.511927105E2,4.770351487E-1,-4.514845705E-1,-2.020986010E0,2.125037718E0
3.512026995E2,5.393384010E-1,-7.459942049E-1,-2.187505064E0,2.373303956E0
3.512126875E2,4.634625918E-1,-1.095025032E0,-2.074448564E0,2.391069686E0
3.512226765E2,7.589071959E-2,-1.284042125E0,-1.636785057E0,2.081727385E0
3.512326655E2,-6.859041238E-1,-1.008923028E0,-1.204627289E0,1.714501982E0
3.512426545E2,-1.547222671E0,-4.079976583E-1,-1.190085264E0,1.994157220E0
3.512526425E2,-2.107025742E0,5.699456513E-2,-1.595392618E0,2.643498338E0
3.512626315E2,-2.144241223E0,1.470767695E-1,-1.938399644E0,2.894269368E0
3.512726205E2,-1.843755734E0,1.919640899E-2,-2.351840183E0,2.988470504E0
3.512826085E2,-1.295198028E0,-2.758020526E-1,-2.837362565E0,3.131170872E0
3.512925975E2,-6.355148658E-1,-8.091096354E-1,-3.011753140E0,3.182639553E0
3.513025865E2,1.199994832E-2,-1.384279189E0,-3.052851757E0,3.352055597E0
3.513125745E2,4.496005976E-1,-1.973894289E0,-2.733427429E0,3.401473927E0
3.513225635E2,6.254816285E-1,-2.952439277E0,-1.954539713E0,3.595601541E0
3.513325525E2,7.197422531E-1,-3.842751535E0,-1.088609175E0,4.058304844E0
3.513425405E2,1.229287629E0,-3.786990733E0,-5.749824429E-1,4.022816388E0
3.513525295E2,2.359455889E0,-2.690725506E0,-4.554329029E-1,3.607555262E0
3.513625185E2,3.443827294E0,-1.848006660E0,-5.452557832E-2,3.908714377E0
3.513725065E2,3.712916158E0,-1.714728150E0,9.972657260E-1,4.209581684E0
3.513824955E2,3.535531223E0,-1.795672910E0,2.167617514E0,4.519180005E0
3.513924845E2,3.267993333E0,-1.727147051E0,2.966574629E0,4.739555083E0
3.514024735E2,2.804482502E0,-1.132126200E0,2.404196444E0,3.863546606E0
3.514124615E2,1.984115807E0,-4.172000062E-1,9.705000964E-1,2.247808225E0
3.514224505E2,1.558227423E0,5.837310469E-1,-1.133378089E0,2.013295937E0
3.514324395E2,2.276354675E0,2.140006669E0,-2.481877289E0,3.990129575E0
3.514424275E2,2.510071101E0,3.156572008E0,-1.743329805E0,4.393586528E0
3.514524165E2,2.015683462E0,2.966474934E0,-1.404440096E0,3.851675653E0
3.514624055E2,2.782159879E0,2.058219910E0,-5.924360892E-1,3.511077229E0
3.514723935E2,3.104070151E0,6.747230780E-1,-5.465626359E-2,3.177025344E0
3.514823825E2,1.660655731E0,-7.462374490E-1,-4.081260046E-1,1.865801335E0
3.514923715E2,-3.176219237E-1,-1.453299723E0,-8.686684969E-1,1.722657461E0
3.515023595E2,-1.810214351E0,-1.958986813E0,-8.616603166E-1,2.803027618E0
3.515123485E2,-2.552808692E0,-2.245731930E0,-3.645402744E-1,3.419507820E0
3.515223375E2,-2.688901467E0,-2.119723263E0,1.135953203E-1,3.425831535E0
3.515323265E2,-2.358187043E0,-1.524276150E0,1.691777828E-1,2.813020624E0
3.515423145E2,-1.604984975E0,-6.205597347E-1,-2.139317867E-1,1.734023634E0
3.515523035E2,-4.937973619E-1,-2.552894354E-2,-4.075041533E-1,6.407395699E-1
3.515622925E2,1.004609829E0,4.592754006E-2,-2.296379927E-1,1.031544403E0
3.515722805E2,2.655864406E0,-2.186156988E-1,4.928805184E-1,2.710044238E0
3.515822695E2,4.162251585E0,-3.668075323E-1,9.617041299E-1,4.287628815E0
3.515922585E2,5.010590190E0,-4.793956697E-2,1.297377285E0,5.176050625E0
3.516022465E2,4.785763286E0,7.118809640E-1,1.678142999E0,5.121178445E0
3.516122355E2,4.458561577E0,1.139641626E0,1.519150188E0,4.846170825E0
3.516222245E2,4.189794017E0,1.087826525E0,8.108731556E-1,4.404004510E0
3.516322125E2,3.247844120E0,1.050638233E0,3.747202769E-1,3.434056990E0
3.516422015E2,1.655918609E0,1.049988608E0,7.420923579E-1,2.096483623E0
3.516521905E2,5.866333124E-1,9.325151217E-1,7.229304475E-1,1.317706920E0
3.516621795E2,2.530201310E-1,9.698764908E-1,1.598769093E-1,1.015007498E0
3.516721675E2,-1.737441659E-1,7.322976869E-1,2.097267616E-1,7.813016396E-1
3.516821565E2,-7.748814967E-1,9.939389527E-2,7.655078253E-1,1.093765382E0
3.516921455E2,-8.157082182E-1,-5.492254579E-1,9.474427709E-1,1.365531510E0
3.517021335E2,-7.307867664E-1,-8.693201691E-1,7.881979457E-1,1.382397503E0
3.517121225E2,-5.508875290E-1,-1.247393532E0,8.751796639E-1,1.620310815E0
3.517221115E2,-3.150368696E-1,-1.604415749E0,1.893699726E-1,1.645982719E0
3.517320995E2,-3.453923973E-1,-1.744156017E0,-1.379998735E0,2.250727133E0
3.517420885E2,2.199751765E-1,-2.231334330E0,-4.042484820E0,4.622653512E0
3.517520775E2,1.536468179E0,-1.945136513E0,-4.571382433E0,5.200175754E0
3.517620655E2,8.733579639E-1,-1.582765263E0,-2.271093935E0,2.902717291E0
3.517720545E2,2.014412570E-1,-2.030929785E0,-3.073849109E0,3.689688702E0
3.517820435E2,-1.661518487E-1,-1.663988351E0,-1.600476480E0,2.314732950E0
3.517920325E2,-2.985459673E-1,-1.589749178E0,-2.303469383E0,2.814676419E0
3.518020205E2,-5.928550422E-1,-1.265374305E0,-3.886881349E0,4.130435310E0
3.518120095E2,-1.054867525E0,-1.078558688E0,-4.496059478E0,4.742423976E0
3.518219985E2,-1.279739744E0,-1.246900027E0,-4.346137746E0,4.699085740E0
3.518319865E2,-1.606171083E0,-1.468924068E0,-3.921278472E0,4.484857670E0
3.518419755E2,-2.028415190E0,-1.359601015E0,-3.686068960E0,4.421548086E0
3.518519645E2,-2.224326735E0,-1.174983952E0,-3.281927540E0,4.135125765E0
3.518619525E2,-2.229213253E0,-7.649222267E-1,-2.860006200E0,3.705959147E0
3.518719415E2,-2.115619687E0,-3.917365515E-1,-2.710596976E0,3.460728269E0
3.518819305E2,-1.898007663E0,-1.004002011E-1,-2.971728072E0,3.527560208E0
3.518919185E2,-1.658259834E0,-1.943614483E-3,-3.154005080E0,3.563366035E0
3.519019075E2,-1.461206328E0,8.527111530E-2,-3.303481547E0,3.613223689E0
3.519118965E2,-1.170787698E0,-1.429322630E-1,-3.426364292E0,3.623692278E0
3.519218855E2,-4.761168435E-1,-4.062926102E-1,-3.153501635E0,3.215016873E0
3.519318735E2,1.074689001E-1,-7.768622410E-1,-3.029124341E0,3.129002841E0
3.519418625E2,7.890548551E-1,-1.098648552E0,-3.056037905E0,3.342005967E0
3.519518515E2,1.459936897E0,-1.201889915E0,-2.939332159E0,3.495086358E0
3.519618395E2,1.719852942E0,-1.356729448E0,-2.780616799E0,3.539835973E0
3.519718285E2,1.853025910E0,-1.435664520E0,-2.958424779E0,3.774535046E0
3.519818175E2,1.904149870E0,-1.431143453E0,-3.168231940E0,3.963792621E0
3.519918055E2,1.952996048E0,-1.227609478E0,-3.490447729E0,4.183831252E0
3.520017945E2,1.921189826E0,-9.434862524E-1,-3.699084570E0,4.273682640E0
3.520117835E2,1.917970934E0,-7.482752037E-1,-3.566557134E0,4.118113412E0
3.520217715E2,1.875868058E0,-7.344126248E-1,-3.217595889E0,3.796204180E0
3.520317605E2,1.815711903E0,-6.704896939E-1,-3.134368668E0,3.683834020E0
3.520417495E2,1.783328853E0,-6.979166436E-1,-2.720900062E0,3.327258119E0
3.520517385E2,1.822560454E0,-6.764351428E-1,-2.415678914E0,3.100773408E0
3.520617265E2,1.835893275E0,-6.188120019E-1,-2.600224056E0,3.242622019E0
3.520717155E2,1.750716885E0,-9.135853457E-1,-2.746303583E0,3.382577592E0
3.520817045E2,1.582892148E0,-1.079643931E0,-3.136697614E0,3.675602058E0
3.520916912E2,1.362143677E0,-1.058156583E0,-4.034547518E0,4.387790381E0
3.521016802E2,1.101068714E0,-9.880502218E-1,-4.854592323E0,5.075003663E0
3.521116692E2,1.157974402E0,-7.823720723E-1,-5.497671440E0,5.672512850E0
3.521216572E2,1.267345109E0,-6.311893880E-1,-5.797886202E0,5.968253353E0
3.521316462E2,8.227213687E-1,-2.949510992E-1,-5.930767686E0,5.994820427E0
3.521416352E2,-8.321333393E-2,-1.084371990E-1,-5.195759815E0,5.197557421E0
3.521516232E2,-5.325294645E-1,-2.804102433E-1,-3.504730138E0,3.556030213E0
3.521616122E2,-9.875222182E-1,-7.989892745E-1,-2.817152833E0,3.090296762E0
3.521716012E2,-7.554702026E-1,-7.119523001E-1,-2.376497891E0,2.593328658E0
3.521815902E2,-4.959008977E-2,-8.108889431E-1,-1.509073097E0,1.713855789E0
3.521915782E2,9.564805198E-1,-1.187253749E0,-7.187988049E-1,1.685555746E0
3.522015672E2,1.084977177E0,-1.223801771E0,9.627440572E-2,1.638332997E0
3.522115562E2,1.285592661E0,-1.063974563E0,8.572325125E-1,1.876069812E0
3.522215442E2,1.572896625E0,-1.188631353E0,1.470803947E0,2.459697652E0
3.522315332E2,1.116575823E0,-2.025826335E0,2.207618024E0,3.197544565E0
3.522415222E2,3.182472834E-1,-2.782973519E0,3.003321163E0,4.106843185E0
3.522515102E2,1.145316057E-1,-2.951662767E0,3.791469115E0,4.806315494E0
3.522614992E2,-5.579575436E-1,-3.246664152E0,4.537808013E0,5.607481280E0
3.522714882E2,-7.646156864E-1,-2.745166592E0,4.033503497E0,4.938595674E0
3.522814772E2,-4.908933422E-1,-1.744735476E0,2.378778597E0,2.990596223E0
3.522914652E2,2.134716108E-2,-9.116738909E-1,7.788640353E-1,1.199264012E0
3.523014542E2,5.482796708E-1,-3.596768528E-1,-5.414773124E-1,8.503973870E-1
3.523114432E2,1.115925758E0,6.452344000E-2,-1.522002168E0,1.888370772E0
3.523214312E2,1.726347006E0,4.259451020E-1,-1.740427832E0,2.488130272E0
3.523314202E2,2.299506141E0,8.511464381E-1,-1.536342464E0,2.893531910E0
3.523414092E2,2.860668397E0,1.430107327E0,-1.467999038E0,3.519041321E0
3.523513972E2,3.173239496E0,1.682339253E0,-1.039344044E0,3.738977173E0
3.523613862E2,3.211620035E0,1.765842170E0,-8.442405841E-1,3.761042938E0
3.523713752E2,3.021894844E0,1.454414202E0,-9.335766837E-1,3.481197286E0
3.523813642E2,2.872387679E0,8.793779647E-1,-8.863191944E-1,3.132008668E0
3.523913522E2,2.638020751E0,1.456249058E-1,-9.154547006E-1,2.796143309E0
3.524013412E2,2.532820570E0,-3.224295044E-1,-6.547852421E-1,2.635884015E0
3.524113302E2,2.120947670E0,-7.509345174E-1,-5.840526438E-1,2.324529879E0
3.524213182E2,1.742727834E0,-6.807357699E-1,-6.033744755E-1,1.965848990E0
3.524313072E2,1.589765258E0,-5.000421882E-1,-3.811890516E-1,1.709590845E0
3.524412962E2,1.673265544E0,-2.493720531E-1,3.080111477E-1,1.719556590E0
3.524512842E2,1.322904475E0,2.205452800E-2,1.106576791E0,1.724840528E0
3.524612732E2,6.473946539E-1,6.198697633E-1,1.551787300E0,1.792038555E0
3.524712622E2,1.621283796E-1,9.992862314E-1,1.220826707E0,1.585962305E0
3.524812502E2,9.581218332E-2,1.200904659E0,4.796014917E-1,1.296676353E0
3.524912392E2,3.733432576E-1,1.277869805E0,-1.211508000E-1,1.336792408E0
3.525012282E2,7.856085062E-1,1.038457314E0,-4.871707124E-1,1.390291200E0
3.525112172E2,1.293062333E0,6.082361430E-1,-5.229746756E-1,1.521664849E0
3.525212052E2,1.830316201E0,2.056226009E-1,-3.844535521E-1,1.881526663E0
3.525311942E2,2.272459845E0,-1.436234039E-1,-2.842834389E-1,2.294671763E0
3.525411832E2,2.618642493E0,-2.865509892E-1,-2.035629192E-1,2.642127521E0
3.525511712E2,2.877483820E0,-2.628148019E-1,-8.169671237E-2,2.890615697E0
3.525611602E2,2.862650603E0,-3.015923667E-1,1.576694392E-1,2.882808714E0
3.525711492E2,2.428748318E0,-6.761305028E-1,6.913724399E-1,2.614185666E0
3.525811372E2,1.403268314E0,-1.627608730E0,1.309721050E0,2.516672678E0
3.525911262E2,1.667430022E-1,-3.284314958E0,2.228989012E0,3.972772331E0
3.526011152E2,-6.669518360E-1,-4.675740615E0,3.203661389E0,5.707085188E0
3.526111042E2,-5.813161469E-1,-4.592045324E0,3.886602729E0,6.044045788E0
3.526210922E2,4.986441189E-1,-2.944998695E0,4.124640832E0,5.092575504E0
3.526310812E2,2.274063151E0,-9.090794814E-1,3.565042121E0,4.325195261E0
3.526410702E2,3.813264611E0,1.784394801E-2,2.913247145E0,4.798782588E0
3.526510582E2,4.586420010E0,9.394429028E-2,2.147108990E0,5.064992700E0
3.526610472E2,4.867403865E0,6.822355807E-2,1.315664891E0,5.042543896E0
3.526710362E2,4.685968857E0,1.675162965E-1,7.234654677E-1,4.744446028E0
3.526810242E2,4.606494963E0,4.438960540E-1,-3.216749212E-1,4.638999279E0
3.526910132E2,4.089461643E0,7.188976228E-1,-9.789860143E-1,4.266019684E0
3.527010022E2,2.950843280E0,8.012024456E-1,-9.173499294E-1,3.192323967E0
3.527109912E2,1.460297670E0,7.184011942E-1,-3.925089687E-1,1.674106583E0
3.527209792E2,9.257808834E-2,4.862164468E-1,2.706600112E-1,5.641223069E-1
3.527309682E2,-7.846039546E-1,1.497834456E-1,1.021016824E0,1.296346327E0
3.527409572E2,-1.057176882E0,-2.087730807E-1,1.884732144E0,2.171042242E0
3.527509452E2,-7.186792293E-1,-4.445222908E-1,2.216015649E0,2.371671406E0
3.527609342E2,-1.563197556E-1,-7.648912364E-1,1.593315979E0,1.774302759E0
3.527709232E2,4.655500478E-1,-1.069487903E0,6.588328309E-1,1.339627530E0
3.527809112E2,1.024646190E0,-1.162659191E0,-3.093558611E-1,1.580309229E0
3.527909002E2,1.529926607E0,-9.649104506E-1,-9.530617990E-1,2.044518132E0
3.528008892E2,1.696562897E0,-6.056247765E-1,-1.099501368E0,2.110452627E0
3.528108782E2,1.559343656E0,-2.449492192E-1,-8.148159331E-1,1.776366450E0
3.528208662E2,1.372538857E0,-1.008404964E-1,-5.130338243E-1,1.468753017E0
3.528308552E2,1.313745981E0,-1.140382469E-1,-3.064718682E-1,1.353830946E0
3.528408442E2,1.392665266E0,-1.541606712E-1,-3.646007931E-1,1.447831411E0
3.528508322E2,1.525955470E0,-2.836876076E-1,-4.904486614E-1,1.627746493E0
3.528608212E2,1.703899399E0,-4.167947942E-1,-3.782528722E-1,1.794454317E0
3.528708102E2,1.750449960E0,-6.474516642E-1,-1.915099074E-1,1.876151583E0
3.528807982E2,1.548425151E0,-9.056904352E-1,-8.305268168E-2,1.795770965E0
3.528907872E2,1.504227802E0,-1.076179456E0,-4.375807688E-1,1.900615803E0
3.529007762E2,1.312674186E0,-1.140529234E0,-3.174912384E-1,1.767688077E0
3.529107642E2,1.011609238E0,-9.859744602E-1,2.738251090E-3,1.412623936E0
3.529207532E2,1.161710480E0,-8.051697814E-1,2.103103137E-1,1.429020659E0
3.529307422E2,1.671674809E0,-5.672910154E-1,3.646908402E-2,1.765685633E0
3.529407312E2,2.009042195E0,-4.214912778E-1,-2.689011687E-1,2.070317192E0
3.529507192E2,1.969690141E0,-3.653276020E-1,-4.902308527E-1,2.062394191E0
3.529607082E2,1.751605954E0,-3.531864434E-1,-5.687914109E-1,1.875203389E0
3.529706972E2,1.532948155E0,-3.564795953E-1,-4.795770796E-1,1.645296911E0
3.529806852E2,1.421424796E0,-3.937362993E-1,-2.978692983E-1,1.504726833E0
3.529906742E2,1.292453637E0,-4.555665118E-1,-1.479335327E-1,1.378354665E0
3.530006632E2,1.152449952E0,-5.423625809E-1,-9.469463423E-2,1.277209903E0
3.530106512E2,1.021585465E0,-6.036408162E-1,-1.382819724E-1,1.194630069E0
3.530206402E2,8.839683214E-1,-5.893975836E-1,-1.773709014E-1,1.077148988E0
3.530306292E2,9.150851566E-1,-4.501215845E-1,-3.364341706E-1,1.073861367E0
3.530406182E2,8.865311560E-1,-2.479032326E-1,-4.587088054E-1,1.028497580E0
3.530506062E2,7.551547453E-1,-9.127269745E-2,-4.055698943E-1,8.620187549E-1
3.530605952E2,5.668013111E-1,9.658430815E-3,-2.912764165E-1,6.373374007E-1
3.530705842E2,4.106870851E-1,3.943946958E-3,-1.717556740E-1,4.451735034E-1
3.530805722E2,3.051392877E-1,-6.634835601E-3,-1.549254870E-1,3.422804588E-1
3.530905612E2,2.813952067E-1,-4.257883966E-2,-2.953709292E-1,4.101709471E-1
3.531005502E2,2.778246045E-1,-2.851511657E-2,-4.673888509E-1,5.444740221E-1
3.531105382E2,3.093256018E-1,1.928704083E-2,-4.903192918E-1,5.800580365E-1
3.531205272E2,3.685111186E-1,8.888410985E-2,-5.550516236E-1,6.721481491E-1
3.531305162E2,5.179583493E-1,1.700826395E-1,-6.018591696E-1,8.120612144E-1
3.531405052E2,7.196621463E-1,1.285586375E-1,-7.476093520E-1,1.045638882E0
3.531504932E2,7.843931624E-1,4.056447387E-2,-1.061531011E0,1.320517398E0
3.531604822E2,7.391634876E-1,-1.144832200E-1,-1.310827197E0,1.509217350E0
3.531704712E2,5.132317525E-1,-1.980142039E-1,-1.377819185E0,1.483577488E0
3.531804592E2,2.888220477E-1,-1.856537747E-1,-1.224178916E0,1.271416343E0
3.531904482E2,2.512934482E-1,-2.338424331E-1,-1.144420702E0,1.194792628E0
3.532004372E2,4.473529279E-1,-3.780107975E-1,-1.245962864E0,1.376749892E0
3.532104252E2,8.881110737E-1,-5.355663621E-1,-1.397236180E0,1.740069410E0
3.532204142E2,1.289700476E0,-6.611136836E-1,-1.673715779E0,2.213983543E0
3.532304032E2,1.523118986E0,-8.181845140E-1,-1.994709792E0,2.639731899E0
3.532403922E2,1.666858457E0,-9.123357958E-1,-2.231125000E0,2.930647110E0
3.532503802E2,1.648092988E0,-8.941415995E-1,-2.179590126E0,2.875119618E0
3.532603692E2,1.367901430E0,-6.498525310E-1,-2.001329571E0,2.509737573E0
3.532703582E2,8.760049984E-1,-4.006681734E-1,-1.781850823E0,2.025564637E0
3.532803462E2,2.417326659E-1,-1.957367134E-1,-1.456339252E0,1.489184864E0
3.532903352E2,-1.589258596E-1,-9.412321508E-2,-1.257339792E0,1.270834356E0
3.533003242E2,-2.763636777E-1,1.361524165E-2,-1.105946023E0,1.140034588E0
3.533103122E2,-4.162761462E-1,1.235458195E-2,-8.450777592E-1,9.421225423E-1
3.533203012E2,-5.255407262E-1,-1.753989279E-2,-8.100621468E-1,9.657646630E-1
3.533302902E2,-6.391743457E-1,-1.088044041E-1,-7.474004602E-1,9.894390788E-1
3.533402792E2,-6.648559016E-1,-4.070866621E-1,-6.730618840E-1,1.029934571E0
3.533502672E2,-8.623695838E-1,-7.431641525E-1,-4.133863060E-1,1.211140989E0
3.533602562E2,-1.425402949E0,-7.840695190E-1,-1.200771050E-1,1.631244031E0
3.533702452E2,-2.014041564E0,-7.811716390E-1,3.375843179E-1,2.186448198E0
3.533802332E2,-2.302073361E0,-7.351061046E-1,6.018943991E-1,2.490421573E0
3.533902222E2,-2.194389283E0,-7.755074412E-1,6.146717347E-1,2.407192859E0
3.534002112E2,-1.980441417E0,-9.626312059E-1,4.569248199E-1,2.248908031E0
3.534101992E2,-1.524991557E0,-1.211712652E0,2.582514887E-1,1.964825853E0
3.534201882E2,-1.064214591E0,-1.492150962E0,5.657634303E-2,1.833648841E0
3.534301772E2,-8.340424553E-1,-1.574954553E0,1.408594251E-2,1.782219704E0
3.534401662E2,-7.520004648E-1,-1.496387855E0,6.965641826E-2,1.676166259E0
3.534501542E2,-9.276882452E-1,-1.297148659E0,2.415087175E-1,1.612924854E0
3.534601432E2,-1.163301215E0,-9.443177265E-1,2.837022257E-1,1.524956602E0
3.534701322E2,-1.291316939E0,-5.530384272E-1,3.111132418E-1,1.438798939E0
3.534801202E2,-1.525735615E0,-1.476012647E-1,3.487719418E-1,1.572035994E0
3.534901092E2,-1.776127130E0,1.498144358E-1,4.237972735E-1,1.832123379E0
3.535000982E2,-1.934936338E0,4.222391367E-1,6.577759467E-1,2.086847794E0
3.535100862E2,-1.777909361E0,6.092640835E-1,9.717464304E-1,2.115763585E0
3.535200752E2,-1.420249506E0,5.408376271E-1,1.280379429E0,1.987205445E0
3.535300642E2,-1.037368562E0,3.161127573E-1,1.456973821E0,1.816269122E0
3.535400532E2,-6.470417744E-1,4.787700176E-2,1.470206070E0,1.607003781E0
3.535500412E2,-2.220746192E-1,-6.950175941E-2,1.442666853E0,1.461312862E0
3.535600302E2,1.195662045E-1,6.838669538E-2,1.373424126E0,1.380313967E0
3.535700192E2,3.414420184E-1,3.441630203E-1,1.236284407E0,1.327942006E0
3.535800072E2,5.231246567E-1,7.580570108E-1,1.080704032E0,1.419940506E0
3.535899962E2,6.972041604E-1,1.293064379E0,9.033129573E-1,1.724553110E0
3.535999852E2,7.691360226E-1,1.837023835E0,7.870252866E-1,2.141409721E0
3.536099732E2,6.354888457E-1,2.152066551E0,8.126767293E-1,2.386562377E0
3.536199622E2,5.062408215E-1,2.006303067E0,1.081156314E0,2.334615758E0
3.536299512E2,5.728005543E-1,1.848610677E0,1.265027272E0,2.312089079E0
3.536399402E2,6.392541602E-1,1.638107990E0,1.287386440E0,2.179313542E0
3.536499282E2,6.502165201E-1,1.288161489E0,1.210189453E0,1.883268450E0
3.536599172E2,7.148753232E-1,9.803400832E-1,8.800167730E-1,1.498847199E0
3.536699062E2,7.310911140E-1,6.581596702E-1,5.756186199E-1,1.139739077E0
3.536798942E2,6.746815628E-1,4.648296708E-1,9.852733791E-2,8.252087435E-1
3.536898832E2,4.428727913E-1,3.651708966E-1,-1.857552239E-1,6.033167462E-1
3.536998722E2,6.368798983E-1,6.658534366E-1,-6.200469339E-1,1.110601190E0
3.537098612E2,5.958669430E-1,8.034179556E-1,-8.032811308E-1,1.282886745E0
3.537198492E2,4.623630229E-1,7.011425525E-1,-5.890043584E-1,1.025819954E0
3.537298382E2,6.427654132E-1,9.862282294E-1,-6.629627194E-1,1.351041474E0
3.537398272E2,8.204266289E-1,1.175782682E0,-9.262366739E-1,1.706891661E0
3.537498152E2,1.023404827E0,1.148610671E0,-5.704932430E-1,1.640770079E0
3.537598042E2,9.450562298E-1,1.066594115E0,-6.893063262E-2,1.426711504E0
3.537697932E2,6.505030337E-1,1.052742646E0,8.860607475E-2,1.240674136E0
3.537797812E2,3.436706847E-1,1.144701807E0,1.134067476E-1,1.200546899E0
3.537897702E2,-1.069689631E-2,1.337547657E0,-2.457730919E-1,1.359982563E0
3.537997592E2,-6.879453868E-2,1.512506289E0,-5.502149530E-1,1.610945207E0
3.538097482E2,-3.272882482E-1,1.590757822E0,-2.393360384E-1,1.641618039E0
3.538197362E2,-6.122689676E-1,1.673873069E0,2.197025500E-1,1.795826704E0
3.538297252E2,-5.842014554E-1,1.597773896E0,4.465430886E-1,1.758855734E0
3.538397142E2,-5.119064811E-1,1.398821214E0,4.446633549E-1,1.554501378E0
3.538497022E2,-3.119056857E-1,1.224406373E0,2.367373896E-1,1.285496291E0
3.538596912E2,-2.091627976E-1,9.397802871E-1,-3.392997448E-1,1.020813588E0
3.538696802E2,-3.824742696E-1,3.545576155E-1,-6.351212020E-1,8.218130024E-1
3.538796682E2,-7.392134812E-1,-7.200407535E-1,-4.159102567E-1,1.112599029E0
3.538896572E2,-1.243724989E0,-1.762114570E0,-9.257604182E-2,2.158812157E0
3.538996462E2,-1.228645604E0,-2.373966047E0,-6.005002767E-2,2.673740978E0
3.539096352E2,-6.488216668E-1,-2.145622920E0,-7.098122191E-1,2.351276389E0
3.539196232E2,-7.086997864E-1,-1.524223525E0,-6.250305158E-1,1.793369980E0
3.539296122E2,-7.010335019E-1,-1.256207625E0,7.423222996E-1,1.618810663E0
3.539396012E2,-8.848056427E-1,-1.512492256E0,1.359445480E0,2.217793016E0
3.539495892E2,-1.412507500E0,-2.551390450E0,2.603706073E0,3.909482828E0
3.539595782E2,-2.426681327E0,-3.366116336E0,3.440519816E0,5.390426519E0
3.539695672E2,-2.811458815E0,-2.813331678E0,4.229027957E0,5.805498536E0
3.539795552E2,-2.244373621E0,-1.368670047E0,4.284638486E0,5.026788001E0
3.539895442E2,-1.220723796E0,-1.983773160E-1,3.063184372E0,3.303425290E0
3.539995332E2,-2.817951563E-1,6.640355372E-1,1.443032012E0,1.613286426E0
3.540095222E2,3.144237891E-1,1.447951275E0,5.966484234E-2,1.482897537E0
3.540195102E2,6.503758568E-1,1.935323131E0,-9.544655693E-1,2.253767712E0
3.540294992E2,8.059498000E-1,2.287817849E0,-1.696010628E0,2.959749591E0
3.540394882E2,5.977725506E-1,2.226919098E0,-1.935663439E0,3.010530458E0
3.540494762E2,2.327171364E-1,1.931932331E0,-1.587655728E0,2.511408073E0
3.540594652E2,-4.118576977E-1,1.200362037E0,-8.578919323E-1,1.531820600E0
3.540694542E2,-7.810383224E-1,3.734406137E-1,1.685623634E-1,8.819818725E-1
3.540794432E2,-7.497098181E-1,-3.152269042E-1,8.198829840E-1,1.154833720E0
3.540894312E2,-3.626270655E-1,-8.097271013E-1,9.620957471E-1,1.308733966E0
3.540994202E2,1.056884229E-1,-1.052416372E0,9.169976346E-1,1.399869610E0
3.541094092E2,3.609050605E-1,-1.053551316E0,9.155326147E-1,1.441673613E0
3.541193972E2,4.094074219E-1,-8.609171355E-1,7.838151652E-1,1.234163265E0
3.541293862E2,3.320528519E-1,-4.881296557E-1,6.490760207E-1,8.773991896E-1
3.541393752E2,1.813882309E-1,-9.880683482E-2,5.090258503E-1,5.493375986E-1
3.541493632E2,6.716550440E-2,1.903104973E-1,1.907437760E-1,2.776913366E-1
3.541593522E2,-5.924808204E-2,4.129584360E-1,-1.372885305E-1,4.391960220E-1
3.541693412E2,-1.850389400E-1,4.696173710E-1,-1.544408990E-1,5.278559233E-1
3.541793302E2,-2.261568528E-1,4.064411294E-1,3.989262879E-2,4.668326634E-1
3.541893182E2,-1.893123776E-1,3.259495282E-1,2.516577297E-1,4.532260851E-1
3.541993072E2,-3.045305926E-1,3.768951488E-1,3.940502948E-1,6.245514148E-1
3.542092962E2,-4.510050988E-1,4.316139776E-1,4.542514729E-1,7.720366736E-1
3.542192842E2,-5.150882435E-1,4.304211456E-1,2.152960883E-1,7.049330938E-1
3.542292732E2,-4.069407740E-1,4.267642969E-1,-1.387409788E-1,6.057867759E-1
3.542392622E2,-2.307893094E-1,4.549899763E-1,-3.917828907E-1,6.432522191E-1
3.542492502E2,1.389356911E-2,4.058745342E-1,-5.901526053E-1,7.163848591E-1
3.542592392E2,3.353346017E-1,2.016271985E-1,-5.821261324E-1,7.014083378E-1
3.542692282E2,5.301971564E-1,-9.741987526E-2,-3.661960597E-1,6.516895050E-1
3.542792172E2,5.703432620E-1,-3.268459064E-1,-1.233932072E-1,6.688389691E-1
3.542892052E2,3.879317683E-1,-3.723641413E-1,-1.483882999E-1,5.578218337E-1
3.542991942E2,4.122947770E-1,-4.507998616E-1,-1.140546191E-1,6.214627539E-1
3.543091832E2,6.428577992E-1,-4.855446017E-1,-1.924703126E-1,8.282901252E-1
3.543191712E2,9.276256800E-1,-4.142951095E-1,-1.007469410E-1,1.020921048E0
3.543291602E2,1.078584708E0,-2.356386977E-1,8.821109533E-2,1.107543122E0
3.543391492E2,9.868945196E-1,-7.804863453E-2,1.542928183E-1,1.001927470E0
3.543491382E2,9.053077349E-1,2.563653231E-2,1.841696052E-1,9.242065625E-1
3.543591262E2,8.230906203E-1,5.847858846E-2,3.723885535E-1,9.053016897E-1
3.543691152E2,7.030312032E-1,2.352334857E-2,6.117507581E-1,9.322259440E-1
3.543791042E2,5.231916073E-1,-3.424071014E-2,6.314324860E-1,8.207367840E-1
3.543890922E2,2.447796500E-1,-1.067567092E-1,6.624070877E-1,7.142109085E-1
3.543990812E2,-1.936510116E-2,-2.930753124E-1,7.285740338E-1,7.855496602E-1
3.544090702E2,-2.504517415E-1,-5.092731875E-1,7.032111512E-1,9.036543463E-1
3.544190582E2,-4.485975078E-1,-6.527749693E-1,5.171670748E-1,9.459474974E-1
3.544290472E2,-5.430277017E-1,-6.445648938E-1,2.284271805E-1,8.732250363E-1
3.544390362E2,-4.089700502E-1,-3.805642766E-1,1.524836898E-2,5.588543489E-1
3.544490252E2,-2.860998765E-1,-2.043718815E-2,-2.720314756E-2,2.881159996E-1
3.544590132E2,-1.236759201E-1,3.080102706E-1,-6.504281893E-2,3.382257061E-1
3.544690022E2,1.264284968E-2,4.909427512E-1,-2.138315070E-1,5.356384414E-1
3.544789912E2,4.298726767E-2,5.193298137E-1,-4.381178355E-1,6.808073137E-1
3.544889792E2,1.443736017E-1,4.046705925E-1,-4.700765236E-1,6.368468916E-1
3.544989682E2,1.985960019E-1,2.135783225E-1,-3.931979169E-1,4.895515026E-1
3.545089572E2,2.306302652E-1,4.762557149E-2,-3.466105185E-1,4.190433937E-1
3.545189462E2,2.735254392E-1,-1.007522035E-1,-3.923832536E-1,4.888064955E-1
3.545289342E2,3.299782598E-1,-2.197833878E-1,-4.445673144E-1,5.956764948E-1
3.545389232E2,4.007023796E-1,-2.739549172E-1,-3.090189153E-1,5.754184423E-1
3.545489122E2,4.471494448E-1,-3.063408905E-1,-1.070771366E-1,5.524969506E-1
3.545589002E2,4.460612780E-1,-3.040902972E-1,5.471181214E-2,5.426186091E-1
3.545688892E2,5.150195387E-1,-2.857756484E-1,1.564143343E-1,6.094081476E-1
3.545788782E2,6.128142205E-1,-2.733579165E-1,2.282804154E-1,7.087861225E-1
3.545888662E2,6.323412895E-1,-2.134280491E-1,3.967762667E-1,7.764267154E-1
3.545988552E2,5.606544256E-1,-1.351794398E-1,6.865837164E-1,8.966627379E-1
3.546088442E2,4.377556005E-1,-5.450072765E-2,9.292529601E-1,1.028645400E0
3.546188332E2,3.648481303E-1,-7.876433372E-2,9.379629725E-1,1.009501122E0
3.546288212E2,4.821900541E-1,-2.809429246E-1,6.594039577E-1,8.638574851E-1
3.546388102E2,6.589575228E-1,-4.196441424E-1,3.479897305E-2,7.820084345E-1
3.546487992E2,6.495984694E-1,-5.180235457E-1,-6.356252320E-1,1.046109937E0
3.546587872E2,5.400181398E-1,-5.222428966E-1,-1.328887492E0,1.526531756E0
3.546687762E2,3.628568611E-1,-3.439162678E-1,-1.808194723E0,1.876036155E0
3.546787652E2,1.065611199E-1,-2.814031005E-1,-1.972519024E0,1.995338136E0
3.546887532E2,-3.703939220E-1,-3.823658037E-1,-1.918784866E0,1.991263576E0
3.546987422E2,-1.077456780E0,-3.573689568E-1,-1.574559719E0,1.941098657E0
3.547087312E2,-1.876862084E0,4.150412142E-2,-1.056426831E0,2.154152159E0
3.547187202E2,-2.679402373E0,5.739357913E-1,-3.949509121E-1,2.768498797E0
3.547287082E2,-3.201887344E0,1.012054796E0,4.521384354E-1,3.388328001E0
3.547386972E2,-3.176115156E0,1.285723200E0,1.263738692E0,3.652099001E0
3.547486862E2,-2.550926181E0,1.444536501E0,1.771155535E0,3.425040439E0
3.547586742E2,-1.658571491E0,1.466156580E0,1.839518695E0,2.878246608E0
3.547686632E2,-8.939965886E-1,1.197248980E0,1.621789434E0,2.205183890E0
3.547786522E2,-2.609343374E-1,5.847408611E-1,1.211749490E0,1.370527427E0
3.547886412E2,2.223409599E-1,-2.175743097E-1,6.472943741E-1,7.181671737E-1
3.547986292E2,3.383333462E-1,-7.547276062E-1,1.127126831E-1,8.347379000E-1
3.548086182E2,4.663885385E-1,-1.035675793E0,-2.151787055E-1,1.156046925E0
3.548186072E2,4.863123411E-1,-1.060950968E0,-3.956239267E-1,1.232329071E0
3.548285952E2,4.356085029E-1,-8.596523827E-1,-5.364814514E-1,1.102982019E0
3.548385842E2,4.102219391E-1,-5.102040642E-1,-7.851578321E-1,1.022283252E0
3.548485732E2,2.268824923E-1,4.231571496E-2,-8.652563542E-1,8.955081482E-1
3.548585622E2,-1.390321702E-2,5.797841763E-1,-4.849255277E-1,7.559733845E-1
3.548685502E2,-2.477131981E-1,1.007016250E0,1.663027069E-1,1.050285746E0
3.548785392E2,-3.975647637E-1,1.172297741E0,7.797367322E-1,1.462986366E0
3.548885282E2,-4.681748629E-1,1.134061044E0,1.179518760E0,1.701924399E0
3.548985162E2,-3.774105808E-1,9.952475595E-1,1.317410431E0,1.693672546E0
3.549085052E2,-2.646987748E-1,7.613641959E-1,1.326487502E0,1.552195211E0
3.549184942E2,-2.310574043E-1,4.427874219E-1,1.159553735E0,1.262542312E0
3.549284822E2,-2.949060756E-1,1.681472111E-1,8.777752429E-1,9.411336011E-1
3.549384712E2,-4.537872040E-1,8.603593111E-3,6.883371502E-1,8.245028082E-1
3.549484602E2,-5.443383551E-1,2.694046140E-2,6.598973165E-1,8.558589262E-1
3.549584492E2,-6.157091770E-1,2.725720507E-1,5.235363007E-1,8.529264749E-1
3.549684372E2,-5.181878525E-1,5.393448329E-1,3.854716985E-1,8.414273169E-1
3.549784262E2,-3.980489132E-1,6.889136857E-1,3.694368790E-1,8.772277989E-1
3.549884152E2,-3.414925969E-1,6.253719932E-1,4.674006915E-1,8.521565173E-1
3.549984032E2,-3.527622280E-1,4.610757583E-1,6.778172784E-1,8.924507310E-1
3.550083922E2,-3.508206600E-1,2.852856517E-1,9.365309894E-1,1.039977564E0
3.550183812E2,-3.144515634E-1,2.079696733E-1,1.164446685E0,1.223955576E0
3.550283702E2,-2.687500182E-1,1.831663692E-1,1.284293556E0,1.324834491E0
3.550383582E2,-3.326571617E-1,1.494144863E-1,1.420019856E0,1.466097496E0
3.550483472E2,-4.418688244E-1,1.143294382E-1,1.485422571E0,1.553962514E0
3.550583362E2,-3.946943656E-1,1.240574509E-1,1.526879915E0,1.581940634E0
3.550683242E2,-2.254914397E-1,1.497664887E-1,1.454659054E0,1.479631493E0
3.550783132E2,-3.518737435E-2,2.411695790E-1,1.351901987E0,1.373695708E0
3.550883022E2,6.555547357E-2,2.292126077E-1,1.304327286E0,1.325935748E0
3.550982910E2,1.395554960E-1,6.867613256E-2,1.261293240E0,1.270847271E0
3.551082790E2,3.273993453E-1,-1.154836786E-1,1.076384547E0,1.130986518E0
3.551182680E2,5.056607777E-1,-1.913665044E-1,1.006677697E0,1.142678409E0
3.551282570E2,5.262119865E-1,-1.358846140E-1,8.832929680E-1,1.037096982E0
3.551382450E2,4.269385439E-1,4.024463117E-2,3.792694107E-1,5.724870623E-1
3.551482340E2,2.368449783E-1,4.483621573E-1,-2.994736281E-1,5.889045948E-1
3.551582230E2,-6.620860755E-2,9.873427087E-1,-1.011922211E0,1.415350050E0
3.551682110E2,-4.843324739E-1,1.394734595E0,-1.469075803E0,2.082797698E0
3.551782000E2,-9.919552848E-1,1.515341604E0,-1.571846173E0,2.398110893E0
3.551881890E2,-1.371586930E0,1.282084478E0,-1.528920886E0,2.421278668E0
3.551981780E2,-1.702162776E0,8.623169589E-1,-1.508461478E0,2.432366067E0
3.552081660E2,-1.879229914E0,2.109780657E-1,-1.234470747E0,2.258303531E0
3.552181550E2,-1.691570837E0,-3.976112491E-1,-9.896624453E-1,1.999734572E0
3.552281440E2,-1.105951724E0,-7.532359815E-1,-5.912325861E-1,1.462890847E0
3.552381320E2,-4.479698092E-1,-9.981530410E-1,-2.157903242E-1,1.115146586E0
3.552481210E2,1.048046163E-1,-1.150258416E0,-6.014899179E-2,1.156588229E0
3.552581100E2,4.224341413E-1,-1.161992024E0,9.461014196E-2,1.240010946E0
3.552680990E2,6.406867281E-1,-9.350551522E-1,1.758772302E-1,1.147057288E0
3.552780870E2,8.668327636E-1,-6.317226541E-1,1.549681717E-1,1.083737831E0
3.552880760E2,1.186048638E0,-4.776245481E-1,-1.271316245E-2,1.278670484E0
3.552980650E2,1.552092524E0,-5.790374869E-1,-4.280992162E-1,1.711006883E0
3.553080530E2,1.769310446E0,-8.599663782E-1,-8.633840758E-1,2.148356043E0
3.553180420E2,1.756151580E0,-1.007406844E0,-1.073726695E0,2.291686265E0
3.553280310E2,1.732037370E0,-1.058945957E0,-9.858925992E-1,2.256834998E0
3.553380190E2,1.925073839E0,-1.021860577E0,-9.757127430E-1,2.387911992E0
3.553480080E2,2.048847408E0,-9.609893078E-1,-8.822308213E-1,2.428910738E0
3.553579970E2,2.057003689E0,-9.725667948E-1,-8.782915521E-1,2.438964206E0
3.553679860E2,1.944632191E0,-8.474667853E-1,-1.166800774E0,2.420995323E0
3.553779740E2,1.504551737E0,-5.296682757E-1,-1.434495077E0,2.145227386E0
3.553879630E2,8.371619448E-1,6.877495050E-3,-1.591224138E0,1.798021601E0
3.553979520E2,4.074234617E-1,4.352959692E-1,-1.551571537E0,1.662182509E0
3.554079400E2,2.925443852E-1,5.200402504E-1,-1.283713219E0,1.415607187E0
3.554179290E2,3.756172398E-1,4.135495895E-1,-8.717030556E-1,1.035363603E0
3.554279180E2,3.445579997E-1,2.000092739E-1,-3.261448252E-1,5.148731609E-1
3.554379070E2,2.077454326E-1,-9.463660061E-2,2.530686629E-1,3.408195990E-1
3.554478950E2,1.576789409E-1,-3.267932814E-1,6.675257403E-1,7.597678008E-1
3.554578840E2,1.166154072E-1,-4.310725254E-1,7.557716265E-1,8.778459015E-1
3.554678730E2,-6.461845726E-2,-4.328448164E-1,5.461910453E-1,6.998963053E-1
3.554778610E2,-1.880008471E-1,-4.001419240E-1,1.489396924E-1,4.665199994E-1
3.554878500E2,-2.495530245E-1,-4.043665373E-1,-3.257416597E-1,5.761047104E-1
3.554978390E2,-4.135378951E-1,-2.856850165E-1,-6.971886653E-1,8.594774891E-1
3.555078280E2,-3.031950885E-1,-1.465364867E-1,-9.822293186E-1,1.038351885E0
3.555178160E2,2.275014201E-1,-2.095028132E-1,-1.118166119E0,1.160148178E0
3.555278050E2,1.114794761E0,-5.239152002E-1,-1.239298062E0,1.747316280E0
3.555377940E2,2.029454532E0,-8.974821138E-1,-1.405144101E0,2.626516664E0
3.555477820E2,2.723815484E0,-1.295325497E0,-1.480881185E0,3.360066669E0
3.555577710E2,3.037487321E0,-1.514584975E0,-1.463124361E0,3.696083030E0
3.555677600E2,3.098416478E0,-1.577551301E0,-1.468905357E0,3.774458335E0
3.555777480E2,3.018038605E0,-1.591716766E0,-1.555381583E0,3.749844150E0
3.555877370E2,2.852873474E0,-1.689579275E0,-1.849652359E0,3.796680001E0
3.555977260E2,2.565719929E0,-1.869775844E0,-2.113148800E0,3.813709259E0
3.556077150E2,2.149867706E0,-1.984289469E0,-2.161077842E0,3.637250787E0
3.556177030E2,1.781138779E0,-2.090669033E0,-2.085020038E0,3.448283763E0
3.556276920E2,1.335128664E0,-1.888959973E0,-2.088792077E0,3.116695473E0
3.556376810E2,1.005120583E0,-1.279536846E0,-2.208148366E0,2.742881903E0
3.556476690E2,9.828877151E-1,-6.997082305E-1,-2.226780519E0,2.532629335E0
3.556576580E2,8.964167511E-1,-3.914968157E-1,-1.874111262E0,2.114030693E0
3.556676470E2,6.649360085E-1,-6.644308090E-2,-1.045042010E0,1.240430320E0
3.556776360E2,3.277259123E-1,3.567520756E-1,-2.487535639E-1,5.445683176E-1
3.556876240E2,-1.190028253E-1,9.322163290E-1,3.232229716E-1,9.938118765E-1
3.556976130E2,-5.845739231E-1,1.338690203E0,9.297768706E-1,1.731560903E0
3.557076020E2,-9.080442318E-1,1.517340767E0,1.368617422E0,2.236063724E0
3.557175900E2,-1.031891183E0,1.110161135E0,1.458684277E0,2.103572433E0
3.557275790E2,-8.309326136E-1,4.773216623E-1,1.437726833E0,1.727814638E0
3.557375680E2,-5.411311573E-1,-1.704094988E-1,1.379963359E0,1.492032573E0
3.557475570E2,-1.463037676E-1,-5.688498831E-1,1.153762652E0,1.294667231E0
3.557575450E2,3.205566412E-1,-7.676534611E-1,8.018497324E-1,1.155426930E0
3.557675340E2,6.591811788E-1,-8.574684477E-1,3.803454445E-1,1.146487951E0
3.557775230E2,9.078907424E-1,-9.489785421E-1,-7.049403191E-2,1.315216819E0
3.557875110E2,8.996072844E-1,-1.004481483E0,-3.964073074E-1,1.405494599E0
3.557975000E2,9.717019916E-1,-1.059961034E0,-5.146900481E-1,1.527294340E0
3.558074890E2,1.046581728E0,-1.160785158E0,-2.461191009E-1,1.582191552E0
3.558174780E2,9.432131875E-1,-1.261286516E0,1.738166714E-1,1.584521072E0
3.558274660E2,7.287387791E-1,-1.196532696E0,4.779699723E-1,1.480272271E0
3.558374550E2,2.777743185E-1,-8.219664931E-1,7.614286615E-1,1.154366101E0
3.558474440E2,-4.422927475E-1,-1.600458938E-1,1.289671825E0,1.372767634E0
3.558574320E2,-7.288019291E-1,2.770656359E-1,1.707591623E0,1.877175210E0
3.558674210E2,-7.924053097E-1,5.191707695E-1,1.857520080E0,2.085143954E0
3.558774100E2,-4.636722144E-1,5.913347661E-1,1.842696218E0,1.990024644E0
3.558873980E2,-3.800310105E-2,7.053110325E-1,1.561727420E0,1.714030461E0
3.558973870E2,2.901151595E-1,6.924723011E-1,1.315480119E0,1.514652646E0
3.559073760E2,4.915233797E-1,4.695197225E-1,1.320070914E0,1.484800061E0
3.559173650E2,7.786968049E-1,1.710333967E-1,1.195827083E0,1.437227731E0
3.559273530E2,6.893697685E-1,2.071668506E-2,1.160174855E0,1.349690910E0
3.559373420E2,4.914920971E-1,1.395145655E-3,1.135062087E0,1.236904349E0
3.559473310E2,2.950665817E-1,-1.368786407E-1,1.043725655E0,1.093235241E0
3.559573190E2,3.803555310E-2,-2.222076434E-1,9.583808649E-1,9.845388881E-1
3.559673080E2,-1.071812171E-1,-1.924026310E-1,8.733149868E-1,9.006584547E-1
3.559772970E2,-1.815291488E-1,-9.273450136E-2,8.315266907E-1,8.561478593E-1
3.559872860E2,-4.843049920E-1,1.526175910E-1,1.008914257E0,1.129491670E0
3.559972740E2,-6.246428454E-1,1.693429667E-1,1.114062835E0,1.288406662E0
3.560072630E2,-6.454001686E-1,3.626092315E-2,1.142909635E0,1.313049377E0
3.560172520E2,-5.972167727E-1,9.465121865E-2,1.141906545E0,1.292121235E0
3.560272400E2,-6.209140760E-1,1.567679447E-1,1.159143260E0,1.324282287E0
3.560372290E2,-7.086579788E-1,1.329446340E-1,1.225946237E0,1.422256863E0
3.560472180E2,-7.519963717E-1,1.824424839E-1,1.160524372E0,1.394847885E0
3.560572070E2,-8.487984887E-1,2.507385474E-1,1.174149847E0,1.470359329E0
3.560671950E2,-8.830260426E-1,1.003733039E-1,1.230576355E0,1.517935426E0
3.560771840E2,-7.378855786E-1,-1.026811999E-1,1.125783433E0,1.349965516E0
3.560871730E2,-6.182480380E-1,-1.400004691E-1,1.021412680E0,1.202129207E0
3.560971613E2,-6.487219718E-1,4.794658363E-2,9.702641612E-1,1.168140237E0
3.561071503E2,-8.929531530E-1,1.540630227E-1,1.096804925E0,1.422702285E0
3.561171393E2,-1.180179203E0,1.666684502E-1,1.164722089E0,1.666486984E0
3.561271283E2,-1.264472956E0,4.667750394E-1,7.975564143E-1,1.566163155E0
3.561371163E2,-8.280663085E-1,8.556487942E-1,-1.037769681E-1,1.195239863E0
3.561471053E2,-2.541410422E-1,7.017763907E-1,-1.065069746E0,1.300558087E0
3.561570943E2,1.376840946E-1,6.278336710E-1,-1.506741227E0,1.638109018E0
3.561670823E2,6.406501830E-1,6.447379714E-1,-1.626097224E0,1.862877315E0
3.561770713E2,7.616925171E-1,6.714375275E-1,-1.492814329E0,1.805408116E0
3.561870603E2,6.294141734E-1,8.116385561E-1,-1.228193907E0,1.601055783E0
3.561970493E2,6.496160111E-1,9.202704674E-1,-1.219357595E0,1.660039650E0
3.562070373E2,5.578597489E-1,7.769826937E-1,-8.220656034E-1,1.261230138E0
3.562170263E2,2.409909466E-1,5.551475179E-1,-3.146152854E-2,6.060158668E-1
3.562270153E2,1.497312592E-1,6.481293565E-1,3.267082044E-1,7.411001036E-1
3.562370033E2,2.188168430E-1,8.684062493E-1,5.364574778E-1,1.043933355E0
3.562469923E2,2.276141252E-1,1.042348051E0,5.182545108E-1,1.186121995E0
3.562569813E2,3.303767475E-1,1.030609181E0,3.297455406E-1,1.131386848E0
3.562669703E2,4.822086190E-1,8.667415470E-1,3.631085837E-1,1.056226257E0
3.562769583E2,7.269549398E-1,8.588869822E-1,5.890113750E-1,1.270072727E0
3.562869473E2,1.161190955E0,9.529371071E-1,1.030968200E0,1.821908064E0
3.562969363E2,1.361110913E0,9.596935648E-1,1.337708455E0,2.136141046E0
3.563069243E2,1.157362052E0,1.044323241E0,1.384284452E0,2.084788093E0
3.563169133E2,9.284339114E-1,1.194938745E0,1.694097126E0,2.271526624E0
3.563269023E2,9.399124342E-1,1.534784181E0,1.777630449E0,2.529618129E0
3.563368913E2,1.124227197E0,1.869576454E0,1.624981868E0,2.720251638E0
3.563468793E2,1.215366285E0,2.027124417E0,1.570907695E0,2.837974558E0
3.563568683E2,1.288900431E0,2.096839015E0,1.660507796E0,2.969054448E0
3.563668573E2,1.442134026E0,2.238476120E0,1.452573352E0,3.033231813E0
3.563768453E2,1.578928028E0,2.018207998E0,1.359966905E0,2.900980390E0
3.563868343E2,2.073309381E0,1.321144463E0,1.218035247E0,2.743655288E0
3.563968233E2,2.527708350E0,8.768543065E-2,1.370776068E0,2.876808173E0
3.564068123E2,2.267985994E0,-1.500518328E0,1.675043097E0,3.193913759E0
3.564168003E2,1.234262878E0,-3.192323053E0,1.428967119E0,3.708945721E0
3.564267893E2,-3.328542128E-2,-4.919256681E0,8.124016178E-1,4.985999459E0
3.564367783E2,-1.815952662E0,-6.770476971E0,1.514320680E-1,7.011417414E0
3.564467663E2,-3.224339775E0,-6.834407503E0,-5.705406055E-1,7.578324979E0
3.564567553E2,-3.236695819E0,-4.589052719E0,-1.193161776E0,5.741013822E0
3.564667443E2,-2.508790560E0,-1.720688801E0,-1.638461162E0,3.455337177E0
3.564767333E2,-1.898723508E0,1.009138205E0,-2.192130211E0,3.070658845E0
3.564867213E2,-1.336934723E0,3.140187525E0,-1.841207079E0,3.877913827E0
3.564967103E2,-7.001520342E-1,4.428640205E0,-3.755596447E-1,4.499345728E0
3.565066993E2,-1.023941601E0,4.848844510E0,9.239527515E-1,5.041174285E0
3.565166873E2,-2.042670701E0,4.493956527E0,5.238117045E-1,4.964124048E0
3.565266763E2,-2.877424763E0,3.288429644E0,-7.690331116E-1,4.436750468E0
3.565366653E2,-3.456120772E0,1.150430909E0,-1.255051045E0,3.852715302E0
3.565466533E2,-3.402686284E0,-1.189993170E0,-1.341933069E0,3.846445379E0
3.565566423E2,-2.594388827E0,-2.620264218E0,-1.777446262E0,4.093403618E0
3.565666313E2,-1.825334666E0,-2.831822328E0,-1.556746908E0,3.711404758E0
3.565766203E2,-1.039496364E0,-1.904335227E0,-1.040859935E-1,2.172067964E0
3.565866083E2,-5.497946844E-1,-5.951301938E-1,8.880474852E-1,1.202115834E0
3.565965973E2,-5.736600950E-1,5.867797852E-1,9.551472084E-1,1.259246843E0
3.566065863E2,-4.529820424E-1,1.611754589E0,4.529314640E-1,1.734385337E0
3.566165753E2,-2.028171068E-1,1.612620562E0,1.705217654E-1,1.634245247E0
3.566265633E2,4.177543223E-2,1.095944214E0,-4.241219401E-1,1.175890440E0
3.566365523E2,2.309021607E-1,2.564898688E-1,-9.860278161E-1,1.044678761E0
3.566465413E2,3.205133718E-1,-3.566842479E-1,-1.102811769E0,1.202558220E0
3.566565293E2,3.196286881E-1,-6.731694728E-1,-1.006996955E0,1.252741994E0
3.566665183E2,1.300964552E-1,-7.950412345E-1,-8.167548698E-1,1.147215834E0
3.566765073E2,-1.986237761E-1,-7.161207801E-1,-7.104352400E-1,1.028104375E0
3.566864953E2,-4.871756825E-1,-4.070854926E-1,-7.932287438E-1,1.016007177E0
3.566964843E2,-6.609727657E-1,-5.911067247E-2,-7.908062424E-1,1.032353419E0
3.567064733E2,-6.936955386E-1,2.011488962E-1,-6.907660836E-1,9.994159099E-1
3.567164623E2,-6.578752032E-1,2.874029285E-1,-6.503857970E-1,9.687114696E-1
3.567264503E2,-5.292922997E-1,2.349686068E-1,-6.537491155E-1,8.733547336E-1
3.567364393E2,-3.248490822E-1,1.522568178E-1,-7.240110129E-1,8.080229029E-1
3.567464283E2,-8.361869216E-2,-6.298737645E-2,-7.847282079E-1,7.916803999E-1
3.567564163E2,5.780089617E-2,-3.063672030E-1,-8.743218774E-1,9.282459544E-1
3.567664053E2,3.912927479E-2,-4.369945854E-1,-9.008898711E-1,1.002046869E0
3.567763943E2,-1.121320546E-1,-4.180466831E-1,-8.701557362E-1,9.718578251E-1
3.567863833E2,-3.213243806E-1,-2.500947690E-1,-8.646827424E-1,9.557578124E-1
3.567963713E2,-4.921750519E-1,-1.251918107E-1,-7.383523326E-1,8.961436482E-1
3.568063603E2,-5.079256967E-1,-1.075115848E-1,-6.557683052E-1,8.364085869E-1
3.568163493E2,-3.461820638E-1,-1.134307212E-1,-7.368012124E-1,8.219395212E-1
3.568263373E2,-3.361271918E-2,-6.889189482E-2,-9.685573590E-1,9.715859538E-1
3.568363263E2,1.439131334E-1,-1.790879363E-1,-8.382941119E-1,8.692068206E-1
3.568463153E2,1.847895563E-1,-1.188516748E-1,-7.450071949E-1,7.767294388E-1
3.568563043E2,2.555165997E-1,-1.355600935E-1,-7.633738840E-1,8.163363023E-1
3.568662923E2,2.084508991E-1,-2.137858987E-1,-7.613421227E-1,8.178007188E-1
3.568762813E2,5.830521852E-2,-3.630319852E-1,-6.916582225E-1,7.833152734E-1
3.568862703E2,-2.585609525E-2,-4.696144474E-1,-7.190579827E-1,8.592151356E-1
3.568962583E2,5.078219086E-2,-4.631158519E-1,-6.990065646E-1,8.400388685E-1
3.569062473E2,1.967216769E-1,-4.004196668E-1,-7.249467136E-1,8.512244506E-1
3.569162363E2,3.423117918E-1,-3.840223199E-1,-8.650856155E-1,1.006490749E0
3.569262253E2,5.183737940E-1,-5.061051661E-1,-1.171379436E0,1.377310282E0
3.569362133E2,7.710907468E-1,-7.725107431E-1,-1.464168381E0,1.826237344E0
3.569462023E2,9.951920110E-1,-1.105370511E0,-1.800757649E0,2.335589693E0
3.569561913E2,1.067578202E0,-1.374220224E0,-2.197739153E0,2.803259143E0
3.569661793E2,1.058460054E0,-1.407805461E0,-2.438807575E0,3.008327823E0
3.569761683E2,1.003302391E0,-1.304326116E0,-2.516992450E0,3.007180290E0
3.569861573E2,9.863966292E-1,-1.151093983E0,-2.305348971E0,2.759099408E0
3.569961463E2,1.177557312E0,-8.938872457E-1,-2.064389015E0,2.539168689E0
3.570061343E2,1.313223825E0,-6.960338402E-1,-1.892530868E0,2.406385881E0
3.570161233E2,1.118657139E0,-7.116593546E-1,-1.737419440E0,2.185515761E0
3.570261123E2,7.803191149E-1,-8.208385652E-1,-1.521072460E0,1.896400617E0
3.570361003E2,6.869174463E-1,-7.539686376E-1,-1.165626068E0,1.548873273E0
3.570460893E2,8.250070453E-1,-5.957114071E-1,-7.813331683E-1,1.282961506E0
3.570560783E2,1.031915157E0,-5.020343345E-1,-5.518242529E-1,1.273341026E0
3.570660673E2,1.130673752E0,-3.172997421E-1,-4.273174435E-1,1.249680942E0
3.570760553E2,1.206577335E0,-2.264796191E-1,-3.620112075E-1,1.279911715E0
3.570860443E2,1.503414746E0,-1.776922059E-1,-2.995301999E-1,1.543226736E0
3.570960340E2,1.890348980E0,-5.376631737E-2,-3.951279366E-1,1.931951389E0
3.571060220E2,2.114933516E0,5.042638779E-3,-5.962886734E-1,2.197391496E0
3.571160110E2,2.071076183E0,-4.686426401E-2,-8.156962314E-1,2.226412620E0
3.571260000E2,1.766158797E0,-1.240568662E-1,-8.965027052E-1,1.984546322E0
3.571359890E2,1.254930300E0,-4.024205840E-1,-6.494135512E-1,1.469193774E0
3.571459770E2,5.682233539E-1,-6.807498032E-1,-2.835256398E-1,9.309591091E-1
3.571559660E2,-2.304074863E-1,-8.185435331E-1,3.216975792E-1,9.091702028E-1
3.571659550E2,-1.281039580E0,-8.211145538E-1,1.182485930E0,1.927061102E0
3.571759430E2,-2.247480539E0,-8.445741677E-1,2.014887218E0,3.134365135E0
3.571859320E2,-2.725597715E0,-8.536712658E-1,2.570436001E0,3.842496424E0
3.571959210E2,-2.898885798E0,-8.974745125E-1,2.985356762E0,4.256918413E0
3.572059100E2,-2.809334521E0,-8.945918351E-1,3.238020213E0,4.379204255E0
3.572158980E2,-2.399247068E0,-6.835851181E-1,3.144048149E0,4.013566228E0
3.572258870E2,-1.873612202E0,-4.197721964E-1,2.828756048E0,3.418843687E0
3.572358760E2,-1.148934022E0,-1.114420831E-1,2.316353431E0,2.588042106E0
3.572458640E2,-4.145184731E-1,-1.389766216E-2,1.726153024E0,1.775281097E0
3.572558530E2,1.985381144E-1,-1.525509328E-1,1.225537809E0,1.250852546E0
3.572658420E2,7.529021055E-1,-1.930627817E-1,9.737333143E-1,1.245909862E0
3.572758310E2,1.170289223E0,-9.662231505E-2,9.379805142E-1,1.502903916E0
3.572858190E2,1.327971379E0,8.376077950E-2,1.036634737E0,1.686752925E0
3.572958080E2,1.215686713E0,2.469782031E-1,1.218052788E0,1.738546810E0
3.573057970E2,8.136093602E-1,3.217576593E-1,1.392743911E0,1.644756451E0
3.573157850E2,3.480490798E-1,5.260476798E-1,1.623329737E0,1.741569338E0
3.573257740E2,-4.983064422E-1,7.745180923E-1,1.336615903E0,1.623185035E0
3.573357630E2,-1.100250396E0,1.070428720E0,6.204074147E-1,1.655679298E0
3.573457520E2,-1.288728376E0,1.345869999E0,6.119228125E-2,1.864384986E0
3.573557400E2,-1.331237634E0,1.688926141E0,-5.319902050E-1,2.215328131E0
3.573657290E2,-1.080809574E0,2.031539065E0,-9.958945540E-1,2.507410271E0
3.573757180E2,-5.744339740E-1,2.084401402E0,-1.283284911E0,2.514264059E0
3.573857060E2,9.349610120E-2,1.924182431E0,-1.207087797E0,2.273385251E0
3.573956950E2,7.864215615E-1,1.506098326E0,-7.561806393E-1,1.859731217E0
3.574056840E2,1.225151601E0,1.146437845E0,-9.899686933E-2,1.680808305E0
3.574156730E2,1.320668207E0,7.954797757E-1,4.539500490E-1,1.607178656E0
3.574256610E2,1.243689321E0,5.997366303E-1,7.904687119E-1,1.591002180E0
3.574356500E2,1.197280555E0,6.100821090E-1,7.828562218E-1,1.555167120E0
3.574456390E2,1.018155196E0,7.610700810E-1,7.932905781E-1,1.498391676E0
3.574556270E2,8.734535658E-1,1.025348441E0,5.779209611E-1,1.465692053E0
3.574656160E2,7.795490366E-1,1.272150643E0,3.324311668E-1,1.528585764E0
3.574756050E2,8.429536119E-1,1.455095403E0,1.369081691E-1,1.687192126E0
3.574855940E2,8.732296175E-1,1.462423133E0,1.000280258E-1,1.706228880E0
3.574955820E2,8.685164693E-1,1.388255296E0,1.489288750E-1,1.644309409E0
3.575055710E2,1.018100232E0,1.387710335E0,5.531170723E-1,1.807818175E0
3.575155600E2,1.206108681E0,1.291272792E0,8.234993407E-1,1.949419077E0
3.575255480E2,1.365089797E0,1.028704158E0,1.012072923E0,1.986452617E0
3.575355370E2,1.451535325E0,7.561876559E-1,1.152803709E0,2.001931808E0
3.575455260E2,1.558198479E0,6.288388073E-1,1.156368756E0,2.039757203E0
3.575555150E2,1.744362716E0,6.137927520E-1,8.832008743E-1,2.049289294E0
3.575655030E2,1.947815123E0,5.787117970E-1,4.968762133E-1,2.091835813E0
3.575754920E2,2.183080476E0,6.549074489E-1,2.107728285E-1,2.288923178E0
3.575854810E2,2.227041597E0,5.966387755E-1,1.765537530E-1,2.312328552E0
3.575954690E2,2.122430524E0,2.526043940E-1,6.692348814E-1,2.239731152E0
3.576054580E2,2.139697059E0,4.127549529E-3,8.617221509E-1,2.306704491E0
3.576154470E2,1.875601425E0,-3.722150373E-1,8.809029186E-1,2.105330067E0
3.576254360E2,1.159190915E0,-8.161216164E-1,1.268552851E0,1.902368105E0
3.576354240E2,-1.212890866E-1,-1.872202438E0,2.518378240E0,3.140395193E0
3.576454130E2,-7.175682583E-1,-2.298308923E0,3.057167587E0,3.891452398E0
3.576554020E2,-1.370043558E0,-2.350370193E0,2.525079149E0,3.711776408E0
3.576653900E2,-2.028508160E0,-2.540245072E0,7.385290647E-1,3.333633988E0
3.576753790E2,-2.438620172E0,-2.402921458E0,8.807865590E-1,3.535065041E0
3.576853680E2,-2.740228911E0,-1.892806857E0,1.966582931E0,3.867689323E0
3.576953570E2,-2.413267229E0,-1.482704785E0,1.922131666E0,3.422990264E0
3.577053450E2,-1.723156619E0,-9.216895866E-1,1.981823698E0,2.783236533E0
3.577153340E2,-1.201158136E0,2.374413943E-1,1.846127803E0,2.215253292E0
3.577253230E2,-7.034387541E-1,1.488433303E0,5.152396864E-1,1.725030931E0
3.577353120E2,-3.525610837E-1,2.163970898E0,-4.954623565E-1,2.247788315E0
3.577453000E2,-1.022628316E-1,2.398406239E0,-8.003002203E-1,2.530472409E0
3.577552890E2,-2.267906910E-1,2.165647295E0,-1.485754693E0,2.636082174E0
3.577652780E2,-5.862047115E-1,1.389518879E0,-2.163598138E0,2.637338731E0
3.577752660E2,-1.154580678E0,3.991613460E-1,-2.429119323E0,2.719008461E0
3.577852550E2,-1.560494681E0,-4.750219524E-1,-2.002053895E0,2.582442507E0
3.577952440E2,-1.526481135E0,-1.147216694E0,-1.114069998E0,2.210747104E0
3.578052330E2,-1.167176165E0,-1.454163941E0,-5.019951582E-1,1.931033948E0
3.578152210E2,-6.658800414E-1,-1.284647312E0,-1.746481454E-1,1.457469355E0
3.578252100E2,-2.199620202E-1,-7.545966285E-1,2.786630952E-1,8.339379370E-1
3.578351990E2,2.158324242E-2,-1.717379862E-1,9.196785830E-1,9.358250201E-1
3.578451870E2,1.616190872E-1,2.746267623E-1,1.230340420E0,1.270935929E0
3.578551760E2,3.025086254E-1,5.480630314E-1,9.910919434E-1,1.172240502E0
3.578651650E2,5.127426329E-1,7.047976470E-1,5.928556269E-1,1.054097968E0
3.578751540E2,7.737556154E-1,3.366657203E-1,2.916344123E-1,8.928001960E-1
3.578851420E2,6.203834412E-1,-5.513515055E-2,3.143485062E-1,6.976607214E-1
3.578951310E2,4.896262506E-1,-3.368154091E-1,3.811551377E-2,5.955092589E-1
3.579051200E2,4.359844789E-1,-8.637202907E-1,-1.747855550E-1,9.831811616E-1
3.579151080E2,3.352504018E-1,-8.149895954E-1,-2.629644907E-1,9.196473215E-1
3.579250970E2,2.266088426E-1,-5.753309369E-1,-3.479705809E-1,7.095356085E-1
3.579350860E2,1.647549489E-1,-2.493656212E-1,-4.367175736E-1,5.291971705E-1
3.579450750E2,1.200339818E-1,9.628376126E-2,-5.012630868E-1,5.243504569E-1
3.579550630E2,9.447170913E-2,3.788761854E-1,-4.562174530E-1,6.005051475E-1
3.579650520E2,6.764906913E-2,5.304032707E-1,-3.327621192E-1,6.297893728E-1
3.579750410E2,7.700724542E-2,4.989031506E-1,-2.382412934E-1,5.582055028E-1
3.579850290E2,1.591346052E-1,2.834841245E-1,-1.386197953E-1,3.534155049E-1
3.579950180E2,2.575321350E-1,-1.254695535E-2,-4.383379832E-2,2.615370499E-1
3.580050070E2,3.355032939E-1,-2.353521842E-1,-5.085001856E-2,4.129634792E-1
3.580149960E2,4.469310513E-1,-3.168150079E-1,-1.402295338E-1,5.654939752E-1
3.580249840E2,4.603457335E-1,-2.377448648E-1,-3.401933455E-1,6.198163659E-1
3.580349730E2,4.341487455E-1,-1.124957514E-1,-5.253312497E-1,6.907339207E-1
3.580449620E2,2.459350598E-1,1.541676879E-2,-5.756683213E-1,6.261914615E-1
3.580549500E2,-4.238471210E-2,8.485654771E-2,-6.124174869E-1,6.197195138E-1
3.580649390E2,-3.164741153E-1,6.049003065E-2,-6.645582783E-1,7.385476388E-1
3.580749280E2,-6.395064676E-1,1.422042847E-3,-6.956514323E-1,9.449346324E-1
3.580849170E2,-9.796077195E-1,-6.098645926E-2,-6.069713902E-1,1.154021187E0
3.580949050E2,-1.205428357E0,-8.495478094E-2,-5.628576565E-1,1.333072984E0
3.581048935E2,-1.354603400E0,-4.993171334E-2,-5.837433261E-1,1.475872562E0
3.581148825E2,-1.472405792E0,2.599379718E-2,-6.264094354E-1,1.600325990E0
3.581248705E2,-1.532219008E0,7.541738749E-2,-6.440187639E-1,1.663773734E0
3.581348595E2,-1.469305891E0,6.425271392E-2,-7.104712003E-1,1.633327138E0
3.581448485E2,-1.288282526E0,1.265425175E-1,-8.806526577E-1,1.565641715E0
3.581548375E2,-8.759348318E-1,1.011492294E-1,-1.021331550E0,1.349300238E0
3.581648255E2,-3.546122870E-1,-9.892611802E-2,-1.172472719E0,1.228913556E0
3.581748145E2,9.528681099E-2,-2.015190250E-1,-1.268370418E0,1.287809385E0
3.581848035E2,3.616216367E-1,-2.079135400E-1,-1.138941276E0,1.212924350E0
3.581947915E2,4.089323357E-1,-1.491291422E-1,-8.543581675E-1,9.588498499E-1
3.582047805E2,4.208261570E-1,-9.138964176E-2,-5.288408947E-1,6.819966371E-1
3.582147695E2,4.443764028E-1,-1.097814739E-1,-2.645075709E-1,5.286649359E-1
3.582247585E2,4.988382465E-1,-2.406187713E-1,-1.141359685E-1,5.654767975E-1
3.582347465E2,5.458706179E-1,-3.267739856E-1,-1.403647506E-1,6.515045912E-1
3.582447355E2,5.911725059E-1,-3.338222194E-1,-1.960015923E-1,7.066391088E-1
3.582547245E2,6.686177078E-1,-2.959843022E-1,-2.360694914E-1,7.683652459E-1
3.582647125E2,7.466678041E-1,-2.690303922E-1,-3.074197018E-1,8.511151712E-1
3.582747015E2,8.383430824E-1,-2.679814017E-1,-3.765940171E-1,9.573171936E-1
3.582846905E2,7.497273597E-1,-2.487130719E-1,-4.387458996E-1,9.035747177E-1
3.582946795E2,5.750359449E-1,-2.014816028E-1,-4.333378098E-1,7.476916688E-1
3.583046675E2,4.781098670E-1,-1.057930881E-1,-4.486931828E-1,6.641587120E-1
3.583146565E2,5.335479033E-1,-3.653691173E-2,-4.592870951E-1,7.049488965E-1
3.583246455E2,5.490216824E-1,-1.019801188E-1,-5.622426756E-1,7.924276488E-1
3.583346345E2,6.071856907E-1,-1.944316149E-1,-6.675109760E-1,9.230650134E-1
3.583446225E2,7.313580394E-1,-2.927513766E-1,-7.285583925E-1,1.073026226E0
3.583546115E2,7.964913440E-1,-2.759897482E-1,-7.325988185E-1,1.116812353E0
3.583646005E2,8.439593330E-1,-2.697203636E-1,-6.808142687E-1,1.117373930E0
3.583745885E2,8.809233838E-1,-4.046998286E-1,-8.366856891E-1,1.280566633E0
3.583845775E2,8.026475850E-1,-5.517210495E-1,-1.054672958E0,1.435609387E0
3.583945665E2,5.867116651E-1,-6.067047572E-1,-1.202102461E0,1.468799363E0
3.584045555E2,3.434031746E-1,-6.516002637E-1,-1.368322138E0,1.553967219E0
3.584145435E2,8.065824687E-2,-6.068912834E-1,-1.517056447E0,1.635934915E0
3.584245325E2,-9.063418150E-2,-4.462349403E-1,-1.553484746E0,1.618843734E0
3.584345215E2,-8.344561458E-2,-2.739432228E-1,-1.412015457E0,1.440762197E0
3.584445095E2,2.071335214E-1,-2.137695265E-1,-1.262108635E0,1.296734326E0
3.584544985E2,5.340007702E-1,-2.156839049E-1,-1.124055946E0,1.263003618E0
3.584644875E2,6.929134735E-1,-2.566606075E-1,-9.605391452E-1,1.211874250E0
3.584744765E2,6.590361679E-1,-3.773529857E-1,-8.375008640E-1,1.130544844E0
3.584844645E2,5.543014258E-1,-4.696951389E-1,-7.988050872E-1,1.079793111E0
3.584944535E2,4.540561759E-1,-4.146687466E-1,-7.854781133E-1,9.975435062E-1
3.585044425E2,1.603788927E-1,-2.325513679E-1,-6.551050848E-1,7.134172692E-1
3.585144305E2,-7.653420568E-2,-6.154369891E-2,-4.278840387E-1,4.390100934E-1
3.585244195E2,-1.127536136E-1,1.052440345E-2,-2.509498512E-1,2.753179403E-1
3.585344085E2,-2.363093734E-2,-1.720367789E-2,-1.147678332E-1,1.184315974E-1
3.585443975E2,1.853216529E-2,-2.107330674E-1,1.907887995E-2,2.124049682E-1
3.585543855E2,-2.064002806E-1,-3.672688776E-1,2.665679835E-1,4.985438738E-1
3.585643745E2,-7.287110049E-1,-5.445663965E-1,6.104322110E-1,1.095536295E0
3.585743635E2,-1.368563043E0,-7.390494668E-1,1.054795165E0,1.879295548E0
3.585843525E2,-1.850292336E0,-9.721995896E-1,1.471345984E0,2.556093265E0
3.585943405E2,-2.093013182E0,-1.276945360E0,1.453594422E0,2.850303558E0
3.586043295E2,-2.335772326E0,-1.227014816E0,1.131713387E0,2.870918478E0
3.586143185E2,-2.536860119E0,-1.136670071E0,1.046933145E0,2.970479275E0
3.586243065E2,-2.607649143E0,-8.900280833E-1,1.058132610E0,2.951546825E0
3.586342955E2,-2.522943453E0,-6.026397729E-1,1.311707788E0,2.906715618E0
3.586442845E2,-2.068112521E0,-2.863802505E-1,1.591619117E0,2.625329401E0
3.586542735E2,-1.053808886E0,-2.052372694E-1,1.535164981E0,1.873330463E0
3.586642615E2,1.516756046E-1,-7.207278013E-3,1.164600466E0,1.174458037E0
3.586742505E2,1.188784843E0,4.072971618E-1,7.615004361E-1,1.469347915E0
3.586842395E2,1.829435318E0,8.421762246E-1,5.136208847E-1,2.078437103E0
3.586942275E2,2.277530258E0,1.104359527E0,5.914277369E-1,2.599334686E0
3.587042165E2,2.581051621E0,1.130845075E0,6.769602227E-1,2.898087852E0
3.587142055E2,2.941317288E0,8.699855822E-1,6.312794352E-1,3.131570856E0
3.587241945E2,2.936863172E0,5.127821016E-1,4.359105116E-1,3.012993320E0
3.587341825E2,2.658365260E0,5.189246017E-1,3.601324971E-1,2.732376990E0
3.587441715E2,1.979324598E0,8.086991608E-1,1.475182343E-1,2.143240963E0
3.587541605E2,9.347525588E-1,9.521524107E-1,-8.578625500E-2,1.337054913E0
3.587641485E2,4.783899486E-1,9.929455107E-1,2.251286200E-1,1.124935832E0
3.587741375E2,2.721878886E-4,9.740455556E-1,6.897521764E-1,1.193533780E0
3.587841265E2,-4.201192287E-1,6.955806810E-1,1.085851336E0,1.356246944E0
3.587941155E2,-6.702806559E-1,1.725431478E-1,1.391683518E0,1.554294152E0
3.588041035E2,-7.762187549E-1,-3.672519207E-1,1.485074077E0,1.715469191E0
3.588140925E2,-6.510898018E-1,-7.405861151E-1,1.469838865E0,1.769975144E0
3.588240815E2,-3.138150939E-1,-8.730027455E-1,1.406635433E0,1.685003546E0
3.588340705E2,1.752963093E-1,-7.256967652E-1,1.015181010E0,1.260141688E0
3.588440585E2,6.265695029E-1,-5.513269472E-1,8.508508614E-1,1.191846439E0
3.588540475E2,1.092097624E0,-2.695309138E-1,8.055206144E-1,1.383541685E0
3.588640365E2,1.363900473E0,-2.429868937E-2,4.140933806E-1,1.425583479E0
3.588740245E2,1.472664824E0,9.897055686E-2,1.448410866E-1,1.483076463E0
3.588840135E2,1.393033056E0,2.730497682E-1,1.779667327E-1,1.430653497E0
3.588940025E2,1.301706564E0,1.823220313E-1,2.122700080E-1,1.331442773E0
3.589039915E2,1.071588807E0,1.649218869E-1,7.233356595E-2,1.086615822E0
3.589139795E2,5.615300462E-1,2.095899367E-1,6.544876188E-2,6.029323965E-1
3.589239685E2,1.085067809E-1,2.853131336E-1,1.790370655E-1,3.538807377E-1
3.589339575E2,-2.339014900E-1,5.045234942E-1,2.465077946E-1,6.082926566E-1
3.589439455E2,-5.152364704E-1,9.057606018E-1,3.886772883E-1,1.112178458E0
3.589539345E2,-5.759197515E-1,1.354912133E0,6.612382293E-1,1.613910296E0
3.589639235E2,-5.153516605E-1,1.634304961E0,7.849410465E-1,1.884853439E0
3.589739125E2,-3.454760125E-1,1.646084177E0,1.011280917E0,1.962558505E0
3.589839005E2,-5.648731917E-2,1.626384323E0,1.049218237E0,1.936278826E0
3.589938895E2,6.880228624E-1,1.495205548E0,5.812462726E-1,1.745526373E0
3.590038785E2,1.604409024E0,1.291408448E0,3.828473219E-1,2.094859463E0
3.590138665E2,2.246086271E0,9.435686982E-1,3.338038006E-1,2.458993778E0
3.590238555E2,2.687851892E0,6.485100102E-1,-1.985577026E-1,2.772099960E0
3.590338445E2,3.041968335E0,4.655950713E-1,-3.504908770E-2,3.077592981E0
3.590438335E2,2.580133316E0,2.301066470E-1,2.830303806E-1,2.605790320E0
3.590538215E2,1.954232734E0,-2.958749592E-2,4.847254068E-1,2.013668225E0
3.590638105E2,1.542109865E0,-1.702978170E-1,7.329046279E-1,1.715882681E0
3.590737995E2,1.351651141E0,-2.015774971E-1,9.500396655E-1,1.664382667E0
3.590837885E2,1.174528162E0,-5.295238495E-2,1.064476254E0,1.586010735E0
3.590937765E2,1.087911310E0,1.755749291E-1,1.195076154E0,1.625602838E0
3.591037655E2,9.683728793E-1,4.299469364E-1,1.496672907E0,1.833747581E0
3.591137545E2,5.975029939E-1,7.239519560E-1,1.850611010E0,2.075060811E0
3.591237425E2,1.767408639E-1,1.140879482E0,1.941760916E0,2.259043775E0
3.591337315E2,-1.374070828E-1,1.568054253E0,1.674574589E0,2.298232996E0
3.591437205E2,-3.236846092E-1,1.827010478E0,1.238893142E0,2.231052494E0
3.591537095E2,-4.126947266E-1,1.786835428E0,6.491695762E-1,1.945384004E0
3.591636975E2,-3.652650368E-1,1.745947019E0,5.948080122E-3,1.783755846E0
3.591736865E2,-5.267943692E-1,1.542373867E0,-6.397786555E-1,1.750927235E0
3.591836755E2,-1.254896387E0,9.884864241E-1,-9.163496169E-1,1.841620746E0
3.591936635E2,-2.586175536E0,-6.903719813E-1,2.240945399E-1,2.686100471E0
3.592036525E2,-3.934680290E0,-3.001882163E0,2.272751328E0,5.445953003E0
3.592136415E2,-4.595148734E0,-5.045085838E0,3.110131959E0,7.499413564E0
3.592236305E2,-4.256535890E0,-5.921905062E0,2.725705304E0,7.785661613E0
3.592336185E2,-2.949543736E0,-5.014893156E0,2.284752592E0,6.250524460E0
3.592436075E2,-6.637197876E-1,-2.907877062E0,1.209393062E0,3.218525212E0
3.592535965E2,9.713725010E-1,-7.544960564E-1,-3.862156105E-1,1.289182428E0
3.592635845E2,1.538324963E0,1.109348956E0,-1.824284506E0,2.631560897E0
3.592735735E2,1.241821866E0,2.671678786E0,-2.661692326E0,3.970465353E0
3.592835625E2,4.705337758E-1,3.722988279E0,-2.583898045E0,4.556157687E0
3.592935515E2,-2.391791868E-1,4.180784919E0,-2.023093931E0,4.650707288E0
3.593035395E2,-8.871106151E-1,3.690980621E0,-1.317443175E0,4.018203542E0
3.593135285E2,-1.364197658E0,2.558135798E0,-8.653681822E-1,3.025550545E0
3.593235175E2,-1.296658955E0,9.014009178E-1,-5.060847008E-1,1.658303285E0
3.593335065E2,-8.649882594E-1,-8.499723172E-1,-2.840986669E-1,1.245539916E0
3.593434945E2,-1.535540226E-1,-2.033284459E0,-2.634386998E-1,2.056021516E0
3.593534835E2,6.354634103E-1,-2.663389773E0,-2.958913314E-1,2.754089778E0
3.593634725E2,1.429145752E0,-2.751165251E0,-2.158806637E-1,3.107727832E0
3.593734605E2,1.968660446E0,-2.399287414E0,-1.607384965E-1,3.107738875E0
3.593834495E2,2.026690846E0,-1.598560932E0,-1.864362784E-1,2.587978231E0
3.593934385E2,1.603959958E0,-7.121394110E-1,-3.120658994E-3,1.754947243E0
3.594034275E2,1.037378210E0,-1.976984543E-1,1.179365855E-1,1.062613414E0
3.594134155E2,3.907457408E-1,1.117087162E-1,8.400694728E-2,4.149918535E-1
3.594234045E2,-1.751077366E-1,3.622443652E-1,-1.171805406E-1,4.190644087E-1
3.594333935E2,-4.916162042E-1,5.483548075E-1,-3.433708687E-1,8.125780213E-1
3.594433815E2,-4.789126897E-1,5.192081916E-1,-4.960391843E-1,8.631276748E-1
3.594533705E2,-2.663064668E-1,2.184087074E-1,-7.438207948E-1,8.196894976E-1
3.594633595E2,3.851180881E-2,-1.241556841E-1,-9.350691855E-1,9.440615314E-1
3.594733485E2,2.810598689E-1,-3.735704219E-1,-9.918854105E-1,1.096533710E0
3.594833365E2,2.698902252E-1,-4.145137954E-1,-8.821223554E-1,1.011336873E0
3.594933255E2,1.321368411E-2,-2.859674370E-1,-6.481178083E-1,7.085257016E-1
3.595033145E2,-3.074363664E-1,-5.828679979E-2,-4.398702461E-1,5.398150644E-1
3.595133025E2,-6.109039351E-1,1.892474735E-1,-3.725375113E-1,7.401367586E-1
3.595232915E2,-8.499547756E-1,3.445571226E-1,-3.494398400E-1,9.814534798E-1
3.595332805E2,-9.797664714E-1,3.220073354E-1,-4.460267794E-1,1.123641825E0
3.595432695E2,-1.204226462E0,1.600464785E-1,-8.162175107E-1,1.463552962E0
3.595532575E2,-1.492308837E0,-1.662690854E-1,-1.293116273E0,1.981610650E0
3.595632465E2,-1.839871721E0,-1.845697010E-1,-1.601457204E0,2.446192776E0
3.595732355E2,-2.159739560E0,3.162349641E-1,-1.511295916E0,2.654900161E0
3.595832245E2,-2.382015616E0,8.602107918E-1,-1.050561050E0,2.741831417E0
3.595932125E2,-2.485090626E0,1.017242446E0,-4.082474805E-1,2.716086084E0
3.596032015E2,-2.374325943E0,8.009176862E-1,1.430765431E-1,2.509853326E0
3.596131905E2,-1.837591307E0,2.915667307E-1,3.403697853E-1,1.891455672E0
3.596231785E2,-1.078504017E0,-7.064898312E-2,1.799753974E-1,1.095697648E0
3.596331675E2,-2.877403128E-1,-3.237667626E-1,-2.509581104E-2,4.338769456E-1
3.596431565E2,3.776959249E-1,-4.780584115E-1,-3.734337433E-1,7.145955619E-1
3.596531455E2,8.031127310E-1,-4.339154416E-1,-8.695442636E-1,1.260706110E0
3.596631335E2,9.695724356E-1,-3.714964145E-1,-1.216260032E0,1.599177526E0
3.596731225E2,9.339377493E-1,-4.443842965E-1,-1.427686579E0,1.762953797E0
3.596831115E2,7.415330717E-1,-5.928696603E-1,-1.442273043E0,1.726707057E0
3.596930995E2,4.453338844E-1,-6.561581683E-1,-1.280441995E0,1.506120019E0
3.597030885E2,1.645713463E-1,-5.481823146E-1,-1.097088515E0,1.237412941E0
3.597130775E2,-6.429656804E-2,-3.754900628E-1,-8.920601369E-1,9.699990329E-1
3.597230665E2,-2.842957181E-1,-2.678931087E-1,-6.893633366E-1,7.923462518E-1
3.597330545E2,-4.389726985E-1,-1.259583807E-1,-5.732048893E-1,7.328890699E-1
3.597430435E2,-5.586415216E-1,7.894384325E-2,-3.521789682E-1,6.650883443E-1
3.597530325E2,-6.166827384E-1,2.935846049E-1,-1.520357931E-1,6.997173732E-1
3.597630215E2,-7.061770052E-1,4.437580597E-1,-9.366186976E-2,8.392733310E-1
3.597730095E2,-8.088652217E-1,4.742559671E-1,-1.499859054E-1,9.495669756E-1
3.597829985E2,-9.269345391E-1,4.524142778E-1,-1.681657760E-1,1.045067484E0
3.597929875E2,-1.038855217E0,3.799643523E-1,-1.155270942E-1,1.112177854E0
3.598029755E2,-1.089126653E0,3.186580503E-1,-4.874999106E-2,1.135832902E0
3.598129645E2,-1.011777053E0,3.123032963E-1,1.097731416E-1,1.064554507E0
3.598229535E2,-8.093233511E-1,1.890048140E-1,3.915364306E-1,9.187099013E-1
3.598329425E2,-4.466921926E-1,-5.620636046E-2,5.857803498E-1,7.388042285E-1
3.598429305E2,8.230014503E-2,-3.797333872E-1,4.696390057E-1,6.095338833E-1
3.598529195E2,6.286133972E-1,-6.260485160E-1,2.327852565E-1,9.172134556E-1
3.598629085E2,9.808528841E-1,-8.288784868E-1,-1.040791230E-1,1.288388292E0
3.598728975E2,1.057197055E0,-9.708529758E-1,-4.982156642E-1,1.519355114E0
3.598828855E2,8.957054374E-1,-1.192312176E0,-7.909611936E-1,1.688050996E0
3.598928745E2,6.190692794E-1,-1.398501372E0,-9.219521266E-1,1.785790745E0
3.599028635E2,3.908103526E-1,-1.520283086E0,-9.412052536E-1,1.830262474E0
3.599128515E2,4.381339154E-1,-1.374111466E0,-1.058546154E0,1.789039857E0
3.599228405E2,6.609099081E-1,-8.683530396E-1,-1.144466456E0,1.581341955E0
3.599328295E2,8.433959538E-1,-3.561153138E-1,-1.145427008E0,1.466334846E0
3.599428185E2,9.010003835E-1,-1.120390838E-1,-1.111910768E0,1.435513846E0
3.599528065E2,7.968787220E-1,-1.531268835E-1,-1.040041909E0,1.319147722E0
3.599627955E2,6.968270150E-1,-3.100965571E-1,-9.982717395E-1,1.256293847E0
3.599727845E2,5.865488201E-1,-4.447322059E-1,-9.431662636E-1,1.196406642E0
3.599827725E2,4.151271683E-1,-3.748790288E-1,-8.576925422E-1,1.023963549E0
3.599927615E2,1.497860768E-1,-2.209990239E-1,-4.983419640E-1,5.653504670E-1
3.600027505E2,-1.692692918E-1,-1.801749337E-1,-6.303780869E-2,2.551251951E-1
3.600127395E2,-2.503380132E-1,-2.582832098E-1,2.911517246E-1,4.627619950E-1
3.600227275E2,-1.137493944E-1,-4.903855115E-1,6.310635267E-1,8.072533985E-1
3.600327165E2,-1.819361150E-3,-8.780155635E-1,1.041838905E0,1.362476768E0
3.600427055E2,4.768725961E-2,-1.284363137E0,1.405752504E0,1.904731699E0
3.600526945E2,1.593696633E-1,-1.502127482E0,1.711736130E0,2.282942452E0
3.600626825E2,2.074159420E-1,-1.394437557E0,1.827632475E0,2.308184988E0
3.600726715E2,2.269579214E-1,-9.318327516E-1,1.791771063E0,2.032305518E0
3.600826605E2,2.122656226E-1,-3.179341650E-1,1.637249619E0,1.681286752E0
3.600926485E2,1.887185928E-1,2.585568595E-1,1.390805851E0,1.427167570E0
3.601026372E2,2.282165346E-1,6.517324108E-1,1.118278093E0,1.314299743E0
3.601126262E2,2.400670865E-1,8.592337221E-1,9.117076586E-1,1.275588354E0
3.601226152E2,2.198088232E-1,9.671639675E-1,7.723294795E-1,1.257065982E0
3.601326032E2,2.045016897E-1,1.078932910E0,6.515872537E-1,1.276903722E0
3.601425922E2,2.253768343E-1,1.116798894E0,6.194185044E-1,1.296809072E0
3.601525812E2,1.274634540E-1,9.363783771E-1,6.513377237E-1,1.147733518E0
3.601625692E2,-2.766697794E-2,6.248703021E-1,7.081387460E-1,9.448221207E-1
3.601725582E2,-1.347973242E-1,2.424524581E-1,7.055770808E-1,7.581507305E-1
3.601825472E2,-1.946880153E-1,-6.007020056E-2,6.118608320E-1,6.448918747E-1
3.601925362E2,-3.357111624E-1,-2.413350552E-1,4.210952751E-1,5.901405122E-1
3.602025242E2,-5.888143238E-1,-3.606036365E-1,1.554605073E-1,7.077466072E-1
3.602125132E2,-9.693511185E-1,-3.571923709E-1,-6.509851366E-2,1.035116321E0
3.602225022E2,-1.282539099E0,-7.867019355E-2,-7.097379595E-2,1.286908240E0
3.602324912E2,-1.555469876E0,2.818802333E-1,-1.465581214E-1,1.587583788E0
3.602424792E2,-1.758411236E0,7.714991748E-1,-3.229478601E-1,1.947181649E0
3.602524682E2,-1.899563022E0,1.192498702E0,-2.866603321E-1,2.261098621E0
3.602624572E2,-1.913472379E0,1.297013004E0,-3.249578404E-1,2.334355773E0
3.602724452E2,-1.804172715E0,1.226949912E0,-3.540665956E-1,2.210386488E0
3.602824342E2,-1.579856566E0,1.138452888E0,-3.914349814E-1,1.986263600E0
3.602924232E2,-1.354499320E0,1.059881512E0,-4.494351214E-1,1.777641459E0
3.603024122E2,-1.173632076E0,1.035664684E0,-4.315701234E-1,1.623658325E0
3.603124002E2,-1.136888465E0,1.121997069E0,-3.994385040E-1,1.646494434E0
3.603223892E2,-1.091283399E0,1.219297661E0,-2.876607907E-1,1.661425584E0
3.603323782E2,-1.016239648E0,1.232521139E0,-2.026699032E-1,1.610256647E0
3.603423662E2,-8.755848759E-1,1.155784035E0,-1.291264021E-1,1.455733230E0
3.603523552E2,-7.402466843E-1,1.094330968E0,-9.063535094E-2,1.324288559E0
3.603623442E2,-6.043334189E-1,1.035239591E0,-6.774876416E-2,1.200637242E0
3.603723332E2,-5.468090960E-1,1.042067385E0,-8.086523831E-2,1.179594765E0
3.603823212E2,-6.205071098E-1,1.013137116E0,-5.759697452E-2,1.189450840E0
3.603923102E2,-6.800279644E-1,1.002468871E0,1.623128593E-2,1.211464124E0
3.604022992E2,-7.424060610E-1,9.879174900E-1,6.521779686E-2,1.237497914E0
3.604122882E2,-7.389661440E-1,9.731602871E-1,6.627204984E-2,1.223725415E0
3.604222762E2,-7.406150588E-1,1.001064954E0,1.025917375E-1,1.249466595E0
3.604322652E2,-7.610665727E-1,1.022004418E0,1.193486881E-1,1.279827906E0
3.604422542E2,-7.637004510E-1,1.054313793E0,1.414198807E-1,1.309509655E0
3.604522422E2,-7.228409851E-1,1.070674887E0,2.158166367E-1,1.309740671E0
3.604622312E2,-7.771183491E-1,1.080781215E0,3.052281654E-1,1.365710509E0
3.604722202E2,-7.735907239E-1,8.907285798E-1,5.031827277E-1,1.282588347E0
3.604822092E2,-7.216183323E-1,7.760225809E-1,5.553588948E-1,1.196397746E0
3.604921972E2,-5.266344479E-1,6.950310427E-1,6.807688066E-1,1.106281230E0
3.605021862E2,-4.391934308E-1,6.650465208E-1,7.192809078E-1,1.073565447E0
3.605121752E2,-4.727970868E-1,7.922450960E-1,7.934063530E-1,1.216833193E0
3.605221642E2,-5.945896187E-1,9.529347682E-1,7.905681145E-1,1.373542657E0
3.605321522E2,-5.680485222E-1,1.045714293E0,7.252745962E-1,1.393635801E0
3.605421412E2,-3.879183197E-1,1.046400172E0,7.247419149E-1,1.330670803E0
3.605521302E2,-2.572254485E-1,9.248131692E-1,7.129755628E-1,1.195733450E0
3.605621182E2,-3.749831092E-1,8.685483366E-1,6.833898211E-1,1.167051924E0
3.605721072E2,-4.854773587E-1,8.871886754E-1,5.421623138E-1,1.147489427E0
3.605820962E2,-6.319372469E-1,1.098847357E0,3.887193882E-1,1.325863100E0
3.605920852E2,-7.922234613E-1,1.244652357E0,6.048009038E-2,1.476629725E0
3.606020732E2,-8.282329541E-1,1.343305995E0,-3.812583411E-1,1.623514319E0
3.606120622E2,-8.795489958E-1,1.544591131E0,-6.285207188E-1,1.885313367E0
3.606220512E2,-1.036870379E0,1.567164892E0,-6.142722237E-1,1.976976567E0
3.606320402E2,-1.246650643E0,1.413747987E0,-6.961934692E-1,2.009354758E0
3.606420282E2,-1.279478958E0,1.366829928E0,-7.422578341E-1,2.014010216E0
3.606520172E2,-1.143104932E0,1.264135864E0,-6.746413632E-1,1.832994637E0
3.606620062E2,-1.153748911E0,9.995698214E-1,-3.546497092E-1,1.567179886E0
3.606719942E2,-1.240294720E0,7.208406526E-1,3.299839608E-1,1.472016186E0
3.606819832E2,-1.530916833E0,4.166866207E-1,1.245093530E0,2.016827208E0
3.606919722E2,-1.581027763E0,-1.085956585E-1,1.751455096E0,2.361998467E0
3.607019612E2,-1.526963823E0,-7.186239731E-1,1.908651642E0,2.547742141E0
3.607119492E2,-1.656372938E0,-1.146440184E0,1.887394674E0,2.760462834E0
3.607219382E2,-1.943136181E0,-1.526337293E0,1.586182376E0,2.936231987E0
3.607319272E2,-2.410459104E0,-1.903166953E0,1.218791292E0,3.304210913E0
3.607419152E2,-2.865317518E0,-2.283613701E0,1.255718651E0,3.873211245E0
3.607519042E2,-2.895973008E0,-2.209683845E0,1.429287255E0,3.913083747E0
3.607618932E2,-2.471224246E0,-1.426558651E0,1.395474122E0,3.176376377E0
3.607718822E2,-1.670133190E0,-1.933504647E-1,1.401899189E0,2.189075287E0
3.607818702E2,-1.036385353E0,8.828360081E-1,1.157928793E0,1.787258545E0
3.607918592E2,-6.230170271E-1,1.343473810E0,6.983515303E-1,1.637304783E0
3.608018482E2,-2.516252777E-1,1.372079558E0,4.245579962E-1,1.458138226E0
3.608118372E2,1.237563193E-2,1.111872030E0,2.989032322E-1,1.151414656E0
3.608218252E2,3.368420139E-1,8.505061680E-1,-4.859460130E-2,9.160702590E-1
3.608318142E2,7.108410367E-1,7.761196446E-1,-3.223026198E-1,1.100697806E0
3.608418032E2,8.296605518E-1,7.775545514E-1,-5.784005789E-1,1.275725261E0
3.608517912E2,7.692509204E-1,7.108191097E-1,-8.304676138E-1,1.336670207E0
3.608617802E2,6.753554544E-1,4.745459890E-1,-1.031003283E0,1.320706877E0
3.608717692E2,5.187471387E-1,1.435760415E-1,-1.058870528E0,1.187821312E0
3.608817582E2,3.909965864E-1,-1.839826405E-1,-8.992093813E-1,9.976499657E-1
3.608917462E2,2.146273130E-1,-4.350913167E-1,-5.349253611E-1,7.221595941E-1
3.609017352E2,1.260826340E-1,-5.548399544E-1,-1.654202159E-1,5.925437143E-1
3.609117242E2,-7.216604322E-2,-3.849181134E-1,1.764325695E-1,4.295327035E-1
3.609217132E2,-3.235045150E-1,3.546921015E-2,2.202798164E-1,3.929840119E-1
3.609317012E2,-4.277688485E-1,3.881188792E-1,-1.047857590E-1,5.870285406E-1
3.609416902E2,-3.352787608E-1,5.320521855E-1,-4.242201734E-1,7.585869305E-1
3.609516792E2,2.908931315E-2,3.674255830E-1,-6.915040022E-1,7.835978128E-1
3.609616672E2,6.720760435E-1,-6.511166990E-2,-1.082648231E0,1.275951774E0
3.609716562E2,1.228030185E0,-4.300270432E-1,-1.387113919E0,1.901858674E0
3.609816452E2,1.581974427E0,-6.961887914E-1,-1.392930729E0,2.219814843E0
3.609916342E2,1.730747474E0,-8.264442909E-1,-1.271142583E0,2.300934691E0
3.610016222E2,1.779262115E0,-9.282992792E-1,-1.217239441E0,2.347165329E0
3.610116112E2,1.610697705E0,-1.035858226E0,-1.207092914E0,2.263718769E0
3.610216002E2,1.221355588E0,-1.251420509E0,-1.065993168E0,2.047951220E0
3.610315892E2,9.844185162E-1,-1.314661070E0,-1.028367358E0,1.937770102E0
3.610415772E2,7.371804044E-1,-1.090068347E0,-1.135803953E0,1.738313714E0
3.610515662E2,5.078485134E-1,-6.769035047E-1,-1.133384375E0,1.414449931E0
3.610615552E2,2.029320046E-1,-3.984684509E-1,-9.939844148E-1,1.089937393E0
3.610715432E2,-6.445824355E-2,-2.398884541E-1,-7.264207967E-1,7.677164251E-1
3.610815322E2,-2.704898572E-1,-1.505412447E-1,-4.681619990E-1,5.612513577E-1
3.610915212E2,-4.380213565E-1,-9.805195928E-3,-4.229612678E-1,6.089787227E-1
3.611015103E2,-4.258930618E-1,1.981510288E-1,-3.936561924E-1,6.128735009E-1
3.611114983E2,-4.109113258E-1,2.458227932E-1,-4.690940452E-1,6.703179742E-1
3.611214873E2,-4.608307600E-1,1.784722245E-1,-5.677108455E-1,7.526705311E-1
3.611314763E2,-5.980801141E-1,7.050806522E-2,-6.099639952E-1,8.571623450E-1
3.611414643E2,-5.673231751E-1,-1.833862245E-2,-6.708083671E-1,8.787353159E-1
3.611514533E2,-2.974367505E-1,-1.439058244E-2,-7.962668109E-1,8.501273690E-1
3.611614423E2,-1.055314252E-1,3.491080105E-2,-8.793925828E-1,8.863898467E-1
3.611714313E2,1.633054242E-2,9.977571845E-2,-8.024848131E-1,8.088286320E-1
3.611814193E2,1.213792799E-1,1.046055186E-1,-7.115359783E-1,7.293549839E-1
3.611914083E2,2.162398289E-1,1.550798535E-2,-6.813907311E-1,7.150478933E-1
3.612013973E2,3.842152780E-1,-1.772513258E-1,-7.634295056E-1,8.728482242E-1
3.612113863E2,6.384428591E-1,-3.534542459E-1,-7.869492728E-1,1.073232662E0
3.612213743E2,6.939843911E-1,-3.879738683E-1,-8.328288656E-1,1.151408692E0
3.612313633E2,7.345269379E-1,-2.069715536E-1,-7.989926367E-1,1.104878401E0
3.612413523E2,7.855206518E-1,-1.886685991E-1,-6.894346726E-1,1.062054002E0
3.612513413E2,6.988062975E-1,-2.000782710E-1,-5.424812794E-1,9.069991700E-1
3.612613293E2,5.886693129E-1,-2.270801282E-1,-3.910161746E-1,7.422874061E-1
3.612713183E2,5.080629601E-1,-2.590632284E-1,-3.382720236E-1,6.630759305E-1
3.612813073E2,4.195159422E-1,-2.527850729E-1,-3.217541510E-1,5.860201810E-1
3.612912953E2,3.153400478E-1,-2.228438205E-1,-3.001972210E-1,4.890982371E-1
3.613012843E2,3.805321169E-1,-2.979928207E-1,-3.316697862E-1,5.861819344E-1
3.613112733E2,3.735066873E-1,-3.067227137E-1,-2.323473001E-1,5.362567821E-1
3.613212623E2,2.475342733E-1,-3.368352896E-1,1.773460507E-3,4.180124088E-1
3.613312503E2,1.453670436E-1,-3.815378380E-1,1.207670765E-1,4.257785644E-1
3.613412393E2,6.550138682E-2,-3.987923867E-1,1.286200333E-1,4.241095522E-1
3.613512283E2,8.073908463E-2,-3.739300257E-1,1.449044558E-1,4.090718338E-1
3.613612163E2,1.692570126E-1,-2.786063772E-1,1.293398255E-1,3.507110495E-1
3.613712053E2,3.029410270E-1,-2.314398122E-1,1.337304267E-1,4.040067815E-1
3.613811943E2,4.925280775E-1,-2.659793150E-1,2.310006863E-1,6.055495192E-1
3.613911833E2,7.551662935E-1,-3.200882792E-1,3.161816814E-1,8.790355471E-1
3.614011713E2,1.026614509E0,-3.707608348E-1,3.635376962E-1,1.150461040E0
3.614111603E2,1.274463070E0,-3.594599211E-1,4.318700125E-1,1.392831383E0
3.614211493E2,1.466799043E0,-3.467550910E-1,5.334952053E-1,1.598860738E0
3.614311383E2,1.631276103E0,-2.700366980E-1,6.551044270E-1,1.778522801E0
3.614411263E2,1.729454655E0,-2.710862732E-1,8.550816143E-1,1.948246837E0
3.614511153E2,1.847014680E0,-3.232463604E-1,9.258019334E-1,2.091186423E0
3.614611043E2,1.960587780E0,-3.225341696E-1,7.961960596E-1,2.140528183E0
3.614710923E2,1.732189105E0,-6.396269202E-2,8.579578596E-1,1.934079112E0
3.614810813E2,1.667592867E0,2.080907106E-2,1.039927889E0,1.965387748E0
3.614910703E2,1.696089273E0,-2.216094732E-4,1.147089225E0,2.047567474E0
3.615010593E2,1.904631973E0,-7.301067352E-2,1.124304965E0,2.212920054E0
3.615110473E2,2.059261591E0,-1.676794338E-1,7.809605545E-1,2.208749438E0
3.615210363E2,2.085776375E0,-2.097168213E-1,3.870669286E-1,2.131728182E0
3.615310253E2,1.961637940E0,-2.798401397E-1,3.475631396E-1,2.011749003E0
3.615410143E2,1.728475246E0,-4.047565466E-1,6.462342739E-1,1.889199109E0
3.615510023E2,1.378525821E0,-4.777794993E-1,9.779164124E-1,1.756396083E0
3.615609913E2,8.724636322E-1,-6.996643764E-1,1.122917347E0,1.584823775E0
3.615709803E2,4.641967097E-1,-1.086392788E0,1.131847800E0,1.636095143E0
3.615809683E2,3.800266251E-1,-1.587145997E0,1.032782006E0,1.931344435E0
3.615909573E2,4.147450528E-1,-2.024708932E0,9.316076338E-1,2.267014006E0
3.616009463E2,5.850665510E-1,-2.465459184E0,8.572205257E-1,2.674998857E0
3.616109353E2,6.182208484E-1,-2.617366923E0,7.507900912E-1,2.792219975E0
3.616209233E2,2.687058717E-1,-2.452811072E0,7.495767939E-1,2.578827325E0
3.616309123E2,-2.897152099E-1,-1.923382532E0,9.826415473E-1,2.179201615E0
3.616409013E2,-7.854503390E-1,-1.333498460E0,1.288520508E0,2.013811182E0
3.616508903E2,-1.151185784E0,-7.699134099E-1,1.311473168E0,1.907342979E0
3.616608783E2,-1.357634304E0,-2.334138322E-1,1.146420377E0,1.792186542E0
3.616708673E2,-1.422148681E0,2.899230784E-1,9.555852380E-1,1.737729959E0
3.616808563E2,-1.413877210E0,6.846329391E-1,8.008924701E-1,1.763292311E0
3.616908443E2,-1.384877067E0,1.010229295E0,6.201860976E-1,1.822931298E0
3.617008333E2,-1.264981956E0,1.254596717E0,6.585344037E-1,1.899436715E0
3.617108223E2,-1.025475910E0,1.581750187E0,9.465648115E-1,2.109388404E0
3.617208113E2,-8.383071220E-1,2.122384331E0,1.029636789E0,2.503482773E0
3.617307993E2,-8.788733500E-1,2.523565890E0,7.060172300E-1,2.763921760E0
3.617407883E2,-8.490671682E-1,2.305550700E0,4.436380456E-1,2.496656524E0
3.617507773E2,-1.133123881E0,1.471568179E0,-3.341685207E-1,1.887101278E0
3.617607663E2,-1.554700821E0,2.935974687E-1,-1.019554581E0,1.882228907E0
3.617707543E2,-2.328439333E0,-4.805066407E-1,-9.469188604E-1,2.559134949E0
3.617807433E2,-2.860093031E0,-7.864838344E-1,-5.699532527E-1,3.020519107E0
3.617907323E2,-3.356739741E0,-8.780559093E-1,-7.107276008E-1,3.541725228E0
3.618007203E2,-3.811382100E0,-8.903730690E-1,-1.210595834E0,4.096942761E0
3.618107093E2,-3.175723978E0,-1.169129135E0,-1.729787946E0,3.800559440E0
3.618206983E2,-1.580011371E0,-1.740431925E0,-1.786752983E0,2.952630258E0
3.618306873E2,3.542550221E-2,-2.273733076E0,-9.759780604E-1,2.474601027E0
3.618406753E2,8.278555164E-1,-2.557242343E0,-5.042784959E-2,2.688377973E0
3.618506643E2,7.219903614E-1,-2.336099478E0,4.625483796E-1,2.488489875E0
3.618606533E2,2.161879349E-1,-1.566670218E0,5.622460377E-1,1.678485448E0
3.618706423E2,-2.703069855E-1,-7.144671875E-1,9.187858593E-1,1.194862621E0
3.618806303E2,-5.999623328E-1,-1.250082082E-1,1.082414342E0,1.243866014E0
3.618906193E2,-1.025501857E0,3.202531707E-1,9.919403744E-1,1.462245485E0
3.619006083E2,-1.316126821E0,5.273767519E-1,6.042074114E-1,1.541227642E0
3.619105973E2,-1.066075029E0,1.166163427E0,-4.348413482E-1,1.638761760E0
3.619205853E2,-8.458234254E-1,1.776122160E0,-9.981542104E-1,2.205978019E0
3.619305743E2,-8.196515074E-1,2.013890414E0,-1.127481172E0,2.449244166E0
3.619405633E2,-9.197872681E-1,2.030016450E0,-1.016665033E0,2.449608784E0
3.619505513E2,-6.031119356E-1,1.909365002E0,-8.701191911E-1,2.183237533E0
3.619605403E2,-2.921858047E-1,1.607142305E0,-7.610537088E-1,1.802077047E0
3.619705293E2,-1.226769233E-1,1.424396936E0,-8.190575033E-1,1.647668490E0
3.619805183E2,4.454986297E-2,1.357016546E0,-8.342035460E-1,1.593541387E0
3.619905063E2,9.430389404E-2,1.483874229E0,-7.019088301E-1,1.644217734E0
3.620004953E2,6.986450605E-2,1.807783663E0,-5.794906461E-1,1.899676876E0
3.620104843E2,-2.924309492E-2,2.145220631E0,-4.946449158E-1,2.201703956E0
3.620204733E2,-5.063484102E-2,2.533844710E0,-4.633310294E-1,2.576355671E0
3.620304613E2,-8.654566213E-2,2.750145496E0,-3.925551617E-1,2.779368626E0
3.620404503E2,-1.763526088E-1,2.796341423E0,-1.066730940E-1,2.803926666E0
3.620504393E2,-3.215354651E-1,2.486510915E0,3.286614668E-1,2.528663668E0
3.620604273E2,-4.941161813E-1,1.864935519E0,6.315905070E-1,2.030034940E0
3.620704163E2,-5.588781877E-1,1.223497716E0,8.434979877E-1,1.587696553E0
3.620804053E2,-6.399588959E-1,7.589522195E-1,1.079129084E0,1.466313554E0
3.620903943E2,-6.126700866E-1,4.529399425E-1,1.427949704E0,1.618505355E0
3.621003827E2,-2.515134497E-1,3.283825547E-1,1.922013114E0,1.966018446E0
3.621103717E2,3.256907889E-1,3.538085872E-1,2.498623714E0,2.544479411E0
3.621203607E2,1.307632425E0,2.770802540E-1,3.014044957E0,3.297141645E0
3.621303497E2,2.699167131E0,1.046751004E-1,3.263757025E0,4.236575268E0
3.621403377E2,4.114849961E0,-1.942170221E-1,3.221953234E0,5.229789011E0
3.621503267E2,5.291320860E0,-3.444284838E-1,2.938430518E0,6.062267013E0
3.621603157E2,6.112324902E0,-5.298682505E-1,2.102460528E0,6.485492760E0
3.621703037E2,6.093068267E0,-7.883005643E-1,1.293841766E0,6.278608540E0
3.621802927E2,5.068840152E0,-8.328645337E-1,7.730729529E-1,5.194655485E0
3.621902817E2,3.705670581E0,-7.466426611E-1,9.770697355E-2,3.781404021E0
3.622002707E2,2.331723422E0,-1.981638926E-1,4.372255504E-2,2.340537269E0
3.622102587E2,1.371385494E0,3.602288300E-1,4.067232576E-1,1.475088740E0
3.622202477E2,9.015454902E-1,5.794830447E-1,6.180027473E-1,1.237138741E0
3.622302367E2,1.547477317E-1,1.999636656E-1,1.174689252E0,1.201593595E0
3.622402257E2,-7.597529957E-1,-7.069348043E-1,2.076548007E0,2.321429098E0
3.622502137E2,-1.567275112E0,-1.395654947E0,2.954074743E0,3.623639275E0
3.622602027E2,-2.142620959E0,-2.242768561E0,2.610456684E0,4.054049764E0
3.622701917E2,-2.078443382E0,-2.814845522E0,1.472515427E0,3.796259197E0
3.622801807E2,-1.821597272E0,-2.579347742E0,6.949734476E-1,3.233301639E0
3.622901687E2,-1.775329716E0,-1.428887013E0,3.698857990E-1,2.308750571E0
3.623001577E2,-1.902172050E0,-6.484854519E-2,2.795194200E-1,1.923693049E0
3.623101467E2,-1.879083441E0,1.276498048E0,-3.003287834E-1,2.291418605E0
3.623201347E2,-1.994532475E0,1.971945412E0,-1.095143438E0,3.010991141E0
3.623301237E2,-2.217240787E0,2.049899907E0,-1.838693507E0,3.535398159E0
3.623401127E2,-2.431742531E0,1.765882516E0,-2.265094399E0,3.763291835E0
3.623501017E2,-2.581263290E0,9.290436298E-1,-2.712925045E0,3.858238528E0
3.623600897E2,-2.361124830E0,1.789581281E-1,-2.833761265E0,3.692849764E0
3.623700787E2,-2.541035616E0,-5.483325881E-1,-2.818037517E0,3.833910024E0
3.623800677E2,-2.219051523E0,-1.731161749E0,-2.731396984E0,3.921943415E0
3.623900567E2,-1.594444638E0,-2.212135583E0,-2.900928816E0,3.981354736E0
3.624000447E2,-1.053975093E0,-1.675665826E0,-2.500082594E0,3.188907718E0
3.624100337E2,-6.208313379E-1,-5.637727457E-1,-1.408822000E0,1.639527580E0
3.624200227E2,-1.927727598E-1,5.454276913E-1,-6.692702571E-1,8.846329071E-1
3.624300107E2,5.590829864E-2,1.113049659E0,-9.701214892E-1,1.477545595E0
3.624399997E2,4.385459979E-1,1.176370912E0,-1.566122626E0,2.007214785E0
3.624499887E2,1.199547228E0,8.439730740E-1,-1.846116840E0,2.357827705E0
3.624599777E2,1.923423755E0,7.090333700E-3,-1.844921961E0,2.665210359E0
3.624699657E2,2.357119780E0,-9.318643266E-1,-1.643710792E0,3.020955138E0
3.624799547E2,2.448230802E0,-1.556021268E0,-1.584605382E0,3.305451628E0
3.624899437E2,2.462324492E0,-1.884571053E0,-1.359364203E0,3.385634504E0
3.624999327E2,2.522109348E0,-1.847531281E0,-8.941544634E-1,3.251756387E0
3.625099207E2,2.040123362E0,-1.532327766E0,-6.015119912E-1,2.621440137E0
3.625199097E2,1.088625986E0,-8.521720397E-1,-1.719607651E-1,1.393152621E0
3.625298987E2,5.995547819E-1,-2.248956084E-2,8.749071836E-2,6.063219794E-1
3.625398867E2,-3.627729535E-2,4.050652796E-1,1.206099325E-1,4.241941522E-1
3.625498757E2,-4.237993200E-1,4.046647453E-1,1.984808117E-1,6.186711989E-1
3.625598647E2,-5.495093402E-1,6.616767704E-1,1.567328614E-1,8.742664659E-1
3.625698537E2,-7.656159988E-1,6.108440012E-1,5.770617127E-2,9.811362054E-1
3.625798417E2,-7.926859760E-1,3.977767253E-1,3.314201832E-2,8.875109989E-1
3.625898307E2,-6.467431279E-1,2.010430616E-1,2.617411070E-1,7.260877310E-1
3.625998197E2,-2.464477144E-1,1.982685578E-1,2.445932700E-1,3.998409242E-1
3.626098087E2,9.436967522E-2,3.102591097E-1,2.908919621E-1,4.356426108E-1
3.626197967E2,3.717038445E-1,3.769618070E-1,5.716103536E-1,7.791035543E-1
3.626297857E2,7.198828787E-1,3.539202690E-1,6.633104825E-1,1.040899473E0
3.626397747E2,1.051305985E0,2.474448109E-1,7.108347510E-1,1.292965294E0
3.626497637E2,1.626837482E0,1.270909864E-1,5.433530992E-1,1.719879328E0
3.626597517E2,2.321693693E0,6.671790004E-2,2.959240758E-1,2.341427757E0
3.626697407E2,2.981329493E0,-1.795913815E-2,1.782539771E-1,2.986707645E0
3.626797297E2,3.513375831E0,-1.411336595E-1,3.001334864E-1,3.528995402E0
3.626897177E2,4.040146227E0,-3.172915560E-1,4.951368128E-1,4.082721632E0
3.626997067E2,4.526440149E0,-4.359134352E-1,6.249993794E-1,4.590131280E0
3.627096957E2,4.878312138E0,-4.321484131E-1,5.486575471E-1,4.928053031E0
3.627196847E2,4.852877920E0,-3.804262823E-1,2.989937179E-1,4.876940178E0
3.627296727E2,4.590831734E0,-4.981108528E-1,2.066470331E-1,4.622396936E0
3.627396617E2,4.212295564E0,-6.616060191E-1,1.033951449E-1,4.265190148E0
3.627496507E2,3.692131353E0,-7.692000496E-1,-8.382868029E-2,3.772337457E0
3.627596397E2,3.153303999E0,-9.952709484E-1,-1.576836187E-1,3.310400956E0
3.627696277E2,2.737906981E0,-1.182949614E0,-3.251665860E-1,3.000206282E0
3.627796167E2,2.322603520E0,-1.253745362E0,-4.607611781E-1,2.679303157E0
3.627896057E2,1.816312412E0,-1.287410122E0,-4.936576134E-1,2.280375723E0
3.627995937E2,1.371190782E0,-1.424029146E0,-4.809580457E-1,2.034537739E0
3.628095827E2,1.148059570E0,-1.721940690E0,-3.355584039E-1,2.096597234E0
3.628195717E2,9.660334083E-1,-2.445531288E0,-2.295266032E-2,2.629519092E0
3.628295607E2,9.036421555E-1,-3.198200675E0,2.145822895E-1,3.330330653E0
3.628395487E2,9.991567156E-1,-3.475625914E0,2.840309854E-1,3.627528530E0
3.628495377E2,1.365644405E0,-3.392488448E0,1.183288606E-1,3.658956713E0
3.628595267E2,1.650362585E0,-3.326990862E0,1.492501795E-2,3.713864243E0
3.628695157E2,1.953208594E0,-3.251842446E0,2.489779508E-1,3.801511953E0
3.628795037E2,2.205015136E0,-2.822910587E0,5.544813739E-1,3.624688335E0
3.628894927E2,2.198061334E0,-1.989795207E0,2.465320605E-1,2.975153215E0
3.628994817E2,1.707153374E0,-1.211616758E0,-8.298510249E-1,2.251897097E0
3.629094697E2,9.770615494E-1,-9.063166720E-1,-2.349987785E0,2.701573943E0
3.629194587E2,3.918227980E-1,-5.277223223E-1,-3.610056911E0,3.669404155E0
3.629294477E2,-1.513180473E-1,-2.784128344E-1,-4.038115196E0,4.050529002E0
3.629394367E2,-5.931959349E-1,1.121794170E-1,-4.053319711E0,4.098032006E0
3.629494247E2,-7.371824509E-1,6.151750338E-1,-4.113885756E0,4.224444851E0
3.629594137E2,-5.033739316E-1,2.905498999E-1,-3.808893818E0,3.852982828E0
3.629694027E2,1.821191329E-1,-4.352690721E-1,-3.366307832E0,3.399213875E0
3.629793917E2,8.774244100E-1,-1.358223996E0,-3.504481339E0,3.859538246E0
3.629893797E2,1.129246154E0,-2.128910408E0,-3.589590194E0,4.323495595E0
3.629993687E2,8.136257324E-1,-2.452720440E0,-3.740238150E0,4.546119863E0
3.630093577E2,5.293475559E-1,-2.354387814E0,-3.635283845E0,4.363328942E0
3.630193467E2,6.098947057E-1,-2.405170882E0,-3.232445185E0,4.074987166E0
3.630293347E2,2.622531769E-1,-2.231660605E0,-3.107126198E0,3.834490709E0
3.630393237E2,1.885823527E-1,-1.754175805E0,-3.100902129E0,3.567672921E0
3.630493127E2,1.666003302E-1,-1.053931970E0,-3.378798654E0,3.543276537E0
3.630593007E2,2.149497870E-1,-2.457994044E-1,-3.648168477E0,3.662752244E0
3.630692897E2,3.995162719E-1,1.302420509E-1,-3.402493911E0,3.428343778E0
3.630792787E2,5.748807013E-1,5.938373744E-2,-2.835645822E0,2.893942204E0
3.630892677E2,5.535670155E-1,-6.922167778E-2,-2.390142076E0,2.454385305E0
3.630992557E2,3.902569136E-1,-1.741786140E-1,-2.094950072E0,2.138095988E0
3.631092445E2,2.203891593E-1,-2.567676115E-1,-2.043485511E0,2.071312150E0
3.631192335E2,1.207388636E-1,-2.882823497E-1,-2.207385597E0,2.229402557E0
3.631292225E2,8.741207331E-2,-3.391426009E-1,-2.363034969E0,2.388847597E0
3.631392105E2,1.180918291E-1,-4.257275856E-1,-2.365758018E0,2.406657569E0
3.631491995E2,1.074773785E-1,-3.956974554E-1,-2.368652389E0,2.403880614E0
3.631591885E2,2.779707849E-2,-2.718189293E-1,-2.374473585E0,2.390142886E0
3.631691775E2,-1.484198749E-1,-2.106962299E-1,-2.304312844E0,2.318680453E0
3.631791655E2,-3.542769492E-1,-3.496985793E-2,-2.204262599E0,2.232825263E0
3.631891545E2,-6.079317954E-1,1.395350307E-1,-2.133199633E0,2.222519239E0
3.631991435E2,-8.541729569E-1,1.250877303E-1,-2.047813035E0,2.222340345E0
3.632091315E2,-9.623385528E-1,3.017163277E-3,-1.917062277E0,2.145048336E0
3.632191205E2,-1.091168209E0,-2.346218669E-1,-1.711926749E0,2.043621460E0
3.632291095E2,-1.322770281E0,-3.456604922E-1,-1.468939855E0,2.006735331E0
3.632390985E2,-1.543800880E0,-3.683745861E-1,-1.324656301E0,2.067301455E0
3.632490865E2,-1.671879169E0,-3.136434782E-1,-1.161380697E0,2.059698354E0
3.632590755E2,-1.742457985E0,-2.301791525E-1,-9.689324579E-1,2.006980912E0
3.632690645E2,-1.714513557E0,-7.330011070E-2,-7.459038654E-1,1.871176694E0
3.632790535E2,-1.570123291E0,2.256265104E-2,-4.131034470E-1,1.623715086E0
3.632890415E2,-1.327206564E0,-5.917382240E-3,-1.399832198E-1,1.334581425E0
3.632990305E2,-9.524000403E-1,-1.400700510E-1,-4.035514355E-2,9.634905260E-1
3.633090195E2,-5.179916784E-1,-3.257343507E-1,-1.425869849E-1,6.282907722E-1
3.633190085E2,-1.411272275E-1,-4.336587489E-1,-3.188536397E-1,5.564570499E-1
3.633289965E2,2.324911416E-2,-3.881831986E-1,-3.966952828E-1,5.555122540E-1
3.633389855E2,2.011354476E-2,-2.758751428E-1,-4.257965827E-1,5.077542505E-1
3.633489745E2,-3.193778425E-2,-1.046768546E-1,-5.954231393E-1,6.053973743E-1
3.633589625E2,2.357948184E-2,6.195475817E-2,-7.433231968E-1,7.462732468E-1
3.633689515E2,1.131465465E-1,3.274475849E-1,-7.892466438E-1,8.619363820E-1
3.633789405E2,1.645228145E-1,4.727859771E-1,-9.208820862E-1,1.048149872E0
3.633889295E2,2.832651463E-1,5.028985530E-1,-9.578970078E-1,1.118352706E0
3.633989175E2,4.314479166E-1,4.392153579E-1,-8.915471900E-1,1.083473039E0
3.634089065E2,5.659897175E-1,4.146950591E-1,-8.009530619E-1,1.064820248E0
3.634188955E2,6.783889899E-1,4.020299900E-1,-4.964519978E-1,9.318284823E-1
3.634288845E2,5.866110930E-1,3.138200641E-1,-1.597316059E-1,6.841854960E-1
3.634388725E2,5.545130950E-1,2.596409333E-1,2.723165274E-2,6.128945665E-1
3.634488615E2,7.953251168E-1,2.484049237E-1,-3.313617110E-3,8.332214757E-1
3.634588505E2,1.011071295E0,3.218938994E-1,-4.429558218E-3,1.061084571E0
3.634688395E2,1.326500220E0,4.855896252E-1,1.973762727E-1,1.426309052E0
3.634788275E2,1.590261394E0,5.278170472E-1,4.108034447E-1,1.725190310E0
3.634888165E2,1.677161836E0,6.376406211E-1,4.846420839E-1,1.858584228E0
3.634988055E2,1.988888304E0,7.160441816E-1,6.310320979E-1,2.206036597E0
3.635087935E2,2.413987022E0,5.494605160E-1,8.299037960E-1,2.611126292E0
3.635187825E2,2.801158652E0,4.325553793E-1,4.789153209E-1,2.874535412E0
3.635287715E2,3.053496998E0,4.279898733E-1,-3.142843330E-1,3.099321521E0
3.635387605E2,2.957426367E0,3.948882008E-1,-1.224633830E0,3.225218663E0
3.635487485E2,2.368813188E0,5.564204568E-1,-1.894827947E0,3.084031873E0
3.635587375E2,1.335439443E0,6.657937950E-1,-2.485099104E0,2.898688918E0
3.635687265E2,4.039510927E-1,7.897261155E-1,-3.105867877E0,3.230055587E0
3.635787155E2,-9.678013140E-1,3.974562979E-1,-3.821548362E0,3.962176520E0
3.635887035E2,-2.654501713E0,-4.318338329E-1,-4.175875305E0,4.966970340E0
3.635986925E2,-4.077195647E0,-8.659428173E-1,-3.432725478E0,5.399720873E0
3.636086815E2,-5.454336555E0,-6.544753397E-1,-2.065078840E0,5.868788277E0
3.636186705E2,-6.782240399E0,-3.162998682E-1,-5.902332969E-1,6.815218689E0
3.636286585E2,-7.123191544E0,-3.071653479E-1,3.036739755E-1,7.136275373E0
3.636386475E2,-5.869939102E0,-6.100458562E-1,1.429499801E0,6.072216291E0
3.636486365E2,-4.643486788E0,-6.365945542E-1,1.653682634E0,4.970099439E0
3.636586245E2,-3.037734951E0,-3.219897938E-1,3.168459982E-1,3.071140252E0
3.636686135E2,-9.193509927E-1,-4.977237672E-1,-1.426217759E0,1.768341678E0
3.636786025E2,1.805666971E0,-1.131340919E0,-2.681192790E0,3.424786163E0
3.636885915E2,4.250660023E0,-2.249049055E0,-3.251236675E0,5.804900706E0
3.636985795E2,5.912101035E0,-3.521580352E0,-3.377517237E0,7.665643450E0
3.637085685E2,6.289499044E0,-3.861504725E0,-2.380789163E0,7.754816182E0
3.637185575E2,5.600488880E0,-3.263959631E0,-1.468684916E0,6.646498593E0
3.637285465E2,4.930199161E0,-2.412098663E0,-3.103031100E-1,5.497396815E0
3.637385345E2,4.413682150E0,-1.408566184E0,6.301969694E-1,4.675660064E0
3.637485235E2,3.904095844E0,-3.488185734E-1,1.318889192E0,4.135590340E0
3.637585125E2,2.926712113E0,5.862494427E-1,1.086347764E0,3.176394759E0
3.637685015E2,1.727968877E0,8.804322177E-1,-1.735431679E-1,1.947088740E0
3.637784895E2,9.245462438E-1,4.894704223E-1,-1.855008700E0,2.129653570E0
3.637884785E2,6.232222643E-1,1.305683255E-1,-3.122809015E0,3.187066084E0
3.637984675E2,6.396465084E-1,-3.470679170E-1,-3.369159812E0,3.446859677E0
3.638084555E2,8.069774482E-1,-8.826640999E-1,-2.752501924E0,3.001095693E0
3.638184445E2,1.162092011E0,-1.415892161E0,-2.048612788E0,2.748094396E0
3.638284335E2,1.206809470E0,-1.495462241E0,-1.592986342E0,2.496077302E0
3.638384225E2,9.172910187E-1,-1.166346445E0,-1.378776374E0,2.025539714E0
3.638484105E2,5.056066909E-1,-6.629929787E-1,-1.149275645E0,1.419870531E0
3.638583995E2,5.135638744E-2,-1.074227071E-1,-6.842381059E-1,6.945206275E-1
3.638683885E2,-3.342174911E-1,3.958465594E-1,-6.385369992E-1,8.222684047E-1
3.638783775E2,-4.121670154E-1,5.223463923E-1,-6.170800567E-1,9.074773818E-1
3.638883655E2,-3.169474474E-1,2.797430760E-1,-3.372558506E-1,5.407895910E-1
3.638983545E2,-4.251248838E-1,-1.952502251E-1,-1.908269526E-1,5.052412721E-1
3.639083435E2,-4.836903034E-1,-5.823054957E-1,-1.084958173E-1,7.647269724E-1
3.639183325E2,-2.989771995E-1,-8.074998969E-1,-1.905182196E-1,8.818960490E-1
3.639283205E2,1.173284751E-1,-8.542489707E-1,-4.527580941E-1,9.739081922E-1
3.639383095E2,6.298161694E-1,-8.021280599E-1,-7.011250108E-1,1.237600142E0
3.639482985E2,9.509107545E-1,-5.451733375E-1,-8.826798874E-1,1.407326904E0
3.639582865E2,1.182023415E0,-3.284690934E-1,-9.720994560E-1,1.565263125E0
3.639682755E2,1.231022644E0,-2.784777385E-1,-1.037972433E0,1.634121590E0
3.639782645E2,1.071980717E0,-3.214921957E-1,-1.054950409E0,1.537992280E0
3.639882535E2,8.172264478E-1,-3.579209340E-1,-9.538118505E-1,1.306033502E0
3.639982415E2,4.488414828E-1,-4.270168966E-1,-7.353534418E-1,9.615335621E-1
3.640082305E2,2.637912869E-2,-3.650288093E-1,-5.946770346E-1,6.982711977E-1
3.640182195E2,-2.572454752E-1,-2.953919792E-1,-6.098196421E-1,7.247838656E-1
3.640282085E2,-4.702924320E-1,-1.085184753E-2,-5.922169648E-1,7.563158518E-1
3.640381965E2,-5.425783432E-1,2.147360712E-1,-5.687041412E-1,8.148173041E-1
3.640481855E2,-5.574657927E-1,2.335395473E-1,-5.583501841E-1,8.228388411E-1
3.640581745E2,-6.051926672E-1,1.104819703E-1,-6.128754701E-1,8.683782425E-1
3.640681635E2,-5.800756600E-1,-2.307720602E-2,-5.508153158E-1,8.002611080E-1
3.640781515E2,-6.079018284E-1,-9.001613081E-2,-4.630516787E-1,7.694572074E-1
3.640881405E2,-6.088563864E-1,-9.740350306E-2,-4.076579350E-1,7.391742242E-1
3.640981295E2,-5.941510776E-1,3.737540245E-3,-4.271993297E-1,7.317982915E-1
3.641081180E2,-5.174825321E-1,2.607741237E-2,-5.054165103E-1,7.238190736E-1
3.641181070E2,-4.335701635E-1,1.134886086E-2,-6.799482961E-1,8.064995776E-1
3.641280960E2,-4.656947663E-1,-2.608969152E-2,-7.492575359E-1,8.825752900E-1
3.641380850E2,-4.470523810E-1,-1.284773612E-1,-7.520608373E-1,8.842837592E-1
3.641480730E2,-3.347150892E-1,-1.319535309E-1,-8.472942924E-1,9.205180842E-1
3.641580620E2,-2.793404952E-1,-2.430336714E-1,-9.043963002E-1,9.772559263E-1
3.641680510E2,-1.958407938E-1,-3.889012367E-1,-9.889607795E-1,1.080574482E0
3.641780400E2,-4.939873964E-2,-4.458004922E-1,-1.047570784E0,1.139553800E0
3.641880280E2,7.664910346E-2,-4.930214363E-1,-9.873367153E-1,1.106245457E0
3.641980170E2,1.666476926E-1,-4.489515567E-1,-1.038997889E0,1.144047887E0
3.642080060E2,1.808008781E-1,-3.268307036E-1,-1.066620867E0,1.130127134E0
3.642179950E2,1.458026612E-1,-2.549157983E-1,-1.114527104E0,1.152567198E0
3.642279830E2,9.843846023E-2,-2.180724925E-1,-1.227314193E0,1.250418279E0
3.642379720E2,3.499383152E-2,-1.761292452E-1,-1.335713385E0,1.347730065E0
3.642479610E2,-1.490347096E-1,-1.183605087E-1,-1.463144241E0,1.475469968E0
3.642579500E2,-3.910047725E-1,-1.691055697E-1,-1.384168092E0,1.448241255E0
3.642679380E2,-5.900217739E-1,-2.851453185E-1,-1.223549317E0,1.387986483E0
3.642779270E2,-7.293331486E-1,-2.726714534E-1,-1.192077848E0,1.423842042E0
3.642879160E2,-8.354261988E-1,-2.589714271E-1,-1.238811135E0,1.516461724E0
3.642979040E2,-9.033781537E-1,-2.054489386E-1,-1.293819839E0,1.591311136E0
3.643078930E2,-8.976230317E-1,-1.650405854E-1,-1.291690868E0,1.581591224E0
3.643178820E2,-6.769923824E-1,-1.443461198E-1,-1.355799156E0,1.522283101E0
3.643278710E2,-4.824505475E-1,-1.537613064E-1,-1.579908606E0,1.659069701E0
3.643378590E2,-3.720618403E-1,-1.460733873E-1,-1.629549420E0,1.677855405E0
3.643478480E2,-8.337369382E-2,-1.575339299E-1,-1.758141679E0,1.767153156E0
3.643578370E2,-8.500945240E-2,-1.784336329E-1,-1.999082048E0,2.008829062E0
3.643678260E2,-2.847108704E-1,-1.491314811E-1,-1.894511905E0,1.921581597E0
3.643778140E2,-4.247739047E-1,-8.988339901E-2,-1.893606463E0,1.942744794E0
3.643878030E2,-5.814015162E-1,-1.022227782E-1,-1.814506646E0,1.908117288E0
3.643977920E2,-7.341158786E-1,-6.682841241E-2,-1.652118796E0,1.809112676E0
3.644077810E2,-8.810719031E-1,8.145171404E-3,-1.497071102E0,1.737117131E0
3.644177690E2,-1.095500118E0,1.694458777E-1,-1.436479768E0,1.814471422E0
3.644277580E2,-1.387394001E0,2.984337008E-1,-1.259716831E0,1.897580376E0
3.644377470E2,-1.539820973E0,4.040332460E-1,-1.092592006E0,1.930815575E0
3.644477350E2,-1.438711797E0,5.646071434E-1,-1.144826937E0,1.923356851E0
3.644577240E2,-1.225600959E0,7.852588427E-1,-1.258708479E0,1.924337859E0
3.644677130E2,-1.109279667E0,9.844208550E-1,-1.376974555E0,2.023769929E0
3.644777020E2,-1.160379654E0,1.125793666E0,-1.368947790E0,2.118468874E0
3.644876900E2,-1.231511032E0,1.276308598E0,-1.310122607E0,2.204995308E0
3.644976790E2,-1.304816990E0,1.416839994E0,-1.216861711E0,2.278318540E0
3.645076680E2,-1.359287020E0,1.526857696E0,-1.062502819E0,2.303881044E0
3.645176570E2,-1.319414856E0,1.484999233E0,-8.763499841E-1,2.171190360E0
3.645276450E2,-1.236394334E0,1.305737050E0,-7.535127009E-1,1.949718334E0
3.645376340E2,-1.257690479E0,1.203143558E0,-5.884054573E-1,1.837269916E0
3.645476230E2,-1.511186865E0,1.208892540E0,-3.787248887E-1,1.971937995E0
3.645576120E2,-1.809826096E0,1.126924517E0,5.645369768E-2,2.132748552E0
3.645676000E2,-2.166011576E0,7.531096816E-1,6.929315999E-1,2.395607343E0
3.645775890E2,-2.411292040E0,7.864446580E-2,1.509923428E0,2.846117182E0
3.645875780E2,-2.541448722E0,-8.109585249E-1,1.923544354E0,3.288865795E0
3.645975670E2,-2.502309799E0,-1.788414761E0,1.928127840E0,3.630104496E0
3.646075550E2,-2.191020702E0,-2.511934608E0,1.583184509E0,3.690103031E0
3.646175440E2,-1.802759736E0,-2.909532409E0,1.122432101E0,3.602107067E0
3.646275330E2,-1.498912683E0,-2.955224891E0,9.168820059E-1,3.438134087E0
3.646375210E2,-1.245924711E0,-2.657877018E0,8.726881653E-1,3.062388490E0
3.646475100E2,-6.194435012E-1,-1.942567247E0,1.159019299E0,2.345336542E0
3.646574990E2,2.591670164E-1,-1.120274479E0,1.412298169E0,1.821199761E0
3.646674880E2,1.300138048E0,-5.323761213E-1,1.618283298E0,2.143040856E0
3.646774760E2,2.485333285E0,1.257443726E-2,1.521358097E0,2.914029875E0
3.646874650E2,3.459700438E0,3.574239206E-1,1.454001973E0,3.769801151E0
3.646974540E2,4.051519938E0,6.699552584E-1,1.277110544E0,4.300542431E0
3.647074430E2,4.262105656E0,9.671943730E-1,1.131462834E0,4.514556204E0
3.647174310E2,4.006670625E0,1.198086886E0,1.026980984E0,4.306217786E0
3.647274200E2,3.494601299E0,1.195081417E0,9.602066579E-1,3.816078439E0
3.647374090E2,2.922339273E0,1.161886774E0,8.852848220E-1,3.267074673E0
3.647473980E2,2.201563524E0,1.205103545E0,7.267714834E-1,2.612920453E0
3.647573860E2,1.347619486E0,1.132149004E0,6.350348094E-1,1.871125024E0
3.647673750E2,4.876159778E-1,9.672247785E-1,6.482378224E-1,1.262341233E0
3.647773640E2,-3.611684775E-1,7.430741054E-1,7.329008272E-1,1.104420852E0
3.647873530E2,-1.046738433E0,5.716009980E-1,9.067923430E-1,1.498219410E0
3.647973410E2,-1.470311027E0,5.342793900E-1,1.039607753E0,1.878311280E0
3.648073300E2,-1.501549484E0,6.029467517E-1,1.001705517E0,1.903052701E0
3.648173190E2,-1.217926489E0,7.460135007E-1,8.587074727E-1,1.666511206E0
3.648273080E2,-8.894427770E-1,8.980896395E-1,6.190333191E-1,1.407435862E0
3.648372960E2,-6.309543300E-1,1.105895591E0,4.277247021E-1,1.343151832E0
3.648472850E2,-5.332397550E-1,1.304229053E0,2.028188610E-1,1.423549630E0
3.648572740E2,-6.120587602E-1,1.431675550E0,5.224048644E-2,1.557895977E0
3.648672620E2,-9.430678841E-1,1.456415704E0,-1.386257887E-2,1.735141466E0
3.648772510E2,-1.439492400E0,1.345686396E0,-8.977931857E-2,1.972579675E0
3.648872400E2,-1.908033006E0,1.192295219E0,-1.342111409E-1,2.253923351E0
3.648972290E2,-2.118002720E0,1.074844537E0,-2.635114977E-1,2.389699690E0
3.649072170E2,-2.237151725E0,8.913524777E-1,-4.604243785E-1,2.451804986E0
3.649172060E2,-2.357478945E0,6.879863173E-1,-6.072821698E-1,2.529787300E0
3.649271950E2,-2.497037365E0,5.860915679E-1,-5.428958470E-1,2.621723637E0
3.649371840E2,-2.689252008E0,5.377520514E-1,-4.179636526E-1,2.774157033E0
3.649471720E2,-2.851473358E0,4.642753547E-1,-2.948543277E-1,2.904030129E0
3.649571610E2,-2.840909486E0,4.380517620E-1,-1.841393459E-1,2.880375557E0
3.649671500E2,-2.675805166E0,3.233527797E-1,-1.608253276E-1,2.700065757E0
3.649771390E2,-2.365105468E0,2.901540434E-1,-2.202122810E-1,2.392991160E0
3.649871270E2,-2.017306065E0,3.275113195E-1,-4.219400516E-1,2.086820747E0
3.649971160E2,-1.712813479E0,3.384695864E-1,-7.207374492E-1,1.888849953E0
3.650071050E2,-1.493612474E0,2.957492441E-1,-1.026566416E0,1.836350850E0
3.650170930E2,-1.324612154E0,2.787455410E-1,-1.201366297E0,1.809855634E0
3.650270820E2,-1.173915666E0,3.506826657E-1,-1.177308805E0,1.699150477E0
3.650370710E2,-1.051786919E0,3.633705389E-1,-9.936515620E-1,1.491856997E0
3.650470600E2,-8.912662312E-1,2.925899935E-1,-7.112602821E-1,1.177223678E0
3.650570480E2,-6.683089748E-1,1.788154560E-1,-5.487006703E-1,8.829973266E-1
3.650670370E2,-4.410534301E-1,1.296684390E-1,-4.412937507E-1,6.372457977E-1
3.650770260E2,-3.175593585E-1,1.487894189E-1,-2.765089810E-1,4.465864462E-1
3.650870150E2,-2.036646608E-1,1.177214080E-1,-4.951422215E-2,2.403940144E-1
3.650970030E2,-1.272126085E-1,4.809978068E-2,2.580440587E-1,2.916905430E-1
3.651069914E2,1.128103316E-2,-6.344053566E-2,3.750734487E-1,3.805680691E-1
3.651169804E2,2.186703703E-1,-1.338743412E-1,2.447317028E-1,3.544470009E-1
3.651269694E2,3.607837307E-1,-7.932508171E-2,3.017250985E-2,3.706315547E-1
3.651369574E2,2.895821857E-1,-3.448804736E-2,-6.996018112E-2,2.999028087E-1
3.651469464E2,-3.536103666E-3,-2.146395922E-1,-2.518834323E-1,3.309500295E-1
3.651569354E2,-3.193529919E-1,-3.930328792E-1,-3.886436668E-1,6.383612436E-1
3.651669244E2,-3.418264729E-1,-5.069974512E-1,-2.379699826E-1,6.561413458E-1
3.651769124E2,-3.679638192E-1,-6.603319108E-1,1.207435414E-1,7.655159094E-1
3.651869014E2,-4.282714167E-1,-8.324394411E-1,6.158997962E-1,1.120582165E0
3.651968904E2,-4.035701466E-1,-1.057284763E0,6.519873494E-1,1.306065633E0
3.652068794E2,-3.086794844E-1,-1.204193718E0,3.651176870E-1,1.295637472E0
3.652168674E2,-3.165855047E-1,-1.290985694E0,5.207471788E-1,1.427602209E0
3.652268564E2,-3.723398754E-1,-1.238530322E0,5.886372994E-1,1.420946238E0
3.652368454E2,-1.992160991E-1,-1.182135682E0,5.393938033E-1,1.314563615E0
3.652468334E2,-9.889805138E-2,-1.271851850E0,6.779519105E-1,1.444647620E0
3.652568224E2,1.940062299E-1,-1.310427686E0,8.217349434E-1,1.558880193E0
3.652668114E2,8.547404292E-1,-1.067860622E0,6.816540751E-1,1.528253836E0
3.652768004E2,1.624682491E0,-5.836222887E-1,4.299128763E-1,1.779054033E0
3.652867884E2,2.393188183E0,6.040056825E-2,8.618591219E-2,2.395501184E0
3.652967774E2,2.896214498E0,5.784492570E-1,-1.696861982E-1,2.958285883E0
3.653067664E2,3.177186074E0,7.819773853E-1,-1.285728170E-1,3.274527592E0
3.653167554E2,3.126468202E0,7.035703164E-1,-2.498515248E-3,3.204656121E0
3.653267434E2,2.734974018E0,5.275638628E-1,8.168487176E-2,2.786589121E0
3.653367324E2,2.235762427E0,3.055176026E-1,8.836487710E-2,2.258269910E0
3.653467214E2,1.750288869E0,7.555830538E-2,1.607684635E-1,1.759280160E0
3.653567104E2,1.263020216E0,9.016523480E-2,3.432090470E-1,1.311923125E0
3.653666984E2,8.287673897E-1,1.425317287E-1,4.598741555E-1,9.584648761E-1
3.653766874E2,4.232112363E-1,1.414839077E-1,5.310340391E-1,6.936300147E-1
3.653866764E2,3.157087147E-2,2.736438453E-2,4.648406343E-1,4.667144146E-1
3.653966654E2,-1.284633279E-1,-2.831882554E-1,4.047337425E-1,5.103996639E-1
3.654066534E2,-1.235665771E-1,-4.675737691E-1,1.500831154E-1,5.063781888E-1
3.654166424E2,-1.740166461E-1,-7.738924402E-1,2.830929458E-2,7.937208063E-1
3.654266314E2,-1.699627715E-1,-8.761193115E-1,-8.189317882E-2,8.962024795E-1
3.654366194E2,-3.875388354E-2,-7.025248343E-1,-3.764308798E-1,7.979619123E-1
3.654466084E2,3.279001594E-2,-5.354084873E-1,-5.185018480E-1,7.460439664E-1
3.654565974E2,1.099758938E-1,-4.797663832E-1,-4.099805953E-1,6.405892351E-1
3.654665864E2,1.195428157E-1,-3.717881906E-1,-3.409733641E-1,5.184397540E-1
3.654765744E2,8.979539841E-2,-2.229976022E-1,-1.774705964E-1,2.988092314E-1
3.654865634E2,2.046110326E-1,-1.719759679E-1,-1.772174120E-1,3.206983307E-1
3.654965524E2,3.839255485E-1,-1.712906742E-1,-3.566596895E-2,4.219139524E-1
3.655065414E2,4.069188470E-1,6.431703329E-2,1.077881581E-1,4.258378985E-1
3.655165294E2,3.670592549E-1,2.692069781E-1,9.665213585E-2,4.653456017E-1
3.655265184E2,3.441501564E-1,4.201855946E-1,1.605879307E-1,5.663777428E-1
3.655365074E2,4.142986178E-1,5.463258237E-1,1.439273129E-1,7.005928359E-1
3.655464964E2,5.033484963E-1,5.147549522E-1,5.029467925E-2,7.217076446E-1
3.655564844E2,6.089068186E-1,3.441027939E-1,-7.126118660E-2,7.030308694E-1
3.655664734E2,7.281914797E-1,6.236523271E-2,-2.626949340E-1,7.766343295E-1
3.655764624E2,9.540626961E-1,-2.390569800E-1,-2.408324870E-1,1.012612539E0
3.655864514E2,1.020803985E0,-4.812322801E-1,2.587743759E-2,1.128846723E0
3.655964394E2,9.078106356E-1,-5.416796261E-1,8.969394922E-2,1.060934481E0
3.656064284E2,5.984467345E-1,-4.713329440E-1,1.871779977E-1,7.844289904E-1
3.656164174E2,1.298760152E-1,-2.692818224E-1,1.861689144E-1,3.521921974E-1
3.656264054E2,-3.095755702E-1,-2.861451924E-2,-3.334827885E-2,3.126786403E-1
3.656363944E2,-7.559505513E-1,4.779057992E-1,-3.516894101E-1,9.610102133E-1
3.656463834E2,-1.171034743E0,8.353221184E-1,-6.973693442E-1,1.598564798E0
3.656563724E2,-1.708325449E0,8.884423184E-1,-1.070236492E0,2.202977926E0
3.656663604E2,-2.010866234E0,9.259539610E-1,-1.443666435E0,2.642942777E0
3.656763494E2,-2.007423978E0,1.045885032E0,-1.952181969E0,2.989086979E0
3.656863384E2,-1.805704686E0,8.542694360E-1,-2.080943944E0,2.884557744E0
3.656963274E2,-1.449728243E0,5.480466592E-1,-1.982403304E0,2.516344567E0
3.657063154E2,-9.010185099E-1,2.157178187E-1,-1.870047739E0,2.086970790E0
3.657163044E2,-2.642052698E-1,-1.093446869E-1,-2.002795907E0,2.023104577E0
3.657262934E2,3.269488174E-1,-5.600527471E-1,-2.053844438E0,2.153794694E0
3.657362824E2,7.566077784E-1,-1.032106068E0,-2.196461098E0,2.542073882E0
3.657462704E2,1.045395912E0,-1.363962454E0,-2.019140044E0,2.651447285E0
3.657562594E2,1.307901396E0,-1.428716859E0,-1.672494881E0,2.559116459E0
3.657662484E2,1.540165666E0,-1.399029375E0,-1.443755313E0,2.532552640E0
3.657762374E2,2.009251233E0,-1.364568810E0,-1.184431883E0,2.702224535E0
3.657862254E2,2.346737025E0,-1.158794181E0,-1.206904341E0,2.882116706E0
3.657962144E2,2.438417566E0,-1.041169837E0,-1.275777817E0,2.942367056E0
3.658062034E2,2.563879226E0,-9.611284715E-1,-1.309624425E0,3.035187104E0
3.658161924E2,2.288233294E0,-8.342199183E-1,-1.075725274E0,2.662540017E0
3.658261804E2,1.929939015E0,-9.019493866E-1,-7.423098743E-1,2.255925807E0
3.658361694E2,1.597015220E0,-9.991441441E-1,-4.318322249E-1,1.932673202E0
3.658461584E2,1.403227091E0,-1.093935111E0,-2.922550942E-1,1.803095488E0
3.658561464E2,1.239990080E0,-1.170336000E0,-2.863540842E-1,1.728947776E0
3.658661354E2,1.129499923E0,-1.010448566E0,-4.132619065E-1,1.570847473E0
3.658761244E2,9.129617402E-1,-8.941433537E-1,-4.446154077E-1,1.353024145E0
3.658861134E2,7.135944906E-1,-6.659481615E-1,-3.954553807E-1,1.053132949E0
3.658961014E2,5.483948609E-1,-2.985939145E-1,-3.535669510E-1,7.175686992E-1
3.659060904E2,4.310041130E-1,-2.625692189E-2,-3.322167201E-1,5.448136566E-1
3.659160794E2,3.174944544E-1,5.537781000E-2,-2.815317392E-1,4.279363862E-1
3.659260684E2,2.722641948E-1,6.591098428E-2,-2.558308876E-1,3.793698626E-1
3.659360564E2,2.247514746E-1,-4.536386847E-2,-2.234513462E-1,3.201587262E-1
3.659460454E2,2.090753818E-1,-7.969930351E-2,-2.391195452E-1,3.274792377E-1
3.659560344E2,3.301454902E-1,-5.898963511E-2,-3.284205616E-1,4.693994961E-1
3.659660234E2,2.785473204E-1,6.885622680E-2,-3.410682352E-1,4.457099177E-1
3.659760114E2,3.348101065E-1,1.340298772E-1,-2.955399138E-1,4.662677943E-1
3.659860004E2,3.672864193E-1,1.244883907E-1,-3.682611501E-1,5.348017837E-1
3.659959894E2,4.295633590E-1,6.669334173E-3,-4.431462948E-1,6.172096872E-1
3.660059784E2,4.094413358E-1,-1.180003202E-1,-5.127516961E-1,6.666937714E-1
3.660159664E2,3.249239266E-1,-1.953122056E-1,-5.531378299E-1,6.705847259E-1
3.660259554E2,1.664790004E-1,-2.107564563E-1,-4.668978310E-1,5.386345013E-1
3.660359444E2,-1.959606618E-2,-1.491010755E-1,-3.206482963E-1,3.541616389E-1
3.660459334E2,-2.134669331E-1,-6.224478006E-2,-2.598894399E-1,3.420307956E-1
3.660559214E2,-3.459674710E-1,4.634503126E-3,-2.853172266E-1,4.484650370E-1
3.660659104E2,-2.944841990E-1,4.596554697E-2,-2.856949568E-1,4.128624266E-1
3.660758994E2,-8.887124598E-2,5.687001944E-2,-2.786009686E-1,2.979107201E-1
3.660858874E2,1.336369443E-1,-7.354861736E-2,-8.534712911E-2,1.747923466E-1
3.660958764E2,5.308166689E-1,-2.515975034E-1,7.456252456E-2,5.921378300E-1
3.661058657E2,8.703077638E-1,-5.251793683E-1,-2.656053856E-2,1.016835500E0
3.661158547E2,1.042779868E0,-6.359747493E-1,-1.857425062E-1,1.235457006E0
3.661258427E2,1.184181038E0,-5.969486779E-1,-3.659479916E-1,1.375699962E0
3.661358317E2,1.332771651E0,-4.471178699E-1,-4.002003962E-1,1.461627525E0
3.661458207E2,1.415727561E0,-2.902189475E-1,-2.060069092E-1,1.459777521E0
3.661558097E2,1.394565319E0,-1.695914733E-1,4.136729658E-2,1.405448309E0
3.661657977E2,1.439759618E0,-4.366525233E-2,2.400818507E-1,1.460292336E0
3.661757867E2,1.513701753E0,6.718450785E-3,3.805122364E-1,1.560809949E0
3.661857757E2,1.609543172E0,8.697265506E-2,4.680813074E-1,1.678479543E0
3.661957647E2,1.738211445E0,7.192075253E-2,5.073990087E-1,1.812182490E0
3.662057527E2,1.889413133E0,-4.463764429E-3,5.898238456E-1,1.979341830E0
3.662157417E2,1.970335381E0,-1.296421266E-1,6.737816763E-1,2.086386911E0
3.662257307E2,2.034153355E0,-3.449178958E-1,7.475220823E-1,2.194433296E0
3.662357197E2,2.017710107E0,-6.260888618E-1,8.493433030E-1,2.276955289E0
3.662457077E2,1.917994615E0,-9.237296802E-1,8.886458015E-1,2.306874775E0
3.662556967E2,1.823755625E0,-9.570038456E-1,8.127066962E-1,2.214143879E0
3.662656857E2,1.507535864E0,-9.062745720E-1,7.831367420E-1,1.925435311E0
3.662756747E2,1.397343331E0,-4.521388739E-1,7.873650098E-1,1.666415796E0
3.662856627E2,1.256177512E0,1.221886808E-1,9.917538482E-1,1.605144140E0
3.662956517E2,8.855479467E-1,3.763800091E-1,1.409238468E0,1.706402689E0
3.663056407E2,3.889743268E-1,2.234478378E-1,1.583222369E0,1.645546424E0
3.663156287E2,1.207394484E-1,-2.185133725E-1,1.531234190E0,1.551452305E0
3.663256177E2,4.569891393E-3,-6.259134454E-1,1.177081787E0,1.333157927E0
3.663356067E2,7.045222431E-2,-9.382465625E-1,8.182709067E-1,1.246931195E0
3.663455957E2,1.949648809E-1,-8.003756493E-1,5.617116022E-1,9.970618882E-1
3.663555847E2,2.760859349E-1,-4.190623444E-1,5.934624217E-1,7.771964604E-1
3.663655727E2,5.355774719E-1,1.740014434E-2,4.831675623E-1,7.215240028E-1
3.663755617E2,7.624596718E-1,3.817191017E-1,3.244906479E-1,9.123313018E-1
3.663855507E2,9.367297947E-1,6.484433520E-1,2.703131251E-1,1.170901650E0
3.663955387E2,1.082075496E0,7.226538742E-1,3.344798850E-1,1.343500203E0
3.664055277E2,1.151526969E0,5.865178299E-1,4.257367949E-1,1.360613591E0
3.664155167E2,1.023540482E0,3.458136892E-1,4.706352250E-1,1.178439536E0
3.664255057E2,7.565946221E-1,1.739552504E-1,5.767341225E-1,9.671184516E-1
3.664354937E2,4.756493586E-1,1.520276070E-2,6.532754910E-1,8.082340648E-1
3.664454827E2,3.871944344E-1,-1.063117361E-1,7.125586563E-1,8.179006993E-1
3.664554717E2,2.295061380E-1,-2.232250589E-1,8.853804240E-1,9.414887091E-1
3.664654607E2,2.118449154E-1,-2.336062056E-1,1.207424889E0,1.247928279E0
3.664754487E2,1.426482345E-1,-2.090163249E-1,1.514456774E0,1.535452918E0
3.664854377E2,6.810252070E-3,-3.830861807E-1,1.717889447E0,1.760098166E0
3.664954267E2,-5.084884912E-3,-5.554036260E-1,1.431259082E0,1.535252944E0
3.665054157E2,1.594293049E-1,-7.444522941E-1,3.668075323E-1,8.450885677E-1
3.665154037E2,-2.394322251E-1,-6.465821832E-1,-8.960887223E-2,6.952884726E-1
3.665253927E2,-2.640902258E-1,-2.455041200E-1,1.027390873E-1,3.749283137E-1
3.665353817E2,-4.742698543E-1,-9.896237075E-2,-6.415594250E-2,4.887140580E-1
3.665453707E2,-7.264326373E-1,-2.497275639E-1,-5.093980256E-1,9.217128518E-1
3.665553587E2,-8.712234378E-1,-5.095041525E-1,-9.275841647E-1,1.370779757E0
3.665653477E2,-1.029979728E0,-7.220843554E-1,-9.824895197E-1,1.596104543E0
3.665753367E2,-1.105708188E0,-9.468174112E-1,-6.415284348E-1,1.590789910E0
3.665853257E2,-8.450277655E-1,-1.118921433E0,-2.779763398E-1,1.429450224E0
3.665953137E2,-4.853662616E-1,-1.026630735E0,-1.705141640E-1,1.148314484E0
3.666053027E2,-1.262738380E-1,-8.469142234E-1,-2.449252456E-1,8.906161687E-1
3.666152917E2,2.734826083E-1,-5.231544775E-1,-5.472692719E-1,8.049763974E-1
3.666252797E2,5.326024085E-1,-5.215599418E-2,-1.098854958E0,1.222238844E0
3.666352687E2,5.442605871E-1,2.838215089E-1,-1.521017497E0,1.640203786E0
3.666452577E2,4.016550373E-1,3.646311986E-1,-1.739043211E0,1.821689867E0
3.666552467E2,1.599125773E-1,3.482584101E-1,-1.713297336E0,1.755631999E0
3.666652347E2,-1.005497436E-1,3.974352479E-1,-1.518144175E0,1.572522420E0
3.666752237E2,-3.787592411E-1,5.062063229E-1,-1.224472446E0,1.378055215E0
3.666852127E2,-6.634378056E-1,6.886716110E-1,-8.848769787E-1,1.302852861E0
3.666952017E2,-9.253464353E-1,8.790014040E-1,-6.338177115E-1,1.425003293E0
3.667051897E2,-1.063656913E0,9.988903749E-1,-4.440977830E-1,1.525244521E0
3.667151787E2,-1.149130488E0,9.632317150E-1,-3.652287841E-1,1.543278419E0
3.667251677E2,-1.161365787E0,8.452734947E-1,-3.375971818E-1,1.475543842E0
3.667351567E2,-9.839665264E-1,7.232573068E-1,-4.481691992E-1,1.300825464E0
3.667451447E2,-7.006433465E-1,7.189970255E-1,-6.873548180E-1,1.216681745E0
3.667551337E2,-4.938154882E-1,7.753799719E-1,-9.036567736E-1,1.289055236E0
3.667651227E2,-3.767562774E-1,9.020289087E-1,-1.052362577E0,1.436338553E0
3.667751117E2,-2.681281668E-1,1.070939766E0,-1.120114850E0,1.572724379E0
3.667850997E2,-2.272900432E-1,1.096515487E0,-1.098022900E0,1.568330726E0
3.667950887E2,-3.209766175E-1,1.071413391E0,-9.292456511E-1,1.454114893E0
3.668050777E2,-4.805528337E-1,9.350867271E-1,-6.688138819E-1,1.246045835E0
3.668150667E2,-6.071951924E-1,7.116616935E-1,-2.527321556E-1,9.690314289E-1
3.668250547E2,-6.722112603E-1,4.548712778E-1,1.221410260E-1,8.207888207E-1
3.668350437E2,-8.153125079E-1,1.917828262E-1,2.960810736E-1,8.883575519E-1
3.668450327E2,-7.852662979E-1,6.127414227E-2,4.518953374E-1,9.080787824E-1
3.668550217E2,-7.892434278E-1,7.164944172E-2,5.581588340E-1,9.693194080E-1
3.668650097E2,-1.020061242E0,6.028537810E-2,7.378978577E-1,1.260417595E0
3.668749987E2,-1.088209079E0,4.357812881E-2,6.023260698E-1,1.244546001E0
3.668849877E2,-1.371186835E0,-1.660562468E-1,6.390310889E-1,1.521870147E0
3.668949767E2,-1.491066011E0,-1.116654468E-1,3.803350657E-1,1.542855076E0
3.669049647E2,-1.780298241E0,1.032056952E-1,-1.151170582E-2,1.783324357E0
3.669149537E2,-2.046173184E0,4.037940949E-1,2.383354336E-2,2.085771418E0
3.669249427E2,-2.005542344E0,7.347903550E-1,-9.622470438E-3,2.135932946E0
3.669349317E2,-1.955706525E0,8.454535890E-1,1.581321001E-2,2.130687645E0
3.669449197E2,-1.950551620E0,9.223485678E-1,5.492728204E-2,2.158331649E0
3.669549087E2,-2.029532154E0,6.263958406E-1,1.791908473E-1,2.131544481E0
3.669648977E2,-2.039955547E0,1.712123215E-1,2.400939837E-1,2.061159240E0
3.669748857E2,-1.950680843E0,-1.285171223E-1,2.322253856E-1,1.968654625E0
3.669848747E2,-1.872460885E0,-1.211946541E-1,3.204800427E-1,1.903550726E0
3.669948637E2,-1.812204597E0,2.349469721E-2,5.194613761E-1,1.885332231E0
3.670048527E2,-1.886072911E0,2.483569765E-1,5.417240649E-1,1.977983108E0
3.670148407E2,-2.029414917E0,5.502031124E-1,2.913258255E-1,2.122762141E0
3.670248297E2,-2.198131063E0,7.670780951E-1,-2.604671448E-1,2.342654927E0
3.670348187E2,-2.380623979E0,7.868720895E-1,-5.555872285E-1,2.568115142E0
3.670448077E2,-2.011798280E0,4.462366945E-1,-5.327596986E-1,2.128448356E0
3.670547957E2,-1.396104306E0,2.058828020E-1,-4.713575023E-1,1.487841677E0
3.670647847E2,-7.274282719E-1,1.303280050E-1,-4.264947402E-1,8.532496956E-1
3.670747737E2,2.594014898E-2,1.188095748E-2,-8.380662167E-1,8.385517468E-1
3.670847627E2,6.512684342E-1,-3.745667875E-2,-1.035188574E0,1.223588558E0
3.670947507E2,8.071043327E-1,-2.768650764E-1,-9.683404273E-1,1.290641258E0
3.671047397E2,7.467815325E-1,-5.675003457E-1,-8.824173474E-1,1.287788676E0
3.671147286E2,7.063876511E-1,-8.863145167E-1,-3.060691412E-1,1.173974129E0
3.671247176E2,5.266867805E-1,-1.194958041E0,1.400378913E-1,1.313367540E0
3.671347056E2,2.647705494E-1,-1.444176312E0,2.087928151E-1,1.483018241E0
3.671446946E2,-2.908989787E-4,-1.508272321E0,1.111513303E-1,1.512362422E0
3.671546836E2,-1.982254346E-1,-1.225136105E0,-9.671703994E-2,1.244831710E0
3.671646726E2,-3.636782487E-1,-8.490782779E-1,-3.697254391E-1,9.949335108E-1
3.671746606E2,-6.053799243E-1,-5.055830097E-1,-4.957152486E-1,9.315753540E-1
3.671846496E2,-7.198593436E-1,-3.654217422E-2,-3.799280995E-1,8.147871906E-1
3.671946386E2,-7.217918484E-1,3.013415211E-1,-2.559275128E-1,8.229757448E-1
3.672046276E2,-6.420551227E-1,5.568180674E-1,-3.817068225E-1,9.316551074E-1
3.672146156E2,-3.402297445E-1,7.055308878E-1,-7.950179918E-1,1.116057221E0
3.672246046E2,7.365430579E-2,6.763187832E-1,-1.331685385E0,1.495398949E0
3.672345936E2,4.407834350E-1,5.558234560E-1,-1.748066196E0,1.886521979E0
3.672445826E2,7.001935494E-1,2.205949813E-1,-1.745912959E0,1.893976033E0
3.672545706E2,1.207410564E0,2.971385425E-1,-1.504581558E0,1.951895809E0
3.672645596E2,1.337836363E0,6.552389860E-3,-1.092032720E0,1.726958172E0
3.672745486E2,1.378759710E0,-4.485767502E-1,-4.505092549E-1,1.518274688E0
3.672845376E2,1.644415674E0,-9.936530238E-1,-1.362202442E-1,1.926137377E0
3.672945256E2,1.949564756E0,-1.477083272E0,-1.268781477E-1,2.449219426E0
3.673045146E2,2.269577167E0,-1.755442312E0,-2.997083938E-1,2.884854130E0
3.673145036E2,2.595101895E0,-1.911371766E0,-3.756245488E-1,3.244840470E0
3.673244916E2,2.818462902E0,-1.928767818E0,-3.645230252E-1,3.434640514E0
3.673344806E2,2.769293958E0,-1.731483931E0,-3.112097208E-1,3.280834820E0
3.673444696E2,2.390909085E0,-1.349987023E0,-3.782049251E-1,2.771633125E0
3.673544586E2,1.825449710E0,-8.498436785E-1,-4.158772199E-1,2.056077524E0
3.673644466E2,1.407931615E0,-3.929200280E-1,-4.730929559E-1,1.536383587E0
3.673744356E2,1.039382197E0,-5.432004869E-2,-4.313258560E-1,1.126635706E0
3.673844246E2,7.268206000E-1,1.280113381E-1,-2.862989742E-1,7.915947132E-1
3.673944136E2,4.894148737E-1,8.299245536E-2,-1.166952217E-1,5.099337614E-1
3.674044016E2,3.423940913E-1,5.454165816E-2,-8.488300636E-2,3.569504602E-1
3.674143906E2,2.290842614E-1,6.082332194E-2,9.800956696E-3,2.372238058E-1
3.674243796E2,1.269541615E-1,4.978553295E-2,2.196455397E-1,2.585345654E-1
3.674343686E2,1.893873681E-1,-1.907718426E-1,4.936652148E-1,5.621092558E-1
3.674443566E2,4.299956144E-1,-4.483545560E-1,3.576279885E-1,7.168094687E-1
3.674543456E2,7.709960219E-1,-5.131405360E-1,-6.524878711E-2,9.284425021E-1
3.674643346E2,1.093917716E0,-3.311091113E-1,-2.435295153E-1,1.168587111E0
3.674743236E2,1.178264825E0,-1.053048456E-1,-2.005900486E-1,1.199847272E0
3.674843116E2,9.631869838E-1,8.535180688E-2,-2.502169758E-3,9.669645068E-1
3.674943006E2,5.970641604E-1,1.854608166E-1,1.361547554E-1,6.398589247E-1
3.675042896E2,2.227850559E-1,1.925464725E-1,2.506995173E-1,3.867267423E-1
3.675142786E2,-1.193738312E-2,4.795652390E-2,4.298066032E-1,4.326384697E-1
3.675242666E2,-7.939729482E-2,-2.728661656E-2,4.962075841E-1,5.032598299E-1
3.675342556E2,-4.172909304E-2,-2.803155184E-3,4.825040495E-1,4.843132589E-1
3.675442446E2,3.022747368E-2,9.131187379E-2,3.233728065E-1,3.373744662E-1
3.675542336E2,2.570405303E-1,3.062479198E-2,1.627489154E-1,3.057693928E-1
3.675642216E2,4.683713293E-1,-2.665570199E-2,-2.337599874E-2,4.697112580E-1
3.675742106E2,6.255086718E-1,-1.281651199E-1,-1.779488987E-1,6.628372402E-1
3.675841996E2,7.907549331E-1,-1.800603282E-1,-2.346084183E-1,8.442488945E-1
3.675941886E2,9.169033483E-1,-2.604975504E-1,-1.351246221E-1,9.627197865E-1
3.676041766E2,9.755333796E-1,-3.026010114E-1,-5.407855868E-2,1.022818282E0
3.676141656E2,9.512912621E-1,-3.092247373E-1,-9.767496005E-2,1.005044975E0
3.676241546E2,9.049355596E-1,-3.279557079E-1,-8.286264718E-2,9.660898156E-1
3.676341436E2,8.698838407E-1,-3.525958747E-1,-3.508811787E-2,9.392831964E-1
3.676441316E2,8.688237405E-1,-3.207396591E-1,6.016784906E-3,9.261559386E-1
3.676541206E2,8.136602309E-1,-2.628294200E-1,-2.468445942E-2,8.554131154E-1
3.676641096E2,7.136851224E-1,-1.075694722E-1,-1.060353090E-1,7.294937505E-1
3.676740986E2,6.515590408E-1,5.953634977E-3,-5.273837686E-2,6.537170381E-1
3.676840866E2,6.469569898E-1,1.350122094E-3,-1.626943901E-2,6.471629347E-1
3.676940756E2,6.217630917E-1,-6.809667349E-2,2.128795803E-2,6.258431723E-1
3.677040646E2,6.140839434E-1,-1.031185716E-1,-6.946316779E-2,6.265442211E-1
3.677140536E2,5.004786828E-1,-1.861104423E-1,2.147945434E-1,5.755455712E-1
3.677240416E2,4.173263061E-1,-1.783634663E-1,3.205414385E-1,5.556272002E-1
3.677340306E2,4.195263210E-1,-8.708433688E-2,3.763593976E-1,5.702915149E-1
3.677440196E2,6.276560618E-1,1.780126333E-2,4.350334293E-1,7.638868381E-1
3.677540076E2,1.045369307E0,1.023186725E-1,3.810975426E-1,1.117363610E0
3.677639966E2,1.447140266E0,-1.152661622E-2,2.453855677E-1,1.467842597E0
3.677739856E2,1.752464910E0,-1.801164615E-1,7.070438549E-2,1.763114946E0
3.677839746E2,2.060593733E0,-3.164273375E-1,4.694554031E-2,2.085276163E0
3.677939626E2,2.112634537E0,-4.653728771E-1,-4.919598743E-2,2.163843074E0
3.678039516E2,1.900053603E0,-6.371792758E-1,-3.807502180E-1,2.039895059E0
3.678139406E2,1.510885880E0,-7.698075753E-1,-9.117428881E-1,1.925267498E0
3.678239296E2,1.043933524E0,-7.789046735E-1,-1.197828439E0,1.769543066E0
3.678339176E2,6.038276348E-1,-7.047140318E-1,-1.199275625E0,1.516407499E0
3.678439066E2,1.444715425E-1,-6.166000003E-1,-1.094418676E0,1.264444473E0
3.678538956E2,-2.063912174E-1,-5.537745917E-1,-9.777474278E-1,1.142476987E0
3.678638846E2,-3.780412030E-1,-5.188585281E-1,-8.570357537E-1,1.070812592E0
3.678738726E2,-4.103736743E-1,-4.772661138E-1,-8.940094525E-1,1.093362884E0
3.678838616E2,-3.060052603E-1,-2.829917890E-1,-1.237666104E0,1.305963612E0
3.678938506E2,-1.590325713E-1,-1.494063002E-1,-1.368215134E0,1.385505775E0
3.679038396E2,-1.190136427E-1,-1.138563985E-1,-1.344426321E0,1.354477634E0
3.679138276E2,-3.370744407E-2,-2.041812623E-1,-1.286318300E0,1.302858760E0
3.679238166E2,-1.200725734E-1,-2.554449713E-1,-1.578576757E0,1.603612838E0
3.679338056E2,-2.114022812E-1,-4.073901325E-1,-1.737064952E0,1.796678127E0
3.679437946E2,-3.262500751E-1,-5.806904948E-1,-1.974627530E0,2.083937246E0
3.679537826E2,-4.489015630E-1,-6.683034199E-1,-2.091492467E0,2.241089649E0
3.679637716E2,-5.615838405E-1,-4.690460980E-1,-2.084737179E0,2.209413894E0
3.679737606E2,-5.324626601E-1,-7.181608737E-2,-1.892534961E0,1.967323719E0
3.679837496E2,-2.450606087E-1,1.299836040E-1,-1.729535785E0,1.751640508E0
3.679937376E2,2.327507579E-1,8.094417572E-2,-1.694630685E0,1.712453805E0
3.680037266E2,7.340629613E-1,-2.012243253E-1,-1.739356037E0,1.898604510E0
3.680137156E2,1.184707872E0,-5.670846087E-1,-1.588877650E0,2.061467895E0
3.680237046E2,1.433486140E0,-6.278401029E-1,-1.443869626E0,2.129278095E0
3.680336926E2,1.348215609E0,-5.070395511E-1,-1.879359138E0,2.367860892E0
3.680436816E2,1.197340489E0,-4.912087995E-1,-2.032996337E0,2.409976024E0
3.680536706E2,8.832763034E-1,-5.943408197E-1,-1.601268777E0,1.922883183E0
3.680636596E2,4.481689069E-1,-7.983969516E-1,-1.468453513E0,1.730505354E0
3.680736476E2,-1.406685135E-1,-9.659167564E-1,-1.230908769E0,1.570961237E0
3.680836366E2,-7.331139582E-1,-8.579835874E-1,-1.144400968E0,1.607247799E0
3.680936256E2,-1.089432463E0,-4.094717413E-1,-1.030609473E0,1.554569421E0
3.681036146E2,-1.414426556E0,-3.332620561E-2,-6.234175614E-1,1.546079744E0
3.681136023E2,-1.776402534E0,2.823117578E-1,-1.539077792E-1,1.805268261E0
3.681235913E2,-1.707032045E0,6.418757594E-1,5.567134023E-2,1.824571783E0
3.681335803E2,-1.741300237E0,8.744095856E-1,1.515826339E-1,1.954404240E0
3.681435693E2,-1.497602029E0,9.022715682E-1,-2.378151776E-1,1.764500462E0
3.681535573E2,-1.342296765E0,9.028896189E-1,-3.183674437E-1,1.648735303E0
3.681635463E2,-1.148053139E0,9.615360224E-1,2.361339569E-2,1.497709960E0
3.681735353E2,-9.615488863E-1,9.606905150E-1,3.510668278E-2,1.359681950E0
3.681835243E2,-9.882443494E-1,9.408778095E-1,7.609098673E-2,1.366626425E0
3.681935123E2,-1.004370970E0,9.437248188E-1,-1.003124928E-1,1.381824944E0
3.682035013E2,-7.485064611E-1,7.534219229E-1,1.192397837E-1,1.068702317E0
3.682134903E2,-4.081917858E-1,3.572946972E-1,2.144320160E-1,5.833190586E-1
3.682234792E2,-1.796767509E-1,6.866560757E-2,9.709827840E-2,2.154687359E-1
3.682334673E2,1.615878046E-3,9.366947114E-2,1.481384777E-1,1.752757526E-1
3.682434563E2,3.842468530E-2,3.099112004E-1,2.259232566E-1,3.854383562E-1
3.682534452E2,-5.354763150E-2,4.930261141E-1,1.393131289E-1,5.151215836E-1
3.682634343E2,-5.769137782E-1,6.126227242E-1,-9.359053373E-3,8.415602780E-1
3.682734223E2,-1.585615781E0,7.280660570E-1,1.346262932E-1,1.749966236E0
3.682834112E2,-2.657905084E0,8.497624022E-1,1.014249256E-1,2.792282685E0
3.682934003E2,-3.497493916E0,7.909651405E-1,1.624175245E-1,3.589494254E0
3.683033893E2,-3.701045433E0,5.809009945E-1,2.717402843E-1,3.756198350E0
3.683133772E2,-3.495202977E0,6.204971695E-1,8.742025942E-2,3.550929863E0
3.683233663E2,-3.326281595E0,8.725525099E-1,-3.349308515E-1,3.455094182E0
3.683333553E2,-3.405948446E0,1.131219882E0,-5.993372655E-1,3.638591540E0
3.683433443E2,-3.604068192E0,1.339479577E0,-7.266144857E-1,3.912988843E0
3.683533323E2,-4.039137874E0,1.421889650E0,-8.283481443E-1,4.361486626E0
3.683633213E2,-4.608689131E0,1.388884456E0,-9.747837666E-1,4.911132143E0
3.683733103E2,-5.139956328E0,1.446668395E0,-1.155942202E0,5.463350883E0
3.683832993E2,-5.237328840E0,1.575710598E0,-1.252603693E0,5.610837129E0
3.683932873E2,-5.048539789E0,1.590816879E0,-1.305461061E0,5.451851146E0
3.684032763E2,-4.475245437E0,1.352348714E0,-1.101212848E0,4.803055122E0
3.684132653E2,-3.769271623E0,9.838606918E-1,-8.893135536E-1,3.995781403E0
3.684232543E2,-3.216815870E0,6.775121999E-1,-7.783105963E-1,3.378267975E0
3.684332423E2,-2.726241786E0,5.327281237E-1,-6.255842471E-1,2.847375841E0
3.684432313E2,-2.148018232E0,5.430689245E-1,-6.049579015E-1,2.296710744E0
3.684532203E2,-1.576255558E0,4.706879961E-1,-4.810171026E-1,1.713915467E0
3.684632083E2,-1.010973646E0,3.156935120E-1,-2.987225533E-1,1.100438672E0
3.684731973E2,-5.179396382E-1,1.754123765E-1,-1.647184038E-1,5.711069280E-1
3.684831863E2,-1.220132643E-1,6.154662251E-2,-5.079183877E-3,1.367516783E-1
3.684931753E2,2.725676653E-1,-2.623411775E-2,2.377232301E-1,3.626205941E-1
3.685031633E2,8.140221736E-1,-2.569254863E-1,3.044402531E-1,9.062707500E-1
3.685131523E2,1.132113336E0,-3.899560744E-1,4.355076385E-1,1.274132352E0
3.685231413E2,1.340961554E0,-5.326269668E-1,5.063922644E-1,1.529150908E0
3.685331302E2,1.425245659E0,-6.890534341E-1,4.969241604E-1,1.659232788E0
3.685431183E2,1.433333235E0,-8.007223892E-1,4.579863819E-1,1.704509324E0
3.685531073E2,1.309176967E0,-8.976142609E-1,4.239091015E-1,1.642971277E0
3.685630962E2,1.109921399E0,-1.011110471E0,4.877183041E-1,1.578651019E0
3.685730853E2,8.563340878E-1,-1.024738576E0,6.567633551E-1,1.488198685E0
3.685830733E2,4.782361668E-1,-1.107842714E0,9.348271108E-1,1.526409852E0
3.685930622E2,2.010249352E-1,-1.032427080E0,1.149217319E0,1.557888683E0
3.686030513E2,2.039216459E-1,-8.566650403E-1,1.360259120E0,1.620420902E0
3.686130403E2,3.265330803E-1,-5.660321099E-1,1.470958606E0,1.609576163E0
3.686230282E2,6.509105846E-1,-3.463592345E-1,1.368358683E0,1.554366364E0
3.686330173E2,1.144492477E0,-1.125752735E-1,1.047533947E0,1.555591074E0
3.686430063E2,1.694291839E0,1.532923597E-1,6.054163232E-1,1.805727639E0
3.686529953E2,2.072341813E0,5.273241270E-1,2.477851188E-1,2.152688735E0
3.686629833E2,2.298657125E0,9.480540973E-1,-6.053593129E-2,2.487226517E0
3.686729723E2,2.455824434E0,1.237891806E0,-1.784991217E-1,2.755959309E0
3.686829613E2,2.327980034E0,1.333416014E0,-1.272263494E-1,2.685828709E0
3.686929503E2,1.662540581E0,1.501823426E0,5.345553786E-2,2.241064988E0
3.687029383E2,6.644118056E-1,1.515067370E0,2.287617874E-1,1.670091057E0
3.687129273E2,-2.621853492E-1,1.480388703E0,3.455859402E-1,1.542634601E0
3.687229163E2,-1.055287939E0,1.296012545E0,6.053815323E-1,1.777573614E0
3.687329053E2,-1.696802341E0,8.260191983E-1,9.138879392E-1,2.096815935E0
3.687428933E2,-1.970202065E0,3.738417327E-1,8.121572042E-1,2.163574159E0
3.687528823E2,-1.924801067E0,2.600081384E-2,3.851748061E-1,1.963133928E0
3.687628713E2,-1.534886507E0,-1.897719687E-1,-3.356331021E-2,1.546937777E0
3.687728602E2,-1.012272605E0,-1.674706882E-1,-2.275780186E-1,1.050968131E0
3.687828483E2,-6.519075349E-1,-6.514207542E-2,-1.359302223E-2,6.552951200E-1
3.687928373E2,-5.103172079E-1,-3.656205475E-2,3.052781591E-1,5.957811603E-1
3.688028262E2,-4.072924840E-1,-1.206134409E-1,6.372321931E-1,7.658326433E-1
3.688128153E2,-2.749518675E-1,-4.011032063E-1,9.290278423E-1,1.048606238E0
3.688228033E2,-1.602634102E-2,-8.887703472E-1,1.213414485E0,1.504175616E0
3.688327922E2,4.104046646E-1,-1.161607277E0,1.397881275E0,1.863286213E0
3.688427813E2,1.023347816E0,-1.045779782E0,1.264911790E0,1.934140104E0
3.688527703E2,1.426958601E0,-7.118137211E-1,8.020507304E-1,1.784985993E0
3.688627582E2,1.612099867E0,-2.404755145E-1,2.146179575E-1,1.644005877E0
3.688727473E2,1.782011183E0,2.345324045E-1,8.169729710E-3,1.797397021E0
3.688827363E2,2.047777952E0,4.178274125E-1,2.209551698E-1,2.101617347E0
3.688927253E2,2.259862019E0,3.331831187E-1,6.028517345E-1,2.362502391E0
3.689027133E2,2.310311795E0,1.772302759E-1,7.143136981E-1,2.424705182E0
3.689127023E2,2.409863565E0,2.377185524E-1,3.938254693E-1,2.453375433E0
3.689226913E2,2.045025375E0,3.118097913E-1,1.669450235E-1,2.075385451E0
3.689326803E2,1.333019573E0,4.096951050E-1,4.241872828E-1,1.457644028E0
3.689426683E2,6.175700533E-1,4.812574232E-1,7.604128540E-1,1.091434463E0
3.689526573E2,-5.377157986E-2,3.189942652E-1,1.058617782E0,1.106941883E0
3.689626463E2,-6.228126669E-1,1.776267171E-2,9.556560624E-1,1.140828488E0
3.689726353E2,-9.522681856E-1,-1.929078305E-1,7.533511716E-1,1.229457651E0
3.689826233E2,-1.046653064E0,-2.381828213E-1,7.273684841E-1,1.296641278E0
3.689926123E2,-9.859034166E-1,-8.177915812E-2,6.334624931E-1,1.174720438E0
3.690026013E2,-8.505745804E-1,1.450799453E-1,3.450405411E-1,9.292891275E-1
3.690125903E2,-5.062913999E-1,2.707056195E-1,-1.853833410E-1,6.033071333E-1
3.690225783E2,-3.146377972E-1,9.808470368E-2,-6.109283473E-1,6.941548804E-1
3.690325673E2,-1.685135391E-1,-1.893316734E-1,-9.730991837E-1,1.005567162E0
3.690425563E2,2.320993781E-2,-5.760916597E-1,-1.401488860E0,1.515450866E0
3.690525452E2,2.325493214E-1,-1.086799169E0,-1.765570567E0,2.086252872E0
3.690625333E2,3.953895995E-1,-1.377646692E0,-1.829200406E0,2.323836799E0
3.690725223E2,4.187208670E-1,-1.431325302E0,-1.619244434E0,2.201356813E0
3.690825112E2,4.165606132E-1,-1.204717628E0,-1.242367411E0,1.779984296E0
3.690925003E2,4.388858673E-1,-8.095247877E-1,-8.693754253E-1,1.266398364E0
3.691024883E2,2.652539679E-1,-4.876431674E-1,-6.446417847E-1,8.507164961E-1
3.691124777E2,8.916082934E-2,-1.769911247E-1,-6.825481144E-1,7.107372511E-1
3.691224667E2,-9.538416713E-2,2.019335926E-2,-8.923981060E-1,8.977083550E-1
3.691324557E2,-2.116224289E-1,3.518386602E-2,-9.484601864E-1,9.724189848E-1
3.691424437E2,-8.311422363E-2,1.297672570E-2,-8.883166033E-1,8.922907358E-1
3.691524327E2,9.056664616E-2,-5.069535971E-4,-7.582090384E-1,7.635990573E-1
3.691624217E2,3.731133159E-1,2.952843904E-2,-5.693536207E-1,6.813582175E-1
3.691724107E2,5.427484971E-1,3.638196051E-2,-3.490404752E-1,6.463194500E-1
3.691823987E2,7.412892428E-1,-1.724343896E-3,-2.785327023E-1,7.918921525E-1
3.691923877E2,9.345929298E-1,-8.154643893E-2,-4.261767979E-1,1.030407895E0
3.692023767E2,1.075848650E0,-1.838826531E-1,-6.393082470E-1,1.264902440E0
3.692123657E2,1.127930677E0,-2.537796843E-1,-6.623480308E-1,1.332417597E0
3.692223537E2,1.139220188E0,-3.150520724E-1,-4.917213079E-1,1.280183694E0
3.692323427E2,1.107753251E0,-3.819681931E-1,-2.809674829E-1,1.204972901E0
3.692423317E2,1.006913632E0,-4.232764328E-1,-1.237200665E-1,1.099247313E0
3.692523207E2,9.342695788E-1,-4.650717455E-1,-3.397232294E-2,1.044176945E0
3.692623087E2,8.298516096E-1,-5.467585176E-1,-3.214521423E-2,9.942996960E-1
3.692722977E2,7.374565391E-1,-5.527215081E-1,-7.869197443E-2,9.249516958E-1
3.692822867E2,6.196814829E-1,-4.466173482E-1,-1.096516657E-1,7.716836682E-1
3.692922757E2,4.594467241E-1,-3.760858941E-1,-1.129291762E-1,6.043880300E-1
3.693022637E2,2.973997669E-1,-2.200950444E-1,-1.956530982E-1,4.185314621E-1
3.693122527E2,2.047468342E-1,-4.117492318E-2,-3.160928768E-1,3.788553117E-1
3.693222417E2,2.069579588E-1,7.866376162E-2,-4.684353563E-1,5.181228302E-1
3.693322307E2,2.481419452E-1,9.704974651E-2,-6.117824793E-1,6.672862056E-1
3.693422187E2,2.514396286E-1,1.286270499E-2,-6.660507801E-1,7.120470334E-1
3.693522077E2,2.607109737E-1,-1.006259036E-1,-6.486965364E-1,7.063306454E-1
3.693621967E2,2.686114392E-1,-2.699694550E-1,-6.423961616E-1,7.467987950E-1
3.693721857E2,3.127944624E-1,-4.405608022E-1,-5.207600427E-1,7.504166964E-1
3.693821737E2,4.515408500E-1,-5.353734040E-1,-4.028639491E-1,8.079685528E-1
3.693921627E2,6.262185238E-1,-5.199227214E-1,-4.242888781E-1,9.178727188E-1
3.694021517E2,8.061271168E-1,-5.031207472E-1,-4.933681762E-1,1.070693034E0
3.694121397E2,9.236415334E-1,-5.029821682E-1,-6.128241608E-1,1.217233830E0
3.694221287E2,9.581234412E-1,-4.847353470E-1,-8.189718416E-1,1.350438359E0
3.694321177E2,8.151020081E-1,-4.073304909E-1,-9.631956084E-1,1.325916737E0
3.694421067E2,5.327538514E-1,-3.075904405E-1,-9.804950345E-1,1.157501213E0
3.694520957E2,2.672524001E-1,-2.141566122E-1,-9.590183575E-1,1.018333496E0
3.694620837E2,4.445755005E-2,-1.374791497E-1,-8.883424772E-1,9.000163039E-1
3.694720727E2,-1.486531788E-1,-5.247057438E-2,-8.189098611E-1,8.339450158E-1
3.694820617E2,-3.831026991E-1,9.173696637E-3,-7.868527937E-1,8.752080631E-1
3.694920497E2,-5.169248539E-1,2.748191357E-2,-8.025513983E-1,9.550158674E-1
3.695020387E2,-5.636898614E-1,4.091238320E-2,-8.180757558E-1,9.943178693E-1
3.695120277E2,-6.401938078E-1,6.305461943E-2,-8.735497525E-1,1.084856289E0
3.695220167E2,-7.304724786E-1,1.290831327E-2,-9.278673162E-1,1.180971813E0
3.695320057E2,-6.899161908E-1,-1.042581940E-1,-9.045908663E-1,1.142426696E0
3.695419937E2,-5.911233893E-1,-1.366424131E-1,-8.850994653E-1,1.073079249E0
3.695519827E2,-4.859103450E-1,-1.159725058E-1,-8.089833355E-1,9.507957313E-1
3.695619717E2,-4.019858435E-1,-6.936259568E-2,-6.825656560E-1,7.951727251E-1
3.695719597E2,-3.445544913E-1,-7.978408813E-2,-4.942863353E-1,6.077847312E-1
3.695819487E2,-2.310957035E-1,-8.737377405E-2,-3.043943524E-1,3.920399500E-1
3.695919377E2,-5.523601502E-2,-3.417872965E-2,-2.057030001E-1,2.157149211E-1
3.696019267E2,1.444607252E-1,-3.528619230E-2,-1.959264556E-1,2.459699016E-1
3.696119147E2,2.949759498E-1,-1.021420866E-1,-2.137557855E-1,3.783323310E-1
3.696219037E2,3.828680795E-1,-1.869676441E-1,-2.371326613E-1,4.876235898E-1
3.696318927E2,3.996115816E-1,-1.774366826E-1,-1.991859859E-1,4.804666996E-1
3.696418817E2,3.923303363E-1,-5.893233240E-2,-1.320795384E-1,4.181400687E-1
3.696518697E2,2.745960644E-1,1.160701543E-1,2.136572599E-3,2.981272283E-1
3.696618587E2,1.980574733E-1,2.134473449E-1,2.605285406E-1,3.907194035E-1
3.696718477E2,1.780617499E-1,2.230835563E-1,5.719237643E-1,6.391940645E-1
3.696818367E2,2.568082497E-1,1.973113686E-1,8.465556429E-1,9.063877260E-1
3.696918247E2,3.492296326E-1,1.532099140E-1,1.029710025E0,1.098060723E0
3.697018137E2,4.310576150E-1,1.007381701E-1,1.128679705E0,1.212384726E0
3.697118027E2,5.255652845E-1,5.117892444E-2,1.096902573E0,1.217387944E0
3.697217917E2,6.096824518E-1,1.702124476E-3,9.899792182E-1,1.162658351E0
3.697317797E2,6.640741289E-1,-2.510735929E-2,8.833874005E-1,1.105440241E0
3.697417687E2,6.552705610E-1,-2.828590572E-2,7.749519557E-1,1.015248804E0
3.697517577E2,5.934882957E-1,-6.892113090E-3,6.471142799E-1,8.780847052E-1
3.697617467E2,5.336996385E-1,3.508504808E-2,6.088464461E-1,8.104074653E-1
3.697717347E2,5.016785315E-1,7.880000174E-2,6.031255303E-1,7.884485998E-1
3.697817237E2,5.138293380E-1,1.142428994E-1,6.307482156E-1,8.215323123E-1
3.697917127E2,5.491254705E-1,1.533192569E-1,6.107060069E-1,8.354683739E-1
3.698017017E2,5.880462921E-1,1.570211291E-1,5.532518506E-1,8.225215418E-1
3.698116907E2,5.729063889E-1,1.296988446E-1,5.534418851E-1,8.070572724E-1
3.698216787E2,5.283386189E-1,7.266101003E-2,5.169575983E-1,7.427425375E-1
3.698316677E2,4.024954283E-1,4.103575945E-3,4.941154504E-1,6.373142768E-1
3.698416567E2,2.307030630E-1,-3.713742077E-2,4.402181554E-1,4.983925317E-1
3.698516447E2,4.071825564E-2,-1.667508960E-2,4.110955131E-1,4.134435341E-1
3.698616337E2,-1.247930306E-1,1.065479636E-2,4.069825816E-1,4.258187959E-1
3.698716227E2,-2.603823602E-1,6.703657329E-2,3.715238965E-1,4.586097266E-1
3.698816117E2,-2.639936006E-1,1.085021031E-1,3.649030942E-1,4.632705426E-1
3.698916007E2,-2.006135836E-1,9.496462941E-2,3.658535591E-1,4.279169516E-1
3.699015887E2,-6.012107134E-2,1.063509125E-1,2.897935626E-1,3.144922395E-1
3.699115777E2,5.263546586E-2,6.960174680E-2,1.868547928E-1,2.062270812E-1
3.699215667E2,9.299587190E-2,6.819373727E-2,5.615432024E-2,1.282650602E-1
3.699315557E2,4.361701280E-2,9.308007181E-2,-5.073541313E-2,1.146316960E-1
3.699415437E2,-1.799597561E-2,1.201462483E-1,-1.240095037E-1,1.736010747E-1
3.699515327E2,-1.072999156E-1,1.489823771E-1,-1.950794864E-1,2.678899523E-1
3.699615217E2,-1.853979591E-1,1.554768795E-1,-2.407693371E-1,3.413434297E-1
3.699715107E2,-2.826918268E-1,9.119025171E-2,-2.504716220E-1,3.885439028E-1
3.699814987E2,-3.570555460E-1,2.354381382E-2,-2.161604530E-1,4.180530057E-1
3.699914877E2,-3.984704974E-1,2.763218701E-2,-2.020674938E-1,4.476310391E-1
3.700014767E2,-3.806084231E-1,3.709064305E-2,-2.137169015E-1,4.380792183E-1
3.700114657E2,-3.430614048E-1,4.999720216E-2,-2.152900949E-1,4.080939508E-1
3.700214537E2,-3.543956476E-1,2.106108606E-2,-2.528493923E-1,4.358585316E-1
3.700314427E2,-3.793436703E-1,-4.803955436E-2,-1.952551952E-1,4.293413680E-1
3.700414317E2,-3.949975437E-1,-1.199357486E-1,-1.761368465E-1,4.488115774E-1
3.700514207E2,-4.420825401E-1,-1.409506416E-1,-2.447507063E-1,5.246017193E-1
3.700614087E2,-4.845719174E-1,-7.449820518E-2,-1.915334424E-1,5.263506296E-1
3.700713977E2,-5.136030507E-1,3.294555187E-2,-1.271582294E-1,5.301346229E-1
3.700813867E2,-5.211234471E-1,1.334638667E-1,-6.023596913E-2,5.413045564E-1
3.700913747E2,-5.610552523E-1,1.956992912E-1,2.222760558E-2,5.946219598E-1
3.701013637E2,-6.137129375E-1,1.848562145E-1,1.248164195E-1,6.529889190E-1
3.701113526E2,-6.762433541E-1,1.872372007E-1,1.908548731E-1,7.271784003E-1
3.701213416E2,-6.641334781E-1,2.185905558E-1,2.308588913E-1,7.363089946E-1
3.701313296E2,-5.839479786E-1,2.759751302E-1,2.535612908E-1,6.938665883E-1
3.701413186E2,-4.680623040E-1,3.056257761E-1,2.706228814E-1,6.210685786E-1
3.701513076E2,-3.556680018E-1,2.880198097E-1,2.986751908E-1,5.464997785E-1
3.701612966E2,-1.945245856E-1,2.418016630E-1,3.079304561E-1,4.371830560E-1
3.701712856E2,-3.764262021E-2,1.775577199E-1,2.711637488E-1,3.263027573E-1
3.701812736E2,5.172154605E-2,1.266892827E-1,2.612193891E-1,2.948912714E-1
3.701912626E2,1.259940487E-1,9.016698897E-2,2.982278788E-1,3.360720963E-1
3.702012516E2,1.226412553E-1,7.502094626E-2,3.125123343E-1,3.439956089E-1
3.702112406E2,1.496855047E-1,3.803438365E-2,3.064288911E-1,3.431486995E-1
3.702212286E2,2.040432680E-1,4.031596720E-2,2.928908327E-1,3.592270484E-1
3.702312176E2,2.233972594E-1,1.714403629E-2,3.261337155E-1,3.956810002E-1
3.702412066E2,2.341318703E-1,-1.245456934E-2,3.406716478E-1,4.135577597E-1
3.702511956E2,2.366233689E-1,-3.769349098E-2,3.207355660E-1,4.003532456E-1
3.702611836E2,2.068350211E-1,-2.420688808E-2,2.811771056E-1,3.498960761E-1
3.702711726E2,1.230444208E-1,5.706882477E-3,2.902256718E-1,3.152831086E-1
3.702811616E2,5.272726715E-3,5.958897471E-2,2.977323273E-1,3.036827066E-1
3.702911506E2,-8.870927811E-2,8.511031687E-2,2.876935351E-1,3.128588694E-1
3.703011386E2,-1.130836889E-1,9.929975510E-2,3.007190850E-1,3.362741890E-1
3.703111276E2,-1.233475989E-1,1.259431779E-1,2.730117613E-1,3.249795933E-1
3.703211166E2,-1.096215525E-1,1.525129259E-1,2.780780813E-1,3.355659349E-1
3.703311056E2,-8.067169547E-2,1.500050551E-1,2.885527834E-1,3.350703625E-1
3.703410936E2,-5.562339306E-2,1.748615688E-1,2.651273757E-1,3.224330248E-1
3.703510826E2,-3.539845884E-2,1.669064319E-1,2.802044213E-1,3.280629903E-1
3.703610716E2,-3.022279590E-2,1.528462172E-1,3.047285208E-1,3.422496967E-1
3.703710606E2,-4.718995392E-2,1.296912432E-1,3.368586785E-1,3.640336242E-1
3.703810486E2,-5.516789496E-2,1.072028518E-1,3.471997717E-1,3.675372492E-1
3.703910376E2,-2.907469511E-2,9.491200447E-2,3.359950447E-1,3.503516755E-1
3.704010266E2,-1.663035840E-2,7.293582916E-2,3.406257471E-1,3.487436073E-1
3.704110156E2,3.884890079E-2,4.627778828E-2,3.443074465E-1,3.495690039E-1
3.704210036E2,6.199568868E-2,4.215550125E-2,3.274557710E-1,3.359283162E-1
3.704309926E2,1.020485312E-1,5.466971219E-2,2.992888561E-1,3.208995162E-1
3.704409816E2,1.381469017E-1,6.260379910E-2,2.925139797E-1,3.294969354E-1
3.704509706E2,1.591006914E-1,7.460579395E-2,2.715847483E-1,3.234769389E-1
3.704609586E2,1.578865170E-1,5.983631194E-2,2.496676299E-1,3.014008326E-1
3.704709476E2,1.395107648E-1,6.390597403E-2,2.455663928E-1,2.895687834E-1
3.704809366E2,1.151541880E-1,5.857506752E-2,2.532408634E-1,2.842929131E-1
3.704909256E2,7.555275053E-2,4.763200343E-2,2.646166214E-1,2.792829787E-1
3.705009136E2,8.021502793E-3,4.307643771E-3,2.558495986E-1,2.560115572E-1
3.705109026E2,-2.539738119E-2,-2.119440258E-2,2.179204649E-1,2.204167840E-1
3.705208916E2,-7.477185488E-2,-3.924768090E-2,1.939001030E-1,2.114910416E-1
3.705308806E2,-1.351262301E-1,-7.720429659E-2,2.032971632E-1,2.560260496E-1
3.705408686E2,-2.453830826E-1,-1.022911906E-1,2.037576315E-1,3.349530076E-1
3.705508576E2,-4.467176279E-1,-1.461874080E-1,1.888522017E-1,5.065496535E-1
3.705608466E2,-6.451341203E-1,-1.488537383E-1,1.352194932E-1,6.757512707E-1
3.705708356E2,-7.905540812E-1,-1.000610626E-1,7.402867377E-2,8.002925816E-1
3.705808236E2,-8.396978822E-1,-4.650290608E-2,8.902678192E-3,8.410316946E-1
3.705908126E2,-8.658796674E-1,8.105410337E-3,-3.937515020E-2,8.668123779E-1
3.706008016E2,-8.342997327E-1,4.504344106E-2,-1.527672797E-1,8.493661151E-1
3.706107906E2,-7.079311699E-1,9.908340812E-2,-2.207090020E-1,7.481286832E-1
3.706207786E2,-5.533664560E-1,6.618463397E-2,-2.465542799E-1,6.094127119E-1
3.706307676E2,-5.433101222E-1,5.214079142E-2,-2.155523425E-1,5.868282231E-1
3.706407566E2,-5.477882123E-1,9.502368629E-2,-1.957989863E-1,5.894392840E-1
3.706507456E2,-6.315931383E-1,1.371476126E-1,-1.518975064E-1,6.639218421E-1
3.706607336E2,-7.968991873E-1,1.711801618E-1,-1.375829378E-1,8.266075412E-1
3.706707226E2,-8.879748335E-1,2.223789668E-1,-1.573865801E-1,9.288284263E-1
3.706807116E2,-9.671572432E-1,3.278814483E-1,-1.897646597E-1,1.038705927E0
3.706907006E2,-1.021235802E0,4.722071028E-1,-1.946733972E-1,1.141840550E0
3.707006886E2,-1.089679215E0,5.712893414E-1,-1.794773608E-1,1.243376221E0
3.707106776E2,-1.213065698E0,5.796888667E-1,-1.121121740E-1,1.349124423E0
3.707206666E2,-1.314893789E0,4.917210156E-1,8.207151890E-3,1.403852767E0
3.707306556E2,-1.360025523E0,2.875204575E-1,1.439385688E-1,1.397517710E0
3.707406436E2,-1.331477370E0,3.305898786E-2,2.176757589E-1,1.349558305E0
3.707506326E2,-1.057811890E0,-1.020613950E-1,2.043090239E-1,1.082185151E0
3.707606216E2,-6.981283128E-1,-1.582472903E-1,1.106237653E-1,7.243362227E-1
3.707706106E2,-2.799120605E-1,-1.298385930E-1,-3.836387426E-2,3.109350554E-1
3.707805986E2,8.373008162E-2,-1.650084257E-2,-2.136020038E-1,2.300191739E-1
3.707905876E2,4.080649012E-1,6.712077320E-2,-3.883960372E-1,5.673390904E-1
3.708005766E2,6.599617821E-1,1.477684951E-1,-5.234754896E-1,8.552260930E-1
3.708105656E2,8.776591757E-1,2.408093905E-1,-5.507004181E-1,1.063741389E0
3.708205536E2,1.005262671E0,3.050398850E-1,-5.012610403E-1,1.163986683E0
3.708305426E2,1.055265135E0,3.320113367E-1,-4.361017156E-1,1.189117631E0
3.708405316E2,1.000233480E0,2.960527146E-1,-3.468401679E-1,1.099278094E0
3.708505206E2,8.926780415E-1,2.158569825E-1,-3.313295513E-1,9.763439938E-1
3.708605086E2,7.554970998E-1,1.361512470E-1,-3.477751377E-1,8.427695867E-1
3.708704976E2,5.695345920E-1,7.588458002E-2,-2.781222278E-1,6.383416754E-1
3.708804866E2,3.280270439E-1,3.727775395E-2,-2.080380857E-1,3.902194480E-1
3.708904756E2,1.614577040E-1,-1.700662673E-2,-2.342610937E-1,2.850194302E-1
3.709004636E2,6.922723264E-2,-4.900200605E-2,-2.715139970E-1,2.844529081E-1
3.709104526E2,1.074648070E-1,-7.164593339E-2,-2.785259780E-1,3.070155451E-1
3.709204416E2,1.866991107E-1,-6.944445670E-2,-3.008591259E-1,3.608258640E-1
3.709304306E2,2.423030618E-1,-7.315919280E-2,-2.978495640E-1,3.908675018E-1
3.709404196E2,2.332023092E-1,-9.611360729E-2,-2.472696868E-1,3.532186865E-1
3.709504076E2,2.591110294E-1,-1.709445190E-1,-1.250941622E-1,3.346776114E-1
3.709603966E2,3.039223360E-1,-2.582229835E-1,6.893282533E-3,3.988676633E-1
3.709703856E2,3.755887346E-1,-3.256869882E-1,6.621153116E-2,5.015205666E-1
3.709803736E2,4.497730905E-1,-4.258018452E-1,5.991466463E-2,6.222481911E-1
3.709903626E2,5.504907954E-1,-4.655477089E-1,5.824119151E-2,7.233027177E-1
3.710003516E2,6.281181380E-1,-4.185863811E-1,1.712298632E-2,7.550100333E-1
3.710103406E2,6.914980088E-1,-3.535858083E-1,-3.109549284E-3,7.766608586E-1
3.710203296E2,7.274042983E-1,-2.087532002E-1,-2.564998090E-2,7.572006559E-1
3.710303176E2,6.957461572E-1,-7.362463117E-2,-1.050978541E-2,6.997097663E-1
3.710403066E2,6.380133811E-1,-9.030439854E-3,-3.272189587E-2,6.389157579E-1
3.710502956E2,5.184692498E-1,-1.438590467E-2,6.022924483E-3,5.187037621E-1
3.710602836E2,4.269826904E-1,-1.058907366E-1,6.272629827E-2,4.443665767E-1
3.710702726E2,3.948576491E-1,-1.968675649E-1,1.283338121E-1,4.594986055E-1
3.710802616E2,3.448525532E-1,-2.562781996E-1,1.884809035E-1,4.691767790E-1
3.710902506E2,3.522878726E-1,-2.654267532E-1,2.107251737E-1,4.888386291E-1
3.711002396E2,3.858871432E-1,-2.522570693E-1,2.061947510E-1,5.050334559E-1
3.711102273E2,4.735225801E-1,-2.274689680E-1,1.578245366E-1,5.485201452E-1
3.711202163E2,5.899567236E-1,-2.218398535E-1,7.962036610E-2,6.352961979E-1
3.711302053E2,7.009716676E-1,-2.343213201E-1,8.830757439E-3,7.391520426E-1
3.711401943E2,7.561918952E-1,-2.711605328E-1,-3.895707428E-3,8.033488616E-1
3.711501823E2,7.241292728E-1,-3.524035013E-1,7.845384657E-2,8.091393190E-1
3.711601713E2,6.682490408E-1,-4.248282838E-1,2.399206138E-1,8.274042254E-1
3.711701603E2,5.883544403E-1,-4.202756417E-1,3.813855180E-1,8.174640517E-1
3.711801493E2,5.248818912E-1,-3.891415572E-1,3.917175481E-1,7.618233317E-1
3.711901373E2,5.001310658E-1,-3.967037612E-1,3.972650939E-1,7.518806501E-1
3.712001263E2,4.646672644E-1,-4.561196584E-1,3.700676474E-1,7.489398327E-1
3.712101153E2,4.174947059E-1,-5.492962092E-1,3.802827331E-1,7.878090581E-1
3.712201043E2,2.625258033E-1,-5.307833397E-1,3.579022229E-1,6.919138330E-1
3.712300923E2,1.021862331E-1,-4.728549743E-1,1.731989130E-1,5.138401662E-1
3.712400813E2,-3.374033466E-2,-3.524274749E-1,-5.479542732E-2,3.582542031E-1
3.712500703E2,4.403143421E-2,-2.441247618E-1,-1.241223550E-1,2.773842561E-1
3.712600593E2,3.989862218E-1,-2.542223185E-1,-3.439039886E-3,4.731076193E-1
3.712700473E2,5.900188503E-1,-9.444948971E-2,3.329287648E-2,5.984574884E-1
3.712800363E2,8.929300565E-1,2.795068485E-1,1.291497910E-1,9.445251890E-1
3.712900253E2,1.481437401E0,4.720246696E-1,1.251505879E-1,1.559848304E0
3.713000143E2,1.481577588E0,5.861389303E-1,2.102693832E-1,1.607122960E0
3.713100023E2,1.167211541E0,7.574208337E-1,1.230078757E-1,1.396853621E0
3.713199913E2,7.514091651E-1,8.919494784E-1,6.414395571E-2,1.168034269E0
3.713299803E2,3.176966219E-1,8.922792614E-1,5.477203846E-2,9.487325229E-1
3.713399693E2,1.165583968E-2,7.246653163E-1,-1.409178972E-3,7.247604191E-1
3.713499573E2,-1.433224185E-1,4.182133287E-1,-4.269256800E-2,4.441467768E-1
3.713599463E2,-1.791452390E-1,1.236446375E-1,-1.464493632E-2,2.181638998E-1
3.713699353E2,-1.571715488E-1,-2.263983428E-2,1.137128493E-1,1.953101890E-1
3.713799243E2,-1.301712996E-1,3.213395834E-2,2.988663948E-1,3.275641623E-1
3.713899123E2,-1.321049738E-1,1.606165820E-1,3.255299905E-1,3.862889919E-1
3.713999013E2,-7.673301101E-2,3.434502447E-1,1.813788754E-1,3.959094871E-1
3.714098903E2,-2.367537618E-3,4.936236995E-1,-7.895963073E-2,4.999045762E-1
3.714198793E2,-5.108069122E-2,5.148198563E-1,-1.759625995E-1,5.464536191E-1
3.714298673E2,-1.240729460E-1,3.801450312E-1,-1.109167108E-1,4.149781409E-1
3.714398563E2,-1.095236117E-1,1.482655084E-1,-6.063562632E-4,1.843324447E-1
3.714498453E2,-4.091647625E-2,1.446308792E-2,3.563468635E-2,5.615309263E-2
3.714598343E2,1.444730043E-2,-3.153578818E-2,1.014714110E-1,1.072365501E-1
3.714698223E2,6.776542872E-2,5.443231523E-2,1.263016123E-1,1.533203428E-1
3.714798113E2,1.261256111E-1,1.789446795E-1,1.401674071E-1,2.599533999E-1
3.714898003E2,1.335647312E-1,2.586030525E-1,1.852371606E-1,3.450041766E-1
3.714997893E2,1.236709499E-1,3.183148187E-1,2.759432629E-1,4.390484165E-1
3.715097773E2,1.691120017E-1,3.376562387E-1,4.211769900E-1,5.656860096E-1
3.715197663E2,1.695555130E-1,3.080599719E-1,5.297311333E-1,6.358184425E-1
3.715297553E2,1.698797411E-1,1.206830227E-1,5.903582811E-1,6.260562423E-1
3.715397443E2,2.170135617E-1,-2.647198248E-1,6.864657488E-1,7.670767210E-1
3.715497333E2,2.968906206E-1,-7.156728834E-1,7.641612116E-1,1.088243573E0
3.715597213E2,3.407385984E-1,-1.046489634E0,6.942545325E-1,1.301242753E0
3.715697103E2,3.020908418E-1,-1.195257418E0,5.165342599E-1,1.336677528E0
3.715796993E2,1.826801732E-1,-1.137945349E0,3.397945654E-1,1.201562321E0
3.715896883E2,-3.317768633E-2,-8.978107274E-1,2.517559630E-1,9.330305064E-1
3.715996763E2,-1.990471146E-1,-5.660730404E-1,1.841130334E-1,6.276591829E-1
3.716096653E2,-3.693855697E-1,-1.863092476E-1,3.070203370E-1,5.151876572E-1
3.716196543E2,-4.865403825E-1,1.155766493E-1,4.501560831E-1,6.728447108E-1
3.716296433E2,-5.319492745E-1,3.438314831E-1,4.807101238E-1,7.951555462E-1
3.716396313E2,-3.840951177E-1,4.635959083E-1,4.142059395E-1,7.307645215E-1
3.716496203E2,-1.638106236E-1,4.483066088E-1,3.053167507E-1,5.665960238E-1
3.716596093E2,-2.218258202E-2,4.142682123E-1,1.991661054E-1,4.601927381E-1
3.716695983E2,1.054539496E-1,3.657690668E-1,9.726843238E-2,3.928978158E-1
3.716795863E2,2.756889090E-1,2.968602151E-1,-5.458697408E-2,4.087910219E-1
3.716895753E2,3.971083885E-1,1.814636600E-1,-1.802696586E-1,4.723571551E-1
3.716995643E2,4.557392970E-1,3.845362902E-2,-2.042987913E-1,5.009141488E-1
3.717095533E2,4.671434140E-1,-1.145142102E-1,-1.470294070E-1,5.029454445E-1
3.717195413E2,5.065554017E-1,-1.978007805E-1,-8.530239791E-2,5.504543785E-1
3.717295303E2,5.031628472E-1,-2.248669571E-1,5.133387566E-2,5.535098607E-1
3.717395193E2,5.001076770E-1,-2.318473631E-1,2.074481016E-1,5.889784404E-1
3.717495083E2,4.527969781E-1,-2.239442664E-1,3.118451670E-1,5.936527150E-1
3.717594963E2,5.024605966E-1,-1.929253721E-1,3.604206187E-1,6.477575724E-1
3.717694853E2,5.933041084E-1,-1.664006478E-1,3.490296578E-1,7.081812216E-1
3.717794743E2,6.431656551E-1,-1.415400410E-1,3.423667556E-1,7.422335471E-1
3.717894633E2,6.495288876E-1,-1.689143658E-1,2.762148660E-1,7.257509841E-1
3.717994513E2,6.510418546E-1,-1.264729357E-1,1.478503561E-1,6.794929196E-1
3.718094403E2,6.460559338E-1,-4.398801863E-2,4.014756739E-2,6.487950698E-1
3.718194293E2,6.098970446E-1,4.262035489E-3,-2.449369401E-2,6.104035640E-1
3.718294183E2,5.472432518E-1,2.479687214E-2,-6.122853398E-2,5.512159240E-1
3.718394063E2,5.191573209E-1,-2.063891709E-2,-4.994194597E-2,5.219621506E-1
3.718493953E2,5.491073442E-1,-8.819063008E-2,-3.498623013E-2,5.572436621E-1
3.718593843E2,5.716977695E-1,-1.348654443E-1,-2.701355159E-2,5.880108499E-1
3.718693733E2,5.713989767E-1,-2.205487883E-1,-1.268904269E-2,6.126169851E-1
3.718793613E2,5.981555432E-1,-2.757429957E-1,2.994651496E-2,6.593337905E-1
3.718893503E2,6.487936002E-1,-2.916942000E-1,6.172788620E-2,7.140230906E-1
3.718993393E2,6.657052097E-1,-2.821187997E-1,7.473560214E-2,7.268699014E-1
3.719093283E2,6.991726255E-1,-2.200348181E-1,6.974558830E-3,7.330118184E-1
3.719193163E2,7.085065359E-1,-1.740605003E-1,-7.134070873E-2,7.330539311E-1
3.719293053E2,6.316802618E-1,-1.569375139E-1,-1.534318158E-1,6.687231554E-1
3.719392943E2,5.135325918E-1,-1.714222366E-1,-1.951920453E-1,5.755008606E-1
3.719492833E2,3.570643169E-1,-1.800995046E-1,-1.818960616E-1,4.393369267E-1
3.719592713E2,2.241802016E-1,-1.641225725E-1,-1.566784823E-1,3.189688518E-1
3.719692603E2,1.199299014E-1,-1.093756771E-1,-1.153769669E-1,1.991433265E-1
3.719792493E2,9.352416784E-2,-6.115895212E-2,-1.171556899E-1,1.619031904E-1
3.719892383E2,7.346324801E-2,-1.723993063E-2,-1.487981898E-1,1.668381410E-1
3.719992273E2,5.225919753E-2,-2.001501918E-3,-1.954987317E-1,2.023728832E-1
3.720092153E2,5.762197137E-2,1.203356981E-2,-2.515463403E-1,2.583421369E-1
3.720192043E2,7.721862227E-2,9.138028622E-3,-2.648858857E-1,2.760629487E-1
3.720291933E2,1.309405008E-1,6.519060731E-3,-2.793138903E-1,3.085517173E-1
3.720391823E2,1.701870123E-1,-8.013024330E-3,-2.932194462E-1,3.391245661E-1
3.720491703E2,2.064830187E-1,-1.085827947E-3,-2.727509755E-1,3.420957624E-1
3.720591593E2,2.279724133E-1,-2.257551491E-2,-2.056237704E-1,3.078347122E-1
3.720691483E2,2.470556787E-1,-5.346693993E-2,-1.976326731E-1,3.208642945E-1
3.720791373E2,2.486964074E-1,-6.237692714E-2,-1.872307688E-1,3.174840860E-1
3.720891253E2,2.422621313E-1,-4.124567449E-2,-1.947833249E-1,3.135804356E-1
3.720991143E2,2.159674948E-1,5.124499798E-3,-1.863639191E-1,2.853063786E-1
3.721091033E2,2.142998689E-1,6.200972199E-2,-1.511350295E-1,2.694650935E-1
3.721190928E2,1.879099229E-1,5.258459508E-2,-7.955780089E-2,2.107242806E-1
3.721290808E2,1.463844591E-1,6.292773485E-3,-1.084806146E-1,1.823075769E-1
3.721390698E2,1.525395307E-1,2.898464799E-2,-1.589884248E-1,2.222290203E-1
3.721490588E2,1.487493655E-1,1.354098201E-1,-2.648800385E-1,3.326013047E-1
3.721590478E2,1.777074087E-1,1.262045485E-1,-3.591343774E-1,4.201011928E-1
3.721690358E2,9.462666035E-2,3.783440888E-2,-3.932770005E-1,4.062664722E-1
3.721790248E2,-7.287764937E-2,-6.525609612E-2,-3.608544821E-1,3.738789471E-1
3.721890138E2,-2.370221490E-1,-1.312781775E-1,-2.980159172E-1,4.027740631E-1
3.721990028E2,-3.791527587E-1,-1.596868747E-1,-2.729287308E-1,4.937072053E-1
3.722089908E2,-4.767155984E-1,-1.329247534E-1,-2.799249244E-1,5.685813179E-1
3.722189798E2,-5.353342277E-1,-8.350642562E-2,-2.836322053E-1,6.115580809E-1
3.722289688E2,-5.613414735E-1,-4.003588557E-3,-2.974842592E-1,6.353087147E-1
3.722389578E2,-5.905211261E-1,8.829997301E-2,-3.810164125E-1,7.082976720E-1
3.722489458E2,-6.078274226E-1,1.404033422E-1,-5.270710887E-1,8.166830516E-1
3.722589348E2,-6.427940646E-1,1.433883458E-1,-6.723375602E-1,9.411600406E-1
3.722689238E2,-7.141724879E-1,9.496521413E-2,-7.598203848E-1,1.047085360E0
3.722789128E2,-8.046637049E-1,1.021520269E-1,-8.142674643E-1,1.149325984E0
3.722889008E2,-8.801617840E-1,8.910864294E-2,-8.032385923E-1,1.194913115E0
3.722988898E2,-8.980773604E-1,7.762061834E-2,-7.177509838E-1,1.152273570E0
3.723088788E2,-8.790192381E-1,4.031304359E-2,-6.672914131E-1,1.104344961E0
3.723188678E2,-8.295082319E-1,-2.430278242E-2,-6.372026646E-1,1.046279966E0
3.723288558E2,-8.225275335E-1,-1.133400893E-1,-6.699347931E-1,1.066869320E0
3.723388448E2,-8.551269302E-1,-1.972803783E-1,-7.076999125E-1,1.127386704E0
3.723488338E2,-9.031793484E-1,-1.903999597E-1,-7.562218621E-1,1.193254619E0
3.723588228E2,-9.228221923E-1,-1.476573980E-1,-7.386577034E-1,1.191225717E0
3.723688108E2,-9.583261934E-1,-4.829800129E-2,-6.850147623E-1,1.178968623E0
3.723787998E2,-1.032779375E0,5.528191566E-2,-6.364998293E-1,1.214422233E0
3.723887888E2,-1.056527257E0,8.853503108E-2,-6.186699146E-1,1.227534423E0
3.723987778E2,-9.937875098E-1,9.035877764E-2,-6.310794604E-1,1.180694545E0
3.724087668E2,-9.012576610E-1,6.876501024E-2,-6.915930261E-1,1.138110237E0
3.724187548E2,-7.847635835E-1,2.249891639E-2,-7.232508749E-1,1.067451128E0
3.724287438E2,-6.061510259E-1,-2.551140189E-3,-6.681322427E-1,9.021232002E-1
3.724387328E2,-4.411572182E-1,4.883594513E-3,-5.819698656E-1,7.302961489E-1
3.724487218E2,-2.358050510E-1,1.904262722E-2,-5.052293994E-1,5.578739909E-1
3.724587098E2,-1.538232869E-1,1.914963126E-3,-4.061502305E-1,4.343078175E-1
3.724686988E2,-7.484728396E-2,-5.570817769E-2,-3.577941956E-1,3.697596562E-1
3.724786878E2,-3.065198153E-2,-1.163186610E-1,-3.193079683E-1,3.412142340E-1
3.724886768E2,-1.452945381E-2,-1.439759910E-1,-2.713146070E-1,3.074927755E-1
3.724986648E2,-8.300678104E-2,-1.252035052E-1,-2.115835449E-1,2.594872634E-1
3.725086538E2,-2.544784266E-1,-9.159955680E-2,-2.107055855E-1,3.428506849E-1
3.725186428E2,-4.427976546E-1,-9.937284529E-2,-1.930981573E-1,4.931851819E-1
3.725286318E2,-6.112834194E-1,-4.969022334E-2,-2.016443016E-1,6.455981424E-1
3.725386198E2,-7.458641043E-1,7.861990750E-2,-2.821576837E-1,8.013159866E-1
3.725486088E2,-8.739792305E-1,1.578555268E-1,-3.529671729E-1,9.556902677E-1
3.725585978E2,-1.012892702E0,2.015763277E-1,-3.628849277E-1,1.094655248E0
3.725685868E2,-1.091585700E0,1.883212745E-1,-3.617836046E-1,1.165294649E0
3.725785748E2,-1.130859693E0,1.674835521E-1,-3.339368248E-1,1.190969432E0
3.725885638E2,-1.110344737E0,1.357179683E-1,-3.380778229E-1,1.168580941E0
3.725985528E2,-1.032940466E0,5.912061274E-2,-3.349478084E-1,1.087497718E0
3.726085418E2,-8.622391909E-1,2.641772032E-2,-3.182171702E-1,9.194653260E-1
3.726185298E2,-6.725324187E-1,2.513776481E-2,-3.281980750E-1,7.487628048E-1
3.726285188E2,-5.137047923E-1,8.470276594E-3,-3.293300959E-1,6.102644273E-1
3.726385078E2,-3.523558465E-1,-2.142478287E-2,-2.979632923E-1,4.619478189E-1
3.726484968E2,-1.817352632E-1,-4.646606863E-2,-2.707129285E-1,3.293513186E-1
3.726584858E2,-6.171472996E-2,-6.887376845E-2,-1.666275197E-1,1.905702868E-1
3.726684738E2,2.103798956E-2,-3.678191006E-2,-3.171208173E-2,5.292600533E-2
3.726784628E2,9.554613501E-2,9.549672604E-3,8.367716432E-2,1.273661179E-1
3.726884518E2,1.907502079E-1,2.252932191E-2,2.097179908E-1,2.843850344E-1
3.726984408E2,2.761180946E-1,-1.288726330E-2,3.168147156E-1,4.204507673E-1
3.727084288E2,3.483268225E-1,-3.325954735E-2,4.372973250E-1,5.600595711E-1
3.727184178E2,4.073211354E-1,-1.910870075E-3,4.901393437E-1,6.372995646E-1
3.727284068E2,5.032207346E-1,3.250233293E-2,4.903492588E-1,7.033703896E-1
3.727383958E2,5.921425590E-1,4.940254033E-2,4.478205590E-1,7.440542146E-1
3.727483838E2,6.186418480E-1,2.117686093E-2,3.771325457E-1,7.248414672E-1
3.727583728E2,6.156816950E-1,5.060765147E-3,2.860563147E-1,6.789092547E-1
3.727683618E2,6.170122290E-1,2.616745949E-2,2.415400001E-1,6.631217070E-1
3.727783508E2,6.027137402E-1,4.210579991E-2,3.000058709E-1,6.745667302E-1
3.727883388E2,6.013718042E-1,3.061660588E-2,3.908869511E-1,7.178983437E-1
3.727983278E2,6.262978998E-1,-4.198651671E-2,4.593711488E-1,7.778391731E-1
3.728083168E2,5.922402075E-1,-1.216074675E-1,4.991747537E-1,7.840358884E-1
3.728183058E2,5.121140572E-1,-1.777155948E-1,4.831400804E-1,7.261322039E-1
3.728282938E2,4.118202755E-1,-1.459687221E-1,4.145927328E-1,6.023204639E-1
3.728382828E2,3.023378867E-1,-4.440141678E-2,4.032105428E-1,5.059233394E-1
3.728482718E2,1.845688239E-1,1.965249181E-2,4.016221467E-1,4.424389448E-1
3.728582608E2,1.299850658E-1,4.721041918E-2,4.256299371E-1,4.475329980E-1
3.728682488E2,1.527044222E-1,5.998015344E-2,3.881924079E-1,4.214375457E-1
3.728782378E2,1.561990106E-1,6.574492335E-2,3.083646119E-1,3.518654000E-1
3.728882268E2,1.865583390E-1,4.945341110E-2,2.380658770E-1,3.064718837E-1
3.728982158E2,2.237372750E-1,1.940106153E-2,1.543243933E-1,2.724899774E-1
3.729082038E2,2.420726815E-1,1.287615359E-2,9.899672315E-2,2.618498227E-1
3.729181928E2,1.813388219E-1,3.513007164E-3,8.813844368E-2,2.016543945E-1
3.729281818E2,7.130650252E-2,-1.279897034E-2,1.093955576E-1,1.312090659E-1
3.729381708E2,1.056094855E-2,-4.878273547E-2,1.626119444E-1,1.700997747E-1
3.729481588E2,-3.667870671E-2,-3.664976299E-2,1.971821451E-1,2.038855831E-1
3.729581478E2,3.020320773E-2,-6.074204564E-2,2.579491876E-1,2.667201028E-1
3.729681368E2,1.310820034E-1,-5.251793683E-2,2.324139583E-1,2.719501302E-1
3.729781258E2,1.935326055E-1,-2.948633909E-2,2.140886383E-1,2.901004285E-1
3.729881148E2,2.752243477E-1,4.687654316E-2,1.727634417E-1,3.283185323E-1
3.729981028E2,3.349647653E-1,1.132360089E-1,1.434805857E-1,3.815893947E-1
3.730080918E2,2.394800261E-1,1.264980787E-1,1.132272381E-1,2.935521321E-1
3.730180808E2,1.042950314E-1,1.219512838E-1,8.612583205E-2,1.821187199E-1
3.730280698E2,8.834792018E-2,-4.412133515E-2,1.337635365E-1,1.662670470E-1
3.730380578E2,1.577783436E-2,-4.277062833E-2,5.418643981E-2,7.081268929E-2
3.730480468E2,3.044060469E-3,3.962424159E-2,3.719165370E-2,5.442945830E-2
3.730580358E2,-2.971554995E-3,9.257604182E-2,2.458169460E-2,9.583012766E-2
3.730680248E2,-1.675110340E-2,9.298125386E-2,4.257767022E-2,1.036290067E-1
3.730780128E2,1.405290574E-2,2.018108010E-2,1.445726994E-1,1.466493285E-1
3.730880018E2,8.589647502E-2,-6.352122724E-2,1.450774603E-1,1.801683108E-1
3.730979908E2,1.770528129E-1,-8.323102176E-2,1.529500052E-1,2.483320471E-1
3.731079798E2,3.047136104E-1,-9.233572125E-2,1.572766525E-1,3.551228171E-1
3.731179680E2,3.922116378E-1,-2.094706535E-2,6.393462539E-2,3.979401773E-1
3.731279570E2,5.119719699E-1,-1.009814143E-3,5.603386760E-2,5.150302049E-1
3.731379460E2,6.250214526E-1,-5.961177886E-2,2.367976159E-3,6.278622362E-1
3.731479350E2,6.885374174E-1,-7.129685462E-2,-6.171633795E-2,6.949646919E-1
3.731579230E2,6.969001052E-1,-1.791820765E-2,-1.568306561E-1,7.145534784E-1
3.731679120E2,6.897185549E-1,-1.064251721E-2,-2.016394776E-1,7.186678142E-1
3.731779010E2,5.643890423E-1,4.743261337E-3,-2.912511273E-1,6.351257424E-1
3.731878900E2,4.098003548E-1,5.976088285E-2,-3.966659005E-1,5.734557791E-1
3.731978780E2,3.189322847E-1,6.291194737E-2,-3.661684316E-1,4.896478691E-1
3.732078670E2,1.751691324E-1,4.479844272E-2,-3.536606526E-1,3.971989207E-1
3.732178560E2,2.479628742E-2,1.145101172E-1,-3.852905810E-1,4.027111305E-1
3.732278450E2,-4.193915427E-2,1.707264179E-1,-2.461661710E-1,3.024965887E-1
3.732378340E2,-1.166583842E-1,1.616094393E-1,-1.552757353E-1,2.526605300E-1
3.732478220E2,-1.898628929E-1,1.754211473E-1,-1.872108883E-1,3.191683157E-1
3.732578110E2,-2.464110231E-1,1.896942008E-1,-1.808888787E-1,3.597541780E-1
3.732678000E2,-1.718543458E-1,1.659416413E-1,-2.526008856E-1,3.476747790E-1
3.732777890E2,-1.555827141E-1,2.446936959E-1,-3.653936756E-1,4.664692100E-1
3.732877770E2,-1.089473686E-1,2.977332044E-1,-3.658855726E-1,4.841351488E-1
3.732977660E2,-1.289372447E-1,4.086034298E-1,-4.333484079E-1,6.094033299E-1
3.733077550E2,-1.911922574E-2,2.232303214E-1,-3.588015246E-1,4.230081031E-1
3.733177440E2,-1.539367229E-1,1.291632396E-1,-3.049855059E-1,3.652339195E-1
3.733277320E2,-2.985205320E-1,5.746000350E-2,-2.341214184E-1,3.837043113E-1
3.733377210E2,-4.139922237E-1,-1.731068194E-2,-1.930386619E-1,4.571139311E-1
3.733477100E2,-4.125745663E-1,-9.784847617E-2,-1.390720774E-1,4.462433638E-1
3.733576990E2,-4.552870148E-1,-1.558259583E-1,-1.531116807E-1,5.049863186E-1
3.733676870E2,-4.982435846E-1,-1.800030255E-1,-1.669947249E-1,5.554592667E-1
3.733776760E2,-5.389846444E-1,-1.843527693E-1,-1.221822488E-1,5.825966807E-1
3.733876650E2,-4.595931968E-1,-3.297040254E-1,2.057277046E-2,5.659981359E-1
3.733976540E2,-4.735771054E-1,-3.753111380E-1,5.251092017E-2,6.065402887E-1
3.734076420E2,-3.803783351E-1,-4.713504857E-1,1.658258665E-1,6.279786431E-1
3.734176310E2,-3.828718802E-1,-5.665490037E-1,4.681032345E-2,6.853902951E-1
3.734276200E2,-4.725903878E-1,-5.709443557E-1,-2.035474241E-2,7.414401173E-1
3.734376090E2,-5.437375537E-1,-4.727017772E-1,7.634855658E-3,7.205246619E-1
3.734475980E2,-5.388978133E-1,-3.502675134E-1,4.334643289E-2,6.441871602E-1
3.734575860E2,-3.432338977E-1,-3.444805241E-1,1.591810906E-1,5.116785706E-1
3.734675750E2,-2.171144262E-1,-3.768331683E-1,2.158048692E-1,4.855035039E-1
3.734775640E2,-1.904797742E-1,-3.524157804E-1,3.061414274E-1,5.041844903E-1
3.734875530E2,-4.455841452E-2,-2.907276553E-1,3.747575529E-1,4.763940022E-1
3.734975410E2,1.299175304E-1,-3.306612146E-1,3.374036390E-1,4.899557318E-1
3.735075300E2,2.361017972E-1,-3.817267030E-1,4.082543510E-1,6.067379579E-1
3.735175190E2,2.598052400E-1,-3.411733389E-1,6.635461253E-1,7.900578905E-1
3.735275080E2,3.282059687E-1,-1.902765834E-1,8.513340607E-1,9.320375631E-1
3.735374960E2,6.500247315E-1,-3.020379245E-2,9.198511489E-1,1.126752216E0
3.735474850E2,1.176567670E0,1.464142799E-2,8.995017421E-1,1.481090557E0
3.735574740E2,1.929404579E0,-8.831049800E-3,7.665237790E-1,2.076111443E0
3.735674630E2,2.618386385E0,4.548841417E-2,5.127306461E-1,2.668503171E0
3.735774510E2,3.151686951E0,1.129512495E-1,2.733373781E-1,3.165533438E0
3.735874400E2,3.386955813E0,2.199254751E-1,-5.117424667E-2,3.394474288E0
3.735974290E2,3.440323057E0,1.548243302E-1,-4.504836734E-1,3.473143944E0
3.736074180E2,3.130691354E0,1.195200115E-1,-6.496624964E-1,3.199621032E0
3.736174070E2,2.409570912E0,1.757322192E-2,-6.852322787E-1,2.505171466E0
3.736273950E2,1.424096096E0,-8.998514056E-2,-5.356365287E-1,1.524156655E0
3.736373840E2,4.085996291E-1,-1.703925419E-1,-6.505802169E-2,4.474592958E-1
3.736473730E2,-2.466911048E-1,-2.507859099E-1,3.557943016E-1,5.003395436E-1
3.736573610E2,-5.452397034E-1,-4.151213211E-1,6.050628591E-1,9.141734566E-1
3.736673500E2,-4.425549951E-1,-7.003303742E-1,5.428940928E-1,9.904804656E-1
3.736773390E2,-8.914606512E-2,-8.674712795E-1,4.354947746E-1,9.747354207E-1
3.736873280E2,1.031024918E-1,-7.112775314E-1,3.599382234E-1,8.038043139E-1
3.736973170E2,2.173798898E-1,-4.732946849E-1,2.234210137E-1,5.667264107E-1
3.737073050E2,3.084844798E-1,-2.614249188E-1,1.611141801E-2,4.046791818E-1
3.737172940E2,2.918684471E-1,-8.330878973E-2,-1.548225030E-1,3.407309089E-1
3.737272830E2,1.788461539E-1,6.089875102E-3,-2.636843560E-1,3.186729875E-1
3.737372720E2,1.225626102E-1,6.928365827E-3,-2.472707100E-1,2.760659336E-1
3.737472600E2,-4.484083503E-2,1.649622327E-1,-2.935226244E-1,3.396745056E-1
3.737572490E2,-1.687181917E-1,1.779728723E-1,-3.545622933E-1,4.311085609E-1
3.737672380E2,-3.174131781E-2,1.767274153E-1,-3.829915289E-1,4.229924370E-1
3.737772270E2,3.240702331E-2,1.669497013E-1,-4.859246707E-1,5.148254107E-1
3.737872150E2,1.699361667E-1,7.161728203E-2,-5.599890490E-1,5.895719387E-1
3.737972040E2,3.181513891E-1,1.446542680E-2,-6.502150583E-1,7.240229119E-1
3.738071930E2,4.458700740E-1,-9.706962705E-3,-6.736547917E-1,8.079016812E-1
3.738171820E2,4.723304790E-1,2.254803300E-2,-7.707764590E-1,9.042681267E-1
3.738271700E2,3.661570296E-1,1.272178710E-1,-8.167496804E-1,9.040660360E-1
3.738371590E2,1.876628780E-1,2.523763525E-1,-8.412313145E-1,8.980987160E-1
3.738471480E2,2.529944032E-2,3.946613288E-1,-8.735781115E-1,9.589245763E-1
3.738571370E2,-1.568223238E-1,5.323837227E-1,-9.129988700E-1,1.068453371E0
3.738671260E2,-3.942315584E-1,5.945367014E-1,-9.319771779E-1,1.173658328E0
3.738771140E2,-6.332578406E-1,5.519145924E-1,-9.737549490E-1,1.286010852E0
3.738871030E2,-8.700607190E-1,4.011049604E-1,-9.561741257E-1,1.353572976E0
3.738970920E2,-1.111297541E0,3.229592621E-1,-1.002026237E0,1.530797664E0
3.739070810E2,-1.141606876E0,2.296102184E-1,-9.267006505E-1,1.488207380E0
3.739170690E2,-1.234113043E0,2.287617874E-1,-8.772454852E-1,1.531315317E0
3.739270580E2,-1.397738602E0,2.734491330E-1,-7.526214391E-1,1.610865190E0
3.739370470E2,-1.433080928E0,2.230999285E-1,-5.644445908E-1,1.556307238E0
3.739470360E2,-1.459412987E0,2.075036502E-1,-3.760543191E-1,1.521302364E0
3.739570240E2,-1.561622316E0,1.515177298E-1,-2.561472219E-1,1.589727423E0
3.739670130E2,-1.589395129E0,8.957466602E-2,-1.464505327E-1,1.598639501E0
3.739770020E2,-1.582517926E0,1.928996444E-2,-2.171772838E-2,1.582784492E0
3.739869910E2,-1.750466039E0,-1.889048266E-1,2.200003195E-1,1.774321428E0
3.739969790E2,-2.040919753E0,-4.013885504E-1,3.795263958E-1,2.114357229E0
3.740069680E2,-2.366191589E0,-5.489453763E-1,1.124630070E-1,2.431635579E0
3.740169570E2,-2.448546405E0,-3.916786641E-1,-1.083699560E-1,2.482042651E0
3.740269460E2,-2.236210031E0,-9.362503231E-2,-4.516190565E-1,2.283278503E0
3.740369340E2,-1.918994489E0,8.276675284E-2,-8.708024383E-1,2.108954023E0
3.740469230E2,-1.704673862E0,2.245126158E-1,-1.141102261E0,2.063597166E0
3.740569120E2,-1.668160924E0,3.774401093E-1,-1.092339406E0,2.029390865E0
3.740669010E2,-1.788543985E0,4.827753603E-1,-9.749156213E-1,2.093423536E0
3.740768900E2,-1.970007937E0,5.768874657E-1,-9.802851194E-1,2.274794350E0
3.740868780E2,-2.103412747E0,6.612341362E-1,-9.012676013E-1,2.381986368E0
3.740968670E2,-2.356715883E0,6.323582464E-1,-7.513362211E-1,2.553133922E0
3.741068560E2,-2.630772250E0,5.707426268E-1,-6.768894714E-1,2.775768206E0
3.741168445E2,-2.712631222E0,5.966060311E-1,-5.522122157E-1,2.831827190E0
3.741268325E2,-2.607762579E0,6.478726637E-1,-4.832910848E-1,2.730152913E0
3.741368215E2,-2.365360992E0,7.327198559E-1,-5.347787422E-1,2.533337583E0
3.741468105E2,-1.986667532E0,8.167250490E-1,-6.408168286E-1,2.241547210E0
3.741567995E2,-1.527889144E0,8.780524009E-1,-7.900389415E-1,1.931212776E0
3.741667875E2,-1.083443160E0,8.599348032E-1,-8.810099226E-1,1.639974216E0
3.741767765E2,-7.855213827E-1,7.601649320E-1,-9.533668774E-1,1.450449230E0
3.741867655E2,-6.552006868E-1,6.080262280E-1,-1.023481425E0,1.358859103E0
3.741967545E2,-6.477109882E-1,4.867122906E-1,-1.081945395E0,1.351674597E0
3.742067425E2,-7.735848767E-1,4.272320741E-1,-1.063641272E0,1.382857028E0
3.742167315E2,-1.046272702E0,3.897642857E-1,-9.818451566E-1,1.486816289E0
3.742267205E2,-1.328806654E0,4.341849983E-1,-1.013457543E0,1.726655707E0
3.742367095E2,-1.506909335E0,4.893967474E-1,-1.132691626E0,1.947633240E0
3.742466975E2,-1.695199034E0,5.393951190E-1,-1.265584220E0,2.183197260E0
3.742566865E2,-1.748949856E0,5.701450413E-1,-1.340633233E0,2.276222404E0
3.742666755E2,-1.725040007E0,6.141997182E-1,-1.400829148E0,2.305499213E0
3.742766645E2,-1.692414882E0,6.119087791E-1,-1.503858842E0,2.345270114E0
3.742866535E2,-1.629068779E0,5.265236431E-1,-1.511740450E0,2.283955215E0
3.742966415E2,-1.499352101E0,3.650176996E-1,-1.460054426E0,2.124394872E0
3.743066305E2,-1.250975828E0,1.895082593E-1,-1.375486146E0,1.868907714E0
3.743166195E2,-9.455166981E-1,-2.173936307E-2,-1.292284945E0,1.601397766E0
3.743266085E2,-7.175913548E-1,-1.727951628E-1,-1.279984742E0,1.477550832E0
3.743365965E2,-4.538044533E-1,-2.283173990E-1,-1.309071132E0,1.404184655E0
3.743465855E2,-1.851953530E-1,-2.380559367E-1,-1.362119411E0,1.395111909E0
3.743565745E2,4.196605146E-2,-2.009150076E-1,-1.450656781E0,1.465105145E0
3.743665635E2,1.875608441E-1,-1.626098979E-1,-1.593756859E0,1.612973024E0
3.743765515E2,2.159844518E-1,-1.094148535E-1,-1.687753190E0,1.705031297E0
3.743865405E2,1.992467970E-1,-1.097259253E-1,-1.769669757E0,1.784228157E0
3.743965295E2,1.806169832E-1,-1.461862385E-1,-1.896195903E0,1.910380018E0
3.744065185E2,1.843071610E-1,-2.767440391E-1,-1.971582300E0,1.999423206E0
3.744165075E2,1.607943374E-1,-4.873233247E-1,-2.109545599E0,2.171064595E0
3.744264955E2,4.885114789E-2,-5.812073886E-1,-2.003226262E0,2.086409336E0
3.744364845E2,-6.359724104E-2,-5.328006291E-1,-1.806777942E0,1.884772573E0
3.744464735E2,-8.512464255E-2,-5.239105225E-1,-1.597728288E0,1.683586684E0
3.744564625E2,8.735418588E-2,-6.911128235E-1,-1.595570812E0,1.741009450E0
3.744664505E2,3.636360025E-1,-7.487915128E-1,-1.795060268E0,1.978676638E0
3.744764395E2,5.648375237E-1,-5.887321705E-1,-2.065917184E0,2.221184551E0
3.744864285E2,5.942826399E-1,-4.195956105E-1,-2.307521796E0,2.419481178E0
3.744964175E2,7.266554162E-1,-5.067577153E-1,-2.429543247E0,2.586022402E0
3.745064055E2,8.911185890E-1,-6.003500032E-1,-2.327649228E0,2.563681610E0
3.745163945E2,1.162206909E0,-5.557222992E-1,-2.075633503E0,2.442909456E0
3.745263835E2,1.379230995E0,-4.987558007E-1,-1.919408618E0,2.415608605E0
3.745363725E2,1.497452633E0,-5.473660433E-1,-1.643217872E0,2.289571782E0
3.745463605E2,1.446189216E0,-5.931696224E-1,-1.253468643E0,2.003620994E0
3.745563495E2,1.525901676E0,-6.777209455E-1,-1.090387021E0,1.994147803E0
3.745663385E2,1.625300834E0,-7.749034238E-1,-1.015324559E0,2.067114432E0
3.745763275E2,1.718660402E0,-8.061287248E-1,-9.564939684E-1,2.125680552E0
3.745863155E2,1.875684455E0,-9.232507932E-1,-9.638386559E-1,2.302079312E0
3.745963045E2,1.787458157E0,-9.310807997E-1,-1.107442472E0,2.299640612E0
3.746062935E2,1.708680082E0,-9.786911684E-1,-1.083742245E0,2.247647944E0
3.746162825E2,1.536075539E0,-8.992263383E-1,-1.176602461E0,2.133665724E0
3.746262715E2,1.450611173E0,-6.966904825E-1,-1.267310464E0,2.048347191E0
3.746362595E2,1.422241067E0,-4.764901882E-1,-1.396379417E0,2.049314039E0
3.746462485E2,1.412922360E0,-2.984418869E-1,-1.386094750E0,2.001668257E0
3.746562375E2,1.500933480E0,-2.047086811E-1,-1.263353507E0,1.972503242E0
3.746662265E2,1.709943958E0,-2.126603097E-1,-1.312754293E0,2.166207880E0
3.746762145E2,2.099833666E0,-3.370855504E-1,-1.234015833E0,2.458805233E0
3.746862035E2,1.923911413E0,-3.514182454E-1,-9.056633918E-1,2.155262417E0
3.746961925E2,1.521290854E0,-3.364943969E-1,-3.502664901E-1,1.596947387E0
3.747061815E2,1.222061055E0,-3.063894224E-1,-6.947486222E-2,1.261798104E0
3.747161695E2,1.217991393E0,-1.309723681E-1,-4.613029227E-2,1.225881233E0
3.747261585E2,1.276140783E0,-9.330402017E-3,-9.977221012E-2,1.280069079E0
3.747361475E2,1.367452072E0,3.225616515E-2,-9.040160850E-2,1.370816574E0
3.747461365E2,1.428561615E0,2.347189307E-2,-4.728979513E-2,1.429536828E0
3.747561245E2,1.486209607E0,-1.053387594E-1,9.979209065E-2,1.493276167E0
3.747661135E2,1.441284279E0,-2.285185432E-1,2.340407999E-1,1.477936465E0
3.747761025E2,1.457704138E0,-3.473468292E-1,3.621291751E-1,1.541651294E0
3.747860915E2,1.676237099E0,-5.803367382E-1,4.915226488E-1,1.840694449E0
3.747960805E2,1.683720073E0,-7.757477617E-1,6.266601348E-1,1.956885484E0
3.748060685E2,1.635217419E0,-7.946705210E-1,7.884180933E-1,1.981676143E0
3.748160575E2,1.692400264E0,-6.184553218E-1,9.112349112E-1,2.019171787E0
3.748260465E2,1.774964704E0,-4.312339085E-1,9.667749815E-1,2.066667909E0
3.748360355E2,1.889518967E0,-3.720559931E-1,9.962205362E-1,2.168216536E0
3.748460235E2,1.914295374E0,-3.736528677E-1,9.800787127E-1,2.182818712E0
3.748560125E2,1.830861308E0,-3.426064914E-1,9.760591905E-1,2.102884657E0
3.748660015E2,1.766851984E0,-3.886123842E-1,1.093275691E0,2.113773227E0
3.748759905E2,1.715021534E0,-4.383219033E-1,1.180736297E0,2.127807123E0
3.748859785E2,1.590915843E0,-4.320747381E-1,1.273688314E0,2.083262759E0
3.748959675E2,1.536285161E0,-3.742311573E-1,1.208745775E0,1.990298321E0
3.749059565E2,1.519311864E0,-4.344188869E-1,1.138171636E0,1.947424705E0
3.749159455E2,1.475378078E0,-3.972183162E-1,1.217684852E0,1.953785880E0
3.749259335E2,1.118078265E0,-3.633997750E-1,1.337972749E0,1.781103445E0
3.749359225E2,7.711474648E-1,-4.570978975E-1,6.456822968E-1,1.104768088E0
3.749459115E2,5.573411009E-1,-6.193008292E-1,8.689722598E-2,8.376835606E-1
3.749559005E2,8.642754838E-2,-5.567970175E-1,-2.431332202E-1,6.136826562E-1
3.749658885E2,-5.777893987E-1,-1.877716362E-1,-5.755294499E-1,8.368589632E-1
3.749758775E2,-1.082154141E0,1.693189931E-1,-7.014045078E-1,1.300651679E0
3.749858665E2,-1.582652704E0,5.746778029E-1,-6.945392919E-1,1.821381066E0
3.749958555E2,-1.989964484E0,8.345625651E-1,-4.684175223E-1,2.208136839E0
3.750058445E2,-2.422573073E0,1.149600019E0,-9.061371624E-2,2.683030254E0
3.750158325E2,-2.526693565E0,1.278587843E0,2.299649982E-1,2.841100340E0
3.750258215E2,-2.128217513E0,9.736678255E-1,1.646879983E-1,2.346158766E0
3.750358105E2,-1.409750830E0,4.582345963E-1,-7.152255714E-2,1.484079453E0
3.750457995E2,-4.798067290E-1,-7.578342319E-2,-2.427262540E-1,5.430227056E-1
3.750557875E2,5.619221020E-1,-4.720474738E-1,-3.464545441E-1,8.115516110E-1
3.750657765E2,1.591523223E0,-7.487383032E-1,-4.967648238E-1,1.827657108E0
3.750757655E2,2.363298386E0,-9.983559394E-1,-6.698453307E-1,2.651525337E0
3.750857545E2,2.847280320E0,-1.296632350E0,-6.947405823E-1,3.204828411E0
3.750957425E2,3.082012114E0,-1.530618040E0,-6.937851472E-1,3.510402838E0
3.751057315E2,3.025528888E0,-1.550467583E0,-7.018296003E-1,3.471359902E0
3.751157206E2,2.688352121E0,-1.383640673E0,-6.522025269E-1,3.093067535E0
3.751257096E2,2.033068112E0,-1.095351892E0,-4.623159528E-1,2.355185291E0
3.751356976E2,1.324368325E0,-8.570018399E-1,-1.484698686E-1,1.584438991E0
3.751456866E2,7.351949823E-1,-5.614122248E-1,2.048630476E-2,9.252648468E-1
3.751556756E2,2.817568570E-1,-4.185811186E-1,2.320911920E-1,5.553948152E-1
3.751656646E2,1.130828118E-1,-2.690882796E-1,3.518322283E-1,4.571456457E-1
3.751756536E2,5.473403156E-2,2.799705327E-2,3.212523137E-1,3.270820971E-1
3.751856416E2,-3.250934958E-2,3.615543938E-1,1.917787331E-1,4.105575720E-1
3.751956306E2,-8.262788147E-2,5.237725282E-1,5.222879201E-2,5.328159859E-1
3.752056196E2,-1.462917808E-1,5.245338356E-1,-4.985862315E-2,5.468298750E-1
3.752156086E2,-2.456426990E-1,3.819734555E-1,-1.510274407E-1,4.785951778E-1
3.752255966E2,-3.913927352E-1,3.004521596E-1,-3.636593914E-1,6.129501826E-1
3.752355856E2,-6.433100814E-1,3.580443102E-1,-4.650486490E-1,8.708121696E-1
3.752455746E2,-1.022240061E0,4.141506833E-1,-4.392600891E-1,1.187200470E0
3.752555636E2,-1.413269392E0,6.340779126E-1,-3.167369476E-1,1.581046320E0
3.752655516E2,-1.546298518E0,8.848977363E-1,-2.064964673E-1,1.793522763E0
3.752755406E2,-1.570208952E0,1.020325683E0,-5.774417818E-3,1.872606204E0
3.752855296E2,-1.435382392E0,9.364046896E-1,1.110675690E-1,1.717414440E0
3.752955186E2,-1.289107276E0,8.702697569E-1,3.018984684E-1,1.584395690E0
3.753055076E2,-1.030694843E0,7.143069738E-1,3.851689589E-1,1.311838953E0
3.753154956E2,-7.879096779E-1,4.969156820E-1,3.886100453E-1,1.009328798E0
3.753254846E2,-6.323828048E-1,3.076951057E-1,2.700805521E-1,7.533444062E-1
3.753354736E2,-5.846078369E-1,2.273356515E-1,6.537508696E-2,6.306518242E-1
3.753454626E2,-6.546504638E-1,2.318286520E-1,1.331381768E-2,6.946142896E-1
3.753554506E2,-6.749195445E-1,2.137420446E-1,4.130005360E-2,7.091598886E-1
3.753654396E2,-5.993232322E-1,1.663965547E-1,5.828504562E-2,6.247185739E-1
3.753754286E2,-4.555913624E-1,1.054399163E-1,1.770595372E-2,4.679685526E-1
3.753854176E2,-3.252940553E-1,4.056038082E-2,-3.059438646E-2,3.292375790E-1
3.753954056E2,-1.783798385E-1,-5.653088093E-2,1.666427225E-2,1.878637944E-1
3.754053946E2,1.436339289E-2,-1.186505306E-1,-5.038691908E-2,1.297038823E-1
3.754153836E2,1.561636350E-1,-1.249228388E-1,-5.374263614E-2,2.070774432E-1
3.754253726E2,2.989619967E-1,-8.187271357E-2,-1.505108392E-1,3.445793514E-1
3.754353606E2,3.326808429E-1,7.350885630E-2,-2.079486233E-1,3.991525086E-1
3.754453496E2,1.930776921E-1,3.050556725E-1,-1.266123918E-1,3.825815681E-1
3.754553386E2,4.563342512E-2,3.425439262E-1,3.303384483E-2,3.471454822E-1
3.754653276E2,-4.736770928E-2,1.841247278E-1,-1.640553296E-2,1.908265097E-1
3.754753166E2,-1.810859299E-1,-5.685247779E-3,-1.442031553E-1,2.315577380E-1
3.754853046E2,-4.415486893E-1,-9.675738573E-2,-1.931744635E-1,4.915725888E-1
3.754952936E2,-7.366021147E-1,-7.121265471E-2,-1.119937679E-1,7.484627724E-1
3.755052826E2,-9.282372987E-1,8.325031757E-2,-1.795095205E-4,9.319630520E-1
3.755152716E2,-8.103776041E-1,7.957943559E-2,-7.593311191E-2,8.178084037E-1
3.755252596E2,-9.524205056E-1,4.294867605E-1,1.916100410E-1,1.062204361E0
3.755352486E2,-7.561277220E-1,5.518578744E-1,9.093940616E-2,9.405031744E-1
3.755452376E2,-6.754645050E-1,3.880311710E-1,2.321771461E-1,8.128509791E-1
3.755552266E2,-6.546583575E-1,2.136800641E-1,2.966736889E-1,7.498346568E-1
3.755652146E2,-7.127068833E-1,7.793987632E-2,3.568663886E-1,8.008616267E-1
3.755752036E2,-8.146019250E-1,5.498955488E-2,4.041753334E-1,9.110202234E-1
3.755851926E2,-7.873623785E-1,1.606200904E-1,4.030795652E-1,8.990058200E-1
3.755951816E2,-6.133676594E-1,3.124447989E-1,3.343826750E-1,7.652799562E-1
3.756051706E2,-3.875619319E-1,4.267736524E-1,2.508508140E-1,6.287019424E-1
3.756151586E2,-2.133748394E-1,4.508577490E-1,2.397106987E-1,5.534101110E-1
3.756251476E2,-6.450063586E-2,3.958284330E-1,2.103910053E-1,4.528850357E-1
3.756351366E2,1.252074520E-1,2.999721032E-1,1.160359481E-1,3.451441873E-1
3.756451256E2,2.452487428E-1,2.459081626E-1,2.754360169E-2,3.483911886E-1
3.756551136E2,2.994785982E-1,1.974955559E-1,-2.210744530E-2,3.594171177E-1
3.756651026E2,3.081979662E-1,6.706580937E-2,-4.258877993E-2,3.182728599E-1
3.756750916E2,2.658176395E-1,-5.633090615E-2,-3.713449717E-2,2.742465302E-1
3.756850806E2,2.519743565E-1,-1.141592842E-1,-1.016860038E-1,2.947260794E-1
3.756950686E2,2.752722949E-1,-8.525649726E-2,-1.288527524E-1,3.156683995E-1
3.757050576E2,2.491635999E-1,-4.153862000E-3,-8.845492423E-2,2.644315180E-1
3.757150466E2,2.475430441E-1,3.328352094E-2,3.618023157E-2,2.523774170E-1
3.757250356E2,2.234788281E-1,1.524427593E-2,2.084982616E-1,3.060174825E-1
3.757350246E2,2.772939697E-1,-8.492028236E-2,3.362312722E-1,4.440212477E-1
3.757450126E2,3.438440546E-1,-1.786675215E-1,3.838431028E-1,5.454230878E-1
3.757550016E2,3.530741769E-1,-2.486411512E-1,3.647399569E-1,5.652601459E-1
3.757649906E2,3.117200366E-1,-3.041195333E-1,2.823488876E-1,5.190173081E-1
3.757749796E2,2.389540690E-1,-3.491945493E-1,1.627891150E-1,4.533609780E-1
3.757849676E2,2.078916129E-1,-3.586214304E-1,5.817979574E-3,4.145625429E-1
3.757949566E2,2.166624364E-1,-3.500956053E-1,-1.448457643E-1,4.364514173E-1
3.758049456E2,2.454778075E-1,-3.279445982E-1,-2.564518619E-1,4.832955317E-1
3.758149346E2,2.863562769E-1,-2.772521621E-1,-3.396027768E-1,5.236398807E-1
3.758249226E2,3.647753325E-1,-1.824997866E-1,-3.795006680E-1,5.571247368E-1
3.758349116E2,4.272724199E-1,-8.244632542E-2,-3.042171818E-1,5.309493489E-1
3.758449006E2,4.518503138E-1,-6.886616707E-2,-1.492025247E-1,4.808041685E-1
3.758548896E2,4.070878315E-1,-3.394776464E-2,-4.105388582E-2,4.105586131E-1
3.758648776E2,2.816627169E-1,-4.587549984E-2,2.890161753E-2,2.868340131E-1
3.758748666E2,1.940837055E-1,-9.379518628E-2,1.557318181E-2,2.161215994E-1
3.758848556E2,1.037877855E-1,-1.353273743E-1,1.777553558E-3,1.705536935E-1
3.758948446E2,4.208825827E-3,-1.539987034E-1,-6.515026152E-2,1.672658705E-1
3.759048336E2,-6.414834112E-2,-1.521784651E-1,-1.306963795E-1,2.106058844E-1
3.759148216E2,-7.853219926E-2,-8.577631474E-2,-1.706156132E-1,2.064814034E-1
3.759248106E2,-1.092351978E-1,1.960220575E-2,-1.978957978E-1,2.268905500E-1
3.759347996E2,-9.137736261E-2,7.747151434E-2,-1.916787457E-1,2.260362792E-1
3.759447886E2,-7.225228965E-2,9.196383834E-2,-1.752162024E-1,2.106619532E-1
3.759547766E2,-1.190553041E-1,6.242136598E-2,-1.244740650E-1,1.832058548E-1
3.759647656E2,-1.442443782E-1,3.255028009E-2,-7.314077407E-2,1.649713133E-1
3.759747546E2,-1.668735413E-1,2.312164485E-2,-3.328264385E-2,1.717239751E-1
3.759847436E2,-1.807983930E-1,3.737247884E-2,-2.788800269E-2,1.867150283E-1
3.759947316E2,-1.898047131E-1,8.612539351E-2,-3.857729763E-2,2.119708009E-1
3.760047206E2,-2.109133078E-1,1.548126358E-1,-7.821031004E-2,2.730718371E-1
3.760147096E2,-2.690108040E-1,1.790089989E-1,-1.487452725E-1,3.557192579E-1
3.760246986E2,-3.644967127E-1,1.510680789E-1,-1.718856284E-1,4.303766807E-1
3.760346876E2,-5.459150568E-1,9.890097499E-2,-1.570705381E-1,5.766071505E-1
3.760446756E2,-6.737316826E-1,3.602703452E-2,-1.123027933E-1,6.839767867E-1
3.760546646E2,-6.558289701E-1,3.438864470E-2,-5.964978576E-2,6.594333278E-1
3.760646536E2,-5.285630058E-1,8.966763675E-2,-5.275971919E-2,5.387046725E-1
3.760746426E2,-3.653612235E-1,9.777597070E-2,-6.451379210E-2,3.836808485E-1
3.760846306E2,-2.609565568E-1,1.071806324E-1,-3.240439206E-2,2.839648871E-1
3.760946196E2,-1.550792688E-1,6.039238214E-2,-4.256772995E-4,1.664241588E-1
3.761046086E2,-1.300683886E-2,3.008509398E-2,3.259413421E-2,4.622410974E-2
3.761145974E2,1.189180407E-1,-1.995537758E-2,1.082202673E-1,1.620226643E-1
3.761245854E2,2.234837982E-1,-8.645225286E-2,7.038644314E-2,2.497463743E-1
3.761345744E2,2.992514339E-1,-1.143832326E-1,-2.589088619E-2,3.214113915E-1
3.761445634E2,2.692479086E-1,-1.011954224E-1,-1.130670244E-1,3.090616472E-1
3.761545524E2,1.415271771E-1,-7.368310332E-2,-1.733395386E-1,2.355965560E-1
3.761645414E2,-7.797349781E-2,-1.126255596E-1,-1.812718713E-1,2.272088783E-1
3.761745294E2,-2.817941330E-1,-1.839306003E-1,-1.853593674E-1,3.841828916E-1
3.761845184E2,-3.205832461E-1,-2.207557797E-1,-1.875248837E-1,4.320559153E-1
3.761945074E2,-2.438215837E-1,-2.380845881E-1,-1.626031736E-1,3.775884370E-1
3.762044964E2,-1.168273687E-1,-2.394142449E-1,-1.317880547E-1,2.972135699E-1
3.762144844E2,3.928583398E-2,-2.383295864E-1,-1.365503195E-1,2.774713647E-1
3.762244734E2,1.874535477E-1,-2.155646217E-1,-1.407892585E-1,3.184784985E-1
3.762344624E2,3.300814632E-1,-1.855391693E-1,-1.880040631E-1,4.227577124E-1
3.762444514E2,4.087917101E-1,-1.010001254E-1,-1.987319496E-1,4.656243931E-1
3.762544394E2,3.816407490E-1,-7.080978155E-2,-2.313398248E-1,4.518648039E-1
3.762644284E2,2.995984662E-1,-2.122363865E-2,-2.462721518E-1,3.884065608E-1
3.762744174E2,2.416180605E-1,2.876596212E-2,-2.403357661E-1,3.420059183E-1
3.762844064E2,2.058807555E-1,6.300316393E-2,-2.243108869E-1,3.109206621E-1
3.762943954E2,1.821109468E-1,7.145706832E-2,-1.754281640E-1,2.627651999E-1
3.763043834E2,1.491601324E-1,3.595394433E-2,-1.473132893E-1,2.127031651E-1
3.763143724E2,1.375259274E-1,2.181011438E-3,-8.760415435E-2,1.630724544E-1
3.763243614E2,1.363436204E-1,-5.239923835E-2,-7.561326921E-2,1.644768357E-1
3.763343504E2,1.015683286E-1,-9.787011087E-2,-6.140541226E-2,1.538353296E-1
3.763443384E2,7.081592113E-2,-9.721756160E-2,-4.541123092E-2,1.285625484E-1
3.763543274E2,2.121632963E-2,-7.274988770E-2,-3.076366335E-2,8.178680693E-2
3.763643164E2,-5.784855098E-2,-6.213368297E-2,-2.415601730E-2,8.826416363E-2
3.763743054E2,-9.721609980E-2,-2.705857515E-2,-1.688646644E-2,1.023146583E-1
3.763842934E2,-1.282148212E-1,5.110466480E-2,-1.222185016E-2,1.385644282E-1
3.763942824E2,-1.341514993E-1,1.127846038E-1,1.560738802E-2,1.759561939E-1
3.764042714E2,-1.369882759E-1,9.029913604E-2,8.334270358E-2,1.840264328E-1
3.764142604E2,-9.338061869E-2,3.253624678E-2,1.442905712E-1,1.749237441E-1
3.764242494E2,-8.113654912E-2,-5.027786851E-2,1.309062946E-1,1.620106837E-1
3.764342374E2,-9.545696497E-2,-9.853610873E-2,1.051317680E-1,1.728412148E-1
3.764442264E2,-1.866457549E-1,-4.312438488E-2,5.201858461E-2,1.985000845E-1
3.764542154E2,-2.676972270E-1,6.942516088E-2,4.278319985E-2,2.798429211E-1
3.764642044E2,-3.457641341E-1,1.509072804E-1,2.997136563E-2,3.784496353E-1
3.764741924E2,-4.066279480E-1,1.560680330E-1,1.221398565E-1,4.523512612E-1
3.764841814E2,-3.684815902E-1,9.329174101E-2,3.145416105E-1,4.933745595E-1
3.764941704E2,-2.055337232E-1,-6.250381172E-2,4.349281794E-1,4.850910833E-1
3.765041594E2,2.687582043E-1,-1.439906090E-1,5.233690703E-1,6.057057467E-1
3.765141474E2,8.508318579E-1,-1.969090801E-1,5.878901714E-1,1.052759654E0
3.765241364E2,1.337770728E0,-4.312380016E-1,5.330763254E-1,1.503252176E0
3.765341254E2,1.844015058E0,-6.160410064E-1,4.990481615E-1,2.007223735E0
3.765441144E2,2.138505981E0,-7.055028212E-1,2.558659708E-1,2.266364811E0
3.765541034E2,2.181321341E0,-7.328508335E-1,1.700966728E-1,2.307415440E0
3.765640914E2,1.936802477E0,-6.969752419E-1,9.456848055E-2,2.060563398E0
3.765740804E2,1.638659967E0,-6.036992884E-1,2.139671624E-2,1.746458456E0
3.765840694E2,1.380958263E0,-4.597653973E-1,4.759808958E-2,1.456260802E0
3.765940584E2,1.198939995E0,-2.991879916E-1,4.838044703E-2,1.236653239E0
3.766040464E2,1.023665320E0,-1.558306360E-1,1.002125055E-2,1.035506784E0
3.766140354E2,8.960562703E-1,-2.371338308E-2,-1.218056881E-1,9.046080863E-1
3.766240244E2,7.739829259E-1,7.643129468E-2,-2.422869819E-1,8.146129719E-1
3.766340134E2,5.829217923E-1,8.314097464E-2,-3.289693227E-1,6.744857692E-1
3.766440014E2,3.549737911E-1,7.817961216E-2,-3.144717363E-1,4.806359506E-1
3.766539904E2,2.662440477E-1,4.277179778E-2,-2.118168488E-1,3.429018768E-1
3.766639794E2,2.479084951E-1,-6.896206141E-3,-8.916302204E-2,2.635454877E-1
3.766739684E2,1.913154875E-1,-2.468226671E-2,-2.747021914E-3,1.929206473E-1
3.766839574E2,1.404287776E-1,-3.900443673E-2,4.555741131E-2,1.526992646E-1
3.766939454E2,1.652186331E-1,-5.173850298E-2,1.051636353E-1,2.025671731E-1
3.767039344E2,1.581364855E-1,-1.959887284E-1,1.928019959E-1,3.171613774E-1
3.767139234E2,1.044901823E-1,-3.973896396E-1,3.258898866E-1,5.244434594E-1
3.767239124E2,2.095846742E-2,-5.811331290E-1,3.708324632E-1,6.896895582E-1
3.767339004E2,2.204830071E-1,-6.895644808E-1,2.655834585E-1,7.711332589E-1
3.767438894E2,9.666735323E-1,-3.264623290E-1,1.396861812E-1,1.029828918E0
3.767538784E2,2.034061115E0,4.428131497E-1,1.689029637E-1,2.088544066E0
3.767638674E2,2.808272959E0,9.384845442E-1,2.284422371E-1,2.969736707E0
3.767738554E2,2.949607471E0,7.457907218E-1,3.091697735E-1,3.058099734E0
3.767838444E2,2.670053552E0,-1.322710347E-1,4.709800646E-1,2.714498815E0
3.767938334E2,2.103113370E0,-1.093507680E0,7.789105207E-2,2.371689673E0
3.768038224E2,1.511242121E0,-1.983324094E0,-4.385879517E-2,2.493862627E0
3.768138114E2,1.282420108E0,-2.314462441E0,-5.446146360E-1,2.701470493E0
3.768237994E2,1.191795866E0,-1.806061658E0,-1.052078110E0,2.406055787E0
3.768337884E2,9.540150413E-1,-1.029943768E0,-1.316641814E0,1.924701154E0
3.768437774E2,3.865237588E-1,-2.513437343E-1,-1.002418000E0,1.103365821E0
3.768537664E2,-1.469937390E-1,1.923032284E-1,-2.990745556E-1,3.847509334E-1
3.768637544E2,-4.968054619E-1,4.263625932E-1,3.964578858E-1,7.653623868E-1
3.768737434E2,-5.379906178E-1,4.557887059E-1,5.636043459E-1,9.026777432E-1
3.768837324E2,-1.030109829E-1,3.153678221E-1,2.409546939E-1,4.100332795E-1
3.768937214E2,4.765591854E-1,1.289463079E-1,-2.755102766E-1,5.653686585E-1
3.769037104E2,1.027414847E0,-1.058638394E-2,-7.439970884E-1,1.268552327E0
3.769136984E2,1.326161959E0,-1.903064042E-1,-1.193215278E0,1.794069332E0
3.769236874E2,1.286790317E0,-1.781517971E-1,-1.426511289E0,1.929378615E0
3.769336764E2,9.708459592E-1,-2.079597330E-1,-1.540353946E0,1.832615455E0
3.769436654E2,4.517918417E-1,-1.843054068E-1,-1.534201798E0,1.609925312E0
3.769536534E2,-1.320792460E-1,-1.920892203E-1,-1.451443816E0,1.470045016E0
3.769636424E2,-6.681587014E-1,-5.871247709E-2,-1.312174542E0,1.473663881E0
3.769736314E2,-9.167156526E-1,-1.158760267E-1,-1.103747324E0,1.439462746E0
3.769836204E2,-1.064543205E0,-8.094651461E-2,-1.005305355E0,1.466439030E0
3.769936084E2,-9.931317446E-1,1.337293303E-1,-9.450924826E-1,1.377459254E0
3.770035974E2,-9.733152384E-1,3.336234140E-1,-9.675718108E-1,1.412388879E0
3.770135864E2,-6.797695175E-1,2.230712771E-1,-9.814928618E-1,1.214568083E0
3.770235754E2,-2.916404057E-1,1.803959584E-1,-1.109838368E0,1.161610103E0
3.770335644E2,1.057743770E-1,2.263094652E-1,-1.024774829E0,1.054783221E0
3.770435524E2,3.340865135E-1,2.441417187E-1,-7.826059610E-1,8.852632758E-1
3.770535414E2,4.277957457E-1,1.566773129E-1,-5.709794390E-1,7.304618404E-1
3.770635304E2,4.263444668E-1,-7.829421759E-4,-4.760721123E-1,6.390734492E-1
3.770735194E2,2.457657829E-1,-3.082295412E-1,-2.267658404E-1,4.547845825E-1
3.770835074E2,-2.058541507E-1,-6.580181676E-1,1.867039347E-1,7.142983967E-1
3.770934964E2,-3.246701574E-1,-5.237450463E-1,1.987427670E-1,6.474706727E-1
3.771034854E2,-6.467678323E-1,-2.190068775E-1,1.248857090E-1,6.941679060E-1
3.771134744E2,-7.684825963E-1,2.116633594E-2,5.421070576E-2,7.706830186E-1
3.771234623E2,-7.344070700E-1,2.157242507E-1,-2.320468993E-1,7.998352707E-1
3.771334513E2,-5.061224154E-1,3.126354182E-1,-5.304506332E-1,7.970437116E-1
3.771434403E2,-3.045165592E-1,4.012365228E-1,-6.182559317E-1,7.974719300E-1
3.771534293E2,-2.163040021E-1,3.766390407E-1,-7.120484868E-1,8.340608106E-1
3.771634183E2,-1.972374013E-1,3.460961097E-1,-6.454948935E-1,7.585174798E-1
3.771734063E2,-4.126856634E-1,3.401161623E-1,-6.289990211E-1,8.256077938E-1
3.771833953E2,-6.272305307E-1,3.268868369E-1,-5.494365424E-1,8.956303126E-1
3.771933843E2,-7.449922845E-1,2.142688787E-1,-1.895487513E-1,7.980309426E-1
3.772033733E2,-8.163996515E-1,7.323871493E-2,-2.235449016E-2,8.199829410E-1
3.772133613E2,-8.689579341E-1,-3.195035577E-2,-1.286611100E-1,8.790121715E-1
3.772233503E2,-9.154757506E-1,-8.664404154E-3,-1.394701266E-1,9.260792828E-1
3.772333393E2,-1.045404683E0,1.313226163E-2,7.043936044E-2,1.047857391E0
3.772433283E2,-1.123119734E0,7.631084204E-2,2.681533098E-2,1.126028571E0
3.772533173E2,-1.016462135E0,8.579619527E-2,-1.758251899E-1,1.035118716E0
3.772633053E2,-8.108474278E-1,1.331469476E-1,-3.439145136E-1,8.907743000E-1
3.772732943E2,-6.339311475E-1,2.846523982E-1,-5.003230007E-1,8.562819586E-1
3.772832833E2,-6.278763556E-1,4.007301539E-1,-5.517567176E-1,9.269567679E-1
3.772932723E2,-4.274893516E-1,3.869792569E-1,-5.296089265E-1,7.829340368E-1
3.773032603E2,-3.114358619E-1,1.666854072E-1,-4.444427687E-1,5.677197334E-1
3.773132493E2,-3.337450361E-1,-3.435005307E-2,-4.229413873E-1,5.398565480E-1
3.773232383E2,-3.662608176E-1,-1.697511023E-1,-3.800152230E-1,5.544131970E-1
3.773332273E2,-4.213588384E-1,-2.186706626E-1,-3.804730600E-1,6.083747848E-1
3.773432153E2,-5.085203585E-1,-7.997646153E-2,-4.489607660E-1,6.830482844E-1
3.773532043E2,-6.391658673E-1,4.453999579E-2,-4.917349027E-1,8.076633158E-1
3.773631933E2,-7.958504891E-1,1.348794776E-1,-4.778707159E-1,9.380463185E-1
3.773731823E2,-9.156061435E-1,2.248032224E-1,-5.041206211E-1,1.069115849E0
3.773831713E2,-1.073911614E0,3.904495794E-1,-5.891003989E-1,1.285603480E0
3.773931593E2,-1.021861162E0,3.011356992E-1,-5.537915486E-1,1.200653165E0
3.774031483E2,-1.200060906E0,4.546625322E-1,-6.761223167E-1,1.450519074E0
3.774131373E2,-1.313197804E0,5.636078542E-1,-6.835735698E-1,1.584113352E0
3.774231263E2,-1.445958836E0,5.681909019E-1,-6.334196623E-1,1.677753952E0
3.774331143E2,-1.589996515E0,3.948344064E-1,-5.169388872E-1,1.717908303E0
3.774431033E2,-1.775565797E0,1.657516068E-1,-3.908286251E-1,1.825610723E0
3.774530923E2,-1.950439938E0,2.277724385E-2,-2.327653760E-1,1.964411992E0
3.774630813E2,-1.979049487E0,-2.376425385E-2,-1.811847478E-1,1.987468119E0
3.774730703E2,-1.872904981E0,2.216036260E-2,-2.243377841E-1,1.886422962E0
3.774830583E2,-1.701076655E0,1.282773864E-1,-3.377392691E-1,1.739018312E0
3.774930473E2,-1.508363830E0,2.695133722E-1,-4.770358796E-1,1.604793485E0
3.775030363E2,-1.318251261E0,3.235726351E-1,-6.126570766E-1,1.489239514E0
3.775130253E2,-1.192100506E0,2.476722676E-1,-6.501082005E-1,1.380248471E0
3.775230133E2,-1.157249347E0,1.047674865E-1,-5.863788123E-1,1.301553836E0
3.775330023E2,-1.206990149E0,-3.381093979E-2,-5.292664258E-1,1.318366925E0
3.775429913E2,-1.315666206E0,-1.030413884E-1,-4.955668755E-1,1.409674297E0
3.775529803E2,-1.404500907E0,-8.985182405E-2,-5.187236036E-1,1.499923440E0
3.775629683E2,-1.471445679E0,9.193577170E-3,-5.204045320E-1,1.560787553E0
3.775729573E2,-1.492430752E0,1.669730902E-1,-5.335913189E-1,1.593721825E0
3.775829463E2,-1.431577609E0,2.538872731E-1,-5.203144848E-1,1.544215128E0
3.775929353E2,-1.320837776E0,2.791197628E-1,-4.792762403E-1,1.432559244E0
3.776029243E2,-1.153468537E0,2.972391146E-1,-3.719190221E-1,1.247863982E0
3.776129123E2,-9.560615668E-1,3.679255199E-1,-2.630552687E-1,1.057648799E0
3.776229013E2,-7.594930869E-1,4.058388662E-1,-1.601951440E-1,8.758980640E-1
3.776328903E2,-6.339127287E-1,3.394823241E-1,-4.919043258E-2,7.207727067E-1
3.776428793E2,-4.980088189E-1,2.158224839E-1,-5.611470535E-2,5.456564748E-1
3.776528673E2,-3.674442941E-1,1.404547977E-1,-1.376693304E-1,4.167681658E-1
3.776628563E2,-2.614483076E-1,7.767265856E-2,-2.062811436E-1,3.419651585E-1
3.776728453E2,-1.694350603E-1,3.561480582E-2,-2.519388346E-1,3.056956500E-1
3.776828343E2,-1.168732694E-1,-1.479462504E-2,-3.025953104E-1,3.247185918E-1
3.776928223E2,-8.540618598E-2,-2.390166342E-2,-3.449794377E-1,3.561970221E-1
3.777028113E2,-4.200464308E-2,-1.170320213E-2,-4.438030833E-1,4.459400540E-1
3.777128003E2,-3.556510448E-2,5.833591640E-2,-4.822837557E-1,4.870991447E-1
3.777227893E2,-7.531915426E-2,6.558412492E-2,-4.072439522E-1,4.193112078E-1
3.777327783E2,-1.357676697E-1,2.678551018E-2,-3.257349354E-1,3.539118136E-1
3.777427663E2,-1.610893294E-1,7.147636414E-3,-2.201700349E-1,2.729023727E-1
3.777527553E2,-1.789935037E-1,9.273917913E-2,-1.459991276E-1,2.489075632E-1
3.777627443E2,-2.148664641E-1,1.836528575E-1,-7.921120718E-2,2.935479260E-1
3.777727333E2,-2.999589470E-1,2.553262728E-1,-6.640828997E-3,3.939682425E-1
3.777827213E2,-4.703883263E-1,2.653203338E-1,-1.803281307E-2,5.403565855E-1
3.777927103E2,-6.197037023E-1,2.120393354E-1,-1.011825585E-1,6.627452516E-1
3.778026993E2,-7.074689475E-1,1.289544940E-1,-2.205995129E-1,7.522005838E-1
3.778126883E2,-7.763935867E-1,6.447081506E-2,-3.351091915E-1,8.480811622E-1
3.778226773E2,-8.060103187E-1,5.495505631E-2,-3.884457386E-1,8.964166352E-1
3.778326653E2,-7.126665375E-1,3.489501357E-2,-5.084879065E-1,8.761684807E-1
3.778426543E2,-5.420778215E-1,1.548927426E-3,-5.428492154E-1,7.671610225E-1
3.778526433E2,-3.255317447E-1,-6.354520082E-2,-4.437380330E-1,5.539967069E-1
3.778626323E2,-1.059626573E-1,-1.331434393E-1,-2.925940865E-1,3.384768229E-1
3.778726203E2,1.024724543E-2,-2.286758333E-1,-1.455249184E-1,2.712473865E-1
3.778826093E2,7.481512427E-2,-3.202537555E-1,-1.188785720E-1,3.497025673E-1
3.778925983E2,9.925531626E-2,-2.929642153E-1,-1.856315553E-1,3.607474512E-1
3.779025873E2,1.718546382E-1,-1.811736381E-1,-1.456564808E-1,2.890911866E-1
3.779125763E2,2.896383190E-1,-1.010340393E-1,-8.332969353E-2,3.178711543E-1
3.779225643E2,4.696615174E-1,-3.569315851E-2,-2.146527484E-2,4.715047195E-1
3.779325533E2,6.747356495E-1,-2.576926410E-2,6.232591018E-2,6.780979065E-1
3.779425423E2,8.805710891E-1,-7.702303290E-2,1.387636368E-1,8.947588152E-1
3.779525313E2,1.013700203E0,-1.635489607E-1,2.105167204E-1,1.048166806E0
3.779625193E2,1.102550983E0,-2.339950454E-1,2.619757265E-1,1.157153246E0
3.779725083E2,1.067118903E0,-2.694718570E-1,4.048674975E-1,1.172721419E0
3.779824973E2,1.033787143E0,-4.103494084E-1,5.887695926E-1,1.258472140E0
3.779924863E2,9.609510085E-1,-3.913629144E-1,5.645438473E-1,1.181228821E0
3.780024743E2,8.983887246E-1,-2.658302110E-1,3.749309228E-1,1.009128931E0
3.780124633E2,8.422525308E-1,-1.924727976E-1,1.669320135E-1,8.799439758E-1
3.780224523E2,8.453331363E-1,-2.041029096E-1,1.652408525E-2,8.697810957E-1
3.780324413E2,9.046192253E-1,-2.588351870E-1,-6.399879858E-2,9.430946098E-1
3.780424303E2,8.962413347E-1,-2.507777238E-1,-1.522078474E-1,9.430298116E-1
3.780524183E2,8.299833182E-1,-2.620435542E-1,-2.804899116E-1,9.144472228E-1
3.780624073E2,7.320795858E-1,-1.916828388E-1,-2.649034274E-1,8.017834224E-1
3.780723963E2,5.910418206E-1,-8.447004676E-2,-1.836119270E-1,6.246430679E-1
3.780823853E2,3.895944241E-1,8.398940563E-3,-1.488553463E-1,4.171477815E-1
3.780923733E2,2.366078737E-1,8.976411581E-2,-1.052959286E-1,2.740950838E-1
3.781023623E2,1.056089008E-1,1.037348682E-1,-1.541624254E-1,2.137293059E-1
3.781123513E2,-5.436536461E-2,6.972570777E-2,-1.322045226E-1,1.590449716E-1
3.781223410E2,-1.343064505E-1,2.188086569E-2,-1.083331186E-1,1.739340665E-1
3.781323300E2,-1.818180013E-1,-7.271012664E-3,-1.624868140E-1,2.439520812E-1
3.781423180E2,-2.262583020E-1,-4.046273232E-3,-1.945909515E-2,2.271295840E-1
3.781523070E2,-2.431307352E-1,3.312623084E-2,1.490057659E-1,2.870759827E-1
3.781622960E2,-1.894608968E-1,8.559855938E-2,6.400830030E-2,2.175307043E-1
3.781722850E2,-1.107059187E-1,1.419119239E-1,-6.193326965E-2,1.903431755E-1
3.781822730E2,-3.332766742E-2,7.302821517E-2,-1.403353684E-1,1.616721041E-1
3.781922620E2,-1.281563491E-2,3.302156568E-2,-2.428478761E-1,2.454175121E-1
3.782022510E2,-6.300462574E-2,5.099766076E-2,-3.139874406E-1,3.242814474E-1
3.782122400E2,-1.134625885E-1,5.620811462E-2,-2.655571461E-1,2.942001172E-1
3.782222280E2,-1.275081852E-1,9.147501111E-2,-2.265572409E-1,2.755978925E-1
3.782322170E2,-1.565337637E-1,9.246669888E-2,-2.367848982E-1,2.985297265E-1
3.782422060E2,-1.631145126E-1,5.886158109E-2,-3.195463885E-1,3.635669462E-1
3.782521950E2,-1.052624533E-1,-3.859980941E-2,-3.212005658E-1,3.402057214E-1
3.782621840E2,-1.955513567E-2,-1.150574166E-1,-2.968533446E-1,3.189710342E-1
3.782721720E2,8.740417957E-2,-1.628303379E-1,-2.457672447E-1,3.074975579E-1
3.782821610E2,1.518004426E-1,-2.137426293E-1,-1.803040110E-1,3.181804870E-1
3.782921500E2,2.020935139E-1,-2.046572256E-1,-4.518962145E-2,2.911502537E-1
3.783021390E2,2.536916837E-1,-1.549611551E-1,-1.181878696E-1,3.199074905E-1
3.783121270E2,3.514816877E-1,-1.338100219E-1,-1.917575370E-1,4.221557198E-1
3.783221160E2,4.505481389E-1,-1.485186929E-1,-1.578898792E-1,4.999806412E-1
3.783321050E2,5.863380280E-1,-2.280665535E-1,-3.140963450E-2,6.299152332E-1
3.783420940E2,7.490616542E-1,-2.363666761E-1,-5.394758105E-2,7.873200803E-1
3.783520830E2,8.536914387E-1,-2.682930583E-1,-1.334072949E-1,9.047473371E-1
3.783620710E2,9.166475326E-1,-3.555387783E-1,-3.208147958E-2,9.837071430E-1
3.783720600E2,1.011197594E0,-4.355596787E-1,1.017415524E-1,1.105705274E0
3.783820490E2,1.068226950E0,-4.975039119E-1,1.266221859E-1,1.185180213E0
3.783920380E2,1.021670835E0,-4.671568626E-1,1.132858564E-1,1.129106069E0
3.784020260E2,8.192109928E-1,-3.408844864E-1,6.306119755E-2,8.895423533E-1
3.784120150E2,4.602761516E-1,-6.432931244E-2,2.597347811E-2,4.654750452E-1
3.784220040E2,6.787740290E-3,1.953934819E-1,5.060253516E-2,2.019537143E-1
3.784319930E2,-3.212445661E-1,3.320937824E-1,2.666725025E-2,4.628125904E-1
3.784419820E2,-4.324428204E-1,2.476132107E-1,-3.011623040E-2,4.992254824E-1
3.784519700E2,-4.063464046E-1,5.544329882E-3,-1.071987587E-1,4.202852769E-1
3.784619590E2,-2.384298661E-1,-2.001630557E-1,-9.347022727E-2,3.250395873E-1
3.784719480E2,1.403916478E-3,-2.783315581E-1,-1.390482500E-2,2.786822050E-1
3.784819370E2,1.818142006E-1,-2.059605700E-1,-3.248786107E-2,2.766434909E-1
3.784919250E2,3.300460875E-1,-7.543083608E-2,-8.662649989E-4,3.385572054E-1
3.785019140E2,4.971188727E-1,3.313207805E-2,7.029478803E-2,5.031563032E-1
3.785119030E2,7.003698429E-1,2.835607231E-2,1.127745174E-1,7.099577984E-1
3.785218920E2,8.563092372E-1,-3.843257904E-2,6.553851664E-2,8.596731181E-1
3.785318810E2,9.045455503E-1,-1.312226290E-1,7.991681993E-2,9.175013510E-1
3.785418690E2,8.887001806E-1,-2.158645838E-1,1.909934521E-1,9.342719242E-1
3.785518580E2,7.507705030E-1,-2.285167891E-1,1.670192832E-1,8.023538571E-1
3.785618470E2,6.592048600E-1,-1.935212034E-1,7.880657986E-2,6.915287273E-1
3.785718360E2,5.518643063E-1,-1.427375507E-1,1.810926542E-2,5.703123412E-1
3.785818240E2,4.202317876E-1,-1.281803226E-1,-2.375709102E-2,4.399878973E-1
3.785918130E2,3.017911720E-1,-1.163794720E-1,-2.697232872E-2,3.245760304E-1
3.786018020E2,2.102211437E-1,-1.025513917E-1,9.259051368E-2,2.515605701E-1
3.786117910E2,8.679139137E-2,-7.442043722E-2,1.587530744E-1,1.956366165E-1
3.786217790E2,8.677560389E-2,-3.219827771E-2,1.763239574E-1,1.991403337E-1
3.786317680E2,1.903938201E-1,-3.029267013E-2,1.729423665E-1,2.589913410E-1
3.786417570E2,2.779237148E-1,-6.642553926E-2,1.448517577E-1,3.203684991E-1
3.786517460E2,2.657784632E-1,-3.824897647E-2,1.721431983E-1,3.189583929E-1
3.786617350E2,1.512531433E-1,6.653897524E-2,1.807671104E-1,2.449116101E-1
3.786717230E2,5.571139365E-2,1.314495009E-1,1.280743419E-1,1.917961619E-1
3.786817120E2,1.044391653E-1,1.124676847E-1,8.355598077E-2,1.747515988E-1
3.786917010E2,1.858055100E-1,1.084044546E-1,1.792917117E-2,2.158626149E-1
3.787016900E2,2.337345520E-1,9.790402472E-2,2.432076260E-2,2.545752115E-1
3.787116780E2,2.259238413E-1,5.895162821E-2,1.321429807E-1,2.682883596E-1
3.787216670E2,1.514089715E-1,-2.624522746E-2,2.301048928E-1,2.766979406E-1
3.787316560E2,1.486479163E-1,-5.608532310E-2,2.402252537E-1,2.880103106E-1
3.787416450E2,1.603134039E-1,-3.048621297E-2,2.347458279E-1,2.858940370E-1
3.787516340E2,1.320476711E-1,-3.648662567E-2,2.579497723E-1,2.920718171E-1
3.787616220E2,1.321839112E-1,-1.082190979E-1,3.547437032E-1,3.937347514E-1
3.787716110E2,1.666827759E-1,-9.538212061E-2,3.117045414E-1,3.661155799E-1
3.787816000E2,9.951083958E-2,-8.946239948E-5,1.567194128E-1,1.856431780E-1
3.787915890E2,2.812306076E-2,1.589372617E-1,4.715852514E-2,1.681543523E-1
3.788015770E2,-1.151901484E-3,2.539492536E-1,1.115429476E-2,2.541967123E-1
3.788115660E2,7.825036347E-3,2.530429351E-1,-6.584111005E-3,2.532494990E-1
3.788215550E2,-4.130882442E-2,1.652487463E-1,1.759178683E-2,1.712397094E-1
3.788315440E2,-1.383924848E-1,5.945975125E-2,6.929389089E-3,1.507844763E-1
3.788415330E2,-2.798728842E-1,-4.217655122E-2,1.862922907E-3,2.830391550E-1
3.788515210E2,-3.386987972E-1,-6.848960638E-2,2.953545570E-2,3.468141355E-1
3.788615100E2,-3.372282225E-1,-6.408255994E-2,3.520257711E-2,3.450632840E-1
3.788714990E2,-2.803669739E-1,-2.830286264E-2,1.093356237E-2,2.820039625E-1
3.788814880E2,-2.334351745E-1,2.786432147E-2,-5.110247210E-2,2.405823430E-1
3.788914760E2,-2.058143896E-1,7.427308738E-2,-8.713871598E-2,2.355190232E-1
3.789014650E2,-2.177877331E-1,1.099375945E-1,-1.287942803E-1,2.758726844E-1
3.789114540E2,-2.806654742E-1,1.531847709E-1,-1.195146029E-1,3.413538088E-1
3.789214430E2,-3.225204286E-1,1.779816431E-1,-1.016621764E-1,3.821414532E-1
3.789314310E2,-3.206004953E-1,1.459868485E-1,-1.711026862E-2,3.526890966E-1
3.789414200E2,-2.754023954E-1,5.828329146E-2,-1.688675880E-3,2.815071457E-1
3.789514090E2,-2.081728640E-1,-6.399309754E-2,1.301663294E-2,2.181753666E-1
3.789613980E2,-2.132236889E-1,-1.232049268E-1,8.564562947E-3,2.464084967E-1
3.789713870E2,-2.045204008E-1,-9.974063516E-2,-7.320070803E-2,2.390295636E-1
3.789813750E2,-1.675861707E-1,-4.076327920E-2,-7.453138813E-2,1.878874593E-1
3.789913640E2,-1.813695198E-1,1.501272619E-2,-7.206649438E-2,1.957392763E-1
3.790013530E2,-2.747916538E-1,5.958312750E-3,-1.400994332E-1,3.085025213E-1
3.790113420E2,-3.083175418E-1,2.369876504E-2,-3.314062960E-1,4.532675491E-1
3.790213300E2,-2.868877888E-1,3.381854117E-2,-3.712357749E-1,4.703873910E-1
3.790313190E2,-3.025972107E-1,8.828126192E-3,-3.708046889E-1,4.786847868E-1
3.790413080E2,-3.378974363E-1,1.169443130E-5,-3.490450068E-1,4.858056138E-1
3.790512970E2,-4.192398074E-1,4.631930351E-2,-3.416669901E-1,5.428110409E-1
3.790612860E2,-5.555188161E-1,1.037173265E-1,-2.416527052E-1,6.146173353E-1
3.790712740E2,-6.997485763E-1,1.481678599E-1,-1.100919610E-1,7.236864132E-1
3.790812630E2,-8.036898512E-1,1.359816778E-1,-2.083538353E-2,8.153787505E-1
3.790912520E2,-8.372785968E-1,8.517989874E-2,-6.830658853E-2,8.443677243E-1
3.791012410E2,-7.386144340E-1,2.701062799E-2,-1.945082134E-1,7.642737083E-1
3.791112290E2,-5.918709558E-1,-1.088810027E-2,-2.866386974E-1,6.577169010E-1
3.791212178E2,-3.886673480E-1,-2.932846427E-2,-2.140772362E-1,4.446926234E-1
3.791312067E2,-1.204827556E-1,-5.121985495E-2,-1.653820628E-1,2.109284112E-1
3.791411958E2,1.245918864E-1,-1.031928313E-1,-2.503473687E-1,2.980699643E-1
3.791511848E2,3.515191099E-1,-1.306648046E-1,-3.466568577E-1,5.106955578E-1
3.791611727E2,4.936155134E-1,-1.350934857E-1,-3.810571969E-1,6.380525937E-1
3.791711618E2,5.322919214E-1,-1.830751526E-1,-3.491093262E-1,6.623658526E-1
3.791811508E2,4.736104345E-1,-2.237144709E-1,-1.517336382E-1,5.453238534E-1
3.791911398E2,3.985906577E-1,-2.000139517E-1,-2.670730367E-2,4.467587418E-1
3.792011278E2,4.459645066E-1,-3.451319039E-2,1.063944742E-2,4.474245180E-1
3.792111168E2,4.869499800E-1,1.593997765E-1,9.273055449E-2,5.206990757E-1
3.792211058E2,3.925773811E-1,2.299768388E-1,2.119030952E-1,5.019056369E-1
3.792310948E2,2.298733431E-1,2.251417762E-1,2.981694067E-1,4.386747865E-1
3.792410838E2,-7.637048364E-3,1.932656801E-1,3.250677681E-1,3.782578505E-1
3.792510718E2,-2.965020731E-1,1.437573051E-1,3.372193055E-1,4.714833000E-1
3.792610608E2,-5.188374782E-1,1.467586809E-1,3.350922346E-1,6.348363922E-1
3.792710498E2,-5.913233641E-1,1.902719057E-1,3.725822425E-1,7.243509139E-1
3.792810387E2,-5.830173942E-1,2.155728078E-1,4.084003852E-1,7.437551964E-1
3.792910268E2,-4.200262579E-1,2.084210783E-1,3.749506572E-1,6.003743820E-1
3.793010158E2,-2.102003860E-1,1.809233773E-1,2.974254946E-1,4.066686558E-1
3.793110047E2,-5.772780597E-2,1.338766801E-1,2.702793574E-1,3.070934648E-1
3.793209938E2,7.944524199E-2,8.961442709E-2,3.081596670E-1,3.306125714E-1
3.793309828E2,2.112905994E-1,5.747871459E-2,3.632160263E-1,4.241148450E-1
3.793409707E2,3.728260714E-1,-1.706276000E-2,3.988799487E-1,5.462560121E-1
3.793509598E2,5.555229092E-1,-6.481463134E-2,4.441390058E-1,7.141891175E-1
3.793609488E2,7.826381207E-1,-7.576529682E-2,5.475648487E-1,9.581701684E-1
3.793709378E2,1.013804283E0,-9.432085097E-2,6.643756990E-1,1.215767501E0
3.793809258E2,1.240435345E0,-1.113198763E-1,7.598795879E-1,1.458934182E0
3.793909148E2,1.507756011E0,-1.666205031E-1,8.067163700E-1,1.718104154E0
3.794009038E2,1.822161674E0,-1.923494214E-1,8.174872336E-1,2.006379038E0
3.794108928E2,2.104067635E0,-2.157938325E-1,8.149643062E-1,2.266679160E0
3.794208818E2,2.316739055E0,-2.360322154E-1,8.281977247E-1,2.471619413E0
3.794308698E2,2.504416551E0,-2.764025617E-1,8.989379244E-1,2.675180373E0
3.794408588E2,2.668307866E0,-3.414276928E-1,9.512873152E-1,2.853311636E0
3.794508478E2,2.763967437E0,-3.856431681E-1,1.005732787E0,2.966434743E0
3.794608367E2,2.836190198E0,-4.462355250E-1,1.026761713E0,3.049154079E0
3.794708248E2,2.872401420E0,-4.861041802E-1,9.331792192E-1,3.059053881E0
3.794808138E2,2.864400967E0,-4.917660391E-1,7.701354580E-1,3.006615267E0
3.794908027E2,2.751074034E0,-4.538509387E-1,6.083804230E-1,2.853859799E0
3.795007918E2,2.491679268E0,-4.330114621E-1,4.560300498E-1,2.569810870E0
3.795107808E2,2.078163593E0,-4.494321978E-1,2.940377641E-1,2.146441573E0
3.795207687E2,1.531197207E0,-4.785413915E-1,2.020445435E-1,1.616907155E0
3.795307577E2,9.122583202E-1,-5.206968927E-1,8.880341828E-2,1.054147307E0
3.795407468E2,2.915374947E-1,-5.010976106E-1,-7.040164590E-2,5.839942790E-1
3.795507358E2,-3.479379827E-1,-4.547139877E-1,-2.753993256E-1,6.353506425E-1
3.795607237E2,-9.288226050E-1,-3.616309923E-1,-4.768487687E-1,1.104931289E0
3.795707128E2,-1.411241285E0,-2.417045993E-1,-6.156831568E-1,1.558553441E0
3.795807018E2,-1.775324600E0,-6.654657662E-2,-7.586021174E-1,1.931756469E0
3.795906908E2,-1.934062471E0,1.445414168E-1,-9.223218168E-1,2.147595725E0
3.796006798E2,-2.008013670E0,3.034962201E-1,-1.068645903E0,2.294827427E0
3.796106678E2,-2.003594052E0,3.148947823E-1,-1.234875228E0,2.374545151E0
3.796206568E2,-2.013894799E0,2.380512589E-1,-1.363830307E0,2.443864515E0
3.796306458E2,-1.886420528E0,2.649110287E-1,-1.371058635E0,2.347032603E0
3.796406348E2,-1.739493739E0,2.154640496E-1,-1.382956695E0,2.232673833E0
3.796506228E2,-1.726097476E0,1.236849833E-1,-1.402149011E0,2.227270150E0
3.796606118E2,-1.795682558E0,6.385744214E-2,-1.385365456E0,2.268874406E0
3.796706008E2,-1.927726429E0,8.249017954E-2,-1.345928033E0,2.352542472E0
3.796805897E2,-1.986118186E0,1.676975602E-1,-1.346569472E0,2.405418314E0
3.796905788E2,-2.009329293E0,2.529072797E-1,-1.397146718E0,2.460362829E0
3.797005668E2,-1.974185480E0,3.189895874E-1,-1.420222024E0,2.452792952E0
3.797105557E2,-1.776164552E0,3.015186918E-1,-1.457491738E0,2.317316596E0
3.797205448E2,-1.515579001E0,2.482622516E-1,-1.459049875E0,2.118357947E0
3.797305338E2,-1.219214338E0,2.281109923E-1,-1.396565359E0,1.867863225E0
3.797405217E2,-9.433824643E-1,2.428658563E-1,-1.307702153E0,1.630656070E0
3.797505108E2,-6.376262954E-1,2.707927430E-1,-1.199565793E0,1.385227091E0
3.797604998E2,-3.923814994E-1,2.810698092E-1,-1.054634074E0,1.159834691E0
3.797704888E2,-1.806090894E-1,2.335974348E-1,-8.970852341E-1,9.444306867E-1
3.797804778E2,4.194821745E-2,1.796597940E-1,-7.216879141E-1,7.448964626E-1
3.797904658E2,2.519734794E-1,1.599880064E-1,-5.591113454E-1,6.337919951E-1
3.798004548E2,4.557170776E-1,1.111631709E-1,-3.895479387E-1,6.097400281E-1
3.798104438E2,6.320726100E-1,9.960264087E-2,-2.645913322E-1,6.924197018E-1
3.798204328E2,7.824475014E-1,1.174962902E-1,-1.493064590E-1,8.051843822E-1
3.798304208E2,8.335773093E-1,7.563198030E-2,-3.148082435E-2,8.375932003E-1
3.798404098E2,8.245041847E-1,5.961645663E-2,1.284535338E-1,8.365773024E-1
3.798503988E2,7.422978875E-1,7.116646171E-3,2.624616301E-1,7.873645329E-1
3.798603877E2,5.775756830E-1,-7.682949007E-2,3.806654334E-1,6.959903824E-1
3.798703768E2,3.844044355E-1,-1.493940210E-1,4.876766427E-1,6.386813379E-1
3.798803648E2,1.451676536E-1,-1.352390814E-1,5.848980050E-1,6.176317131E-1
3.798903537E2,-3.458306462E-2,-1.330469602E-1,6.821281381E-1,6.958421364E-1
3.799003428E2,-1.971610951E-1,-1.993070233E-1,7.137443255E-1,7.668290221E-1
3.799103318E2,-2.765735927E-1,-1.796586245E-1,6.715176344E-1,7.481350860E-1
3.799203208E2,-3.495003587E-1,-8.633472383E-2,5.341125982E-1,6.441121430E-1
3.799303088E2,-3.923806223E-1,-5.606836617E-2,4.447345448E-1,5.957306688E-1
3.799402978E2,-4.453122497E-1,-1.098042780E-1,3.381047201E-1,5.698024052E-1
3.799502868E2,-5.053432739E-1,-1.707538998E-1,2.321810929E-1,5.817531940E-1
3.799602758E2,-5.373360220E-1,-2.191893107E-1,1.221990596E-1,5.930485347E-1
3.799702638E2,-5.273296818E-1,-2.182572645E-1,7.450960726E-3,5.707611967E-1
3.799802528E2,-5.274846330E-1,-2.274023098E-1,-6.549130037E-2,5.781357617E-1
3.799902418E2,-5.189561766E-1,-2.932150608E-1,-8.947935641E-2,6.027413545E-1
3.800002308E2,-3.530621901E-1,-2.660611761E-1,-1.875121661E-1,4.802106537E-1
3.800102197E2,-1.866869777E-2,-2.093507856E-1,-4.463624096E-1,4.933717386E-1
3.800202078E2,3.020034260E-1,-1.649651563E-1,-7.343380728E-1,8.109697758E-1
3.800301968E2,5.063159582E-1,-1.430351740E-1,-9.243034382E-1,1.063556184E0
3.800401857E2,6.452864403E-1,-8.640372097E-2,-8.959672464E-1,1.107527652E0
3.800501747E2,7.670646465E-1,-7.126820326E-2,-6.678175163E-1,1.019533013E0
3.800601628E2,6.893455026E-1,-2.200207847E-1,-5.554047954E-1,9.121846602E-1
3.800701517E2,3.244125876E-1,-3.512282109E-1,-5.969726515E-1,7.648405911E-1
3.800801407E2,-2.106041363E-1,-3.687529010E-1,-6.236412174E-1,7.544939842E-1
3.800901298E2,-6.427633667E-1,-4.535129696E-1,-5.800724441E-1,9.773959277E-1
3.801001188E2,-6.823095480E-1,-6.973699290E-1,-4.850908577E-1,1.089579863E0
3.801101067E2,-2.628826296E-1,-8.556844622E-1,-3.310915697E-1,9.544238070E-1
3.801200948E2,4.481133583E-1,-7.270989275E-1,8.888761818E-2,8.587080068E-1
3.801300838E2,1.131764550E0,-4.472172725E-1,9.713545208E-1,1.557056162E0
3.801400727E2,1.784904386E0,-1.815922987E-1,1.748251845E0,2.505043701E0
3.801500608E2,2.149373324E0,-2.261995375E-2,2.340555933E0,3.177816770E0
3.801600498E2,2.251728249E0,-9.108266294E-2,2.708394037E0,3.523347048E0
3.801700387E2,2.231823158E0,-2.465022397E-1,2.756322202E0,3.555152605E0
3.801800278E2,2.008588451E0,-2.588778716E-1,2.546125617E0,3.253336898E0
3.801900168E2,1.719681619E0,-2.367631173E-1,2.064794811E0,2.697543189E0
3.802000047E2,1.255116827E0,-3.494179130E-2,1.518328654E0,1.970243914E0
3.802099938E2,6.448166165E-1,2.769352430E-1,1.145490304E0,1.343365041E0
3.802199828E2,2.921327412E-2,5.036505049E-1,9.485704064E-1,1.074384969E0
3.802299718E2,-4.273592511E-1,6.200866950E-1,9.563767317E-1,1.217292032E0
3.802399608E2,-6.581137696E-1,6.903035688E-1,1.061548261E0,1.427066032E0
3.802499488E2,-5.999032760E-1,7.419894469E-1,1.103663124E0,1.458939536E0
3.802599378E2,-2.848129043E-1,6.191552335E-1,1.002774388E0,1.212447140E0
3.802699268E2,6.816391647E-3,3.415674412E-1,7.995090920E-1,8.694421017E-1
3.802799158E2,1.440458652E-1,8.362570882E-2,5.461191246E-1,5.709540863E-1
3.802899038E2,1.553692907E-1,9.766019583E-3,3.239915881E-1,3.594517224E-1
3.802998928E2,7.619331300E-2,3.088382363E-2,7.325742602E-2,1.101175825E-1
3.803098818E2,-1.255122381E-1,1.281633657E-1,-7.260546148E-2,1.935218935E-1
3.803198707E2,-3.028015709E-1,3.307038993E-1,-1.519132939E-1,4.734252942E-1
3.803298598E2,-4.412762091E-1,3.188714737E-1,-2.004945928E-1,5.801739318E-1
3.803398478E2,-4.637393112E-1,1.857578552E-1,-2.503850833E-1,5.587958657E-1
3.803498367E2,-2.995309308E-1,-2.735678315E-2,-2.620552486E-1,3.989237088E-1
3.803598258E2,-1.701978296E-2,-2.366333091E-1,-3.389905733E-1,4.137627397E-1
3.803698148E2,2.392547621E-1,-3.928206253E-1,-3.869146451E-1,6.010439480E-1
3.803798038E2,3.921585743E-1,-4.128467542E-1,-4.982660964E-1,7.566372266E-1
3.803897918E2,3.930786337E-1,-2.613483202E-1,-7.463564399E-1,8.830977817E-1
3.803997808E2,2.697807361E-1,8.825202584E-3,-9.444066042E-1,9.822236832E-1
3.804097698E2,1.684056580E-2,2.743332320E-1,-9.939307666E-1,1.031232610E0
3.804197588E2,-2.940985751E-1,5.252173752E-1,-8.932990158E-1,1.077186332E0
3.804297468E2,-4.535134082E-1,6.732589352E-1,-7.374479145E-1,1.096713924E0
3.804397358E2,-5.124897408E-1,6.931651962E-1,-5.882772571E-1,1.043644506E0
3.804497248E2,-3.911050522E-1,6.478937137E-1,-5.703204578E-1,9.476259023E-1
3.804597138E2,-1.496410659E-1,6.554588413E-1,-5.681236589E-1,8.802177191E-1
3.804697027E2,-2.964099795E-3,6.314431572E-1,-5.884848332E-1,8.631591079E-1
3.804796908E2,2.798769772E-3,5.837368941E-1,-6.387776121E-1,8.653285113E-1
3.804896798E2,-8.635665089E-2,5.353394902E-1,-7.361676666E-1,9.143241626E-1
3.804996687E2,-2.370304812E-1,4.956895208E-1,-8.871787351E-1,1.043540923E0
3.805096578E2,-3.847086369E-1,4.634602529E-1,-1.051689563E0,1.211960015E0
3.805196468E2,-5.544601777E-1,4.398293155E-1,-1.195168248E0,1.388993541E0
3.805296347E2,-8.095424755E-1,4.283547395E-1,-1.252358403E0,1.551530977E0
3.805396238E2,-1.094837775E0,4.681696004E-1,-1.224413097E0,1.707934414E0
3.805496128E2,-1.369077305E0,5.046497941E-1,-1.047326955E0,1.796089595E0
3.805596018E2,-1.601285149E0,4.126678294E-1,-7.628160596E-1,1.821070347E0
3.805695898E2,-1.788308342E0,1.818887526E-1,-5.126084393E-1,1.869197062E0
3.805795788E2,-1.703806574E0,-6.468774676E-2,-3.344022632E-1,1.737517258E0
3.805895678E2,-1.444947560E0,-2.228216010E-1,-1.764496726E-1,1.472636209E0
3.805995568E2,-1.050415601E0,-3.046294105E-1,2.579206824E-3,1.093699531E0
3.806095458E2,-5.565726306E-1,-3.510340834E-1,1.841422695E-1,6.833054926E-1
3.806195338E2,-1.005311787E-2,-4.383102089E-1,2.815703309E-1,5.210554247E-1
3.806295228E2,3.832449326E-1,-6.218215638E-1,3.738905570E-1,8.205686347E-1
3.806395118E2,6.032644017E-1,-8.838007987E-1,4.678213987E-1,1.167856434E0
3.806495008E2,5.851375946E-1,-1.105397993E0,6.312806046E-1,1.401001759E0
3.806594897E2,3.470097372E-1,-1.216123792E0,8.533599016E-1,1.525646078E0
3.806694778E2,3.913965359E-2,-1.235891474E0,1.001031041E0,1.590918851E0
3.806794668E2,-2.201380214E-1,-1.304547141E0,1.032749847E0,1.678355218E0
3.806894557E2,-1.675749148E-1,-1.239359457E0,8.998324022E-1,1.540711384E0
3.806994448E2,-1.393157601E-2,-9.855452746E-1,7.773001975E-1,1.255264583E0
3.807094328E2,9.142808720E-2,-7.754144704E-1,6.565376526E-1,1.020131553E0
3.807194217E2,1.984903134E-1,-6.960583985E-1,5.634979266E-1,9.172925443E-1
3.807294108E2,1.592299148E-1,-6.139143741E-1,3.156461495E-1,7.084331417E-1
3.807393998E2,-9.200652301E-2,-3.450950664E-1,-1.264206031E-1,3.788640575E-1
3.807493888E2,-4.799330288E-1,2.933548093E-2,-4.132575211E-1,6.340173983E-1
3.807593768E2,-9.948212975E-1,2.622903067E-1,-3.483198059E-1,1.086182446E0
3.807693658E2,-1.397150957E0,4.157031190E-1,-1.562051502E-1,1.466028625E0
3.807793548E2,-1.508739367E0,6.091331059E-1,-9.979442954E-2,1.630121635E0
3.807893438E2,-1.351166845E0,7.384472036E-1,-1.475278822E-1,1.546842136E0
3.807993328E2,-1.099362058E0,7.510631561E-1,-1.376887724E-1,1.338525681E0
3.808093208E2,-7.749029852E-1,5.762068498E-1,1.329177368E-1,9.747595063E-1
3.808193098E2,-3.770813826E-1,2.278209704E-1,5.316908276E-1,6.904982982E-1
3.808292988E2,2.006270322E-1,-6.861298263E-2,7.067547101E-1,7.378761195E-1
3.808392877E2,8.834783247E-1,-8.171776235E-2,5.682101977E-1,1.053600765E0
3.808492758E2,1.483506731E0,9.772743881E-2,3.362271792E-1,1.524267558E0
3.808592648E2,1.913446651E0,3.390776968E-1,1.121355629E-1,1.946490728E0
3.808692537E2,2.213061489E0,5.617566258E-1,-1.543811113E-2,2.283298053E0
3.808792428E2,2.437211724E0,6.879284298E-1,-1.838627726E-2,2.532505591E0
3.808892318E2,2.510794109E0,6.932470572E-1,1.380773199E-1,2.608398721E0
3.808992197E2,2.404563649E0,5.121552801E-1,3.031304768E-1,2.477118782E0
3.809092088E2,2.066326636E0,2.612395620E-1,4.853259158E-1,2.138572683E0
3.809191978E2,1.325211055E0,-6.151855588E-3,6.764184782E-1,1.487872355E0
3.809291868E2,1.678357007E-1,-8.243346155E-2,6.165409434E-1,6.442723282E-1
3.809391758E2,-7.052379423E-1,-1.977388000E-1,4.579843354E-1,8.638349610E-1
3.809491638E2,-1.494345422E0,-5.884842485E-1,2.970955655E-1,1.633293521E0
3.809591528E2,-2.206775879E0,-7.548445505E-1,-2.392356125E-1,2.344543399E0
3.809691418E2,-2.601991962E0,-9.072978348E-1,-4.814726007E-1,2.797385815E0
3.809791308E2,-2.872703721E0,-9.326227105E-1,-5.490997428E-1,3.069808189E0
3.809891188E2,-2.790502979E0,-8.829564607E-1,-6.755779409E-1,3.003818327E0
3.809991078E2,-2.618670852E0,-9.054892910E-1,-7.682457840E-1,2.875334671E0
3.810090968E2,-2.301132836E0,-9.887442863E-1,-7.601485598E-1,2.617375293E0
3.810190857E2,-2.179733529E0,-7.984484071E-1,-7.144022834E-1,2.428812208E0
3.810290748E2,-2.285900547E0,-3.484151155E-1,-7.368614388E-1,2.426870244E0
3.810390628E2,-2.518910336E0,6.536017656E-2,-8.721847200E-1,2.666437215E0
3.810490517E2,-2.714842932E0,3.432134324E-1,-1.066180717E0,2.936819526E0
3.810590408E2,-2.814753721E0,5.179077709E-1,-1.210063738E0,3.107301276E0
3.810690298E2,-2.709551786E0,7.026686758E-1,-1.214094808E0,3.051137551E0
3.810790188E2,-2.619265514E0,8.766829830E-1,-1.280122152E0,3.044312338E0
3.810890068E2,-2.460238205E0,1.093350390E0,-1.429807949E0,3.048366427E0
3.810989958E2,-2.450204675E0,1.198072852E0,-1.330303541E0,3.034565706E0
3.811089848E2,-2.423001966E0,1.207803789E0,-9.332898778E-1,2.863696653E0
3.811189738E2,-2.043359942E0,9.730743331E-1,-5.422392046E-1,2.327276706E0
3.811289631E2,-1.531351573E0,6.607102257E-1,-2.916240335E-1,1.693109630E0
3.811389511E2,-1.264055465E0,2.537141955E-1,2.138151348E-2,1.289443400E0
3.811489401E2,-1.063312731E0,-1.896965396E-1,2.325338262E-1,1.104848733E0
3.811589291E2,-8.464826258E-1,-6.008516943E-1,2.751419020E-1,1.073898813E0
3.811689181E2,-5.832213159E-1,-8.716514540E-1,2.752880824E-1,1.084300184E0
3.811789061E2,-2.665402092E-1,-1.014442214E0,2.483628237E-1,1.077877907E0
3.811888951E2,6.584790744E-2,-9.800600016E-1,2.383202308E-1,1.010767078E0
3.811988841E2,1.773117714E-1,-8.339404213E-1,4.513424832E-1,9.646792875E-1
3.812088731E2,3.130795142E-1,-5.887456191E-1,4.674960011E-1,8.143664392E-1
3.812188621E2,5.490372507E-1,-4.758247751E-1,1.177833885E-2,7.266290997E-1
3.812288501E2,8.733888079E-1,-3.833756179E-1,-2.626323688E-1,9.893233219E-1
3.812388391E2,1.141762996E0,-4.364700902E-1,-3.417592299E-1,1.269223483E0
3.812488281E2,1.397257961E0,-4.563301581E-1,-3.717993003E-1,1.516179984E0
3.812588171E2,1.493678255E0,-5.320363981E-1,-1.916401541E-1,1.597142263E0
3.812688061E2,1.370668918E0,-9.129778200E-1,1.247018141E-1,1.651609011E0
3.812787941E2,1.189209570E0,-1.112580712E0,3.592774880E-1,1.667673696E0
3.812887831E2,9.869695102E-1,-1.235530116E0,4.682286572E-1,1.649206342E0
3.812987721E2,6.896591326E-1,-9.693145734E-1,3.223736635E-1,1.232527988E0
3.813087611E2,1.888763946E-1,-4.121848494E-1,1.733532795E-1,4.854091079E-1
3.813187501E2,-7.063604616E-2,7.018003643E-2,-1.625175118E-2,1.008900785E-1
3.813287381E2,-1.278231309E-1,2.649648231E-1,-3.163747126E-1,4.320162833E-1
3.813387271E2,-1.776522256E-1,1.886838019E-1,-3.649294066E-1,4.475883848E-1
3.813487161E2,-2.721522937E-1,1.921014994E-1,-4.075801671E-1,5.263947660E-1
3.813587051E2,-3.991139835E-1,2.971017051E-1,-3.810136351E-1,6.266839595E-1
3.813686941E2,-4.807168481E-1,3.253993052E-1,-5.069094506E-1,7.706689218E-1
3.813786821E2,-5.994022427E-1,3.760841399E-1,-6.679818231E-1,9.730991958E-1
3.813886711E2,-6.585474868E-1,3.528619230E-1,-8.781278300E-1,1.152954819E0
3.813986601E2,-8.166745437E-1,2.345049226E-1,-1.118755372E0,1.404835738E0
3.814086491E2,-1.074521259E0,7.893273354E-2,-1.166298498E0,1.587790445E0
3.814186371E2,-1.307526151E0,-1.314921856E-2,-1.262415321E0,1.817550544E0
3.814286261E2,-1.431351322E0,1.266711563E-1,-1.377552552E0,1.990593686E0
3.814386151E2,-1.565337929E0,3.672852498E-1,-1.382432931E0,2.120448560E0
3.814486041E2,-1.715417390E0,6.176098144E-1,-1.219204690E0,2.193298607E0
3.814585931E2,-1.782636835E0,7.042012310E-1,-9.253034583E-1,2.128351463E0
3.814685811E2,-1.698897983E0,6.002669728E-1,-5.887792405E-1,1.895583232E0
3.814785701E2,-1.468560663E0,4.396533144E-1,-2.797223184E-1,1.558271489E0
3.814885591E2,-1.206361646E0,3.202139944E-1,-5.861950636E-2,1.249512573E0
3.814985481E2,-9.334174933E-1,2.705261099E-1,3.616561353E-2,9.725022080E-1
3.815085371E2,-7.495968937E-1,3.050509948E-1,1.216866973E-1,8.183882115E-1
3.815185251E2,-5.598601179E-1,2.188074875E-1,1.765902981E-1,6.265015575E-1
3.815285141E2,-2.720305985E-1,-2.289652705E-2,8.529275000E-2,2.860065571E-1
3.815385031E2,-4.261854591E-2,1.190604204E-1,-2.710655156E-1,2.991124168E-1
3.815484921E2,-5.530303873E-2,4.960695899E-1,-5.553720510E-1,7.467138536E-1
3.815584811E2,-1.781013283E-1,8.148662192E-1,-5.860763651E-1,1.019417748E0
3.815684691E2,-3.214564546E-1,8.619655412E-1,-3.849923730E-1,9.972652474E-1
3.815784581E2,-3.499970066E-1,7.566747290E-1,-2.735874197E-1,8.774420929E-1
3.815884471E2,-2.308653963E-1,6.934230584E-1,-4.533942711E-1,8.600585644E-1
3.815984361E2,-1.218955434E-1,6.248755646E-1,-5.839090946E-1,8.638737324E-1
3.816084251E2,-1.739576258E-1,5.246823549E-1,-5.387583572E-1,7.718894976E-1
3.816184131E2,-2.275838293E-1,3.224786210E-1,-2.784350538E-1,4.830247815E-1
3.816284021E2,-4.008633973E-1,1.858022940E-1,-1.879926610E-1,4.801616357E-1
3.816383911E2,-3.830158679E-1,1.778454030E-1,-2.676656520E-1,4.999750431E-1
3.816483801E2,-2.613217154E-1,4.003647029E-1,-3.332638103E-1,5.827913019E-1
3.816583681E2,-3.578299367E-1,7.501270169E-1,-4.142380992E-1,9.286151021E-1
3.816683571E2,-4.914315784E-1,1.045000933E0,-4.081315595E-1,1.224787049E0
3.816783461E2,-6.361133283E-1,1.102476724E0,-1.901602238E-1,1.286956100E0
3.816883351E2,-4.656371713E-1,9.275063968E-1,-1.187358999E-1,1.044597676E0
3.816983241E2,-3.301359154E-1,5.622349280E-1,-9.405714154E-2,6.587447023E-1
3.817083121E2,-6.356426275E-1,1.637992215E-1,1.460210547E-1,6.724536291E-1
3.817183011E2,-6.372621600E-1,-3.335912544E-1,2.441943437E-2,7.197100071E-1
3.817282901E2,-6.397820176E-1,-6.753919995E-1,-2.589617792E-1,9.656793392E-1
3.817382791E2,-9.963673013E-1,-7.956136769E-1,-2.940497509E-1,1.308516021E0
3.817482681E2,-1.500791539E0,-8.548629284E-1,-1.409073722E-1,1.732922606E0
3.817582561E2,-1.984908251E0,-7.334566051E-1,1.166934675E-1,2.119300998E0
3.817682451E2,-2.208813048E0,-5.140041697E-1,4.026381004E-1,2.303296075E0
3.817782341E2,-2.074808899E0,-3.605761546E-1,4.510863751E-1,2.153677332E0
3.817882231E2,-1.647740985E0,-3.696726680E-1,2.949160159E-2,1.688957664E0
3.817982121E2,-1.281078464E0,-4.920759416E-1,-4.228203499E-1,1.435993667E0
3.818082001E2,-1.191547067E0,-6.368839914E-1,-6.397970742E-1,1.494906662E0
3.818181891E2,-1.232067541E0,-7.394599414E-1,-3.834352595E-1,1.487216873E0
3.818281781E2,-1.241693520E0,-7.230696112E-1,-2.081638008E-1,1.451883132E0
3.818381671E2,-9.189826182E-1,-6.082577777E-1,-2.186887890E-1,1.123535208E0
3.818481561E2,-2.991575861E-1,-4.955123502E-1,-4.336955863E-1,7.232700824E-1
3.818581441E2,5.435615525E-1,-3.816571212E-1,-6.455127275E-1,9.261792488E-1
3.818681331E2,1.424468856E0,-1.531087571E-1,-6.870390683E-1,1.588891594E0
3.818781221E2,1.826162193E0,3.282866603E-1,-5.734443328E-1,1.942029580E0
3.818881111E2,1.527883882E0,8.108199459E-1,-2.501403773E-1,1.747692293E0
3.818981001E2,8.663307801E-1,1.019123495E0,2.380436575E-1,1.358604616E0
3.819080881E2,2.882136449E-1,9.806991023E-1,6.537742585E-1,1.213366645E0
3.819180771E2,-8.338129520E-3,9.505420876E-1,9.471635664E-1,1.341908568E0
3.819280661E2,5.188906878E-2,8.702662486E-1,1.005582513E0,1.330883920E0
3.819380551E2,2.474699539E-1,8.010451555E-1,1.005575204E0,1.309234971E0
3.819480441E2,5.311537609E-1,8.541875750E-1,1.071062850E0,1.469331943E0
3.819580321E2,8.043169650E-1,1.115208451E0,1.022019913E0,1.713225138E0
3.819680211E2,1.030713261E0,1.537296145E0,8.564522016E-1,2.039401784E0
3.819780101E2,1.292332015E0,1.970508167E0,7.025081697E-1,2.458971777E0
3.819879991E2,1.614291988E0,2.262012917E0,5.239081836E-1,2.827918111E0
3.819979881E2,1.801813071E0,2.160584190E0,4.156110254E-1,2.843833137E0
3.820079761E2,1.635167133E0,1.269430518E0,6.228419030E-1,2.161748697E0
3.820179651E2,1.144332848E0,-3.967873764E-1,7.264925712E-1,1.412348875E0
3.820279541E2,2.229405919E-1,-2.356569411E0,1.151828978E0,2.632457386E0
3.820379431E2,-1.078722118E0,-4.926796081E0,2.477576077E0,5.619194270E0
3.820479321E2,-1.801744367E0,-6.571237775E0,3.899787908E0,7.850846731E0
3.820579201E2,-1.540464751E0,-5.509438961E0,4.806127969E0,7.471667509E0
3.820679091E2,-9.812674516E-1,-3.539688594E0,5.044139174E0,6.239841437E0
3.820778981E2,1.518448815E-1,-1.841269498E0,4.480548569E0,4.846508611E0
3.820878871E2,1.662636183E0,-4.359374088E-1,3.064811360E0,3.513896580E0
3.820978761E2,3.122609333E0,5.085428703E-1,1.468429101E0,3.487920429E0
3.821078641E2,4.398924070E0,9.768908107E-1,1.649549237E-1,4.509108421E0
3.821178531E2,5.511873157E0,1.203196768E0,-7.782000840E-1,5.695087667E0
3.821278422E2,6.297710874E0,1.357905323E0,-1.414527713E0,6.595904621E0
3.821378312E2,6.277159081E0,1.242891760E0,-1.611266639E0,6.598763993E0
3.821478202E2,5.394596137E0,8.367956167E-1,-1.510845680E0,5.664322471E0
3.821578082E2,4.240978788E0,2.983886772E-1,-9.972341511E-1,4.366853883E0
3.821677972E2,3.125959787E0,-3.386999667E-1,-1.165370545E-1,3.146414331E0
3.821777862E2,2.138993931E0,-9.005688590E-1,5.447467831E-1,2.383918700E0
3.821877752E2,1.388867792E0,-1.263268138E0,7.338989469E-1,2.015789621E0
3.821977632E2,7.124890745E-1,-1.352138214E0,4.922525275E-1,1.605687075E0
3.822077522E2,4.004550424E-1,-1.174755326E0,-5.000597298E-2,1.242141262E0
3.822177412E2,6.066258198E-1,-9.244915724E-1,-6.048184454E-1,1.260351104E0
3.822277302E2,1.244094825E0,-6.109656233E-1,-8.210338622E-1,1.610946160E0
3.822377192E2,2.019936142E0,-3.815968949E-1,-9.059918591E-1,2.246459316E0
3.822477072E2,2.609719934E0,-3.173026657E-1,-1.072181130E0,2.839170917E0
3.822576962E2,2.887876661E0,-4.231934023E-1,-1.223362206E0,3.164733694E0
3.822676852E2,2.785612367E0,-6.879494798E-1,-1.200880247E0,3.110470080E0
3.822776742E2,2.415913972E0,-1.059434200E0,-1.062320093E0,2.843864470E0
3.822876632E2,1.906748665E0,-1.363436789E0,-9.466082270E-1,2.527986844E0
3.822976512E2,1.652200072E0,-1.094164907E0,-1.502391191E0,2.486793359E0
3.823076402E2,1.186274048E0,-8.085471332E-1,-1.953136966E0,2.423992284E0
3.823176292E2,5.416843039E-1,-4.744079947E-1,-2.108132912E0,2.227713897E0
3.823276182E2,-8.096405625E-2,-2.010500783E-1,-2.293220676E0,2.303440336E0
3.823376072E2,-6.899311012E-1,2.276437998E-2,-2.252302592E0,2.355714352E0
3.823475952E2,-1.203315174E0,2.298423529E-1,-2.177622246E0,2.498566301E0
3.823575842E2,-1.589956754E0,4.421968532E-1,-2.172503740E0,2.728236250E0
3.823675732E2,-1.743088023E0,5.331853759E-1,-2.035664421E0,2.732502907E0
3.823775622E2,-1.818207202E0,4.495894879E-1,-1.820796642E0,2.612146349E0
3.823875512E2,-1.884538309E0,3.108859313E-1,-1.496192412E0,2.426257701E0
3.823975392E2,-1.823951215E0,1.594073778E-1,-1.163492419E0,2.169314029E0
3.824075282E2,-1.691212110E0,-4.952123880E-2,-9.520917459E-1,1.941424592E0
3.824175172E2,-1.482449262E0,-1.676168686E-1,-8.807908713E-1,1.732496404E0
3.824275062E2,-1.259774426E0,-2.042648774E-1,-8.438865352E-1,1.530000075E0
3.824374952E2,-9.966909447E-1,-2.295599324E-1,-8.760209320E-1,1.346663757E0
3.824474832E2,-6.987586427E-1,-2.278905523E-1,-9.742418759E-1,1.220387224E0
3.824574722E2,-4.880916488E-1,-1.996233577E-1,-9.754904026E-1,1.108902371E0
3.824674612E2,-3.835048413E-1,-1.931937593E-1,-9.340822486E-1,1.028061009E0
3.824774502E2,-3.105853844E-1,-1.381071407E-1,-8.523159543E-1,9.175943272E-1
3.824874392E2,-3.040116522E-1,-1.382340252E-1,-6.811831550E-1,7.586449901E-1
3.824974272E2,-2.811926007E-1,-2.340184343E-1,-5.494624163E-1,6.601082133E-1
3.825074162E2,-3.715583950E-1,-2.601736146E-1,-4.762873629E-1,6.577200033E-1
3.825174052E2,-5.043872541E-1,-2.176871610E-1,-4.641690085E-1,7.191989089E-1
3.825273942E2,-5.594075069E-1,-9.728597403E-2,-5.177872451E-1,7.684431994E-1
3.825373832E2,-3.994943449E-1,-4.946744442E-4,-6.275413833E-1,7.439113953E-1
3.825473712E2,-1.183777580E-1,3.813086271E-2,-7.114687353E-1,7.222568917E-1
3.825573602E2,1.453419006E-1,-2.149202585E-2,-7.811418913E-1,7.948388702E-1
3.825673492E2,3.419100881E-1,-1.348683679E-1,-7.825054619E-1,8.645269128E-1
3.825773382E2,4.844491258E-1,-2.538901967E-1,-7.359036648E-1,9.168998808E-1
3.825873272E2,4.847970352E-1,-2.999060297E-1,-7.328743686E-1,9.284808194E-1
3.825973152E2,4.051819316E-1,-3.019876385E-1,-6.964508197E-1,8.604723562E-1
3.826073042E2,2.680965918E-1,-2.361976916E-1,-5.744936156E-1,6.765412378E-1
3.826172932E2,1.178754821E-1,-1.742493653E-1,-4.249422314E-1,4.741659737E-1
3.826272822E2,4.460343808E-2,-1.344918072E-1,-2.720737948E-1,3.067599432E-1
3.826372712E2,-8.058924973E-3,6.724064112E-2,-1.709860343E-1,1.839088742E-1
3.826472592E2,-9.948160350E-3,2.211791182E-1,-8.235401250E-2,2.362230970E-1
3.826572482E2,3.335953474E-2,3.075050712E-1,-5.125435352E-2,3.135270899E-1
3.826672372E2,1.394537544E-1,3.370563143E-1,-1.420556923E-1,3.914513104E-1
3.826772262E2,2.700673959E-1,3.218915606E-1,-2.725801637E-1,5.008497986E-1
3.826872152E2,4.298565969E-1,1.152035969E-1,-4.528913375E-1,6.349481288E-1
3.826972032E2,6.709694579E-1,-1.556441098E-1,-6.037349564E-1,9.159263071E-1
3.827071922E2,9.616541362E-1,-4.012493867E-1,-7.263960191E-1,1.270209008E0
3.827171812E2,1.098466119E0,-6.041378295E-1,-9.090806508E-1,1.548559963E0
3.827271702E2,1.051810600E0,-6.926927412E-1,-1.080722158E0,1.659544864E0
3.827371592E2,7.948471069E-1,-6.347421563E-1,-1.075245656E0,1.480146192E0
3.827471472E2,6.580588058E-1,-6.202258587E-1,-8.046610737E-1,1.210454853E0
3.827571362E2,5.602749413E-1,-5.882795960E-1,-5.118962850E-1,9.602180479E-1
3.827671252E2,5.218558109E-1,-5.821593153E-1,-2.546521254E-1,8.222473234E-1
3.827771142E2,5.431882077E-1,-6.131103820E-1,1.102024734E-1,8.265000633E-1
3.827871032E2,5.774353498E-1,-6.872864056E-1,4.083824050E-1,9.861898272E-1
3.827970912E2,5.512749070E-1,-7.055952072E-1,6.194323915E-1,1.088790663E0
3.828070802E2,4.718773198E-1,-6.867221493E-1,7.033007598E-1,1.090361167E0
3.828170692E2,3.706728342E-1,-5.788176316E-1,6.987334996E-1,9.801309628E-1
3.828270582E2,2.715704226E-1,-4.634508973E-1,6.563376778E-1,8.481252125E-1
3.828370472E2,2.438461420E-1,-3.437408513E-1,5.052362698E-1,6.579379926E-1
3.828470352E2,2.531160253E-1,-1.233733267E-1,3.766606754E-1,4.702786030E-1
3.828570242E2,5.366735324E-1,-1.428866547E-1,3.948291439E-1,6.814140660E-1
3.828670132E2,6.206027117E-1,-1.885610104E-2,1.140540344E-1,6.312777527E-1
3.828770022E2,8.921947691E-1,7.024961829E-2,8.184289277E-2,8.986905885E-1
3.828869912E2,1.089318734E0,1.159076017E-1,4.848452747E-2,1.096540299E0
3.828969792E2,1.227005753E0,1.385024124E-1,-2.594994307E-3,1.234800700E0
3.829069682E2,1.221039546E0,1.781155443E-1,-4.354425151E-2,1.234730263E0
3.829169572E2,1.124301164E0,2.034258020E-1,-4.738583565E-3,1.142566242E0
3.829269462E2,9.680240929E-1,2.160019934E-1,4.824365873E-2,9.930029991E-1
3.829369352E2,7.981890830E-1,1.682881290E-1,1.001709171E-1,8.218642949E-1
3.829469232E2,5.234933236E-1,8.007527947E-2,1.819858164E-1,5.599787028E-1
3.829569122E2,3.728503373E-1,-1.258426058E-1,2.715598794E-1,4.781197586E-1
3.829669012E2,4.282500744E-2,-1.289936703E-1,2.423939494E-1,2.778995771E-1
3.829768902E2,-2.013994494E-1,-1.845147371E-1,3.025255823E-1,4.075894434E-1
3.829868792E2,-3.443165097E-1,-2.444732559E-1,3.193491912E-1,5.294383227E-1
3.829968672E2,-5.043404764E-1,-1.922494340E-1,2.785736328E-1,6.073898500E-1
3.830068562E2,-6.446195653E-1,-9.000677526E-2,2.786355768E-1,7.080066301E-1
3.830168452E2,-7.324628708E-1,-2.472202778E-2,2.456082004E-1,7.729401166E-1
3.830268342E2,-8.261858439E-1,1.961448491E-2,1.799644339E-1,8.457866009E-1
3.830368232E2,-8.151810917E-1,8.582601607E-2,1.128430394E-1,8.274175904E-1
3.830468112E2,-7.996143419E-1,1.649435216E-1,3.547211548E-2,8.172195127E-1
3.830568002E2,-7.797200677E-1,2.278613162E-1,-7.972678542E-3,8.123716680E-1
3.830667892E2,-7.538750821E-1,2.672107387E-1,-5.111752868E-2,8.014625506E-1
3.830767782E2,-6.841414806E-1,2.865100586E-1,-1.221956974E-1,7.517109602E-1
3.830867672E2,-6.325129053E-1,3.058789605E-1,-2.494574590E-1,7.455625646E-1
3.830967552E2,-5.840055737E-1,3.143498218E-1,-3.318452758E-1,7.416195842E-1
3.831067442E2,-5.815608528E-1,2.547456443E-1,-4.061651774E-1,7.537098382E-1
3.831167332E2,-5.536345509E-1,1.705860847E-1,-4.597666033E-1,7.395918859E-1
3.831267223E2,-4.713952169E-1,7.396026134E-2,-4.695279086E-1,6.694326162E-1
3.831367113E2,-3.493360519E-1,-9.680065513E-3,-4.639502861E-1,5.808435666E-1
3.831466993E2,-2.644511452E-1,6.617703259E-2,-4.556115719E-1,5.309385202E-1
3.831566883E2,8.565849334E-2,-7.490809500E-2,-2.725516220E-1,2.953523097E-1
3.831666773E2,1.881917587E-1,-5.603913009E-2,-4.905159410E-1,5.283582217E-1
3.831766662E2,3.279653558E-1,-1.579672086E-1,-4.287622905E-1,5.624517894E-1
3.831866553E2,3.369311839E-1,-1.588249952E-1,-3.678395293E-1,5.235015961E-1
3.831966433E2,2.074963412E-1,-1.845223385E-1,-2.748132519E-1,3.906731990E-1
3.832066322E2,6.473013908E-2,-1.906303400E-1,-2.235507488E-1,3.008402478E-1
3.832166213E2,-9.945850700E-2,-2.008232063E-1,-2.070376271E-1,3.051008585E-1
3.832266103E2,-1.707082915E-1,-2.337137944E-1,-1.746814928E-1,3.380489349E-1
3.832365993E2,-1.465525666E-1,-1.996566868E-1,-1.930043461E-1,3.139922371E-1
3.832465873E2,-6.421295285E-2,-1.357758558E-1,-1.610978444E-1,2.202519053E-1
3.832565763E2,2.612857550E-2,-2.887881339E-2,-1.471200754E-1,1.521874006E-1
3.832665653E2,1.188043123E-1,4.808048487E-2,-1.590834786E-1,2.042884011E-1
3.832765543E2,1.930516720E-1,1.096154130E-1,-1.457330793E-1,2.655609482E-1
3.832865433E2,2.292991465E-1,1.138031888E-1,-1.558487624E-1,2.996966819E-1
3.832965313E2,2.516270319E-1,1.076957721E-1,-1.786377189E-1,3.268424347E-1
3.833065203E2,3.004863659E-1,1.172869599E-1,-1.499015959E-1,3.556947785E-1
3.833165093E2,2.247467968E-1,2.133151978E-1,-1.224401110E-1,3.331757450E-1
3.833264983E2,4.129674992E-1,2.286846042E-2,1.755622845E-2,4.139726356E-1
3.833364872E2,3.502537724E-1,1.145820379E-2,-9.538800437E-2,3.631912264E-1
3.833464753E2,2.799205390E-1,-4.669703364E-2,-6.478481054E-2,2.910896645E-1
3.833564643E2,2.559712207E-1,-3.850099146E-2,-8.630314887E-2,2.728586185E-1
3.833664532E2,2.197559059E-1,-5.852536619E-2,-8.936003666E-2,2.443421634E-1
3.833764423E2,1.463742265E-1,-8.449811339E-2,-9.155625086E-2,1.922183457E-1
3.833864313E2,1.017456454E-1,-1.174401569E-1,-1.219319515E-1,1.975139681E-1
3.833964192E2,1.007372931E-1,-4.481539965E-2,-1.288223469E-1,1.695630246E-1
3.834064083E2,6.616066039E-2,5.961821079E-2,-1.084102653E-1,1.403009254E-1
3.834163973E2,-1.783400774E-5,1.197474682E-1,-5.262545250E-2,1.308009737E-1
3.834263863E2,-8.093511254E-2,1.734401107E-1,1.239591446E-3,1.913988010E-1
3.834363753E2,-1.332583371E-1,1.762146145E-1,1.348134041E-2,2.213393804E-1
3.834463633E2,-1.803018183E-1,1.450770217E-1,3.030319512E-2,2.333974540E-1
3.834563523E2,-2.706705362E-1,1.450167954E-1,6.536839921E-2,3.139513302E-1
3.834663413E2,-3.792126927E-1,1.489402771E-1,1.030366923E-1,4.202404459E-1
3.834763303E2,-4.463556853E-1,1.728331697E-1,1.696172011E-1,5.078136442E-1
3.834863192E2,-4.898534149E-1,1.724624562E-1,2.680673558E-1,5.844311543E-1
3.834963083E2,-4.676684940E-1,1.456377697E-1,3.497243436E-1,6.018565417E-1
3.835062963E2,-4.617592978E-1,1.417598963E-1,4.544602185E-1,6.632130936E-1
3.835162852E2,-4.240321854E-1,1.127389956E-1,5.347969051E-1,6.917521992E-1
3.835262743E2,-3.787861383E-1,2.005612510E-1,5.669378436E-1,7.107195456E-1
3.835362633E2,-2.163472715E-1,1.030975217E-1,6.360121715E-1,6.796666265E-1
3.835462523E2,-2.439692259E-1,1.833640051E-1,5.486320021E-1,6.278060331E-1
3.835562403E2,-2.425574157E-1,3.071624243E-1,5.656549644E-1,6.878578295E-1
3.835662293E2,-1.978765020E-1,4.030006278E-1,5.031412490E-1,6.743261321E-1
3.835762183E2,-1.667152280E-1,4.792377949E-1,4.643239232E-1,6.877932370E-1
3.835862073E2,-1.139806518E-1,5.331035149E-1,4.511191195E-1,7.076011635E-1
3.835961963E2,-5.505738258E-2,5.424035114E-1,4.359133987E-1,6.980353685E-1
3.836061843E2,7.099689245E-3,4.923338038E-1,4.383452922E-1,6.592340822E-1
3.836161733E2,1.629151225E-2,4.081227887E-1,4.107101816E-1,5.792343889E-1
3.836261623E2,-8.061848581E-2,2.695507944E-1,4.088688934E-1,4.963171798E-1
3.836361512E2,-2.234212330E-1,9.173813581E-2,3.315751344E-1,4.102133624E-1
3.836461403E2,-4.281799078E-1,-1.380001366E-1,2.272929668E-1,5.040279396E-1
3.836561283E2,-7.199954376E-1,-3.641295075E-1,2.010319336E-1,8.315031971E-1
3.836661172E2,-1.039185584E0,-5.618724006E-1,1.964120668E-1,1.197574621E0
3.836761063E2,-1.289520089E0,-6.582801229E-1,1.955782356E-1,1.460974205E0
3.836860953E2,-1.377472738E0,-6.748359293E-1,1.638980212E-1,1.542626733E0
3.836960843E2,-1.318468485E0,-5.753180730E-1,1.111660945E-1,1.442812507E0
3.837060723E2,-1.202531939E0,-4.553226829E-1,4.864883423E-2,1.286766692E0
3.837160613E2,-1.072937467E0,-2.975993031E-1,-2.615223845E-2,1.113752259E0
3.837260503E2,-8.830374447E-1,-1.063438958E-1,-9.883195957E-2,8.948921215E-1
3.837360393E2,-6.803627175E-1,7.223416328E-2,-1.766215990E-1,7.066161553E-1
3.837460283E2,-5.219587219E-1,2.244950742E-1,-2.150705320E-1,6.075312991E-1
3.837560163E2,-4.247782901E-1,3.376036137E-1,-1.786803854E-1,5.712613026E-1
3.837660053E2,-3.364765629E-1,3.605346394E-1,-1.819741585E-1,5.256579667E-1
3.837759943E2,-3.143767190E-1,3.792392975E-1,-1.986913480E-1,5.311623274E-1
3.837859833E2,-3.029904360E-1,3.842000753E-1,-2.152775234E-1,5.345627318E-1
3.837959722E2,-3.034979743E-1,3.846725303E-1,-2.666593097E-1,5.578451070E-1
3.838059603E2,-2.999171394E-1,3.451523691E-1,-3.215892595E-1,5.590170841E-1
3.838159493E2,-2.507727537E-1,2.797682190E-1,-3.972557018E-1,5.467808729E-1
3.838259382E2,-2.541018659E-1,2.462057859E-1,-4.682426906E-1,5.868869265E-1
3.838359273E2,-2.580738795E-1,2.525827593E-1,-5.461281512E-1,6.547183632E-1
3.838459163E2,-2.995730308E-1,2.545725667E-1,-6.445853591E-1,7.550109123E-1
3.838559042E2,-3.188931084E-1,2.759809774E-1,-6.434837437E-1,7.693696399E-1
3.838658933E2,-3.302112713E-1,2.488826412E-1,-6.145423651E-1,7.407053201E-1
3.838758823E2,-3.247350615E-1,1.897216827E-1,-5.529571509E-1,6.687367104E-1
3.838858713E2,-2.899116763E-1,1.143563354E-1,-4.556267746E-1,5.520162219E-1
3.838958603E2,-2.726802242E-1,6.336627603E-2,-3.496149641E-1,4.478843743E-1
3.839058493E2,-2.311652854E-1,7.244115472E-3,-2.351797279E-1,3.298474963E-1
3.839158373E2,-1.852646425E-1,-2.626861632E-2,-1.420253964E-1,2.349132632E-1
3.839258263E2,-1.037711209E-1,-6.230091333E-2,-2.788887978E-2,1.242080470E-1
3.839358153E2,-5.877065688E-2,-7.497475326E-2,2.716038980E-2,9.906003488E-2
3.839458042E2,-5.419638008E-2,-2.766025364E-2,1.005726209E-1,1.175465410E-1
3.839557933E2,-1.259344071E-2,2.794969082E-4,1.768801007E-1,1.773280658E-1
3.839657813E2,3.119401842E-2,5.499306321E-3,2.006987702E-1,2.031829361E-1
3.839757702E2,8.536642492E-2,-1.572608650E-2,2.128485900E-1,2.298679155E-1
3.839857593E2,1.284522182E-1,-6.512336433E-2,2.043022996E-1,2.499609061E-1
3.839957483E2,2.055381086E-1,-7.375736296E-2,2.112429446E-1,3.038250226E-1
3.840057373E2,2.633919221E-1,-7.136058927E-2,1.853327626E-1,3.298725075E-1
3.840157253E2,3.239997742E-1,-3.553528368E-2,1.571071563E-1,3.618304418E-1
3.840257143E2,2.958872384E-1,-7.311943173E-3,1.507102293E-1,3.321389703E-1
3.840357033E2,2.560764706E-1,-1.596289873E-4,1.614603353E-1,3.027286312E-1
3.840456923E2,1.808727989E-1,1.900345087E-4,1.716719858E-1,2.493717630E-1
3.840556813E2,8.718490899E-2,-1.987702489E-2,1.597290478E-1,1.830564754E-1
3.840656693E2,-1.374738872E-2,-1.797901869E-2,1.834915475E-1,1.848820808E-1
3.840756583E2,-9.560168356E-2,1.912097991E-2,2.390370629E-1,2.581550140E-1
3.840856473E2,-1.460745567E-1,6.963799953E-2,2.733801359E-1,3.176852622E-1
3.840956362E2,-1.331750143E-1,1.333521849E-1,2.977741349E-1,3.524029300E-1
3.841056253E2,-7.344044387E-2,1.742698306E-1,3.250911570E-1,3.760953775E-1
3.841156133E2,-2.920011789E-2,1.688523853E-1,3.419352311E-1,3.824702304E-1
3.841256026E2,-1.247561932E-2,1.714608282E-1,3.223189920E-1,3.652998622E-1
3.841355916E2,1.604242086E-2,1.648382717E-1,3.285766822E-1,3.679560452E-1
3.841455806E2,6.176121533E-3,1.416330117E-1,3.078635786E-1,3.389366275E-1
3.841555696E2,-5.066436946E-2,8.749013364E-2,3.396600429E-1,3.543872833E-1
3.841655576E2,-8.611399144E-2,6.303532362E-2,3.201578246E-1,3.374760794E-1
3.841755466E2,-1.351978585E-1,4.732327044E-2,3.041843643E-1,3.362232597E-1
3.841855356E2,-1.543869585E-1,3.574929178E-2,3.016584402E-1,3.407508758E-1
3.841955246E2,-1.505561551E-1,-1.796381593E-2,3.165109527E-1,3.509544667E-1
3.842055136E2,-1.349613386E-1,-4.082409024E-2,3.532069087E-1,3.803107803E-1
3.842155026E2,-1.210788792E-1,-4.342960954E-2,3.513451552E-1,3.741518998E-1
3.842254906E2,-1.034100553E-1,-2.805961847E-2,3.682161266E-1,3.834893709E-1
3.842354796E2,-1.228517550E-1,-4.563751817E-3,3.488314372E-1,3.698604509E-1
3.842454686E2,-1.211578166E-1,-6.240733266E-3,3.601019089E-1,3.799888788E-1
3.842554576E2,-9.635597438E-2,-1.832108080E-2,3.833024546E-1,3.956525085E-1
3.842654466E2,-7.787234098E-2,4.573107362E-3,3.839672830E-1,3.918110376E-1
3.842754346E2,-4.684730709E-2,1.396022737E-2,3.895912081E-1,3.926459825E-1
3.842854236E2,-3.267745703E-2,-4.729228020E-3,3.790353028E-1,3.804706855E-1
3.842954126E2,-3.803058296E-2,-3.213278890E-2,3.795445222E-1,3.827961411E-1
3.843054016E2,-3.828698337E-2,-3.926756144E-2,3.559873328E-1,3.601871952E-1
3.843153906E2,-5.429052025E-2,1.736038327E-3,3.191831303E-1,3.237720573E-1
3.843253786E2,-7.361936867E-2,6.521341145E-2,2.866837209E-1,3.030844046E-1
3.843353676E2,-8.636571407E-2,1.117367828E-1,2.512628965E-1,2.882311370E-1
3.843453566E2,-7.935519487E-2,1.071712768E-1,2.219099470E-1,2.588956433E-1
3.843553456E2,-4.204820484E-2,8.590378404E-2,1.828037687E-1,2.063122137E-1
3.843653346E2,3.370510519E-2,7.337261617E-2,1.542453828E-1,1.741011575E-1
3.843753226E2,1.627297658E-1,5.884696305E-2,1.186253145E-1,2.097996829E-1
3.843853116E2,2.431026685E-1,2.444428504E-2,8.498343229E-2,2.586863241E-1
3.843953006E2,3.345572144E-1,-6.197463870E-3,5.096140802E-2,3.384730467E-1
3.844052896E2,3.954276064E-1,-1.574538231E-2,7.482024059E-3,3.958116846E-1
3.844152786E2,4.387572286E-1,-3.977334559E-2,-1.231197037E-2,4.407282714E-1
3.844252666E2,4.590958911E-1,5.411013365E-3,-2.205569744E-3,4.591330753E-1
3.844352556E2,4.816526949E-1,9.116510868E-2,2.022617675E-2,4.906215383E-1
3.844452446E2,4.720006961E-1,1.447238499E-1,5.821546376E-2,4.971103399E-1
3.844552336E2,3.924984437E-1,1.297234029E-1,8.315844320E-2,4.216616134E-1
3.844652226E2,3.145459959E-1,7.358487010E-2,9.418044470E-2,3.364875522E-1
3.844752116E2,1.818323269E-1,-2.673931718E-3,1.090996154E-1,2.120680813E-1
3.844851996E2,3.568848073E-3,-9.432085097E-2,9.511132143E-2,1.339974741E-1
3.844951886E2,-1.258338350E-1,-2.016020554E-1,4.452475648E-2,2.417850217E-1
3.845051776E2,-2.259033760E-1,-1.925277615E-1,3.746026017E-2,2.991697601E-1
3.845151666E2,-3.418247187E-1,-1.047522837E-1,6.912516218E-2,3.641366053E-1
3.845251556E2,-4.122436139E-1,-4.166024208E-2,3.480664752E-2,4.158026884E-1
3.845351436E2,-4.542006022E-1,4.794424474E-2,-3.974297661E-2,4.584499338E-1
3.845451326E2,-4.675629517E-1,1.196299392E-1,-9.630890429E-2,4.921400626E-1
3.845551216E2,-4.541216648E-1,1.425627190E-1,-1.749305660E-1,5.071008954E-1
3.845651106E2,-4.399749112E-1,1.251263219E-1,-2.198594381E-1,5.075161982E-1
3.845750996E2,-4.092726436E-1,8.395724595E-2,-2.250160976E-1,4.745367848E-1
3.845850876E2,-3.696054250E-1,4.779104769E-2,-2.502485508E-1,4.489058828E-1
3.845950766E2,-3.015145987E-1,1.244696796E-2,-2.658704837E-1,4.021853980E-1
3.846050656E2,-2.588685161E-1,4.937447369E-2,-2.644063409E-1,3.733114791E-1
3.846150546E2,-2.330428264E-1,8.030449033E-2,-2.260837626E-1,3.344721779E-1
3.846250436E2,-2.134999698E-1,1.014398360E-1,-2.000636895E-1,3.096736303E-1
3.846350316E2,-2.198246107E-1,6.097768843E-2,-1.989883866E-1,3.027168907E-1
3.846450206E2,-2.088058251E-1,2.579206824E-2,-1.837645394E-1,2.793465756E-1
3.846550096E2,-1.786932492E-1,9.733859897E-3,-1.436667098E-1,2.294910649E-1
3.846649986E2,-1.402887368E-1,2.138911486E-2,-1.411453539E-1,2.001510301E-1
3.846749876E2,-5.511614710E-2,5.598708987E-2,-9.492245637E-2,1.232177610E-1
3.846849766E2,7.608133882E-2,1.189218414E-1,-2.039793871E-2,1.426423863E-1
3.846949646E2,2.753909934E-1,1.945859814E-1,3.938625991E-2,3.394925343E-1
3.847049536E2,5.175864664E-1,2.045280021E-1,1.051966355E-1,5.663866047E-1
3.847149426E2,7.099262398E-1,1.534402943E-1,1.087476861E-1,7.344149026E-1
3.847249316E2,8.419370735E-1,1.099346709E-1,7.273117661E-2,8.521933417E-1
3.847349206E2,8.462222055E-1,8.353390753E-2,3.285199642E-2,8.509695579E-1
3.847449086E2,7.040389708E-1,8.130085588E-2,-1.473096348E-2,7.088707236E-1
3.847548976E2,4.372439691E-1,5.809091806E-2,-2.169901729E-2,4.416193957E-1
3.847648866E2,1.590395880E-1,3.694680154E-2,-6.293365516E-2,1.749837182E-1
3.847748756E2,-1.312179512E-1,2.352100968E-2,-9.062307179E-2,1.611953155E-1
3.847848646E2,-4.257863501E-1,2.534417152E-2,-9.697844703E-2,4.374256075E-1
3.847948526E2,-6.722640315E-1,1.917828262E-2,-1.029852917E-1,6.803768844E-1
3.848048416E2,-7.942606312E-1,2.486879289E-2,-1.182973953E-1,8.034069211E-1
3.848148306E2,-8.179886323E-1,2.503836215E-2,-1.349987608E-1,8.294317257E-1
3.848248196E2,-7.259455642E-1,1.255426437E-1,-1.857046821E-1,7.597658498E-1
3.848348086E2,-5.625954089E-1,2.974993157E-1,-2.388207525E-1,6.797461208E-1
3.848447966E2,-4.139366752E-1,4.281723064E-1,-1.899731495E-1,6.251119040E-1
3.848547856E2,-3.470193851E-1,4.407508367E-1,-1.289843148E-1,5.756046449E-1
3.848647746E2,-3.363759908E-1,3.421176642E-1,-3.665973980E-2,4.811831667E-1
3.848747636E2,-4.192362991E-1,1.661410314E-1,3.993476529E-2,4.527214400E-1
3.848847526E2,-5.278693798E-1,-3.906524777E-3,1.047019976E-1,5.381671222E-1
3.848947416E2,-5.737366936E-1,-1.686003703E-1,1.926505895E-1,6.282627858E-1
3.849047296E2,-5.950036016E-1,-3.107087606E-1,2.171743967E-1,7.055026141E-1
3.849147186E2,-5.568168980E-1,-4.275793988E-1,2.196383768E-1,7.356019417E-1
3.849247076E2,-4.935862774E-1,-4.851949382E-1,1.693330264E-1,7.125413778E-1
3.849346966E2,-4.203118944E-1,-4.850809175E-1,1.339930397E-1,6.556826365E-1
3.849446856E2,-3.442007348E-1,-4.331535494E-1,6.379078388E-2,5.569249566E-1
3.849546736E2,-2.346996349E-1,-3.244076174E-1,-2.885776341E-2,4.014436341E-1
3.849646626E2,-1.293164366E-1,-1.458003223E-1,-1.254893975E-1,2.317931484E-1
3.849746516E2,-4.752002925E-2,8.762345016E-2,-1.959507580E-1,2.198470418E-1
3.849846406E2,6.362150699E-2,3.078453791E-1,-2.597841535E-1,4.078042177E-1
3.849946296E2,7.993114561E-2,4.398924655E-1,-2.867152959E-1,5.311308974E-1
3.850046176E2,2.633761346E-2,4.234343076E-1,-3.066057694E-1,5.234475910E-1
3.850146066E2,-8.057433933E-2,3.585962874E-1,-3.141276276E-1,4.834870090E-1
3.850245956E2,-2.033310771E-1,2.944137400E-1,-2.803950771E-1,4.545815400E-1
3.850345846E2,-2.462171879E-1,2.716125226E-1,-2.292506512E-1,4.323796100E-1
3.850445736E2,-2.840176830E-1,2.256235868E-1,-1.592956960E-1,3.961655789E-1
3.850545616E2,-3.095162210E-1,1.652592713E-1,-7.204763710E-2,3.581923782E-1
3.850645506E2,-3.121123847E-1,8.872389615E-2,1.307262003E-2,3.247413799E-1
3.850745396E2,-2.575754043E-1,-1.475544870E-2,7.472273827E-2,2.686006325E-1
3.850845286E2,-1.624660563E-1,-6.993036032E-2,1.158456578E-1,2.114372039E-1
3.850945176E2,-3.991981834E-2,-1.076226819E-1,8.772109866E-2,1.444687672E-1
3.851045066E2,6.864163399E-2,-1.043517494E-1,6.971107146E-2,1.430405362E-1
3.851144946E2,1.511239198E-1,-9.890857637E-2,5.475796860E-2,1.887320342E-1
3.851244837E2,2.531850225E-1,-8.397712648E-2,-6.797991190E-3,2.668352039E-1
3.851344727E2,3.161577809E-1,-9.818586051E-2,-7.132669369E-2,3.386498233E-1
3.851444617E2,3.431458971E-1,-9.336307704E-2,-1.199883735E-1,3.753171734E-1
3.851544507E2,3.323346877E-1,-1.081354827E-1,-1.733067942E-1,3.900959782E-1
3.851644387E2,3.081927037E-1,-9.183695376E-2,-2.061072985E-1,3.819646413E-1
3.851744277E2,2.490595195E-1,-1.204409480E-1,-1.934352128E-1,3.375705078E-1
3.851844167E2,2.024680281E-1,-1.697698134E-1,-2.009951144E-1,3.319851322E-1
3.851944057E2,1.772115648E-1,-1.859549063E-1,-2.078959618E-1,3.304601289E-1
3.852043947E2,1.689000401E-1,-2.051027834E-1,-2.358486128E-1,3.552730548E-1
3.852143827E2,1.672230586E-1,-2.238729304E-1,-2.480125390E-1,3.736212786E-1
3.852243717E2,1.487008336E-1,-1.818337888E-1,-2.814013098E-1,3.665544459E-1
3.852343607E2,1.261083618E-1,-1.118624979E-1,-3.489343482E-1,3.875199566E-1
3.852443497E2,1.099527973E-1,-4.790039063E-2,-3.982994664E-1,4.159645778E-1
3.852543387E2,1.191390654E-1,-3.919388652E-3,-3.905319886E-1,4.083193757E-1
3.852643277E2,1.136947230E-1,-5.098187327E-3,-3.629308283E-1,3.803567637E-1
3.852743157E2,1.237700602E-1,-2.281642020E-2,-2.736420912E-1,3.011969636E-1
3.852843047E2,1.234288752E-1,-7.963206053E-2,-1.686979822E-1,2.236849604E-1
3.852942937E2,1.275289428E-1,-1.444531238E-1,-1.029799926E-1,2.184839013E-1
3.853042827E2,1.441148624E-1,-1.877763140E-1,-5.749797385E-2,2.435878787E-1
3.853142717E2,1.764423636E-1,-2.284945697E-1,5.292278342E-3,2.887380893E-1
3.853242597E2,1.810087466E-1,-2.670704055E-1,4.244141182E-2,3.254105734E-1
3.853342487E2,2.228718871E-1,-2.262977707E-1,7.421925645E-2,3.261764202E-1
3.853442377E2,2.781023473E-1,-1.680653501E-1,8.962783914E-2,3.370756992E-1
3.853542267E2,3.147921637E-1,-1.245877934E-1,8.326840740E-2,3.486400038E-1
3.853642157E2,3.464191684E-1,-7.979519784E-2,6.308268607E-2,3.610442343E-1
3.853742037E2,3.298388037E-1,-5.862652302E-2,5.189988613E-2,3.390048728E-1
3.853841927E2,3.128967887E-1,1.040921330E-2,3.870798290E-2,3.154537368E-1
3.853941817E2,3.016996631E-1,6.574726224E-2,5.131045025E-2,3.130146187E-1
3.854041707E2,3.132268640E-1,6.112679243E-2,7.124243896E-2,3.269908840E-1
3.854141597E2,3.569377246E-1,-6.261198521E-3,7.735636074E-2,3.652776320E-1
3.854241487E2,3.745045146E-1,-8.460862577E-2,7.227275491E-2,3.906860660E-1
3.854341367E2,3.165597770E-1,-1.567059642E-1,9.501491547E-2,3.657795590E-1
3.854441257E2,2.646280235E-1,-1.898199159E-1,1.047166157E-1,3.420894048E-1
3.854541147E2,2.758649102E-1,-1.476609063E-1,7.471393090E-2,3.216945188E-1
3.854641037E2,2.677247089E-1,-5.069243610E-2,6.544320703E-2,2.802303627E-1
3.854740927E2,2.479543957E-1,2.019686759E-2,7.561034560E-2,2.600119616E-1
3.854840807E2,2.417279881E-1,7.544194579E-2,2.860695440E-2,2.548377234E-1
3.854940697E2,1.936200213E-1,1.140891176E-1,1.970102370E-2,2.255951457E-1
3.855040587E2,1.027896658E-1,9.165510535E-2,1.074835181E-2,1.381372534E-1
3.855140477E2,3.884626955E-2,9.126041830E-2,3.686731596E-2,1.058144394E-1
3.855240367E2,-2.752284408E-2,6.693190813E-2,7.888654053E-2,1.070536013E-1
3.855340247E2,-6.858257711E-2,2.958164871E-2,1.232014185E-1,1.440737080E-1
3.855440137E2,-5.852975160E-2,9.042134285E-3,1.598926967E-1,1.705085525E-1
3.855540027E2,1.500687897E-3,-6.577532887E-3,1.839393346E-1,1.840630186E-1
3.855639917E2,1.827810377E-2,-3.449272513E-2,1.926575331E-1,1.965725368E-1
3.855739807E2,2.477582216E-2,-5.595902324E-2,2.282682093E-1,2.363294925E-1
3.855839697E2,-1.154883564E-2,-8.361927688E-2,2.352440107E-1,2.499305976E-1
3.855939577E2,2.857534289E-3,-7.227977157E-2,2.242992290E-1,2.356749350E-1
3.856039467E2,1.544454306E-2,-8.008171141E-2,2.452883577E-1,2.584917655E-1
3.856139357E2,7.161114246E-2,-1.098516405E-1,2.566863718E-1,2.882419679E-1
3.856239247E2,1.082328388E-1,-1.507306945E-1,2.155950638E-1,2.844561850E-1
3.856339137E2,1.411500317E-1,-2.310153043E-1,1.708726348E-1,3.201388130E-1
3.856439017E2,1.328265202E-1,-2.714949936E-1,1.141318023E-1,3.230765920E-1
3.856538907E2,8.594208330E-2,-3.157215786E-1,1.877942942E-2,3.277481104E-1
3.856638797E2,4.813807994E-2,-3.139130348E-1,-8.714459974E-2,3.293218022E-1
3.856738687E2,1.678794086E-2,-2.486703873E-1,-2.038245821E-1,3.219677883E-1
3.856838577E2,-3.515696883E-2,-1.497846150E-1,-3.121086571E-1,3.479701959E-1
3.856938467E2,-6.530316621E-2,-4.706365407E-2,-3.924885035E-1,4.006578545E-1
3.857038347E2,-9.618552804E-2,2.136221766E-2,-4.150932910E-1,4.266268163E-1
3.857138237E2,-1.277315488E-1,6.706347048E-2,-4.454350412E-1,4.682149438E-1
3.857238127E2,-1.467306143E-1,1.214355594E-1,-4.351936064E-1,4.750473064E-1
3.857338017E2,-1.185353404E-1,1.346286321E-1,-4.030345416E-1,4.411488833E-1
3.857437907E2,-5.218142956E-2,1.542220670E-1,-3.569748910E-1,3.923498698E-1
3.857537787E2,7.350680977E-2,1.622526330E-1,-2.906340998E-1,3.408773210E-1
3.857637677E2,2.111724856E-1,1.579069823E-1,-2.246909924E-1,3.464310549E-1
3.857737567E2,3.178520116E-1,1.361915928E-1,-1.400367949E-1,3.730795561E-1
3.857837457E2,3.580209213E-1,1.356998420E-1,-5.444229204E-2,3.867265059E-1
3.857937347E2,3.572078660E-1,1.224599916E-1,5.031697176E-2,3.809536806E-1
3.858037227E2,2.959927806E-1,8.474954367E-2,1.308180016E-1,3.345258748E-1
3.858137117E2,1.959439972E-1,2.229484856E-2,1.912180582E-1,2.746915654E-1
3.858237007E2,6.551542014E-2,-3.675852120E-2,2.829619682E-1,2.927642987E-1
3.858336897E2,-1.847427785E-2,-3.992128015E-2,3.720963389E-1,3.746874604E-1
3.858436787E2,-5.004514933E-2,6.061808467E-3,4.369845720E-1,4.398826874E-1
3.858536677E2,-2.829818487E-2,4.720691085E-2,4.640489944E-1,4.673015610E-1
3.858636557E2,3.619455725E-2,7.228444934E-2,4.618668135E-1,4.688880901E-1
3.858736447E2,1.330440366E-1,6.131799638E-2,4.417863786E-1,4.654415288E-1
3.858836337E2,2.189957678E-1,3.212869585E-2,4.196844151E-1,4.744748757E-1
3.858936227E2,2.894061846E-1,2.077515721E-2,3.938824797E-1,4.892146304E-1
3.859036117E2,3.382017839E-1,-1.783342302E-2,3.964242278E-1,5.213929861E-1
3.859135997E2,3.830823800E-1,-6.787272513E-2,4.331172967E-1,5.821936185E-1
3.859235887E2,4.722190896E-1,-8.304098725E-2,4.492153392E-1,6.570244250E-1
3.859335777E2,5.666674098E-1,-6.399075866E-2,5.183088899E-1,7.706172045E-1
3.859435667E2,5.958815610E-1,5.710975528E-3,5.130685787E-1,7.863503141E-1
3.859535557E2,5.338282773E-1,1.143750465E-1,4.923600797E-1,7.351685038E-1
3.859635447E2,3.762183335E-1,2.199488640E-1,4.468319045E-1,6.241606268E-1
3.859735327E2,8.779009581E-2,2.585358095E-1,4.132157135E-1,4.952727447E-1
3.859835217E2,-3.166398838E-1,2.055290455E-1,4.148581964E-1,5.609013529E-1
3.859935107E2,-6.890054870E-1,1.607054597E-1,3.935427199E-1,8.095867330E-1
3.860034997E2,-1.009461848E0,1.195246893E-1,3.794381028E-1,1.085021958E0
3.860134887E2,-1.240126320E0,6.416559041E-2,3.828703819E-1,1.299469215E0
3.860234767E2,-1.290594223E0,7.590212166E-2,3.279481431E-1,1.333770807E0
3.860334657E2,-1.196166368E0,6.032221556E-2,2.327361399E-1,1.220089693E0
3.860434547E2,-1.039220960E0,5.430426121E-2,8.953844983E-2,1.044483744E0
3.860534437E2,-8.392973480E-1,7.850939512E-2,-2.975414157E-2,8.434862609E-1
3.860634327E2,-6.805214694E-1,1.415651840E-1,-1.464599248E-1,7.103525049E-1
3.860734217E2,-6.422818485E-1,1.571649706E-1,-2.551724911E-1,7.087593393E-1
3.860834097E2,-6.561523211E-1,1.420692140E-1,-3.235147476E-1,7.452391039E-1
3.860933987E2,-6.748154640E-1,1.382889891E-1,-4.020481529E-1,7.975854012E-1
3.861033877E2,-6.892969707E-1,1.710029912E-1,-4.714528485E-1,8.524318888E-1
3.861133767E2,-6.714211553E-1,2.613354564E-1,-5.034704107E-1,8.789681695E-1
3.861233657E2,-6.304529312E-1,3.061526102E-1,-5.289859056E-1,8.780810940E-1
3.861333539E2,-5.586543855E-1,3.344578117E-1,-5.280077030E-1,8.383011897E-1
3.861433429E2,-4.564354080E-1,2.983325440E-1,-5.413767769E-1,7.683907880E-1
3.861533319E2,-3.761063594E-1,2.230712771E-1,-5.410235320E-1,6.956459231E-1
3.861633209E2,-3.462080839E-1,1.489203966E-1,-5.184269671E-1,6.409398116E-1
3.861733099E2,-3.497728390E-1,1.150030375E-1,-4.923583255E-1,6.148035932E-1
3.861832979E2,-3.451678643E-1,6.615305901E-2,-4.407730196E-1,5.637356974E-1
3.861932869E2,-3.382333589E-1,-2.054126859E-3,-3.588582426E-1,4.931381782E-1
3.862032759E2,-3.251969916E-1,-7.975075901E-2,-2.872731203E-1,4.411792295E-1
3.862132649E2,-2.881858706E-1,-1.503085256E-1,-2.255896364E-1,3.956443263E-1
3.862232539E2,-2.046595645E-1,-1.626864964E-1,-2.082772003E-1,3.342631083E-1
3.862332429E2,-7.083083153E-2,-1.604277170E-1,-1.702522087E-1,2.444174168E-1
3.862432309E2,1.001186576E-1,-1.377896369E-1,-1.428036608E-1,2.222669907E-1
3.862532199E2,2.573377150E-1,-1.417055172E-1,-1.550248897E-1,3.321684356E-1
3.862632089E2,3.817325503E-1,-1.553061408E-1,-1.934528275E-1,4.552622692E-1
3.862731979E2,4.842924204E-1,-1.515487200E-1,-2.574441344E-1,5.690198989E-1
3.862831869E2,6.018734953E-1,-1.294503379E-1,-2.691649147E-1,6.719068727E-1
3.862931749E2,7.087032947E-1,-5.960534692E-2,-2.648214933E-1,7.589094680E-1
3.863031639E2,7.379984298E-1,-1.376142204E-2,-2.352663032E-1,7.747136843E-1
3.863131529E2,7.347707668E-1,-3.441086411E-3,-2.164323485E-1,7.659914375E-1
3.863231419E2,6.699830326E-1,-4.010254383E-2,-2.261117562E-1,7.082457231E-1
3.863331309E2,5.594276798E-1,-7.214177728E-2,-2.354498327E-1,6.112285895E-1
3.863431189E2,3.817085767E-1,-1.161221945E-1,-2.222012115E-1,4.566828001E-1
3.863531079E2,1.813291740E-1,-1.344771892E-1,-1.923553417E-1,2.965888758E-1
3.863630969E2,-6.323763728E-4,-1.342181575E-1,-1.419371035E-1,1.953485476E-1
3.863730859E2,-1.292585492E-1,-1.152568066E-1,-1.337843307E-1,2.188381849E-1
3.863830749E2,-2.178891823E-1,-6.659218490E-2,-1.147791622E-1,2.551165830E-1
3.863930639E2,-3.082508835E-1,-6.315928459E-2,-1.057398784E-1,3.319467191E-1
3.864030519E2,-3.313497242E-1,-3.371036768E-2,-7.550860405E-2,3.415121929E-1
3.864130409E2,-3.233323145E-1,6.841242313E-4,-5.519238017E-2,3.280098359E-1
3.864230299E2,-2.883779517E-1,2.326139331E-2,-7.101326466E-2,2.979023652E-1
3.864330189E2,-2.527897507E-1,5.302781403E-2,-7.237687189E-2,2.682405985E-1
3.864430079E2,-1.828868723E-1,4.067907929E-2,-1.042949583E-1,2.144290882E-1
3.864529959E2,-1.333542314E-1,7.225989103E-3,-1.268710580E-1,1.842059481E-1
3.864629849E2,-7.690930456E-2,-4.512003958E-2,-1.121922078E-1,1.433106786E-1
3.864729739E2,-3.780166447E-2,-5.033692539E-2,-7.239032049E-2,9.593294739E-2
3.864829629E2,6.383990049E-3,-2.258954823E-2,-2.285618126E-2,3.276351691E-2
3.864929519E2,4.200113475E-2,9.407585263E-3,4.771317009E-2,6.425842031E-2
3.865029409E2,1.042444530E-1,4.163802266E-2,6.685414016E-2,1.306526195E-1
3.865129289E2,1.384442326E-1,4.092817068E-2,8.803743303E-2,1.690932001E-1
3.865229179E2,1.116069746E-1,2.129906774E-2,9.757131815E-2,1.497662485E-1
3.865329069E2,2.173760891E-2,-2.565231979E-2,1.088763249E-1,1.139500736E-1
3.865428959E2,-1.312392935E-1,-4.108779967E-2,1.233288878E-1,1.847213415E-1
3.865528849E2,-2.912810943E-1,-1.362108886E-2,1.369423753E-1,3.221543482E-1
3.865628729E2,-3.991753793E-1,9.940266609E-6,1.769237721E-1,4.366268483E-1
3.865728619E2,-4.409905726E-1,4.223443866E-3,1.726740523E-1,4.736104422E-1
3.865828509E2,-4.269762585E-1,-1.214817524E-2,1.185428687E-1,4.432930353E-1
3.865928399E2,-3.727515194E-1,-5.622448683E-2,1.032225424E-1,3.908449582E-1
3.866028289E2,-3.318704188E-1,-9.813557446E-2,1.006761897E-1,3.604223370E-1
3.866128179E2,-3.286389551E-1,-8.514481544E-2,8.025588535E-2,3.488469715E-1
3.866228059E2,-3.228040186E-1,-4.212743461E-2,9.041951559E-2,3.378651269E-1
3.866327949E2,-2.740256685E-1,-2.029100776E-2,1.068450022E-1,2.948179887E-1
3.866427839E2,-1.738926852E-1,-2.283922434E-2,1.357659155E-1,2.217942288E-1
3.866527729E2,-8.516557306E-2,-2.227438331E-2,1.250386868E-1,1.529182663E-1
3.866627619E2,2.810230315E-2,-1.313810885E-2,1.328452313E-1,1.364192245E-1
3.866727499E2,1.717909035E-1,-1.747440398E-2,1.333177594E-1,2.181538317E-1
3.866827389E2,3.064014092E-1,-7.064372063E-2,1.567966691E-1,3.513652719E-1
3.866927279E2,4.535962924E-1,-1.032618284E-1,1.247234488E-1,4.816311248E-1
3.867027169E2,5.714559871E-1,-1.387199289E-1,1.402934146E-1,6.045555442E-1
3.867127059E2,6.461839879E-1,-1.640395421E-1,1.481175008E-1,6.829359498E-1
3.867226949E2,6.688317159E-1,-1.611820078E-1,1.549113806E-1,7.052042539E-1
3.867326829E2,7.169326660E-1,-1.255987769E-1,1.366661675E-1,7.405708215E-1
3.867426719E2,7.481328240E-1,-1.282744628E-1,1.290450528E-1,7.699413522E-1
3.867526609E2,7.212961507E-1,-1.661679286E-1,1.158339268E-1,7.491978484E-1
3.867626499E2,7.005078372E-1,-2.414853287E-1,7.847825870E-2,7.451075299E-1
3.867726389E2,6.919653475E-1,-3.205414385E-1,6.992685199E-2,7.658019461E-1
3.867826269E2,6.776326525E-1,-3.543278199E-1,5.726931117E-2,7.668207025E-1
3.867926159E2,6.392260936E-1,-3.362879902E-1,1.336213030E-2,7.224113493E-1
3.868026049E2,6.318869609E-1,-2.786701119E-1,-1.651494898E-2,6.908045354E-1
3.868125939E2,5.663782650E-1,-1.125489610E-1,-5.768044353E-2,5.803263231E-1
3.868225829E2,4.261117476E-1,4.212041795E-2,-7.136767901E-2,4.340952622E-1
3.868325719E2,2.143136099E-1,5.376222432E-2,-6.919668093E-2,2.315359169E-1
3.868425599E2,-1.087816000E-2,-6.139693379E-2,-9.309118152E-2,1.120441249E-1
3.868525489E2,-1.635001364E-1,-2.332653129E-1,-1.901378582E-1,3.424870887E-1
3.868625379E2,-1.693447208E-1,-3.106689996E-1,-2.464852828E-1,4.312167163E-1
3.868725269E2,-8.147656471E-2,-3.531870282E-1,-2.602380071E-1,4.462099593E-1
3.868825159E2,8.423411161E-2,-3.516451174E-1,-2.709472556E-1,4.518429921E-1
3.868925039E2,2.655173850E-1,-2.848950577E-1,-3.273704016E-1,5.087593296E-1
3.869024929E2,3.807104570E-1,-2.276361984E-1,-3.277025966E-1,5.514958591E-1
3.869124819E2,4.368636078E-1,-1.596389276E-1,-3.132833628E-1,5.607859345E-1
3.869224709E2,4.147582090E-1,-8.034600556E-2,-2.616178769E-1,4.969142442E-1
3.869324599E2,4.070571336E-1,-8.134061694E-3,-2.098116193E-1,4.580202928E-1
3.869424489E2,4.292835698E-1,2.633995235E-2,-1.691811450E-1,4.621692722E-1
3.869524369E2,5.364662486E-1,5.303483069E-2,-2.392483301E-1,5.897868197E-1
3.869624259E2,5.133481121E-1,-1.201076567E-2,-5.858325362E-3,5.135220177E-1
3.869724149E2,8.227927047E-1,-1.276108038E-1,-1.184710211E-1,8.410158946E-1
3.869824039E2,9.303607151E-1,-1.724338049E-1,-2.020860587E-1,9.675449614E-1
3.869923929E2,9.721440411E-1,-2.017745483E-1,-1.689004786E-1,1.007126793E0
3.870023819E2,1.007720255E0,-2.153009123E-1,-2.029663570E-1,1.050261842E0
3.870123699E2,9.826742917E-1,-2.052068639E-1,-2.631211960E-1,1.037781954E0
3.870223589E2,9.022467175E-1,-1.721548927E-1,-3.186008938E-1,9.722103558E-1
3.870323479E2,7.713576722E-1,-1.621479678E-1,-2.910466209E-1,8.402337517E-1
3.870423369E2,6.444850793E-1,-1.681495500E-1,-2.855091615E-1,7.246728710E-1
3.870523259E2,5.396848485E-1,-1.715760183E-1,-2.481881382E-1,6.183004267E-1
3.870623139E2,4.517219675E-1,-2.221895170E-1,-2.125609070E-1,5.464458405E-1
3.870723029E2,3.835785162E-1,-2.990102363E-1,-1.545525809E-1,5.103196055E-1
3.870822919E2,3.702287382E-1,-2.930419832E-1,-1.288596229E-1,4.894361296E-1
3.870922809E2,3.508171517E-1,-2.265515399E-1,-1.242778909E-1,4.357100737E-1
3.871022699E2,4.340569443E-1,-2.480979449E-1,-1.945792571E-2,5.003365187E-1
3.871122589E2,4.333023611E-1,-1.569123709E-1,-1.249140680E-2,4.610080948E-1
3.871222469E2,4.146611452E-1,-7.981332421E-2,4.187468871E-2,4.243436362E-1
3.871322358E2,4.087618893E-1,-4.792436421E-2,6.927488744E-2,4.173512153E-1
3.871422248E2,3.798316205E-1,-4.363777041E-2,3.652857944E-2,3.840711549E-1
3.871522138E2,3.514811030E-1,-3.117501497E-2,9.358570978E-2,3.650604503E-1
3.871622028E2,2.581063315E-1,-1.392888629E-1,1.046417713E-1,3.114003308E-1
3.871721908E2,1.718818277E-1,-2.652975297E-1,8.537227213E-2,3.274363554E-1
3.871821798E2,1.221845877E-1,-3.136855781E-1,7.673125684E-2,3.452758335E-1
3.871921688E2,5.367919385E-2,-2.822854453E-1,4.683853626E-2,2.911363546E-1
3.872021578E2,2.774094522E-2,-1.629414350E-1,1.850687608E-2,1.663188977E-1
3.872121468E2,4.911573440E-2,-1.234347224E-2,-2.549386024E-2,5.669791515E-2
3.872221358E2,5.984215915E-2,1.192586410E-1,-4.694495559E-2,1.414479986E-1
3.872321238E2,-3.850654632E-2,1.932826370E-1,-3.473392278E-2,2.001184081E-1
3.872421128E2,-1.888878697E-1,1.581853098E-1,4.651313871E-2,2.507283223E-1
3.872521018E2,-3.551446760E-1,3.421322823E-2,1.719742137E-1,3.960724884E-1
3.872620908E2,-4.525940797E-1,-1.611124259E-1,2.563961671E-1,5.445526690E-1
3.872720798E2,-5.131159776E-1,-2.340944481E-1,2.963389358E-1,6.371067273E-1
3.872820678E2,-5.653345370E-1,-2.100717473E-1,2.878332835E-1,6.682673693E-1
3.872920568E2,-5.710522369E-1,-1.459733999E-1,2.218597341E-1,6.297861798E-1
3.873020458E2,-5.563154992E-1,-1.134038240E-1,1.608937401E-1,5.901136819E-1
3.873120348E2,-5.821634084E-1,-5.736703277E-2,1.158409435E-1,5.963424643E-1
3.873220238E2,-6.541715768E-1,-1.124068737E-2,1.252046746E-1,6.661403872E-1
3.873320128E2,-6.989975014E-1,-3.135861754E-2,2.901812330E-1,7.574866453E-1
3.873420008E2,-7.532535231E-1,-3.489559829E-2,4.352863213E-1,8.706794786E-1
3.873519898E2,-7.391772285E-1,4.789512813E-2,5.138132581E-1,9.014882044E-1
3.873619788E2,-7.419321442E-1,-4.172163785E-2,6.207515234E-1,9.682646618E-1
3.873719678E2,-7.613270661E-1,-2.813270867E-2,6.603012130E-1,1.008170642E0
3.873819568E2,-6.682882172E-1,7.674587488E-2,6.298416048E-1,9.215202210E-1
3.873919458E2,-5.403078693E-1,1.537846953E-1,5.250071678E-1,7.689049696E-1
3.874019338E2,-4.280053684E-1,1.457453585E-1,3.657632196E-1,5.815608633E-1
3.874119228E2,-3.971440566E-1,1.212753457E-1,2.520649883E-1,4.857652411E-1
3.874219118E2,-4.077471051E-1,4.896575332E-2,1.794516331E-1,4.481721046E-1
3.874319008E2,-4.428701600E-1,8.416833043E-2,9.199921399E-2,4.600892760E-1
3.874418898E2,-5.305210921E-1,1.501658535E-1,1.453091562E-2,5.515555822E-1
3.874518778E2,-6.856442150E-1,1.404852033E-1,5.202969432E-2,7.018198993E-1
3.874618668E2,-7.405522013E-1,1.679244322E-1,1.014725804E-2,7.594202687E-1
3.874718558E2,-7.272898391E-1,1.607306027E-1,-6.022018164E-2,7.472692333E-1
3.874818448E2,-6.825387588E-1,2.701624131E-1,-1.374002123E-1,7.468103542E-1
3.874918338E2,-7.015767083E-1,3.904098183E-1,-1.053051379E-1,8.097647040E-1
3.875018228E2,-8.043181345E-1,3.365031677E-1,-3.186001629E-2,8.724546430E-1
3.875118108E2,-9.457362610E-1,2.594608390E-1,5.701678455E-2,9.823379847E-1
3.875217998E2,-1.053136749E0,2.974233019E-1,8.734570742E-2,1.097810049E0
3.875317888E2,-1.113837864E0,3.966178071E-1,2.441446424E-2,1.182597369E0
3.875417778E2,-1.196397918E0,5.653555870E-1,2.800699353E-2,1.323548000E0
3.875517668E2,-1.306369134E0,7.930531812E-1,7.644912869E-2,1.530156244E0
3.875617548E2,-1.211186842E0,8.425229645E-1,7.123370469E-2,1.477123134E0
3.875717438E2,-9.464773956E-1,7.981116074E-1,6.575749487E-2,1.239808714E0
3.875817328E2,-4.677706741E-1,6.597851962E-1,1.776120991E-2,8.089755059E-1
3.875917218E2,9.376609638E-2,5.090778905E-1,-2.653261811E-2,5.183207108E-1
3.876017108E2,5.536348432E-1,3.486086583E-1,2.263574123E-2,6.546387653E-1
3.876116998E2,8.418457107E-1,2.645303750E-1,1.432339793E-1,8.939779040E-1
3.876216878E2,1.012719625E0,2.348551708E-1,3.037382948E-1,1.083058143E0
3.876316768E2,1.087292236E0,3.463282442E-1,4.381836167E-1,1.222355325E0
3.876416658E2,1.164713318E0,3.895654804E-1,4.551712400E-1,1.309770680E0
3.876516548E2,1.201678538E0,3.613643593E-1,2.853356454E-1,1.286869045E0
3.876616438E2,1.176151056E0,4.622089487E-1,1.390286618E-1,1.271336851E0
3.876716328E2,1.165866535E0,5.077792239E-1,2.298081467E-1,1.292244676E0
3.876816208E2,1.028820810E0,4.148780769E-1,3.681591162E-1,1.168818725E0
3.876916098E2,9.270316029E-1,3.400559360E-1,3.744562751E-1,1.056050725E0
3.877015988E2,7.368471131E-1,2.297283322E-1,3.620552078E-1,8.525272712E-1
3.877115878E2,4.668023752E-1,-9.084818959E-3,3.942543626E-1,6.110838681E-1
3.877215768E2,1.070671964E-1,-3.362932527E-1,4.729154930E-1,5.900894846E-1
3.877315648E2,-2.425581466E-1,-6.916419965E-1,5.606333756E-1,9.227745595E-1
3.877415538E2,-5.344409193E-1,-1.031611978E0,6.193525770E-1,1.316604719E0
3.877515428E2,-6.786912909E-1,-1.211670552E0,4.838991952E-1,1.470688895E0
3.877615318E2,-8.564369988E-1,-1.261386504E0,3.161876017E-1,1.557098213E0
3.877715208E2,-9.886277805E-1,-1.178085315E0,1.925441337E-1,1.549949400E0
3.877815098E2,-9.664751655E-1,-1.011982875E0,4.830180198E-2,1.400184506E0
3.877914978E2,-9.118857063E-1,-7.262048882E-1,-5.040299892E-2,1.166811700E0
3.878014868E2,-7.900023964E-1,-4.110797256E-1,-1.883198127E-1,9.102497893E-1
3.878114758E2,-6.336697769E-1,-1.375762135E-1,-2.963661253E-1,7.129498446E-1
3.878214648E2,-4.891625664E-1,4.327056527E-2,-3.764618701E-1,6.187696646E-1
3.878314538E2,-3.726870538E-1,8.593711317E-2,-4.345314458E-1,5.788768478E-1
3.878414418E2,-2.799291636E-1,1.337345928E-1,-4.309014943E-1,5.309626877E-1
3.878514308E2,-2.661224256E-1,1.266629702E-1,-4.568072909E-1,5.436336583E-1
3.878614198E2,-2.604902413E-1,9.517220557E-2,-4.697328535E-1,5.454923173E-1
3.878714088E2,-2.001591088E-1,1.777962863E-1,-4.608512253E-1,5.329718943E-1
3.878813978E2,-1.354500197E-1,3.128757387E-1,-5.536553085E-1,6.502093019E-1
3.878913868E2,-1.319678566E-1,4.024328631E-1,-5.693889964E-1,7.096277571E-1
3.879013748E2,-1.126615199E-1,4.105523068E-1,-6.597191226E-1,7.851593058E-1
3.879113638E2,-1.390301237E-1,4.448117280E-1,-7.023774844E-1,8.429240650E-1
3.879213528E2,-1.593399887E-1,5.889397466E-1,-7.107808104E-1,9.367222735E-1
3.879313418E2,-2.094919959E-1,7.017266893E-1,-6.949354407E-1,1.009575411E0
3.879413308E2,-2.247473815E-1,7.225433618E-1,-6.300942045E-1,9.846821831E-1
3.879513198E2,-2.601167504E-1,7.832655269E-1,-5.666823202E-1,1.001146573E0
3.879613078E2,-2.508262557E-1,8.302648616E-1,-5.440635359E-1,1.023845048E0
3.879712968E2,-2.824984302E-1,8.199287385E-1,-4.977038866E-1,9.998988239E-1
3.879812858E2,-2.459524553E-1,7.803682315E-1,-4.358292353E-1,9.270460126E-1
3.879912748E2,-1.971372677E-1,7.495832258E-1,-3.914842442E-1,8.683305985E-1
3.880012638E2,-1.315240529E-1,7.271872205E-1,-3.479221952E-1,8.167923139E-1
3.880112528E2,-8.019207761E-2,6.921752626E-1,-3.185323352E-1,7.661593907E-1
3.880212408E2,-8.512566581E-2,6.899153137E-1,-2.628861380E-1,7.431948874E-1
3.880312298E2,-1.131901082E-1,6.926769537E-1,-1.711152577E-1,7.224221717E-1
3.880412188E2,-1.639943723E-1,6.722456127E-1,-2.332717448E-2,6.923528545E-1
3.880512078E2,-1.607466826E-1,7.283046234E-1,1.601911971E-1,7.628422773E-1
3.880611968E2,-1.461355139E-1,7.469344372E-1,3.631033212E-1,8.432737774E-1
3.880711848E2,-9.747483909E-2,7.410568160E-1,5.385414255E-1,9.212455784E-1
3.880811738E2,-2.814484164E-2,7.724797529E-1,6.552036104E-1,1.013315781E0
3.880911628E2,-7.696543783E-3,7.562268323E-1,7.674555328E-1,1.077462878E0
3.881011518E2,-7.403305918E-3,7.615875596E-1,8.400554395E-1,1.133915147E0
3.881111408E2,5.776566669E-2,7.612934446E-1,9.406632167E-1,1.211508097E0
3.881211298E2,1.766575411E-1,7.490330029E-1,9.663757628E-1,1.235370568E0
3.881311175E2,3.086929330E-1,7.094496918E-1,9.385640663E-1,1.216352210E0
3.881411065E2,4.364619040E-1,5.547604322E-1,9.337956619E-1,1.170569293E0
3.881510955E2,4.076219746E-1,2.636035913E-1,1.016817646E0,1.126747821E0
3.881610845E2,-2.159698337E-2,-3.042241985E-1,1.276496878E0,1.312426407E0
3.881710735E2,-5.641889213E-1,-9.076159233E-1,1.471579581E0,1.818686962E0
3.881810625E2,-7.510491228E-1,-1.326378890E0,1.520412310E0,2.152907183E0
3.881910505E2,-7.154654534E-1,-1.288398301E0,1.476425753E0,2.086071428E0
3.882010395E2,-6.820269813E-1,-8.553166723E-1,1.409951682E0,1.784570301E0
3.882110285E2,-5.947303905E-1,-3.758408958E-1,1.435154351E0,1.598320564E0
3.882210175E2,-5.106849977E-1,-3.312272251E-2,1.622848219E0,1.701626464E0
3.882310065E2,-5.107703671E-1,1.405787587E-1,1.797733469E0,1.874164982E0
3.882409945E2,-3.919378419E-1,1.009942782E-1,1.901829987E0,1.944420844E0
3.882509835E2,-1.899856845E-1,-1.262723762E-1,2.052886957E0,2.065522726E0
3.882609725E2,-1.083559227E-1,-4.662166303E-1,2.177478843E0,2.229464748E0
3.882709615E2,5.688799962E-2,-7.086538857E-1,2.091180080E0,2.208723772E0
3.882809505E2,2.769818746E-1,-7.038153148E-1,1.533342550E0,1.709741013E0
3.882909395E2,4.342047326E-1,-4.676065135E-1,1.088548364E0,1.261795206E0
3.883009275E2,2.947699817E-1,-7.224001050E-2,9.901251063E-1,1.035594364E0
3.883109165E2,-3.693101406E-3,4.244967467E-1,8.176921785E-1,9.213205879E-1
3.883209055E2,-2.324782777E-1,8.841644955E-1,6.533631992E-1,1.123688780E0
3.883308945E2,-3.067167203E-1,1.075108831E0,6.356066671E-1,1.286052091E0
3.883408835E2,-2.974462523E-1,9.618564498E-1,7.144119313E-1,1.234514686E0
3.883508725E2,-2.499295852E-1,6.777273774E-1,7.371292412E-1,1.032055577E0
3.883608605E2,-7.006192267E-2,4.238319182E-1,4.967727175E-1,6.567536074E-1
3.883708495E2,2.297828574E-1,2.091613358E-1,1.987038830E-1,3.688249708E-1
3.883808385E2,4.764963278E-1,4.940312505E-3,-2.833092928E-2,4.773633822E-1
3.883908275E2,6.101107603E-1,-1.823980451E-1,-1.810034841E-1,6.620169545E-1
3.884008165E2,5.872063395E-1,-3.474479860E-1,-3.597005340E-1,7.713078908E-1
3.884108055E2,4.690398122E-1,-4.214696431E-1,-5.135428244E-1,8.132411930E-1
3.884207935E2,2.322541831E-1,-3.588278371E-1,-5.109846675E-1,6.661867251E-1
3.884307825E2,-5.826662689E-2,-2.098922378E-1,-4.483767754E-1,4.984892015E-1
3.884407715E2,-4.302267256E-1,-2.181654632E-2,-3.391642356E-1,5.482730851E-1
3.884507605E2,-8.101305592E-1,1.722449398E-1,-1.800147200E-1,8.475760389E-1
3.884607495E2,-1.070129781E0,3.531677324E-1,-1.011696947E-1,1.131432942E0
3.884707375E2,-1.185408660E0,4.197575784E-1,-1.302198315E-1,1.264257617E0
3.884807265E2,-1.110993778E0,3.409920752E-1,-2.198851293E-1,1.182764660E0
3.884907155E2,-9.278154221E-1,2.226122707E-1,-3.845833603E-1,1.028738082E0
3.885007045E2,-7.216162857E-1,9.748945713E-2,-5.500464070E-1,9.125707139E-1
3.885106935E2,-4.997996749E-1,2.169901729E-2,-6.735515884E-1,8.390126963E-1
3.885206825E2,-3.617681095E-1,4.327524304E-3,-8.487926415E-1,9.226829579E-1
3.885306705E2,-2.480100904E-1,-1.506359696E-2,-1.087318694E0,1.115346520E0
3.885406595E2,-2.317428441E-1,-5.418030024E-3,-1.194922373E0,1.217199071E0
3.885506485E2,-2.449883956E-1,1.276739538E-2,-1.245627673E0,1.269555284E0
3.885606375E2,-3.141687043E-1,1.396198153E-2,-1.241398089E0,1.280611622E0
3.885706265E2,-4.613318664E-1,-7.155822515E-3,-1.244217324E0,1.327009814E0
3.885806155E2,-5.386579312E-1,-2.356603324E-2,-1.190805933E0,1.307182655E0
3.885906035E2,-5.147176762E-1,1.451278925E-3,-1.074706835E0,1.191608649E0
3.886005925E2,-4.674917619E-1,6.043740571E-2,-1.120477377E0,1.215594826E0
3.886105815E2,-4.554172616E-1,1.139329970E-1,-1.183370321E0,1.273087164E0
3.886205705E2,-5.904310790E-1,4.123456478E-2,-1.153948301E0,1.296883121E0
3.886305595E2,-5.433045673E-1,1.277382731E-2,-1.184115549E0,1.302870928E0
3.886405475E2,-5.898808560E-1,1.517118573E-2,-1.167570267E0,1.308208668E0
3.886505365E2,-5.973055042E-1,3.769582987E-2,-9.638561976E-1,1.134554367E0
3.886605255E2,-5.519816892E-1,6.316747069E-3,-9.449825549E-1,1.094401990E0
3.886705145E2,-5.790848494E-1,-6.775402665E-2,-1.020681778E0,1.175466360E0
3.886805035E2,-5.891518544E-1,-1.674648410E-1,-1.078954252E0,1.240679918E0
3.886904925E2,-5.560455041E-1,-2.646543360E-1,-1.023992618E0,1.194901419E0
3.887004805E2,-4.988851704E-1,-2.507794780E-1,-1.012231674E0,1.156023236E0
3.887104695E2,-3.092501727E-1,-1.931007886E-1,-9.208569431E-1,9.904045101E-1
3.887204585E2,-5.047696620E-2,-1.676104367E-1,-1.075099475E0,1.089256657E0
3.887304475E2,-4.108443752E-2,-2.445404989E-1,-8.791560629E-1,9.134568241E-1
3.887404365E2,-4.552042767E-2,-3.606328726E-1,-7.509498663E-1,8.342984357E-1
3.887504255E2,6.104814738E-2,-4.284336770E-1,-6.981341600E-1,8.213851699E-1
3.887604135E2,1.362646830E-1,-4.997346246E-1,-7.808599824E-1,9.370405919E-1
3.887704025E2,1.038059118E-1,-4.716141951E-1,-8.482807177E-1,9.761023473E-1
3.887803915E2,-6.395742953E-2,-4.396229088E-1,-9.187145233E-1,1.020487741E0
3.887903805E2,-3.670047297E-1,-4.705745602E-1,-1.046226802E0,1.204459799E0
3.888003695E2,-6.733842118E-1,-3.993782777E-1,-1.167478174E0,1.405686520E0
3.888103575E2,-9.473902921E-1,-2.427880883E-1,-1.213736666E0,1.558733818E0
3.888203465E2,-1.173859679E0,-6.314408183E-3,-1.121895035E0,1.623771808E0
3.888303355E2,-1.315338324E0,2.348148251E-1,-9.339625999E-1,1.630196015E0
3.888403245E2,-1.391199223E0,4.213252169E-1,-7.780477640E-1,1.648729371E0
3.888503135E2,-1.342472620E0,5.122160912E-1,-5.333704403E-1,1.532671552E0
3.888603025E2,-1.144514257E0,5.161705631E-1,-2.557316311E-1,1.281305429E0
3.888702905E2,-8.406277357E-1,4.215269458E-1,-1.307264927E-1,9.494363444E-1
3.888802795E2,-4.562683238E-1,2.322917515E-1,-6.505612135E-2,5.161129141E-1
3.888902685E2,-9.938073903E-3,4.609710932E-2,-7.673008740E-4,4.716245913E-2
3.889002575E2,2.935942528E-1,-1.957443148E-1,1.735745966E-3,3.528688635E-1
3.889102465E2,3.388344526E-1,-3.346671420E-1,-6.989907771E-2,4.813488998E-1
3.889202355E2,4.383254117E-1,-4.001682365E-1,-1.263147685E-1,6.068106828E-1
3.889302235E2,2.543508111E-1,-4.154329777E-1,-1.556511265E-1,5.113767371E-1
3.889402125E2,2.018181100E-2,-3.518059158E-1,-5.818476588E-2,3.571556732E-1
3.889502015E2,-2.022910036E-1,-2.489849675E-1,9.814551473E-2,3.354813053E-1
3.889601905E2,-3.544453490E-1,-1.419762433E-2,1.679524988E-1,3.924807254E-1
3.889701795E2,-3.823025076E-1,2.188647902E-1,1.791987410E-1,4.755724892E-1
3.889801685E2,-3.314777783E-1,3.698018914E-1,2.694104612E-1,5.649893388E-1
3.889901565E2,-1.528462172E-1,3.492249548E-1,4.505095473E-1,5.901515800E-1
3.890001455E2,2.121760140E-1,1.635185552E-1,6.103298847E-1,6.665279792E-1
3.890101345E2,6.961275418E-1,-5.060765147E-2,6.479375678E-1,9.523538107E-1
3.890201235E2,1.243584948E0,-1.867741013E-1,4.830759072E-1,1.347126727E0
3.890301125E2,1.596197633E0,-3.899829715E-1,3.218702182E-1,1.674375717E0
3.890401005E2,1.736706664E0,-4.807387751E-1,2.443922719E-1,1.818512411E0
3.890500895E2,1.724562289E0,-5.510509586E-1,1.151217359E-1,1.814118316E0
3.890600785E2,1.574953383E0,-5.296559966E-1,3.480379701E-2,1.661994265E0
3.890700675E2,1.417961929E0,-4.092021847E-1,-6.605160981E-2,1.477303379E0
3.890800565E2,1.339729692E0,-2.935501063E-1,-4.813194036E-2,1.372357095E0
3.890900455E2,1.267514678E0,-1.708369303E-1,4.540465280E-2,1.279781348E0
3.891000335E2,1.151882480E0,-1.396952444E-1,8.162011385E-2,1.163189517E0
3.891100225E2,1.000568672E0,-2.169913423E-1,1.968640566E-2,1.024016828E0
3.891200115E2,7.259557968E-1,-3.669209683E-1,-1.007983965E-1,8.196359757E-1
3.891300001E2,4.378883323E-1,-5.072114593E-1,-2.434102321E-1,7.129222939E-1
3.891399891E2,7.508219585E-2,-5.466322178E-1,-3.876318061E-1,6.743163462E-1
3.891499781E2,-3.513597733E-1,-4.183922535E-1,-4.732236412E-1,7.228045259E-1
3.891599661E2,-7.263545769E-1,-2.289670247E-1,-5.763053754E-1,9.550626972E-1
3.891699551E2,-1.051350424E0,-6.741196454E-2,-6.041232115E-1,1.214432766E0
3.891799441E2,-1.371611927E0,2.046408534E-2,-5.482304080E-1,1.477259164E0
3.891899331E2,-1.524922413E0,9.716493666E-2,-4.835623956E-1,1.602704584E0
3.891999221E2,-1.589406385E0,1.410056055E-1,-3.783978832E-1,1.639902495E0
3.892099111E2,-1.488547762E0,1.730582875E-1,-2.651852632E-1,1.521856378E0
3.892198991E2,-1.247753574E0,1.728080267E-1,-3.077681959E-1,1.296716183E0
3.892298881E2,-9.300228922E-1,6.658399880E-2,-3.871881486E-1,1.009599263E0
3.892398771E2,-6.610151580E-1,-9.041666508E-2,-4.762539607E-1,8.197158334E-1
3.892498661E2,-4.995776269E-1,-2.339593774E-1,-5.785749722E-1,7.994146571E-1
3.892598551E2,-4.541212262E-1,-2.724744022E-1,-6.558266312E-1,8.429572695E-1
3.892698441E2,-4.203361604E-1,-2.075404876E-1,-7.118713161E-1,8.523592626E-1
3.892798321E2,-4.402557237E-1,-1.233733267E-1,-7.499244109E-1,8.783124171E-1
3.892898211E2,-5.730269878E-1,-3.783499360E-2,-7.346164003E-1,9.324444600E-1
3.892998101E2,-8.264561315E-1,4.133455217E-2,-6.804665056E-1,1.071341658E0
3.893097991E2,-1.039101823E0,1.568340182E-2,-5.710797188E-1,1.185795350E0
3.893197881E2,-1.212147247E0,1.579099059E-2,-4.405330279E-1,1.289813805E0
3.893297771E2,-1.243151669E0,8.574357033E-2,-2.427445266E-1,1.269528628E0
3.893397651E2,-1.138912479E0,1.750159353E-1,-1.401431412E-1,1.160772291E0
3.893497541E2,-9.327514954E-1,2.408082211E-1,-1.365596750E-1,9.729658249E-1
3.893597431E2,-6.940370160E-1,2.198564780E-1,-1.238481206E-1,7.384867010E-1
3.893697321E2,-4.961638762E-1,1.542536420E-1,-1.466852984E-1,5.398975411E-1
3.893797211E2,-3.075429319E-1,1.042798287E-1,-2.112373897E-1,3.873992417E-1
3.893897091E2,-2.382008015E-1,8.141838491E-2,-3.018022817E-1,3.930053339E-1
3.893996981E2,-1.901437055E-1,5.250916600E-2,-3.856729889E-1,4.331922155E-1
3.894096871E2,-3.423383966E-2,3.795720041E-2,-6.093424362E-1,6.114825504E-1
3.894196761E2,1.407360488E-1,3.033652425E-2,-9.229490769E-1,9.341102390E-1
3.894296651E2,1.632665402E-1,-1.154181898E-2,-1.047891504E0,1.060596898E0
3.894396541E2,1.352670018E-1,-2.559852540E-2,-1.199850260E0,1.207722275E0
3.894496421E2,7.517955199E-2,-3.058912396E-2,-1.493235621E0,1.495439828E0
3.894596311E2,-6.102812067E-2,-1.464259744E-2,-1.816425994E0,1.817509898E0
3.894696201E2,-4.038116366E-1,-6.971752167E-2,-1.896980014E0,1.940736341E0
3.894796091E2,-9.459612326E-1,-9.273859441E-2,-1.731939429E0,1.975615673E0
3.894895981E2,-1.486683085E0,-7.114892006E-3,-1.526142727E0,2.130584155E0
3.894995871E2,-1.933241084E0,2.000192142E-1,-1.308055617E0,2.342741614E0
3.895095751E2,-2.253491477E0,4.490679163E-1,-1.090464789E0,2.543422750E0
3.895195641E2,-2.389731894E0,6.152615726E-1,-8.431230350E-1,2.607723486E0
3.895295531E2,-2.356488719E0,7.476764488E-1,-5.374924350E-1,2.530011319E0
3.895395421E2,-2.160637985E0,8.383749497E-1,-3.149700652E-1,2.338896150E0
3.895495311E2,-1.877879061E0,8.429679376E-1,-1.485268790E-1,2.063755060E0
3.895595201E2,-1.628436403E0,7.120709985E-1,-8.020274878E-2,1.779124140E0
3.895695081E2,-1.422905165E0,5.250828892E-1,-3.402636583E-1,1.554397152E0
3.895794971E2,-1.357483154E0,3.327118331E-1,-7.323187369E-1,1.577893662E0
3.895894861E2,-1.456451810E0,1.632180083E-1,-1.011087374E0,1.780502646E0
3.895994751E2,-1.754109878E0,1.112134570E-1,-9.640436009E-1,2.004657068E0
3.896094641E2,-1.880354480E0,1.806450498E-1,-7.154091740E-1,2.019944527E0
3.896194531E2,-1.670818776E0,3.547985208E-1,-5.136352104E-1,1.783630708E0
3.896294411E2,-1.273186623E0,4.135630381E-1,-4.297832143E-1,1.405970190E0
3.896394301E2,-9.133834706E-1,3.725278634E-1,-3.977425191E-1,1.063600247E0
3.896494191E2,-6.102990407E-1,2.772983551E-2,-1.149837416E-1,6.216551485E-1
3.896594081E2,-3.965568499E-1,-5.397266561E-1,1.363570690E-2,6.698866553E-1
3.896693971E2,-1.421421580E-1,-9.426015687E-1,1.243960047E-1,9.613409782E-1
3.896793861E2,6.431615621E-2,-1.211885730E0,3.590000376E-1,1.265576792E0
3.896893741E2,6.662434459E-2,-1.451301729E0,8.285048497E-1,1.672463990E0
3.896993631E2,8.915834427E-3,-1.611538827E0,1.344916318E0,2.099032345E0
3.897093521E2,1.006788209E-2,-1.709027115E0,1.684514709E0,2.399680155E0
3.897193411E2,8.163297772E-2,-1.747436889E0,1.623627945E0,2.386706377E0
3.897293301E2,1.694616652E-1,-1.662289735E0,1.389437018E0,2.173122097E0
3.897393181E2,2.161401339E-1,-1.484009884E0,1.081823189E0,1.849146642E0
3.897493071E2,1.986646336E-1,-1.276615577E0,8.461146167E-1,1.544384962E0
3.897592961E2,1.630005649E-1,-1.033861987E0,8.060416013E-1,1.321038552E0
3.897692851E2,1.600580268E-1,-7.411965644E-1,9.267775413E-1,1.197458780E0
3.897792741E2,1.858024402E-1,-3.801608187E-1,9.549997124E-1,1.044542601E0
3.897892631E2,3.805947552E-1,1.202766412E-1,8.268416092E-1,9.181426277E-1
3.897992511E2,5.613338721E-1,6.076099062E-1,6.026555604E-1,1.023464332E0
3.898092401E2,6.659420219E-1,9.152272439E-1,3.008652654E-1,1.171170181E0
3.898192291E2,6.880039320E-1,1.061559078E0,-3.384923905E-2,1.265465471E0
3.898292181E2,6.669201149E-1,1.152921823E0,-1.965690646E-1,1.346347119E0
3.898392071E2,6.689598430E-1,1.110554067E0,-2.262583020E-1,1.316066270E0
3.898491961E2,6.187377423E-1,8.692248595E-1,-1.796255878E-1,1.081967468E0
3.898591841E2,4.337302311E-1,5.460223532E-1,-2.367335889E-1,7.364136851E-1
3.898691731E2,1.681064267E-1,1.624935383E-1,-2.342394590E-1,3.309562582E-1
3.898791621E2,-2.180127047E-1,-5.225247324E-2,-2.464732960E-1,3.331800504E-1
3.898891511E2,6.151709408E-3,-3.719916737E-1,-1.086909682E-2,3.722012710E-1
3.898991401E2,1.773766024E-1,-7.144578320E-1,9.552186906E-2,7.423185841E-1
3.899091291E2,3.558087735E-1,-8.374294549E-1,2.727299255E-1,9.498787225E-1
3.899191171E2,4.593024440E-1,-7.488803905E-1,5.238233989E-1,1.022825267E0
3.899291061E2,5.340963721E-1,-5.258763564E-1,5.706587192E-1,9.420489641E-1
3.899390951E2,5.811420460E-1,-1.787552297E-1,3.450205144E-1,6.990841617E-1
3.899490841E2,4.542795396E-1,8.655516386E-2,7.854944855E-2,4.690753802E-1
3.899590731E2,2.011879264E-1,1.170413768E-1,-6.592881829E-2,2.419129486E-1
3.899690621E2,-2.315380454E-2,9.314146757E-2,-2.119492882E-1,2.326669990E-1
3.899790501E2,-2.155464953E-1,1.769829386E-1,-3.775161231E-1,4.693630529E-1
3.899890391E2,-5.192350888E-1,3.170103049E-1,-4.330383593E-1,7.467414757E-1
3.899990281E2,-9.441794398E-1,4.497122794E-1,-4.325735056E-1,1.131740159E0
3.900090171E2,-1.057736169E0,4.063358796E-1,-4.809495673E-1,1.230945627E0
3.900190061E2,-1.002102250E0,3.772155762E-1,-4.747708145E-1,1.171284695E0
3.900289951E2,-9.211694768E-1,6.299287283E-1,-5.317492998E-1,1.236171803E0
3.900389831E2,-7.149168384E-1,7.755898869E-1,-6.018954223E-1,1.214464433E0
3.900489721E2,-5.568353167E-1,8.290135574E-1,-7.342144042E-1,1.239515970E0
3.900589611E2,-4.684777486E-1,8.580753887E-1,-7.443166387E-1,1.228727810E0
3.900689501E2,-4.206852391E-1,8.789002472E-1,-7.038153148E-1,1.201997384E0
3.900789391E2,-3.031076726E-1,7.424964005E-1,-5.284611180E-1,9.604406901E-1
3.900889281E2,-1.421159917E-1,4.428435552E-1,-3.694121745E-1,5.939467351E-1
3.900989161E2,-1.476117897E-1,6.395859897E-2,-1.027576230E0,1.040092713E0
3.901089051E2,1.668020591E-1,-5.518777549E-2,-8.021862397E-1,8.212011816E-1
3.901188941E2,4.284956574E-2,1.191405272E-1,4.453625357E-1,4.630100849E-1
3.901288831E2,-4.881357953E-1,3.871985275E-1,-1.926879752E-1,6.521716876E-1
3.901388723E2,-2.869521081E-1,5.978719532E-1,-6.512389058E-1,9.294646294E-1
3.901488613E2,5.272928444E-1,7.683960575E-1,-7.954473236E-1,1.225237401E0
3.901588493E2,1.219391216E0,8.551658142E-1,-1.693935451E0,2.255579930E0
3.901688383E2,1.473741004E0,6.230184889E-1,-2.200628262E0,2.720814094E0
3.901788273E2,1.458259623E0,4.326705694E-1,-2.409966184E0,2.849852971E0
3.901888163E2,1.048359573E0,2.769913763E-1,-2.415930636E0,2.648113075E0
3.901988053E2,4.088145143E-1,7.926544011E-2,-1.974353880E0,2.017792249E0
3.902087943E2,7.202249408E-2,-9.115166008E-2,-1.230943560E0,1.236413326E0
3.902187823E2,-8.048984706E-3,-1.032407784E-1,-5.768365949E-1,5.860579338E-1
3.902287713E2,7.011454761E-2,-3.289836484E-1,4.114100933E-3,3.363974086E-1
3.902387603E2,3.853081226E-2,-4.935687357E-1,5.008856490E-1,7.042592944E-1
3.902487493E2,1.919079566E-1,-6.108387387E-1,7.361472014E-1,9.756358596E-1
3.902587383E2,4.565318871E-1,-7.687176543E-1,8.934130365E-1,1.263936331E0
3.902687273E2,7.220109728E-1,-9.221246195E-1,1.295771348E0,1.746607295E0
3.902787153E2,9.115206939E-1,-9.348411441E-1,1.643940295E0,2.099366008E0
3.902887043E2,7.837564006E-1,-6.406677246E-1,1.896854884E0,2.150066901E0
3.902986933E2,5.215432772E-1,-3.680822253E-1,2.054785255E0,2.151658514E0
3.903086823E2,2.791297030E-1,-1.470340848E-2,2.061175970E0,2.080042297E0
3.903186713E2,1.833131343E-1,1.192943090E-1,2.108395160E0,2.119708703E0
3.903286603E2,1.999776989E-1,2.175006348E-1,2.080468565E0,2.101344107E0
3.903386483E2,3.545798349E-1,3.605650449E-1,1.879939766E0,1.946768485E0
3.903486373E2,4.666911319E-1,5.832872432E-1,1.529254762E0,1.701953215E0
3.903586263E2,7.452440071E-1,7.174972147E-1,1.177048019E0,1.567045922E0
3.903686153E2,8.729907587E-1,8.039366037E-1,9.230832705E-1,1.503499136E0
3.903786043E2,8.795764777E-1,8.136932677E-1,6.657592964E-1,1.370761451E0
3.903885933E2,1.043344124E0,5.221388161E-1,3.430798236E-1,1.216100189E0
3.903985813E2,1.113949838E0,2.823708147E-1,5.600930929E-2,1.150545332E0
3.904085703E2,1.001133952E0,4.527440608E-2,-8.904929370E-2,1.006105729E0
3.904185593E2,8.080138671E-1,-1.979808748E-2,-2.618735464E-1,8.496211674E-1
3.904285483E2,5.581658506E-1,1.088330555E-1,-3.884362368E-1,6.886773271E-1
3.904385373E2,2.255215529E-1,2.027212125E-1,-2.792504480E-1,4.122337608E-1
3.904485263E2,-2.316462189E-1,2.386517680E-1,-2.181286258E-1,3.977370167E-1
3.904585143E2,-8.485859424E-1,1.157988435E-1,-1.255911756E-1,8.656099683E-1
3.904685033E2,-1.478995312E0,-1.875365782E-1,6.549875557E-2,1.492275842E0
3.904784923E2,-1.968830600E0,-5.707660156E-1,4.030975454E-1,2.089151840E0
3.904884813E2,-2.273416157E0,-8.736313212E-1,7.690700953E-1,2.554040234E0
3.904984703E2,-2.150627552E0,-8.806912494E-1,1.132216247E0,2.585097595E0
3.905084593E2,-1.645800295E0,-5.763033289E-1,1.507916810E0,2.305341025E0
3.905184473E2,-9.840951651E-1,-2.647426289E-1,1.815997832E0,2.082397675E0
3.905284363E2,-1.809876966E-1,-2.737245369E-1,1.942312600E0,1.969837533E0
3.905384253E2,6.526849222E-1,-4.969542736E-1,1.771969175E0,1.952648436E0
3.905484143E2,1.388228106E0,-7.632639563E-1,1.563327072E0,2.225700042E0
3.905584033E2,1.890634031E0,-8.954262328E-1,1.530518053E0,2.592059160E0
3.905683923E2,2.126889903E0,-9.337313426E-1,1.818036756E0,2.949707193E0
3.905783803E2,2.264971900E0,-1.020357842E0,2.009876008E0,3.195438843E0
3.905883693E2,2.598046845E0,-1.081378216E0,1.918194298E0,3.405685778E0
3.905983583E2,2.973783661E0,-9.222029722E-1,1.524434317E0,3.466662310E0
3.906083473E2,3.162890801E0,-6.336189061E-1,7.746847379E-1,3.317451971E0
3.906183363E2,3.184642736E0,-3.876078326E-1,-6.367033124E-3,3.208150515E0
3.906283253E2,2.908156267E0,-2.191980815E-1,-5.902702805E-1,2.975540232E0
3.906383133E2,2.504236749E0,-1.851743031E-1,-9.617611402E-1,2.688954389E0
3.906483023E2,2.088553218E0,-2.152213901E-1,-1.269332431E0,2.453483159E0
3.906582913E2,1.543176982E0,-2.405258006E-1,-1.410213491E0,2.104269457E0
3.906682803E2,8.648046568E-1,-1.764362240E-1,-1.323578366E0,1.590872882E0
3.906782693E2,-4.720720321E-2,3.052246571E-4,-8.976525602E-1,8.988930593E-1
3.906882583E2,-9.649151284E-1,2.787011021E-1,-2.521507962E-1,1.035526694E0
3.906982463E2,-1.709819412E0,3.366329759E-1,3.540516852E-1,1.778245421E0
3.907082353E2,-2.110363625E0,2.881864554E-1,7.941920726E-1,2.273197552E0
3.907182243E2,-2.439321838E0,1.044751257E-1,9.125986281E-1,2.606538382E0
3.907282133E2,-2.675700501E0,-6.222080648E-2,6.021211249E-1,2.743318145E0
3.907382023E2,-2.785272937E0,-2.096454853E-1,4.074427575E-2,2.793448882E0
3.907481913E2,-2.806167085E0,-2.338938886E-1,-4.900042731E-1,2.858213471E0
3.907581793E2,-2.720926960E0,-4.401374638E-2,-9.009981908E-1,2.866562134E0
3.907681683E2,-2.498037531E0,3.566041410E-1,-1.313891577E0,2.844937450E0
3.907781573E2,-2.174427766E0,9.369765472E-1,-1.734694783E0,2.935170719E0
3.907881463E2,-1.700118297E0,1.425251799E0,-2.154303989E0,3.092372970E0
3.907981353E2,-1.163587436E0,1.505091435E0,-2.260356401E0,2.954394525E0
3.908081243E2,-7.749095634E-1,1.036827695E0,-1.980737286E0,2.366181881E0
3.908181123E2,-5.356338975E-1,3.892421293E-1,-1.443836589E0,1.588419719E0
3.908281013E2,-3.934103170E-1,-9.502544045E-2,-8.054416770E-1,9.014087901E-1
3.908380903E2,-3.010433131E-1,-3.834124553E-1,-3.793059558E-1,6.176610684E-1
3.908480793E2,-6.589928985E-2,-4.024159062E-1,-2.129662652E-1,4.600390289E-1
3.908580683E2,1.939693925E-1,-2.503339201E-1,-9.999908209E-2,3.321009082E-1
3.908680573E2,4.076485795E-1,-3.321510851E-2,2.938664407E-3,4.090100775E-1
3.908780453E2,5.766088459E-1,1.652288657E-1,4.061271340E-2,6.011885991E-1
3.908880343E2,7.500451559E-1,2.395270962E-1,-2.321578503E-2,7.877054896E-1
3.908980233E2,8.883148491E-1,2.673002011E-1,-1.937580156E-1,9.476786572E-1
3.909080123E2,9.399019092E-1,2.756991416E-1,-2.493621129E-1,1.010745803E0
3.909180013E2,8.876406652E-1,2.086245614E-1,-1.397338361E-1,9.224726029E-1
3.909279893E2,8.738038141E-1,1.578982115E-2,5.931123197E-2,8.759567604E-1
3.909379783E2,9.434473684E-1,-1.720385331E-1,-1.622894704E-2,9.591421024E-1
3.909479673E2,8.933235741E-1,-2.813270867E-1,-1.586741370E-1,9.499207438E-1
3.909579563E2,8.257934958E-1,-2.711043996E-1,-2.125302091E-1,8.947634229E-1
3.909679453E2,6.685878870E-1,-2.279268050E-1,-1.862399581E-1,7.305105838E-1
3.909779343E2,6.149718431E-1,-1.844644511E-1,-1.472135943E-1,6.587027735E-1
3.909879233E2,6.635560656E-1,-2.585059887E-1,-1.230353576E-1,7.226822937E-1
3.909979113E2,7.173235524E-1,-3.707432932E-1,-5.273954630E-2,8.091879435E-1
3.910079003E2,8.360009801E-1,-4.715294105E-1,8.410152599E-2,9.634888118E-1
3.910178893E2,7.964115295E-1,-5.053637391E-1,2.656335984E-1,9.799107315E-1
3.910278783E2,4.269867834E-1,-5.061063355E-1,4.605179340E-1,8.065594235E-1
3.910378673E2,8.615986285E-1,-8.412728298E-1,3.552317995E-1,1.255500618E0
3.910478563E2,1.264037924E0,-1.055196138E0,-9.570503309E-2,1.649360547E0
3.910578443E2,1.081206307E0,-8.721525604E-1,-1.942284241E-1,1.402633897E0
3.910678333E2,7.192472863E-1,-4.766615117E-1,7.677481860E-2,8.662662572E-1
3.910778223E2,4.910895163E-1,-6.898661971E-2,2.082807451E-1,5.378744607E-1
3.910878113E2,5.323954171E-1,1.456950724E-1,-1.872570813E-2,5.522884993E-1
3.910978003E2,6.384089452E-1,1.823933673E-1,-2.829070044E-1,7.217130281E-1
3.911077893E2,6.384972382E-1,1.150363666E-1,-3.549008471E-1,7.395043611E-1
3.911177773E2,5.368705836E-1,-4.005225778E-2,-1.704729411E-1,5.647080932E-1
3.911277663E2,4.274498829E-1,-8.214460909E-2,-1.757965386E-3,4.352748898E-1
3.911377557E2,2.275929290E-1,-8.841574788E-2,6.116567641E-2,2.517084142E-1
3.911477447E2,-1.584595442E-2,3.211290836E-2,1.013901347E-1,1.075281013E-1
3.911577337E2,-2.054512775E-1,1.253654730E-1,1.015018165E-1,2.612074808E-1
3.911677227E2,-3.341593114E-1,1.539367229E-1,3.970142484E-2,3.700475147E-1
3.911777107E2,-4.104290767E-1,8.675163031E-2,6.436717317E-2,4.244066509E-1
3.911876997E2,-4.159658052E-1,-2.363561511E-2,5.667399153E-2,4.204737028E-1
3.911976887E2,-2.806290753E-1,-1.010854948E-1,1.055330332E-1,3.163987615E-1
3.912076777E2,8.166806102E-3,-1.627823907E-1,2.053439811E-1,2.621658903E-1
3.912176667E2,3.926949102E-1,-2.296874017E-1,2.437788990E-1,5.161334581E-1
3.912276557E2,8.816645184E-1,-3.213080084E-1,2.541115138E-1,9.721850754E-1
3.912376437E2,1.378333448E0,-4.168567747E-1,2.140028304E-1,1.455805576E0
3.912476327E2,1.799000268E0,-4.323267531E-1,2.706464164E-1,1.869908519E0
3.912576217E2,2.108378787E0,-4.968075085E-1,3.106482419E-1,2.188282692E0
3.912676107E2,2.310329044E0,-5.003427351E-1,4.039192253E-1,2.398148012E0
3.912775997E2,2.347868315E0,-5.178972459E-1,4.299929832E-1,2.442457195E0
3.912875887E2,2.288159180E0,-4.838758063E-1,4.199642774E-1,2.376168812E0
3.912975767E2,2.142605903E0,-4.731175143E-1,3.625573374E-1,2.223971236E0
3.913075657E2,2.013597322E0,-4.301410639E-1,2.460834329E-1,2.073680922E0
3.913175547E2,1.915460870E0,-3.982842636E-1,1.097333805E-1,1.959505579E0
3.913275437E2,1.786824319E0,-3.024162394E-1,6.891236007E-2,1.813545048E0
3.913375327E2,1.581187538E0,-2.519161767E-1,7.508219585E-2,1.602888994E0
3.913475217E2,1.322081333E0,-1.452395743E-1,8.321508810E-2,1.332635860E0
3.913575097E2,1.057190039E0,-9.137268484E-2,1.463262793E-1,1.071172780E0
3.913674987E2,8.089529300E-1,-6.048944592E-2,1.588325965E-1,8.266145472E-1
3.913774877E2,5.531428000E-1,-9.627323627E-2,1.278327057E-1,5.758269652E-1
3.913874767E2,3.716458109E-1,-1.637465966E-1,1.707959998E-1,4.405732972E-1
3.913974657E2,2.071162722E-1,-3.526046455E-1,1.126663439E-1,4.241708279E-1
3.914074547E2,2.079129553E-1,-4.877355534E-1,-4.881036356E-2,5.324436295E-1
3.914174427E2,3.143319878E-1,-5.670606351E-1,-2.967061409E-1,7.130195625E-1
3.914274317E2,4.257588682E-1,-5.402874041E-1,-5.608880219E-1,8.875677247E-1
3.914374207E2,4.458531171E-1,-4.596771044E-1,-7.748917294E-1,1.005258790E0
3.914474097E2,4.258629486E-1,-3.119986564E-1,-9.295716333E-1,1.069020970E0
3.914573987E2,3.600271010E-1,-1.310653389E-1,-1.118260698E0,1.182076404E0
3.914673877E2,1.900111198E-1,-6.548296809E-2,-1.284593518E0,1.300220270E0
3.914773757E2,-9.318327516E-2,-8.288018882E-2,-1.444669232E0,1.450041875E0
3.914873647E2,-4.930761078E-1,-1.305852824E-1,-1.549604534E0,1.631395346E0
3.914973537E2,-8.727954617E-1,-1.118958271E-1,-1.525708425E0,1.761271925E0
3.915073427E2,-1.199551029E0,-1.209818155E-1,-1.558271277E0,1.970220455E0
3.915173317E2,-1.366090840E0,-5.364761889E-2,-1.715565617E0,2.193683577E0
3.915273207E2,-1.527486856E0,-1.465575367E-1,-1.690305499E0,2.282942813E0
3.915373087E2,-1.597009665E0,-3.508960891E-1,-1.485577523E0,2.209187297E0
3.915472977E2,-1.538337534E0,-4.530820298E-1,-1.421298496E0,2.142861430E0
3.915572867E2,-1.524964367E0,-2.838653630E-1,-1.470364237E0,2.137303641E0
3.915672757E2,-1.728291936E0,2.280823410E-2,-1.585061757E0,2.345193810E0
3.915772647E2,-2.103870584E0,4.246177840E-1,-1.619847866E0,2.688954966E0
3.915872537E2,-2.468870450E0,8.058082974E-1,-1.478642725E0,2.988483331E0
3.915972417E2,-2.677793804E0,1.014205402E0,-1.229512308E0,3.116230538E0
3.916072307E2,-2.570541543E0,9.767060387E-1,-9.926800472E-1,2.923534195E0
3.916172197E2,-2.164597719E0,8.293731612E-1,-7.745059593E-1,2.444013627E0
3.916272087E2,-1.590275427E0,5.882082599E-1,-6.190330267E-1,1.805039274E0
3.916371977E2,-9.754769540E-1,2.548503095E-1,-5.682639921E-1,1.157336568E0
3.916471867E2,-3.848084781E-1,-1.049692154E-1,-5.797844687E-1,7.037372600E-1
3.916571747E2,7.537441045E-2,-4.488088846E-1,-5.921302798E-1,7.468125501E-1
3.916671637E2,3.733678159E-1,-6.397643298E-1,-6.498224178E-1,9.853786573E-1
3.916771527E2,4.810232422E-1,-6.019661736E-1,-6.634788823E-1,1.016833743E0
3.916871417E2,4.836004025E-1,-3.768144572E-1,-5.895228602E-1,8.505267116E-1
3.916971307E2,3.758315402E-1,-7.373631299E-2,-4.550961033E-1,5.948099307E-1
3.917071197E2,2.944152018E-1,2.413023108E-1,-2.934431022E-1,4.806412077E-1
3.917171077E2,2.737002710E-1,4.206621426E-1,-1.330282491E-1,5.191964865E-1
3.917270967E2,3.598762429E-1,4.872420484E-1,9.977688789E-3,6.058178589E-1
3.917370857E2,5.894440690E-1,4.545485115E-1,4.847341776E-2,7.459278330E-1
3.917470747E2,8.091859415E-1,3.642207241E-1,1.083931987E-1,8.939729914E-1
3.917570637E2,9.781886002E-1,1.443385184E-1,8.362307757E-2,9.923101152E-1
3.917670527E2,1.014553019E0,-5.148297966E-2,6.624120578E-2,1.018015827E0
3.917770417E2,9.379644343E-1,-1.978779638E-1,5.012160167E-2,9.599193422E-1
3.917870297E2,7.390000579E-1,-3.120735008E-1,-2.433143377E-2,8.025602620E-1
3.917970187E2,4.112472484E-1,-3.349747056E-1,-1.482225314E-1,5.507288548E-1
3.918070077E2,7.644854397E-2,-2.871117371E-1,-2.960348806E-1,4.194212441E-1
3.918169967E2,-1.817498812E-1,-1.862490213E-1,-4.129509808E-1,4.881088299E-1
3.918269857E2,-3.430438632E-1,-5.343068719E-2,-4.372379757E-1,5.583108255E-1
3.918369747E2,-4.342282677E-1,5.640224218E-2,-3.819477278E-1,5.810503146E-1
3.918469627E2,-3.459961224E-1,3.832908332E-2,-2.567120630E-1,4.325315232E-1
3.918569517E2,-1.129872099E-1,-2.901856184E-2,-1.623891655E-1,1.999460617E-1
3.918669407E2,2.397764799E-1,-1.736816007E-1,-8.457822025E-2,3.079148163E-1
3.918769297E2,5.191198987E-1,-4.214632112E-1,-2.138341382E-2,6.690096845E-1
3.918869187E2,6.276465601E-1,-6.962028247E-1,1.828430182E-1,9.550236368E-1
3.918969077E2,5.419529834E-1,-8.770010716E-1,5.170369743E-1,1.153330459E0
3.919068957E2,2.432716531E-1,-8.703130263E-1,9.458695775E-1,1.308164790E0
3.919168847E2,-2.480616921E-1,-6.956847614E-1,1.495630640E0,1.668059622E0
3.919268737E2,-7.108135548E-1,-3.961576313E-1,2.080357760E0,2.233849858E0
3.919368627E2,-9.263998112E-1,-1.884393883E-1,2.569535237E0,2.737925738E0
3.919468517E2,-8.613413510E-1,-1.509394401E-1,2.727213886E0,2.863981008E0
3.919568407E2,-5.874630323E-1,-1.475579953E-1,2.688900005E0,2.756278182E0
3.919668287E2,-2.224245751E-1,-1.211239028E-1,2.487090666E0,2.499952734E0
3.919768177E2,2.829397488E-1,-3.329346120E-2,2.124801570E0,2.143815539E0
3.919868067E2,7.680884939E-1,2.699367106E-2,1.729134520E0,1.892245962E0
3.919967957E2,1.178447843E0,1.047242171E-1,1.515860252E0,1.922898537E0
3.920067847E2,1.519980493E0,1.337065262E-1,1.349706065E0,2.037136371E0
3.920167737E2,1.952251697E0,5.239573002E-2,1.229370951E0,2.307679557E0
3.920267617E2,2.493812040E0,-1.518451738E-1,1.109239029E0,2.733599582E0
3.920367507E2,2.877926162E0,-3.076898432E-1,8.983054018E-1,3.030525470E0
3.920467397E2,3.084731654E0,-3.700153148E-1,6.761214396E-1,3.179563007E0
3.920567287E2,3.052712009E0,-2.799974298E-1,5.043986562E-1,3.106745431E0
3.920667177E2,2.832687131E0,-5.920305848E-2,3.078512263E-1,2.849981362E0
3.920767067E2,2.423763274E0,1.220015699E-1,1.687898201E-1,2.432694554E0
3.920866947E2,1.921054755E0,2.759891635E-1,8.549769491E-2,1.942660868E0
3.920966837E2,1.364418829E0,3.655223143E-1,1.167528167E-1,1.417348413E0
3.921066727E2,8.876912436E-1,3.890737295E-1,1.556654522E-1,9.816342720E-1
3.921166617E2,5.200987226E-1,4.358502853E-1,1.555447072E-1,6.961769232E-1
3.921266507E2,2.240386990E-1,4.941897100E-1,1.029285371E-1,5.522780929E-1
3.921366391E2,6.759615183E-2,5.297068673E-1,1.022476289E-1,5.437032119E-1
3.921466271E2,-1.091947058E-1,4.106967330E-1,2.108906499E-1,4.744155947E-1
3.921566161E2,-2.784584427E-1,7.319719970E-2,4.325132793E-1,5.195812459E-1
3.921666051E2,-2.426699746E-1,-2.758698803E-1,5.845552120E-1,6.904329824E-1
3.921765941E2,-8.978136510E-2,-4.630205423E-1,5.525800055E-1,7.264938944E-1
3.921865831E2,1.480134934E-2,-5.231416136E-1,3.845906693E-1,6.494660967E-1
3.921965721E2,-2.545000613E-2,-6.520697951E-1,2.529371005E-1,6.998713434E-1
3.922065611E2,-1.043546730E-1,-7.965714508E-1,8.849527001E-2,8.082372095E-1
3.922165491E2,-9.992248356E-2,-7.802448553E-1,-1.681597826E-1,8.043906075E-1
3.922265381E2,-3.869511902E-2,-6.440725583E-1,-4.452417907E-1,7.839432535E-1
3.922365271E2,-1.182915115E-1,-5.428976011E-1,-3.738832480E-1,6.697158876E-1
3.922465161E2,-2.086634454E-1,-2.373671347E-1,-4.077930057E-1,5.159251163E-1
3.922565051E2,-2.280715236E-1,-4.428681135E-2,-4.850227377E-1,5.377964277E-1
3.922664941E2,-1.020748436E-1,1.211741889E-1,-5.693504047E-1,5.909842139E-1
3.922764821E2,-2.231034368E-1,2.437324136E-1,-6.584321505E-1,7.366909323E-1
3.922864711E2,-2.707737395E-1,3.306144369E-1,-6.589452437E-1,7.853872663E-1
3.922964601E2,-4.083180857E-1,3.841989058E-1,-6.005178183E-1,8.215559071E-1
3.923064491E2,-6.279675722E-1,3.853794587E-1,-5.952257958E-1,9.471823198E-1
3.923164381E2,-8.340790004E-1,4.298405170E-1,-6.131211993E-1,1.120878340E0
3.923264271E2,-1.066166099E0,5.849402511E-1,-5.251922321E-1,1.324647927E0
3.923364151E2,-1.220501602E0,7.887379360E-1,-3.579864228E-1,1.496624860E0
3.923464041E2,-1.296054353E0,7.420409024E-1,-5.061788410E-1,1.576895242E0
3.923563931E2,-1.237258553E0,6.838423955E-1,-6.948556262E-1,1.575205856E0
3.923663821E2,-1.180477411E0,6.216245127E-1,-7.777714831E-1,1.544303219E0
3.923763711E2,-1.195149245E0,5.631465089E-1,-7.890975398E-1,1.538892665E0
3.923863601E2,-1.216065320E0,4.124590838E-1,-7.942419201E-1,1.509886613E0
3.923963481E2,-1.234738111E0,2.374320388E-1,-7.384498349E-1,1.458170200E0
3.924063371E2,-1.349922119E0,3.303793788E-2,-6.884909320E-1,1.515717981E0
3.924163261E2,-1.535489648E0,-1.641389447E-1,-6.754919869E-1,1.685514603E0
3.924263151E2,-1.709870575E0,-3.634670180E-1,-5.856808010E-1,1.843580120E0
3.924363041E2,-1.820169235E0,-4.752681202E-1,-4.820646313E-1,1.941978924E0
3.924462931E2,-1.728620257E0,-4.484422642E-1,-3.751553097E-1,1.824820529E0
3.924562811E2,-1.473304802E0,-2.918333638E-1,-3.255118641E-1,1.536799182E0
3.924662701E2,-1.207397700E0,-1.185154599E-1,-3.413759449E-1,1.260314506E0
3.924762591E2,-1.075823068E0,-6.572094977E-2,-2.985024056E-1,1.118399841E0
3.924862481E2,-1.099443773E0,-1.169805658E-1,-2.301312053E-1,1.129345578E0
3.924962371E2,-1.264738420E0,-3.428438884E-1,-1.359223285E-1,1.317414165E0
3.925062261E2,-1.507614801E0,-7.112494648E-1,6.354812443E-2,1.668177615E0
3.925162151E2,-1.661077607E0,-1.073023129E0,2.350735644E-1,1.991435923E0
3.925262031E2,-1.753658912E0,-1.257884021E0,1.974613497E-1,2.167160071E0
3.925361921E2,-1.668705300E0,-1.094241505E0,4.898855746E-2,1.996081594E0
3.925461811E2,-1.397214692E0,-6.064293534E-1,-2.481555399E-1,1.543226046E0
3.925561701E2,-1.024046120E0,2.994008303E-2,-7.061568323E-1,1.244276632E0
3.925661591E2,-6.391280065E-1,6.562242419E-1,-1.178304001E0,1.492486242E0
3.925761481E2,-3.300050108E-1,1.180028930E0,-1.497354984E0,1.934798060E0
3.925861361E2,-9.539191470E-2,1.571320508E0,-1.640900913E0,2.273918108E0
3.925961251E2,-3.698539317E-2,1.749706194E0,-1.647976336E0,2.403885540E0
3.926061141E2,-5.487991959E-2,1.541626008E0,-1.341029089E0,2.044011148E0
3.926161031E2,-6.773166105E-2,1.144695960E0,-8.512800470E-1,1.428143598E0
3.926260921E2,-8.969891936E-2,7.085907358E-1,-4.274092448E-1,8.323613335E-1
3.926360811E2,3.944677860E-3,2.746559983E-1,-6.376330197E-2,2.819880079E-1
3.926460691E2,2.459200032E-1,-2.639082313E-2,1.410371804E-1,2.847184746E-1
3.926560581E2,6.000148116E-1,-1.695949817E-1,1.423036873E-1,6.395549792E-1
3.926660471E2,1.067287595E0,-1.286714888E-1,-6.872057140E-2,1.077210137E0
3.926760361E2,1.282978955E0,-9.726960182E-2,-2.436692637E-1,1.309530865E0
3.926860251E2,1.272697065E0,-1.047826892E-1,-2.714324284E-1,1.305531614E0
3.926960141E2,1.155113505E0,-1.219208783E-1,-8.389585018E-2,1.164555891E0
3.927060031E2,9.582191893E-1,-1.468598378E-1,2.216255531E-1,9.944192841E-1
3.927159911E2,8.622011840E-1,-1.711538494E-1,4.947782323E-1,1.008707104E0
3.927259801E2,8.430003896E-1,-2.387728053E-1,7.311528021E-1,1.141160168E0
3.927359691E2,9.049519318E-1,-3.578583688E-1,9.590249357E-1,1.366283074E0
3.927459581E2,9.853409144E-1,-4.239243042E-1,1.045321068E0,1.497766560E0
3.927559471E2,1.026668450E0,-4.171029425E-1,1.037435805E0,1.517990784E0
3.927659361E2,9.337450835E-1,-2.842629737E-1,9.388251445E-1,1.354281349E0
3.927759241E2,6.959858930E-1,-7.343868971E-2,7.554985616E-1,1.029838667E0
3.927859131E2,3.637745816E-1,1.242960173E-1,6.052277505E-1,7.169951716E-1
3.927959021E2,-4.238149613E-2,2.685667080E-1,4.164822605E-1,4.973748498E-1
3.928058911E2,-4.476563984E-1,3.425357401E-1,2.769226715E-1,6.280232084E-1
3.928158801E2,-8.223608878E-1,3.632465780E-1,2.829707390E-1,9.424955944E-1
3.928258691E2,-1.061820156E0,3.412481833E-1,3.209092283E-1,1.160558098E0
3.928358571E2,-1.047686851E0,3.937690437E-1,4.429198614E-1,1.203694231E0
3.928458461E2,-7.347736904E-1,3.950320423E-1,5.126210108E-1,9.791440095E-1
3.928558351E2,-3.483966967E-1,4.034654814E-1,6.534672797E-1,8.433173416E-1
3.928658241E2,1.103530392E-1,4.150698656E-1,8.017266485E-1,9.095198764E-1
3.928758131E2,5.587897485E-1,3.533150822E-1,8.299575904E-1,1.061087712E0
3.928858021E2,8.824784508E-1,2.469466281E-1,8.313755402E-1,1.237310043E0
3.928957901E2,1.115773877E0,2.126035917E-1,6.877986217E-1,1.327862408E0
3.929057791E2,1.242024618E0,2.660062122E-1,5.420599875E-1,1.381019003E0
3.929157681E2,1.182378049E0,3.329819745E-1,4.083154544E-1,1.294456008E0
3.929257571E2,1.038266987E0,4.166427666E-1,2.322832730E-1,1.142604503E0
3.929357461E2,7.909174857E-1,4.286394989E-1,1.476167598E-1,9.116320513E-1
3.929457351E2,5.019279152E-1,3.860770315E-1,3.866354406E-2,6.344146719E-1
3.929557241E2,1.635805357E-1,3.435361987E-1,1.018058717E-2,3.806302088E-1
3.929657121E2,-1.502447909E-1,2.693496501E-1,8.625812531E-2,3.202548913E-1
3.929757011E2,-3.519582358E-1,7.747502267E-2,1.523603135E-1,3.912679951E-1
3.929856901E2,-4.941467330E-1,-1.138517207E-1,1.142142481E-1,5.197962125E-1
3.929956791E2,-5.497625247E-1,-2.613664466E-1,8.384556413E-2,6.144764695E-1
3.930056681E2,-6.722508752E-1,-3.529829603E-1,1.310331792E-1,7.705114558E-1
3.930156571E2,-8.369865283E-1,-3.907109499E-1,1.208350503E-1,9.315592329E-1
3.930256451E2,-9.685295847E-1,-4.031520706E-1,1.401372939E-1,1.058404275E0
3.930356341E2,-1.024680981E0,-2.528289270E-1,9.938015431E-2,1.060080183E0
3.930456231E2,-1.069854815E0,-7.796384990E-2,1.059676275E-1,1.077913181E0
3.930556121E2,-1.004160470E0,6.170566678E-3,1.802948016E-1,1.020236513E0
3.930656011E2,-8.750188655E-1,-6.082273722E-3,2.685936052E-1,9.153346567E-1
3.930755901E2,-7.092356837E-1,-4.314017236E-2,3.593938476E-1,7.962664549E-1
3.930855781E2,-5.274150512E-1,-8.784915268E-2,4.000966081E-1,6.678034184E-1
3.930955671E2,-3.736669010E-1,-2.964129031E-2,3.847617003E-1,5.371658264E-1
3.931055561E2,-1.537914196E-1,7.253471017E-3,2.676454791E-1,3.087693574E-1
3.931155451E2,1.017894995E-1,1.501272619E-2,1.362029949E-1,1.706978031E-1
3.931255341E2,2.560299852E-1,-1.906952441E-2,7.427484155E-2,2.672671925E-1
3.931355240E2,3.406178534E-1,-9.074001610E-2,1.067640182E-1,3.683107766E-1
3.931455130E2,3.406257471E-1,-1.051335222E-1,1.789063802E-1,3.988564278E-1
3.931555010E2,2.500091073E-1,-1.354185909E-1,2.539963236E-1,3.812569749E-1
3.931654900E2,1.988877779E-1,-1.475913244E-1,3.194026932E-1,4.041752438E-1
3.931754790E2,2.582247376E-1,-9.157675266E-2,3.059380174E-1,4.106877004E-1
3.931854680E2,4.473818716E-1,2.949160159E-2,1.996447000E-1,4.907935410E-1
3.931954570E2,6.848533791E-1,1.767157209E-1,5.273457617E-2,7.092485689E-1
3.932054460E2,7.813590422E-1,2.925449699E-1,-6.117473960E-2,8.365685035E-1
3.932154340E2,7.650432640E-1,3.377433622E-1,-1.484213367E-1,8.493472009E-1
3.932254230E2,7.228690517E-1,2.996189314E-1,-2.199664056E-1,8.128323256E-1
3.932354120E2,6.783147302E-1,2.424945581E-1,-2.693139821E-1,7.690542926E-1
3.932454010E2,6.754785383E-1,2.159990698E-1,-2.553631103E-1,7.537487459E-1
3.932553900E2,6.960373485E-1,1.715415198E-1,-2.318204659E-1,7.534156966E-1
3.932653790E2,7.119245258E-1,1.064602554E-1,-2.253639704E-1,7.542938655E-1
3.932753670E2,7.021640611E-1,9.575575769E-2,-2.432614204E-1,7.492527294E-1
3.932853560E2,6.153294003E-1,1.195246893E-1,-2.254698050E-1,6.661479229E-1
3.932953450E2,4.756721628E-1,1.861519575E-1,-1.469586557E-1,5.315199001E-1
3.933053340E2,2.296587503E-1,3.085043603E-1,-3.551189482E-2,3.862372025E-1
3.933153230E2,-5.061203688E-2,3.523421055E-1,7.251687616E-2,3.632701955E-1
3.933253120E2,-3.721226513E-1,2.771211845E-1,2.100337404E-1,5.092991170E-1
3.933353000E2,-6.805182534E-1,1.236001986E-1,3.255583495E-1,7.644411954E-1
3.933452890E2,-9.315444839E-1,-3.909097552E-2,3.968856096E-1,1.013321971E0
3.933552780E2,-1.066976816E0,-1.654305947E-1,4.106970254E-1,1.155196457E0
3.933652670E2,-1.084671367E0,-2.167825967E-1,3.315929684E-1,1.154755631E0
3.933752560E2,-1.011841665E0,-2.047958046E-1,2.179385912E-1,1.055112367E0
3.933852450E2,-9.398206329E-1,-1.519094932E-1,1.137792152E-1,9.587935263E-1
3.933952340E2,-8.254640052E-1,-4.150646031E-2,3.933041900E-2,8.274421381E-1
3.934052220E2,-6.901869169E-1,1.090967649E-1,4.013821185E-3,6.987676260E-1
3.934152110E2,-5.913102078E-1,2.937600213E-1,-3.798351288E-3,6.602705048E-1
3.934252000E2,-5.004257655E-1,4.629205549E-1,3.999261618E-2,6.828768529E-1
3.934351890E2,-4.631161442E-1,5.186334103E-1,9.208604515E-2,7.013822190E-1
3.934451780E2,-4.875949278E-1,4.052892280E-1,1.724367285E-1,6.570712270E-1
3.934551670E2,-5.537038404E-1,8.284919858E-2,2.496761084E-1,6.130172034E-1
3.934651550E2,-6.401145780E-1,-2.179573023E-1,2.922625494E-1,7.366610187E-1
3.934751440E2,-7.256520340E-1,-5.078049517E-1,2.421963501E-1,9.182024915E-1
3.934851330E2,-8.441730487E-1,-7.157945055E-1,1.645748547E-1,1.118961480E0
3.934951220E2,-9.633933905E-1,-7.421438134E-1,4.927156270E-3,1.216112060E0
3.935051110E2,-1.023113343E0,-7.261867619E-1,-1.252242628E-1,1.260868447E0
3.935151000E2,-1.043512232E0,-6.795259809E-1,-1.718981999E-1,1.257068943E0
3.935250880E2,-8.679033887E-1,-6.499934489E-1,-3.457850379E-1,1.138119092E0
3.935350770E2,-5.756171581E-1,-5.317913997E-1,-5.954781032E-1,9.842415236E-1
3.935450660E2,-4.022030675E-1,-1.091166455E-1,-8.153933457E-1,9.157183290E-1
3.935550550E2,-1.136219251E-1,1.797761536E-1,-9.127579647E-1,9.372067592E-1
3.935650440E2,9.377179742E-2,2.841144544E-1,-7.644907022E-1,8.209507944E-1
3.935750330E2,2.514185786E-1,1.830178499E-1,-3.980708402E-1,5.051408011E-1
3.935850220E2,2.888702872E-1,2.370344281E-2,-1.320777842E-1,3.185159920E-1
3.935950100E2,3.733189917E-1,-1.012001002E-1,-6.364343405E-2,3.919936435E-1
3.936049990E2,4.519774908E-1,-1.894702524E-1,2.897675425E-2,4.909402010E-1
3.936149880E2,4.142103249E-1,-2.668084502E-1,2.258124518E-1,5.419854295E-1
3.936249770E2,3.013687107E-1,-1.725729686E-1,2.982021511E-1,4.577434349E-1
3.936349660E2,3.389250845E-1,-6.603260636E-3,3.123924664E-1,4.609803347E-1
3.936449550E2,4.057065730E-1,1.020549631E-1,3.841421878E-1,5.679597339E-1
3.936549430E2,1.786486642E-1,2.511022443E-1,2.235142037E-1,3.806918459E-1
3.936649320E2,-1.863832149E-1,4.005798805E-1,-2.725621104E-2,4.426577058E-1
3.936749210E2,-4.507307182E-1,4.885325289E-1,-2.485411638E-1,7.096442223E-1
3.936849100E2,-6.697570378E-1,5.068565333E-1,-4.810790831E-1,9.679437583E-1
3.936948990E2,-9.121124321E-1,4.786261761E-1,-6.490596485E-1,1.217501759E0
3.937048880E2,-9.875052613E-1,4.409572434E-1,-7.597152811E-1,1.321657005E0
3.937148760E2,-9.586828735E-1,4.214901084E-1,-7.316661876E-1,1.277521888E0
3.937248650E2,-8.927768594E-1,3.678419048E-1,-6.227898628E-1,1.149010618E0
3.937348540E2,-8.755582711E-1,3.728868824E-1,-4.802663201E-1,1.065974977E0
3.937448430E2,-9.062599540E-1,4.079122889E-1,-2.833949545E-1,1.033446776E0
3.937548320E2,-9.824842572E-1,4.180887830E-1,-6.688454568E-2,1.069835075E0
3.937648210E2,-1.035365014E0,3.682324988E-1,3.976749837E-2,1.099616905E0
3.937748100E2,-1.043468962E0,3.296858990E-1,1.134397843E-1,1.100176737E0
3.937847980E2,-9.598862305E-1,2.698566037E-1,1.493829113E-1,1.008225876E0
3.937947870E2,-8.635647547E-1,2.190957552E-1,1.865156543E-1,9.102390482E-1
3.938047760E2,-7.100852841E-1,2.251862150E-1,1.867238152E-1,7.679815918E-1
3.938147650E2,-4.296610075E-1,2.654606670E-1,4.036128312E-2,5.066625902E-1
3.938247540E2,-1.872585431E-1,3.671414083E-1,-7.793607563E-2,4.194432113E-1
3.938347430E2,1.209291905E-2,4.721381056E-1,-1.024940890E-1,4.832863207E-1
3.938447310E2,1.204307154E-1,5.869762516E-1,-1.527968082E-1,6.183781543E-1
3.938547200E2,1.612135828E-1,6.656078535E-1,-1.217501396E-1,6.955909218E-1
3.938647090E2,2.006817037E-1,7.033925611E-1,-4.812755495E-2,7.330419515E-1
3.938746980E2,1.516162553E-1,7.721634185E-1,5.218552262E-2,7.886362676E-1
3.938846870E2,2.805201709E-2,8.350104618E-1,1.789084268E-1,8.544223851E-1
3.938946760E2,-6.193750888E-2,8.663790196E-1,3.067042950E-1,9.211494912E-1
3.939046650E2,-1.362670219E-1,7.913995886E-1,4.554618466E-1,9.232158490E-1
3.939146530E2,-8.858619422E-2,7.085217386E-1,6.023155448E-1,9.341491227E-1
3.939246420E2,1.488499376E-1,5.848893803E-1,7.278149191E-1,9.454979892E-1
3.939346310E2,5.309216264E-1,4.878940129E-1,7.308978635E-1,1.026708346E0
3.939446200E2,9.071156940E-1,4.238015127E-1,7.173583433E-1,1.231693792E0
3.939546090E2,1.149826307E0,3.470404351E-1,7.914943135E-1,1.438402186E0
3.939645980E2,1.219735617E0,2.539995396E-1,1.009593703E0,1.603605371E0
3.939745860E2,1.097174176E0,1.090850705E-1,1.265372843E0,1.678350129E0
3.939845750E2,8.880575716E-1,-1.624005675E-1,1.578264077E0,1.818223774E0
3.939945640E2,8.698174748E-1,-4.074012423E-1,1.915078609E0,2.142448200E0
3.940045530E2,9.891167539E-1,-5.645936948E-1,2.187026761E0,2.465806977E0
3.940145420E2,1.053006940E0,-5.507954353E-1,2.267176593E0,2.559743919E0
3.940245310E2,1.056676653E0,-4.614353621E-1,2.209711912E0,2.492451579E0
3.940345190E2,1.114918429E0,-3.210033685E-1,2.123631542E0,2.419896112E0
3.940445080E2,1.157172456E0,-1.269600087E-1,2.113797987E0,2.413153303E0
3.940544970E2,1.155404550E0,1.277324259E-1,2.115932513E0,2.414217398E0
3.940644860E2,1.098701761E0,3.584401667E-1,2.065574538E0,2.366901579E0
3.940744750E2,9.657319844E-1,4.017575097E-1,2.055371146E0,2.306208558E0
3.940844640E2,7.989927828E-1,2.841869599E-1,2.004754724E0,2.176739120E0
3.940944530E2,6.313335219E-1,1.053118622E-1,1.997500083E0,2.097541224E0
3.941044410E2,5.396453798E-1,-9.611653090E-3,2.015929630E0,2.086931190E0
3.941144300E2,5.630801430E-1,-5.590230525E-2,1.986697645E0,2.065708558E0
3.941244190E2,7.062015635E-1,-1.109608573E-1,1.882374254E0,2.013545578E0
3.941344074E2,7.563844147E-1,-1.101966262E-1,1.733048938E0,1.894127583E0
3.941443964E2,6.403470048E-1,-1.745692080E-1,1.635342549E0,1.764897716E0
3.941543854E2,5.161375263E-1,-2.890185142E-1,1.532499966E0,1.642706850E0
3.941643734E2,5.005310154E-1,-3.836217856E-1,1.320362690E0,1.463234296E0
3.941743624E2,5.749330339E-1,-3.440361357E-1,9.394122049E-1,1.153864874E0
3.941843514E2,7.074967217E-1,-1.845071357E-1,3.959442079E-1,8.314844017E-1
3.941943404E2,7.472785458E-1,1.248029709E-2,-1.227368572E-1,7.573937674E-1
3.942043294E2,5.638879359E-1,2.314240247E-1,-3.740148103E-1,7.151319891E-1
3.942143184E2,3.510738444E-1,4.136279422E-1,-5.128990459E-1,7.465965109E-1
3.942243074E2,1.105348876E-1,4.118182290E-1,-5.423198962E-1,6.898717888E-1
3.942342954E2,-2.305995673E-1,3.847608232E-1,-4.105236554E-1,6.080680251E-1
3.942442844E2,-6.135845912E-1,2.978840625E-1,-2.398299819E-1,7.230071821E-1
3.942542734E2,-6.625865972E-1,1.888796836E-1,-9.797331423E-2,6.959132877E-1
3.942642624E2,-6.038694423E-1,1.293515199E-1,-1.416710186E-1,6.336093407E-1
3.942742514E2,-5.037437680E-1,9.279531240E-2,-2.100091821E-1,5.535996843E-1
3.942842404E2,-4.215906805E-1,6.710907876E-2,-3.962827617E-1,5.824794911E-1
3.942942284E2,-3.848251426E-1,7.552497625E-2,-6.896866876E-1,7.933865007E-1
3.943042174E2,-3.733245465E-1,5.854232311E-2,-9.607393393E-1,1.032384860E0
3.943142064E2,-3.152631569E-1,5.304009318E-2,-1.364454789E0,1.401406786E0
3.943241954E2,-2.184040296E-1,2.206271410E-2,-1.633542192E0,1.648225463E0
3.943341844E2,-1.889913654E-1,-9.794320107E-2,-1.725610988E0,1.738690279E0
3.943441734E2,-1.781868804E-1,-3.359178615E-1,-1.780421618E0,1.820574775E0
3.943541624E2,-2.659085637E-1,-4.716446006E-1,-1.697890800E0,1.782130512E0
3.943641504E2,-3.149593940E-1,-4.896873540E-1,-1.492160026E0,1.601728649E0
3.943741394E2,-3.031716996E-1,-3.777225298E-1,-1.362734538E0,1.446247839E0
3.943841284E2,-1.398118964E-1,-2.424787706E-1,-1.271718534E0,1.302156423E0
3.943941174E2,1.070008305E-1,-1.374762261E-1,-1.046784918E0,1.061182150E0
3.944041064E2,3.258884248E-1,-1.479164296E-1,-9.032267109E-1,9.715456895E-1
3.944140954E2,5.138992122E-1,-1.968342358E-1,-8.964041796E-1,1.051844366E0
3.944240834E2,6.609163401E-1,-3.198573142E-1,-9.921923894E-1,1.234327691E0
3.944340724E2,7.507351273E-1,-4.642730159E-1,-1.116522905E0,1.423297602E0
3.944440614E2,7.537297788E-1,-5.193105179E-1,-1.205094189E0,1.513289132E0
3.944540504E2,6.187584999E-1,-5.547797281E-1,-1.325949705E0,1.564859498E0
3.944640394E2,3.711227775E-1,-4.797827554E-1,-1.302456177E0,1.436772669E0
3.944740284E2,7.431811094E-3,-3.636184609E-1,-1.059563423E0,1.120244734E0
3.944840164E2,-2.498089863E-1,-1.322646028E-1,-7.827547726E-1,8.322280269E-1
3.944940054E2,-4.132959665E-1,1.217156410E-1,-5.508645786E-1,6.993425750E-1
3.945039944E2,-4.513712807E-1,2.731310445E-1,-2.363305695E-1,5.780905972E-1
3.945139834E2,-2.892559111E-1,3.017549193E-1,6.445093453E-2,4.229408190E-1
3.945239724E2,9.535346925E-4,2.442908227E-1,2.452240384E-1,3.461412202E-1
3.945339614E2,3.234822956E-1,3.224856377E-2,1.551079202E-1,3.601933263E-1
3.945439504E2,7.316039148E-1,-2.083550048E-1,-1.303250813E-1,7.717776383E-1
3.945539384E2,1.079657819E0,-4.692536741E-1,-5.301654352E-1,1.291098526E0
3.945639274E2,1.354529579E0,-6.947217250E-1,-8.928262684E-1,1.764802369E0
3.945739164E2,1.538273799E0,-9.067271465E-1,-1.271198424E0,2.191890926E0
3.945839054E2,1.484127705E0,-9.777830958E-1,-1.705320857E0,2.463090346E0
3.945938944E2,1.074521624E0,-9.644163609E-1,-1.723432315E0,2.248313720E0
3.946038834E2,6.068108842E-1,-7.411819464E-1,-1.632759542E0,1.893006563E0
3.946138714E2,1.241681094E-1,-3.993712610E-1,-1.579225944E0,1.633667562E0
3.946238604E2,-3.801619881E-1,-3.408692837E-2,-1.446179130E0,1.495700214E0
3.946338494E2,-9.316951959E-1,1.970529217E-1,-1.221590500E0,1.548925157E0
3.946438384E2,-1.370681781E0,2.878631043E-1,-9.088819917E-1,1.669640736E0
3.946538274E2,-1.733125829E0,2.693239224E-1,-6.242385104E-1,1.861701972E0
3.946638164E2,-1.936547246E0,1.942678928E-1,-5.160194126E-1,2.013512176E0
3.946738054E2,-1.913029891E0,4.408157408E-2,-3.764238632E-1,1.950210622E0
3.946837934E2,-1.746770161E0,-1.965804666E-1,-2.481353670E-1,1.775224221E0
3.946937824E2,-1.427036515E0,-3.412996387E-1,-1.796874221E-1,1.478244306E0
3.947037714E2,-1.074837082E0,-3.943344694E-1,-1.866233893E-1,1.160001170E0
3.947137604E2,-6.760619442E-1,-2.941079307E-1,-2.916366050E-1,7.928500089E-1
3.947237494E2,-3.428845266E-1,-1.778038877E-1,-3.435332751E-1,5.169130799E-1
3.947337384E2,-1.152781489E-1,-9.246202111E-2,-3.486191833E-1,3.786470810E-1
3.947437264E2,1.234825234E-1,-6.474037170E-2,-3.350526197E-1,3.629042674E-1
3.947537154E2,3.118612468E-1,-1.041120136E-1,-2.978162348E-1,4.436116076E-1
3.947637044E2,5.301448238E-1,-1.275149095E-1,-2.167191544E-1,5.867544446E-1
3.947736934E2,7.339903097E-1,-1.425709051E-1,-1.219033366E-1,7.575807951E-1
3.947836824E2,9.498136707E-1,-2.425799274E-1,-8.354019329E-2,9.838546611E-1
3.947936714E2,1.108705324E0,-4.553829092E-1,-1.265327235E-1,1.205243386E0
3.948036604E2,1.268390298E0,-6.943551046E-1,-2.427800484E-1,1.466248653E0
3.948136484E2,1.416191977E0,-7.626535070E-1,-4.209996732E-1,1.662672791E0
3.948236374E2,1.458857501E0,-6.916320562E-1,-5.624822652E-1,1.709680207E0
3.948336264E2,1.315669130E0,-6.266952181E-1,-6.388420777E-1,1.591179235E0
3.948436154E2,1.051964236E0,-4.716071784E-1,-5.970960277E-1,1.298293399E0
3.948536044E2,6.965108268E-1,-1.579034740E-1,-4.272211106E-1,8.322131435E-1
3.948635934E2,2.918234235E-1,1.189686191E-1,-7.904865459E-2,3.249048055E-1
3.948735814E2,-4.426883116E-2,3.492267090E-1,3.680060653E-1,5.092617086E-1
3.948835704E2,-1.751685476E-1,4.863930327E-1,7.235169232E-1,8.892350311E-1
3.948935594E2,-1.063580753E-1,4.291090304E-1,8.770390785E-1,9.821629932E-1
3.949035484E2,1.795731090E-1,2.838530838E-1,7.454673707E-1,8.176433670E-1
3.949135374E2,5.900599270E-1,2.762867868E-2,4.349976151E-1,7.335918391E-1
3.949235264E2,9.178247233E-1,-1.959483826E-1,8.873909891E-2,9.426943402E-1
3.949335154E2,1.099405474E0,-3.370685935E-1,-1.910478312E-1,1.165678732E0
3.949435034E2,1.143885828E0,-4.895709944E-1,-3.647083819E-1,1.296598145E0
3.949534924E2,9.970521565E-1,-3.938491505E-1,-3.587572320E-1,1.130458716E0
3.949634814E2,5.881576815E-1,-2.106769341E-1,-3.049346352E-1,6.951973537E-1
3.949734704E2,1.619096938E-1,-3.002077460E-2,-1.023946863E-1,1.939089158E-1
3.949834594E2,-2.795957261E-1,8.614293516E-2,9.373890683E-2,3.072154912E-1
3.949934484E2,-6.585862246E-1,1.544372445E-1,1.417926407E-1,6.911525379E-1
3.950034364E2,-8.849950925E-1,1.943807441E-1,1.397749127E-1,9.168081662E-1
3.950134254E2,-9.666173990E-1,2.552163452E-1,5.608196095E-2,1.001314019E0
3.950234144E2,-9.592300268E-1,2.889267129E-1,-4.896823838E-2,1.002994904E0
3.950334034E2,-9.401084621E-1,3.121927840E-1,-1.592302072E-1,1.003305793E0
3.950433924E2,-8.267068309E-1,2.710465121E-1,-2.786689425E-1,9.135462634E-1
3.950533814E2,-6.716366252E-1,2.236922514E-1,-3.636102748E-1,7.958306426E-1
3.950633704E2,-5.473872395E-1,1.929727346E-1,-4.061043298E-1,7.083727782E-1
3.950733584E2,-4.838978796E-1,1.277897286E-1,-3.114930184E-1,5.895042605E-1
3.950833474E2,-5.305095439E-1,7.102495909E-2,-1.441696800E-1,5.543192380E-1
3.950933364E2,-5.757700628E-1,9.116393924E-3,1.023423538E-2,5.759331675E-1
3.951033254E2,-5.690649144E-1,-1.710719883E-2,7.203872010E-2,5.738615776E-1
3.951133144E2,-4.970149384E-1,-3.020554662E-2,6.323325187E-3,4.979720961E-1
3.951233034E2,-4.019001818E-1,1.182073116E-2,-1.143142354E-1,4.180086485E-1
3.951332914E2,-1.824812217E-1,-9.127328217E-2,-1.659757014E-1,2.630173792E-1
3.951432804E2,-1.083836970E-1,-9.612296283E-2,-2.907837886E-1,3.248720693E-1
3.951532694E2,-6.054894134E-2,-7.066594005E-2,-3.626380290E-1,3.743877528E-1
3.951632584E2,-6.561248392E-2,-1.735921383E-2,-3.614117217E-1,3.677292114E-1
3.951732474E2,-9.505672306E-2,3.409160614E-2,-2.898431177E-1,3.069316717E-1
3.951832364E2,-1.642488724E-1,4.863947868E-2,-1.943276806E-1,2.590496833E-1
3.951932254E2,-2.747872683E-1,2.956761539E-2,-1.679432894E-1,3.233994978E-1
3.952032134E2,-3.346677268E-1,5.050824881E-3,-1.281781299E-1,3.584098648E-1
3.952132024E2,-3.110049221E-1,-6.012867272E-2,-8.642594039E-2,3.283427508E-1
3.952231914E2,-3.016303736E-1,-2.648554802E-2,-1.421711017E-1,3.345070832E-1
3.952331804E2,-2.345952621E-1,3.068794191E-2,-1.641196489E-1,2.879443452E-1
3.952431694E2,-2.177947497E-1,3.597733319E-2,-2.479560037E-1,3.319805737E-1
3.952531584E2,-2.594049981E-1,1.292410076E-2,-3.507798757E-1,4.364682195E-1
3.952631464E2,-3.410622418E-1,-4.876168549E-2,-4.215095504E-1,5.444000880E-1
3.952731354E2,-3.587383747E-1,-1.285294014E-1,-4.670988290E-1,6.028219841E-1
3.952831244E2,-4.907272813E-1,-8.969979644E-2,-5.337442236E-1,7.305766313E-1
3.952931134E2,-6.630850723E-1,2.453608632E-2,-5.506605108E-1,8.622707410E-1
3.953031024E2,-8.419116381E-1,1.467990267E-1,-4.996311289E-1,9.899476883E-1
3.953130914E2,-9.991988155E-1,1.964758015E-1,-3.820145322E-1,1.087628667E0
3.953230804E2,-1.101135957E0,2.852891600E-1,-2.867813694E-1,1.173087318E0
3.953330684E2,-1.226550839E0,3.668700975E-1,-2.526191582E-1,1.304927994E0
3.953430574E2,-1.335479789E0,3.716034186E-1,-1.657809891E-1,1.396094089E0
3.953530464E2,-1.475067737E0,2.788905519E-1,-4.972238302E-2,1.502024329E0
3.953630354E2,-1.558243795E0,2.098869753E-1,6.981400073E-2,1.573864753E0
3.953730244E2,-1.584011890E0,2.191390246E-1,1.434126118E-1,1.605516352E0
3.953830134E2,-1.581250834E0,3.274680501E-1,1.363332416E-1,1.620548141E0
3.953930014E2,-1.632214581E0,3.987994033E-1,2.038216585E-1,1.692545028E0
3.954029904E2,-1.567254062E0,4.229589289E-1,1.917756633E-1,1.634612326E0
3.954129794E2,-1.409069337E0,3.659181708E-1,1.670258613E-1,1.465356660E0
3.954229684E2,-1.138052938E0,2.182905936E-1,2.167621315E-1,1.178898255E0
3.954329574E2,-7.943079937E-1,2.326490164E-2,2.626363157E-1,8.369254917E-1
3.954429464E2,-4.121038654E-1,-1.279861951E-1,3.719209224E-1,5.696799405E-1
3.954529354E2,3.341391385E-2,-1.364675814E-1,5.648726070E-1,5.820832866E-1
3.954629234E2,5.128110453E-1,-1.271705085E-1,6.833336878E-1,8.637664241E-1
3.954729124E2,8.986158890E-1,-1.904636943E-1,6.009629376E-1,1.097699133E0
3.954829014E2,1.225354499E0,-3.017677832E-1,2.783384286E-1,1.292296299E0
3.954928904E2,1.435174231E0,-3.706731266E-1,-1.038161445E-1,1.485900882E0
3.955028794E2,1.531413846E0,-3.491471869E-1,-3.592548300E-1,1.611271597E0
3.955128684E2,1.482246071E0,-3.083102328E-1,-4.123279600E-1,1.569115344E0
3.955228564E2,1.311086667E0,-3.089317918E-1,-3.526468916E-1,1.392388930E0
3.955328454E2,1.134284992E0,-3.604481006E-1,-3.337830430E-1,1.236097244E0
3.955428344E2,9.090873751E-1,-4.665084064E-1,-3.872817041E-1,1.092729183E0
3.955528234E2,7.206775153E-1,-5.684277141E-1,-5.075482589E-1,1.048852412E0
3.955628124E2,6.006251147E-1,-6.414424807E-1,-6.345113374E-1,1.083883583E0
3.955728014E2,5.597168246E-1,-6.054060906E-1,-6.901084180E-1,1.075197232E0
3.955827904E2,5.702684176E-1,-4.663557941E-1,-6.954668064E-1,1.013098156E0
3.955927784E2,6.347836715E-1,-2.842378306E-1,-7.356096961E-1,1.012355214E0
3.956027674E2,7.295275685E-1,-1.456553113E-1,-9.269914033E-1,1.188586978E0
3.956127564E2,8.073598561E-1,-6.537128627E-2,-1.116832077E0,1.379643878E0
3.956227454E2,8.501363316E-1,-7.937244415E-2,-1.198465054E0,1.471512913E0
3.956327344E2,8.660872436E-1,-1.494676960E-1,-1.107934515E0,1.414201752E0
3.956427234E2,8.479173133E-1,-3.105082011E-1,-1.000880767E0,1.348013881E0
3.956527114E2,8.436427063E-1,-4.686414707E-1,-9.354831684E-1,1.344056026E0
3.956627004E2,7.956522685E-1,-4.622042710E-1,-7.840696652E-1,1.208908830E0
3.956726894E2,8.746478596E-1,-2.593158281E-1,-4.877858394E-1,1.034499204E0
3.956826784E2,1.051157466E0,-8.081612170E-2,-2.302516580E-2,1.054510987E0
3.956926674E2,1.365637389E0,-3.997858286E-2,4.826250869E-1,1.448961952E0
3.957026564E2,1.854421932E0,-1.693353653E-1,8.591313958E-1,2.050771056E0
3.957126454E2,2.458263308E0,-3.161916947E-1,1.134237484E0,2.725716484E0
3.957226334E2,2.925632132E0,-3.417685854E-1,1.318757045E0,3.227266534E0
3.957326224E2,3.604748516E0,-5.010180885E-1,1.646790959E0,3.994640341E0
3.957426114E2,4.071974668E0,-7.407971996E-1,1.642847158E0,4.452943406E0
3.957526004E2,4.312992804E0,-9.018610936E-1,1.483763716E0,4.649388683E0
3.957625894E2,4.312142619E0,-1.042177897E0,1.292794384E0,4.620825257E0
3.957725784E2,4.066159320E0,-1.056107134E0,1.015339031E0,4.322028140E0
3.957825674E2,3.601428467E0,-9.132865530E-1,8.387607197E-1,3.808923585E0
3.957925554E2,3.041454072E0,-6.578263789E-1,6.681720038E-1,3.182708319E0
3.958025444E2,2.527213967E0,-3.849683994E-1,5.223189104E-1,2.609181510E0
3.958125334E2,1.983147508E0,-1.020175409E-1,4.208568549E-1,2.029877363E0
3.958225224E2,1.499905247E0,1.179605591E-1,4.272716890E-1,1.564030543E0
3.958325114E2,1.100122635E0,1.339515245E-1,5.141174595E-1,1.221691280E0
3.958425004E2,7.581210378E-1,3.539962828E-2,6.787420155E-1,1.018180419E0
3.958524894E2,5.828633201E-1,-2.324543041E-1,8.221688068E-1,1.034275689E0
3.958624774E2,5.335443950E-1,-4.819386238E-1,8.104392922E-1,1.083395729E0
3.958724664E2,5.716711646E-1,-5.690767550E-1,5.941531241E-1,1.001835420E0
3.958824554E2,5.676596823E-1,-5.734229904E-1,1.774819985E-1,8.261666301E-1
3.958924444E2,4.174330178E-1,-3.829464322E-1,-2.689689964E-1,6.270905958E-1
3.959024334E2,1.896982938E-1,-2.718429029E-2,-6.533177371E-1,6.808439571E-1
3.959124224E2,-1.137988034E-1,2.771825802E-1,-8.756728765E-1,9.255178751E-1
3.959224104E2,-3.754956177E-1,5.982075834E-1,-9.610746771E-1,1.192691832E0
3.959323994E2,-7.073253983E-1,7.415818959E-1,-1.054006376E0,1.470096040E0
3.959423884E2,-1.074253383E0,7.534219229E-1,-8.201702285E-1,1.547366837E0
3.959523774E2,-1.263631542E0,6.426668876E-1,-4.592176594E-1,1.490190008E0
3.959623664E2,-1.218867598E0,2.126158708E-1,-6.262616470E-2,1.238856637E0
3.959723554E2,-7.732241035E-1,3.300343931E-2,-4.324015975E-4,7.739282448E-1
3.959823444E2,-1.185395797E-1,-7.063962758E-2,-2.975428775E-1,3.279837692E-1
3.959923324E2,5.383933447E-1,-1.535320956E-1,-9.426416221E-1,1.096363410E0
3.960023214E2,9.030599190E-1,-1.070923394E-1,-1.938529452E0,2.141233855E0
3.960123104E2,6.030531710E-1,2.080784315E-1,-2.957727791E0,3.025743454E0
3.960222994E2,-3.350168055E-1,6.528942525E-1,-3.555184885E0,3.630130401E0
3.960322884E2,-1.659231057E0,1.014880171E0,-3.644092676E0,4.130670755E0
3.960422774E2,-2.692993933E0,1.118539025E0,-3.259808108E0,4.373750653E0
3.960522654E2,-3.780826013E0,6.266934639E-1,-2.841658807E0,4.770997255E0
3.960622544E2,-4.822337912E0,-2.199862862E-1,-2.404665391E0,5.393120854E0
3.960722434E2,-5.236533619E0,-1.460083078E0,-1.459859129E0,5.628882270E0
3.960822324E2,-5.324861074E0,-2.665132828E0,1.485072908E-1,5.956436255E0
3.960922214E2,-4.475438688E0,-3.514139770E0,1.545976044E0,5.896505041E0
3.961022104E2,-2.820133452E0,-3.429865020E0,2.005186248E0,4.872155440E0
3.961121994E2,-1.363442928E0,-2.898355456E0,2.296128204E0,3.941020895E0
3.961221874E2,-3.058584952E-1,-2.572767286E0,2.509070642E0,3.606676644E0
3.961321764E2,2.921162228E-1,-2.332425672E0,2.234822487E0,3.243450779E0
3.961421657E2,3.089727223E-1,-2.106515572E0,1.800426697E0,2.788262593E0
3.961521547E2,-5.006539531E-2,-1.971178842E0,1.680818100E0,2.590984766E0
3.961621437E2,-4.508013234E-2,-2.585574442E0,1.703996755E0,3.096906901E0
3.961721327E2,3.433276724E-1,-3.581192715E0,5.718106207E-1,3.642771272E0
3.961821217E2,-1.353791953E-1,-3.761935413E0,-1.761221700E0,4.156006191E0
3.961921097E2,-2.254506700E0,-2.814740857E0,-2.535357385E0,4.408356113E0
3.962020987E2,-5.014479758E0,-1.869323854E0,-9.137443900E-1,5.429024564E0
3.962120877E2,-6.374200056E0,-1.161887943E0,3.346244574E-2,6.479315526E0
3.962220767E2,-6.644706870E0,-2.639871687E-1,-5.583974004E-1,6.673351952E0
3.962320657E2,-7.596043010E0,7.640088916E-2,-2.246254963E0,7.921576097E0
3.962420547E2,-7.745400778E0,-8.427673781E-1,-4.545101245E0,9.019946530E0
3.962520427E2,-4.877860149E0,-1.126492408E0,-1.570518855E0,5.246811817E0
3.962620317E2,-3.384870695E0,-1.373698652E0,4.241780734E-1,3.677543290E0
3.962720207E2,-1.314586810E0,-1.717633631E0,1.564200938E0,2.669293605E0
3.962820097E2,1.143752511E0,-1.902524929E0,2.459062915E0,3.312817733E0
3.962919987E2,3.155378591E0,-1.826809918E0,2.162246554E0,4.238980855E0
3.963019877E2,4.368213909E0,-2.182545163E0,6.216707057E-1,4.922526852E0
3.963119767E2,4.359965826E0,-2.221800445E0,-6.450695086E-1,4.935768825E0
3.963219647E2,3.990524708E0,-2.088911945E0,-1.179206226E0,4.656003424E0
3.963319537E2,3.463702272E0,-1.370777968E0,-1.458559878E0,4.000457797E0
3.963419427E2,2.836063898E0,-5.671062434E-1,-1.624702663E0,3.317307141E0
3.963519317E2,2.216106427E0,4.561769611E-1,-2.039299489E0,3.045975627E0
3.963619207E2,1.721591758E0,1.549462447E0,-2.372132360E0,3.315376899E0
3.963719097E2,1.301839149E0,2.462641996E0,-2.424983003E0,3.693228037E0
3.963818987E2,8.314939463E-1,2.944798720E0,-2.600440988E0,4.015658728E0
3.963918867E2,2.780114231E-1,3.129204699E0,-2.856191184E0,4.245826242E0
3.964018757E2,-3.552738994E-1,3.182699706E0,-2.684002962E0,4.178476859E0
3.964118647E2,-6.079921679E-1,2.752748092E0,-2.418790217E0,3.714542051E0
3.964218537E2,-4.223402935E-1,1.890662098E0,-2.574101620E0,3.221641452E0
3.964318427E2,-1.439629810E-1,9.641240001E-1,-2.924586650E0,3.082769453E0
3.964418317E2,1.641364597E-1,3.109005493E-1,-2.923217232E0,2.944282411E0
3.964518207E2,4.608468398E-2,3.617555380E-1,-2.334376304E0,2.362689906E0
3.964618087E2,-3.726673195E-1,9.301890993E-1,-1.790089989E0,2.051476263E0
3.964717977E2,-1.066959566E0,1.356899602E0,-1.880822988E0,2.552856118E0
3.964817867E2,-2.116924054E0,1.275039752E0,-2.754539094E0,3.700618792E0
3.964917757E2,-4.322650065E0,1.074394301E0,-3.463735601E0,5.642436621E0
3.965017647E2,-7.593279616E0,7.791724759E-1,-3.537017586E0,8.412817511E0
3.965117537E2,-1.048844542E1,2.515600812E-1,-3.470592631E0,1.105060102E1
3.965217417E2,-1.129860287E1,-5.138872254E-1,-3.087508789E0,1.172412971E1
3.965317307E2,-8.365300947E0,-1.550678667E0,-2.031896914E0,8.747083476E0
3.965417197E2,-3.828684888E0,-1.459155709E0,-6.989784980E-1,4.156505058E0
3.965517087E2,1.053405045E-1,-6.959297597E-1,-3.006860483E-1,7.653933316E-1
3.965616977E2,2.114044008E0,-1.952151418E-1,-2.976782405E-1,2.143805811E0
3.965716867E2,3.047556227E0,4.880396086E-1,-8.862285626E-1,3.211103031E0
3.965816757E2,3.229394985E0,1.179910816E0,-2.406571290E0,4.196756710E0
3.965916637E2,2.947652162E0,2.318849607E0,-3.790890241E0,5.332594639E0
3.966016527E2,3.341616502E0,3.524927298E0,-4.674955333E0,6.741418298E0
3.966116417E2,3.050640633E0,3.003774322E0,-3.643714069E0,5.621896536E0
3.966216307E2,2.067892812E0,1.591634320E0,-1.399881315E0,2.961274757E0
3.966316197E2,1.262040807E0,3.544231296E-1,1.199006068E0,1.776507333E0
3.966416087E2,1.166600214E0,-4.818433142E-1,2.751515499E0,3.027204416E0
3.966515977E2,1.459550542E0,-9.871643686E-1,2.921454297E0,3.411697009E0
3.966615857E2,1.659368758E0,-8.625596184E-1,2.204041282E0,2.890555612E0
3.966715747E2,1.991620708E0,-1.882873607E-1,1.330210571E0,2.402387425E0
3.966815637E2,2.318008339E0,5.550779361E-1,4.413946152E-1,2.424067528E0
3.966915527E2,1.831659160E0,1.341606209E0,3.950378895E-2,2.270780273E0
3.967015417E2,1.437829159E0,2.130490910E0,-2.320695573E-1,2.580736424E0
3.967115307E2,1.176972736E0,2.713036727E0,1.903344709E-1,2.963454119E0
3.967215197E2,7.980417332E-1,2.679305894E0,7.340144295E-1,2.890385418E0
3.967315077E2,-4.612792414E-1,2.217878718E0,7.493475831E-1,2.386060843E0
3.967414967E2,-1.474618232E0,1.879484560E0,1.466611494E0,2.803196464E0
3.967514857E2,-1.536984927E0,1.432619875E0,2.993271261E0,3.657102024E0
3.967614747E2,-1.087823601E0,1.037285532E0,3.515641335E0,3.823487342E0
3.967714637E2,-6.819331335E-1,9.397580677E-1,2.717481780E0,2.955145555E0
3.967814527E2,5.316164218E-2,9.511425966E-1,1.761350631E0,2.002462096E0
3.967914417E2,8.352872544E-1,9.713435572E-1,1.284745838E0,1.814327691E0
3.968014297E2,1.327016529E0,8.244205695E-1,1.400684722E0,2.098227784E0
3.968114187E2,1.813838455E0,1.417131186E-1,1.947555506E0,2.665157594E0
3.968214077E2,2.372938398E0,-1.025161330E0,2.474438461E0,3.578356898E0
3.968313967E2,3.347738537E0,-2.313377783E0,2.543900459E0,4.799010276E0
3.968413857E2,4.140844636E0,-3.584524459E0,2.527779101E0,6.032004399E0
3.968513747E2,4.484093444E0,-4.570548620E0,2.760272874E0,6.972525729E0
3.968613637E2,4.567166591E0,-4.804076473E0,2.846593857E0,7.213962712E0
3.968713517E2,4.492689435E0,-4.214397638E0,2.914661879E0,6.814738417E0
3.968813407E2,4.358340885E0,-3.117835958E0,3.232849228E0,6.258382416E0
3.968913297E2,4.175316603E0,-1.800153632E0,3.073601187E0,5.488246176E0
3.969013187E2,4.233112529E0,-6.042366475E-1,2.156266022E0,4.788927517E0
3.969113077E2,4.588921741E0,4.185033506E-1,7.422370765E-1,4.667361533E0
3.969212967E2,4.646520324E0,1.132909142E0,-5.172932285E-1,4.810532874E0
3.969312847E2,3.981966723E0,1.311217645E0,-1.133061755E0,4.342715698E0
3.969412737E2,2.473448820E0,1.104161307E0,-1.569216095E0,3.130424956E0
3.969512627E2,1.026269816E0,8.149416482E-1,-1.658771758E0,2.113973361E0
3.969612517E2,3.064362001E-1,2.015342277E-1,-9.506765735E-1,1.018972589E0
3.969712407E2,1.463449904E-1,-7.435179090E-1,-6.631853521E-2,7.606798837E-1
3.969812297E2,-2.246099719E-1,-1.371945657E0,3.440910995E-1,1.432160330E0
3.969912187E2,-1.201126707E0,-1.292720563E0,2.146571338E-1,1.777613430E0
3.970012077E2,-2.381921037E0,-6.830021507E-1,-5.832173690E-1,2.545620212E0
3.970111957E2,-3.037427095E0,-2.184432060E-1,-1.561032332E0,3.422061182E0
3.970211847E2,-3.075102459E0,-1.580397141E-1,-2.135273933E0,3.747082392E0
3.970311737E2,-2.496288044E0,-2.696104360E-1,-2.200972956E0,3.338925836E0
3.970411627E2,-1.702894847E0,-4.570721698E-1,-2.050714716E0,2.704477154E0
3.970511517E2,-1.127460414E0,-5.290221584E-1,-1.884781553E0,2.259077894E0
3.970611407E2,-7.026989351E-1,-4.020720899E-1,-1.619123543E0,1.810251034E0
3.970711287E2,-2.898201674E-1,-1.300695580E-1,-1.379204975E0,1.415316284E0
3.970811177E2,1.912687097E-1,6.283125579E-2,-1.096816327E0,1.115140144E0
3.970911067E2,5.612954266E-1,2.096051395E-2,-8.399855652E-1,1.010478921E0
3.971010957E2,7.540997614E-1,-8.290182352E-3,-9.368207189E-1,1.202650505E0
3.971110847E2,9.169822857E-1,1.446314639E-1,-9.818153358E-1,1.351198034E0
3.971210737E2,1.015187881E0,3.160700727E-1,-8.440625364E-1,1.357552315E0
3.971310627E2,1.201529580E0,4.300346446E-1,-4.771930236E-1,1.362466994E0
3.971410499E2,1.200160455E0,4.715919757E-1,-8.917822480E-2,1.292569868E0
3.971510389E2,1.031002699E0,3.395355338E-1,1.361991942E-2,1.085558126E0
3.971610279E2,8.610065979E-1,-6.475265086E-2,3.641938269E-2,8.642057850E-1
3.971710169E2,6.541157359E-1,-7.321076524E-1,2.523330832E-1,1.013667103E0
3.971810059E2,5.202305773E-1,-1.132798630E0,3.377533025E-1,1.291491341E0
3.971909949E2,4.958598210E-1,-9.161838484E-1,5.049018091E-1,1.157668192E0
3.972009839E2,4.189259581E-1,-3.144229120E-1,7.262224299E-1,8.954103772E-1
3.972109719E2,1.675791541E-1,3.164992583E-1,7.474349588E-1,8.288024922E-1
3.972209609E2,1.204318848E-1,6.913233232E-1,6.512389058E-1,9.573629868E-1
3.972309499E2,1.496789266E-1,8.048657262E-1,6.113860381E-1,1.021765876E0
3.972409389E2,1.542002861E-1,7.167493558E-1,6.395143613E-1,9.728751131E-1
3.972509279E2,7.052969992E-2,5.648182279E-1,7.682054383E-1,9.561033754E-1
3.972609169E2,-2.704755315E-1,3.974732548E-1,1.109613250E0,1.209290522E0
3.972709059E2,-9.825592478E-1,2.748898870E-1,1.214254729E0,1.586001789E0
3.972808939E2,-1.693166396E0,3.072787839E-1,8.907224402E-1,1.937683968E0
3.972908829E2,-1.964693841E0,4.639373857E-1,2.532081190E-1,2.034545192E0
3.973008719E2,-1.759729052E0,7.055028212E-1,-3.092595282E-1,1.920943004E0
3.973108609E2,-1.386901812E0,1.049971651E0,-5.816102618E-1,1.834177636E0
3.973208499E2,-9.641204917E-1,1.259894294E0,-6.176589310E-1,1.702458372E0
3.973308389E2,-5.024445167E-1,1.229030351E0,-4.908410096E-1,1.415588568E0
3.973408279E2,2.595695972E-2,9.842471927E-1,-1.519738126E-1,9.962491355E-1
3.973508159E2,6.034202300E-1,6.172537190E-1,1.782751733E-1,8.814194036E-1
3.973608049E2,1.057346890E0,2.645824152E-1,3.704222810E-1,1.151172866E0
3.973707939E2,1.434924994E0,-4.283377826E-2,3.649826163E-1,1.481234884E0
3.973807829E2,1.736139484E0,-3.233305603E-1,3.380731452E-1,1.798059068E0
3.973907719E2,1.945943575E0,-8.389111394E-1,3.499827540E-1,2.147779371E0
3.974007609E2,1.902373779E0,-1.455072598E0,4.466775745E-1,2.436346263E0
3.974107489E2,1.475242569E0,-1.949686232E0,4.526505053E-1,2.486465266E0
3.974207379E2,8.799574238E-1,-2.056603155E0,4.416068691E-1,2.280122416E0
3.974307269E2,3.266196191E-1,-1.940777414E0,3.428082204E-1,1.997702386E0
3.974407159E2,-2.602279937E-1,-1.752269613E0,2.522664249E-2,1.771666952E0
3.974507049E2,-5.634960262E-1,-1.402304401E0,-3.035862672E-1,1.541476573E0
3.974606939E2,-6.425215843E-1,-8.209876692E-1,-5.506574410E-1,1.179015842E0
3.974706829E2,-7.588231422E-1,-4.342259288E-2,-5.747812986E-1,9.529279217E-1
3.974806709E2,-7.433683665E-1,7.663448542E-1,-4.925086355E-1,1.175774519E0
3.974906599E2,-5.855248265E-1,1.142944134E0,-1.140750843E-1,1.289253172E0
3.975006489E2,-4.000230794E-1,1.257618558E0,2.754708079E-1,1.348149497E0
3.975106379E2,-1.067590481E-1,1.240543519E0,5.256500691E-1,1.351537536E0
3.975206269E2,3.691411561E-1,1.099329168E0,5.484594727E-1,1.282808483E0
3.975306159E2,6.365539160E-1,1.010077268E0,5.783902001E-1,1.326646976E0
3.975406049E2,1.088415632E0,8.709141201E-1,5.233363259E-1,1.488966387E0
3.975505929E2,1.423602299E0,7.063459897E-1,4.961684078E-1,1.664857727E0
3.975605819E2,1.581663648E0,4.780484712E-1,4.346621311E-1,1.708543650E0
3.975705709E2,1.753669437E0,2.897295356E-1,4.812951377E-1,1.841451793E0
3.975805599E2,1.883975222E0,7.497299910E-2,4.751722258E-1,1.944420796E0
3.975905489E2,1.745830952E0,-1.083763880E-1,4.741115409E-1,1.812305964E0
3.976005379E2,1.440607464E0,-2.005396163E-1,6.707598352E-1,1.601713070E0
3.976105269E2,1.184359085E0,-1.988842696E-1,8.834391484E-1,1.490880989E0
3.976205149E2,9.499576584E-1,-2.735865426E-1,8.661264199E-1,1.314322686E0
3.976305039E2,8.842215058E-1,-3.908980608E-1,9.365809831E-1,1.346043425E0
3.976404929E2,9.322087276E-1,-4.134145188E-1,8.619637871E-1,1.335255124E0
3.976504819E2,9.893389481E-1,-3.906653416E-1,6.743810159E-1,1.259444607E0
3.976604709E2,9.033264059E-1,-3.946122122E-1,5.210120577E-1,1.114975766E0
3.976704599E2,7.429986763E-1,-5.172686702E-1,2.608080375E-1,9.421436953E-1
3.976804489E2,4.872224602E-1,-6.810450876E-1,-3.707427084E-3,8.373899224E-1
3.976904369E2,1.113520360E-1,-8.009410751E-1,-2.612769842E-1,8.498067687E-1
3.977004259E2,-2.175123292E-1,-8.467329597E-1,-5.558328116E-1,1.035962563E0
3.977104149E2,-5.808581637E-1,-8.540361321E-1,-8.504848257E-1,1.337945574E0
3.977204039E2,-9.937171970E-1,-9.056682158E-1,-1.082913402E0,1.726386463E0
3.977303929E2,-1.567243976E0,-1.036596730E0,-1.259615967E0,2.262171267E0
3.977403819E2,-2.199861107E0,-1.216364112E0,-1.347635858E0,2.852201422E0
3.977503709E2,-2.848062385E0,-1.394617651E0,-1.458907495E0,3.490677415E0
3.977603589E2,-3.439171448E0,-1.432378970E0,-1.559535153E0,4.038781952E0
3.977703479E2,-3.962172729E0,-1.226574520E0,-1.651231773E0,4.464287643E0
3.977803369E2,-4.273112454E0,-6.193242180E-1,-1.732553971E0,4.652396780E0
3.977903259E2,-4.495587900E0,2.648490483E-1,-1.708344160E0,4.816523160E0
3.978003149E2,-4.575409995E0,1.067198133E0,-1.423149140E0,4.909036764E0
3.978103039E2,-4.340417415E0,1.496420599E0,-1.066956058E0,4.713479943E0
3.978202929E2,-3.696919638E0,1.563629665E0,-8.673718768E-1,4.106639321E0
3.978302809E2,-2.794378513E0,1.588354617E0,-8.137666503E-1,3.315665518E0
3.978402699E2,-1.904506843E0,1.653227720E0,-7.313983852E-1,2.625881149E0
3.978502589E2,-9.838450505E-1,1.583661057E0,-7.455664811E-1,2.007934960E0
3.978602479E2,-1.183562694E-1,1.318904979E0,-7.308025539E-1,1.512478404E0
3.978702369E2,6.535308681E-1,8.975715762E-1,-8.030449033E-1,1.370262182E0
3.978802259E2,1.230245695E0,5.659631127E-1,-7.835444391E-1,1.564532071E0
3.978902149E2,1.565037675E0,4.524318194E-1,-7.502416223E-1,1.793571846E0
3.979002029E2,1.716369171E0,4.341364664E-1,-7.674593335E-1,1.929609139E0
3.979101919E2,1.703903784E0,4.525417471E-1,-6.269144887E-1,1.871123704E0
3.979201809E2,1.536859066E0,4.402403748E-1,-4.261737281E-1,1.654500354E0
3.979301699E2,1.405585858E0,3.986602396E-1,-2.286606306E-1,1.478812793E0
3.979401589E2,1.346668729E0,3.387157542E-1,4.339511096E-2,1.389290525E0
3.979501479E2,1.362151279E0,3.497096890E-1,3.660737067E-1,1.453190604E0
3.979601359E2,1.487732221E0,4.281179273E-1,6.284809577E-1,1.670814303E0
3.979701249E2,1.576931204E0,5.135691369E-1,7.423823798E-1,1.817029685E0
3.979801139E2,1.499540966E0,5.980485392E-1,5.824388123E-1,1.716251769E0
3.979901029E2,1.379663105E0,5.927147090E-1,3.228747699E-1,1.535913124E0
3.980000919E2,1.327489277E0,3.571309751E-1,2.068937856E-1,1.390170979E0
3.980100809E2,1.074624974E0,1.082822478E-1,1.993336281E-1,1.098306776E0
3.980200699E2,9.198073679E-1,-1.327937758E-1,1.638959929E-1,9.436851580E-1
3.980300589E2,8.831251529E-1,-3.851929325E-1,2.340342218E-1,9.914916277E-1
3.980400469E2,7.236122328E-1,-5.723365778E-1,2.220263797E-1,9.489360015E-1
3.980500359E2,7.097113547E-1,-6.268887609E-1,2.070352882E-1,9.693004364E-1
3.980600249E2,7.778729323E-1,-6.540058082E-1,2.632507119E-1,1.049814666E0
3.980700139E2,8.807120070E-1,-6.903421605E-1,2.331194249E-1,1.143053194E0
3.980800029E2,6.904734305E-1,-7.403645056E-1,6.090869129E-2,1.014200684E0
3.980899919E2,1.508143097E-1,-7.226936352E-1,-3.184647998E-1,8.040216882E-1
3.980999799E2,-6.363603732E-1,-6.364530516E-1,-7.366854376E-1,1.163070267E0
3.981099689E2,-1.419303426E0,-4.360572767E-1,-1.209941531E0,1.915339832E0
3.981199579E2,-2.102913980E0,-8.725566030E-2,-1.402538582E0,2.529224235E0
3.981299469E2,-2.995942269E0,1.653341156E-1,-1.153336098E0,3.214527898E0
3.981399363E2,-3.760707791E0,2.693005335E-1,-1.266935511E0,3.977508196E0
3.981499253E2,-3.965686321E0,3.585816693E-1,-1.334341629E0,4.199490015E0
3.981599143E2,-3.842101910E0,3.426176012E-1,-1.102360364E0,4.011774206E0
3.981699023E2,-3.512064593E0,3.535840541E-1,-8.745493340E-1,3.636544503E0
3.981798913E2,-3.202513581E0,2.740291768E-1,-9.344771549E-1,3.347302314E0
3.981898803E2,-2.943726341E0,1.051884860E-1,-9.901546347E-1,3.107570689E0
3.981998692E2,-2.868417127E0,-2.056629467E-1,-7.679002136E-1,2.976539064E0
3.982098583E2,-3.094186602E0,-6.779425550E-1,-3.222467789E-1,3.183934645E0
3.982198473E2,-3.202117724E0,-1.158102456E0,-6.561657697E-2,3.405739972E0
3.982298363E2,-2.947049606E0,-1.244851747E0,-2.451079711E-1,3.208556556E0
3.982398253E2,-2.601865370E0,-9.616091126E-1,-6.886739498E-1,2.858088049E0
3.982498133E2,-2.528101282E0,-3.921938038E-1,-1.072232878E0,2.773949426E0
3.982598023E2,-2.706667355E0,2.170445520E-1,-1.473549508E0,3.089418175E0
3.982697913E2,-2.815612384E0,8.091792172E-1,-1.756772554E0,3.415947001E0
3.982797803E2,-2.882030030E0,1.076114552E0,-1.677841867E0,3.504179355E0
3.982897692E2,-2.895950789E0,8.828219748E-1,-1.238251410E0,3.270958906E0
3.982997583E2,-2.682154950E0,4.189535862E-1,-8.253356588E-1,2.837367835E0
3.983097463E2,-2.235353999E0,-8.217969239E-2,-4.353053248E-1,2.278826831E0
3.983197352E2,-1.864368631E0,-3.944695401E-1,-1.962272948E-1,1.915719646E0
3.983297243E2,-1.414340894E0,-4.516974092E-1,-2.606852460E-1,1.507430765E0
3.983397133E2,-1.040377539E0,-3.742311573E-1,-3.852707005E-1,1.170840679E0
3.983497023E2,-1.137482542E0,-2.112166321E-1,-3.119805300E-1,1.198253250E0
3.983596913E2,-1.136204633E0,-2.234805822E-2,-2.756193271E-1,1.169370094E0
3.983696803E2,-8.617474401E-1,2.873935729E-1,-1.391134465E-1,9.189974251E-1
3.983796683E2,-2.190805525E-1,6.335545868E-1,8.746849895E-2,6.760461827E-1
3.983896573E2,1.076831421E0,7.009355611E-1,3.279007441E-1,1.326045047E0
3.983996463E2,2.627089673E0,5.423391920E-1,4.846534860E-1,2.725916534E0
3.984096352E2,3.813321329E0,1.584010720E-1,4.833466333E-1,3.847094284E0
3.984196243E2,4.933449043E0,-5.001070923E-1,1.673975980E-1,4.961557066E0
3.984296133E2,5.834485679E0,-1.055897804E0,-5.032742366E-1,5.950582179E0
3.984396023E2,6.064336803E0,-1.446655532E0,-7.003753978E-1,6.273716505E0
3.984495902E2,5.900617688E0,-1.688565368E0,-5.336695254E-2,6.137702350E0
3.984595793E2,5.328056577E0,-1.618782358E0,6.798885083E-1,5.609892298E0
3.984695683E2,4.686862896E0,-1.235833002E0,1.401395743E0,5.045579951E0
3.984795573E2,3.758910649E0,-7.602052778E-1,2.056164321E0,4.351451832E0
3.984895463E2,2.592103443E0,-3.537699956E-1,2.007447074E0,3.297574446E0
3.984995353E2,1.559266473E0,-1.583004999E-1,1.423242403E0,2.117071071E0
3.985095242E2,9.544113363E-1,-2.968110985E-1,6.418096858E-1,1.187820483E0
3.985195123E2,1.008167567E0,-6.744693089E-1,-2.086859572E-1,1.230796702E0
3.985295013E2,1.510715872E0,-1.087306708E0,-7.293626770E-1,1.999116864E0
3.985394902E2,2.088211302E0,-1.441898237E0,-6.492903212E-1,2.619403537E0
3.985494793E2,2.459335980E0,-1.580502391E0,-4.786352393E-1,2.962332352E0
3.985594683E2,2.719476265E0,-1.359254276E0,-4.278562644E-1,3.070209167E0
3.985694573E2,2.591908146E0,-8.632466662E-1,-3.336237064E-1,2.752178668E0
3.985794463E2,2.057952546E0,-3.720828903E-1,-2.721887657E-1,2.108957345E0
3.985894343E2,1.531979126E0,6.952163994E-2,-1.955259213E-1,1.545970144E0
3.985994233E2,1.151897390E0,3.274399835E-1,-2.224427015E-1,1.218016952E0
3.986094123E2,8.478491932E-1,4.820707709E-1,-1.865292491E-1,9.929922675E-1
3.986194013E2,6.049234030E-1,5.202665377E-1,-1.412646371E-1,8.102871660E-1
3.986293902E2,4.475531951E-1,5.988478535E-1,-1.346037814E-1,7.596320110E-1
3.986393793E2,2.815574670E-1,6.996211070E-1,-7.271948218E-2,7.576492748E-1
3.986493683E2,1.883718529E-1,8.222676247E-1,-1.226693219E-1,8.524410620E-1
3.986593562E2,1.684486350E-1,8.658925313E-1,-3.529876381E-2,8.828311396E-1
3.986693453E2,2.835522446E-1,7.534967673E-1,1.005561756E-1,8.113388923E-1
3.986793343E2,5.339253411E-1,7.472466785E-1,4.028971320E-1,1.002885820E0
3.986893233E2,9.989944553E-1,6.532292980E-1,5.948300855E-1,1.333612113E0
3.986993123E2,1.435652241E0,4.107353246E-1,4.626246858E-1,1.563272997E0
3.987093013E2,1.862726440E0,1.119238937E-1,4.725016563E-1,1.924976510E0
3.987192902E2,2.303539258E0,-3.434590155E-1,3.507107323E-1,2.355261180E0
3.987292783E2,2.834731610E0,-8.099060261E-1,4.867032275E-2,2.948562340E0
3.987392673E2,3.360839809E0,-1.181967282E0,-3.493860456E-1,3.579715280E0
3.987492562E2,3.636530764E0,-1.443547152E0,-1.112411289E0,4.067633618E0
3.987592453E2,3.615003655E0,-1.413001882E0,-1.546858389E0,4.178228885E0
3.987692343E2,3.084232010E0,-1.175202638E0,-1.556275768E0,3.649052287E0
3.987792233E2,2.112947509E0,-4.473424029E-1,-1.599684182E0,2.687685228E0
3.987892123E2,6.216581342E-1,2.921105218E-1,-1.329169182E0,1.496154439E0
3.987992003E2,-7.391199258E-1,4.919449639E-1,-8.638565308E-1,1.238772061E0
3.988091893E2,-1.622954931E0,4.031117249E-1,-6.330466099E-1,1.788079914E0
3.988191783E2,-2.300308963E0,1.137026167E-1,-7.362726241E-1,2.417942718E0
3.988291673E2,-2.949837266E0,-1.454407185E-1,-1.099817995E0,3.151553985E0
3.988391563E2,-3.513662637E0,-1.842913735E-1,-1.378324385E0,3.778831373E0
3.988491452E2,-4.040358188E0,-1.238773566E-1,-1.409702298E0,4.281016288E0
3.988591343E2,-4.545490962E0,1.762643158E-2,-1.020498760E0,4.658671109E0
3.988691223E2,-4.967186308E0,2.005214900E-1,-3.212010044E-1,4.981598014E0
3.988791112E2,-5.009637094E0,4.277746958E-1,4.092409225E-1,5.044495330E0
3.988891003E2,-4.749091011E0,5.886701900E-1,9.737140185E-1,4.883494345E0
3.988990893E2,-4.486586697E0,6.103557587E-1,1.076511139E0,4.654124039E0
3.989090783E2,-4.229345168E0,5.688802886E-1,7.040807784E-1,4.325126019E0
3.989190673E2,-3.709640840E0,5.640423024E-1,1.350882232E-1,3.754707407E0
3.989290563E2,-2.997910442E0,5.111811340E-1,-4.206001621E-1,3.070126653E0
3.989390452E2,-2.357155886E0,5.029850918E-1,-8.125513065E-1,2.543504964E0
3.989490333E2,-1.851586618E0,5.118044472E-1,-1.055883917E0,2.192078384E0
3.989590223E2,-1.308809177E0,5.156419748E-1,-1.142575759E0,1.812276875E0
3.989690112E2,-7.915501544E-1,5.450335890E-1,-1.137889070E0,1.489431031E0
3.989790003E2,-4.436770758E-1,4.753148979E-1,-1.097569740E0,1.275708797E0
3.989889893E2,-2.480874199E-1,2.411099374E-1,-9.771833177E-1,1.036614010E0
3.989989783E2,-1.410342568E-1,-3.212284863E-2,-8.657448891E-1,8.777452660E-1
3.990089663E2,4.513758123E-2,-1.885949242E-1,-8.027249144E-1,8.258164051E-1
3.990189553E2,1.594181952E-1,-1.547161567E-1,-7.948102695E-1,8.252724487E-1
3.990289443E2,2.179482391E-1,-4.346352339E-2,-8.156574936E-1,8.453920154E-1
3.990389333E2,1.881651539E-1,1.161695570E-1,-7.003449923E-1,7.344280763E-1
3.990489223E2,1.459377319E-1,2.462525636E-1,-5.075166839E-1,5.826760087E-1
3.990589112E2,1.190943342E-1,2.672575164E-1,-2.626873326E-1,3.932107262E-1
3.990689003E2,1.700896561E-1,1.935112631E-1,-1.542004323E-1,3.002580114E-1
3.990788893E2,2.615728533E-1,9.177029550E-2,-2.042601997E-1,3.443317788E-1
3.990888772E2,2.589910153E-1,-7.081562877E-2,-3.306721781E-1,4.259522140E-1
3.990988663E2,1.743812200E-1,-2.273175251E-1,-3.684425600E-1,4.667247445E-1
3.991088553E2,1.264097857E-1,-2.874175465E-1,-2.164820498E-1,3.813826921E-1
3.991188443E2,2.140542859E-1,-2.087508613E-1,2.392095923E-3,2.990014741E-1
3.991288333E2,4.050293192E-1,-3.175038099E-2,1.774733739E-1,4.433436980E-1
3.991388226E2,7.110760948E-1,1.030583453E-1,1.938159031E-1,7.441873685E-1
3.991488106E2,1.013741718E0,1.024899960E-1,9.899146065E-2,1.023706882E0
3.991587996E2,1.199634059E0,-4.437510431E-2,-7.612855509E-2,1.202865987E0
3.991687886E2,1.246151876E0,-2.191846329E-1,-2.174247672E-1,1.283826285E0
3.991787776E2,1.161920395E0,-3.707889014E-1,-2.792453317E-1,1.251207964E0
3.991887666E2,9.892652732E-1,-4.814527202E-1,-1.833723374E-1,1.115377925E0
3.991987556E2,8.367953244E-1,-5.574191612E-1,9.911469072E-3,1.005505233E0
3.992087446E2,8.173878309E-1,-5.416954136E-1,1.586602499E-1,9.933427717E-1
3.992187336E2,9.390748206E-1,-4.850475883E-1,2.856138267E-1,1.094855214E0
3.992287216E2,1.067435237E0,-3.689505368E-1,3.435290359E-1,1.180489171E0
3.992387106E2,1.167015074E0,-2.847588176E-1,3.452989881E-1,1.249897259E0
3.992486996E2,1.231026006E0,-2.007828605E-1,2.834676062E-1,1.279098381E0
3.992586886E2,1.208163685E0,-1.930306220E-1,1.534958428E-1,1.233077972E0
3.992686776E2,1.104187619E0,-2.079293275E-1,-1.257684924E-1,1.130611612E0
3.992786666E2,1.020872397E0,-1.557651472E-1,-5.586267574E-1,1.174098415E0
3.992886556E2,7.072216102E-1,-1.528871477E-2,-1.131820537E0,1.334696175E0
3.992986436E2,1.070853227E-1,2.632048112E-1,-1.706001765E0,1.729504571E0
3.993086326E2,-7.820158307E-1,5.683891225E-1,-1.818539616E0,2.059539097E0
3.993186216E2,-1.796239652E0,9.996247852E-1,-1.417885476E0,2.497223623E0
3.993286106E2,-2.614964595E0,1.388913108E0,-5.470929784E-1,3.011051341E0
3.993385996E2,-3.328443603E0,1.671665161E0,5.543028876E-1,3.765667659E0
3.993485886E2,-3.718352607E0,1.653170418E0,1.661545238E0,4.395435259E0
3.993585776E2,-3.593115188E0,1.266674141E0,2.514596261E0,4.564880556E0
3.993685656E2,-2.968367385E0,6.535298449E-1,2.931000461E0,4.222448329E0
3.993785546E2,-2.059510829E0,6.088237882E-2,2.899520221E0,3.557036552E0
3.993885436E2,-1.162449861E0,-5.056543458E-1,2.630758801E0,2.920251336E0
3.993985326E2,-5.953595509E-1,-8.167531157E-1,1.991287417E0,2.233106407E0
3.994085216E2,-5.004494467E-1,-7.875293165E-1,9.521658593E-1,1.333143614E0
3.994185106E2,-7.011483997E-1,-4.228314596E-1,-3.825599313E-2,8.196700816E-1
3.994284996E2,-1.069287635E0,4.558547795E-2,-8.924422525E-1,1.393523325E0
3.994384876E2,-1.606888829E0,3.213021612E-1,-1.609832463E0,2.297147654E0
3.994484766E2,-1.904440185E0,5.128581154E-1,-2.172472749E0,2.934204102E0
3.994584656E2,-2.160207484E0,4.382985145E-1,-2.427835421E0,3.279174712E0
3.994684546E2,-2.474759181E0,3.570140308E-1,-2.375991230E0,3.449235617E0
3.994784436E2,-2.720090223E0,2.928040016E-1,-2.310035076E0,3.580626629E0
3.994884326E2,-2.652118388E0,2.257761991E-1,-2.199039135E0,3.452604807E0
3.994984216E2,-2.135270717E0,3.264213985E-1,-1.980972928E0,2.930901859E0
3.995084096E2,-1.270077513E0,4.993346751E-1,-1.755856880E0,2.223840234E0
3.995183986E2,-1.101021937E-1,5.290350223E-1,-1.437122670E0,1.535357325E0
3.995283876E2,1.021795088E0,2.131865591E-1,-1.199869702E0,1.590346193E0
3.995383766E2,1.746994986E0,-4.089934391E-1,-7.213388354E-1,1.933803721E0
3.995483656E2,2.239282451E0,-9.922713268E-1,-1.222535849E-1,2.452332404E0
3.995583546E2,2.606359832E0,-1.456220407E0,2.516817033E-1,2.996169743E0
3.995683436E2,2.886421874E0,-1.645948521E0,2.967415166E-1,3.335960626E0
3.995783316E2,3.031867855E0,-1.595194690E0,2.038736987E-1,3.431972213E0
3.995883206E2,3.038421706E0,-1.471265293E0,1.272514924E-2,3.375913203E0
3.995983096E2,2.971010619E0,-1.322202809E0,-2.204875387E-1,3.259407787E0
3.996082986E2,2.987606186E0,-1.037282023E0,-3.329205787E-1,3.180028433E0
3.996182876E2,3.054680182E0,-6.604471010E-1,-2.870829396E-1,3.138419666E0
3.996282766E2,3.102660094E0,-4.057032108E-1,-1.956675701E-1,3.135184294E0
3.996382656E2,3.042755078E0,-2.695811999E-1,-1.150960082E-1,3.056841438E0
3.996482536E2,2.866101337E0,-1.964062196E-1,2.037520766E-2,2.872895304E0
3.996582426E2,2.499760705E0,-1.876681405E-1,1.050380664E-1,2.508995000E0
3.996682316E2,1.953702830E0,-1.638658798E-1,5.351313293E-2,1.961293051E0
3.996782206E2,1.466782671E0,-7.305628181E-2,-1.112413774E-1,1.472807954E0
3.996882096E2,1.044124289E0,9.403141379E-2,-2.697596861E-1,1.082500682E0
3.996981986E2,7.750297236E-1,1.876868516E-1,-3.653182465E-1,8.771287522E-1
3.997081876E2,6.071747272E-1,1.182190061E-1,-4.490983218E-1,7.644123137E-1
3.997181756E2,6.503621158E-1,-1.218127048E-1,-6.456609544E-1,9.244929880E-1
3.997281646E2,6.746223597E-1,-4.404146218E-1,-1.082002260E0,1.349003060E0
3.997381536E2,5.497536077E-1,-6.661674321E-1,-1.518513280E0,1.746966130E0
3.997481426E2,2.446744001E-1,-6.239183754E-1,-1.748012694E0,1.872081216E0
3.997581316E2,-1.876660940E-1,-3.155672121E-1,-1.875537690E0,1.911136535E0
3.997681206E2,-6.964453380E-1,2.364035136E-1,-1.857127585E0,1.997459786E0
3.997781096E2,-1.286061607E0,7.544293982E-1,-1.645043811E0,2.220199837E0
3.997880986E2,-1.941888385E0,1.088887210E0,-1.271146822E0,2.563673165E0
3.997980866E2,-2.603475401E0,1.194518330E0,-8.142505074E-1,2.977912371E0
3.998080756E2,-3.090588518E0,1.069797220E0,-2.343866627E-1,3.278893195E0
3.998180646E2,-3.348353664E0,8.198357677E-1,2.884443176E-1,3.459306733E0
3.998280536E2,-3.321492433E0,3.505458409E-1,8.328401215E-1,3.442211068E0
3.998380426E2,-2.830574825E0,-2.836419994E-1,1.151933497E0,3.069129747E0
3.998480316E2,-2.016675442E0,-6.403841347E-1,8.907718492E-1,2.295767011E0
3.998580196E2,-1.127900271E0,-7.857231116E-1,3.879146652E-1,1.428284852E0
3.998680086E2,-4.902795307E-1,-6.843095881E-1,-3.542374805E-2,8.425606640E-1
3.998779976E2,-9.338412702E-2,-3.854870474E-1,-2.807429498E-1,4.859397728E-1
3.998879866E2,1.249133371E-1,-7.556356788E-2,-4.373566742E-1,4.610792286E-1
3.998979756E2,2.938945073E-1,1.958945882E-1,-7.010047044E-1,7.849562196E-1
3.999079646E2,4.732730502E-1,3.374796528E-1,-1.014606375E0,1.169318602E0
3.999179536E2,6.495353195E-1,3.328901732E-1,-1.236251662E0,1.435628842E0
3.999279426E2,8.650198343E-1,1.090002859E-1,-1.368263665E0,1.622432074E0
3.999379306E2,1.235603060E0,-2.646718776E-1,-1.393515597E0,1.881130470E0
3.999479196E2,1.747133711E0,-6.414483279E-1,-1.241726995E0,2.237368564E0
3.999579086E2,2.311647592E0,-9.046233183E-1,-9.158737998E-1,2.645918130E0
3.999678976E2,2.800660762E0,-1.073886763E0,-5.859686302E-1,3.056189247E0
3.999778866E2,3.056414174E0,-1.186687154E0,-3.042534345E-1,3.292789722E0
3.999878756E2,2.921179185E0,-1.164785823E0,-5.236634776E-2,3.145275199E0
3.999978646E2,2.597467094E0,-9.340020686E-1,2.239338876E-1,2.769357607E0
4.000078526E2,2.223729734E0,-5.666372967E-1,4.536821003E-1,2.339204823E0
4.000178416E2,1.885458661E0,-2.099980724E-1,7.024844885E-1,2.023002226E0
4.000278306E2,1.503358028E0,9.006758630E-2,9.855862051E-1,1.799882690E0
4.000378196E2,1.124257894E0,3.491179508E-1,1.206916912E0,1.685967850E0
4.000478086E2,8.827614561E-1,5.368568426E-1,1.359281319E0,1.707374816E0
4.000577976E2,7.760670197E-1,6.416395319E-1,1.327588679E0,1.666275190E0
4.000677866E2,7.702208273E-1,6.915197897E-1,1.144784399E0,1.543363555E0
4.000777746E2,7.288595241E-1,6.397426951E-1,9.621289301E-1,1.366088943E0
4.000877636E2,5.884174441E-1,5.325679100E-1,8.633462150E-1,1.172702159E0
4.000977526E2,3.310164329E-1,3.332158631E-1,8.770303077E-1,9.948803199E-1
4.001077416E2,1.051534027E-1,9.575751185E-2,9.319380015E-1,9.427275205E-1
4.001177306E2,-6.237692714E-2,-1.386825067E-1,9.562287971E-1,9.682444067E-1
4.001277196E2,-1.972433947E-1,-3.656047601E-1,9.072984195E-1,9.978788600E-1
4.001377086E2,-2.654744080E-1,-4.842886198E-1,8.497343355E-1,1.013439968E0
4.001476962E2,-2.758426908E-1,-4.808317459E-1,7.475016171E-1,9.306164760E-1
4.001576852E2,-2.523507710E-1,-3.336251682E-1,5.455406888E-1,6.874600407E-1
4.001676742E2,-2.264813733E-1,-8.370406151E-2,2.969635646E-1,3.827369084E-1
4.001776632E2,-2.109922452E-1,1.106421840E-1,1.237165582E-1,2.684496363E-1
4.001876522E2,-1.578221977E-1,2.129164177E-1,-3.535811305E-3,2.650542378E-1
4.001976412E2,-1.601759943E-1,2.213375777E-1,-1.538880448E-1,3.135732814E-1
4.002076302E2,-1.523100275E-1,1.159508711E-1,-2.635142751E-1,3.257034267E-1
4.002176192E2,-1.026027010E-1,-3.008977175E-2,-3.868436015E-1,4.013485774E-1
4.002276072E2,-3.772521213E-2,-1.812712866E-1,-4.154478881E-1,4.548399924E-1
4.002375962E2,-7.560493693E-2,-3.028553653E-1,-3.790843463E-1,4.910625422E-1
4.002475852E2,-9.843071267E-2,-3.525841802E-1,-3.445533219E-1,5.027138361E-1
4.002575742E2,-1.048316596E-1,-3.364365095E-1,-2.432068951E-1,4.281691204E-1
4.002675632E2,-1.490322246E-1,-2.372420043E-1,-4.469509318E-2,2.837111628E-1
4.002775522E2,-2.077501103E-1,-1.527503228E-1,1.488902834E-1,2.977601148E-1
4.002875412E2,-1.609767705E-2,-6.320430815E-2,1.957799828E-1,2.063582357E-1
4.002975292E2,2.417408520E-1,-6.656528771E-2,-1.734985828E-2,2.513376109E-1
4.003075182E2,5.090088934E-1,-1.843533540E-1,-3.568943091E-1,6.484209748E-1
4.003175072E2,7.539037335E-1,-2.788005048E-1,-7.594036245E-1,1.105800355E0
4.003274962E2,8.550281122E-1,-3.207683104E-1,-9.493641660E-1,1.317291806E0
4.003374852E2,8.566724955E-1,-4.185518825E-1,-1.018889168E0,1.395424158E0
4.003474742E2,8.781841095E-1,-5.043814069E-1,-1.102744088E0,1.497214900E0
4.003574632E2,8.665336785E-1,-5.916090006E-1,-1.190154553E0,1.586615796E0
4.003674512E2,7.622389394E-1,-6.585145962E-1,-1.252297007E0,1.607139530E0
4.003774402E2,5.754594295E-1,-6.813310164E-1,-1.331236757E0,1.602359764E0
4.003874292E2,3.468822679E-1,-6.205942333E-1,-1.380403947E0,1.552732935E0
4.003974182E2,1.496322951E-1,-5.087235492E-1,-1.380283348E0,1.478638426E0
4.004074072E2,3.313324749E-3,-3.854700905E-1,-1.318120575E0,1.373331722E0
4.004173962E2,-1.825211290E-1,-2.819170707E-1,-1.272755245E0,1.316319532E0
4.004273852E2,-3.573265645E-1,-2.142332107E-1,-1.296417757E0,1.361718452E0
4.004373732E2,-3.935591286E-1,-1.147089225E-1,-1.220717365E0,1.287710297E0
4.004473622E2,-3.881346667E-1,3.262044668E-2,-1.126315237E0,1.191762823E0
4.004573512E2,-4.098953721E-1,1.344461989E-1,-1.036259345E0,1.122463107E0
4.004673402E2,-4.722591430E-1,1.443116212E-1,-9.951978582E-1,1.110978541E0
4.004773292E2,-5.631932867E-1,1.849509394E-1,-9.708673015E-1,1.137531030E0
4.004873182E2,-6.302848238E-1,2.356679338E-1,-9.295558459E-1,1.147550611E0
4.004973072E2,-6.140421358E-1,3.129365498E-1,-9.335442317E-1,1.160380050E0
4.005072962E2,-6.226480678E-1,2.826935810E-1,-8.637015796E-1,1.101629110E0
4.005172842E2,-5.713519067E-1,1.182277769E-1,-7.017301977E-1,9.126040098E-1
4.005272732E2,-4.092083243E-1,-1.335270166E-1,-5.212975480E-1,6.760414561E-1
4.005372622E2,-3.671495944E-2,-2.567477310E-1,-3.453906432E-1,4.319283297E-1
4.005472512E2,3.981246346E-1,-2.688918132E-1,-2.598900247E-1,5.462131972E-1
4.005572402E2,7.876547393E-1,-2.847050232E-1,-3.030853070E-1,8.906838058E-1
4.005672292E2,1.096989697E0,-2.627224159E-1,-4.696325737E-1,1.221869149E0
4.005772182E2,1.228787399E0,-2.261317098E-1,-6.745624258E-1,1.419890309E0
4.005872062E2,1.239508269E0,-1.518264627E-1,-8.235847101E-1,1.495902336E0
4.005971952E2,1.245939914E0,-1.656516194E-3,-8.726425570E-1,1.521142349E0
4.006071842E2,1.201488211E0,1.948327339E-1,-8.777872297E-1,1.500681224E0
4.006171732E2,1.138188301E0,3.699550885E-1,-8.896130772E-1,1.491224599E0
4.006271622E2,1.032502802E0,5.049322146E-1,-9.272925349E-1,1.476783675E0
4.006371512E2,9.210613033E-1,6.235652035E-1,-8.790272780E-1,1.417701112E0
4.006471402E2,7.030975690E-1,7.110494900E-1,-7.661659294E-1,1.259741164E0
4.006571282E2,4.331605661E-1,7.732223493E-1,-6.501473768E-1,1.099178097E0
4.006671172E2,4.210346103E-2,7.108249569E-1,-5.987338328E-1,9.303370483E-1
4.006771062E2,-4.747149736E-1,5.182311219E-1,-4.585240334E-1,8.391436653E-1
4.006870952E2,-9.986965397E-1,2.155529273E-1,8.834411949E-3,1.021731809E0
4.006970842E2,-1.387468845E0,-1.930054790E-1,5.413178296E-1,1.501780911E0
4.007070732E2,-1.670807959E0,-5.204606652E-1,1.013023680E0,2.022052303E0
4.007170622E2,-1.756047499E0,-8.362044632E-1,1.330801870E0,2.356687154E0
4.007270512E2,-1.747715217E0,-9.935910434E-1,1.456698271E0,2.482680304E0
4.007370392E2,-1.594790647E0,-9.330074573E-1,1.590252038E0,2.437778019E0
4.007470282E2,-1.312671555E0,-8.379638904E-1,1.681958014E0,2.292220071E0
4.007570172E2,-9.784262896E-1,-6.890727299E-1,1.575097809E0,1.978148715E0
4.007670062E2,-7.257306790E-1,-4.031544095E-1,1.343753892E0,1.579523035E0
4.007769952E2,-5.726502809E-1,-2.052811235E-1,1.225447177E0,1.368133571E0
4.007869842E2,-5.476148424E-1,-1.230809659E-1,1.043422623E0,1.184804503E0
4.007969732E2,-5.929161456E-1,-1.167981327E-1,9.685725617E-1,1.141632238E0
4.008069612E2,-8.703931332E-1,-2.987927198E-2,6.881085241E-1,1.109941583E0
4.008169502E2,-1.215192623E0,1.939784557E-1,3.175909334E-1,1.270899191E0
4.008269392E2,-1.431361847E0,4.708727682E-1,4.235065207E-2,1.507418813E0
4.008369282E2,-1.540197826E0,7.167546183E-1,-2.180052495E-1,1.712738396E0
4.008469172E2,-1.603427277E0,9.114581287E-1,-5.309879923E-1,1.919292370E0
4.008569062E2,-1.643992335E0,9.924607766E-1,-7.277431445E-1,2.053606407E0
4.008668952E2,-1.617740384E0,1.018717698E0,-6.306948598E-1,2.013118403E0
4.008768832E2,-1.482282032E0,9.919701952E-1,-3.403085357E-1,1.815757360E0
4.008868722E2,-1.307632132E0,9.605817568E-1,-7.767616689E-2,1.624393023E0
4.008968612E2,-1.123013022E0,9.667868221E-1,1.262624359E-1,1.487204495E0
4.009068502E2,-9.450705555E-1,1.004656899E0,2.327244455E-1,1.398804671E0
4.009168392E2,-8.846091762E-1,1.001666048E0,2.161104593E-1,1.353725230E0
4.009268282E2,-9.672446591E-1,9.267708170E-1,6.564902902E-2,1.341184615E0
4.009368172E2,-1.120656302E0,8.051797217E-1,-1.894176275E-1,1.392861791E0
4.009468062E2,-1.160130562E0,6.952374494E-1,-3.206633529E-1,1.389993892E0
4.009567942E2,-1.078676510E0,5.099058563E-1,-4.420116426E-1,1.272368377E0
4.009667832E2,-9.124316901E-1,3.703708255E-1,-4.862161544E-1,1.098231436E0
4.009767722E2,-7.522764534E-1,1.843790817E-1,-4.044532223E-1,8.737836787E-1
4.009867612E2,-4.835612261E-1,-4.320507646E-3,-3.274271196E-1,5.840022644E-1
4.009967502E2,-2.156099376E-1,-1.563095230E-1,-3.895648956E-1,4.718910044E-1
4.010067392E2,-4.066153765E-3,-2.319081742E-1,-4.489633973E-1,5.053375772E-1
4.010167282E2,1.389707744E-2,-2.472261250E-1,-3.774500495E-1,4.514226684E-1
4.010267162E2,-6.556716800E-2,-1.818162471E-1,-1.825184977E-1,2.658367981E-1
4.010367052E2,-2.085470858E-1,1.628917336E-2,6.986750275E-2,2.205418149E-1
4.010466942E2,-2.780836362E-1,2.134093380E-1,2.642356753E-1,4.389698695E-1
4.010566832E2,-2.712953112E-1,3.563983190E-1,3.925624707E-1,5.955889531E-1
4.010666722E2,-1.947555506E-1,4.432101756E-1,4.088145143E-1,6.336357719E-1
4.010766612E2,-3.562357664E-2,5.876030731E-1,3.825526223E-1,7.020633302E-1
4.010866502E2,6.094640583E-2,6.098207384E-1,3.059894729E-1,6.850002591E-1
4.010966392E2,1.348718762E-1,5.714992565E-1,2.644189855E-1,6.439869743E-1
4.011066272E2,7.850530207E-2,4.378541261E-1,2.448796374E-1,5.077847526E-1
4.011166162E2,-1.099887577E-1,2.510531276E-1,2.161544596E-1,3.490672573E-1
4.011266052E2,-3.122287443E-1,-4.901545465E-2,2.070661323E-1,3.778434685E-1
4.011365942E2,-5.289976001E-1,-3.188001376E-1,2.292640632E-1,6.588125677E-1
4.011465833E2,-7.202711338E-1,-5.255149984E-1,1.501857340E-1,9.041638538E-1
4.011565723E2,-8.043973643E-1,-6.897860903E-1,5.750151873E-3,1.059666473E0
4.011665613E2,-5.007575950E-1,-8.290872324E-1,-2.960223091E-1,1.012804530E0
4.011765493E2,-3.045259148E-1,-7.603783554E-1,-5.575052615E-1,9.908195561E-1
4.011865383E2,-5.625655881E-1,-3.570532072E-1,-5.836591262E-1,8.857906125E-1
4.011965273E2,-8.227506047E-1,5.840315938E-2,-3.385549557E-1,8.915990941E-1
4.012065163E2,-9.063479546E-1,2.140384984E-1,1.323686832E-1,9.406383800E-1
4.012165053E2,-6.111781695E-1,9.987453640E-2,7.053985946E-1,9.386697264E-1
4.012264943E2,-5.811547637E-3,-3.327591956E-2,1.239203337E0,1.239663652E0
4.012364833E2,7.224723181E-1,-9.153406799E-2,1.885291430E0,2.021056287E0
4.012464723E2,1.381121108E0,-1.017041302E-1,2.443128667E0,2.808329918E0
4.012564603E2,1.773147681E0,1.039944845E-1,2.821685010E0,3.334182636E0
4.012664493E2,1.848941630E0,2.608396125E-1,2.743186725E0,3.318387539E0
4.012764383E2,1.642974920E0,4.873461288E-1,2.256632748E0,2.833595630E0
4.012864273E2,1.304658531E0,7.667360330E-1,1.529756014E0,2.151783328E0
4.012964163E2,9.507291985E-1,9.025668526E-1,1.033207684E0,1.669140812E0
4.013064053E2,6.917206416E-1,8.896164393E-1,7.376934975E-1,1.346880303E0
4.013163943E2,7.103940171E-1,3.650153607E-1,4.127964681E-1,8.990532783E-1
4.013263823E2,7.212619445E-1,-1.644681430E-1,7.589238605E-1,1.059827339E0
4.013363713E2,8.190727061E-1,-5.058057886E-1,1.054090430E0,1.427524510E0
4.013463603E2,1.029972127E0,-6.214917809E-1,1.220781099E0,1.713884800E0
4.013563493E2,1.227608601E0,-6.422043729E-1,1.224122198E0,1.848762962E0
4.013663383E2,1.260296583E0,-5.937052274E-1,1.073695559E0,1.758879054E0
4.013763273E2,1.128390706E0,-4.441790593E-1,7.742973599E-1,1.438783175E0
4.013863163E2,8.682913515E-1,-2.307913560E-1,3.245122826E-1,9.552500943E-1
4.013963043E2,5.632099512E-1,-3.979731917E-2,-1.502655485E-1,5.842679273E-1
4.014062933E2,3.248265705E-1,1.158684254E-1,-4.850171828E-1,5.951297846E-1
4.014162823E2,1.371803570E-1,1.179354161E-1,-6.584608018E-1,6.828600444E-1
4.014262713E2,-2.006396037E-1,1.070519936E-1,-8.329814780E-1,8.634665729E-1
4.014362603E2,-5.682335865E-1,1.646002901E-1,-8.025443816E-1,9.970256510E-1
4.014462493E2,-9.414891359E-1,3.803005672E-1,-5.962531516E-1,1.177517786E0
4.014562383E2,-1.316025518E0,5.325866210E-1,-5.232743454E-1,1.513072276E0
4.014662273E2,-1.593050516E0,5.902343202E-1,-3.707339376E-1,1.738858864E0
4.014762153E2,-1.707665883E0,5.682628226E-1,-2.533803195E-2,1.799913170E0
4.014862043E2,-1.702422392E0,4.331202203E-1,9.872643560E-2,1.759426621E0
4.014961933E2,-1.567005848E0,3.254840899E-1,8.128506839E-2,1.602515049E0
4.015061823E2,-1.293442986E0,3.307793283E-1,-6.724298000E-4,1.335069352E0
4.015161713E2,-9.852187076E-1,3.515474689E-1,-3.824137509E-2,1.046758772E0
4.015261603E2,-7.393581998E-1,3.798538399E-1,2.575055301E-2,8.316264656E-1
4.015361493E2,-5.431943473E-1,3.492617923E-1,2.043277350E-1,6.773431345E-1
4.015461383E2,-3.691367707E-1,2.059307492E-1,3.792018753E-1,5.678586894E-1
4.015561263E2,-1.849290124E-1,3.852379560E-2,4.221189764E-1,4.624578388E-1
4.015661153E2,3.093937218E-2,-2.008968812E-1,4.790261257E-1,5.203679763E-1
4.015761043E2,2.718139592E-1,-3.893836319E-1,5.429090032E-1,7.212853991E-1
4.015860933E2,3.146307805E-1,-4.777251202E-1,4.176125273E-1,7.082471613E-1
4.015960823E2,1.167010689E-1,-4.243488121E-1,2.073621476E-1,4.865080822E-1
4.016060713E2,-1.071800476E-1,-2.264065289E-1,1.284849626E-1,2.815241811E-1
4.016160603E2,-2.114341486E-1,6.192610681E-2,-5.588183999E-3,2.203870905E-1
4.016260483E2,-3.119129947E-1,2.007530397E-1,-1.951932147E-1,4.191561645E-1
4.016360373E2,-7.020725521E-1,3.204741955E-1,-5.151423302E-1,9.278907257E-1
4.016460263E2,-8.522951236E-1,3.077623487E-1,-7.440783647E-1,1.172508957E0
4.016560153E2,-9.141674361E-1,3.003182584E-1,-8.587212136E-1,1.289688055E0
4.016660043E2,-1.121070870E0,1.233797586E-1,-9.806064239E-1,1.494527155E0
4.016759933E2,-1.591345175E0,5.178645015E-2,-1.215778514E0,2.003291965E0
4.016859823E2,-1.660927334E0,3.981193721E-2,-1.400152333E0,2.172715157E0
4.016959703E2,-1.618208453E0,1.710503536E-1,-1.388712256E0,2.139247193E0
4.017059593E2,-1.539849624E0,2.897529244E-1,-1.219449396E0,1.985484941E0
4.017159483E2,-1.364895085E0,2.630831891E-1,-1.003994409E0,1.714688348E0
4.017259373E2,-9.772109458E-1,1.608095402E-1,-1.093895058E0,1.475604059E0
4.017359263E2,-5.998176143E-1,4.678357244E-2,-1.388188637E0,1.512956565E0
4.017459153E2,-4.225370523E-1,-5.902530313E-2,-1.718078020E0,1.770258068E0
4.017559043E2,-2.998686075E-1,-1.469756126E-1,-1.922553397E0,1.951341737E0
4.017658933E2,-1.296295550E-1,-2.105360162E-1,-1.876246665E0,1.892466851E0
4.017758813E2,-1.881633997E-2,-2.977601016E-1,-1.805151832E0,1.829641568E0
4.017858703E2,-1.418528670E-1,-3.249736279E-1,-1.764405509E0,1.799682443E0
4.017958593E2,-5.374418566E-1,-3.837621188E-1,-1.572770325E0,1.705791197E0
4.018058483E2,-1.022521312E0,-4.229209220E-1,-1.399309165E0,1.783950133E0
4.018158373E2,-1.503158053E0,-3.569017643E-1,-1.271701577E0,2.001021715E0
4.018258263E2,-1.725339092E0,-3.673934233E-1,-1.207421381E0,2.137671467E0
4.018358153E2,-1.632465719E0,-5.006982458E-1,-1.305092979E0,2.149165127E0
4.018458033E2,-1.881926942E0,-3.630723310E-1,-1.732711262E0,2.583748991E0
4.018557923E2,-2.081811671E0,-1.176535803E-1,-2.082795172E0,2.947171174E0
4.018657813E2,-2.145444872E0,-2.326022387E-2,-2.282848593E0,3.132869680E0
4.018757703E2,-2.179356384E0,1.661720216E-1,-2.113091351E0,3.040125400E0
4.018857593E2,-1.860441349E0,2.053109443E-1,-1.820324479E0,2.610933895E0
4.018957483E2,-1.374794713E0,1.705176723E-1,-1.610972232E0,2.124704288E0
4.019057373E2,-8.381299514E-1,1.762116909E-1,-1.391086225E0,1.633595195E0
4.019157263E2,-2.257840928E-1,1.416604936E-2,-1.154826261E0,1.176776455E0
4.019257143E2,3.250446716E-1,-2.499041498E-1,-8.623619825E-1,9.548687404E-1
4.019357033E2,8.338190916E-1,-4.559723085E-1,-6.949614608E-1,1.177342964E0
4.019456923E2,1.099841091E0,-6.008750832E-1,-6.303336480E-1,1.402862003E0
4.019556813E2,1.148861516E0,-6.513254446E-1,-6.451320738E-1,1.469796928E0
4.019656703E2,1.178426793E0,-5.544826895E-1,-8.215492943E-1,1.539832459E0
4.019756593E2,1.154523375E0,-4.146178758E-1,-1.001825092E0,1.583819978E0
4.019856483E2,9.943391946E-1,-2.575657564E-1,-1.104873497E0,1.508574161E0
4.019956373E2,8.207438403E-1,-5.985619247E-2,-1.219155281E0,1.470898642E0
4.020056253E2,6.410969102E-1,1.818823206E-1,-1.223825452E0,1.393497457E0
4.020156143E2,5.138550657E-1,4.112750226E-1,-1.137067097E0,1.313817246E0
4.020256033E2,4.727909473E-1,5.464234722E-1,-9.968175370E-1,1.231160060E0
4.020355923E2,3.543345442E-1,5.475654334E-1,-6.833231628E-1,9.446223679E-1
4.020455813E2,1.654168537E-1,4.570405948E-1,-3.734239492E-1,6.129390562E-1
4.020555703E2,-7.140151978E-2,3.602972424E-1,-1.516460761E-1,3.973774180E-1
4.020655593E2,-2.922891542E-1,3.758134139E-1,-1.385907054E-2,4.762990086E-1
4.020755473E2,-3.724617898E-1,3.260916156E-1,7.441371292E-2,5.006005666E-1
4.020855363E2,-4.169617322E-1,1.503763533E-1,1.666973940E-1,4.735590300E-1
4.020955253E2,-3.444261450E-1,-5.887853801E-2,2.588117981E-1,4.348328396E-1
4.021055143E2,-2.385143584E-1,-2.621470499E-1,1.352645168E-1,3.793503189E-1
4.021155033E2,-3.196760505E-1,-3.973820382E-1,-1.799772978E-3,5.100083340E-1
4.021254923E2,-2.213817242E-1,-3.650147760E-1,2.624005267E-1,5.010984842E-1
4.021354813E2,5.508837283E-2,-1.992479664E-1,5.696635231E-1,6.060123848E-1
4.021454706E2,2.617222497E-1,1.322950083E-1,7.000959009E-1,7.590354245E-1
4.021554586E2,2.106944758E-1,3.997343731E-1,1.042935112E0,1.136614877E0
4.021654476E2,-1.310267472E-1,8.283077985E-1,1.608911380E0,1.814347720E0
4.021754366E2,-2.007009995E-1,1.378257142E0,2.139233083E0,2.552683259E0
4.021854256E2,2.481657726E-1,1.616820617E0,2.703996347E0,3.160267615E0
4.021954146E2,1.250463905E0,1.578541235E0,3.320080915E0,3.883090224E0
4.022054036E2,2.425557784E0,1.094406397E0,3.555940637E0,4.441370255E0
4.022153926E2,3.454002911E0,6.744675547E-1,3.158945685E0,4.729057034E0
4.022253806E2,3.804350823E0,3.318809438E-1,2.535599752E0,4.583938945E0
4.022353696E2,3.528572744E0,1.600435549E-1,1.940977681E0,4.030363992E0
4.022453586E2,2.653979849E0,1.298912179E-1,1.597731212E0,3.100520245E0
4.022553476E2,1.242504967E0,5.618472576E-2,1.651822342E0,2.067726376E0
4.022653366E2,-2.552186841E-1,-2.730029905E-1,2.017828221E0,2.052144717E0
4.022753256E2,-1.316165266E0,-8.583385134E-1,2.520232684E0,2.969950975E0
4.022853146E2,-1.557987687E0,-1.302239830E0,2.798516588E0,3.457578531E0
4.022953036E2,-1.152807510E0,-1.280208691E0,2.603402310E0,3.121794842E0
4.023052916E2,-4.457101527E-1,-7.871574336E-1,1.997508562E0,2.192786998E0
4.023152806E2,1.474270177E-1,-2.974911296E-1,1.242125775E0,1.285734086E0
4.023252696E2,5.646773100E-1,1.405062532E-1,6.761956993E-1,8.921003841E-1
4.023352586E2,9.018286416E-1,4.115679681E-1,2.677782109E-1,1.026834096E0
4.023452476E2,1.208068960E0,3.933784497E-1,1.632773575E-1,1.280951487E0
4.023552366E2,1.375236178E0,6.965963423E-2,3.614073363E-1,1.423636987E0
4.023652256E2,1.381319036E0,-3.685219359E-1,6.163342443E-1,1.556829662E0
4.023752136E2,1.387851838E0,-6.983586931E-1,7.909402898E-1,1.743394428E0
4.023852026E2,1.372609901E0,-8.166665769E-1,7.830240369E-1,1.778799843E0
4.023951916E2,1.321566632E0,-8.403624183E-1,7.117005774E-1,1.720251455E0
4.024051806E2,1.204707103E0,-7.084433860E-1,7.393523526E-1,1.581092387E0
4.024151696E2,1.122499344E0,-4.642192215E-1,8.409544489E-1,1.477399285E0
4.024251586E2,1.104716207E0,-2.935577077E-1,9.654817235E-1,1.496238278E0
4.024351476E2,1.164526792E0,-1.564089257E-1,9.726670745E-1,1.525341810E0
4.024451366E2,1.208058727E0,-1.405495226E-2,9.499561965E-1,1.536886530E0
4.024551246E2,1.109820534E0,1.605323821E-1,9.444679999E-1,1.466114616E0
4.024651136E2,8.875862861E-1,2.809867787E-1,9.871491659E-1,1.356918001E0
4.024751026E2,6.775423130E-1,3.259904587E-1,1.015647326E0,1.263674347E0
4.024850916E2,4.389250436E-1,2.963959461E-1,1.060244916E0,1.185168779E0
4.024950806E2,1.678481260E-1,2.035947865E-1,1.125305716E0,1.155827316E0
4.025050696E2,-6.952544063E-2,8.647564173E-2,1.110282757E0,1.115813436E0
4.025150586E2,-2.691692635E-1,-5.216885805E-3,1.140156181E0,1.171509892E0
4.025250476E2,-3.510261896E-1,8.179377615E-2,1.134161616E0,1.190055536E0
4.025350356E2,-2.683459756E-1,2.102132499E-1,1.068785067E0,1.121829173E0
4.025450246E2,-6.966226548E-2,3.224002683E-1,9.036345541E-1,9.619512315E-1
4.025550136E2,1.609697539E-1,4.017411375E-1,6.821987432E-1,8.078999495E-1
4.025650026E2,4.013476199E-1,4.427874219E-1,5.045860595E-1,7.821430204E-1
4.025749916E2,5.435805559E-1,4.569137102E-1,3.929264599E-1,8.115671028E-1
4.025849806E2,6.226463136E-1,4.452567011E-1,3.307883915E-1,8.338842376E-1
4.025949696E2,5.990855429E-1,4.069983691E-1,4.161258727E-1,8.352915072E-1
4.026049576E2,4.607471448E-1,4.183326119E-1,4.388294417E-1,7.614862996E-1
4.026149466E2,2.882142296E-1,4.516646647E-1,4.567619750E-1,7.040595950E-1
4.026249356E2,1.055489668E-1,5.321679604E-1,4.376339784E-1,6.970414776E-1
4.026349246E2,-7.116061449E-2,5.909722388E-1,4.248411477E-1,7.313015936E-1
4.026449136E2,-2.161496356E-1,5.454768080E-1,3.715601492E-1,6.944944618E-1
4.026549026E2,-3.552011016E-1,3.786382037E-1,3.434078524E-1,6.224657942E-1
4.026648916E2,-5.285116965E-1,2.015605402E-1,4.460221016E-1,7.203381010E-1
4.026748806E2,-6.430954885E-1,6.052511394E-2,5.603016923E-1,8.550865940E-1
4.026848686E2,-7.061056691E-1,-1.299719095E-2,6.948556262E-1,9.907464278E-1
4.026948576E2,-7.208932775E-1,-4.630643964E-2,6.894136226E-1,9.985602370E-1
4.027048466E2,-7.932806379E-1,-5.542049468E-2,7.133661568E-1,1.068296249E0
4.027148356E2,-9.013225651E-1,-2.890278697E-3,7.361398923E-1,1.163740805E0
4.027248246E2,-1.048333261E0,1.467499101E-1,7.119182400E-1,1.275682462E0
4.027348136E2,-1.193766378E0,4.115849251E-1,7.137222522E-1,1.450475705E0
4.027448026E2,-1.252486749E0,6.011750454E-1,6.626659732E-1,1.539240294E0
4.027547916E2,-1.218641018E0,6.938832343E-1,6.396415383E-1,1.541330974E0
4.027647796E2,-1.145115790E0,7.048327303E-1,5.978953421E-1,1.471583565E0
4.027747686E2,-1.026056246E0,5.301898474E-1,4.169468218E-1,1.227899567E0
4.027847576E2,-9.178541055E-1,2.842366612E-1,1.848676166E-1,9.784797771E-1
4.027947466E2,-8.696873742E-1,1.250684345E-1,-1.225529623E-1,8.871400514E-1
4.028047356E2,-8.428717509E-1,-7.647924185E-2,-2.942808621E-1,8.960374371E-1
4.028147246E2,-8.010615277E-1,-2.365105176E-1,-3.710198665E-1,9.139433995E-1
4.028247136E2,-7.885394230E-1,-2.361468208E-1,-5.000277163E-1,9.631134200E-1
4.028347016E2,-7.543004671E-1,-1.541975087E-1,-5.328517923E-1,9.363103646E-1
4.028446906E2,-5.615201059E-1,-7.524606407E-2,-4.700461181E-1,7.361454697E-1
4.028546796E2,-2.911340368E-1,-4.931950986E-2,-3.738516730E-1,4.763995328E-1
4.028646686E2,-9.211995900E-3,-6.977774799E-2,-5.178241557E-1,5.225855444E-1
4.028746576E2,3.225207210E-1,-1.971681118E-2,-7.792888355E-1,8.436228169E-1
4.028846466E2,5.343852246E-1,-2.213405013E-2,-9.404585642E-1,1.081905631E0
4.028946356E2,6.254266647E-1,3.047627270E-2,-1.139873469E0,1.300537904E0
4.029046246E2,5.214146385E-1,1.023379683E-1,-1.419162508E0,1.515377349E0
4.029146126E2,3.279568774E-1,1.283645099E-1,-1.440288645E0,1.482722004E0
4.029246016E2,7.447890937E-2,1.194463366E-1,-1.434617869E0,1.441507185E0
4.029345906E2,-3.053196743E-1,7.575652599E-3,-1.450796822E0,1.482595330E0
4.029445796E2,-6.413650051E-1,-6.949415803E-3,-1.260612040E0,1.414404496E0
4.029545686E2,-8.655060303E-1,8.513253629E-2,-9.383719853E-1,1.279410106E0
4.029645576E2,-9.203713319E-1,6.694652617E-2,-6.048959211E-1,1.103387648E0
4.029745466E2,-8.182307070E-1,-2.191302538E-2,-2.026086536E-1,8.432270970E-1
4.029845346E2,-6.552056569E-1,-6.759966016E-2,3.399688125E-2,6.595604254E-1
4.029945236E2,-4.177136841E-1,-1.725045562E-2,5.173324049E-3,4.181017381E-1
4.030045126E2,-2.991996861E-1,2.303335190E-2,-1.101498485E-1,3.196622852E-1
4.030145016E2,-2.954083514E-1,8.923552752E-2,-2.842875320E-1,4.195813083E-1
4.030244906E2,-3.334748948E-1,2.012155545E-1,-5.533372200E-1,6.766648238E-1
4.030344796E2,-4.403731066E-1,2.702676630E-1,-6.983516765E-1,8.687163787E-1
4.030444686E2,-6.426306349E-1,2.334904307E-1,-8.189727187E-1,1.066868421E0
4.030544576E2,-7.824144647E-1,1.345111030E-1,-7.958484426E-1,1.124117598E0
4.030644456E2,-7.988632670E-1,3.711929440E-2,-6.386862494E-1,1.023464942E0
4.030744346E2,-6.893188977E-1,-1.340287077E-1,-4.739185828E-1,8.471853755E-1
4.030844236E2,-4.256682363E-1,-1.253789216E-1,-2.534420076E-1,5.110246301E-1
4.030944126E2,-1.526129133E-1,-4.269870758E-2,-1.240002944E-1,2.012211567E-1
4.031044016E2,6.323588312E-2,6.184190691E-2,-1.135622835E-1,1.439430116E-1
4.031143906E2,1.726410887E-1,1.363529760E-1,-1.293924505E-1,2.552243832E-1
4.031243796E2,3.085157624E-1,1.023888391E-1,-1.517160966E-1,3.587244402E-1
4.031343686E2,4.128485084E-1,1.851930141E-2,-7.325216353E-2,4.197055335E-1
4.031443567E2,5.178036904E-1,-1.005352718E-1,2.469089136E-2,5.280507957E-1
4.031543457E2,6.672930211E-1,-1.296830571E-1,1.700269447E-1,7.007187975E-1
4.031643347E2,7.870670941E-1,-1.541472226E-1,2.415291828E-1,8.375991422E-1
4.031743237E2,9.404530093E-1,-1.998174852E-1,3.201362264E-1,1.013344015E0
4.031843127E2,1.069074797E0,-2.625926077E-1,2.884460717E-1,1.138014470E0
4.031943017E2,1.161340351E0,-2.900218964E-1,1.503170040E-1,1.206407607E0
4.032042907E2,1.191876558E0,-2.443627435E-1,6.952047050E-3,1.216688625E0
4.032142797E2,1.224674468E0,-1.457640696E-1,-1.198066713E-1,1.239124027E0
4.032242677E2,1.273051114E0,-5.465626359E-2,-2.197582448E-1,1.293035240E0
4.032342567E2,1.189040951E0,-2.728076935E-2,-2.582032491E-1,1.217058561E0
4.032442457E2,1.075852304E0,-5.523162961E-2,-2.474901268E-1,1.105332564E0
4.032542347E2,9.370370659E-1,-6.316980958E-2,-2.658483374E-1,9.760656875E-1
4.032642237E2,7.819168666E-1,-6.230617583E-2,-2.769921072E-1,8.318657784E-1
4.032742127E2,6.283312690E-1,-5.008432567E-2,-3.136861628E-1,7.040650766E-1
4.032842017E2,4.754806665E-1,-4.249990225E-2,-3.515856220E-1,5.928748228E-1
4.032941907E2,2.018812600E-1,-9.434716344E-2,-4.906170613E-1,5.388529773E-1
4.033041787E2,-7.707741201E-2,-1.316459674E-1,-6.178501350E-1,6.364042563E-1
4.033141677E2,-4.621110079E-1,-1.496477902E-1,-7.210627006E-1,8.694092609E-1
4.033241567E2,-9.034070975E-1,-1.297614098E-1,-7.797971047E-1,1.200444056E0
4.033341457E2,-1.327360930E0,-8.636395991E-2,-7.430707432E-1,1.523646909E0
4.033441347E2,-1.579760379E0,-1.275511622E-2,-6.288576646E-1,1.700372756E0
4.033541237E2,-1.738112335E0,2.085292518E-2,-5.321122657E-1,1.817859399E0
4.033641127E2,-1.787967157E0,-3.765256047E-2,-4.395229214E-1,1.841582110E0
4.033741007E2,-1.755559841E0,-1.423498803E-1,-3.375702846E-1,1.793378806E0
4.033840897E2,-1.521420954E0,-1.977288598E-1,-2.804231071E-1,1.559633143E0
4.033940787E2,-1.080710464E0,-2.419542754E-1,-2.691466056E-1,1.139700343E0
4.034040677E2,-5.926775792E-1,-2.693356168E-1,-3.183060479E-1,7.246565583E-1
4.034140567E2,-1.496302485E-1,-1.954858679E-1,-3.821675831E-1,4.545943218E-1
4.034240457E2,2.436540610E-1,-1.368336171E-1,-4.068977970E-1,4.936157994E-1
4.034340347E2,5.301758140E-1,-1.017187482E-1,-4.808814472E-1,7.229661567E-1
4.034440237E2,6.783875281E-1,-7.531856954E-2,-5.362575030E-1,8.680176465E-1
4.034540117E2,7.570185453E-1,-9.055290520E-2,-5.532902960E-1,9.420228544E-1
4.034640007E2,8.281654188E-1,-8.105644226E-2,-5.515104036E-1,9.982944621E-1
4.034739897E2,8.341889280E-1,-4.819684446E-2,-5.326819307E-1,9.909309475E-1
4.034839787E2,7.905014563E-1,3.166325748E-2,-5.340712291E-1,9.545298277E-1
4.034939677E2,7.308926010E-1,1.015357304E-1,-5.249010408E-1,9.055576190E-1
4.035039567E2,6.493487933E-1,1.824132478E-1,-5.029880154E-1,8.413830234E-1
4.035139457E2,5.276509863E-1,8.680425525E-2,-5.642972410E-1,7.774200398E-1
4.035239347E2,4.413835055E-1,9.764850140E-4,-6.744095211E-1,8.060077881E-1
4.035339227E2,2.924446902E-1,-2.707904041E-2,-7.992132229E-1,8.514686999E-1
4.035439117E2,1.739572969E-1,-6.026432812E-2,-9.313410008E-1,9.493624124E-1
4.035539007E2,7.301505893E-2,4.140764236E-2,-1.034885250E0,1.038283811E0
4.035638897E2,2.218579799E-2,2.069171745E-1,-1.112677776E0,1.131971184E0
4.035738787E2,-2.734304219E-2,4.381499952E-1,-1.130835281E0,1.213058735E0
4.035838677E2,-7.518729955E-2,6.077841532E-1,-1.110599091E0,1.268260639E0
4.035938567E2,-9.764499307E-2,7.391699195E-1,-1.091547035E0,1.321885640E0
4.036038457E2,-1.964059272E-1,8.187136871E-1,-1.063787452E0,1.356654390E0
4.036138337E2,-1.760272112E-1,7.050408912E-1,-8.743990606E-1,1.136944130E0
4.036238227E2,-2.665888873E-1,6.499747378E-1,-7.690689989E-1,1.041635214E0
4.036338117E2,-3.592102450E-1,6.525200307E-1,-6.310437924E-1,9.762328915E-1
4.036438007E2,-3.662628642E-1,5.858506626E-1,-4.569218963E-1,8.283399688E-1
4.036537897E2,-3.503479126E-1,5.128616238E-1,-2.636339968E-1,6.747396456E-1
4.036637787E2,-2.035944942E-1,3.764302951E-1,-1.391806895E-1,4.500241654E-1
4.036737677E2,1.261908075E-1,1.486286205E-1,-6.703953344E-2,2.061768313E-1
4.036837557E2,4.189670348E-1,2.308480740E-2,5.566724718E-2,4.232790179E-1
4.036937447E2,7.586084032E-1,2.005361080E-2,1.706094736E-1,7.778151768E-1
4.037037337E2,1.163974230E0,-5.913873911E-2,1.352402508E-1,1.173295923E0
4.037137227E2,1.464678404E0,-3.229276872E-1,1.075232792E-1,1.503704218E0
4.037237117E2,1.620564004E0,-6.742886299E-1,2.281887603E-1,1.770017785E0
4.037337007E2,1.408725228E0,-1.060677903E0,5.391483665E-1,1.843969995E0
4.037436897E2,1.118523238E0,-1.556573246E0,9.519079971E-1,2.140126944E0
4.037536787E2,6.451800209E-1,-1.907683343E0,1.463685547E0,2.489555859E0
4.037636667E2,2.128503442E-1,-2.228933464E0,1.865968137E0,2.914667518E0
4.037736557E2,-9.574289382E-2,-2.415077235E0,2.053826312E0,3.171745146E0
4.037836447E2,-2.935547841E-1,-2.274697866E0,1.943276514E0,3.006118495E0
4.037936337E2,-3.989844677E-1,-1.824001501E0,1.569308481E0,2.439036529E0
4.038036227E2,-3.067437637E-1,-1.047709948E0,1.079774909E0,1.535480943E0
4.038136117E2,-1.612784868E-1,-2.913761115E-1,4.782227182E-1,5.827587468E-1
4.038236007E2,-1.035442489E-1,2.477365869E-1,-1.877622807E-1,3.276423386E-1
4.038335897E2,-1.818598089E-1,5.967685837E-1,-6.998204970E-1,9.375257120E-1
4.038435777E2,-5.583602706E-1,8.694312662E-1,-1.065471450E0,1.484219097E0
4.038535667E2,-9.240018681E-1,8.122507596E-1,-1.010983586E0,1.592362572E0
4.038635557E2,-1.461802744E0,9.235682970E-1,-1.051852115E0,2.023916632E0
4.038735447E2,-1.873231256E0,9.593421471E-1,-7.790982163E-1,2.244176179E0
4.038835337E2,-2.167659321E0,8.166227227E-1,-4.955702376E-1,2.368799161E0
4.038935227E2,-2.481214507E0,5.424608141E-1,-5.459147644E-1,2.597828342E0
4.039035117E2,-2.707774525E0,3.202391374E-1,-8.303888226E-1,2.850287982E0
4.039135007E2,-2.767977750E0,3.009135050E-1,-9.830011511E-1,2.952717566E0
4.039234887E2,-2.568157926E0,3.338210499E-1,-1.484617410E0,2.985123193E0
4.039334777E2,-2.181339175E0,3.813665146E-1,-1.234161283E0,2.535120330E0
4.039434667E2,-2.039786270E0,3.014409238E-1,-8.054960561E-1,2.213688902E0
4.039534557E2,-2.002429286E0,8.058866501E-2,-9.315924311E-1,2.209995936E0
4.039634447E2,-1.895317066E0,-4.750804245E-2,-1.430586798E0,2.375092079E0
4.039734337E2,-1.706325701E0,2.017289400E-3,-1.675881003E0,2.391679034E0
4.039834227E2,-1.571034287E0,1.644231194E-1,-1.494892137E0,2.174830153E0
4.039934117E2,-1.496360665E0,5.617192036E-1,-1.444146491E0,2.154108352E0
4.040033997E2,-1.350536662E0,9.822532922E-1,-1.410623235E0,2.186007483E0
4.040133887E2,-1.143019855E0,1.093767881E0,-1.313069458E0,2.055960595E0
4.040233777E2,-9.496971649E-1,1.017623100E0,-1.427835099E0,1.994039756E0
4.040333667E2,-6.256257623E-1,8.275593549E-1,-1.541264066E0,1.857890470E0
4.040433557E2,-2.373226959E-1,5.736609721E-1,-1.577339047E0,1.695112811E0
4.040533447E2,8.402945906E-2,3.263576639E-1,-1.577058381E0,1.612663453E0
4.040633337E2,2.670955485E-1,1.605060697E-1,-1.546559304E0,1.577639981E0
4.040733227E2,2.555548990E-1,8.954659939E-2,-1.403318893E0,1.429206358E0
4.040833107E2,1.462078732E-1,5.421012104E-2,-1.171458666E0,1.181791388E0
4.040932997E2,2.834379315E-2,-5.989829242E-2,-1.016328526E0,1.018486548E0
4.041032887E2,6.038828909E-2,-2.650425911E-1,-8.943772423E-1,9.347753592E-1
4.041132777E2,1.457181689E-1,-5.055654681E-1,-7.730720758E-1,9.351313607E-1
4.041232667E2,1.968327740E-1,-6.752124900E-1,-6.245492899E-1,9.405938885E-1
4.041332557E2,1.665099907E-1,-7.834146309E-1,-5.060618967E-1,9.473978595E-1
4.041432447E2,1.286416680E-2,-7.727615887E-1,-5.857185155E-1,9.697381807E-1
4.041532330E2,-1.701794109E-1,-7.151062882E-1,-6.245843732E-1,9.645950832E-1
4.041632210E2,-3.015227848E-1,-6.046295804E-1,-6.619989520E-1,9.459046103E-1
4.041732100E2,-3.758786103E-1,-4.260895282E-1,-7.769154507E-1,9.625147444E-1
4.041831990E2,-3.901806074E-1,-1.874453616E-1,-9.833712798E-1,1.074428101E0
4.041931880E2,-3.270499742E-1,-6.977482438E-3,-1.134927016E0,1.181130689E0
4.042031770E2,-1.275108165E-1,1.057960117E-1,-1.332089281E0,1.342353775E0
4.042131660E2,5.495125562E-2,2.283577448E-1,-1.636664897E0,1.653432456E0
4.042231550E2,2.432582045E-1,3.347261989E-1,-1.879184598E0,1.924201376E0
4.042331440E2,3.579393527E-1,3.658854264E-1,-2.022823205E0,2.086577687E0
4.042431320E2,4.061622173E-1,3.466586119E-1,-2.095490647E0,2.162457165E0
4.042531210E2,3.781183863E-1,3.184183145E-1,-2.067228715E0,2.125511302E0
4.042631100E2,3.417691702E-1,2.817498404E-1,-1.987201967E0,2.035966797E0
4.042730990E2,2.602657083E-1,2.360257834E-1,-1.838230700E0,1.871507017E0
4.042830880E2,1.146220914E-1,2.013675821E-1,-1.611433577E0,1.628006542E0
4.042930770E2,-1.067505696E-1,2.633860749E-1,-1.472866845E0,1.500034884E0
4.043030660E2,-2.921435586E-1,3.378357482E-1,-1.314693230E0,1.388488077E0
4.043130550E2,-5.748084882E-1,3.681091225E-1,-1.127423942E0,1.317950633E0
4.043230430E2,-8.015056238E-1,3.476292497E-1,-8.407109123E-1,1.212457091E0
4.043330320E2,-8.764312604E-1,3.280784994E-1,-6.454641956E-1,1.136833886E0
4.043430210E2,-8.221416172E-1,3.435204113E-1,-4.003074002E-1,9.768158099E-1
4.043530100E2,-7.612951988E-1,3.769957209E-1,-1.775659060E-1,8.678858244E-1
4.043629990E2,-6.831819525E-1,5.668583214E-1,-1.005394379E-1,8.934059074E-1
4.043729880E2,-4.757218641E-1,8.218518877E-1,-1.392996803E-2,9.497083033E-1
4.043829770E2,-1.189732969E-1,8.950274527E-1,1.297894764E-1,9.121809550E-1
4.043929660E2,5.270346898E-1,7.318544680E-1,1.998356116E-1,9.237482331E-1
4.044029540E2,1.103641489E0,5.337636656E-1,2.166795395E-1,1.244941047E0
4.044129430E2,1.500938450E0,-3.953419447E-2,1.689674293E-1,1.510936523E0
4.044229320E2,1.905909590E0,-4.243312705E-1,8.265799463E-2,1.954323601E0
4.044329210E2,1.870775717E0,-6.422148979E-1,3.280820078E-1,2.004963731E0
4.044429100E2,1.739484384E0,-9.328729713E-1,6.823906781E-1,2.088471915E0
4.044528990E2,1.815317216E0,-1.359333798E0,1.072479923E0,2.508660629E0
4.044628880E2,1.883120067E0,-1.614607446E0,1.606225901E0,2.955175127E0
4.044728770E2,2.071379946E0,-1.831051489E0,2.070062860E0,3.453769633E0
4.044828650E2,2.501375121E0,-1.881075003E0,2.476116319E0,3.990798503E0
4.044928540E2,3.222992577E0,-1.694500877E0,2.569813272E0,4.456787478E0
4.045028430E2,4.068863949E0,-1.370479760E0,2.401964123E0,4.919684976E0
4.045128320E2,4.689006777E0,-1.082527778E0,2.141464672E0,5.267306892E0
4.045228210E2,4.916142454E0,-6.836342347E-1,1.824463284E0,5.288145107E0
4.045328100E2,4.654519899E0,-2.389382815E-1,1.430845830E0,4.875342735E0
4.045427990E2,4.086783619E0,1.402630091E-1,9.584941547E-1,4.200022036E0
4.045527880E2,3.156196032E0,4.514512414E-1,6.569066119E-1,3.255289221E0
4.045627760E2,1.997274673E0,6.255082333E-1,5.745327920E-1,2.170358173E0
4.045727650E2,8.332840714E-1,7.429711944E-1,6.205226049E-1,1.277269291E0
4.045827540E2,-1.600727910E-1,8.125343496E-1,7.803565371E-1,1.137889139E0
4.045927430E2,-9.358570978E-1,6.664697331E-1,1.063811718E0,1.565792382E0
4.046027320E2,-1.308270063E0,5.116676223E-1,1.330512872E0,1.934848525E0
4.046127210E2,-1.435541144E0,3.374141639E-1,1.824927700E0,2.346271042E0
4.046227100E2,-1.376746221E0,9.869749188E-2,2.277664159E0,2.663254658E0
4.046326980E2,-8.381173798E-1,1.178646648E-1,2.651662597E0,2.783459601E0
4.046426870E2,-2.195041832E-1,2.649642384E-1,2.901795081E0,2.922122999E0
4.046526760E2,3.220704854E-1,3.086049324E-1,2.923852240E0,2.957681241E0
4.046626650E2,7.434310779E-1,1.521012819E-1,2.800967740E0,2.901938120E0
4.046726540E2,9.995587116E-1,-1.444911307E-1,2.625786329E0,2.813316397E0
4.046826430E2,1.114337216E0,-3.016929388E-1,2.488392256E0,2.743148206E0
4.046926320E2,1.046386138E0,-3.234568602E-1,2.428683121E0,2.664216582E0
4.047026210E2,8.947143343E-1,-2.430015117E-1,2.375403731E0,2.549922814E0
4.047126090E2,8.094669002E-1,-1.814519656E-1,2.304555504E0,2.449313689E0
4.047225980E2,7.646611485E-1,-2.109611088E-1,2.209904870E0,2.347954598E0
4.047325870E2,8.469042832E-1,-3.168220246E-1,2.101092280E0,2.287402856E0
4.047425760E2,9.701133031E-1,-3.980240625E-1,1.957064248E0,2.220280038E0
4.047525650E2,1.058014204E0,-4.354631996E-1,1.779873587E0,2.115885687E0
4.047625540E2,1.154267267E0,-4.099933130E-1,1.588242789E0,2.005727448E0
4.047725430E2,1.191709328E0,-3.533291155E-1,1.344697486E0,1.831181016E0
4.047825320E2,1.151734253E0,-2.709231359E-1,1.075657884E0,1.599040656E0
4.047925200E2,1.067648368E0,-1.637559521E-1,8.031636018E-1,1.346016650E0
4.048025090E2,9.673770985E-1,-9.532481790E-2,5.942180282E-1,1.139298177E0
4.048124980E2,8.567577186E-1,-3.817530155E-2,3.611678928E-1,9.305554196E-1
4.048224870E2,7.626146230E-1,4.742033422E-2,1.541466379E-1,7.794811975E-1
4.048324760E2,6.677301005E-1,1.457085210E-1,4.439644665E-3,6.834575119E-1
4.048424650E2,6.404019687E-1,2.421092266E-1,-1.319324809E-1,6.972357841E-1
4.048524540E2,6.110056767E-1,2.894015068E-1,-2.492768897E-1,7.205693144E-1
4.048624430E2,6.138480082E-1,3.012614143E-1,-2.835257860E-1,7.402396154E-1
4.048724310E2,6.869686094E-1,3.000258976E-1,-3.078127809E-1,8.103641883E-1
4.048824200E2,7.096540520E-1,3.103813165E-1,-3.474381919E-1,8.489162104E-1
4.048924090E2,7.501492363E-1,2.737251216E-1,-3.308028634E-1,8.643378121E-1
4.049023980E2,7.766608045E-1,1.623865342E-1,-2.657835795E-1,8.367868921E-1
4.049123870E2,7.079995823E-1,-3.421205878E-3,-1.666029614E-1,7.273456262E-1
4.049223760E2,6.258245677E-1,-1.355501533E-1,-1.396446660E-2,6.404882824E-1
4.049323650E2,5.260517728E-1,-2.242325342E-1,8.708492160E-2,5.784414237E-1
4.049423540E2,4.195728064E-1,-2.980816984E-1,1.881160372E-1,5.479796367E-1
4.049523420E2,2.455450505E-1,-3.100345767E-1,2.171597421E-1,4.511897208E-1
4.049623310E2,1.319310191E-1,-3.361692917E-1,2.308568448E-1,4.286145930E-1
4.049723200E2,4.966917336E-2,-3.525754094E-1,2.574423802E-1,4.393779981E-1
4.049823090E2,-4.844622821E-2,-3.435034543E-1,2.435447180E-1,4.238581011E-1
4.049922980E2,-9.922491074E-2,-2.852622628E-1,1.502260798E-1,3.373247939E-1
4.050022870E2,-1.094929138E-1,-2.455666852E-1,2.150839806E-2,2.697300618E-1
4.050122760E2,-5.311025977E-3,-2.853189808E-1,-1.753778780E-1,3.349515306E-1
4.050222650E2,1.560493219E-1,-3.151315945E-1,-3.929259483E-1,5.273045738E-1
4.050322530E2,2.352960509E-1,-3.263529861E-1,-5.828353266E-1,7.082143186E-1
4.050422420E2,2.937012568E-1,-3.311921418E-1,-7.593322885E-1,8.789392399E-1
4.050522310E2,3.656369197E-1,-2.640070492E-1,-9.114743547E-1,1.016944236E0
4.050622200E2,2.978045404E-1,-2.179537940E-1,-9.774807948E-1,1.044825394E0
4.050722090E2,1.896734431E-1,-2.149799001E-1,-1.008107195E0,1.048080383E0
4.050821980E2,1.669353756E-1,-2.824865896E-1,-9.966320340E-1,1.049257597E0
4.050921870E2,2.395270962E-1,-3.093463594E-1,-9.950312126E-1,1.069184509E0
4.051021760E2,2.978571653E-1,-2.828444391E-1,-1.005932835E0,1.086563728E0
4.051121640E2,2.507344544E-1,-2.004834831E-1,-8.926353568E-1,9.486091259E-1
4.051221530E2,2.535326394E-1,-1.200550318E-1,-7.333839534E-1,7.852031795E-1
4.051321420E2,2.314874670E-1,-5.503399372E-2,-6.767577629E-1,7.173675888E-1
4.051421310E2,2.138163042E-1,-1.724519312E-2,-6.322623521E-1,6.676604605E-1
4.051521206E2,1.911144894E-1,-4.902305603E-2,-5.755051839E-1,6.083865752E-1
4.051621096E2,1.925090504E-1,-1.175863373E-1,-5.432151049E-1,5.881912371E-1
4.051720986E2,2.205677918E-1,-1.660328579E-1,-5.041959040E-1,5.748309058E-1
4.051820876E2,2.642330441E-1,-1.671549386E-1,-4.236546014E-1,5.265387891E-1
4.051920756E2,3.195184681E-1,-1.892141443E-1,-3.563720796E-1,5.146796120E-1
4.052020646E2,3.486849645E-1,-1.707451290E-1,-3.218616667E-1,5.043114474E-1
4.052120536E2,3.239436409E-1,-1.895503592E-1,-3.052415409E-1,4.837780684E-1
4.052220426E2,2.805444369E-1,-1.824185103E-1,-2.938482412E-1,4.453408614E-1
4.052320316E2,1.679323259E-1,-1.244948226E-1,-2.912070539E-1,3.584714426E-1
4.052420206E2,2.590901256E-3,-5.471648991E-2,-2.789332366E-1,2.842610728E-1
4.052520096E2,-1.774302506E-1,4.463647485E-2,-2.781900555E-1,3.329618833E-1
4.052619986E2,-3.419065797E-1,1.292948020E-1,-3.042867637E-1,4.756129620E-1
4.052719866E2,-4.074535748E-1,2.206546229E-1,-3.619719581E-1,5.879885855E-1
4.052819756E2,-3.884311205E-1,2.613085592E-1,-4.174894434E-1,6.272625717E-1
4.052919646E2,-3.551171941E-1,1.806848109E-1,-4.632081648E-1,6.109967482E-1
4.053019536E2,-2.816980925E-1,1.014714110E-1,-6.161292994E-1,6.850296170E-1
4.053119426E2,-2.808636948E-1,9.144694448E-2,-7.847431914E-1,8.384920006E-1
4.053219316E2,-3.691256610E-1,1.704463363E-1,-8.948567871E-1,9.828908264E-1
4.053319206E2,-5.195031837E-1,2.614412910E-1,-9.119604045E-1,1.081622340E0
4.053419096E2,-7.548746637E-1,3.140469360E-1,-9.131638346E-1,1.225695486E0
4.053518986E2,-1.015289768E0,3.671887708E-1,-8.366785993E-1,1.365896038E0
4.053618866E2,-1.283533710E0,3.448412973E-1,-7.231900638E-1,1.513069124E0
4.053718756E2,-1.416790585E0,2.887828714E-1,-6.541788858E-1,1.587022723E0
4.053818646E2,-1.457932764E0,3.625987065E-1,-6.276542345E-1,1.628187828E0
4.053918536E2,-1.418341852E0,4.806779641E-1,-6.405080956E-1,1.628801871E0
4.054018426E2,-1.303209298E0,4.943592793E-1,-6.771053068E-1,1.549586128E0
4.054118316E2,-1.217593782E0,4.310696018E-1,-6.799872532E-1,1.459704862E0
4.054218206E2,-1.213778181E0,2.929583681E-1,-6.346310592E-1,1.400656510E0
4.054318096E2,-1.239446873E0,1.374405581E-1,-5.150531602E-1,1.349221337E0
4.054417976E2,-1.304202155E0,3.402085483E-2,-3.590734202E-1,1.353157198E0
4.054517866E2,-1.358926247E0,-4.267590344E-2,-2.176101239E-1,1.376900847E0
4.054617756E2,-1.397823095E0,-9.507046402E-2,-3.111069560E-2,1.401397757E0
4.054717646E2,-1.403253112E0,-5.608590782E-2,6.912571035E-2,1.406073714E0
4.054817536E2,-1.337078125E0,5.068600416E-2,1.779687792E-1,1.349822163E0
4.054917426E2,-1.161826840E0,1.787879741E-1,2.171234894E-1,1.195386697E0
4.055017316E2,-8.563685864E-1,3.093539608E-1,2.076211792E-1,9.339023412E-1
4.055117206E2,-5.589742282E-1,3.955021584E-1,1.656644102E-1,7.044990006E-1
4.055217086E2,-3.582317135E-1,4.037519950E-1,4.227471136E-2,5.414173854E-1
4.055316976E2,-2.529347616E-1,3.394536728E-1,-5.743427575E-2,4.272042669E-1
4.055416866E2,-2.253534454E-1,2.865240920E-1,-2.494363725E-1,4.416998241E-1
4.055516756E2,-2.412257123E-1,2.770977956E-1,-4.037438089E-1,5.458773633E-1
4.055616646E2,-3.112098670E-1,2.863708949E-1,-4.899313290E-1,6.472191112E-1
4.055716536E2,-3.400734776E-1,2.584498554E-1,-5.127355432E-1,6.673410187E-1
4.055816426E2,-3.188267425E-1,2.761721814E-1,-6.295241010E-1,7.577744778E-1
4.055916316E2,-3.212352106E-1,2.612997884E-1,-6.006892148E-1,7.295869878E-1
4.056016196E2,-2.788317874E-1,2.283162296E-1,-5.110396314E-1,6.253294901E-1
4.056116086E2,-1.683363685E-1,2.059652478E-1,-4.034181190E-1,4.832235455E-1
4.056215976E2,-6.092915654E-2,2.029942775E-1,-2.934336005E-1,3.619700495E-1
4.056315866E2,7.183596790E-2,2.156786424E-1,-2.030613743E-1,3.048140495E-1
4.056415756E2,2.190437150E-1,2.289143997E-1,-1.020355211E-1,3.328561237E-1
4.056515646E2,3.865983108E-1,2.066493720E-1,-3.342019960E-2,4.396352199E-1
4.056615536E2,5.486769891E-1,1.779336959E-1,3.516325459E-2,5.778782683E-1
4.056715426E2,7.018313545E-1,9.648022771E-2,8.195398986E-2,7.131564632E-1
4.056815306E2,8.086365956E-1,-2.479453325E-2,1.438059832E-1,8.216982861E-1
4.056915196E2,9.050986969E-1,-1.408342820E-1,1.660924995E-1,9.309267773E-1
4.057015086E2,9.861902225E-1,-2.820802081E-1,2.318966259E-1,1.051625620E0
4.057114976E2,1.012203315E0,-4.361923474E-1,2.941922767E-1,1.140775355E0
4.057214866E2,1.013578288E0,-5.927094465E-1,3.169774143E-1,1.216190822E0
4.057314756E2,1.005881598E0,-6.992258352E-1,2.985599276E-1,1.260893568E0
4.057414646E2,9.638360247E-1,-6.957180905E-1,2.784683830E-1,1.220880086E0
4.057514536E2,9.683588460E-1,-6.229939306E-1,2.253089335E-1,1.173287862E0
4.057614416E2,9.909787998E-1,-5.341577679E-1,1.111297687E-1,1.131244151E0
4.057714306E2,9.214071661E-1,-4.483048546E-1,3.966107905E-2,1.025446932E0
4.057814196E2,7.640091839E-1,-4.393311328E-1,-6.778392054E-2,8.839211148E-1
4.057914086E2,7.053250659E-1,-5.306921232E-1,-2.286150223E-1,9.118017364E-1
4.058013976E2,5.309529090E-1,-3.761800343E-1,-2.798875753E-1,7.083498179E-1
4.058113866E2,3.092744386E-1,-2.351878774E-1,-3.142697150E-1,4.997293966E-1
4.058213756E2,1.143876180E-1,-9.037690401E-2,-3.184083742E-1,3.501948096E-1
4.058313646E2,-1.294515073E-2,5.300500989E-2,-3.507368986E-1,3.549556029E-1
4.058413526E2,-9.920093715E-2,1.526953590E-1,-3.812780754E-1,4.225277143E-1
4.058513416E2,-1.487940967E-1,2.106845355E-1,-4.212807781E-1,4.939687750E-1
4.058613306E2,-1.869769996E-1,2.021294743E-1,-4.319260727E-1,5.122273470E-1
4.058713196E2,-2.384851223E-1,2.159037602E-1,-4.449579084E-1,5.490693285E-1
4.058813086E2,-2.786943778E-1,2.245044297E-1,-4.496983192E-1,5.747185167E-1
4.058912976E2,-2.845565039E-1,2.422823042E-1,-4.346428353E-1,5.732255342E-1
4.059012866E2,-2.738014278E-1,2.244599909E-1,-4.146740822E-1,5.452559984E-1
4.059112756E2,-2.827479601E-1,2.150038737E-1,-3.743757297E-1,5.160719539E-1
4.059212646E2,-2.861779368E-1,2.089216000E-1,-3.112952363E-1,4.716468707E-1
4.059312526E2,-2.841992390E-1,2.095466673E-1,-2.147349018E-1,4.132675783E-1
4.059412416E2,-2.154087934E-1,1.603253907E-1,-1.191468130E-1,2.937705605E-1
4.059512306E2,-2.024504864E-1,7.981390893E-2,-6.808907211E-2,2.280188178E-1
4.059612196E2,-2.134625477E-1,5.129645348E-2,-8.794212341E-4,2.195412462E-1
4.059712086E2,-2.418010783E-1,2.207090020E-2,3.628138840E-2,2.455019863E-1
4.059811976E2,-2.987772247E-1,-2.651887715E-2,1.045048734E-1,3.176355607E-1
4.059911866E2,-3.731970772E-1,-5.000480354E-2,1.368592717E-1,4.006332476E-1
4.060011746E2,-4.791752297E-1,-7.900523901E-2,1.578870287E-1,5.106652939E-1
4.060111636E2,-5.911558414E-1,-6.629806995E-2,1.936877760E-1,6.256002057E-1
4.060211526E2,-6.732954803E-1,-5.729218841E-2,1.947794511E-1,7.032412340E-1
4.060311416E2,-5.853302604E-1,-9.799407184E-2,1.431118456E-1,6.104877986E-1
4.060411306E2,-4.749243039E-1,-7.556473732E-2,8.338253774E-2,4.880735309E-1
4.060511196E2,-3.797018123E-1,-5.659403086E-2,1.807725191E-2,3.843216590E-1
4.060611086E2,-2.753436309E-1,-4.750511885E-2,-4.184435628E-2,2.825275235E-1
4.060710976E2,-2.176283965E-1,-7.016717255E-2,-1.028175131E-1,2.507129675E-1
4.060810866E2,-2.086277774E-1,-3.268418133E-2,-1.422113744E-1,2.545935589E-1
4.060910746E2,-1.601069972E-1,5.452177763E-2,-1.442537338E-1,2.222971311E-1
4.061010636E2,-8.105790406E-2,1.699966854E-1,-1.232330666E-1,2.250680909E-1
4.061110526E2,9.949622154E-3,2.153816038E-1,-8.856017411E-2,2.330904003E-1
4.061210416E2,8.487350464E-2,2.031445509E-1,-5.292256415E-2,2.264332532E-1
4.061310306E2,9.086631596E-2,1.557446820E-1,-1.440578520E-2,1.808884186E-1
4.061410196E2,8.358799428E-2,6.747803807E-2,1.110386252E-3,1.074312402E-1
4.061510087E2,4.096091509E-2,-3.739352882E-2,2.221181810E-2,5.974476902E-2
4.061609977E2,-2.268982798E-2,-7.173890412E-2,4.898088299E-2,8.977987278E-2
4.061709857E2,-1.297251570E-1,-6.526194334E-2,7.755045176E-2,1.646262743E-1
4.061809747E2,-2.123609322E-1,-4.355473995E-2,1.273440977E-1,2.514173823E-1
4.061909637E2,-2.717399919E-1,2.019745231E-2,1.301356316E-1,3.019699370E-1
4.062009527E2,-2.847336745E-1,7.763815999E-2,1.292398381E-1,3.221861031E-1
4.062109417E2,-3.292953050E-1,9.708892286E-2,1.000615742E-1,3.575947084E-1
4.062209307E2,-3.836890286E-1,9.321572721E-2,5.585962057E-2,3.987815689E-1
4.062309197E2,-4.348489496E-1,7.022739887E-2,-2.224741302E-2,4.410447187E-1
4.062409087E2,-4.216865748E-1,8.408062220E-2,-5.586605251E-2,4.336013540E-1
4.062508967E2,-3.888497812E-1,1.022602004E-1,-9.347534359E-2,4.127940658E-1
4.062608857E2,-4.067726666E-1,7.995775044E-2,-1.451740855E-1,4.392411174E-1
4.062708747E2,-4.027135295E-1,3.587968469E-2,-1.969389009E-1,4.497226582E-1
4.062808637E2,-4.380728120E-1,2.607448876E-2,-2.365951560E-1,4.985628701E-1
4.062908527E2,-4.760823449E-1,3.018858969E-2,-2.061089431E-1,5.196601260E-1
4.063008417E2,-5.170979315E-1,2.530499518E-2,-1.568521446E-1,5.409558289E-1
4.063108307E2,-5.605594084E-1,1.292643964E-2,-1.361793137E-1,5.770084476E-1
4.063208197E2,-5.452873582E-1,3.976925254E-2,-9.344259918E-2,5.546633355E-1
4.063308077E2,-5.022968745E-1,9.410567343E-2,-4.585094154E-2,5.130890145E-1
4.063407967E2,-4.394568479E-1,1.643944681E-1,2.599598989E-3,4.692063727E-1
4.063507857E2,-3.099790281E-1,2.361450666E-1,2.844780050E-2,3.907182715E-1
4.063607747E2,-2.009144229E-1,2.186852807E-1,5.715061270E-2,3.024170131E-1
4.063707637E2,-1.883958265E-1,1.456389391E-1,8.739204660E-2,2.536553919E-1
4.063807527E2,-1.212481561E-1,9.361801565E-2,9.084117293E-2,1.780942641E-1
4.063907417E2,-7.325362533E-2,6.076660395E-2,6.099698424E-2,1.130455920E-1
4.064007307E2,-5.801724315E-2,4.927799463E-2,2.859580815E-2,8.131446059E-2
4.064107197E2,-5.690597981E-2,4.190933347E-2,1.395803466E-2,7.203825027E-2
4.064207077E2,-5.907471210E-2,7.867604077E-2,1.944623128E-2,1.002890668E-1
4.064306967E2,-8.815233082E-2,6.128583670E-2,1.868887067E-2,1.089773421E-1
4.064406857E2,-5.647562474E-2,-9.407000542E-3,5.882817887E-2,8.208984394E-2
4.064506747E2,-2.805289418E-2,-1.337006789E-1,7.231470868E-2,1.545711924E-1
4.064606637E2,-9.951376319E-3,-2.208259463E-1,8.846954226E-2,2.380965946E-1
4.064706527E2,5.879960060E-2,-2.766206628E-1,1.461271816E-1,3.183230079E-1
4.064806417E2,1.553535032E-1,-3.014526182E-1,1.686876400E-1,3.787663025E-1
4.064906307E2,2.863621241E-1,-2.837770700E-1,1.490250617E-1,4.298152634E-1
4.065006187E2,4.359070033E-1,-2.557279766E-1,1.825489032E-1,5.373414330E-1
4.065106077E2,6.259023356E-1,-2.631469238E-1,1.660370971E-1,6.989766483E-1
4.065205967E2,8.865992761E-1,-3.261249447E-1,7.630031705E-2,9.477539207E-1
4.065305857E2,1.126240101E0,-4.154546124E-1,-4.598615840E-2,1.201305134E0
4.065405747E2,1.290429331E0,-4.625416553E-1,-1.591477615E-1,1.380029221E0
4.065505637E2,1.309455879E0,-3.628612465E-1,-1.878137362E-1,1.371720446E0
4.065605527E2,1.206345786E0,-2.679960197E-1,-1.048943710E-1,1.240199520E0
4.065705417E2,1.237779832E0,-2.932214928E-1,-2.311989069E-2,1.272246944E0
4.065805297E2,1.448821925E0,-5.182352149E-1,-8.468931735E-2,1.541046719E0
4.065905187E2,1.683730890E0,-7.483330911E-1,-2.293558645E-1,1.856759607E0
4.066005077E2,1.887158739E0,-9.151161468E-1,-2.984929039E-1,2.118467295E0
4.066104967E2,2.027215049E0,-9.606145012E-1,-2.211906664E-1,2.254175322E0
4.066204857E2,2.111082540E0,-9.269134891E-1,-9.029401973E-2,2.307377541E0
4.066304747E2,2.145271794E0,-7.824381459E-1,8.812923431E-2,2.285206180E0
4.066404637E2,2.162656444E0,-5.902606326E-1,2.672211175E-1,2.257630978E0
4.066504527E2,2.191570925E0,-3.943865097E-1,4.238091141E-1,2.266746127E0
4.066604407E2,2.205149622E0,-2.083702075E-1,5.183976214E-1,2.274827266E0
4.066704297E2,2.132200344E0,-9.766428888E-2,5.402001344E-1,2.201734045E0
4.066804187E2,1.999084094E0,-9.024709582E-2,4.700535733E-1,2.055585589E0
4.066904077E2,1.818361861E0,-1.251777774E-1,4.092447232E-1,1.868044587E0
4.067003967E2,1.560936145E0,-1.766057932E-1,3.605818556E-1,1.611747664E0
4.067103857E2,1.281030809E0,-1.836774158E-1,3.831678955E-1,1.349664760E0
4.067203747E2,1.110293282E0,-1.411447692E-1,4.034092750E-1,1.189710915E0
4.067303637E2,9.482567033E-1,-6.329143167E-2,4.104663527E-1,1.035219401E0
4.067403527E2,8.247108838E-1,-3.855361640E-2,3.296080580E-1,8.889746313E-1
4.067503407E2,6.927678779E-1,-8.043605268E-2,2.892803232E-1,7.550366856E-1
4.067603297E2,5.767483020E-1,-9.417759418E-2,2.563173759E-1,6.381274326E-1
4.067703187E2,4.810986713E-1,-1.207607907E-1,1.854221519E-1,5.295474242E-1
4.067803077E2,4.348384246E-1,-9.306194544E-2,7.554500297E-2,4.510565693E-1
4.067902967E2,4.028509390E-1,-2.422559917E-2,-5.409770831E-2,4.071883112E-1
4.068002857E2,3.865559185E-1,-2.833268344E-2,-1.921985632E-1,4.326297571E-1
4.068102747E2,2.761113703E-1,-4.116966069E-2,-2.680541264E-1,3.870212455E-1
4.068202637E2,1.079436940E-1,-1.779126459E-1,-3.111929101E-1,3.743604920E-1
4.068302517E2,-4.425172806E-2,-4.505127633E-1,-2.383792877E-1,5.116098612E-1
4.068402407E2,-1.077022040E-1,-6.994825280E-1,-9.641356945E-2,7.142626604E-1
4.068502297E2,-4.197803825E-2,-7.938337845E-1,-4.184340611E-3,7.949539243E-1
4.068602187E2,7.962855220E-2,-8.254508489E-1,4.706116900E-2,8.306169779E-1
4.068702077E2,2.869050381E-1,-7.550334156E-1,1.207910500E-2,8.077969202E-1
4.068801967E2,4.143439338E-1,-5.974281496E-1,-1.137641586E-2,7.271387159E-1
4.068901857E2,2.232028395E-1,-6.624246293E-1,6.748388529E-2,7.022677352E-1
4.069001747E2,-1.856906122E-1,-8.699195087E-1,-7.772711076E-2,8.929067470E-1
4.069101627E2,-7.195083645E-1,-9.503655016E-1,-4.604183851E-1,1.277838786E0
4.069201517E2,-1.097158974E0,-7.084667748E-1,-6.704819463E-1,1.468069830E0
4.069301407E2,-1.380277647E0,-4.889511895E-1,-8.271775317E-1,1.681803293E0
4.069401297E2,-1.614884019E0,-3.731833363E-1,-1.082798943E0,1.979790329E0
4.069501187E2,-1.788973463E0,-2.847412759E-1,-1.433754089E0,2.310228221E0
4.069601077E2,-2.003090314E0,-1.067134398E-1,-1.648780474E0,2.596581525E0
4.069700967E2,-2.263564183E0,4.061592937E-2,-1.766473523E0,2.871550308E0
4.069800857E2,-2.490137942E0,4.180174470E-3,-1.776025242E0,3.058605909E0
4.069900747E2,-2.492275977E0,-1.262320304E-1,-1.630158262E0,2.980736491E0
4.070000627E2,-2.270343737E0,-3.027840292E-1,-1.596041074E0,2.791681566E0
4.070100517E2,-2.068992527E0,-5.429198205E-1,-1.783292601E0,2.784892190E0
4.070200407E2,-1.949439479E0,-1.023169768E0,-1.708134829E0,2.786559752E0
4.070300297E2,-1.785991383E0,-1.421645821E0,-1.381544154E0,2.668240302E0
4.070400187E2,-1.483931531E0,-1.612863221E0,-1.165785405E0,2.482425461E0
4.070500077E2,-1.060784030E0,-1.721198679E0,-1.365281878E0,2.439627483E0
4.070599967E2,-1.035879861E0,-1.616536442E0,-1.974271142E0,2.753903357E0
4.070699857E2,-1.331868256E0,-1.284893480E0,-2.245295143E0,2.909669154E0
4.070799737E2,-1.477610984E0,-1.063155953E0,-1.797965896E0,2.558576980E0
4.070899627E2,-1.248536370E0,-9.707676065E-1,-8.610492826E-1,1.800732818E0
4.070999517E2,-9.873313066E-1,-1.160348956E0,-6.658078283E-2,1.525013380E0
4.071099407E2,-9.106022425E-1,-1.583321334E0,4.352915838E-1,1.877653230E0
4.071199297E2,-1.281614654E0,-1.726701493E0,8.496641690E-1,2.312133942E0
4.071299187E2,-1.858124974E0,-1.011531470E0,-4.298463643E-2,2.116051042E0
4.071399077E2,-1.900179318E0,3.850935298E-1,-1.290240759E0,2.328883785E0
4.071498967E2,-1.513483505E0,1.949127823E0,-2.209818331E0,3.312556210E0
4.071598847E2,-1.322133519E0,3.597896456E0,-2.890122576E0,4.800594178E0
4.071698737E2,-1.229956404E0,4.770636832E0,-2.979129185E0,5.757341334E0
4.071798627E2,-1.569078101E0,5.281079462E0,-2.909002066E0,6.230096259E0
4.071898517E2,-1.953040487E0,4.956026897E0,-3.070278799E0,6.148429202E0
4.071998407E2,-1.889266806E0,4.364199210E0,-3.199770652E0,5.731849269E0
4.072098297E2,-1.772910431E0,3.523591794E0,-3.670353691E0,5.387987262E0
4.072198187E2,-1.719580462E0,2.300744873E0,-3.982819832E0,4.910523165E0
4.072298077E2,-1.526493706E0,1.056494220E0,-3.926975707E0,4.343673707E0
4.072397967E2,-1.610150698E0,9.658664703E-2,-3.665554296E0,4.004772471E0
4.072497847E2,-1.885932870E0,-6.569218147E-1,-3.121721433E0,3.705864780E0
4.072597737E2,-2.253607837E0,-1.260374935E0,-2.450572758E0,3.559859562E0
4.072697627E2,-2.596952539E0,-1.932463843E0,-1.643278683E0,3.630281507E0
4.072797517E2,-3.055964230E0,-2.337358968E0,-6.010861677E-1,3.894029905E0
4.072897407E2,-2.719025737E0,-2.293439947E0,3.088394058E-1,3.570483095E0
4.072997297E2,-1.568813807E0,-2.017144389E0,1.293407611E0,2.864079520E0
4.073097187E2,-3.170053348E-1,-1.473461507E0,1.774762975E0,2.328382445E0
4.073197077E2,8.253461838E-1,-7.418584692E-1,2.129395435E0,2.401223694E0
4.073296967E2,2.021197094E0,-2.311930597E-2,2.326398947E0,3.081867009E0
4.073396847E2,3.098424079E0,6.548858142E-1,2.490044972E0,4.028576816E0
4.073496737E2,3.975680089E0,1.251067337E0,2.520805127E0,4.870899316E0
4.073596627E2,4.683613306E0,1.504535365E0,2.245698308E0,5.407681680E0
4.073696517E2,5.136570790E0,1.296993123E0,1.732212494E0,5.573787829E0
4.073796407E2,5.375517842E0,9.502584976E-1,1.488494991E0,5.658162301E0
4.073896297E2,5.131072068E0,4.130999386E-1,1.417099903E0,5.339168874E0
4.073996187E2,4.540792432E0,-9.602706850E-2,1.658913553E0,4.835288128E0
4.074096077E2,3.535571569E0,-3.786107218E-1,1.925413270E0,4.043615790E0
4.074195957E2,2.348900787E0,-4.182285315E-1,2.002117922E0,3.114598881E0
4.074295847E2,1.060049619E0,-4.469377756E-1,2.018336929E0,2.323175096E0
4.074395737E2,2.430471200E-1,-6.091091323E-1,1.915772673E0,2.024912535E0
4.074495627E2,-1.798662007E-1,-8.906870645E-1,1.730928738E0,1.954939793E0
4.074595517E2,-3.222739685E-1,-1.080591180E0,1.686134096E0,2.028444231E0
4.074695407E2,-3.171488839E-1,-1.203242376E0,1.897964978E0,2.269503621E0
4.074795297E2,-2.796173608E-1,-1.215924987E0,2.222329034E0,2.548608596E0
4.074895187E2,-1.497416380E-1,-9.690146112E-1,2.452416092E0,2.641165759E0
4.074995067E2,1.878125668E-3,-6.412957156E-1,2.480459046E0,2.562018892E0
4.075094957E2,1.064316040E-1,-2.917947721E-1,2.323842545E0,2.344507634E0
4.075194847E2,2.416747785E-1,6.981633961E-2,2.132228703E0,2.147016595E0
4.075294737E2,3.874318314E-1,3.384467822E-1,1.993707579E0,2.059009364E0
4.075394627E2,5.728072786E-1,4.642847103E-1,1.947548197E0,2.082453469E0
4.075494517E2,8.345131561E-1,5.059291649E-1,1.957751589E0,2.187502642E0
4.075594407E2,1.133160865E0,4.483720976E-1,1.977717491E0,2.323027671E0
4.075694297E2,1.439359961E0,3.209144908E-1,1.960510305E0,2.453231310E0
4.075794187E2,1.665475591E0,8.184347749E-2,1.951817542E0,2.567118816E0
4.075894067E2,1.840178992E0,-1.867857957E-1,1.873568055E0,2.632756144E0
4.075993957E2,1.905494438E0,-4.250498933E-1,1.775184559E0,2.638722547E0
4.076093847E2,1.841552503E0,-5.805495769E-1,1.645676626E0,2.537046509E0
4.076193737E2,1.640476989E0,-6.942136019E-1,1.531439281E0,2.349128253E0
4.076293627E2,1.358914552E0,-7.761389405E-1,1.408889243E0,2.105708744E0
4.076393517E2,1.079625513E0,-6.947521305E-1,1.277669830E0,1.811273575E0
4.076493407E2,8.065353987E-1,-5.027839476E-1,1.134831707E0,1.480247969E0
4.076593297E2,6.581079224E-1,-1.995724869E-1,9.543541798E-1,1.176319308E0
4.076693177E2,6.970562258E-1,1.503383464E-1,7.611428788E-1,1.042989685E0
4.076793067E2,8.072689319E-1,4.403409469E-1,5.445909548E-1,1.068720069E0
4.076892957E2,9.434225178E-1,5.679611063E-1,3.431286478E-1,1.153413687E0
4.076992847E2,9.988529527E-1,5.320767438E-1,1.614006937E-1,1.143181117E0
4.077092737E2,9.780123067E-1,3.860787857E-1,6.261520118E-2,1.053321207E0
4.077192627E2,9.750822669E-1,1.838750517E-1,-5.291233152E-2,9.936776020E-1
4.077292517E2,9.814305890E-1,-6.099230647E-2,-2.118531016E-1,1.005886574E0
4.077392407E2,9.498866147E-1,-2.435874027E-1,-3.677387014E-1,1.047306620E0
4.077492297E2,8.368008792E-1,-3.659865832E-1,-5.141450876E-1,1.048106417E0
4.077592177E2,6.187082139E-1,-3.717648017E-1,-5.596048504E-1,9.133271650E-1
4.077692067E2,2.965792564E-1,-1.861203825E-1,-3.995037004E-1,5.312280666E-1
4.077791957E2,-3.479414910E-2,3.788878798E-2,-5.821517140E-2,7.768654483E-2
4.077891847E2,-1.289685273E-1,2.134923685E-1,4.004725841E-1,4.717946195E-1
4.077991737E2,8.978955120E-2,2.230128050E-1,7.323006105E-1,7.707535656E-1
4.078091627E2,5.150879511E-1,1.528608352E-1,9.574613902E-1,1.097913633E0
4.078191517E2,1.028866711E0,7.405147791E-2,9.967549717E-1,1.434423509E0
4.078291407E2,1.327228783E0,-2.416186452E-2,9.038681504E-1,1.605956933E0
4.078391287E2,1.445827858E0,-2.096478242E-1,6.637408376E-1,1.604656445E0
4.078491177E2,1.286389782E0,-3.967441070E-1,3.729611421E-1,1.396891038E0
4.078591067E2,8.841598177E-1,-5.251162183E-1,2.354521716E-1,1.054951824E0
4.078690957E2,3.450667074E-1,-5.531840229E-1,2.730787119E-1,7.068631966E-1
4.078790847E2,-6.922109306E-2,-6.026894742E-1,2.998908269E-1,6.767279144E-1
4.078890737E2,-1.961314005E-1,-7.503883874E-1,3.059602368E-1,8.337637104E-1
4.078990627E2,-1.741771522E-1,-8.725373071E-1,2.182717364E-1,9.161340424E-1
4.079090517E2,-1.727717739E-1,-7.578617138E-1,-9.073416889E-3,7.773588553E-1
4.079190407E2,-1.111403668E-1,-6.124543244E-1,-2.250406194E-1,6.618880275E-1
4.079290287E2,-1.179538348E-1,-5.227223682E-1,-4.490076900E-1,6.991135008E-1
4.079390177E2,-1.873681784E-1,-5.087182868E-1,-4.487328708E-1,7.037487612E-1
4.079490067E2,-3.240021130E-1,-5.108536899E-1,-3.636906740E-1,7.058468447E-1
4.079589957E2,-5.105815020E-1,-5.136814034E-1,-3.859621337E-1,8.206880181E-1
4.079689847E2,-7.343553221E-1,-4.420027256E-1,-5.428063846E-1,1.014535815E0
4.079789737E2,-9.439285943E-1,-1.971283507E-1,-7.035349408E-1,1.193659160E0
4.079889627E2,-1.092085344E0,9.972016990E-2,-9.396525255E-1,1.444140360E0
4.079989517E2,-1.144983350E0,3.692031366E-1,-1.097811523E0,1.628646054E0
4.080089407E2,-1.173014902E0,5.096731371E-1,-1.254416038E0,1.791449208E0
4.080189287E2,-1.057854282E0,4.738145024E-1,-1.408687514E0,1.824268724E0
4.080289177E2,-9.474047640E-1,4.498368251E-1,-1.513222866E0,1.841133455E0
4.080389067E2,-9.669461587E-1,5.138515574E-1,-1.585010302E0,1.926469816E0
4.080488957E2,-1.044982222E0,6.321530092E-1,-1.500359284E0,1.934601574E0
4.080588847E2,-8.682773182E-1,4.947212219E-1,-1.130457405E0,1.508836815E0
4.080688737E2,-6.646053484E-1,2.151336819E-1,-8.973315480E-1,1.137183660E0
4.080788627E2,-6.497437727E-1,1.554833114E-2,-5.064834809E-1,8.239746582E-1
4.080888517E2,-6.768251520E-1,-2.099413544E-1,-1.864238530E-1,7.327492830E-1
4.080988397E2,-7.847138822E-1,-5.681856394E-1,-8.368710458E-2,9.724270303E-1
4.081088287E2,-5.618960819E-1,-7.183626026E-1,-5.288949814E-1,1.054277922E0
4.081188177E2,-2.269514894E-1,-7.906441283E-1,-1.109581091E0,1.381229638E0
4.081288067E2,2.949721491E-1,-8.532537746E-1,-1.256574245E0,1.547265138E0
4.081387957E2,5.467895079E-1,-1.031366980E0,-1.230742416E0,1.696296999E0
4.081487847E2,8.149498343E-1,-1.430924183E0,-7.473332173E-1,1.808367824E0
4.081587737E2,9.126921836E-1,-1.612780191E0,8.660340339E-2,1.855146117E0
4.081687627E2,6.815590578E-1,-1.484655417E0,8.715187222E-1,1.851558624E0
4.081787517E2,2.646911734E-1,-1.048591708E0,1.303314548E0,1.693586372E0
4.081887397E2,-3.403465426E-1,-4.509331781E-1,1.080720696E0,1.219480924E0
4.081987287E2,-1.038523680E0,-5.083744705E-2,5.769862837E-1,1.189129535E0
4.082087177E2,-1.627381858E0,1.514732909E-1,-2.911831534E-1,1.660151649E0
4.082187067E2,-2.165864519E0,3.280282134E-1,-1.067177960E0,2.436686361E0
4.082286957E2,-2.420047076E0,4.440884274E-1,-1.560479478E0,2.913578312E0
4.082386847E2,-2.543469812E0,5.251208961E-1,-1.703060031E0,3.105705090E0
4.082486737E2,-2.635133688E0,6.659849989E-1,-1.614309822E0,3.161243707E0
4.082586627E2,-2.666615974E0,7.856330645E-1,-1.373994521E0,3.100954855E0
4.082686517E2,-2.599039995E0,8.355203390E-1,-1.194039443E0,2.979737123E0
4.082786397E2,-2.452359959E0,8.680255955E-1,-1.140733009E0,2.840565015E0
4.082886287E2,-2.286430012E0,9.345862055E-1,-1.168907526E0,2.732683366E0
4.082986177E2,-2.115600976E0,1.055143513E0,-1.417353380E0,2.756444435E0
4.083086067E2,-2.029035579E0,1.092511899E0,-1.683823569E0,2.854089950E0
4.083185957E2,-1.989903966E0,1.031610224E0,-1.770860251E0,2.856550975E0
4.083285847E2,-1.860371767E0,1.005560294E0,-1.777541864E0,2.762569401E0
4.083385737E2,-1.708106470E0,8.786400461E-1,-1.695449587E0,2.562066617E0
4.083485627E2,-1.529071159E0,7.257926595E-1,-1.555316679E0,2.298661255E0
4.083585507E2,-1.386350565E0,5.997272748E-1,-1.346314387E0,2.023413730E0
4.083685397E2,-1.164673264E0,4.868695807E-1,-1.177976849E0,1.726596438E0
4.083785287E2,-9.333395791E-1,4.779794741E-1,-1.150049670E0,1.556342312E0
4.083885177E2,-8.035518569E-1,5.021278900E-1,-1.132530535E0,1.476635845E0
4.083985067E2,-7.673362496E-1,4.845529139E-1,-1.063932755E0,1.398409580E0
4.084084957E2,-7.373926583E-1,4.539801621E-1,-9.252707139E-1,1.267269432E0
4.084184847E2,-7.195805776E-1,4.106780219E-1,-7.744333076E-1,1.134107399E0
4.084284737E2,-7.216461065E-1,3.417644924E-1,-6.066459927E-1,1.002793813E0
4.084384627E2,-7.456261227E-1,1.642015100E-1,-4.165413174E-1,8.697281873E-1
4.084484507E2,-7.540703791E-1,-8.290533185E-2,-2.127646825E-1,7.878859314E-1
4.084584397E2,-6.971427646E-1,-2.880584013E-1,-3.368025452E-2,7.550629354E-1
4.084684287E2,-5.678871390E-1,-4.619510865E-1,1.404398873E-1,7.453978609E-1
4.084784177E2,-3.053021327E-1,-5.705350506E-1,2.901669073E-1,7.091660386E-1
4.084884067E2,2.837419868E-2,-6.152241504E-1,3.245058507E-1,6.961392803E-1
4.084983957E2,3.745375514E-1,-6.248206007E-1,3.674714836E-1,8.159132624E-1
4.085083847E2,7.240408337E-1,-6.840745300E-1,5.345118168E-1,1.130440610E0
4.085183737E2,1.023296653E0,-7.849565417E-1,6.925547469E-1,1.463873249E0
4.085283627E2,1.294771181E0,-8.568533206E-1,8.064438897E-1,1.749566167E0
4.085383507E2,1.560529179E0,-9.481996930E-1,8.944798610E-1,2.033329338E0
4.085483397E2,1.884070239E0,-1.010123461E0,8.773241302E-1,2.310793739E0
4.085583287E2,2.228605143E0,-9.619850886E-1,7.664097583E-1,2.545482294E0
4.085683177E2,2.552893477E0,-8.315383852E-1,5.458258867E-1,2.739826106E0
4.085783067E2,2.829089339E0,-6.500121599E-1,3.230949175E-1,2.920728098E0
4.085882957E2,2.942261321E0,-4.766445547E-1,1.914504120E-1,2.986761620E0
4.085982847E2,2.954375583E0,-4.261316282E-1,1.352186161E-1,2.988010596E0
4.086082737E2,2.909410202E0,-4.820631695E-1,1.895228773E-1,2.955160155E0
4.086182617E2,2.857287244E0,-5.311581463E-1,3.257986701E-1,2.924442536E0
4.086282507E2,2.862194813E0,-6.362109768E-1,4.576858351E-1,2.967557898E0
4.086382397E2,2.885782188E0,-6.977301174E-1,4.167351526E-1,2.998038416E0
4.086482287E2,2.816548816E0,-6.682636589E-1,2.731000543E-1,2.907594743E0
4.086582177E2,2.610449375E0,-5.729376715E-1,6.858988613E-2,2.673463687E0
4.086682067E2,2.317579592E0,-4.665224397E-1,-1.500114870E-1,2.368822872E0
4.086781957E2,2.019011990E0,-3.899940813E-1,-2.726989353E-1,2.074335920E0
4.086881847E2,1.715060272E0,-3.553867507E-1,-3.106444412E-1,1.778828673E0
4.086981737E2,1.311946793E0,-3.326071680E-1,-3.434616467E-1,1.396351610E0
4.087081617E2,8.221331388E-1,-2.942155194E-1,-4.379482663E-1,9.768645524E-1
4.087181507E2,2.384368828E-1,-1.439666355E-1,-5.594443443E-1,6.249452085E-1
4.087281397E2,-4.228989950E-1,-1.773729479E-1,-7.279461890E-1,8.603547970E-1
4.087381287E2,-1.006249681E0,-3.758707166E-1,-8.098443380E-1,1.345237922E0
4.087481177E2,-1.488641756E0,-5.334794909E-1,-8.296605518E-1,1.785774699E0
4.087581067E2,-1.824781519E0,-4.841108644E-1,-9.131131831E-1,2.097132949E0
4.087680957E2,-2.091178325E0,-3.296502310E-1,-9.816998532E-1,2.333544657E0
4.087780847E2,-2.313572203E0,-7.292647362E-2,-9.029554000E-1,2.484605212E0
4.087880737E2,-2.429156161E0,2.644520223E-1,-8.771247402E-1,2.596166854E0
4.087980617E2,-2.585739918E0,6.080116099E-1,-9.401743895E-1,2.817739684E0
4.088080507E2,-2.651026712E0,7.210499829E-1,-8.514905468E-1,2.876263524E0
4.088180397E2,-2.657659794E0,8.099908108E-1,-7.690307727E-1,2.882819631E0
4.088280287E2,-2.653305957E0,8.376574963E-1,-6.813348171E-1,2.864597653E0
4.088380177E2,-2.560762952E0,8.257560736E-1,-5.568259612E-1,2.747623544E0
4.088480067E2,-2.402273002E0,8.472182786E-1,-4.903369796E-1,2.594055655E0
4.088579957E2,-2.169723973E0,9.277110493E-1,-5.126809448E-1,2.414786049E0
4.088679847E2,-1.979648826E0,9.654033709E-1,-6.008233353E-1,2.282980908E0
4.088779737E2,-1.866652261E0,9.543269902E-1,-7.166528767E-1,2.215563588E0
4.088879617E2,-1.824961906E0,8.749954766E-1,-8.934203455E-1,2.212307157E0
4.088979507E2,-1.809163899E0,8.210280150E-1,-1.070910822E0,2.256991582E0
4.089079397E2,-1.822041806E0,8.099989969E-1,-1.204635475E0,2.329609698E0
4.089179287E2,-1.832349863E0,8.404232293E-1,-1.232279649E0,2.362695570E0
4.089279177E2,-1.726971635E0,8.390380239E-1,-1.089166707E0,2.207419296E0
4.089379067E2,-1.492732468E0,6.934002542E-1,-8.418689534E-1,1.848728609E0
4.089478957E2,-1.166921519E0,5.189707947E-1,-5.769181636E-1,1.401381848E0
4.089578847E2,-8.329320690E-1,3.260810906E-1,-3.510472396E-1,9.609052366E-1
4.089678727E2,-5.174563658E-1,1.365219605E-1,-1.871448147E-1,5.669413708E-1
4.089778617E2,-2.565693909E-1,-4.091530681E-2,-5.387419850E-2,2.653381690E-1
4.089878507E2,-4.275104016E-2,-1.779220015E-1,1.101536492E-1,2.135830435E-1
4.089978397E2,1.556707147E-1,-2.729293156E-1,2.004270574E-1,3.726859107E-1
4.090078287E2,3.336181515E-1,-2.996651244E-1,1.269225866E-1,4.660575081E-1
4.090178177E2,4.160928360E-1,-2.702711713E-1,-4.204060346E-2,4.979429350E-1
4.090278067E2,4.643893754E-1,-7.567349553E-2,-2.055077031E-1,5.134368374E-1
4.090377957E2,2.920789468E-1,5.506790757E-2,-2.727682248E-1,4.034167697E-1
4.090477847E2,3.569725156E-3,3.979381084E-2,-2.859984273E-1,2.887756754E-1
4.090577727E2,-2.663909590E-1,-7.121908665E-2,-3.957266915E-1,4.823234555E-1
4.090677617E2,-5.549311709E-1,-1.196246767E-1,-6.542125073E-1,8.661712720E-1
4.090777507E2,-8.809473574E-1,1.510768497E-1,-1.078525651E0,1.400753384E0
4.090877397E2,-1.253409440E0,6.819812268E-1,-1.490646181E0,2.063530871E0
4.090977287E2,-1.632931742E0,1.113113979E0,-1.716198140E0,2.617408042E0
4.091077177E2,-1.945422150E0,1.228508195E0,-1.783686703E0,2.911260548E0
4.091177067E2,-2.308921327E0,1.150332091E0,-1.621528502E0,3.046922431E0
4.091276957E2,-2.628867812E0,9.550988227E-1,-1.278532586E0,3.075354501E0
4.091376847E2,-2.742818935E0,6.626702124E-1,-8.780155635E-1,2.955181695E0
4.091476727E2,-2.548899536E0,3.764642090E-1,-4.321712172E-1,2.612543991E0
4.091576620E2,-2.087077673E0,9.163522482E-2,2.812189132E-2,2.089277643E0
4.091676510E2,-1.414707515E0,-1.702902156E-1,4.119877982E-1,1.483283538E0
4.091776400E2,-5.503785288E-1,-3.636512053E-1,6.416471332E-1,9.202552731E-1
4.091876290E2,3.603174153E-1,-5.265949792E-1,7.044070530E-1,9.504315905E-1
4.091976180E2,1.218039047E0,-6.718918562E-1,7.021286854E-1,1.558217725E0
4.092076070E2,1.782034280E0,-7.609817880E-1,7.389766690E-1,2.073843286E0
4.092175960E2,2.099286659E0,-7.530851233E-1,6.603699178E-1,2.325990135E0
4.092275850E2,2.398283739E0,-5.607099742E-1,5.218309602E-1,2.517631451E0
4.092375730E2,2.668754008E0,-2.417934769E-1,2.960781500E-1,2.695992269E0
4.092475620E2,2.812336482E0,6.159106135E-2,3.073618144E-2,2.813178746E0
4.092575510E2,2.894926064E0,2.967695832E-1,-2.396411169E-1,2.919948110E0
4.092675400E2,2.804973668E0,3.611246234E-1,-3.880940285E-1,2.854628740E0
4.092775290E2,2.573365164E0,2.457473642E-1,-3.919105062E-1,2.614611611E0
4.092875180E2,2.382490995E0,4.081882775E-2,-2.868594298E-1,2.400045385E0
4.092975070E2,2.101042871E0,-1.395028710E-1,1.226348233E-1,2.109237183E0
4.093074960E2,1.771225409E0,-3.077348667E-1,5.987835342E-1,1.894856702E0
4.093174850E2,1.585904633E0,-4.878811491E-1,1.126888118E0,2.005741347E0
4.093274730E2,1.494688654E0,-5.230521512E-1,1.542269787E0,2.210491760E0
4.093374620E2,1.403163942E0,-5.770231211E-1,1.799635276E0,2.353829190E0
4.093474510E2,1.431119772E0,-6.588648444E-1,1.853403932E0,2.432552737E0
4.093574400E2,1.526472949E0,-7.576430279E-1,1.868457589E0,2.528888369E0
4.093674290E2,1.595498160E0,-8.496495509E-1,1.800709702E0,2.551484699E0
4.093774180E2,1.610171748E0,-8.037161636E-1,1.618843022E0,2.420591965E0
4.093874070E2,1.590174855E0,-6.829740840E-1,1.274888455E0,2.149523259E0
4.093973960E2,1.603735425E0,-4.952860630E-1,9.541773015E-1,1.930733001E0
4.094073850E2,1.649413874E0,-3.356313479E-1,7.473131905E-1,1.841654564E0
4.094173730E2,1.690493487E0,-2.369262546E-1,6.521901016E-1,1.827362638E0
4.094273620E2,1.672067741E0,-2.386587846E-1,6.014907950E-1,1.792919330E0
4.094373510E2,1.549756269E0,-2.574113899E-1,6.155194348E-1,1.687266811E0
4.094473400E2,1.283945646E0,-4.131250817E-1,8.296105582E-1,1.583490585E0
4.094573290E2,1.063029360E0,-6.478124374E-1,1.113726182E0,1.670352772E0
4.094673180E2,1.046272117E0,-8.104942560E-1,1.238605167E0,1.812658005E0
4.094773070E2,1.055082994E0,-8.655393595E-1,1.247821402E0,1.849166504E0
4.094872960E2,9.682974502E-1,-6.443713510E-1,1.106572698E0,1.605402606E0
4.094972850E2,7.766786385E-1,-3.232311577E-1,8.073034304E-1,1.165953223E0
4.095072730E2,3.209764713E-1,-1.066619843E-1,3.778675407E-1,5.071356351E-1
4.095172620E2,6.422055423E-2,2.182063937E-2,1.005757637E-1,1.213091264E-1
4.095272510E2,-2.395174482E-1,-7.609098673E-2,-3.763721153E-2,2.541161269E-1
4.095372400E2,-4.962514383E-1,-3.210448837E-1,1.137435472E-1,6.018911047E-1
4.095472290E2,-6.379826832E-1,-7.488400447E-1,4.594671893E-1,1.085768582E0
4.095572180E2,-1.009987805E0,-1.190755647E0,4.287630214E-1,1.619201070E0
4.095672070E2,-1.505508927E0,-1.077859946E0,-9.218367903E-1,2.068362217E0
4.095771960E2,-1.578072580E0,-1.922090882E-1,-2.983126634E0,3.380281337E0
4.095871850E2,-1.360539494E0,7.165125436E-1,-3.414302071E0,3.744584966E0
4.095971730E2,-1.785862744E0,9.448983550E-1,-3.272231687E0,3.845729951E0
4.096071620E2,-2.489424874E0,8.193814391E-1,-2.980701794E0,3.969030780E0
4.096171510E2,-3.007910058E0,3.766057116E-1,-2.541051403E0,3.955540041E0
4.096271400E2,-3.092311400E0,-8.886949182E-2,-2.005581520E0,3.686820421E0
4.096371290E2,-2.792970796E0,-1.117806369E-1,-1.481792474E0,3.163682935E0
4.096471180E2,-2.262626874E0,-1.691353905E-1,-1.280225648E0,2.605199582E0
4.096571070E2,-1.649271787E0,-3.307465839E-1,-1.610412068E0,2.328715903E0
4.096670960E2,-9.302773923E-1,-4.555086243E-1,-1.756718175E0,2.039353544E0
4.096770850E2,-5.394310793E-1,-5.656093562E-1,-1.558530309E0,1.743535648E0
4.096870730E2,-5.384297436E-1,-6.960712624E-1,-1.642308484E0,1.863222731E0
4.096970620E2,-5.320571557E-1,-8.305823654E-1,-2.012360636E0,2.241104016E0
4.097070510E2,-3.638695988E-1,-8.453302127E-1,-2.312486228E0,2.488890679E0
4.097170400E2,-7.476396114E-2,-8.328031379E-1,-2.340446298E0,2.485324846E0
4.097270290E2,1.807260337E-1,-8.739505792E-1,-2.056580643E0,2.241868742E0
4.097370180E2,2.946055287E-1,-9.413221979E-1,-1.677745680E0,1.946204117E0
4.097470070E2,3.411973125E-1,-9.579317987E-1,-1.462064699E0,1.780921705E0
4.097569960E2,3.645256564E-1,-8.222623622E-1,-1.247196042E0,1.537690578E0
4.097669850E2,2.937106124E-1,-5.856968808E-1,-9.988723947E-1,1.194593161E0
4.097769730E2,8.636776060E-2,-2.847915620E-1,-8.855669501E-1,9.342346852E-1
4.097869620E2,-1.733448011E-1,5.532050729E-3,-8.038278455E-1,8.223248925E-1
4.097969510E2,-3.206811869E-1,9.640889168E-2,-7.668732964E-1,8.367949275E-1
4.098069400E2,-4.073094410E-1,1.058948296E-1,-7.542851181E-1,8.637480739E-1
4.098169290E2,-4.590195850E-1,4.362958431E-2,-7.473532440E-1,8.781454272E-1
4.098269180E2,-5.377476659E-1,1.988228738E-2,-6.272202981E-1,8.264219019E-1
4.098369070E2,-5.740071273E-1,1.244872212E-3,-4.376044500E-1,7.217917889E-1
4.098468960E2,-5.841830367E-1,3.035289645E-2,-2.104833913E-1,6.216867191E-1
4.098568850E2,-4.584822258E-1,1.485508525E-1,6.672842503E-2,4.865449516E-1
4.098668730E2,-2.860887668E-1,3.352887011E-1,2.672563469E-1,5.154524716E-1
4.098768620E2,-1.058468825E-1,5.268850011E-1,2.768457806E-1,6.045287033E-1
4.098868510E2,-6.385247201E-2,8.189405590E-1,1.813087088E-1,8.411977326E-1
4.098968400E2,-1.644152257E-1,1.055991359E0,1.874631956E-1,1.085031137E0
4.099068290E2,-3.151020661E-1,9.824556059E-1,4.523043501E-1,1.126537862E0
4.099168180E2,-4.285579303E-1,7.176474881E-1,7.784538531E-1,1.142221615E0
4.099268070E2,-3.383772004E-1,4.849955481E-1,9.010557859E-1,1.077785387E0
4.099367960E2,-1.255464444E-1,3.566725534E-1,7.503366396E-1,8.402275244E-1
4.099467850E2,-1.025288799E-1,4.401561749E-1,5.067176619E-1,6.789789529E-1
4.099567730E2,-1.173293522E-1,6.725607777E-1,3.326589158E-1,7.594512037E-1
4.099667620E2,-2.454023784E-1,8.852257651E-1,3.080973941E-1,9.689019490E-1
4.099767510E2,-3.859615490E-1,8.933153880E-1,5.978770696E-1,1.142118947E0
4.099867400E2,-5.752163315E-1,7.841794467E-1,1.001631257E0,1.396093266E0
4.099967290E2,-7.231438708E-1,5.841005909E-1,1.488056742E0,1.754543652E0
4.100067180E2,-8.074382088E-1,4.477201331E-1,1.898450443E0,2.111048048E0
4.100167070E2,-5.417910156E-1,3.172734296E-1,2.373856996E0,2.455483042E0
4.100266960E2,-3.721752763E-3,4.186583018E-1,2.767224044E0,2.798717123E0
4.100366850E2,8.135745692E-1,4.924139106E-1,2.948156776E0,3.097741664E0
4.100466730E2,1.462126972E0,5.253512764E-1,2.931052794E0,3.317360355E0
4.100566620E2,1.990508860E0,5.753291827E-1,2.745127416E0,3.439310064E0
4.100666510E2,2.195723033E0,5.181042373E-1,2.491602670E0,3.361207447E0
4.100766400E2,2.142221010E0,2.950124949E-1,2.259182718E0,3.127307113E0
4.100866290E2,1.909102170E0,1.026969874E-1,2.106007449E0,2.844377813E0
4.100966180E2,1.600154590E0,-1.188902664E-1,1.887578569E0,2.477414471E0
4.101066070E2,1.248140806E0,-3.837697202E-1,1.836240308E0,2.253200643E0
4.101165960E2,9.847515151E-1,-5.835240555E-1,1.856433375E0,2.180958675E0
4.101265850E2,9.164428800E-1,-7.165552282E-1,1.911968621E0,2.238066790E0
4.101365730E2,9.331714717E-1,-7.229637766E-1,1.983915686E0,2.308550859E0
4.101465620E2,1.098772805E0,-5.909780860E-1,2.026461050E0,2.379727119E0
4.101565507E2,1.370144715E0,-4.227630472E-1,1.908770925E0,2.387348231E0
4.101665397E2,1.551011374E0,-3.054024124E-1,1.881183177E0,2.457184783E0
4.101765287E2,1.523086826E0,-1.426855105E-1,1.780569552E0,2.347462580E0
4.101865177E2,1.262088462E0,7.118751168E-2,1.600613158E0,2.039582661E0
4.101965067E2,8.425378749E-1,3.019373524E-1,1.368400490E0,1.635101262E0
4.102064957E2,4.215316236E-1,6.108428317E-1,1.102633429E0,1.329141962E0
4.102164847E2,1.624286342E-1,7.275181729E-1,7.955312312E-1,1.090199841E0
4.102264727E2,-9.130339533E-2,6.870022309E-1,6.396723823E-1,9.431273148E-1
4.102364617E2,-2.962611678E-1,6.625871819E-1,6.688831714E-1,9.870142604E-1
4.102464507E2,-2.853297982E-1,5.781855476E-1,6.344923340E-1,9.045950160E-1
4.102564397E2,-1.291319570E-1,5.248659575E-1,6.554271202E-1,8.495552045E-1
4.102664287E2,1.651332638E-1,4.512144291E-1,6.395257634E-1,7.999104062E-1
4.102764177E2,4.562749019E-1,3.014719141E-1,6.065024436E-1,8.166500567E-1
4.102864067E2,8.117575470E-1,5.488839805E-2,5.557361864E-1,9.852947580E-1
4.102963957E2,1.044693369E0,-2.181438285E-1,5.112460381E-1,1.183361093E0
4.103063847E2,1.117273103E0,-4.971413845E-1,4.161141783E-1,1.291742913E0
4.103163737E2,1.083705115E0,-5.979432893E-1,1.781151058E-1,1.250471089E0
4.103263617E2,9.972107622E-1,-5.497704184E-1,-1.671286261E-1,1.150916502E0
4.103363507E2,8.425457686E-1,-4.122977006E-1,-5.317791206E-1,1.078267963E0
4.103463397E2,5.705028909E-1,-2.288220137E-1,-9.376057076E-1,1.121132252E0
4.103563287E2,2.547965151E-1,-3.200531960E-2,-1.319655177E0,1.344408937E0
4.103663177E2,-4.305070996E-2,1.764952809E-1,-1.626225278E0,1.636341225E0
4.103763067E2,-3.172798616E-1,3.525520205E-1,-1.810544719E0,1.871638751E0
4.103862957E2,-6.365463147E-1,3.559738111E-1,-1.850640099E0,1.989164986E0
4.103962847E2,-9.347183526E-1,2.664675575E-1,-1.728304800E0,1.982861780E0
4.104062727E2,-1.123496002E0,1.508365291E-1,-1.542825711E0,1.914498916E0
4.104162617E2,-1.216560579E0,5.381894231E-2,-1.427891086E0,1.876643033E0
4.104262507E2,-1.142737435E0,-5.817453325E-2,-1.357544404E0,1.775432322E0
4.104362397E2,-1.160869358E0,-1.156988561E-2,-1.496090232E0,1.893683582E0
4.104462287E2,-1.141907130E0,-6.129460752E-2,-1.514382807E0,1.897647019E0
4.104562177E2,-1.092893722E0,-7.278263211E-2,-1.510607699E0,1.865917902E0
4.104662067E2,-1.132208061E0,-1.566001296E-2,-1.521915044E0,1.896935880E0
4.104761957E2,-1.111190829E0,6.744997144E-2,-1.330051526E0,1.734454272E0
4.104861847E2,-9.532481790E-1,1.447367138E-1,-1.329691776E0,1.642471013E0
4.104961737E2,-7.608505180E-1,1.319365740E-1,-1.267927930E0,1.484567953E0
4.105061617E2,-5.540421018E-1,-5.042346418E-2,-1.286482315E0,1.401621176E0
4.105161507E2,-3.668987489E-1,-2.608133000E-1,-1.286236001E0,1.362733033E0
4.105261397E2,-2.230385327E-1,-4.188132530E-1,-1.214329281E0,1.303743200E0
4.105361287E2,-4.314572722E-2,-4.036303729E-1,-1.140764438E0,1.210835470E0
4.105461177E2,4.968817681E-2,-3.607024544E-1,-1.142613620E0,1.199225192E0
4.105561067E2,9.422524899E-2,-3.018449664E-1,-1.081838976E0,1.127104410E0
4.105660957E2,1.228802602E-1,-3.169787300E-1,-9.827305712E-1,1.039872323E0
4.105760847E2,9.949680626E-2,-3.686008734E-1,-9.176878984E-1,9.939402886E-1
4.105860737E2,7.749387994E-2,-3.667934990E-1,-8.627660251E-1,9.406954801E-1
4.105960617E2,4.513524234E-2,-3.225528806E-1,-8.184300971E-1,8.808549113E-1
4.106060507E2,7.727212429E-2,-2.748507106E-1,-7.435477298E-1,7.964779475E-1
4.106160397E2,7.241688877E-2,-1.354946047E-1,-7.050128245E-1,7.215580894E-1
4.106260287E2,7.144961312E-2,-1.286340666E-1,-6.140541226E-1,6.314382280E-1
4.106360177E2,1.449350806E-1,-1.569702584E-1,-5.485897194E-1,5.887244855E-1
4.106460067E2,2.075744015E-1,-1.902584571E-1,-6.384165466E-1,6.977543261E-1
4.106559957E2,2.934911956E-1,-2.448311055E-1,-6.507079786E-1,7.546523872E-1
4.106659847E2,3.692224324E-1,-2.881157041E-1,-6.748714511E-1,8.214544047E-1
4.106759737E2,4.842438886E-1,-2.775170410E-1,-6.649260682E-1,8.681212633E-1
4.106859617E2,5.643051347E-1,-2.680305183E-1,-6.622983295E-1,9.104502848E-1
4.106959507E2,5.769010605E-1,-3.158355993E-1,-6.641454649E-1,9.346957569E-1
4.107059397E2,5.588803804E-1,-4.723649776E-1,-6.859286821E-1,1.002982606E0
4.107159287E2,5.317520772E-1,-6.163310283E-1,-7.029898341E-1,1.075555166E0
4.107259177E2,4.422067934E-1,-6.941948909E-1,-7.263915606E-1,1.097769600E0
4.107359067E2,4.101511878E-1,-6.156819874E-1,-7.609531367E-1,1.061290715E0
4.107458957E2,3.878216945E-1,-4.589596510E-1,-7.554611394E-1,9.652829435E-1
4.107558847E2,3.596666202E-1,-3.003510028E-1,-6.983879292E-1,8.410211069E-1
4.107658737E2,2.453839597E-1,-1.867565596E-1,-6.091822225E-1,6.827842122E-1
4.107758617E2,1.433579403E-1,-2.183057964E-2,-4.748265092E-1,4.964758676E-1
4.107858507E2,1.023882544E-1,1.307460809E-1,-3.497652376E-1,3.871867943E-1
4.107958397E2,9.016026467E-2,2.143308592E-1,-2.056750797E-1,3.104332922E-1
4.108058287E2,9.849006191E-2,1.617176127E-1,-5.062928617E-2,1.960005183E-1
4.108158177E2,1.454699546E-1,1.102843344E-2,8.356095091E-2,1.681236645E-1
4.108258067E2,2.099065635E-1,-1.749229646E-1,1.334575810E-1,3.040883668E-1
4.108357957E2,3.206250536E-1,-3.323493057E-1,8.159043923E-2,4.689493425E-1
4.108457847E2,4.147783819E-1,-3.249642724E-1,-2.151775360E-4,5.269183340E-1
4.108557737E2,5.174057874E-1,-2.338202137E-1,-7.120549187E-2,5.722332245E-1
4.108657617E2,5.677311645E-1,-1.087441778E-1,-1.368548132E-1,5.940313218E-1
4.108757507E2,5.922175495E-1,-2.210189044E-2,-1.457618769E-1,6.102922614E-1
4.108857397E2,6.438874939E-1,4.645788252E-2,-9.960673392E-2,6.532005367E-1
4.108957287E2,7.736730234E-1,3.132528841E-2,-7.694716528E-2,7.781208692E-1
4.109057177E2,8.399612993E-1,6.586771488E-2,-8.043970719E-2,8.463711282E-1
4.109157067E2,8.574555838E-1,7.180790126E-2,-2.892968416E-2,8.609433080E-1
4.109256957E2,8.700678818E-1,2.847652495E-2,6.284061134E-2,8.727989309E-1
4.109356847E2,9.067214455E-1,1.200491846E-2,1.007754461E-1,9.123834656E-1
4.109456737E2,9.493081789E-1,1.178798676E-2,8.955653965E-2,9.535960093E-1
4.109556627E2,1.051765723E0,8.407594442E-2,8.273678586E-2,1.058359710E0
4.109656507E2,1.171123036E0,3.274282891E-1,9.225020573E-2,1.219528003E0
4.109756397E2,1.382480732E0,7.327087462E-1,2.498433387E-1,1.584467347E0
4.109856287E2,1.662685592E0,1.193344794E0,5.823521273E-1,2.127846135E0
4.109956177E2,1.811489190E0,1.638785682E0,6.975165479E-1,2.540401727E0
4.110056067E2,1.818244624E0,2.065155877E0,8.115859312E-1,2.868719929E0
4.110155957E2,2.295667444E0,2.155378414E0,1.638634824E0,3.549770304E0
4.110255847E2,3.031711149E0,2.022085871E0,2.839944695E0,4.620107102E0
4.110355737E2,3.051408957E0,1.589632818E0,3.404270003E0,4.840153238E0
4.110455627E2,2.107274541E0,1.546190929E0,2.528146014E0,3.636321582E0
4.110555507E2,7.489140851E-1,2.160897601E0,8.150583002E-1,2.427894310E0
4.110655397E2,-1.630232960E-2,2.914153463E0,-1.382691378E0,3.225583919E0
4.110755287E2,1.956689588E-1,3.396039462E0,-2.250479284E0,4.078728647E0
4.110855177E2,3.681118999E-1,3.397165636E0,-1.749469382E0,3.838864916E0
4.110955067E2,-1.594499163E-2,2.779451741E0,-9.011424708E-1,2.921928126E0
4.111054957E2,-4.287522771E-1,1.665630834E0,-8.936945799E-1,1.938258134E0
4.111154847E2,-3.303852260E-1,5.051421297E-1,-1.357473798E0,1.485617071E0
4.111254737E2,2.918878160E-1,-4.692852491E-1,-9.955872828E-1,1.138692750E0
4.111354627E2,2.340938634E-1,-1.261201147E0,-5.423169726E-1,1.392672240E0
4.111454517E2,-5.812224818E-1,-1.810046536E0,-3.067484415E-1,1.925664208E0
4.111554393E2,-1.395458481E0,-2.548535255E0,4.130090144E-1,2.934776441E0
4.111654283E2,-2.031573856E0,-4.350941818E0,2.190097719E0,5.277737684E0
4.111754173E2,-2.482351790E0,-7.086972136E0,1.251066460E0,7.612648143E0
4.111854063E2,-2.163033004E0,-8.854642146E0,-4.111262110E-1,9.124276633E0
4.111953953E2,-1.320794653E0,-8.096698571E0,2.023604393E-2,8.203745228E0
4.112053843E2,-1.332302704E0,-5.741214988E0,6.960893887E-1,5.934738450E0
4.112153733E2,-2.291738407E0,-3.608113881E0,8.461745507E-1,4.357357235E0
4.112253623E2,-2.935480598E0,-2.823521036E0,4.305372128E-1,4.095690378E0
4.112353513E2,-3.204315985E0,-3.499388414E0,-4.967502058E-3,4.744827171E0
4.112453393E2,-3.042162462E0,-4.308872856E0,-2.889635503E-1,5.282484043E0
4.112553283E2,-2.435134354E0,-4.809526663E0,-4.417682523E-1,5.408935684E0
4.112653173E2,-1.856449454E0,-4.790324407E0,-3.695033911E-1,5.150742204E0
4.112753063E2,-1.419723256E0,-4.147051163E0,-2.419621691E-1,4.390010611E0
4.112852953E2,-1.039030195E0,-3.080976865E0,-1.675712603E-1,3.255776760E0
4.112952843E2,-7.798335037E-1,-1.850150249E0,-1.770130518E-1,2.015571844E0
4.113052733E2,-6.455900569E-1,-6.261444104E-1,-2.871205080E-1,9.440770786E-1
4.113152623E2,-3.771785925E-1,5.095901066E-1,-4.069311261E-1,7.533516502E-1
4.113252513E2,3.997887522E-2,1.489444286E0,-4.675942343E-1,1.561629585E0
4.113352393E2,5.137881151E-1,2.354526393E0,-6.088664728E-1,2.485657085E0
4.113452283E2,1.016064817E0,3.149044887E0,-6.718480021E-1,3.376425795E0
4.113552173E2,1.556047142E0,3.851888394E0,-7.347178495E-1,4.218783857E0
4.113652063E2,2.036602169E0,4.488571241E0,-8.141344401E-1,4.995781728E0
4.113751953E2,2.534135024E0,4.833233614E0,-9.126728877E-1,5.533078645E0
4.113851843E2,3.023203450E0,4.986977963E0,-9.656486616E-1,5.911191559E0
4.113951733E2,3.249507653E0,4.830302989E0,-5.098245800E-1,5.843889806E0
4.114051623E2,3.489789917E0,4.169228482E0,-2.741164465E-1,5.443917673E0
4.114151513E2,3.635944873E0,3.296070786E0,1.438049600E-2,4.907584390E0
4.114251393E2,3.525940328E0,2.310781034E0,2.720257746E-1,4.224448154E0
4.114351283E2,3.105613523E0,1.374407920E0,7.910054862E-1,3.487050640E0
4.114451173E2,2.602065052E0,5.812231761E-1,1.550334997E0,3.084169502E0
4.114551063E2,2.062019723E0,-1.776202852E-1,2.217354076E0,3.033172168E0
4.114650953E2,1.481827995E0,-9.039099580E-1,2.798989043E0,3.293509842E0
4.114750843E2,1.130555638E0,-1.654905286E0,3.183117197E0,3.761529297E0
4.114850733E2,9.478520760E-1,-2.355831492E0,2.945644520E0,3.889111366E0
4.114950623E2,9.447396031E-1,-2.809687693E0,2.426011967E0,3.830458447E0
4.115050513E2,1.083267743E0,-2.845212452E0,1.750856780E0,3.512008309E0
4.115150403E2,1.259259287E0,-2.466152079E0,9.700979541E-1,2.934063747E0
4.115250283E2,1.256842048E0,-1.722485651E0,2.386574690E-1,2.145592258E0
4.115350173E2,1.223973094E0,-7.781930673E-1,-2.482797933E-1,1.471508560E0
4.115450063E2,1.079065642E0,1.006949008E-1,-6.009125054E-1,1.239200533E0
4.115549953E2,6.836985540E-1,8.151691049E-1,-7.857745671E-1,1.322643585E0
4.115649843E2,2.535346860E-1,1.301368010E0,-6.780331868E-1,1.489149938E0
4.115749733E2,-1.522015616E-1,1.523033032E0,-4.308156864E-1,1.590093421E0
4.115849623E2,-4.467924723E-1,1.435173939E0,-8.615740702E-2,1.505579904E0
4.115949513E2,-5.886441699E-1,1.094517494E0,3.516391240E-1,1.291557423E0
4.116049403E2,-4.643522456E-1,4.892172378E-1,7.579685716E-1,1.014629425E0
4.116149283E2,-4.558825538E-1,7.374157548E-2,8.768847120E-1,9.910567698E-1
4.116249173E2,-4.367133343E-1,-1.012211502E-1,9.037023818E-1,1.008782560E0
4.116349063E2,-3.485998875E-1,-1.604376572E-1,7.475179893E-1,8.402649985E-1
4.116448953E2,-1.397651187E-1,-1.334685445E-1,5.520518558E-1,5.849011816E-1
4.116548843E2,9.070961058E-2,-1.053212178E-1,3.665379757E-1,3.920087754E-1
4.116648733E2,3.145275772E-1,1.952736139E-2,2.608116920E-1,4.090619187E-1
4.116748623E2,5.324764010E-1,2.289395428E-1,1.841182959E-1,6.081479909E-1
4.116848513E2,7.762491605E-1,2.877525920E-1,7.958177447E-2,8.316835769E-1
4.116948403E2,1.047772805E0,2.873596591E-1,-1.398770928E-2,1.086553764E0
4.117048293E2,1.370507534E0,4.420085728E-1,-1.186727500E-1,1.444903354E0
4.117148173E2,1.684855017E0,7.166990697E-1,-2.942397854E-1,1.854446289E0
4.117248063E2,1.801972700E0,9.946914893E-1,-3.878914225E-1,2.094511047E0
4.117347953E2,1.888819786E0,1.309813728E0,-5.857373728E-1,2.371990822E0
4.117447843E2,1.981657345E0,1.685641760E0,-8.537741768E-1,2.738116930E0
4.117547733E2,2.010951165E0,2.062461480E0,-8.820983818E-1,3.012601782E0
4.117647623E2,1.710535258E0,2.195942304E0,-5.926623765E-1,2.845934321E0
4.117747513E2,1.148253698E0,2.241679809E0,-2.655995384E-1,2.532618810E0
4.117847403E2,1.045122555E-1,2.464226006E0,-2.874198854E-3,2.466442962E0
4.117947293E2,-7.481275615E-1,2.590035283E0,1.452079993E-1,2.699826472E0
4.118047173E2,-1.360327386E0,2.091857772E0,6.132036451E-1,2.569509339E0
4.118147063E2,-1.624460004E0,7.269007069E-1,8.874547237E-1,1.988675647E0
4.118246953E2,-1.906442710E0,-2.833905691E-1,-5.891689575E-1,2.015429007E0
4.118346843E2,-2.342496478E0,-6.096652025E-1,-3.514171052E0,4.267127792E0
4.118446733E2,-2.553511235E0,-1.060867352E0,-4.918832173E0,5.642762543E0
4.118546623E2,-2.653258302E0,-1.989971209E0,-4.277267486E0,5.412465443E0
4.118646513E2,-3.302153059E0,-3.086834605E0,-1.940451139E0,4.919157787E0
4.118746403E2,-4.760620551E0,-3.905284583E0,5.027915490E-1,6.177989564E0
4.118846293E2,-5.800085340E0,-4.404857824E0,1.419530298E0,7.420163655E0
4.118946183E2,-6.075534221E0,-4.375487845E0,8.934048504E-1,7.540237541E0
4.119046063E2,-5.794434006E0,-3.969319196E0,-6.091652656E-1,7.049967564E0
4.119145953E2,-4.961518017E0,-3.725375698E0,-1.256477181E0,6.330388616E0
4.119245843E2,-3.842997703E0,-3.824103595E0,-6.983803278E-1,5.466272471E0
4.119345733E2,-3.037654844E0,-4.045323644E0,-2.981448483E-1,5.067630678E0
4.119445623E2,-2.521840961E0,-4.024221627E0,-2.369888198E-1,4.755018952E0
4.119545513E2,-2.153961634E0,-3.863403316E0,-3.350641680E-1,4.435955805E0
4.119645403E2,-1.863465821E0,-3.406559772E0,-3.104009047E-1,3.895318096E0
4.119745293E2,-1.776083422E0,-2.800323962E0,-8.883791685E-2,3.317254707E0
4.119845183E2,-1.714830184E0,-2.261995375E0,2.229759675E-1,2.847276579E0
4.119945063E2,-1.500978211E0,-2.009571660E0,5.240941250E-1,2.562418487E0
4.120044953E2,-1.010966191E0,-1.834120107E0,8.204634663E-1,2.249268660E0
4.120144843E2,-3.693694898E-1,-1.494381090E0,9.953393608E-1,1.833114592E0
4.120244733E2,3.298440662E-1,-9.107909614E-1,1.012754123E0,1.401430768E0
4.120344623E2,9.010677727E-1,-1.889311391E-1,9.044274366E-1,1.290584013E0
4.120444513E2,1.259820912E0,4.892108059E-1,7.816923335E-1,1.561255535E0
4.120544403E2,1.379902256E0,9.881689203E-1,7.390120447E-1,1.851147442E0
4.120644293E2,1.410339352E0,1.348561472E0,7.320348546E-1,2.084118557E0
4.120744183E2,1.412229465E0,1.699849325E0,7.896673509E-1,2.346796607E0
4.120844073E2,1.420098355E0,2.078958814E0,7.838549262E-1,2.636887869E0
4.120943953E2,1.488766009E0,2.378050327E0,7.101750389E-1,2.894114057E0
4.121043843E2,1.661368506E0,2.637003043E0,6.747219086E-1,3.188915178E0
4.121143733E2,1.890113629E0,2.842132723E0,6.201083297E-1,3.469118373E0
4.121243623E2,2.148885666E0,2.884585848E0,5.527171227E-1,3.639236367E0
4.121343513E2,2.340063598E0,2.805720357E0,4.493096986E-1,3.681011216E0
4.121443403E2,2.428868770E0,2.503763709E0,4.018004867E-1,3.511364385E0
4.121543291E2,2.307504547E0,2.027975187E0,4.420500880E-1,3.103654116E0
4.121643181E2,1.943600742E0,1.560921820E0,5.356643030E-1,2.549705280E0
4.121743071E2,1.618272188E0,1.010711106E0,6.160513853E-1,2.004959133E0
4.121842951E2,1.440247568E0,5.732060587E-1,6.769508672E-1,1.691490680E0
4.121942841E2,1.484361302E0,2.230122203E-1,6.976997119E-1,1.655248565E0
4.122042731E2,1.679171816E0,-1.796048301E-1,7.670938826E-1,1.854806973E0
4.122142621E2,1.759730368E0,-4.127467668E-1,8.358862285E-1,1.991410718E0
4.122242511E2,1.722426886E0,-5.719413060E-1,9.012393884E-1,2.026352307E0
4.122342401E2,1.606395031E0,-6.372418410E-1,9.551242581E-1,1.974549191E0
4.122442291E2,1.319073964E0,-5.182796538E-1,9.729044715E-1,1.719044220E0
4.122542181E2,9.594199151E-1,-3.191310900E-1,9.658698325E-1,1.398297450E0
4.122642071E2,6.402543265E-1,-4.357695937E-2,8.271573588E-1,1.046906801E0
4.122741961E2,3.706292725E-1,2.499392331E-1,6.746032101E-1,8.092744707E-1
4.122841841E2,1.592541808E-1,5.061443424E-1,4.991750461E-1,7.285051243E-1
4.122941731E2,6.019562334E-2,7.142888474E-1,2.675836448E-1,7.651359864E-1
4.123041621E2,6.315869987E-2,8.056983697E-1,4.307000577E-2,8.093169402E-1
4.123141511E2,1.647806767E-1,8.036331332E-1,-2.062023523E-1,8.458713225E-1
4.123241401E2,2.133415103E-1,7.945541614E-1,-3.876174805E-1,9.094384128E-1
4.123341291E2,1.916150111E-1,8.173121095E-1,-5.319226697E-1,9.938093999E-1
4.123441181E2,7.500925183E-2,8.731483412E-1,-6.042584284E-1,1.064491739E0
4.123541071E2,-6.147528648E-2,8.468054652E-1,-6.057623322E-1,1.042979727E0
4.123640961E2,-9.195506752E-2,8.042459214E-1,-6.139797167E-1,1.015991304E0
4.123740851E2,-1.427755576E-1,7.631978828E-1,-4.919692299E-1,9.191787591E-1
4.123840731E2,-2.458233780E-1,6.762041777E-1,-2.197380719E-1,7.523071470E-1
4.123940621E2,-3.829025781E-1,5.625313818E-1,8.349560827E-2,6.855854845E-1
4.124040511E2,-5.356037843E-1,5.307003093E-1,3.460281359E-1,8.296081622E-1
4.124140401E2,-6.210400835E-1,5.816330659E-1,5.514789748E-1,1.013960980E0
4.124240291E2,-6.399824309E-1,6.754107106E-1,7.434142672E-1,1.190975194E0
4.124340181E2,-5.209702501E-1,8.411909688E-1,7.584464353E-1,1.246696933E0
4.124440071E2,-4.051793003E-1,1.092287366E0,5.766797434E-1,1.299931337E0
4.124539961E2,-3.269596347E-1,1.478690087E0,3.269599271E-1,1.549299768E0
4.124639851E2,-1.656124431E-1,1.935278692E0,1.107386631E-1,1.945506142E0
4.124739731E2,3.913453728E-2,2.238524067E0,-1.096060574E-1,2.241547456E0
4.124839621E2,2.262384215E-1,2.407992749E0,-4.153736284E-1,2.454006551E0
4.124939511E2,2.452658460E-1,2.426372886E0,-6.731569013E-1,2.529936942E0
4.125039401E2,1.115832934E-1,2.226374722E0,-6.758913517E-1,2.329382827E0
4.125139291E2,-1.871071002E-1,1.665244333E0,-6.431659475E-1,1.794912308E0
4.125239181E2,-5.312148643E-1,8.481041318E-1,-6.239686614E-1,1.179324697E0
4.125339071E2,-9.010477459E-1,6.579871774E-3,-6.163497394E-1,1.091703868E0
4.125438961E2,-1.407340023E0,-1.064470991E0,-6.535213664E-1,1.881699925E0
4.125538851E2,-1.939617034E0,-2.347389867E0,-6.750525686E-1,3.118982109E0
4.125638741E2,-2.487240647E0,-3.673824890E0,-6.622164685E-1,4.485742526E0
4.125738621E2,-3.028277079E0,-4.488498151E0,-3.288190493E-1,5.424499949E0
4.125838511E2,-3.316134044E0,-4.591381665E0,2.233624685E-1,5.668105626E0
4.125938401E2,-3.208270457E0,-4.143589026E0,7.197168177E-1,5.289642865E0
4.126038291E2,-2.807691746E0,-3.454568921E0,1.014009228E0,4.565675644E0
4.126138181E2,-2.363465909E0,-2.940727304E0,1.052964841E0,3.916960957E0
4.126238071E2,-1.818996869E0,-2.679837990E0,9.221129251E-1,3.367576801E0
4.126337961E2,-1.203778273E0,-2.548053444E0,6.632613659E-1,2.895094839E0
4.126437851E2,-6.312195012E-1,-2.257704688E0,2.880686340E-1,2.361917030E0
4.126537741E2,-2.136283162E-1,-1.689117930E0,-8.726618528E-2,1.704808443E0
4.126637631E2,-5.999711037E-2,-9.837782460E-1,-3.275101501E-1,1.038596259E0
4.126737511E2,-1.595506346E-1,-3.758771485E-1,-3.921104810E-1,5.661189496E-1
4.126837401E2,-4.453759843E-1,1.207572824E-1,-3.113937619E-1,5.566939587E-1
4.126937291E2,-7.262151209E-1,6.052242422E-1,-1.914691231E-1,9.645440426E-1
4.127037181E2,-9.053165057E-1,1.085965356E0,-1.869936642E-1,1.426143527E0
4.127137071E2,-1.055367754E0,1.516787036E0,-1.573962280E-1,1.854512761E0
4.127236961E2,-1.095225592E0,1.874204525E0,-9.010763973E-2,2.172620787E0
4.127336851E2,-9.174877775E-1,2.215781906E0,-1.817057347E-1,2.405096724E0
4.127436741E2,-5.353435832E-1,2.533900259E0,-2.707474270E-1,2.603948433E0
4.127536631E2,-8.927265733E-2,2.806525519E0,-3.658915660E-1,2.831683551E0
4.127636521E2,3.825166619E-1,3.001264697E0,-4.846327284E-1,3.064111235E0
4.127736401E2,8.067529151E-1,3.085467526E0,-5.519385660E-1,3.236602586E0
4.127836291E2,1.164929665E0,2.994383694E0,-5.775142872E-1,3.264493465E0
4.127936181E2,1.397260593E0,2.689634416E0,-5.549751712E-1,3.081309445E0
4.128036071E2,1.512516814E0,2.189025632E0,-4.891973573E-1,2.705338128E0
4.128135961E2,1.434023207E0,1.517752411E0,-3.725570995E-1,2.121036004E0
4.128235851E2,1.282645226E0,8.560060591E-1,-1.916717291E-1,1.553918659E0
4.128335741E2,1.073400567E0,2.476927328E-1,-5.711004764E-2,1.103087496E0
4.128435631E2,8.532388642E-1,-2.379693979E-1,8.338524207E-2,8.897185467E-1
4.128535521E2,6.797297564E-1,-6.159696704E-1,3.125124805E-1,9.690795773E-1
4.128635401E2,6.338256052E-1,-9.027533787E-1,5.003754795E-1,1.211228377E0
4.128735291E2,7.422935021E-1,-1.107951472E0,6.271265964E-1,1.473717705E0
4.128835181E2,9.625016901E-1,-1.090436722E0,6.494935119E-1,1.592891575E0
4.128935071E2,1.090244056E0,-9.610302383E-1,6.097412163E-1,1.576069660E0
4.129034961E2,1.069495504E0,-6.712352139E-1,5.033715928E-1,1.359323474E0
4.129134851E2,9.175684690E-1,-2.943798262E-1,2.934995279E-1,1.007339739E0
4.129234741E2,7.109015554E-1,1.062877625E-1,1.101233898E-1,7.271899827E-1
4.129334631E2,3.403491738E-1,4.701763648E-1,-1.337977427E-1,5.956552779E-1
4.129434521E2,-1.028718191E-1,5.881848711E-1,-1.040897942E-1,6.061177600E-1
4.129534411E2,-4.334041026E-1,6.435895783E-1,7.821104094E-2,7.798484650E-1
4.129634301E2,-6.888566753E-1,7.454796499E-1,2.524152365E-1,1.045933497E0
4.129734181E2,-9.645900232E-1,7.907084477E-1,4.514148425E-1,1.326434741E0
4.129834071E2,-1.217542911E0,7.952084649E-1,6.582567340E-1,1.596267262E0
4.129933961E2,-1.353648550E0,7.217803001E-1,8.096353000E-1,1.734600968E0
4.130033851E2,-1.322671756E0,6.116602725E-1,1.066509185E0,1.805832413E0
4.130133741E2,-1.100640990E0,3.604071701E-1,1.238681034E0,1.695769626E0
4.130233631E2,-8.796349499E-1,-5.173031688E-2,1.260907470E0,1.538285188E0
4.130333521E2,-6.623953933E-1,-5.497663254E-1,1.466302761E0,1.700310106E0
4.130433411E2,-4.633123183E-1,-1.008631251E0,1.730103988E0,2.055542535E0
4.130533301E2,-3.645431980E-1,-1.411727189E0,2.039268207E0,2.506886559E0
4.130633181E2,-2.403112078E-1,-1.624392761E0,2.347463542E0,2.864783831E0
4.130733071E2,-5.729101896E-3,-1.660416872E0,2.342133658E0,2.870994093E0
4.130832961E2,3.486066118E-1,-1.555296214E0,2.187455509E0,2.706553987E0
4.130932851E2,6.851942718E-1,-1.370382696E0,1.959579136E0,2.487446545E0
4.131032741E2,9.756482774E-1,-9.921432728E-1,1.591189639E0,2.113793344E0
4.131132631E2,1.123428175E0,-4.528721148E-1,1.164070416E0,1.679953556E0
4.131232521E2,1.187387066E0,1.620801401E-1,7.307233241E-1,1.403607706E0
4.131332411E2,1.174357715E0,7.455182415E-1,3.529832527E-1,1.435099533E0
4.131432301E2,1.041216030E0,1.207640651E0,5.566008434E-2,1.595501429E0
4.131532191E2,8.099466643E-1,1.402908418E0,-9.640801460E-2,1.622793928E0
4.131632071E2,4.669679976E-1,1.283926350E0,-6.200562894E-2,1.367614961E0
4.131731961E2,7.941805243E-2,9.081889504E-1,1.449659246E-1,9.231086155E-1
4.131831851E2,-1.196498197E-1,4.507244325E-1,3.983339649E-1,6.133013460E-1
4.131931741E2,-1.126854935E-1,1.378288132E-1,5.165475623E-1,5.463663481E-1
4.132031631E2,2.525617093E-2,9.192173839E-2,3.960553050E-1,4.073662784E-1
4.132131521E2,1.262802699E-1,1.679372960E-1,1.657315801E-1,2.676127774E-1
4.132231411E2,9.564612240E-2,1.583057624E-1,-1.813104630E-2,1.858430251E-1
4.132331301E2,-3.304261565E-3,4.545157671E-2,-6.490701735E-2,7.930753351E-2
4.132431191E2,-1.485432512E-1,-8.660837352E-2,1.656048417E-2,1.727436177E-1
4.132531081E2,-3.036704671E-1,-1.397256500E-1,8.723519504E-2,3.454692304E-1
4.132630961E2,-3.655541816E-1,-1.668970764E-2,7.174738258E-2,3.729022566E-1
4.132730851E2,-3.625621614E-1,1.561183190E-1,-4.319323584E-2,3.971018837E-1
4.132830741E2,-3.311827862E-1,2.873432869E-1,-5.989419937E-2,4.425330694E-1
4.132930631E2,-4.035444188E-1,3.408745462E-1,-4.883185208E-2,5.304979773E-1
4.133030521E2,-5.024430549E-1,2.301733053E-1,4.143410102E-2,5.542071441E-1
4.133130411E2,-5.621966287E-1,1.105117911E-1,1.475587262E-1,5.916514878E-1
4.133230301E2,-4.869461793E-1,-5.657765865E-3,1.865864056E-1,5.215007944E-1
4.133330191E2,-3.105105400E-1,-3.906875610E-2,1.660192631E-1,3.542676374E-1
4.133430081E2,-8.052960813E-2,-4.026509643E-2,4.812200010E-2,1.020883082E-1
4.133529971E2,1.766490626E-1,1.987000823E-2,-1.354786710E-1,2.235043151E-1
4.133629851E2,4.319522390E-1,6.471873701E-2,-3.631753881E-1,5.680383915E-1
4.133729741E2,6.568425849E-1,7.362346172E-2,-6.362086380E-1,9.174006902E-1
4.133829631E2,8.248257816E-1,2.512840927E-2,-8.475539088E-1,1.182927147E0
4.133929521E2,8.267498079E-1,-7.411521256E-2,-9.636797579E-1,1.271883244E0
4.134029411E2,7.407170928E-1,-1.122010517E-1,-1.126431597E0,1.352811528E0
4.134129301E2,6.301368892E-1,-7.840531468E-2,-1.223022337E0,1.378043370E0
4.134229191E2,3.360017690E-1,2.446708918E-2,-1.219184517E0,1.264874189E0
4.134329081E2,-1.169703332E-1,1.897170049E-1,-1.227202511E0,1.247277277E0
4.134428971E2,-4.681672615E-1,4.945095527E-1,-1.267105080E0,1.438497677E0
4.134528861E2,-5.442303278E-1,9.152213967E-1,-1.356232581E0,1.724292222E0
4.134628741E2,-2.822196642E-1,1.266509249E0,-1.153693655E0,1.736289914E0
4.134728631E2,6.435927942E-2,1.441001274E0,-6.155803920E-1,1.568300356E0
4.134828521E2,3.599130803E-1,1.373722041E0,2.422928292E-1,1.440609415E0
4.134928411E2,6.096355279E-1,1.287767971E0,8.983765917E-1,1.684364071E0
4.135028301E2,3.906020455E-1,1.293698217E0,5.205960283E-1,1.448186887E0
4.135128191E2,-2.068399912E-1,1.557282513E0,-3.889576623E-1,1.618394164E0
4.135228081E2,-5.593671611E-1,1.805396830E0,-5.668691388E-1,1.973243511E0
4.135327971E2,-8.716458991E-1,1.875966876E0,-2.980337512E-1,2.089938374E0
4.135427861E2,-1.024420415E0,1.828017368E0,-3.420787802E-1,2.123229280E0
4.135527751E2,-8.450781246E-1,1.723776131E0,-5.281512156E-1,1.991106450E0
4.135627631E2,-4.133759272E-1,1.260918726E0,-1.479275978E0,1.987222461E0
4.135727521E2,1.788641341E-1,4.573019654E-1,-2.556986528E0,2.603708426E0
4.135827411E2,1.555398101E-1,-4.760884845E-1,-2.807979429E0,2.852297557E0
4.135927301E2,-3.851316098E-1,-1.168201182E0,-2.442402736E0,2.734657471E0
4.136027191E2,-9.421751605E-1,-1.681483805E0,-1.996855720E0,2.775340445E0
4.136127081E2,-1.257563886E0,-2.335523527E0,-1.336377629E0,2.970192290E0
4.136226971E2,-1.241187589E0,-3.184069124E0,-9.642198944E-1,3.550853816E0
4.136326861E2,-1.077838750E0,-4.140185947E0,-1.064533557E0,4.408640123E0
4.136426751E2,-1.037200455E0,-4.880010170E0,-1.108728567E0,5.110730190E0
4.136526641E2,-1.267694626E0,-5.035208137E0,-6.522115901E-1,5.233139651E0
4.136626521E2,-1.381998483E0,-4.514659179E0,-4.558731982E-1,4.743404651E0
4.136726411E2,-1.312673894E0,-3.543156577E0,-4.832615563E-1,3.809279855E0
4.136826301E2,-1.275937884E0,-2.604122395E0,-2.362313130E-1,2.909514765E0
4.136926191E2,-1.321000475E0,-1.959374483E0,-1.493095288E-1,2.367801503E0
4.137026081E2,-1.429690128E0,-1.998531532E0,-2.272061357E-1,2.467744876E0
4.137125971E2,-1.530834095E0,-2.500367061E0,-3.766261768E-1,2.955864636E0
4.137225861E2,-1.414912460E0,-2.995291767E0,-4.437580597E-1,3.342255414E0
4.137325751E2,-8.600721397E-1,-3.195118607E0,-4.553457794E-1,3.340036943E0
4.137425641E2,-1.822916988E-1,-2.993711849E0,-5.045650095E-1,3.041402102E0
4.137525531E2,3.205062821E-1,-2.467159554E0,-5.742778534E-1,2.553310713E0
4.137625411E2,5.419875551E-1,-1.776071289E0,-6.867192256E-1,1.979839142E0
4.137725301E2,6.547293281E-1,-1.151450078E0,-6.354119548E-1,1.469100449E0
4.137825191E2,7.536745957E-1,-6.061393315E-1,-5.387662509E-1,1.107113074E0
4.137925081E2,8.713412592E-1,-1.815121919E-1,-3.423214397E-1,9.536069598E-1
4.138024971E2,1.099882753E0,1.443081129E-1,-1.610788044E-1,1.120943033E0
4.138124861E2,1.090968526E0,3.928288114E-1,1.883063641E-1,1.174728091E0
4.138224751E2,1.084948818E0,5.876679772E-1,4.382567069E-1,1.309403120E0
4.138324641E2,8.865234084E-1,7.597053409E-1,6.469844717E-1,1.334790195E0
4.138424531E2,7.412438538E-1,1.071015780E0,8.567036319E-1,1.558992740E0
4.138524421E2,5.762843985E-1,1.446331011E0,1.001994954E0,1.851478055E0
4.138624311E2,5.206963080E-1,1.733395970E0,1.217332850E0,2.181211934E0
4.138724191E2,5.188117504E-1,1.963993199E0,1.359853615E0,2.444511561E0
4.138824081E2,6.227221812E-1,2.199281648E0,1.280953334E0,2.620203070E0
4.138923971E2,7.284943655E-1,2.464773890E0,1.201796798E0,2.837275086E0
4.139023861E2,9.002187569E-1,2.713140807E0,1.060671471E0,3.049024568E0
4.139123751E2,1.056826926E0,2.754831455E0,8.759361474E-1,3.077863485E0
4.139223641E2,1.075541379E0,2.536165470E0,8.415137351E-1,2.880463489E0
4.139323531E2,9.978809993E-1,2.139428380E0,8.813595861E-1,2.519864084E0
4.139423421E2,8.793398117E-1,1.463836405E0,7.101139355E-1,1.849409994E0
4.139523311E2,8.844467698E-1,6.309473133E-1,5.966763438E-1,1.239501214E0
4.139623201E2,9.587914856E-1,-3.247034866E-1,6.593927018E-1,1.208102728E0
4.139723081E2,1.185214971E0,-1.237781294E0,6.270460510E-1,1.824835283E0
4.139822971E2,1.636771024E0,-1.972386877E0,2.383136527E-1,2.574125633E0
4.139922861E2,2.175284237E0,-2.240318577E0,-7.075284429E-1,3.201794081E0
4.140022751E2,2.714742067E0,-2.047438813E0,-1.779446887E0,3.837741707E0
4.140122641E2,2.902979726E0,-1.611465152E0,-2.637402992E0,4.240283690E0
4.140222531E2,2.502682267E0,-9.858458215E-1,-3.517549866E0,4.428144935E0
4.140322421E2,1.869588294E0,-2.546275306E-1,-4.307605180E0,4.702728777E0
4.140422311E2,1.116251302E0,3.754883087E-1,-4.722644055E0,4.867275964E0
4.140522201E2,4.135054430E-1,1.089821010E0,-4.738416334E0,4.879680926E0
4.140622091E2,-1.720606063E-1,1.757443814E0,-4.134756807E0,4.496045759E0
4.140721971E2,-7.784908368E-1,2.080215381E0,-2.723048914E0,3.514020404E0
4.140821861E2,-1.509807069E0,2.027284046E0,-6.941896284E-1,2.621315934E0
4.140921751E2,-2.107484602E0,1.375195540E0,1.014584302E0,2.713307101E0
4.141021641E2,-2.628716953E0,2.400311261E-1,2.046442302E0,3.340014050E0
4.141121531E2,-3.164154092E0,-4.332938826E-1,2.440521394E0,4.019422767E0
4.141221421E2,-3.461717727E0,-9.046361822E-1,2.313818663E0,4.260940395E0
4.141321311E2,-3.253709462E0,-1.148467414E0,1.687516231E0,3.841004256E0
4.141421201E2,-2.186955864E0,-1.020613366E0,1.080212281E0,2.644104038E0
4.141521091E2,-1.050366923E0,-8.900280833E-1,8.789324069E-1,1.633383861E0
4.141620982E2,2.965520668E-1,-5.772482389E-1,9.010453340E-1,1.110423951E0
4.141720862E2,1.894459864E0,-5.338665766E-1,1.070688263E0,2.240617115E0
4.141820752E2,3.261596187E0,-2.598947024E-1,1.197697900E0,3.484255329E0
4.141920642E2,4.124821218E0,5.510363406E-1,1.429636626E0,4.400187725E0
4.142020532E2,4.378427240E0,9.552625448E-1,1.761697810E0,4.815260201E0
4.142120422E2,4.279709868E0,1.168329821E0,2.215217065E0,4.958638701E0
4.142220312E2,4.007850008E0,1.310248176E0,2.721381873E0,5.018518832E0
4.142320202E2,3.557727546E0,9.550900519E-1,3.125444940E0,4.830944874E0
4.142420092E2,3.111496407E0,4.073930562E-1,3.444255602E0,4.659428682E0
4.142519982E2,2.700299737E0,2.228607774E-2,3.759239262E0,4.628606180E0
4.142619872E2,2.280768446E0,-2.151032764E-1,3.681974739E0,4.336486147E0
4.142719762E2,1.895932486E0,-2.560495734E-3,3.175687140E0,3.698588293E0
4.142819642E2,1.687546929E0,3.629928088E-1,2.711534577E0,3.214342574E0
4.142919532E2,1.690630312E0,7.955680686E-1,2.445849231E0,3.077878793E0
4.143019422E2,1.925751239E0,1.245731753E0,2.439429865E0,3.348310544E0
4.143119312E2,2.329288349E0,1.600350180E0,2.706810611E0,3.913250388E0
4.143219202E2,2.778399827E0,1.877328107E0,2.979522995E0,4.485690995E0
4.143319092E2,3.219288366E0,1.919483024E0,3.069408733E0,4.844533273E0
4.143418982E2,3.464656245E0,1.732751607E0,2.949977015E0,4.869151406E0
4.143518872E2,3.411241930E0,1.313009816E0,2.547892646E0,4.455594598E0
4.143618762E2,3.079490795E0,8.204351074E-1,2.041677990E0,3.784815232E0
4.143718652E2,2.472256280E0,5.656456089E-1,1.392822410E0,2.893434004E0
4.143818532E2,1.789828911E0,5.853419548E-1,4.743834364E-1,1.941945514E0
4.143918422E2,7.665307226E-1,1.041779702E0,-5.001412985E-1,1.386728385E0
4.144018312E2,-7.705880325E-1,1.674808624E0,-1.237504867E0,2.220407201E0
4.144118202E2,-3.289033077E0,2.476512761E0,-2.778218563E0,4.966825185E0
4.144218092E2,-6.121455329E0,3.467338071E0,-4.308810291E0,8.249878470E0
4.144317982E2,-7.580109932E0,4.270315146E0,-4.252967919E0,9.684079417E0
4.144417872E2,-6.354015468E0,4.375284362E0,-1.625347319E0,7.884058582E0
4.144517762E2,-4.430159604E0,3.969289960E0,3.264466877E0,6.785154449E0
4.144617652E2,-4.594554364E0,4.010973006E0,7.601777959E-1,6.146194314E0
4.144717542E2,-3.895258362E0,3.789543627E0,-5.134841183E0,7.476648486E0
4.144817432E2,-1.903327167E0,2.060621361E0,-6.050931476E0,6.669526702E0
4.144917312E2,4.239699125E-2,-2.126656306E0,-4.765454444E0,5.218622482E0
4.145017202E2,2.030728494E0,-7.652128333E0,-2.801459199E0,8.398041431E0
4.145117092E2,2.877836114E0,-1.203874928E1,-3.025691148E0,1.274237936E1
4.145216982E2,9.623831378E-1,-1.205611200E1,-3.084405672E0,1.248156946E1
4.145316872E2,-1.758469891E-1,-8.444800860E0,-4.914260235E-1,8.460915037E0
4.145416762E2,-6.632144420E-1,-6.308238201E0,-1.740678093E-1,6.345393778E0
4.145516652E2,-8.305518137E-1,-4.237470167E0,-9.318733898E-1,4.417505828E0
4.145616542E2,8.765849691E-2,-2.788413768E0,-8.342009148E-1,2.911842462E0
4.145716432E2,1.028246760E0,-2.647180122E0,-1.995972498E0,3.471132410E0
4.145816322E2,1.363341625E0,-3.493344732E0,-2.096525019E0,4.296227992E0
4.145916202E2,1.518160255E0,-4.639248142E0,-1.443319987E0,5.090246209E0
4.146016092E2,1.887988020E0,-5.544543305E0,-1.283108033E0,5.996067499E0
4.146115982E2,2.060799116E0,-6.282946070E0,-1.177010597E0,6.716223512E0
4.146215872E2,1.990589698E0,-6.477393472E0,-7.650795168E-1,6.819414946E0
4.146315762E2,1.755924854E0,-5.901799411E0,-2.546535507E-1,6.162739391E0
4.146415652E2,1.523673594E0,-4.852656895E0,1.480377594E-1,5.088396146E0
4.146515542E2,1.397777486E0,-3.789966381E0,3.268865445E-1,4.052712904E0
4.146615432E2,1.093288263E0,-2.871977497E0,2.854704237E-1,3.086264300E0
4.146715322E2,6.131115514E-1,-2.187214165E0,-1.598453343E-2,2.271578104E0
4.146815212E2,1.615932863E-1,-1.563236732E0,-4.130329880E-1,1.624936221E0
4.146915092E2,-1.019185768E-1,-9.405199599E-1,-1.091901450E0,1.444719338E0
4.147014982E2,-3.759883918E-1,-3.768635738E-1,-1.773488574E0,1.851662806E0
4.147114872E2,-6.162108681E-1,2.562694287E-1,-2.219971436E0,2.318116268E0
4.147214762E2,-9.852071594E-1,9.155254519E-1,-2.041504182E0,2.444700253E0
4.147314652E2,-1.414499646E0,1.578816054E0,-1.936779088E0,2.871338123E0
4.147414542E2,-1.525252781E0,2.562231188E0,-2.153488302E0,3.678170275E0
4.147514432E2,-1.379376299E0,3.629207126E0,-1.636163206E0,4.213176163E0
4.147614322E2,-1.444536208E0,4.464468434E0,-1.050648174E0,4.808536663E0
4.147714212E2,-1.094540737E0,5.401865396E0,-9.975966784E-1,5.601193472E0
4.147814102E2,-3.669591214E-1,5.719556901E0,-7.483067787E-1,5.779961348E0
4.147913992E2,3.129361112E-1,5.475904595E0,-5.396670145E-1,5.511324761E0
4.148013872E2,1.083952452E0,5.099553237E0,-5.551007402E-1,5.242950788E0
4.148113762E2,1.548953300E0,4.466833048E0,-3.929505797E-1,4.744076724E0
4.148213652E2,1.718061355E0,3.676102965E0,-2.339921218E-1,4.064507368E0
4.148313542E2,1.569420748E0,2.817089683E0,-1.633234043E-1,3.228893046E0
4.148413432E2,1.275610148E0,1.902711455E0,-3.628942832E-2,2.291027947E0
4.148513322E2,1.034934366E0,9.641737014E-1,1.989936125E-1,1.428397188E0
4.148613212E2,8.188095814E-1,-3.777359784E-2,6.097716218E-1,1.021615097E0
4.148713102E2,5.193453088E-1,-9.687444699E-1,9.477917035E-1,1.451376764E0
4.148812992E2,4.501400033E-1,-1.754327248E0,7.854063387E-1,1.974120876E0
4.148912882E2,6.959092945E-1,-2.246458154E0,4.499356431E-1,2.394432305E0
4.149012772E2,9.294248682E-1,-2.502293719E0,6.277687669E-2,2.670064677E0
4.149112652E2,1.128513790E0,-2.503345048E0,-3.882112652E-1,2.773263023E0
4.149212542E2,1.322488445E0,-1.941736357E0,-8.464492236E-1,2.497156795E0
4.149312432E2,1.380181460E0,-1.220086450E0,-1.191946725E0,2.194139650E0
4.149412322E2,1.306549228E0,-6.623006684E-1,-1.345020398E0,1.988666119E0
4.149512212E2,1.344510229E0,-9.925648570E-2,-1.357305545E0,1.913070293E0
4.149612102E2,1.378726965E0,3.465042454E-1,-1.229249768E0,1.879363783E0
4.149711992E2,1.316489202E0,6.537011683E-1,-8.777321197E-1,1.711982100E0
4.149811882E2,1.023222393E0,8.424913895E-1,-2.829876959E-1,1.355307288E0
4.149911772E2,8.234449616E-1,7.863598734E-1,2.407650979E-1,1.163783179E0
4.150011662E2,6.375973517E-1,6.307683885E-1,4.797120041E-1,1.017114915E0
4.150111542E2,5.285321617E-1,3.062590295E-1,4.644560337E-1,7.673722997E-1
4.150211432E2,4.364841235E-1,5.749216318E-2,2.836617337E-1,5.237248496E-1
4.150311322E2,3.685660824E-1,-1.327873439E-1,-1.355808511E-2,3.919913997E-1
4.150411212E2,2.738742256E-1,-1.857783204E-1,-3.174722350E-1,4.585949147E-1
4.150511102E2,1.487859106E-1,-9.451322436E-2,-3.734354974E-1,4.129455987E-1
4.150610992E2,2.375811428E-2,1.406021476E-2,-2.984005179E-1,2.996748349E-1
4.150710882E2,-6.693336993E-2,-4.404999912E-2,-8.828199282E-2,1.192232724E-1
4.150810772E2,-2.576511258E-1,-2.426734829E-1,1.794463706E-1,3.968318559E-1
4.150910662E2,-5.446111277E-1,-3.392788410E-1,5.290753680E-1,8.316442493E-1
4.151010552E2,-8.066003028E-1,-3.771454096E-1,9.549676989E-1,1.305682203E0
4.151110442E2,-9.146159175E-1,-3.516720146E-1,1.344773500E0,1.663914435E0
4.151210322E2,-1.050616306E0,-3.128938651E-1,1.679573081E0,2.005657730E0
4.151310212E2,-1.114738627E0,-2.295154935E-1,1.800804427E0,2.130308934E0
4.151410102E2,-1.046183825E0,-2.008588743E-1,1.807340591E0,2.097933481E0
4.151509992E2,-7.590592235E-1,-2.667271739E-1,1.732357066E0,1.910072066E0
4.151609890E2,-4.369478077E-1,-2.560378790E-1,1.512409372E0,1.594948554E0
4.151709780E2,-1.028086692E-1,-2.639772284E-1,1.333337662E0,1.363100480E0
4.151809670E2,1.574058759E-1,-2.534633499E-1,1.252960081E0,1.287994272E0
4.151909560E2,2.723045406E-1,-2.427395564E-1,1.224167514E0,1.277363831E0
4.152009450E2,2.733178630E-1,-3.217909884E-1,1.401362268E0,1.463580644E0
4.152109340E2,8.739599347E-2,-6.456957453E-1,1.843469220E0,1.955233956E0
4.152209230E2,-2.078378186E-1,-1.328485057E0,2.310634854E0,2.673406541E0
4.152309110E2,-3.228905573E-1,-2.034210657E0,2.609358577E0,3.324307972E0
4.152409000E2,-2.675033918E-1,-2.393381726E0,2.613397248E0,3.553826013E0
4.152508890E2,-1.656182903E-1,-2.278366994E0,2.407947725E0,3.319126063E0
4.152608780E2,-6.761632472E-2,-1.837026758E0,1.982560447E0,2.703661444E0
4.152708670E2,8.762900501E-2,-1.242749673E0,1.360404131E0,1.844669345E0
4.152808560E2,1.061047447E-1,-6.520902604E-1,7.923886451E-1,1.031678094E0
4.152908450E2,4.796178639E-3,-1.597359914E-1,2.345666108E-1,2.838310856E-1
4.153008340E2,7.241659641E-2,5.335344547E-1,-1.818323269E-1,5.683011287E-1
4.153108230E2,1.790838432E-1,1.132558894E0,-6.076832888E-1,1.297705533E0
4.153208120E2,2.049949023E-1,1.571359100E0,-7.826623866E-1,1.767414140E0
4.153308000E2,1.903774479E-1,1.811669138E0,-7.685700122E-1,1.977141498E0
4.153407890E2,2.341347939E-1,1.937402986E0,-1.022464302E0,2.203130200E0
4.153507780E2,6.002912387E-1,2.107735301E0,-1.511605526E0,2.662301436E0
4.153607670E2,1.070414686E0,2.378273106E0,-2.267110519E0,3.455685268E0
4.153707560E2,1.364500251E0,2.641358049E0,-2.951761000E0,4.189454175E0
4.153807450E2,1.358574391E0,3.120375988E0,-3.471466205E0,4.861434798E0
4.153907340E2,1.208435580E0,3.899039172E0,-3.866384227E0,5.622432748E0
4.154007230E2,6.745801136E-1,4.423577685E0,-3.984720762E0,5.991752450E0
4.154107120E2,-4.610538313E-1,4.289212178E0,-3.681100873E0,5.671015375E0
4.154207010E2,-2.100953993E0,3.521573920E0,-3.124002432E0,5.155083098E0
4.154306900E2,-3.801760215E0,2.201684269E0,-2.320206161E0,4.968314702E0
4.154406790E2,-4.999131986E0,6.971565056E-1,-1.291660170E0,5.210156792E0
4.154506670E2,-5.564608026E0,-8.751393181E-1,-2.601753688E-1,5.639009002E0
4.154606560E2,-5.450004938E0,-2.429660776E0,4.994510347E-1,5.987925905E0
4.154706450E2,-4.868383566E0,-3.455961143E0,9.720727050E-1,6.048946298E0
4.154806340E2,-4.386539375E0,-3.578372603E0,1.148672651E0,5.776324699E0
4.154906230E2,-4.154173656E0,-3.126965801E0,1.051326451E0,5.304748928E0
4.155006120E2,-4.114730093E0,-2.566158763E0,7.159184664E-1,4.901909198E0
4.155106010E2,-4.132610002E0,-2.314633180E0,2.980033457E-1,4.746029728E0
4.155205900E2,-4.222037610E0,-2.287767563E0,1.340880570E-1,4.803900666E0
4.155305790E2,-4.229511814E0,-2.267284766E0,2.848167050E-1,4.807335119E0
4.155405680E2,-3.958900627E0,-2.112371559E0,5.053716329E-1,4.515573968E0
4.155505560E2,-3.314801756E0,-1.863636852E0,6.685156739E-1,3.861083553E0
4.155605450E2,-2.370058499E0,-1.692253792E0,6.702493733E-1,2.988333048E0
4.155705340E2,-1.375009013E0,-1.654006569E0,6.489473820E-1,2.246668695E0
4.155805230E2,-4.332539754E-1,-1.581380058E0,7.508894938E-1,1.803415351E0
4.155905120E2,2.852198705E-1,-1.365437706E0,7.806132299E-1,1.598476624E0
4.156005010E2,7.532146391E-1,-9.391733462E-1,7.123542961E-1,1.398866509E0
4.156104900E2,9.594655234E-1,-4.335423893E-1,5.710601306E-1,1.197765739E0
4.156204790E2,1.034358854E0,1.157468033E-1,3.490495384E-1,1.097784652E0
4.156304680E2,1.048288822E0,6.336498964E-1,1.960255659E-1,1.240502990E0
4.156404570E2,1.074823779E0,1.054712573E0,5.611134320E-2,1.506921780E0
4.156504460E2,1.080648191E0,1.355883356E0,6.414980292E-3,1.733857358E0
4.156604340E2,1.156646499E0,1.580838606E0,-5.175136685E-2,1.959479529E0
4.156704230E2,1.271309229E0,1.789388908E0,-2.279040009E-1,2.206825786E0
4.156804120E2,1.371341055E0,1.911212137E0,-2.819816825E-1,2.369139462E0
4.156904010E2,1.416916300E0,1.937952039E0,-2.296227899E-1,2.411646022E0
4.157003900E2,1.350894219E0,1.854487714E0,-1.297982472E-1,2.298018158E0
4.157103790E2,1.173473324E0,1.691446291E0,-3.329170704E-2,2.058916836E0
4.157203680E2,9.413385701E-1,1.512478223E0,3.220529437E-2,1.781781653E0
4.157303570E2,7.076890951E-1,1.283519384E0,-2.587626815E-2,1.465917954E0
4.157403460E2,3.531829351E-1,9.199172956E-1,-1.250169790E-1,9.932850857E-1
4.157503350E2,1.165028483E-1,6.843709838E-1,-1.420873404E-3,6.942179601E-1
4.157603240E2,-2.668844640E-2,6.337668407E-1,2.284776127E-1,6.742215519E-1
4.157703120E2,4.038671851E-3,5.880544782E-1,6.252603114E-1,8.583558919E-1
4.157803010E2,5.616338342E-2,4.493789881E-1,8.738520536E-1,9.842322958E-1
4.157902900E2,9.246757597E-2,2.322414654E-1,9.790589583E-1,1.010466622E0
4.158002790E2,6.078987586E-1,2.190589178E-1,1.210922986E0,1.372538593E0
4.158102680E2,1.117867765E0,4.718819976E-2,1.195209471E0,1.637186839E0
4.158202570E2,1.437865705E0,-2.965631765E-1,1.039600737E0,1.798937796E0
4.158302460E2,1.408972566E0,-5.615700996E-1,7.393359804E-1,1.687359582E0
4.158402350E2,1.363934972E0,-3.729301518E-1,7.172881767E-1,1.585527620E0
4.158502240E2,1.271454824E0,-1.718221861E-1,7.097312352E-1,1.466232812E0
4.158602130E2,9.578633863E-1,1.225441915E-1,4.177288869E-1,1.052148644E0
4.158702020E2,6.448823977E-1,2.964234281E-1,1.669719207E-1,7.291226082E-1
4.158801900E2,4.527259344E-1,3.734289193E-1,5.211977068E-1,7.848929729E-1
4.158901790E2,3.585699749E-1,3.209817338E-1,3.595660481E-1,6.007407455E-1
4.159001680E2,4.787469211E-1,2.029159248E-1,1.480357128E-1,5.406367166E-1
4.159101570E2,4.490296170E-1,-8.916419148E-3,4.578749925E-1,6.413708820E-1
4.159201460E2,4.226092654E-1,-6.455559969E-2,8.745195132E-1,9.734220029E-1
4.159301350E2,4.658371460E-1,-1.631618750E-1,1.123215044E0,1.226881444E0
4.159401240E2,4.018659756E-1,-3.017397165E-1,1.507658071E0,1.589206084E0
4.159501130E2,2.248520467E-1,-4.855346614E-1,1.871164265E0,1.946164961E0
4.159601020E2,4.867807031E-3,-6.491584665E-1,2.078221773E0,2.177254268E0
4.159700910E2,-9.514209241E-2,-4.376395333E-1,2.070276284E0,2.118165307E0
4.159800800E2,-1.583349985E-1,2.676855326E-2,1.237949109E0,1.248320681E0
4.159900680E2,-1.971119785E-1,5.454469872E-1,-4.847341776E-3,5.799905556E-1
4.160000570E2,-1.937208858E-1,7.250062090E-1,-9.687383303E-1,1.225404316E0
4.160100460E2,-1.483616951E-1,7.359060037E-1,-1.592493861E0,1.760569662E0
4.160200350E2,-2.158850491E-2,1.473989511E-1,-1.686650697E0,1.693216787E0
4.160300240E2,-1.371172071E-1,-9.768019331E-1,-1.616597545E0,1.893761012E0
4.160400130E2,-1.782506150E-1,-2.023520193E0,-1.366791044E0,2.448371910E0
4.160500020E2,-2.410134584E-2,-2.621324903E0,-4.610877451E-1,2.661677485E0
4.160599910E2,8.433409899E-2,-2.632374387E0,3.578455049E-1,2.657924107E0
4.160699800E2,-3.108900243E-1,-2.349748634E0,1.024059715E0,2.581989455E0
4.160799690E2,-1.427257686E0,-1.837819056E0,1.726369956E0,2.897412054E0
4.160899580E2,-2.988496425E0,-8.774600780E-1,2.221169531E0,3.825524951E0
4.160999460E2,-4.004133810E0,-5.082692206E-2,2.261022983E0,4.598684146E0
4.161099350E2,-4.111428756E0,1.936539352E-1,1.785549041E0,4.486594882E0
4.161199240E2,-3.644588812E0,4.016358876E-1,1.156748533E0,3.844789482E0
4.161299130E2,-2.886369833E0,4.957900929E-1,4.766770068E-1,2.967180412E0
4.161399020E2,-1.992279105E0,4.621732807E-1,-2.610600525E-1,2.061778970E0
4.161498910E2,-1.014315622E0,3.324761903E-1,-8.868109453E-1,1.387735656E0
4.161598791E2,-2.043505391E-1,1.234107488E-1,-1.409822166E0,1.429890868E0
4.161698681E2,1.029682982E-1,-5.296524882E-2,-1.890567958E0,1.894110607E0
4.161798571E2,-7.604187012E-2,-8.584765077E-2,-2.599531161E0,2.602059654E0
4.161898461E2,-1.570676145E-1,1.511271358E-2,-2.949306924E0,2.953525006E0
4.161998351E2,-1.466189325E-3,3.410669196E-1,-2.411360745E0,2.435362280E0
4.162098231E2,2.177900720E-1,7.307417428E-1,-1.419858912E0,1.611649881E0
4.162198121E2,1.643004741E-1,9.958042145E-1,-3.073682463E-1,1.055033610E0
4.162298011E2,-2.145824356E-1,1.008228378E0,4.144757885E-1,1.111017670E0
4.162397901E2,-4.090305689E-1,1.159127473E0,2.262504083E-1,1.249828689E0
4.162497791E2,-3.820982936E-1,1.522634252E0,-1.551622993E-1,1.577494694E0
4.162597681E2,-2.077477714E-1,1.857345833E0,-3.007389656E-1,1.892970312E0
4.162697571E2,8.742610663E-2,2.011266768E0,-2.799220008E-1,2.032533804E0
4.162797461E2,2.698650822E-1,2.216956027E0,-1.427811125E-1,2.237880165E0
4.162897351E2,5.489149708E-1,2.374716244E0,5.423935711E-2,2.437934945E0
4.162997241E2,4.464065561E-1,2.301344798E0,2.064569986E-1,2.353314935E0
4.163097131E2,-1.966825005E-1,2.278819569E0,5.235161278E-1,2.346438103E0
4.163197021E2,-3.340476295E-1,1.808908083E0,4.331123266E-1,1.889794316E0
4.163296901E2,-2.284343433E-1,1.187366601E0,1.017345357E-1,1.213413206E0
4.163396791E2,2.510005027E-2,5.034283108E-1,4.088957906E-3,5.040702294E-1
4.163496681E2,3.563190892E-1,-1.388941759E-1,-7.626114070E-2,3.899623662E-1
4.163596571E2,7.905409250E-1,-7.868019229E-1,1.829798430E-2,1.115503042E0
4.163696461E2,9.797319728E-1,-1.298139178E0,3.898303592E-1,1.672425715E0
4.163796351E2,4.582299185E-1,-1.130419398E0,1.009957108E0,1.583614862E0
4.163896241E2,1.705369681E-2,-7.671096700E-1,1.555832988E0,1.734751960E0
4.163996131E2,7.537353337E-2,-6.780495590E-1,1.765077939E0,1.892335199E0
4.164096021E2,4.663873690E-1,-6.258269066E-1,1.712600348E0,1.882067068E0
4.164195911E2,1.021676682E0,-7.281876791E-1,1.631493035E0,2.058118087E0
4.164295801E2,1.612959408E0,-8.906250840E-1,1.539410206E0,2.400965404E0
4.164395681E2,2.212148446E0,-9.318140405E-1,1.290175270E0,2.725147773E0
4.164495571E2,2.648502469E0,-7.472402465E-1,8.524828193E-1,2.880913097E0
4.164595461E2,2.737130179E0,-2.533528376E-1,3.973223966E-1,2.777397048E0
4.164695351E2,2.448856600E0,4.864111590E-1,1.191568995E-1,2.499538523E0
4.164795241E2,1.808010828E0,1.287521803E0,4.138513058E-2,2.219983846E0
4.164895131E2,1.044308915E0,1.975888774E0,2.882516518E-1,2.253398893E0
4.164995021E2,3.534764653E-1,2.254347802E0,6.566452414E-1,2.374492071E0
4.165094911E2,-1.766028696E-1,1.912900229E0,1.049995332E0,2.189261532E0
4.165194801E2,-6.018109301E-1,1.221803777E0,1.367459381E0,1.930006742E0
4.165294691E2,-1.012553564E0,1.851257712E-1,1.569245916E0,1.876717617E0
4.165394581E2,-1.412847808E0,-1.137335485E0,1.733425207E0,2.508871037E0
4.165494461E2,-1.689999982E0,-2.382597122E0,1.866418957E0,3.466466314E0
4.165594351E2,-1.529391294E0,-3.149788068E0,1.891436562E0,3.979665171E0
4.165694241E2,-1.125696310E0,-3.171826224E0,1.783600749E0,3.809055711E0
4.165794131E2,-3.324074855E-1,-2.369992279E0,1.689027298E0,2.929192952E0
4.165894021E2,4.756478968E-1,-9.926683527E-1,1.487981898E0,1.850870473E0
4.165993911E2,9.149120790E-1,2.532674682E-1,1.337720734E0,1.640336943E0
4.166093801E2,9.939655575E-1,1.270421621E0,9.352574658E-1,1.864576400E0
4.166193691E2,7.990813681E-1,2.066690186E0,3.220535284E-1,2.239075218E0
4.166293581E2,5.861795685E-1,2.300520925E0,-1.244612011E-1,2.377287026E0
4.166393471E2,3.666867873E-1,1.963869823E0,-2.504789311E-1,2.013450664E0
4.166493361E2,3.398825660E-2,1.246522881E0,-2.544334030E-1,1.272678613E0
4.166593251E2,-3.398410508E-1,3.602282453E-1,-3.039596120E-1,5.810746718E-1
4.166693131E2,-5.519037750E-1,-5.542780370E-1,-2.864729288E-1,8.329997948E-1
4.166793021E2,-6.149408528E-1,-1.252416875E0,-1.050054681E-1,1.399187775E0
4.166892911E2,-6.916773722E-1,-1.447245516E0,2.306533617E-1,1.620536375E0
4.166992801E2,-6.772248092E-1,-1.056896508E0,3.310225725E-1,1.298167792E0
4.167092691E2,-6.189286539E-1,-3.655480421E-1,2.752994844E-1,7.697323274E-1
4.167192581E2,-5.115693891E-1,3.040557986E-1,2.547368735E-1,6.473361131E-1
4.167292471E2,-4.220730758E-1,7.252740115E-1,1.202210927E-1,8.477152731E-1
4.167392361E2,-3.264494652E-1,7.667313552E-1,-8.945187449E-2,8.381216273E-1
4.167492251E2,-2.264641240E-1,6.263285977E-1,-3.404158321E-1,7.479682149E-1
4.167592141E2,-1.126431012E-1,4.278302443E-1,-5.067109376E-1,6.726686855E-1
4.167692031E2,-1.018389085E-1,2.430950671E-1,-5.058692309E-1,5.704121788E-1
4.167791911E2,-1.536347142E-1,8.567983568E-2,-4.515749100E-1,4.846282689E-1
4.167891801E2,-1.918857372E-1,-5.399260461E-2,-3.547273310E-1,4.068990253E-1
4.167991691E2,-2.137857525E-1,-1.177851427E-1,-3.594969048E-1,4.345292997E-1
4.168091581E2,-2.532304846E-1,-1.087336528E-1,-3.888322395E-1,4.765912253E-1
4.168191471E2,-1.513686258E-1,-2.667792141E-2,-4.059982029E-1,4.341183169E-1
4.168291361E2,6.955993921E-3,8.481386304E-2,-5.756218359E-1,5.818782305E-1
4.168391251E2,1.376857026E-1,1.241393119E-1,-7.727303061E-1,7.946571886E-1
4.168491141E2,2.365567106E-1,1.132500422E-1,-8.876465124E-1,9.255814283E-1
4.168591031E2,2.797531624E-1,1.289077163E-2,-8.562155356E-1,9.008512903E-1
4.168690921E2,2.872124554E-1,-8.974365056E-2,-7.415317561E-1,8.002588723E-1
4.168790811E2,3.372431329E-1,-1.850883490E-1,-6.973069252E-1,7.963840628E-1
4.168890691E2,3.429570320E-1,-3.233773381E-1,-6.577053416E-1,8.091778203E-1
4.168990581E2,3.334250472E-1,-4.440884274E-1,-5.381385523E-1,7.732915976E-1
4.169090471E2,3.855927359E-1,-5.020740956E-1,-4.982190263E-1,8.055944101E-1
4.169190361E2,3.991721633E-1,-5.116582668E-1,-6.149946472E-1,8.940643232E-1
4.169290251E2,2.504122728E-1,-4.450169653E-1,-7.147993094E-1,8.784557237E-1
4.169390141E2,1.940207018E-1,-3.614824730E-1,-7.898921764E-1,8.900804803E-1
4.169490031E2,1.442187966E-1,-2.924935144E-1,-7.875193763E-1,8.523721519E-1
4.169589921E2,3.862816840E-2,-1.800001019E-1,-6.725714488E-1,6.973123589E-1
4.169689811E2,6.678295031E-2,-1.920401037E-2,-6.029333031E-1,6.069244800E-1
4.169789701E2,1.468927284E-1,8.979101300E-2,-4.162053949E-1,4.504074049E-1
4.169889591E2,3.082312953E-1,8.543600678E-2,-2.012237406E-1,3.778846867E-1
4.169989481E2,4.994212139E-1,4.512296319E-3,-1.064949001E-1,5.106692407E-1
4.170089361E2,7.419368219E-1,-1.707521456E-1,-2.028785026E-1,7.878998857E-1
4.170189251E2,9.409526539E-1,-3.814121228E-1,-3.964037991E-1,1.089955539E0
4.170289141E2,1.014913646E0,-5.679996979E-1,-6.136483258E-1,1.315004804E0
4.170389031E2,9.853480773E-1,-6.212672478E-1,-7.015496649E-1,1.359799897E0
4.170488921E2,8.128087302E-1,-4.612903512E-1,-6.728019753E-1,1.151568199E0
4.170588811E2,6.161485952E-1,-1.844030553E-1,-6.715807843E-1,9.298732860E-1
4.170688701E2,4.056894699E-1,6.057423055E-2,-4.380897689E-1,6.001465063E-1
4.170788591E2,2.956284991E-1,3.262629390E-1,-2.021587104E-1,4.844706998E-1
4.170888481E2,1.528118648E-1,5.036943591E-1,-8.156997398E-2,5.326472886E-1
4.170988371E2,-2.773509800E-2,5.898437262E-1,3.508899495E-2,5.915370610E-1
4.171088261E2,-1.401546894E-1,6.240850210E-1,1.754307953E-1,6.632506422E-1
4.171188141E2,-2.369350255E-2,7.248343009E-1,-3.799506113E-2,7.262160632E-1
4.171288031E2,2.258339404E-1,9.353346491E-1,-5.711345364E-1,1.118948852E0
4.171387921E2,5.713432820E-1,1.211849477E0,-7.585905692E-1,1.539633707E0
4.171487811E2,8.096788618E-1,1.399633393E0,-5.641978383E-1,1.712563194E0
4.171587706E2,8.915286250E-1,1.331502221E0,-4.067907929E-2,1.602927397E0
4.171687596E2,8.734082499E-1,9.971104825E-1,2.554198283E-1,1.349929840E0
4.171787486E2,8.072709784E-1,4.252054292E-1,-6.418459386E-2,9.146615503E-1
4.171887376E2,3.670636404E-1,-2.234759045E-1,-7.584087208E-1,8.717000538E-1
4.171987266E2,-1.143085344E-1,-6.842750895E-1,-1.200617561E0,1.386643922E0
4.172087156E2,-5.662202440E-1,-1.051091977E0,-8.822986490E-1,1.484537172E0
4.172187046E2,-8.208344722E-1,-1.541434219E0,-2.694510993E-1,1.767029309E0
4.172286936E2,-1.137697427E0,-2.348665144E0,-4.643069297E-2,2.610122450E0
4.172386816E2,-1.605533590E0,-3.388177881E0,-3.674706066E-1,3.767296392E0
4.172486706E2,-1.841913276E0,-4.180380877E0,-1.095121219E0,4.697607825E0
4.172586596E2,-1.794199704E0,-4.333275626E0,-1.801849324E0,5.024250314E0
4.172686486E2,-1.661083016E0,-3.467008288E0,-2.061299346E0,4.362143767E0
4.172786376E2,-1.614881826E0,-1.982938762E0,-1.778877076E0,3.115171440E0
4.172886266E2,-1.782104592E0,-7.307920289E-1,-1.635570591E0,2.526864643E0
4.172986156E2,-2.087004729E0,-1.610323191E-3,-2.112478855E0,2.969538389E0
4.173086046E2,-2.065566059E0,2.401913399E-1,-2.396928062E0,3.173250567E0
4.173185936E2,-1.750405667E0,2.095063215E-1,-2.443395593E0,3.012971112E0
4.173285826E2,-1.263044043E0,1.660433829E-1,-2.457630639E0,2.768176118E0
4.173385716E2,-7.945323806E-1,1.096423101E-1,-2.376710291E0,2.508396888E0
4.173485596E2,-4.334682758E-1,1.314647037E-1,-2.295285328E0,2.339553900E0
4.173585486E2,-2.052689905E-1,2.711751509E-1,-2.012821250E0,2.041352666E0
4.173685376E2,-3.786072135E-4,4.377535540E-1,-1.648641749E0,1.705769015E0
4.173785266E2,1.536835384E-1,5.894350058E-1,-1.269344710E0,1.407937587E0
4.173885156E2,2.514865525E-1,7.071786332E-1,-7.508298522E-1,1.061646162E0
4.173985046E2,4.573635073E-1,7.961264777E-1,-2.331933922E-1,9.473003243E-1
4.174084936E2,6.481888519E-1,7.880163896E-1,2.486642477E-1,1.050215467E0
4.174184826E2,9.060710889E-1,7.477933931E-1,7.288506071E-1,1.382527752E0
4.174284716E2,1.101446883E0,7.119669181E-1,1.095444278E0,1.708824243E0
4.174384606E2,1.230099076E0,7.062231982E-1,1.279736090E0,1.910397708E0
4.174484496E2,1.150427400E0,7.047058457E-1,1.201940786E0,1.806863355E0
4.174584386E2,1.013272040E0,7.017489088E-1,1.077522562E0,1.637139771E0
4.174684266E2,8.923321787E-1,6.330143040E-1,1.188807647E0,1.615619834E0
4.174784156E2,9.934252748E-1,4.438650638E-1,1.474294735E0,1.832335924E0
4.174884046E2,1.359456735E0,1.729495293E-1,1.731684490E0,2.208339949E0
4.174983936E2,1.876910616E0,-6.213075936E-2,1.958301227E0,2.713226380E0
4.175083826E2,2.424367291E0,-3.003393084E-1,2.406357867E0,3.429040485E0
4.175183716E2,2.952496872E0,-5.337490475E-1,2.699465339E0,4.035992932E0
4.175283606E2,3.493627152E0,-6.629491246E-1,2.560408026E0,4.381851376E0
4.175383496E2,3.645245454E0,-5.970241070E-1,2.273536609E0,4.337420999E0
4.175483386E2,3.286251556E0,-3.587717038E-1,1.726911116E0,3.729663313E0
4.175583276E2,2.869913430E0,-2.296792156E-1,1.072716443E0,3.072438153E0
4.175683166E2,2.411625770E0,-4.143214220E-1,4.270230362E-1,2.483938358E0
4.175783056E2,2.041461936E0,-7.041942143E-1,3.713742077E-2,2.159823029E0
4.175882936E2,1.826996591E0,-9.587486547E-1,-1.476003876E-1,2.068550555E0
4.175982826E2,1.551578992E0,-1.257777017E0,-3.292315704E-1,2.024300823E0
4.176082716E2,1.435683816E0,-1.379209653E0,-4.710040382E-1,2.045788868E0
4.176182606E2,1.399402428E0,-1.216518479E0,-6.316305605E-1,1.958877620E0
4.176282496E2,1.308351924E0,-7.196332026E-1,-7.197279274E-1,1.657608215E0
4.176382386E2,1.292194167E0,-2.574645996E-1,-6.937972802E-1,1.489096522E0
4.176482276E2,1.335669093E0,-1.225716734E-1,-5.414898840E-1,1.446460174E0
4.176582166E2,1.300918505E0,-2.294236922E-1,-3.997422668E-1,1.380151466E0
4.176682056E2,1.264270935E0,-3.191205651E-1,-3.095793709E-1,1.340171004E0
4.176781946E2,1.197253073E0,-3.118378580E-1,-2.231303340E-1,1.257157475E0
4.176881836E2,1.018660688E0,-1.793136388E-1,-1.307805794E-1,1.042557691E0
4.176981726E2,6.659692115E-1,1.007551271E-1,-6.613025486E-2,6.767863746E-1
4.177081606E2,2.248492692E-1,4.938920867E-1,6.059674233E-2,5.460389660E-1
4.177181496E2,-9.897742733E-2,8.474591839E-1,2.657955663E-1,8.936615034E-1
4.177281386E2,-2.992612280E-1,1.029930319E0,4.593291950E-1,1.166746354E0
4.177381276E2,-3.388571106E-1,1.027821229E0,6.330558193E-1,1.253794357E0
4.177481166E2,-2.933586100E-1,9.507508332E-1,7.011919615E-1,1.217233169E0
4.177581056E2,-2.659711289E-1,7.318837041E-1,6.877138370E-1,1.038915165E0
4.177680946E2,-9.232928932E-2,3.858466512E-1,6.296223342E-1,7.441952833E-1
4.177780836E2,1.914436877E-1,5.922527790E-2,5.625822526E-1,5.972077612E-1
4.177880726E2,4.494550020E-1,-2.563559675E-1,4.104622597E-1,6.604600271E-1
4.177980616E2,6.549197280E-1,-4.941090184E-1,3.676365213E-1,8.990106696E-1
4.178080506E2,8.350923228E-1,-5.886204886E-1,2.356164783E-1,1.048507698E0
4.178180386E2,9.713073045E-1,-6.115561920E-1,-6.994804814E-2,1.149926774E0
4.178280276E2,1.079030266E0,-5.481261814E-1,-4.637425272E-1,1.296073207E0
4.178380166E2,1.075280739E0,-3.786317718E-1,-9.349686134E-1,1.474366642E0
4.178480056E2,9.011646903E-1,-1.708942330E-1,-1.375248603E0,1.653061208E0
4.178579946E2,5.583576393E-1,1.114537776E-2,-1.532137293E0,1.630745890E0
4.178679836E2,1.675540110E-1,2.034959686E-1,-1.392745519E0,1.417471353E0
4.178779726E2,-2.951417184E-1,1.213332331E-1,-9.407556027E-1,9.934039921E-1
4.178879616E2,-4.372132713E-1,6.329786360E-2,-6.067274152E-1,7.505199667E-1
4.178979506E2,-4.054441792E-1,-1.074285543E-1,-1.965284264E-1,4.631946665E-1
4.179079396E2,-2.404845777E-1,-1.843796664E-1,6.869192004E-2,3.107205712E-1
4.179179286E2,5.115875155E-2,-2.065271652E-1,2.371617512E-1,3.186163588E-1
4.179279176E2,3.317406106E-1,-2.478324813E-1,2.965060200E-1,5.093020630E-1
4.179379056E2,6.802542517E-1,-3.044785523E-1,1.155474132E-1,7.541911167E-1
4.179478946E2,1.003947047E0,-4.276022029E-1,-1.428030396E-1,1.100520797E0
4.179578836E2,1.231000570E0,-4.544818532E-1,-4.634361331E-1,1.391649815E0
4.179678726E2,1.373729643E0,-4.263421279E-1,-7.002349184E-1,1.599759258E0
4.179778616E2,1.350298680E0,-3.840655893E-1,-7.607660258E-1,1.596739756E0
4.179878506E2,1.291281855E0,-3.696124417E-1,-7.341085696E-1,1.530665731E0
4.179978396E2,1.204279380E0,-4.410613239E-1,-5.848678918E-1,1.409572405E0
4.180078286E2,1.194556922E0,-4.898124844E-1,-3.601732814E-1,1.340375806E0
4.180178176E2,1.135214992E0,-4.655307519E-1,-1.825662987E-1,1.240468626E0
4.180278066E2,1.055461309E0,-4.777023160E-1,-2.495810911E-2,1.158801530E0
4.180377956E2,1.015428932E0,-2.918152374E-1,2.109675407E-3,1.056530406E0
4.180477846E2,9.898768920E-1,4.459554434E-2,-5.285824478E-2,9.922897852E-1
4.180577726E2,9.081667310E-1,4.204469651E-1,-9.023072362E-2,1.004830356E0
4.180677616E2,7.993155491E-1,7.697584587E-1,-2.248396213E-1,1.132248333E0
4.180777506E2,6.719728401E-1,1.083065137E0,-4.487100667E-1,1.351265449E0
4.180877396E2,4.631269616E-1,1.219004715E0,-7.315550905E-1,1.495202972E0
4.180977286E2,2.964398003E-1,1.176362141E0,-8.494620015E-1,1.480976075E0
4.181077176E2,1.990140778E-1,8.369447207E-1,-6.934061015E-1,1.104941216E0
4.181177066E2,2.868094361E-1,5.655193090E-2,-3.279954690E-1,4.393618112E-1
4.181276956E2,1.027026884E-1,-7.369684428E-1,2.754135051E-1,7.934248085E-1
4.181376846E2,-2.744735652E-1,-1.477173904E0,7.771896851E-1,1.691567997E0
4.181476736E2,-4.092540787E-1,-2.044735061E0,1.092759528E0,2.354262890E0
4.181576622E2,-6.996917121E-1,-2.087326180E0,6.934876701E-1,2.308121362E0
4.181676512E2,-9.044756761E-1,-1.424793377E0,1.148860931E-2,1.687674259E0
4.181776392E2,-1.321394431E0,-3.932907414E-1,-7.230386209E-1,1.556774132E0
4.181876282E2,-1.759014376E0,4.655102867E-1,-1.403375611E0,2.297889142E0
4.181976172E2,-1.762130065E0,1.264773211E0,-1.707204245E0,2.760307950E0
4.182076062E2,-2.088882270E0,1.315132940E0,-1.803237453E0,3.056905151E0
4.182175952E2,-2.632024723E0,8.097370416E-1,-1.384345263E0,3.082148606E0
4.182275842E2,-2.854525605E0,1.992239928E-1,-4.392475176E-1,2.894986184E0
4.182375732E2,-3.150345892E0,-8.313571215E-2,2.292558771E-1,3.159770410E0
4.182475622E2,-3.491948124E0,-1.689558810E-1,5.134124315E-1,3.533530829E0
4.182575512E2,-3.994392641E0,-6.593799841E-1,9.673235965E-1,4.162411498E0
4.182675402E2,-4.362872477E0,-9.657758385E-1,8.603350452E-1,4.550555528E0
4.182775292E2,-4.307566588E0,-9.382757986E-1,1.768373430E-1,4.412115460E0
4.182875172E2,-4.366449219E0,-1.135447419E0,-3.283144346E-1,4.523594808E0
4.182975062E2,-4.403291355E0,-1.343079708E0,-7.595223230E-1,4.665802398E0
4.183074952E2,-4.350554148E0,-1.906470630E0,-5.181510150E-1,4.778120146E0
4.183174842E2,-4.451878794E0,-2.580037714E0,-5.956441641E-2,5.145810657E0
4.183274732E2,-4.175959797E0,-3.681953105E0,7.131638432E-1,5.612844338E0
4.183374622E2,-3.778280135E0,-5.022828997E0,1.493563065E0,6.460258705E0
4.183474512E2,-3.619377957E0,-5.610305185E0,1.618865973E0,6.869945277E0
4.183574402E2,-3.425787172E0,-5.373953712E0,1.542832873E0,6.557112895E0
4.183674292E2,-3.261247693E0,-4.657837610E0,1.338369191E0,5.841439874E0
4.183774182E2,-2.944301415E0,-3.623385054E0,9.369829792E-1,4.761907934E0
4.183874072E2,-2.608900155E0,-2.466138631E0,5.027430171E-1,3.625044869E0
4.183973962E2,-2.205033408E0,-1.440756276E0,1.625081563E-1,2.639007366E0
4.184073852E2,-1.801937325E0,-4.988136882E-1,7.919761240E-2,1.871380635E0
4.184173732E2,-1.357944207E0,2.352352399E-1,7.624944627E-2,1.380276083E0
4.184273622E2,-9.059770949E-1,7.153197116E-1,4.401725471E-2,1.155168518E0
4.184373512E2,-4.157422954E-1,8.821232325E-1,-2.620722055E-2,9.755356846E-1
4.184473402E2,2.221225299E-1,9.550783575E-1,1.461803913E-4,9.805677481E-1
4.184573292E2,8.570837009E-1,1.172219973E0,2.036845413E-1,1.466349047E0
4.184673182E2,1.521396835E0,1.448251237E0,6.495475987E-1,2.198634134E0
4.184773072E2,2.173813516E0,1.818525583E0,1.274050988E0,3.107363258E0
4.184872962E2,2.685633751E0,2.315476348E0,1.888683985E0,4.017609558E0
4.184972852E2,3.223505377E0,2.564266604E0,2.420154665E0,4.777405021E0
4.185072742E2,4.045387378E0,2.724685550E0,2.541380309E0,5.499789474E0
4.185172632E2,4.904690975E0,2.907865952E0,2.486956472E0,6.220661576E0
4.185272522E2,5.792430750E0,3.186735454E0,2.166385213E0,6.957065599E0
4.185372412E2,6.428561035E0,3.812057161E0,1.380379681E0,7.600238473E0
4.185472292E2,6.419116028E0,4.582981555E0,4.171593681E-1,7.898277816E0
4.185572182E2,5.857293913E0,4.935980887E0,-5.864418161E-1,7.682168529E0
4.185672072E2,4.960168480E0,4.482412369E0,-1.448062079E0,6.840480669E0
4.185771962E2,3.887875668E0,3.575962965E0,-1.971262457E0,5.638170272E0
4.185871852E2,2.563364086E0,2.624070171E0,-2.031237348E0,4.193149755E0
4.185971742E2,1.219724215E0,1.692128661E0,-2.044176359E0,2.920562199E0
4.186071632E2,-1.742191060E-1,1.123944191E0,-1.890553632E0,2.206308201E0
4.186171522E2,-1.434161493E0,6.677450109E-1,-1.507940784E0,2.185540664E0
4.186271412E2,-2.273102746E0,1.974324059E-1,-1.477343473E0,2.718183104E0
4.186371302E2,-2.718930135E0,-1.453793228E-1,-1.486601955E0,3.102209148E0
4.186471192E2,-2.908256254E0,-1.606043029E-1,-1.237700018E0,3.164751098E0
4.186571082E2,-2.659282396E0,-1.350706816E-4,-1.126359091E0,2.887986787E0
4.186670962E2,-2.408475290E0,1.876868516E-1,-1.039061039E0,2.629758053E0
4.186770852E2,-2.144048557E0,4.162007171E-1,-7.826699880E-1,2.320073180E0
4.186870742E2,-1.928233090E0,6.956561100E-1,-3.535162264E-1,2.080142782E0
4.186970632E2,-1.713623318E0,1.017286885E0,-1.755740520E-1,2.000550857E0
4.187070522E2,-1.504134538E0,1.090770013E0,-4.104222062E-1,1.902799600E0
4.187170412E2,-1.283944477E0,7.334612828E-1,-3.986783659E-1,1.531477493E0
4.187270302E2,-1.033436602E0,-3.573233485E-3,6.943568587E-4,1.033443013E0
4.187370192E2,-9.989394915E-1,-7.388348740E-1,-2.425150234E-1,1.265926781E0
4.187470082E2,-9.634656036E-1,-1.516091802E0,-9.253715783E-1,2.020671393E0
4.187569972E2,-1.051717629E0,-1.802663841E0,-1.276180836E0,2.446291974E0
4.187669862E2,-1.284377463E0,-1.387205136E0,-1.292510940E0,2.290097834E0
4.187769752E2,-1.386261395E0,-8.285650760E-1,-1.121398898E0,1.966157733E0
4.187869632E2,-1.347333265E0,-3.529642493E-1,-9.878017151E-1,1.707525378E0
4.187969522E2,-1.206777018E0,1.024724543E-2,-9.452024102E-1,1.532913361E0
4.188069412E2,-8.642941949E-1,1.090254289E-1,-9.159628236E-1,1.264072345E0
4.188169302E2,-3.977144524E-1,-6.439187765E-2,-7.284239066E-1,8.324208594E-1
4.188269192E2,1.116628155E-1,-4.743208712E-1,-4.234091645E-1,6.455417832E-1
4.188369082E2,5.455969682E-1,-9.851049793E-1,-6.609517157E-2,1.128040976E0
4.188468972E2,8.185192671E-1,-1.500638781E0,4.052925901E-1,1.756744894E0
4.188568862E2,8.847094560E-1,-1.789277810E0,6.445616779E-1,2.097542767E0
4.188668752E2,9.117548749E-1,-1.593948063E0,7.308468466E-1,1.976386727E0
4.188768642E2,1.016929035E0,-1.029374249E0,5.417585635E-1,1.545075515E0
4.188868532E2,9.306808501E-1,-4.128783292E-1,1.590195613E-1,1.030496279E0
4.188968422E2,5.791570625E-1,6.332066774E-2,-1.596392199E-1,6.040836784E-1
4.189068312E2,1.107696533E-2,2.235910946E-1,-4.329453886E-1,4.873985907E-1
4.189168192E2,-5.183647308E-1,1.658428234E-1,-6.374283671E-1,8.381651146E-1
4.189268082E2,-8.123598102E-1,3.683278084E-2,-7.355849916E-1,1.096526513E0
4.189367972E2,-7.634352797E-1,-8.339883685E-3,-7.841209745E-1,1.094417052E0
4.189467862E2,-4.958690304E-1,8.729892969E-4,-7.899181965E-1,9.326615756E-1
4.189567752E2,-2.442507693E-1,3.465527773E-2,-7.223647293E-1,7.633283886E-1
4.189667642E2,-1.409307611E-1,3.387175083E-2,-5.411282337E-1,5.602040166E-1
4.189767532E2,-4.693150699E-2,-7.731831729E-2,-2.928981417E-1,3.065452821E-1
4.189867422E2,5.745181739E-3,-2.655097836E-1,-1.324832886E-1,2.967832106E-1
4.189967312E2,-7.013969064E-2,-5.049661285E-1,2.555584073E-2,5.104541783E-1
4.190067202E2,-1.824366367E-1,-6.532164341E-1,1.462929502E-1,6.938129888E-1
4.190167092E2,-2.781877166E-1,-6.869449282E-1,4.419676423E-2,7.424520819E-1
4.190266982E2,-4.457180464E-1,-6.687378681E-1,-1.047362038E-1,8.104594904E-1
4.190366862E2,-6.875699955E-1,-6.096359664E-1,-2.308726323E-1,9.474759536E-1
4.190466752E2,-1.028531080E0,-5.365890402E-1,-3.702883798E-1,1.217750987E0
4.190566642E2,-1.419228582E0,-4.494666964E-1,-4.820389035E-1,1.564797617E0
4.190666532E2,-1.872262664E0,-4.153709972E-1,-4.826756653E-1,1.977593575E0
4.190766422E2,-2.308811692E0,-3.771623665E-1,-4.459791246E-1,2.381545771E0
4.190866312E2,-2.682223362E0,-2.629200518E-1,-5.881898412E-1,2.758517067E0
4.190966202E2,-2.952722867E0,-1.331434393E-1,-8.222895518E-1,3.067973209E0
4.191066092E2,-3.038181678E0,4.229232609E-2,-1.130293683E0,3.241897648E0
4.191165982E2,-3.056327927E0,6.131448805E-2,-1.371858826E0,3.350656130E0
4.191265872E2,-2.918368721E0,2.186975598E-2,-1.456326241E0,3.261631555E0
4.191365762E2,-2.201913480E0,1.248860013E-1,-1.280120398E0,2.550044651E0
4.191465652E2,-1.321214045E0,3.793913251E-1,-1.095578179E0,1.757792899E0
4.191565542E2,-3.689470285E-1,6.321740592E-1,-6.323807582E-1,9.673010774E-1
4.191665421E2,3.183776763E-1,8.553950250E-1,-4.991879100E-1,1.040314166E0
4.191765311E2,5.371924728E-1,8.852935928E-1,-9.678571549E-1,1.417415948E0
4.191865201E2,3.757552341E-1,8.352022505E-1,-1.678384781E0,1.911996409E0
4.191965091E2,-2.840016031E-1,6.913502204E-1,-2.694686995E0,2.796419145E0
4.192064981E2,-1.072959687E0,6.031432182E-1,-3.267503629E0,3.491647776E0
4.192164871E2,-1.658899812E0,5.794087851E-1,-3.139615082E0,3.597894661E0
4.192264761E2,-2.091668907E0,7.259897107E-1,-2.864943296E0,3.620778917E0
4.192364651E2,-2.079897000E0,8.802000833E-1,-2.550553713E0,3.406765029E0
4.192464541E2,-1.597263435E0,1.028082599E0,-2.259180818E0,2.951627056E0
4.192564431E2,-1.072150432E0,7.013156301E-1,-1.198212309E0,1.754155893E0
4.192664321E2,-6.306248394E-1,2.977109849E-2,1.015278366E-1,6.394387445E-1
4.192764211E2,-8.346666455E-2,-4.932319361E-1,2.691514295E-1,5.680553837E-1
4.192864091E2,4.283664340E-1,-2.487405539E-3,-9.095612919E-1,1.005388349E0
4.192963981E2,4.047112307E-1,9.954720926E-1,-2.096444328E0,2.355808712E0
4.193063871E2,5.249498650E-1,2.156653107E0,-3.531958867E0,4.171505535E0
4.193163761E2,4.775365475E-1,3.202435813E0,-5.276992843E0,6.191146078E0
4.193263651E2,2.670259666E-1,3.696342518E0,-5.272681106E0,6.444797664E0
4.193363541E2,4.279205838E-1,3.829264348E0,-4.641992532E0,6.032783449E0
4.193463431E2,1.084928937E0,3.502795002E0,-3.498054079E0,5.067842338E0
4.193563321E2,2.039822523E0,2.692100186E0,-2.203182911E0,4.032653503E0
4.193663211E2,2.281343812E0,9.215165091E-1,-6.987501642E-1,2.557728300E0
4.193763101E2,1.767747778E0,-1.547538128E0,1.944077582E0,3.049466201E0
4.193862991E2,1.061635530E0,-3.930842178E0,4.274588292E0,5.903447746E0
4.193962881E2,-3.913610141E-1,-5.276514541E0,3.896286595E0,6.570830874E0
4.194062771E2,-8.978592592E-1,-5.506659195E0,2.464869785E0,6.099592592E0
4.194162651E2,-1.234098718E-1,-4.821402943E0,1.945186214E0,5.200471684E0
4.194262541E2,4.272187717E-1,-3.850769822E0,2.073420185E0,4.394316257E0
4.194362431E2,8.192630330E-1,-3.282046824E0,2.088403822E0,3.975481580E0
4.194462321E2,7.850813797E-1,-3.238923023E0,1.797911809E0,3.786748209E0
4.194562211E2,1.105418897E0,-3.186931921E0,6.033472860E-1,3.426735174E0
4.194662101E2,1.566295996E0,-3.327973779E0,-4.863230123E-1,3.710148608E0
4.194761991E2,1.838185238E0,-3.727536244E0,-6.180414851E-1,4.201836110E0
4.194861881E2,1.319757796E0,-3.468735555E0,-1.527569009E-1,3.714461154E0
4.194961771E2,2.260328919E-1,-2.434927363E0,2.622587317E-1,2.459418991E0
4.195061661E2,-7.334873030E-1,-1.290581067E0,-2.785672009E-2,1.484715161E0
4.195161551E2,-1.337533039E0,-2.967368388E-1,-7.989508291E-1,1.585991743E0
4.195261441E2,-1.509326281E0,5.199238908E-1,-1.224666135E0,2.012012380E0
4.195361331E2,-1.331133992E0,1.273720036E0,-1.214400033E0,2.206591914E0
4.195461211E2,-1.071877075E0,1.864653098E0,-9.765946493E-1,2.362115312E0
4.195561101E2,-9.190096615E-1,2.213312627E0,-5.732178994E-1,2.464124653E0
4.195660991E2,-7.283788830E-1,2.329831848E0,-1.919956648E-1,2.448573987E0
4.195760881E2,-5.485654534E-1,2.181735324E0,3.500844955E-2,2.249915259E0
4.195860771E2,-3.448117688E-1,1.753052555E0,3.003336073E-1,1.811708777E0
4.195960661E2,1.289471850E-1,1.373242570E0,3.910531582E-1,1.433647482E0
4.196060551E2,8.071347383E-1,1.103264344E0,1.475620884E-1,1.374930277E0
4.196160441E2,1.452789845E0,7.273421717E-1,-3.008100092E-3,1.624695054E0
4.196260331E2,1.821672116E0,2.477705008E-1,1.385350107E-1,1.843657091E0
4.196360221E2,1.867580507E0,-3.906419528E-1,4.592169285E-1,1.962482680E0
4.196460111E2,1.608113820E0,-1.306013623E0,1.090448416E0,2.341106446E0
4.196560001E2,1.225020038E0,-2.303808230E0,1.876387875E0,3.213882062E0
4.196659881E2,1.197453632E0,-2.873100747E0,2.371120207E0,3.912903543E0
4.196759771E2,1.348017974E0,-2.829531389E0,2.588416774E0,4.064886435E0
4.196859661E2,1.527214083E0,-2.161872332E0,2.549385440E0,3.674974960E0
4.196959551E2,1.703179606E0,-1.280674714E0,2.374677507E0,3.190617770E0
4.197059441E2,1.868980330E0,-5.087106854E-1,2.026471283E0,2.803294472E0
4.197159331E2,1.989414261E0,2.042040664E-1,1.551001434E0,2.530824737E0
4.197259221E2,2.016086628E0,6.617475218E-1,1.173969606E0,2.425019528E0
4.197359111E2,1.747937411E0,8.154532796E-1,8.106246489E-1,2.092214512E0
4.197459001E2,1.380127374E0,8.715777791E-1,5.206752580E-1,1.713330709E0
4.197558891E2,1.138647015E0,8.238153827E-1,4.150787826E-1,1.465427994E0
4.197658781E2,7.992974228E-1,6.066217268E-1,2.914269823E-1,1.044890413E0
4.197758671E2,5.717574111E-1,3.322200823E-1,2.077865092E-1,6.931464157E-1
4.197858561E2,5.963850063E-1,9.055992186E-2,1.684003955E-1,6.262865705E-1
4.197958451E2,7.497826159E-1,-9.354843378E-2,2.557103618E-1,7.976923403E-1
4.198058331E2,9.505977823E-1,-7.566823304E-2,5.064636004E-1,1.079753307E0
4.198158221E2,1.089846153E0,-1.671543539E-2,7.437484355E-1,1.319547566E0
4.198258111E2,1.101594817E0,8.657095134E-2,9.312774123E-1,1.445089371E0
4.198358001E2,1.049624619E0,2.080801857E-1,1.053857564E0,1.501873819E0
4.198457891E2,9.825886300E-1,2.624967134E-1,1.191730305E0,1.566718245E0
4.198557781E2,9.553914759E-1,2.645403153E-1,1.356085669E0,1.679798438E0
4.198657671E2,1.042748732E0,1.867893040E-1,1.455839168E0,1.800467396E0
4.198757561E2,1.175965992E0,3.088616252E-2,1.602682049E0,1.988074375E0
4.198857451E2,1.249863103E0,-7.242946029E-2,1.669116798E0,2.086469432E0
4.198957341E2,1.243456894E0,-9.700706184E-2,1.572317458E0,2.006932387E0
4.199057231E2,1.201337207E0,-3.976983726E-2,1.384472147E0,1.833454622E0
4.199157121E2,1.158525940E0,5.293016553E-2,1.115393223E0,1.609063703E0
4.199257001E2,1.058563696E0,1.490999061E-1,7.860284825E-1,1.326886828E0
4.199356891E2,9.227609427E-1,2.805418056E-1,5.637049180E-1,1.117118927E0
4.199456781E2,7.979367757E-1,3.387040597E-1,4.414549877E-1,9.727826295E-1
4.199556671E2,7.653910272E-1,2.982828426E-1,3.347704916E-1,8.870554440E-1
4.199656561E2,7.854865918E-1,1.392093408E-1,3.006293303E-1,8.524942349E-1
4.199756451E2,7.379998916E-1,-3.207899451E-2,2.432606895E-1,7.777201714E-1
4.199856341E2,6.267083743E-1,-2.359971321E-1,2.102892637E-1,7.019113956E-1
4.199956231E2,5.184843063E-1,-4.183343661E-1,2.249119806E-1,7.031465116E-1
4.200056121E2,3.308696678E-1,-5.187199491E-1,1.639762460E-1,6.367364698E-1
4.200156011E2,7.983203530E-2,-5.517508703E-1,-2.420411065E-2,5.580215191E-1
4.200255901E2,-1.579587302E-1,-5.071044552E-1,-2.329204734E-1,5.799636505E-1
4.200355791E2,-3.401651327E-1,-3.069314593E-1,-4.936470884E-1,6.735032933E-1
4.200455681E2,-4.792037348E-1,-1.088786638E-1,-6.133010012E-1,7.858936957E-1
4.200555561E2,-4.776303953E-1,7.350827157E-2,-5.712940192E-1,7.482720875E-1
4.200655451E2,-4.105685328E-1,2.026791126E-1,-5.158678235E-1,6.897571704E-1
4.200755341E2,-2.842294984E-1,2.053705859E-1,-4.970501679E-1,6.082946282E-1
4.200855231E2,-5.934909269E-2,8.706737995E-2,-5.131000440E-1,5.238078833E-1
4.200955121E2,1.178472693E-1,-6.350193143E-2,-5.173423451E-1,5.343814894E-1
4.201055011E2,2.556531322E-1,-2.152278221E-1,-5.511345738E-1,6.445392601E-1
4.201154901E2,3.867544314E-1,-3.633342862E-1,-5.708491923E-1,7.793969426E-1
4.201254791E2,5.619503148E-1,-4.500327069E-1,-6.002102548E-1,9.373206194E-1
4.201354681E2,6.929023638E-1,-4.436832154E-1,-6.381518139E-1,1.041252236E0
4.201454571E2,6.847229862E-1,-3.220389104E-1,-7.178001004E-1,1.042972489E0
4.201554461E2,5.381894231E-1,-1.798948520E-1,-7.250412923E-1,9.207034748E-1
4.201654352E2,3.379525463E-1,-7.458065093E-2,-6.972959617E-1,7.784573561E-1
4.201754242E2,1.542555423E-1,3.597324014E-2,-6.417519446E-1,6.610101396E-1
4.201854122E2,-1.925488114E-3,1.306981337E-1,-5.077037948E-1,5.242602912E-1
4.201954012E2,-7.882456005E-2,1.066485357E-1,-2.233917046E-1,2.597904446E-1
4.202053902E2,-1.144934526E-1,-4.195552647E-2,1.691991252E-1,2.085602092E-1
4.202153792E2,-2.045683479E-1,-3.204443747E-1,1.729957223E-1,4.176844816E-1
4.202253682E2,-3.685331918E-1,-3.304922301E-1,-3.684459221E-1,6.170852657E-1
4.202353572E2,-5.145790972E-1,-6.084904969E-2,-1.030436250E0,1.153383335E0
4.202453462E2,-6.893685991E-1,2.365637273E-1,-1.780092273E0,1.923517602E0
4.202553352E2,-9.711652172E-1,3.867898071E-1,-2.226239505E0,2.459453307E0
4.202653242E2,-1.275924290E0,4.934593928E-1,-2.172051896E0,2.566962096E0
4.202753132E2,-1.506523126E0,8.501950961E-1,-1.782325617E0,2.483772984E0
4.202853022E2,-1.694286430E0,1.425309686E0,-1.002787544E0,2.430575460E0
4.202952912E2,-1.528554265E0,2.111908459E0,8.475056693E-2,2.608412954E0
4.203052802E2,-3.518426071E-1,2.821497315E0,1.762172896E0,3.345129838E0
4.203152682E2,1.247794651E0,2.746644183E0,3.199784393E0,4.397688702E0
4.203252572E2,2.303782502E0,2.093240054E0,3.879143728E0,4.973612752E0
4.203352462E2,2.750060712E0,1.815112563E0,2.581637219E0,4.185966826E0
4.203452352E2,1.519637261E0,2.501441195E0,1.054782448E0,3.111120613E0
4.203552242E2,1.674144819E-1,3.387524747E0,4.844017634E-1,3.426075975E0
4.203652132E2,6.471486323E-2,3.169248186E0,-2.004907921E-1,3.176242849E0
4.203752022E2,1.666435850E0,8.449483895E-1,-1.823019753E0,2.610430471E0
4.203851912E2,3.297686956E0,-2.698278354E0,-3.058824396E0,5.245174165E0
4.203951802E2,3.643168523E0,-6.035089030E0,-3.407271086E0,7.829717284E0
4.204051692E2,1.988650030E0,-6.917101750E0,-2.015523833E0,7.474179680E0
4.204151582E2,5.645106643E-2,-5.820710224E0,-7.081972182E-2,5.821414748E0
4.204251472E2,-1.159228776E0,-3.561768265E0,1.799307247E0,4.155419485E0
4.204351362E2,-1.856612299E0,-1.584811789E0,2.876615216E0,3.772738095E0
4.204451242E2,-2.029904476E0,-6.715246511E-1,2.548553673E0,3.326647466E0
4.204551132E2,-1.847077537E0,-5.975082564E-1,1.199969397E0,2.282244093E0
4.204651022E2,-1.974554294E0,-8.863098389E-1,1.889618370E-1,2.172582879E0
4.204750912E2,-2.266370700E0,-1.273858615E0,-4.379298475E-1,2.636462492E0
4.204850802E2,-2.387590059E0,-1.690870340E0,-8.396756628E-1,3.043794345E0
4.204950692E2,-2.169368755E0,-1.878327981E0,-6.162684631E-1,2.934972507E0
4.205050582E2,-1.599021400E0,-1.802110110E0,-1.267039007E-1,2.412576250E0
4.205150472E2,-7.162229602E-1,-1.578320210E0,1.677089623E-1,1.741320278E0
4.205250362E2,2.941693264E-1,-1.283163874E0,1.866630042E-1,1.329619568E0
4.205350252E2,1.160163599E0,-9.373922843E-1,7.467712998E-2,1.493405687E0
4.205450142E2,1.779892445E0,-5.588786262E-1,-1.010732156E-1,1.868308922E0
4.205550032E2,2.156876910E0,-2.313526887E-1,-3.001071739E-1,2.189910132E0
4.205649922E2,2.384137424E0,6.661148071E-3,-4.277966228E-1,2.422223272E0
4.205749812E2,2.475307649E0,1.736763382E-1,-5.470266125E-1,2.540974133E0
4.205849692E2,2.359608209E0,3.057526606E-1,-4.692238533E-1,2.425161152E0
4.205949582E2,2.051179570E0,5.731885171E-1,-2.546532583E-1,2.144931464E0
4.206049472E2,1.820888735E0,8.767964190E-1,2.145431131E-2,2.021105647E0
4.206149362E2,1.658812981E0,1.183748344E0,3.194789994E-1,2.062762099E0
4.206249252E2,1.625731042E0,1.440379715E0,5.620978108E-1,2.243579527E0
4.206349142E2,1.647435907E0,1.702506300E0,7.450811622E-1,2.483489220E0
4.206449032E2,1.683942706E0,1.791396841E0,8.424712166E-1,2.598946600E0
4.206548922E2,1.884357630E0,1.706884695E0,9.062017742E-1,2.699159257E0
4.206648812E2,2.072728021E0,1.435476240E0,8.780746204E-1,2.669795596E0
4.206748702E2,2.116631840E0,1.031227816E0,8.622415298E-1,2.507393390E0
4.206848592E2,2.012843762E0,6.112731868E-1,8.201579493E-1,2.257842772E0
4.206948482E2,1.870486865E0,2.678065699E-1,8.303160247E-1,2.063944324E0
4.207048372E2,1.702791936E0,-1.333282113E-2,7.080029444E-1,1.844165478E0
4.207148262E2,1.414022806E0,-1.831137443E-1,6.547773483E-1,1.568988373E0
4.207248142E2,9.914474541E-1,-1.646002901E-1,6.823139334E-1,1.214748375E0
4.207348032E2,4.844780695E-1,-4.487738013E-2,6.940177202E-1,8.475810139E-1
4.207447922E2,4.314689666E-2,2.063815695E-1,7.055653864E-1,7.363949494E-1
4.207547812E2,-1.360345951E-1,5.428783053E-1,7.669734299E-1,9.494580073E-1
4.207647702E2,-3.986283723E-1,7.855535424E-1,8.764444166E-1,1.242639836E0
4.207747592E2,-5.598726529E-1,8.616953999E-1,8.287206119E-1,1.320134161E0
4.207847482E2,-4.542660910E-1,7.091327727E-1,7.762371737E-1,1.145325770E0
4.207947372E2,-3.010254791E-1,4.087946337E-1,7.380754669E-1,8.958151520E-1
4.208047262E2,-8.745037258E-2,5.209927619E-2,6.635057795E-1,6.712688148E-1
4.208147152E2,1.845217538E-1,-2.083012104E-1,7.038006967E-1,7.568177407E-1
4.208247042E2,2.412824303E-1,-3.917652029E-1,8.903401785E-1,1.002198992E0
4.208346932E2,1.346303862E-1,-6.131255847E-1,1.204531102E0,1.358286972E0
4.208446822E2,7.780305147E-3,-8.050616080E-1,1.515628556E0,1.716191903E0
4.208546702E2,-8.232967347E-2,-9.079129618E-1,1.664460660E0,1.897765373E0
4.208646592E2,-2.034059215E-1,-9.702869654E-1,1.646812740E0,1.922192229E0
4.208746482E2,-3.867161322E-1,-1.020988172E0,1.437485343E0,1.805084576E0
4.208846372E2,-6.144374076E-1,-1.077651200E0,1.070980843E0,1.638861008E0
4.208946262E2,-8.578184035E-1,-1.162160423E0,6.994328266E-1,1.604891131E0
4.209046152E2,-1.014368539E0,-1.219879459E0,2.557522425E-1,1.607002998E0
4.209146042E2,-1.139528483E0,-1.135210606E0,-1.442842855E-1,1.614944655E0
4.209245932E2,-1.037785761E0,-8.858251047E-1,-5.565164973E-1,1.473565748E0
4.209345822E2,-9.664289725E-1,-5.803870243E-1,-8.709573895E-1,1.424570402E0
4.209445712E2,-9.724194449E-1,-2.354410619E-1,-1.076165861E0,1.469409756E0
4.209545602E2,-9.143603942E-1,4.516447842E-2,-1.156904654E0,1.475304422E0
4.209645492E2,-7.596708423E-1,3.071004438E-1,-1.152544385E0,1.414131900E0
4.209745382E2,-6.089088652E-1,4.791009700E-1,-1.103106761E0,1.348017905E0
4.209845262E2,-4.847324234E-1,6.083688748E-1,-1.048389687E0,1.305449787E0
4.209945152E2,-4.117328596E-1,7.700467265E-1,-9.845006695E-1,1.315954968E0
4.210045042E2,-2.729705384E-1,9.322625220E-1,-9.202415237E-1,1.338084746E0
4.210144932E2,-1.404030499E-1,9.606367207E-1,-8.136502907E-1,1.266713354E0
4.210244822E2,-7.693035454E-2,9.042017341E-1,-5.824774039E-1,1.078322299E0
4.210344712E2,9.817475080E-4,8.831716383E-1,-2.462917399E-1,9.168711619E-1
4.210444602E2,6.899158984E-2,7.674119711E-1,-7.220434248E-2,7.738827042E-1
4.210544492E2,6.259824425E-2,6.771122503E-1,3.987918019E-2,6.811680327E-1
4.210644382E2,-5.933812916E-2,4.458589643E-1,3.045571974E-1,5.432000701E-1
4.210744272E2,-2.072490039E-1,1.007948881E-1,5.292823595E-1,5.772794602E-1
4.210844162E2,-3.513926639E-1,-1.667327696E-1,4.674053693E-1,6.080661148E-1
4.210944052E2,-3.531902441E-1,-1.134014851E-1,1.957247266E-1,4.194179467E-1
4.211043942E2,-3.359810114E-1,8.156982780E-2,-1.543884203E-1,3.786458255E-1
4.211143832E2,-3.318075612E-1,2.750196952E-1,-3.583878341E-1,5.605122033E-1
4.211243712E2,-4.074579602E-1,4.789009953E-1,-4.603074342E-1,7.792631690E-1
4.211343602E2,-4.363950996E-1,6.692325425E-1,-5.308768952E-1,9.592409274E-1
4.211443492E2,-4.266220634E-1,8.529321778E-1,-5.331678343E-1,1.092596735E0
4.211543382E2,-4.506465183E-1,9.989587873E-1,-4.784501749E-1,1.195790748E0
4.211643278E2,-5.149357773E-1,1.131904006E0,-4.883436638E-1,1.335980938E0
4.211743168E2,-6.572233848E-1,1.169075925E0,-3.421726280E-1,1.384110980E0
4.211843058E2,-8.407044804E-1,1.169202810E0,-1.562992904E-1,1.448533293E0
4.211942948E2,-1.066857971E0,1.071434441E0,-3.682839543E-2,1.512452982E0
4.212042838E2,-1.288095123E0,9.306147766E-1,-1.556441098E-2,1.589174364E0
4.212142728E2,-1.403592981E0,7.236174953E-1,-1.810561091E-2,1.579247716E0
4.212242618E2,-1.623396980E0,4.152078599E-1,-8.630841136E-2,1.677874985E0
4.212342508E2,-1.669716868E0,2.970987815E-1,-4.060598910E-3,1.695947698E0
4.212442398E2,-1.753859179E0,2.625458300E-1,-9.397586524E-2,1.775889578E0
4.212542288E2,-1.772863945E0,2.727299255E-1,-1.263828886E-1,1.798165959E0
4.212642168E2,-1.762069254E0,3.652732229E-1,-2.264916059E-1,1.813728489E0
4.212742058E2,-1.724219935E0,5.041621363E-1,-3.395828962E-1,1.828231492E0
4.212841948E2,-1.677830757E0,6.638215292E-1,-4.293923280E-1,1.854764903E0
4.212941838E2,-1.644164682E0,7.520279467E-1,-4.479829654E-1,1.862662683E0
4.213041728E2,-1.706082603E0,6.729800230E-1,-3.984345371E-1,1.876797815E0
4.213141618E2,-1.824802715E0,5.163173282E-1,-3.244973722E-1,1.924002879E0
4.213241508E2,-1.939140924E0,3.841696697E-1,-2.318394694E-1,1.990377703E0
4.213341398E2,-1.955022108E0,2.093414301E-1,-3.605077422E-1,1.998975015E0
4.213441288E2,-2.047314999E0,1.486169261E-1,-5.598995501E-1,2.127691989E0
4.213541178E2,-2.130641038E0,1.114099234E-1,-2.310690987E-1,2.146028036E0
4.213641068E2,-2.169881556E0,-7.426373184E-2,2.323823833E-1,2.183552756E0
4.213740958E2,-2.021128243E0,-2.088128418E-1,2.810554835E-1,2.051232401E0
4.213840848E2,-1.779607100E0,-2.267766577E-1,2.786040384E-1,1.815502491E0
4.213940738E2,-1.468835775E0,-1.254461646E-1,3.011427158E-1,1.504626933E0
4.214040618E2,-1.177225921E0,9.389458895E-3,2.425717413E-1,1.201994210E0
4.214140508E2,-8.896617553E-1,8.570322454E-2,2.760964599E-1,9.354530115E-1
4.214240398E2,-5.702052677E-1,1.273342305E-1,4.092276201E-1,7.133129037E-1
4.214340288E2,-3.372940037E-1,5.721442044E-2,5.265546334E-1,6.279335289E-1
4.214440178E2,-4.595502198E-2,-1.652756435E-1,6.569723931E-1,6.789997258E-1
4.214540068E2,2.062131697E-1,-5.281199330E-1,6.212128687E-1,8.410350547E-1
4.214639958E2,5.034122309E-1,-9.661763728E-1,4.884144151E-1,1.193930190E0
4.214739848E2,7.495914119E-1,-1.491343462E0,2.512893552E-1,1.687939260E0
4.214839738E2,8.239931381E-1,-2.020487827E0,-1.268240610E-1,2.185731020E0
4.214939628E2,7.255921000E-1,-2.509125021E0,-2.262632722E-1,2.621714579E0
4.215039518E2,5.411599548E-1,-2.932541202E0,6.462605864E-2,2.982755191E0
4.215139408E2,3.248202847E-1,-3.289462262E0,4.274335107E-1,3.332982088E0
4.215239298E2,2.599151677E-1,-3.404932492E0,7.765739733E-1,3.502026315E0
4.215339188E2,3.713179283E-1,-3.333095355E0,1.182192107E0,3.555978041E0
4.215439068E2,3.195750399E-1,-3.083984672E0,1.321371042E0,3.370328040E0
4.215538958E2,2.817118335E-1,-2.642581286E0,1.220696022E0,2.924499306E0
4.215638848E2,4.432990533E-1,-2.128389421E0,1.137300401E0,2.453570415E0
4.215738738E2,4.916824239E-1,-1.610402713E0,1.153694825E0,2.041117403E0
4.215838628E2,2.062682797E-1,-8.759082270E-1,1.053268896E0,1.385329272E0
4.215938518E2,-1.734833801E-1,-9.148553610E-2,8.665415722E-1,8.884595561E-1
4.216038408E2,-3.909258351E-1,6.537403446E-1,4.255930996E-1,8.725416512E-1
4.216138298E2,-6.179548001E-1,1.407611918E0,-5.356926620E-2,1.538216212E0
4.216238188E2,-8.645776387E-1,1.929649578E0,-3.781730577E-1,2.148035579E0
4.216338078E2,-1.045771596E0,2.188011140E0,-5.238523427E-1,2.481018391E0
4.216437968E2,-7.837739423E-1,2.279307227E0,-5.429116344E-1,2.470687368E0
4.216537858E2,-2.329174036E-1,2.270429399E0,-7.067839462E-1,2.389276819E0
4.216637748E2,3.574382463E-1,2.220655560E0,-8.215636200E-1,2.394585559E0
4.216737628E2,6.907991204E-1,2.196195488E0,-8.778199741E-1,2.463949259E0
4.216837518E2,7.193335328E-1,2.200568036E0,-7.568162316E-1,2.435715751E0
4.216937408E2,7.857400686E-1,2.299528652E0,-5.867464560E-1,2.499898174E0
4.217037298E2,8.805126169E-1,2.417644747E0,-4.279466039E-1,2.608341789E0
4.217137188E2,1.009142590E0,2.455912435E0,-3.282255569E-1,2.675370380E0
4.217237078E2,1.210808381E0,2.396776035E0,-2.682082736E-1,2.698615937E0
4.217336968E2,1.332984490E0,2.307119508E0,-2.303004822E-1,2.674450670E0
4.217436858E2,1.351798491E0,2.121504325E0,-1.329259229E-1,2.519088935E0
4.217536748E2,1.263080734E0,1.893860525E0,7.019728571E-2,2.277500447E0
4.217636638E2,1.073122532E0,1.690355201E0,1.268404332E-1,2.006235572E0
4.217736528E2,8.730205795E-1,1.438012177E0,1.528798386E-1,1.689205790E0
4.217836418E2,6.994708335E-1,1.142171132E0,2.173103079E-1,1.356848596E0
4.217936308E2,5.049544340E-1,8.554768860E-1,3.960298696E-1,1.069420095E0
4.218036198E2,3.795062229E-1,5.984543359E-1,6.613621902E-1,9.693154864E-1
4.218136088E2,2.863261637E-1,3.575712705E-1,9.058532801E-1,1.015091154E0
4.218235968E2,1.532891437E-1,1.617819321E-1,1.109169154E0,1.131338662E0
4.218335858E2,7.651227862E-2,6.109287858E-2,1.218314451E0,1.222242435E0
4.218435748E2,1.804947764E-1,-3.226435125E-2,1.404717839E0,1.416633884E0
4.218535638E2,3.099179247E-1,-7.559104979E-2,1.537551961E0,1.570295882E0
4.218635528E2,4.158586550E-1,-2.175164223E-3,1.555533903E0,1.610164239E0
4.218735418E2,4.170658126E-1,9.127795994E-2,1.524097517E0,1.582766186E0
4.218835308E2,3.556223935E-1,1.916115028E-1,1.413548889E0,1.470136972E0
4.218935198E2,2.265623572E-1,2.865381253E-1,1.410503951E0,1.457036717E0
4.219035088E2,2.530911747E-1,2.753658503E-1,1.381976556E0,1.431691550E0
4.219134978E2,3.413467088E-1,1.728097808E-1,1.305711322E0,1.360611205E0
4.219234868E2,3.840457088E-1,7.243706167E-2,1.277122823E0,1.335582621E0
4.219334758E2,3.451205018E-1,1.841872931E-4,1.248285232E0,1.295115522E0
4.219434648E2,2.518284684E-1,6.172788620E-2,1.215784653E0,1.243125188E0
4.219534538E2,1.530140322E-1,1.457178766E-1,1.200576630E0,1.219028810E0
4.219634428E2,7.785450697E-2,-1.941567957E-2,1.356551400E0,1.358922365E0
4.219734308E2,-1.787026048E-2,-2.023282796E-1,1.408839249E0,1.423405813E0
4.219834198E2,-1.614854783E-2,-3.864009672E-1,1.473753868E0,1.523652502E0
4.219934088E2,-2.795378387E-2,-5.886315984E-1,1.621202812E0,1.724983227E0
4.220033978E2,-7.806529909E-2,-6.185477078E-1,1.744360962E0,1.852428304E0
4.220133868E2,-8.594003677E-2,-3.491641438E-1,1.609323024E0,1.649006333E0
4.220233758E2,-8.743019968E-2,-4.230752885E-2,1.587008880E0,1.589978350E0
4.220333648E2,-2.231893909E-1,1.439362299E-1,1.461726145E0,1.485656241E0
4.220433538E2,-3.246888685E-1,2.267573619E-1,1.506572535E0,1.557755618E0
4.220533428E2,-4.056187186E-1,8.798246920E-2,1.419837277E0,1.479258379E0
4.220633318E2,-6.486684698E-1,-1.852392071E-1,1.289446707E0,1.455251579E0
4.220733208E2,-8.922576267E-1,-4.462384486E-1,1.068011188E0,1.461471972E0
4.220833098E2,-1.027132719E0,-6.263414615E-1,7.567194602E-1,1.421242270E0
4.220932988E2,-1.192320946E0,-7.315726322E-1,3.800646320E-1,1.449578173E0
4.221032878E2,-1.368410431E0,-6.814187247E-1,1.318611449E-1,1.534361739E0
4.221132758E2,-1.461423259E0,-5.304342610E-1,7.847051114E-2,1.556687531E0
4.221232648E2,-1.576636212E0,-3.622595680E-1,1.777223191E-1,1.627451677E0
4.221332538E2,-1.688709502E0,-1.134430003E-1,4.518356958E-1,1.751788969E0
4.221432428E2,-1.456798404E0,2.476728523E-1,6.460395616E-1,1.612752476E0
4.221532318E2,-9.541550821E-1,5.464515388E-1,5.765404335E-1,1.241539398E0
4.221632203E2,-3.556425664E-1,7.714599985E-1,2.405757943E-1,8.828979993E-1
4.221732093E2,9.492019057E-2,8.949923694E-1,-2.014979750E-1,9.222920458E-1
4.221831983E2,3.124892378E-1,9.249727982E-1,-5.589756900E-1,1.125023566E0
4.221931873E2,3.884618184E-1,9.204739505E-1,-8.033147523E-1,1.281986532E0
4.222031763E2,3.452409545E-1,9.671025717E-1,-1.064242950E0,1.478881928E0
4.222131653E2,4.659043890E-1,9.956516021E-1,-1.120578534E0,1.569740508E0
4.222231543E2,8.433556080E-1,8.789891249E-1,-1.018822656E0,1.588039725E0
4.222331433E2,1.170978317E0,5.250711948E-1,-1.041986693E0,1.653065712E0
4.222431323E2,1.370537940E0,2.061699003E-1,-1.099667137E0,1.769222452E0
4.222531203E2,1.333588946E0,-6.466201901E-2,-8.102387327E-1,1.561770616E0
4.222631093E2,9.679928103E-1,-3.436899805E-1,-6.676093554E-1,1.225085766E0
4.222730983E2,4.897700921E-1,-5.288023031E-1,-1.375597536E0,1.552989117E0
4.222830873E2,9.236788094E-2,-6.843528575E-1,-2.015403088E0,2.130427250E0
4.222930763E2,-4.760146634E-1,-1.035685149E0,-1.551028623E0,1.924817778E0
4.223030653E2,-1.312816858E0,-1.508278168E0,-1.235920418E0,2.350721254E0
4.223130543E2,-1.483690041E0,-2.097713758E0,-2.069164143E0,3.298966414E0
4.223230433E2,-9.831245273E-1,-2.796380015E0,-3.921993586E0,4.916127411E0
4.223330323E2,-4.656820486E-1,-3.017629300E0,-5.689199327E0,6.456774376E0
4.223430213E2,-7.979592875E-2,-2.634442547E0,-7.040027765E0,7.517223281E0
4.223530103E2,-2.083523735E-2,-1.888015063E0,-6.788805653E0,7.046482610E0
4.223629993E2,-8.656203434E-2,-1.057233893E0,-5.226277603E0,5.332842963E0
4.223729883E2,-3.114124730E-2,-4.391440219E-1,-3.014831699E0,3.046806102E0
4.223829773E2,-1.625278907E-1,-4.875946355E-1,-1.012131979E0,1.135154169E0
4.223929663E2,-6.267912586E-1,-1.037031763E0,-1.066172531E-1,1.216416622E0
4.224029543E2,-1.075045681E0,-1.704812441E0,1.192101091E-1,2.018989779E0
4.224129433E2,-1.197489593E0,-2.326925197E0,4.550694984E-1,2.656247436E0
4.224229323E2,-6.940637670E-1,-2.423930504E0,4.966949496E-1,2.569799501E0
4.224329213E2,1.670412102E-1,-2.043992465E0,3.453862578E-1,2.079687387E0
4.224429103E2,1.061578520E0,-1.374193327E0,-6.203720391E-2,1.737585931E0
4.224528993E2,1.642162303E0,-7.047888762E-1,-3.781870911E-1,1.826595157E0
4.224628883E2,1.834716816E0,-2.779204988E-1,-3.879411238E-1,1.895764730E0
4.224728773E2,1.833587718E0,-5.904576838E-2,-1.878991055E-1,1.844135678E0
4.224828663E2,1.823320739E0,1.248152500E-1,1.101703137E-1,1.830905475E0
4.224928553E2,1.697011817E0,4.915713269E-1,3.618914858E-1,1.803456937E0
4.225028443E2,1.396333955E0,1.028692464E0,5.407098654E-1,1.816679349E0
4.225128333E2,9.270177157E-1,1.637485846E0,6.184553218E-1,1.980709148E0
4.225228223E2,3.770578475E-1,2.182671463E0,6.198472515E-1,2.300095205E0
4.225328113E2,-1.723191994E-1,2.465597178E0,6.837137568E-1,2.564435192E0
4.225427993E2,-6.923214430E-1,2.274552855E0,7.176808172E-1,2.483538892E0
4.225527883E2,-9.380210061E-1,1.681327100E0,8.273769218E-1,2.095542124E0
4.225627773E2,-9.116333990E-1,8.492127639E-1,1.028170892E0,1.615355427E0
4.225727663E2,-8.793490210E-1,7.335156620E-2,1.265874826E0,1.543072982E0
4.225827553E2,-8.701649456E-1,-3.768483710E-1,1.554577006E0,1.820964413E0
4.225927443E2,-8.785777733E-1,-6.478445971E-1,1.771956019E0,2.081208701E0
4.226027333E2,-9.852960370E-1,-6.938955134E-1,1.716983421E0,2.097696673E0
4.226127223E2,-1.066197820E0,-5.204594958E-1,1.425452066E0,1.854607633E0
4.226227113E2,-9.832547741E-1,-3.054076749E-1,8.774600780E-1,1.352774921E0
4.226327003E2,-8.085075183E-1,1.710076690E-2,2.388283539E-1,8.432175437E-1
4.226426893E2,-5.414444219E-1,2.716166157E-1,-3.017429325E-1,6.767469580E-1
4.226526783E2,-2.895414014E-1,4.932155639E-1,-7.278269058E-1,9.256499449E-1
4.226626673E2,-1.801527143E-2,5.797607875E-1,-8.665363097E-1,1.042752270E0
4.226726563E2,3.562734810E-1,4.533948559E-1,-7.814742324E-1,9.711846706E-1
4.226826453E2,7.455783217E-1,2.684292984E-1,-5.361852899E-1,9.567841905E-1
4.226926333E2,1.063053773E0,-5.590639830E-2,-2.174961032E-1,1.086514337E0
4.227026223E2,1.318619781E0,-4.234787464E-1,3.820439145E-2,1.385478961E0
4.227126113E2,1.418081358E0,-6.466190207E-1,2.344680852E-1,1.576085714E0
4.227226003E2,1.440198305E0,-7.298740160E-1,3.659292805E-1,1.655533592E0
4.227325893E2,1.350779467E0,-5.968100989E-1,4.148263291E-1,1.533906238E0
4.227425783E2,1.198792937E0,-3.809940469E-1,4.475252746E-1,1.335117913E0
4.227525673E2,9.816153610E-1,-1.849936241E-1,4.452414984E-1,1.093632182E0
4.227625563E2,7.535768741E-1,-8.155111670E-3,3.525105053E-1,8.319905453E-1
4.227725453E2,5.542261429E-1,5.523279905E-2,2.511022443E-1,6.109579500E-1
4.227825343E2,4.471256174E-1,7.239086866E-2,2.981628285E-1,5.422756015E-1
4.227925233E2,4.159520642E-1,5.319796801E-2,3.822311716E-1,5.674035707E-1
4.228025123E2,3.499384613E-1,-3.054819345E-2,4.141885440E-1,5.430858761E-1
4.228125013E2,3.322965346E-1,-1.382948363E-1,4.353215508E-1,5.648462634E-1
4.228224903E2,2.113881017E-1,-2.504169506E-1,4.018849790E-1,5.185606185E-1
4.228324793E2,1.044432583E-1,-2.608255792E-1,3.377223122E-1,4.393116629E-1
4.228424673E2,1.218653297E-1,-1.767309237E-1,2.364000052E-1,3.193273249E-1
4.228524563E2,1.838396761E-1,-9.457754374E-2,1.243632603E-1,2.412636707E-1
4.228624453E2,1.575883090E-1,-3.532361448E-2,6.927196383E-3,1.616472052E-1
4.228724343E2,1.818454832E-2,-3.563702524E-2,-4.794556037E-2,6.244559331E-2
4.228824233E2,-1.115451403E-1,-2.399346471E-2,-5.535617530E-2,1.268160511E-1
4.228924123E2,-1.635679641E-1,-1.260659695E-2,6.212520450E-3,1.641706447E-1
4.229024013E2,-1.908041485E-1,7.393336415E-2,1.420544498E-1,2.491020516E-1
4.229123903E2,-1.352516529E-1,2.052822930E-1,2.179257274E-1,3.285200939E-1
4.229223793E2,-1.127525903E-1,2.675925618E-1,3.311153971E-1,4.404047365E-1
4.229323683E2,-7.062734842E-2,2.546345472E-1,4.694537951E-1,5.387149903E-1
4.229423573E2,1.081091702E-1,2.561741191E-1,5.141630678E-1,5.845309506E-1
4.229523463E2,1.560050292E-1,2.977378821E-1,4.111497460E-1,5.310645246E-1
4.229623353E2,2.853338912E-1,1.695932275E-1,4.316547619E-1,5.445210058E-1
4.229723243E2,3.231998751E-1,4.904293656E-2,4.109281366E-1,5.250955173E-1
4.229823123E2,3.782921948E-1,-1.162134111E-1,3.746806620E-1,5.449735223E-1
4.229923013E2,4.543710485E-1,-2.478342354E-1,3.010532534E-1,5.987553084E-1
4.230022903E2,3.457810910E-1,-3.583314085E-1,1.297405060E-1,5.145858141E-1
4.230122793E2,1.406202739E-1,-3.254583621E-1,-9.352913797E-2,3.666672968E-1
4.230222683E2,-2.111738013E-1,-1.442765379E-1,-2.397411042E-1,3.505508391E-1
4.230322573E2,-5.297961836E-1,9.537568867E-2,-3.206268078E-1,6.265636983E-1
4.230422463E2,-6.649696299E-1,2.847471231E-1,-3.100994807E-1,7.870369882E-1
4.230522353E2,-8.009342046E-1,3.151175612E-1,-2.738508368E-1,9.032103621E-1
4.230622243E2,-1.013311948E0,1.931569219E-1,-2.806457399E-1,1.069052258E0
4.230722133E2,-1.179511743E0,-2.879812181E-2,-1.233540308E-1,1.186294020E0
4.230822023E2,-1.284626555E0,-1.653826475E-1,3.502540648E-2,1.295701966E0
4.230921913E2,-1.153078820E0,-1.678548503E-1,1.475100482E-1,1.174531920E0
4.231021803E2,-7.676404510E-1,-8.002499342E-3,1.935937089E-1,7.917161273E-1
4.231121693E2,-2.670951100E-1,1.929534388E-1,1.960004228E-1,3.833888275E-1
4.231221583E2,3.302815841E-1,3.221944463E-1,1.738229571E-1,4.930614632E-1
4.231321473E2,9.165115848E-1,4.359157741E-1,6.335136563E-2,1.016872383E0
4.231421353E2,1.390578541E0,4.869222057E-1,-3.025767455E-1,1.504112562E0
4.231521243E2,1.757230245E0,6.388819849E-1,-8.832885826E-1,2.067904022E0
4.231621133E2,2.076677231E0,9.749425185E-1,-1.441706156E0,2.709542005E0
4.231721020E2,2.284783144E0,1.447072438E0,-1.443169422E0,3.065451131E0
4.231820910E2,1.969736919E0,1.643772188E0,-5.541113913E-1,2.624669497E0
4.231920800E2,1.447396374E0,1.743212861E0,5.273858151E-1,2.326345447E0
4.232020690E2,4.728058577E-3,1.681971463E0,3.052609098E-1,1.709454468E0
4.232120580E2,-9.346965717E-1,1.664578335E0,-2.370636642E-2,1.909198970E0
4.232220470E2,-1.953297911E0,1.028282574E0,-2.390458703E-1,2.220333468E0
4.232320360E2,-2.660486630E0,-1.744604498E-1,-1.616239988E0,3.117828933E0
4.232420250E2,-2.752577353E0,-1.546470426E0,-2.973137251E0,4.336795819E0
4.232520140E2,-2.065850234E0,-3.460572258E0,-3.589699537E0,5.397151128E0
4.232620030E2,-9.474078338E-1,-5.054555404E0,-2.833452532E0,5.871504508E0
4.232719920E2,1.900783628E-3,-5.348644039E0,-1.321706965E0,5.509528652E0
4.232819800E2,1.368126987E0,-4.623165375E0,3.571637195E-1,4.834562592E0
4.232919690E2,2.047498894E0,-3.695598167E0,1.922230923E0,4.641623558E0
4.233019580E2,1.588608240E0,-2.744553804E0,2.150649479E0,3.831650415E0
4.233119470E2,8.210133970E-1,-1.903903118E0,8.514338288E-1,2.241394576E0
4.233219360E2,4.645039809E-1,-1.195222920E0,-5.493546814E-1,1.395031305E0
4.233319250E2,3.255355453E-1,-6.814479607E-1,-1.225707378E0,1.439688609E0
4.233419140E2,4.517465258E-1,-4.184577423E-1,-1.493174225E0,1.615162862E0
4.233519030E2,6.303827646E-1,-2.798348773E-1,-1.531751230E0,1.679866608E0
4.233618920E2,7.556298316E-1,-1.700732839E-1,-1.192442861E0,1.421907641E0
4.233718810E2,1.074536973E0,-1.203742898E-1,-8.034410521E-1,1.347084704E0
4.233818700E2,1.265917950E0,-4.615441203E-2,-5.233883661E-1,1.370625356E0
4.233918590E2,1.363345426E0,1.259887862E-1,-2.311813653E-1,1.388534749E0
4.234018480E2,1.384387509E0,4.924893397E-1,9.372355789E-3,1.469408849E0
4.234118370E2,1.305821542E0,9.078281772E-1,1.325563788E-1,1.595898835E0
4.234218260E2,9.723337832E-1,1.349735593E0,2.300791651E-1,1.679331885E0
4.234318150E2,5.646391569E-1,1.714032331E0,2.283783562E-1,1.819032953E0
4.234418030E2,1.762121294E-1,1.779653878E0,3.578314716E-1,1.823804267E0
4.234517920E2,-8.345891699E-2,1.784350362E0,4.219746964E-1,1.835465676E0
4.234617810E2,-2.161209843E-1,1.733042799E0,4.177706945E-1,1.795738838E0
4.234717700E2,-2.828021930E-1,1.648420140E0,3.069126020E-1,1.700429764E0
4.234817590E2,-4.106467393E-1,1.480020329E0,3.333852862E-1,1.571698657E0
4.234917480E2,-4.363383816E-1,1.375134729E0,3.266533868E-1,1.479219098E0
4.235017370E2,-3.832434708E-1,1.298664258E0,2.163785541E-1,1.371212635E0
4.235117260E2,-3.354718651E-1,1.120820024E0,2.003465120E-1,1.186978358E0
4.235217150E2,-3.221326120E-1,7.726387972E-1,2.682244997E-1,8.790247510E-1
4.235317040E2,-3.658500507E-1,2.665219367E-1,4.033052677E-1,6.062469310E-1
4.235416930E2,-3.702774163E-1,-2.620534945E-1,4.546169239E-1,6.422257753E-1
4.235516820E2,-3.020235988E-1,-6.246428454E-1,4.009178495E-1,8.013314300E-1
4.235616710E2,-1.861114655E-1,-7.794841325E-1,2.926255884E-1,8.531487124E-1
4.235716600E2,3.029325485E-2,-6.284289175E-1,1.155439049E-1,6.396803730E-1
4.235816490E2,2.199924257E-1,-3.284685087E-1,-8.981206298E-2,4.054065062E-1
4.235916370E2,2.140810369E-1,-1.136213404E-1,-1.284403776E-1,2.742944220E-1
4.236016260E2,1.383553550E-1,-5.628354371E-2,-1.750305533E-2,1.503874944E-1
4.236116150E2,2.121575953E-1,-1.097452211E-1,8.912019119E-2,2.549456163E-1
4.236216040E2,4.470915574E-1,-1.756848568E-1,-6.941821732E-2,4.853606066E-1
4.236315930E2,7.297374836E-1,-2.975215352E-1,-4.519899161E-1,9.084771561E-1
4.236415820E2,8.934877346E-1,-4.690729952E-1,-7.448604298E-1,1.254259489E0
4.236515710E2,9.533037275E-1,-5.468111426E-1,-8.231441224E-1,1.373082907E0
4.236615600E2,9.174835382E-1,-5.544131076E-1,-7.883153285E-1,1.330635560E0
4.236715490E2,7.884208708E-1,-4.892675239E-1,-7.959902376E-1,1.222534514E0
4.236815380E2,5.954988608E-1,-4.066966528E-1,-8.023198485E-1,1.078766981E0
4.236915270E2,4.548914507E-1,-3.258512950E-1,-7.893342058E-1,9.675504053E-1
4.237015160E2,3.070538123E-1,-2.338669914E-1,-7.429660781E-1,8.372421433E-1
4.237115050E2,1.153300430E-1,-1.961986434E-1,-7.075132401E-1,7.432159252E-1
4.237214940E2,-1.635933995E-2,-1.983890104E-1,-6.721481104E-1,7.010056418E-1
4.237314830E2,-1.004392312E-1,-1.669268972E-1,-5.535776867E-1,5.868567827E-1
4.237414720E2,-8.401601046E-2,-1.232715851E-1,-3.827838796E-1,4.108260851E-1
4.237514600E2,-3.341581419E-2,-9.778532624E-2,-2.081566380E-1,2.323957242E-1
4.237614490E2,1.962895676E-2,-1.489864701E-1,-1.322230875E-1,2.001629564E-1
4.237714380E2,4.450184271E-2,-2.599642843E-1,-9.987643674E-2,2.820233071E-1
4.237814270E2,1.321549675E-1,-3.909840149E-1,-9.544234693E-2,4.236067479E-1
4.237914160E2,3.057444745E-1,-4.743559545E-1,-4.668431595E-2,5.662796841E-1
4.238014050E2,5.606167111E-1,-5.078856432E-1,-2.685903892E-2,7.569414319E-1
4.238113940E2,7.329455584E-1,-5.068395764E-1,-1.653791392E-1,9.063364759E-1
4.238213830E2,8.367701814E-1,-4.936236995E-1,-3.287984379E-1,1.025649602E0
4.238313720E2,8.402521983E-1,-4.157972592E-1,-4.706805409E-1,1.049023970E0
4.238413610E2,6.982987592E-1,-4.235050589E-1,-5.716167855E-1,9.968567808E-1
4.238513500E2,5.249910879E-1,-4.554068828E-1,-5.771581918E-1,9.033950684E-1
4.238613390E2,3.592467901E-1,-3.393659645E-1,-5.333100678E-1,7.270812489E-1
4.238713280E2,2.626610202E-1,-2.367882603E-1,-4.977104647E-1,6.105531905E-1
4.238813170E2,2.313135123E-1,-1.748785257E-1,-4.356115727E-1,5.233028588E-1
4.238913050E2,1.898076367E-1,-1.458658111E-1,-3.536074430E-1,4.270152193E-1
4.239012940E2,1.683185345E-1,-7.029815018E-2,-3.894122833E-1,4.300173082E-1
4.239112830E2,1.200199485E-1,-4.556384325E-2,-5.548756224E-1,5.695329737E-1
4.239212720E2,1.136704570E-1,-2.104389524E-1,-8.182558501E-1,8.524952561E-1
4.239312610E2,2.780760348E-2,-5.131691873E-1,-1.114112244E0,1.226931934E0
4.239412500E2,-9.844664633E-2,-6.139360088E-1,-1.325479150E0,1.464071085E0
4.239512390E2,-1.713380367E-1,-4.392983884E-1,-1.418626319E0,1.494938269E0
4.239612280E2,-2.591705248E-1,-2.052589041E-1,-1.403922325E0,1.442323984E0
4.239712170E2,-4.620449343E-1,-8.495419621E-2,-1.318977046E0,1.400143987E0
4.239812060E2,-7.367675909E-1,-9.397118747E-2,-1.185318906E0,1.398798762E0
4.239911950E2,-9.384754810E-1,-5.728107870E-2,-9.658180846E-1,1.347895368E0
4.240011840E2,-1.123584295E0,1.375399607E-1,-6.385709131E-1,1.299666003E0
4.240111730E2,-1.296306953E0,4.044331956E-1,-3.117805552E-1,1.393264167E0
4.240211620E2,-1.414411061E0,6.608944130E-1,-6.734106705E-2,1.562649959E0
4.240311510E2,-1.502290327E0,8.335018802E-1,5.739173725E-2,1.718980925E0
4.240411400E2,-1.379505230E0,7.836274695E-1,9.952063367E-2,1.589657525E0
4.240511280E2,-1.195287531E0,5.310277534E-1,-4.660406291E-2,1.308768389E0
4.240611170E2,-1.067619132E0,4.267175192E-1,-4.098062021E-1,1.220589848E0
4.240711060E2,-8.911805695E-1,3.188697195E-1,-6.407232732E-1,1.142981635E0
4.240810950E2,-8.609063181E-1,2.681422001E-1,-6.537612484E-1,1.113761060E0
4.240910840E2,-9.888071439E-1,3.085534769E-1,-4.647992653E-1,1.135333948E0
4.241010730E2,-1.147150328E0,3.440753120E-1,-2.597992466E-1,1.225494735E0
4.241110620E2,-1.327881040E0,3.549815387E-1,-3.889436290E-2,1.375060988E0
4.241210510E2,-1.421658977E0,3.062952822E-1,1.607667093E-1,1.463139427E0
4.241310400E2,-1.507220699E0,1.346958750E-1,3.567734179E-1,1.554716851E0
4.241410290E2,-1.530025717E0,-8.564416766E-3,4.061147086E-1,1.583029122E0
4.241510180E2,-1.452573498E0,-4.000372589E-2,3.420052515E-1,1.492828744E0
4.241610070E2,-1.326104364E0,6.630742550E-4,2.969156174E-1,1.358937860E0
4.241709968E2,-1.187480329E0,7.615939915E-2,2.541749561E-1,1.216764026E0
4.241809858E2,-9.950911465E-1,1.340895188E-1,2.363674070E-1,1.031530872E0
4.241909748E2,-8.001248038E-1,1.823319715E-1,1.901863901E-1,8.423867950E-1
4.242009638E2,-6.129779425E-1,2.328016287E-1,1.393401723E-1,6.703388993E-1
4.242109518E2,-4.168553129E-1,2.281174242E-1,1.094101757E-1,4.876233153E-1
4.242209408E2,-2.532858869E-1,2.176228416E-1,1.108724181E-1,3.518609595E-1
4.242309298E2,-1.047607622E-1,2.136847419E-1,4.501288936E-2,2.422026969E-1
4.242409188E2,1.477182090E-2,2.520553404E-1,-1.372283041E-2,2.528604702E-1
4.242509078E2,4.986242384E-2,2.771305400E-1,8.057316989E-3,2.816957896E-1
4.242608968E2,1.094458437E-1,3.037002879E-1,1.231860696E-1,3.455243339E-1
4.242708858E2,2.055889794E-1,3.020537120E-1,1.901625627E-1,4.119042045E-1
4.242808748E2,3.944481978E-1,3.029816651E-1,2.442463839E-1,5.541151200E-1
4.242908638E2,6.573378441E-1,2.377483732E-1,3.299748977E-1,7.729817354E-1
4.243008528E2,9.463253680E-1,9.946113825E-2,3.970341289E-1,1.031048166E0
4.243108418E2,1.273530001E0,-3.399980485E-2,4.363946611E-1,1.346653241E0
4.243208308E2,1.536638918E0,-1.314138329E-1,5.525735736E-1,1.638250992E0
4.243308198E2,1.668871069E0,-1.649563855E-1,6.479369831E-1,1.797821901E0
4.243408088E2,1.918120915E0,-4.410192239E-1,7.813971953E-1,2.117608882E0
4.243507978E2,1.924543497E0,-5.253273028E-1,7.474815904E-1,2.130390850E0
4.243607868E2,1.868431861E0,-5.745351309E-1,7.597794543E-1,2.097234621E0
4.243707748E2,1.722804616E0,-5.288444030E-1,7.271006817E-1,1.943298111E0
4.243807638E2,1.484238510E0,-3.889784199E-1,7.318405809E-1,1.699958471E0
4.243907528E2,1.285507730E0,-1.972283381E-1,7.492117815E-1,1.500915532E0
4.244007418E2,1.184932405E0,1.065187275E-2,6.974873118E-1,1.375015206E0
4.244107308E2,1.006041227E0,1.499413204E-1,6.412958618E-1,1.202439908E0
4.244207198E2,8.573225597E-1,1.604475975E-1,6.078138278E-1,1.063100678E0
4.244307088E2,5.653161183E-1,9.983711421E-2,5.790771018E-1,8.154017739E-1
4.244406978E2,2.697580782E-1,-3.567035437E-2,6.098138680E-1,6.677684842E-1
4.244506868E2,1.210636765E-2,-1.684875190E-2,6.845947860E-1,6.849090930E-1
4.244606758E2,-1.127273011E-1,-9.575751185E-2,7.077931756E-1,7.230823777E-1
4.244706648E2,-2.423378527E-1,-4.885290205E-2,5.892036022E-1,6.389641037E-1
4.244806538E2,-2.596885881E-1,5.026617408E-2,5.431167255E-1,6.041031606E-1
4.244906428E2,-1.960776061E-1,1.178184718E-1,4.106458622E-1,4.700613195E-1
4.245006318E2,-8.539186031E-2,2.182104868E-1,2.675609869E-1,3.556634196E-1
4.245106208E2,-1.005194843E-2,2.634205735E-1,1.049434876E-1,2.837332828E-1
4.245206098E2,-2.589234799E-2,2.417262340E-1,-8.581329837E-2,2.578098292E-1
4.245305978E2,-1.296938744E-1,2.371297377E-1,-1.936131509E-1,3.324711503E-1
4.245405868E2,-4.058736572E-1,3.214430791E-1,-1.954582398E-1,5.534103380E-1
4.245505758E2,-6.801016393E-1,4.083847439E-1,-1.508780444E-1,8.075150297E-1
4.245605648E2,-9.178313014E-1,5.216149056E-1,-1.362496264E-1,1.064453084E0
4.245705538E2,-1.119881546E0,5.947670817E-1,-7.471689105E-2,1.270222489E0
4.245805428E2,-1.294922624E0,5.982964611E-1,5.724073291E-2,1.427606304E0
4.245905318E2,-1.455101835E0,5.646966058E-1,1.830995648E-1,1.571537163E0
4.246005208E2,-1.590708998E0,4.744816697E-1,2.911806683E-1,1.685311293E0
4.246105098E2,-1.640714971E0,3.592424047E-1,3.121382587E-1,1.708341598E0
4.246204988E2,-1.559684257E0,2.658816665E-1,3.202945398E-1,1.614278982E0
4.246304878E2,-1.421593488E0,1.663836908E-1,2.718705310E-1,1.456888865E0
4.246404768E2,-1.335547909E0,1.163701165E-1,1.558136791E-1,1.349632589E0
4.246504658E2,-1.278179415E0,8.678437471E-2,8.260756239E-2,1.283782751E0
4.246604548E2,-1.151038142E0,1.129109037E-1,4.285585150E-2,1.157356601E0
4.246704438E2,-9.946245387E-1,1.452565312E-1,3.096509993E-2,1.005652162E0
4.246804328E2,-8.054036701E-1,1.221764016E-1,1.187671825E-2,8.147043644E-1
4.246904218E2,-5.717957103E-1,4.716071784E-2,2.582715154E-3,5.737430941E-1
4.247004098E2,-3.364210144E-1,5.222733021E-2,3.428222537E-3,3.404681272E-1
4.247103988E2,-1.675353000E-1,4.266303957E-2,-2.855517000E-2,1.752244544E-1
4.247203878E2,-1.116239315E-1,7.034785151E-2,-1.469381905E-1,1.974830477E-1
4.247303768E2,-1.759029579E-1,1.363810426E-1,-2.685421497E-1,3.487929551E-1
4.247403658E2,-3.029983297E-1,1.836809242E-1,-3.432526088E-1,4.933244603E-1
4.247503548E2,-4.660131472E-1,1.859128064E-1,-3.651112550E-1,6.205143460E-1
4.247603438E2,-6.100014174E-1,1.825266838E-1,-3.482052004E-1,7.257165984E-1
4.247703328E2,-6.967998254E-1,1.371160376E-1,-2.888179547E-1,7.666463431E-1
4.247803218E2,-6.958940917E-1,1.337696761E-1,-1.887218088E-1,7.333340537E-1
4.247903108E2,-6.176317415E-1,1.220787531E-1,-1.040666977E-1,6.381238654E-1
4.248002998E2,-4.801911834E-1,8.444841206E-2,-7.968351603E-2,4.940289158E-1
4.248102888E2,-3.021727028E-1,6.369255066E-2,-2.557689071E-2,3.098697480E-1
4.248202778E2,-1.467443553E-1,9.510671675E-2,-9.193869531E-3,1.751105954E-1
4.248302668E2,4.171696007E-2,1.591711503E-1,-2.475711107E-3,1.645657589E-1
4.248402558E2,2.021344444E-1,1.923476672E-1,2.492901921E-2,2.801382064E-1
4.248502448E2,2.901195449E-1,1.672321218E-1,3.478274703E-2,3.366686388E-1
4.248602328E2,3.619175059E-1,1.143522424E-1,1.641751975E-2,3.799082144E-1
4.248702218E2,3.025831774E-1,4.571587086E-2,-3.868079334E-2,3.084521419E-1
4.248802108E2,1.680978021E-1,1.843802512E-2,-6.454872921E-2,1.810065476E-1
4.248901998E2,-6.691407412E-2,9.091835618E-3,-3.511311471E-2,7.611232236E-2
4.249001888E2,-1.847445327E-1,-5.600521624E-2,4.022416592E-2,1.971930783E-1
4.249101778E2,-1.836370701E-1,-6.633139908E-2,9.709535480E-2,2.180594780E-1
4.249201668E2,-2.466589451E-1,-5.122043967E-2,1.516102619E-1,2.940235367E-1
4.249301558E2,-2.863653401E-1,-4.445930421E-2,2.006669395E-1,3.524896570E-1
4.249401448E2,-2.773188204E-1,-3.457517087E-2,2.062464988E-1,3.473309500E-1
4.249501338E2,-2.389578697E-1,-2.377243996E-2,2.158423644E-1,3.228837541E-1
4.249601228E2,-2.084932914E-1,8.987170458E-3,1.594342750E-1,2.626204673E-1
4.249701118E2,-2.104070851E-1,3.120132744E-2,7.715971157E-2,2.262703812E-1
4.249801008E2,-2.529882637E-1,3.738709688E-2,5.350070760E-2,2.612722379E-1
4.249900898E2,-3.360970786E-1,2.516583145E-2,5.437501252E-2,3.413959685E-1
4.250000788E2,-3.098664692E-1,4.553285301E-2,8.156675801E-2,3.236411677E-1
4.250100678E2,-2.803599572E-1,7.231719375E-2,6.998707831E-2,2.978752646E-1
4.250200558E2,-2.369534442E-1,1.082670450E-1,4.085785791E-2,2.637006870E-1
4.250300448E2,-1.334454480E-1,1.323365235E-1,6.017808169E-3,1.880341912E-1
4.250400338E2,2.335670292E-2,1.351279843E-1,-3.385684043E-3,1.371735053E-1
4.250500228E2,1.598038191E-1,1.355542463E-1,1.108047366E-4,2.095524434E-1
4.250600118E2,2.832657310E-1,1.149118209E-1,4.611772075E-2,3.091456698E-1
4.250700008E2,3.870201874E-1,5.605023980E-2,9.707313538E-2,4.029261079E-1
4.250799898E2,4.288751417E-1,5.065618336E-2,1.573947662E-1,4.596444806E-1
4.250899788E2,4.755955642E-1,-5.504919648E-2,1.852854002E-1,5.133733868E-1
4.250999678E2,5.562242827E-1,-2.202230984E-1,9.791820422E-2,6.061943916E-1
4.251099568E2,5.058402872E-1,-1.843708956E-1,7.891212210E-2,5.441453357E-1
4.251199458E2,3.671253285E-1,-1.913454545E-1,1.002405721E-1,4.259603996E-1
4.251299348E2,2.497220090E-1,-1.414026314E-1,9.538138971E-2,3.024126245E-1
4.251399238E2,1.507967681E-1,-4.743612170E-2,9.031550825E-2,1.820624671E-1
4.251499128E2,5.352073431E-2,2.567453921E-2,5.979070365E-2,8.425306646E-2
4.251599018E2,-3.142615288E-2,8.386544466E-2,4.763887390E-2,1.014419943E-1
4.251698901E2,-1.079562655E-1,9.832327008E-2,4.478309378E-2,1.527335791E-1
4.251798791E2,-1.966199353E-1,4.526621997E-2,7.022199020E-2,2.136341676E-1
4.251898671E2,-2.685243157E-1,-1.156871617E-2,1.363785575E-1,3.013938524E-1
4.251998561E2,-3.078544423E-1,-2.906066179E-2,1.536243354E-1,3.452815027E-1
4.252098451E2,-3.254864287E-1,2.713692784E-2,8.740081742E-2,3.381075732E-1
4.252198341E2,-3.109941047E-1,1.207438338E-1,-4.477213025E-3,3.336412025E-1
4.252298231E2,-3.122012624E-1,1.808040941E-1,-6.927664161E-2,3.673676656E-1
4.252398121E2,-2.915167370E-1,1.628104573E-1,-1.498116584E-1,3.659682855E-1
4.252498011E2,-3.232650715E-1,1.682518762E-1,-1.676480050E-1,4.011419374E-1
4.252597901E2,-3.389531511E-1,1.307525128E-1,-7.898652792E-2,3.717853276E-1
4.252697791E2,-3.676205876E-1,1.035044879E-1,3.921581358E-3,3.819338349E-1
4.252797681E2,-3.439490122E-1,7.563431919E-2,5.781829163E-2,3.568815322E-1
4.252897571E2,-2.975305983E-1,7.974783540E-2,1.088546902E-1,3.267009608E-1
4.252997461E2,-2.178576073E-1,2.575581551E-2,8.127395868E-2,2.339460524E-1
4.253097351E2,-1.004455170E-1,9.713394642E-3,6.426601633E-2,1.196401804E-1
4.253197241E2,2.556314975E-2,-1.134774989E-1,4.586322069E-2,1.250362043E-1
4.253297131E2,2.727521449E-2,-3.433309615E-2,-1.193986818E-2,4.544512371E-2
4.253397021E2,-2.406070769E-2,1.113836110E-2,-1.129784390E-2,2.882051386E-2
4.253496911E2,-7.530073553E-2,7.064021230E-3,2.400355116E-2,7.934904937E-2
4.253596791E2,-6.789172858E-2,1.998636782E-2,4.815284416E-2,8.560045624E-2
4.253696681E2,-5.155051500E-2,-7.791414857E-3,9.209583923E-2,1.058291328E-1
4.253796571E2,-2.681503862E-2,-5.739743829E-2,1.143960965E-1,1.307668884E-1
4.253896461E2,-3.220646381E-3,-8.819998562E-2,1.336585790E-1,1.601693659E-1
4.253996351E2,3.885416329E-2,-1.069484979E-1,1.369723423E-1,1.780703506E-1
4.254096241E2,8.124326080E-2,-1.217214882E-1,1.073398228E-1,1.814894644E-1
4.254196131E2,1.965447986E-1,-9.891149998E-2,6.890417397E-2,2.305669705E-1
4.254296021E2,2.716095990E-1,-5.017378807E-2,5.776318163E-3,2.762653600E-1
4.254395911E2,2.914962718E-1,-2.650075078E-2,-4.387706771E-2,2.959688553E-1
4.254495801E2,2.982620850E-1,-5.033400178E-2,-2.611498073E-2,3.036046365E-1
4.254595691E2,2.945415017E-1,-7.404504597E-2,-1.902508557E-2,3.043013620E-1
4.254695581E2,2.524798483E-1,-7.069634557E-2,-2.644520223E-2,2.635211486E-1
4.254795471E2,2.582042724E-1,-4.226484418E-2,-3.570879981E-2,2.640660556E-1
4.254895361E2,2.747282115E-1,-2.787426174E-2,-4.985116795E-2,2.806023941E-1
4.254995251E2,2.963778198E-1,-3.127441764E-2,-5.828679979E-2,3.036696433E-1
4.255095141E2,2.742037162E-1,-9.040789425E-2,-3.389002338E-2,2.907056914E-1
4.255195031E2,2.372113064E-1,-1.281464088E-1,-1.421458125E-2,2.699865928E-1
4.255294911E2,1.798659083E-1,-1.079413551E-1,-3.290798351E-2,2.123346804E-1
4.255394801E2,1.181245735E-1,-7.201898575E-2,-4.289824381E-2,1.448461546E-1
4.255494691E2,5.820318460E-2,-3.089025557E-2,-5.111168146E-2,8.339198144E-2
4.255594581E2,3.395595074E-2,8.977230191E-3,-6.964501619E-2,7.800016367E-2
4.255694471E2,5.017905056E-2,-7.345857024E-3,-2.580946371E-2,5.690366551E-2
4.255794361E2,5.711121708E-2,-4.975688159E-2,-2.111414954E-2,7.863361681E-2
4.255894251E2,8.096873403E-2,-7.301944435E-2,-3.244736910E-2,1.137567884E-1
4.255994141E2,5.782399267E-2,-9.354024768E-2,-2.696867421E-2,1.132285364E-1
4.256094031E2,3.159689158E-2,-1.141972911E-1,-5.824060678E-2,1.320278499E-1
4.256193921E2,3.336128891E-2,-8.833447158E-2,-6.174601257E-2,1.128207629E-1
4.256293811E2,4.531796783E-2,-6.996895194E-2,-2.773641363E-2,8.785602475E-2
4.256393701E2,3.728769422E-2,-5.787515581E-2,-3.254677176E-2,7.615246649E-2
4.256493591E2,3.183575034E-2,-2.429459631E-2,-7.734419122E-2,8.709687897E-2
4.256593481E2,8.108684778E-2,-2.155517578E-2,-1.148537873E-1,1.422360536E-1
4.256693371E2,1.003966928E-1,-1.185932279E-2,-1.148496942E-1,1.530052016E-1
4.256793261E2,8.002879411E-2,-7.085655928E-3,-7.613937244E-2,1.106888361E-1
4.256893151E2,4.308082312E-2,3.453950286E-3,-1.266009897E-2,4.503515515E-2
4.256993031E2,1.409792930E-2,6.175244451E-3,1.282104358E-2,2.003158539E-2
4.257092921E2,-5.547253489E-3,-5.381192565E-3,1.562025189E-2,1.742760810E-2
4.257192811E2,-1.145060241E-2,7.000286579E-3,6.137325257E-2,6.282353412E-2
4.257292701E2,-1.626315325E-2,5.659520030E-3,5.510401413E-2,5.773190360E-2
4.257392591E2,-1.209233433E-2,1.507529140E-2,4.197262958E-2,4.620812260E-2
4.257492481E2,-2.767808765E-2,1.157748699E-2,4.492985889E-2,5.402598413E-2
4.257592371E2,-3.190854818E-2,-4.083695412E-3,4.899615884E-2,5.861275967E-2
4.257692261E2,-2.757605374E-2,-2.505473435E-2,4.660830215E-2,5.967002834E-2
4.257792151E2,-8.039629161E-2,-5.740620911E-2,4.741039395E-2,1.095754626E-1
4.257892041E2,-9.245909750E-2,-6.973974109E-2,2.065397367E-2,1.176388661E-1
4.257991931E2,-1.059860462E-1,-3.504645646E-2,-3.685675442E-2,1.175572901E-1
4.258091821E2,-1.429828414E-1,3.082242787E-2,-2.042739406E-2,1.476868086E-1
4.258191711E2,-1.497799373E-1,5.202501655E-2,-4.125839218E-2,1.638379897E-1
4.258291601E2,-1.735731348E-1,5.909605443E-2,-8.283399582E-2,2.012000190E-1
4.258391491E2,-2.451766759E-1,7.278789461E-2,-5.007248506E-2,2.606087753E-1
4.258491381E2,-2.998349860E-1,6.553676248E-2,-1.040219665E-2,3.070900386E-1
4.258591271E2,-3.365657330E-1,5.982461751E-2,-1.347841680E-2,3.421069207E-1
4.258691151E2,-3.708973673E-1,6.056779861E-2,-3.526002601E-2,3.774607062E-1
4.258791041E2,-4.030760568E-1,7.335448980E-2,-9.123118222E-2,4.197312442E-1
4.258890931E2,-4.125614101E-1,1.285919666E-1,-6.774584055E-2,4.374154888E-1
4.258990821E2,-4.639259836E-1,1.697920328E-1,-5.263678148E-2,4.968171529E-1
4.259090711E2,-4.913134646E-1,1.495600820E-1,-1.446352646E-2,5.137765392E-1
4.259190601E2,-5.043129945E-1,1.188382262E-1,2.519199774E-2,5.187376574E-1
4.259290491E2,-4.983058575E-1,5.539242804E-2,3.959485933E-2,5.029361804E-1
4.259390381E2,-5.009011441E-1,1.467007935E-2,1.085962433E-1,5.127478050E-1
4.259490271E2,-4.669405156E-1,-5.470654964E-3,1.092347592E-1,4.795785711E-1
4.259590161E2,-3.943318382E-1,9.843787551E-3,1.063297163E-1,4.085345852E-1
4.259690051E2,-2.816051218E-1,1.683413386E-2,9.224143490E-2,2.968051802E-1
4.259789941E2,-1.609232685E-1,2.909282148E-2,7.371862516E-2,1.793798381E-1
4.259889831E2,-9.599256992E-2,4.021773398E-2,8.505052909E-2,1.344084525E-1
4.259989721E2,-5.720974267E-2,4.620645225E-2,1.126371078E-1,1.345180618E-1
4.260089611E2,-1.665287018E-3,1.449232399E-2,1.209787457E-1,1.218550678E-1
4.260189501E2,3.314289540E-2,-1.233645558E-2,1.484021871E-1,1.525576900E-1
4.260289391E2,1.158549768E-1,-2.522898138E-2,1.354554284E-1,1.800195829E-1
4.260389271E2,1.774802443E-1,-2.529680908E-2,9.466525197E-2,2.027330156E-1
4.260489161E2,2.060210887E-1,-2.855312347E-2,6.358437717E-2,2.174923972E-1
4.260589051E2,1.774387291E-1,-2.211767793E-2,3.774509266E-2,1.827522538E-1
4.260688941E2,1.735485765E-1,-7.962738276E-3,1.655653730E-2,1.745182871E-1
4.260788831E2,2.048358580E-1,-5.812132359E-4,3.901627734E-2,2.085193911E-1
4.260888721E2,2.195477450E-1,1.301239371E-2,2.730839744E-2,2.216219377E-1
4.260988611E2,2.050004572E-1,1.178974092E-2,-3.988444269E-2,2.091768491E-1
4.261088501E2,1.816001925E-1,3.453716397E-2,-7.016527221E-2,1.977235723E-1
4.261188391E2,1.586162496E-1,3.275376320E-2,-6.744646311E-2,1.754450028E-1
4.261288281E2,9.665505946E-2,1.326206982E-2,-5.024965569E-2,1.097411086E-1
4.261388171E2,6.601009458E-2,2.215100706E-2,-4.348632753E-2,8.209178024E-2
4.261488061E2,4.123924255E-2,2.037813127E-2,-1.103939697E-2,4.730551391E-2
4.261587951E2,7.888390929E-2,-1.266331494E-2,2.439107537E-2,8.353415617E-2
4.261687846E2,1.271365947E-1,-2.048981309E-2,4.154622138E-2,1.353130986E-1
4.261787736E2,1.884218466E-1,-7.939349413E-3,5.724365652E-2,1.970854174E-1
4.261887626E2,2.092955294E-1,5.120289803E-2,8.099563122E-2,2.301882875E-1
4.261987516E2,1.720668921E-1,6.149458230E-2,8.675411537E-2,2.022742582E-1
4.262087406E2,7.838221818E-2,8.328189254E-2,7.466382757E-2,1.365808658E-1
4.262187286E2,-2.314678788E-2,6.547595143E-2,1.245918864E-1,1.426394481E-1
4.262287176E2,-9.103442341E-2,4.228121638E-2,1.244433671E-1,1.598784511E-1
4.262387066E2,-1.495115501E-1,3.943362236E-3,1.063965207E-1,1.835469241E-1
4.262486956E2,-1.986226067E-1,-1.665696323E-2,9.220240474E-2,2.196125628E-1
4.262586846E2,-2.047727081E-1,-4.203797221E-2,5.867607817E-2,2.171219364E-1
4.262686736E2,-1.909460896E-1,-4.558664739E-2,4.228984103E-2,2.008157918E-1
4.262786626E2,-1.509043568E-1,-2.366251230E-2,3.772930518E-2,1.573389331E-1
4.262886516E2,-1.311159173E-1,-3.660941720E-2,1.601771638E-2,1.370700566E-1
4.262986406E2,-1.006063154E-1,-3.812209189E-2,2.265737593E-2,1.099467202E-1
4.263086296E2,-5.126692504E-2,-2.163469791E-2,2.046803221E-2,5.928994939E-2
4.263186186E2,6.284587383E-3,-1.246626377E-2,2.537165344E-2,2.895901533E-2
4.263286076E2,7.736012489E-2,-2.047110200E-3,-6.877495050E-3,7.769221017E-2
4.263385966E2,1.456588197E-1,3.732628584E-2,-3.081833482E-2,1.534910848E-1
4.263485856E2,1.742160362E-1,2.718370557E-2,-4.078315973E-2,1.809791348E-1
4.263585746E2,2.160397080E-1,-4.715545535E-2,-2.635062352E-2,2.226906997E-1
4.263685636E2,2.613585529E-1,-4.969957888E-2,-2.441607222E-2,2.671600380E-1
4.263785526E2,2.686672801E-1,-3.288298666E-2,-7.082323015E-2,2.797844315E-1
4.263885416E2,2.107558715E-1,6.944153309E-3,-1.292136718E-1,2.473103953E-1
4.263985296E2,1.277941141E-1,6.091044545E-3,-1.545775777E-1,2.006555854E-1
4.264085186E2,1.956449121E-2,-4.151523113E-4,-1.506384547E-1,1.519041991E-1
4.264185076E2,-7.214382380E-2,-1.578923643E-2,-1.363040055E-1,1.550252019E-1
4.264284966E2,-1.639228901E-1,-3.144398689E-2,-9.038231269E-2,1.898114872E-1
4.264384856E2,-1.904701263E-1,-6.122736454E-2,-1.160906196E-2,2.004056623E-1
4.264484746E2,-1.658805379E-1,-6.945615113E-2,4.041186154E-2,1.843193651E-1
4.264584636E2,-9.958977699E-2,-6.404630721E-2,5.171920717E-2,1.292088601E-1
4.264684526E2,1.123893321E-2,-5.675015152E-2,8.036647081E-2,9.902354744E-2
4.264784416E2,1.380106616E-1,-4.632456601E-2,6.601111785E-2,1.598448492E-1
4.264884306E2,2.340967870E-1,-3.379690647E-3,3.857817471E-2,2.372783251E-1
4.264984196E2,3.413145491E-1,-7.636463642E-3,5.260856867E-2,3.454295855E-1
4.265084086E2,4.691680124E-1,-7.587463975E-2,4.288859591E-2,4.771949460E-1
4.265183976E2,6.036528030E-1,-1.859782952E-1,2.670540333E-2,6.322165859E-1
4.265283866E2,6.934289056E-1,-2.395417142E-1,-3.092124581E-2,7.342887739E-1
4.265383756E2,7.548857734E-1,-1.922564507E-1,-1.049914348E-1,7.860268920E-1
4.265483646E2,7.760325211E-1,-1.060293156E-1,-1.889995515E-1,8.057229797E-1
4.265583536E2,7.227848518E-1,-2.207791686E-2,-2.327316083E-1,7.596508263E-1
4.265683426E2,5.859778395E-1,-1.847427785E-2,-2.111682464E-1,6.231399166E-1
4.265783306E2,4.186346206E-1,-5.197765410E-2,-1.601406187E-1,4.512223840E-1
4.265883196E2,2.754167211E-1,-6.587940931E-2,-1.159707516E-1,3.060125521E-1
4.265983086E2,1.351019642E-1,-8.510096133E-2,-4.388101459E-2,1.655906331E-1
4.266082976E2,1.158245713E-2,-6.339083433E-2,1.370821238E-2,6.588221518E-2
4.266182866E2,-4.018294305E-2,-3.433601975E-2,8.490624905E-2,1.000135105E-1
4.266282756E2,-6.331832886E-2,-6.101569533E-2,1.129915953E-1,1.431755092E-1
4.266382646E2,-1.415318549E-2,-1.016678774E-1,8.108977139E-2,1.308136881E-1
4.266482536E2,4.359157741E-2,-8.314448297E-2,4.454467356E-2,1.039108205E-1
4.266582426E2,1.613442680E-1,7.497884631E-3,5.684122190E-2,1.712282559E-1
4.266682316E2,3.250917417E-1,8.422095537E-2,7.249377966E-2,3.435595406E-1
4.266782206E2,4.414969414E-1,1.109672892E-1,4.970498756E-2,4.579343560E-1
4.266882096E2,5.027082261E-1,4.858743846E-2,7.869007409E-2,5.111442336E-1
4.266981986E2,5.031947145E-1,-7.309545815E-2,1.282142365E-1,5.243917974E-1
4.267081876E2,4.325691202E-1,-1.875927114E-1,8.539624572E-2,4.791655121E-1
4.267181766E2,3.149719656E-1,-2.808177942E-1,2.499275386E-2,4.227181216E-1
4.267281656E2,1.421890819E-1,-3.079944831E-1,-8.449650541E-2,3.495969051E-1
4.267381546E2,-1.054837704E-3,-2.122539282E-1,-1.547689278E-1,2.626904333E-1
4.267481436E2,-7.025312662E-2,-2.565348923E-2,-1.820803951E-1,1.968422556E-1
4.267581316E2,-6.739354581E-2,1.614737839E-1,-2.327696152E-1,2.911998741E-1
4.267681206E2,-2.521377861E-2,2.641204852E-1,-2.125052123E-1,3.399320970E-1
4.267781096E2,1.456804544E-2,2.522278333E-1,-1.601248312E-1,2.991171499E-1
4.267880986E2,3.537565470E-4,1.503161269E-1,-1.149176681E-1,1.892118749E-1
4.267980876E2,-7.570214689E-2,6.809667349E-3,-9.730249241E-2,1.234704890E-1
4.268080766E2,-1.401472342E-1,-1.134839308E-1,-8.840756178E-2,2.008376130E-1
4.268180656E2,-1.850634983E-1,-1.660246718E-1,-7.358136177E-2,2.592815205E-1
4.268280546E2,-1.942474276E-1,-1.538349813E-1,-1.126583040E-1,2.721932366E-1
4.268380436E2,-1.873754874E-1,-5.743953824E-2,-1.623789328E-1,2.545108871E-1
4.268480326E2,-1.906584066E-1,3.061836004E-2,-2.099410620E-1,2.852426362E-1
4.268580216E2,-1.887317491E-1,9.270526528E-2,-2.420700502E-1,3.206428676E-1
4.268680106E2,-1.873404041E-1,1.069976145E-1,-2.368284599E-1,3.203632875E-1
4.268779996E2,-2.006910592E-1,1.271067739E-1,-1.973259866E-1,3.088212723E-1
4.268879886E2,-2.210557419E-1,5.407914340E-2,-1.229130046E-1,2.586460931E-1
4.268979776E2,-2.144618368E-1,-4.319630563E-2,-6.767085001E-2,2.289959480E-1
4.269079666E2,-2.078945366E-1,-9.457403541E-2,-5.002599970E-2,2.338097242E-1
4.269179556E2,-2.081822196E-1,-1.004358691E-1,-5.983850464E-2,2.387631609E-1
4.269279446E2,-2.378922147E-1,-8.890983760E-2,-3.409160614E-2,2.562418830E-1
4.269379326E2,-2.385304382E-1,-4.265192986E-2,-3.286486030E-2,2.445323212E-1
4.269479216E2,-1.930405623E-1,-5.647240877E-3,-5.089591920E-2,1.997171615E-1
4.269579106E2,-1.661334300E-1,2.079152942E-2,-7.502109244E-2,1.834687128E-1
4.269678996E2,-1.277031898E-1,1.475486398E-2,-8.758193493E-2,1.555519400E-1
4.269778886E2,-6.953391910E-2,-2.848763466E-3,-6.295711711E-2,9.384391271E-2
4.269878776E2,-1.296093822E-2,7.488529086E-3,-4.685446993E-2,4.918745103E-2
4.269978666E2,4.518026590E-2,4.421664476E-3,-3.983547226E-2,6.039596339E-2
4.270078556E2,8.746382117E-2,3.584343195E-3,-2.736496925E-2,9.171482472E-2
4.270178446E2,8.570117801E-2,-2.358299017E-2,-3.563834086E-2,9.576502847E-2
4.270278336E2,-1.296561599E-2,-2.318187118E-2,-9.327624589E-3,2.815157064E-2
4.270378226E2,-8.517639041E-2,-3.437753499E-2,-1.244126692E-2,9.269097862E-2
4.270478116E2,-1.503626123E-1,-1.282937586E-2,-4.408391297E-2,1.572160916E-1
4.270578006E2,-2.005901948E-1,3.924709618E-2,-4.755365074E-2,2.098525923E-1
4.270677896E2,-2.013345453E-1,5.544271410E-2,-4.805417240E-2,2.142864839E-1
4.270777786E2,-1.625818312E-1,3.750988841E-2,-3.618447080E-2,1.707312493E-1
4.270877676E2,-1.217273355E-1,5.658584476E-2,9.805780649E-4,1.342403202E-1
4.270977566E2,-8.223348677E-2,9.259124458E-2,4.558562413E-2,1.319603503E-1
4.271077456E2,-1.163274318E-2,8.199141204E-2,7.249144077E-2,1.100587177E-1
4.271177346E2,2.324092805E-2,3.734616637E-2,1.121605597E-1,1.204776662E-1
4.271277226E2,3.895648956E-2,-1.345035017E-2,1.386889386E-1,1.446829005E-1
4.271377116E2,4.911047190E-2,-5.210746229E-2,1.104789005E-1,1.316533841E-1
4.271477006E2,2.948283076E-2,-8.784856796E-2,5.075631693E-2,1.056542092E-1
4.271576896E2,9.542363584E-3,-4.674731970E-2,-6.969296336E-3,4.821762845E-2
4.271676790E2,-2.981495261E-3,-4.012944102E-3,-2.798667446E-2,2.842968487E-2
4.271776680E2,-9.782976508E-3,-1.917652845E-2,-3.096977770E-2,3.771701213E-2
4.271876570E2,-2.491498590E-3,-5.434577644E-2,-3.621019855E-2,6.535173648E-2
4.271976460E2,1.554365337E-2,-7.505310595E-2,-6.165932760E-2,9.836893083E-2
4.272076350E2,2.983015537E-2,-2.558858514E-2,-3.753663942E-2,5.434715409E-2
4.272176240E2,1.678969502E-2,1.136640251E-2,-3.658456653E-2,4.182725754E-2
4.272276130E2,1.622748524E-2,3.201175153E-2,-2.877414823E-3,3.600504172E-2
4.272376020E2,1.186107695E-2,3.368814826E-2,1.970380113E-2,4.078990388E-2
4.272475910E2,-1.356846392E-2,2.486294568E-2,5.038706526E-2,5.780247077E-2
4.272575800E2,-4.373892725E-2,1.101615429E-3,1.039838134E-1,1.128137437E-1
4.272675690E2,-5.518631369E-2,-3.525344789E-2,1.225437529E-1,1.389435360E-1
4.272775580E2,-4.810065776E-2,-6.622848809E-2,1.064931460E-1,1.343155838E-1
4.272875470E2,2.660629302E-2,-7.798256099E-2,7.570433959E-2,1.118942433E-1
4.272975360E2,9.651969641E-2,-4.377985775E-2,1.551909506E-2,1.071147518E-1
4.273075240E2,1.586694592E-1,7.314282060E-3,-1.853742778E-2,1.599160162E-1
4.273175130E2,1.745358789E-1,4.082642913E-2,-3.129210547E-2,1.819581441E-1
4.273275020E2,1.704404891E-1,5.497961462E-2,-1.911103964E-2,1.801053863E-1
4.273374910E2,1.656653604E-1,7.907482088E-2,-7.796092629E-3,1.837351844E-1
4.273474800E2,1.330139235E-1,8.593711317E-2,-5.192327499E-3,1.584451057E-1
4.273574690E2,9.069148421E-2,4.993171334E-2,-9.460794926E-3,1.039597420E-1
4.273674580E2,-2.256206632E-2,4.112346768E-3,2.430804491E-2,3.341914541E-2
4.273774470E2,-9.790607125E-2,-2.752401352E-2,3.426351428E-2,1.073180251E-1
4.273874360E2,-1.326516885E-1,-7.357376039E-2,5.520692512E-2,1.614229638E-1
4.273974250E2,-1.748887584E-1,-7.830064952E-2,2.028983831E-2,1.926882120E-1
4.274074140E2,-1.826597080E-1,-2.376016080E-2,-4.649705887E-3,1.842572493E-1
4.274174030E2,-1.619009230E-1,3.356301785E-2,-2.002042785E-2,1.665509008E-1
4.274273920E2,-1.472606644E-1,7.616407692E-2,6.035495996E-3,1.659008653E-1
4.274373810E2,-1.209128183E-1,8.689781070E-2,2.355989367E-2,1.507521400E-1
4.274473700E2,-7.827930719E-2,6.817034841E-2,5.293937489E-2,1.165222028E-1
4.274573590E2,-5.108536899E-2,3.234913588E-2,7.423961207E-2,9.574811496E-2
4.274673480E2,-1.536969870E-2,-2.980852067E-2,1.237114419E-1,1.281768169E-1
4.274773370E2,3.509440362E-2,-7.369889081E-2,1.465318090E-1,1.677340595E-1
4.274873260E2,9.888664931E-2,-9.777363181E-2,1.235545903E-1,1.860214753E-1
4.274973140E2,1.223342764E-1,-9.667201638E-2,7.539567970E-2,1.731925589E-1
4.275073030E2,1.375531170E-1,-1.024870723E-1,3.865418851E-2,1.758368741E-1
4.275172920E2,1.327124995E-1,-9.482078791E-2,2.504888713E-2,1.650182902E-1
4.275272810E2,1.171685538E-1,-7.888186276E-2,7.427718043E-3,1.414425299E-1
4.275372700E2,1.184675127E-1,-2.070674479E-2,-1.920810342E-2,1.217878158E-1
4.275472590E2,1.975467190E-1,2.049156725E-2,-1.941392541E-2,1.995532787E-1
4.275572480E2,2.325428894E-1,5.710624695E-2,6.138991714E-3,2.395308040E-1
4.275672370E2,2.347785723E-1,3.675501287E-2,2.773802161E-2,2.392515556E-1
4.275772260E2,2.410999972E-1,2.291465342E-2,7.549647108E-2,2.536809160E-1
4.275872150E2,1.815376273E-1,4.426693082E-2,6.606125772E-2,1.981907189E-1
4.275972040E2,9.348791510E-2,4.092115402E-2,6.901936412E-2,1.231998528E-1
4.276071930E2,-2.464922994E-2,2.399112582E-2,8.472673953E-2,9.144276377E-2
4.276171820E2,-1.147480989E-1,-1.521796346E-2,1.154211134E-1,1.634648158E-1
4.276271710E2,-1.460853741E-1,-2.155634522E-2,1.258560544E-1,1.940241196E-1
4.276371600E2,-9.205388546E-2,1.832049608E-2,1.172103614E-1,1.501593394E-1
4.276471490E2,5.269861579E-2,5.879141450E-2,1.285738403E-1,1.508801078E-1
4.276571380E2,1.674850139E-1,5.627067983E-2,1.312588086E-1,2.201056431E-1
4.276671270E2,2.395165712E-1,2.540381312E-2,1.270996841E-1,2.723377889E-1
4.276771160E2,2.206040445E-1,2.373384833E-3,1.490895273E-1,2.662695336E-1
4.276871040E2,1.353855541E-1,-1.038026959E-1,1.311401101E-1,2.151789405E-1
4.276970930E2,1.101437089E-1,-1.378960562E-1,1.330719571E-1,2.210319087E-1
4.277070820E2,5.318218052E-2,-8.060796082E-2,1.500662316E-1,1.784540880E-1
4.277170710E2,2.170778811E-2,-4.969373167E-2,1.202012122E-1,1.318674578E-1
4.277270600E2,2.618003100E-2,6.376973391E-3,6.233965114E-2,6.791385659E-2
4.277370490E2,4.099395186E-2,5.093041778E-2,-1.658803917E-2,6.745053437E-2
4.277470380E2,5.256062150E-2,8.506938636E-2,-6.481243864E-2,1.191640534E-1
4.277570270E2,2.471968889E-2,1.112654972E-1,-8.980745830E-2,1.451084197E-1
4.277670160E2,-1.179500341E-2,9.849927127E-2,-8.041690305E-2,1.277031982E-1
4.277770050E2,-5.040446073E-2,8.847305059E-2,-1.547772601E-2,1.029934481E-1
4.277869940E2,-3.837059855E-2,7.338840365E-3,2.013079405E-2,4.394781315E-2
4.277969830E2,5.878790617E-3,-7.180380821E-2,4.243046656E-2,8.361035549E-2
4.278069720E2,-2.644520223E-2,-7.619740605E-2,-1.208663329E-2,8.155660681E-2
4.278169610E2,-8.316933364E-2,-2.065283346E-1,-1.011562461E-1,2.445479036E-1
4.278269500E2,-7.847957432E-2,-1.740119684E-1,-1.484432638E-1,2.418152420E-1
4.278369390E2,-1.458623028E-1,-2.777252018E-2,-1.693271792E-1,2.252083876E-1
4.278469280E2,-1.096788552E-1,1.604440892E-1,-1.589214742E-1,2.510533649E-1
4.278569170E2,-2.497228861E-2,3.089575195E-1,-1.340398175E-1,3.377055474E-1
4.278669060E2,3.572531819E-2,3.100538725E-1,-9.184104681E-2,3.253374864E-1
4.278768940E2,2.323741972E-2,2.095203549E-1,-4.852911249E-2,2.163188192E-1
4.278868830E2,-7.681691855E-2,5.012350202E-2,2.094472647E-2,9.408446204E-2
4.278968720E2,-2.950993261E-1,-8.420282900E-2,3.325662374E-2,3.086741513E-1
4.279068610E2,-5.069857568E-1,-1.481473947E-1,1.864501655E-2,5.285166457E-1
4.279168500E2,-6.796230447E-1,-1.310992527E-1,-1.693748340E-2,6.923592820E-1
4.279268390E2,-7.915378752E-1,-4.616259813E-2,-7.404972374E-2,7.963331934E-1
4.279368280E2,-8.521539134E-1,6.906731129E-2,-1.187142652E-1,8.631510078E-1
4.279468170E2,-8.041827714E-1,1.593413043E-1,-1.363601388E-1,8.310798208E-1
4.279568060E2,-6.389147294E-1,2.279630578E-1,-1.278552175E-1,6.903087307E-1
4.279667950E2,-4.352757964E-1,3.044691968E-1,-1.303175531E-1,5.469453129E-1
4.279767840E2,-2.194343090E-1,4.001565421E-1,-1.323307494E-1,4.751716546E-1
4.279867730E2,-5.219341636E-2,3.957565123E-1,-8.502275482E-2,4.081375241E-1
4.279967620E2,-2.353124231E-2,2.647905761E-1,8.711766601E-3,2.659768100E-1
4.280067510E2,-8.620696217E-2,-1.311653262E-1,5.758030996E-2,1.671869469E-1
4.280167400E2,-1.368444344E-1,-3.494705379E-1,1.348740689E-1,3.988070593E-1
4.280267290E2,-2.745937255E-1,-3.968171972E-1,1.611305523E-1,5.087520584E-1
4.280367180E2,-2.965240002E-1,-3.010444826E-1,7.868751593E-2,4.298208794E-1
4.280467070E2,-2.346940801E-1,-8.620433092E-2,-3.480445482E-2,2.524358294E-1
4.280566960E2,-7.336296827E-2,1.027823567E-1,-1.208256948E-1,1.747718126E-1
4.280666850E2,1.294345504E-1,1.918570858E-1,-1.011046444E-1,2.525561192E-1
4.280766730E2,2.653881615E-1,2.203488135E-1,-5.190865695E-2,3.488251490E-1
4.280866620E2,3.036961949E-1,1.886533964E-1,-1.544644341E-2,3.578548244E-1
4.280966510E2,2.715560970E-1,1.231914783E-1,3.660430089E-2,3.004309055E-1
4.281066400E2,1.294561851E-1,8.849176168E-3,1.011778808E-1,1.645423208E-1
4.281166290E2,-3.944239318E-2,-1.071648449E-1,1.335856350E-1,1.757416519E-1
4.281266180E2,-1.725238520E-1,-1.727267504E-1,1.526906812E-1,2.879469637E-1
4.281366070E2,-1.842343631E-1,-1.458155251E-1,1.269781351E-1,2.670728640E-1
4.281465960E2,-8.325382590E-2,-9.255557656E-2,1.058767033E-1,1.634246327E-1
4.281565850E2,1.239878690E-1,-2.047987282E-2,8.046002626E-2,1.492187411E-1
4.281665740E2,3.585112104E-1,9.661354423E-3,6.638884798E-2,3.647342990E-1
4.281765625E2,5.740837258E-1,1.449875593E-2,4.019492984E-2,5.756717559E-1
4.281865515E2,7.838183811E-1,4.271975756E-2,5.157704674E-2,7.866742808E-1
4.281965405E2,8.728223589E-1,7.035077512E-2,8.321713462E-2,8.795983136E-1
4.282065295E2,7.839376643E-1,1.176372081E-1,1.288260014E-1,8.031145080E-1
4.282165185E2,5.776268461E-1,1.520276070E-3,1.482533754E-1,5.963506921E-1
4.282265075E2,3.990157503E-1,-6.837733984E-2,2.159030293E-1,4.588062201E-1
4.282364965E2,1.729474828E-1,-8.636980712E-2,3.004398074E-1,3.572599239E-1
4.282464855E2,6.607295215E-2,-1.151404470E-1,2.949025673E-1,3.234045172E-1
4.282564745E2,6.375336170E-2,-1.190978426E-1,2.756928559E-1,3.070103223E-1
4.282664625E2,8.725770682E-2,-1.063169986E-1,2.463255076E-1,2.821231421E-1
4.282764515E2,1.200512311E-1,-9.537802756E-2,1.921235727E-1,2.458062924E-1
4.282864405E2,1.337918955E-1,-1.019842118E-1,1.579571953E-1,2.307629223E-1
4.282964295E2,9.980056912E-2,-7.560215950E-2,1.437455376E-1,1.906269123E-1
4.283064185E2,3.192725927E-2,-4.254726470E-2,1.294725573E-1,1.399741502E-1
4.283164075E2,-3.492980450E-2,1.538811743E-2,8.117864907E-2,8.970428343E-2
4.283263965E2,-1.175644103E-1,1.165794468E-1,3.237530217E-3,1.655978248E-1
4.283363855E2,-2.352826023E-1,1.667321849E-1,-3.985462189E-2,2.911115170E-1
4.283463745E2,-3.315555462E-1,1.574555773E-1,-6.069884934E-2,3.720291512E-1
4.283563635E2,-4.491676113E-1,1.299333179E-1,-6.553332724E-2,4.721533936E-1
4.283663525E2,-4.829440525E-1,1.053206331E-1,-3.884246886E-2,4.958186473E-1
4.283763415E2,-4.835796449E-1,4.017972708E-2,-3.406302787E-2,4.864401024E-1
4.283863305E2,-4.554980993E-1,4.468266785E-2,-6.608998217E-2,4.624315571E-1
4.283963195E2,-4.249782649E-1,4.675199747E-2,-5.067438282E-2,4.305347465E-1
4.284063085E2,-3.920613644E-1,3.364546359E-2,-2.552068435E-2,3.943290960E-1
4.284162975E2,-2.861223882E-1,2.575406134E-2,-1.173594654E-2,2.875187388E-1
4.284262865E2,-1.482090828E-1,4.282793105E-2,-3.868335150E-2,1.590489408E-1
4.284362755E2,-3.263155639E-2,8.787137210E-2,-8.789534569E-2,1.284982035E-1
4.284462645E2,5.025886506E-2,1.863677198E-1,-1.566428143E-1,2.485877144E-1
4.284562535E2,1.096645296E-3,2.125813723E-1,-1.989965361E-1,2.911900820E-1
4.284662415E2,-1.748124522E-1,1.574187398E-1,-2.435084653E-1,3.385800138E-1
4.284762305E2,-4.253261742E-1,1.064403749E-1,-2.380518436E-1,4.988993767E-1
4.284862195E2,-7.201498041E-1,1.843925303E-1,-7.863744915E-2,7.475293934E-1
4.284962085E2,-8.762333322E-1,-8.878178358E-2,-1.165075260E-1,8.883924027E-1
4.285061975E2,-8.430413201E-1,9.373905301E-2,2.176216722E-2,8.485159217E-1
4.285161865E2,-7.793057925E-1,1.373072416E-1,1.188803262E-1,8.001895580E-1
4.285261755E2,-6.174773750E-1,1.407576835E-1,1.838364601E-1,6.594595349E-1
4.285361645E2,-4.289868236E-1,8.504658222E-2,1.351338315E-1,4.577376632E-1
4.285461535E2,-2.834741843E-1,2.615284145E-2,7.479992151E-2,2.943409800E-1
4.285561425E2,-2.118522245E-1,-6.576363444E-2,2.189197540E-3,2.218355544E-1
4.285661315E2,-2.003314555E-1,-1.085886419E-1,-3.739645243E-2,2.309170411E-1
4.285761205E2,-2.318467784E-1,-6.971050501E-2,-4.446273945E-2,2.461491791E-1
4.285861095E2,-2.788358805E-1,2.674925745E-2,-6.841995142E-2,2.883509333E-1
4.285960985E2,-3.267523509E-1,1.181301284E-1,-7.869533658E-2,3.562510099E-1
4.286060875E2,-3.935138127E-1,1.634097970E-1,-6.096423984E-2,4.304329461E-1
4.286160765E2,-4.943601564E-1,2.454690367E-1,6.793733686E-4,5.519487963E-1
4.286260655E2,-5.323498088E-1,2.685012192E-1,8.845784783E-2,6.027553521E-1
4.286360545E2,-5.012502229E-1,3.807122111E-2,-1.506593585E-2,5.029196619E-1
4.286460435E2,-4.776301029E-1,5.600287735E-2,1.284158193E-2,4.810735326E-1
4.286560325E2,-4.685847527E-1,-1.137868166E-3,-6.862584651E-2,4.735847041E-1
4.286660215E2,-4.122781125E-1,-3.950612783E-2,-8.245283045E-2,4.222942640E-1
4.286760095E2,-3.697685623E-1,1.390233994E-2,-7.770189464E-2,3.781000518E-1
4.286859985E2,-2.883197719E-1,1.077156526E-1,-7.123319305E-2,3.159194841E-1
4.286959875E2,-1.944590968E-1,1.602944005E-1,-7.975309789E-2,2.643278112E-1
4.287059765E2,-1.031846452E-1,1.781500429E-1,-5.131399512E-2,2.121735961E-1
4.287159655E2,-3.291017622E-2,1.981989759E-1,-1.160621144E-2,2.012476532E-1
4.287259545E2,2.945622593E-2,1.667316002E-1,3.053934954E-2,1.720457718E-1
4.287359435E2,2.421390474E-2,1.020485312E-1,6.885725006E-2,1.254652812E-1
4.287459325E2,-2.360170126E-2,4.763551176E-2,6.340252876E-2,8.274093869E-2
4.287559215E2,-7.226778477E-2,1.151094568E-1,1.172289994E-1,1.794866514E-1
4.287659105E2,-1.289808065E-1,-2.135695517E-2,7.925023735E-2,1.528815492E-1
4.287758995E2,-1.426141745E-1,3.610070944E-3,8.342156790E-2,1.652603805E-1
4.287858885E2,-1.279011181E-1,4.941014171E-2,1.122712183E-1,1.772142336E-1
4.287958775E2,-9.438107729E-2,3.795836985E-2,9.276198328E-2,1.376713882E-1
4.288058665E2,-1.039842519E-1,8.595407009E-4,8.349699698E-2,1.333612086E-1
4.288158555E2,-5.327105820E-2,2.681006849E-2,1.045972594E-1,1.204042029E-1
4.288258445E2,-3.019502163E-3,5.756174505E-2,1.307446922E-1,1.428868308E-1
4.288358335E2,2.928344071E-2,6.892171562E-2,1.570304847E-1,1.739721124E-1
4.288458225E2,8.362863243E-2,4.409619212E-2,2.047162825E-1,2.254927463E-1
4.288558115E2,1.247719806E-1,2.074241281E-2,2.709786844E-1,2.990447161E-1
4.288658005E2,1.368669462E-1,1.303402841E-2,2.672768122E-1,3.005650366E-1
4.288757885E2,1.442142650E-1,2.358532906E-2,2.238729304E-1,2.673445548E-1
4.288857775E2,1.573535433E-1,5.814880550E-2,2.064605800E-1,2.660214132E-1
4.288957665E2,1.578701448E-1,8.413734019E-2,1.733857316E-1,2.491278518E-1
4.289057555E2,1.813563636E-1,1.365909576E-1,1.163928475E-1,2.551362681E-1
4.289157445E2,1.880213124E-1,8.008697391E-2,3.829633892E-2,2.079243778E-1
4.289257335E2,1.408100161E-1,-1.003674567E-2,-4.125093699E-2,1.470708560E-1
4.289357225E2,8.535794646E-2,-8.895135283E-2,-2.457767464E-2,1.257075347E-1
4.289457115E2,2.191828787E-3,-5.464983165E-2,-2.414900064E-2,5.978781185E-2
4.289557005E2,-3.874979049E-2,8.185517192E-2,1.372926235E-2,9.159862487E-2
4.289656895E2,-4.887132078E-2,1.716648960E-1,5.261909366E-3,1.785635187E-1
4.289756785E2,-2.673902482E-2,2.386769110E-1,-6.387330271E-2,2.485184945E-1
4.289856675E2,-3.706169933E-2,2.163826472E-1,-1.304279923E-1,2.553555966E-1
4.289956565E2,-1.096405560E-1,1.490870422E-1,-1.411669886E-1,2.327576343E-1
4.290056455E2,-2.104804677E-1,1.211969930E-1,-1.234183502E-1,2.724386675E-1
4.290156345E2,-2.907814497E-1,5.137188256E-2,-7.629965924E-2,3.049828844E-1
4.290256235E2,-2.761508390E-1,5.427853346E-2,-7.375100411E-2,2.909375460E-1
4.290356125E2,-1.787888512E-1,6.270729482E-2,-1.225922117E-1,2.256690243E-1
4.290456015E2,-6.628315955E-2,2.003314555E-2,-2.211230580E-1,2.317114389E-1
4.290555905E2,1.244287491E-2,-5.719395518E-2,-2.732789791E-1,2.794769651E-1
4.290655795E2,9.684538633E-2,-9.396066248E-2,-2.471828556E-1,2.816149837E-1
4.290755685E2,1.918655643E-1,-5.164728642E-2,-1.755317328E-1,2.651249256E-1
4.290855565E2,3.336710688E-1,-5.002585351E-2,-1.728472030E-1,3.790977760E-1
4.290955455E2,4.940509848E-1,-7.260487676E-2,-2.653777096E-1,5.654937422E-1
4.291055345E2,6.207395366E-1,-1.406939489E-1,-3.418946660E-1,7.224986659E-1
4.291155235E2,6.622772795E-1,-2.506122476E-1,-4.184483868E-1,8.225063805E-1
4.291255125E2,6.976598047E-1,-3.160010755E-1,-4.412484348E-1,8.839038771E-1
4.291355015E2,6.998012012E-1,-3.211244059E-1,-3.826294401E-1,8.597952626E-1
4.291454905E2,6.943840483E-1,-2.872526550E-1,-3.423100376E-1,8.257478163E-1
4.291554795E2,7.105875599E-1,-2.364309955E-1,-3.082330495E-1,8.098406688E-1
4.291654685E2,7.073078567E-1,-2.305223840E-1,-2.307521065E-1,7.788912044E-1
4.291754580E2,6.896223682E-1,-2.678036463E-1,-1.616146287E-1,7.572430864E-1
4.291854470E2,6.566412945E-1,-2.924139923E-1,-1.410501174E-1,7.325154389E-1
4.291954360E2,5.933504476E-1,-2.962351477E-1,-6.431878746E-2,6.663009251E-1
4.292054250E2,5.579655835E-1,-3.087084281E-1,2.246851087E-2,6.380684289E-1
4.292154140E2,5.546553285E-1,-2.972543174E-1,8.155864500E-2,6.345506089E-1
4.292254030E2,4.940062536E-1,-2.294055659E-1,8.411855601E-2,5.511306776E-1
4.292353920E2,4.969297153E-1,-1.590846115E-1,4.075041533E-2,5.233618747E-1
4.292453810E2,5.898279387E-1,-7.407194316E-2,-1.415442802E-2,5.946292945E-1
4.292553700E2,6.807816705E-1,-5.770441711E-2,-1.559090618E-1,7.007860716E-1
4.292653590E2,6.802609760E-1,-2.274742305E-2,-1.192715049E-1,6.910123968E-1
4.292753480E2,6.477726763E-1,1.590793490E-2,-6.755646385E-2,6.514801443E-1
4.292853370E2,6.090807733E-1,1.511271358E-2,-8.518662304E-4,6.092688308E-1
4.292953250E2,6.121337508E-1,-4.438212097E-2,5.341248773E-2,6.160603829E-1
4.293053140E2,6.213830227E-1,-1.088084972E-1,2.674516439E-3,6.308433268E-1
4.293153030E2,5.957935604E-1,-1.551137674E-1,-5.158530593E-2,6.178116957E-1
4.293252920E2,5.323840150E-1,-1.211741889E-1,-7.612190388E-2,5.512807522E-1
4.293352810E2,3.930615306E-1,-4.878565907E-2,1.039569162E-2,3.962139293E-1
4.293452700E2,2.412125561E-1,4.170351148E-2,1.379843491E-1,2.810024211E-1
4.293552590E2,1.059005307E-1,1.179786855E-1,2.598730677E-1,3.044140338E-1
4.293652480E2,7.493499219E-3,1.137564111E-1,3.237369418E-1,3.432233691E-1
4.293752370E2,7.097642720E-3,1.207555282E-1,3.256068814E-1,3.473501336E-1
4.293852260E2,3.092446178E-2,1.759596759E-1,3.194994646E-1,3.660574242E-1
4.293952150E2,7.953558147E-2,1.976820821E-1,3.082277870E-1,3.747111994E-1
4.294052040E2,1.544869459E-1,1.800843018E-1,3.326651285E-1,4.086106459E-1
4.294151930E2,2.429523951E-1,1.187335610E-1,4.122923651E-1,4.930603605E-1
4.294251820E2,3.142489573E-1,3.229066372E-2,4.726467403E-1,5.684980521E-1
4.294351710E2,3.918627052E-1,-2.247903585E-2,5.093322444E-1,6.430249000E-1
4.294451600E2,4.810730897E-1,-4.788869619E-3,5.195900879E-1,7.081158877E-1
4.294551490E2,5.686915697E-1,-2.288600206E-2,5.408154076E-1,7.851211217E-1
4.294651380E2,6.019065320E-1,-4.710458457E-2,5.333069249E-1,8.055598000E-1
4.294751270E2,5.954753257E-1,-5.923521817E-2,4.988369308E-1,7.790622300E-1
4.294851160E2,6.190676714E-1,-7.656636536E-2,4.643412821E-1,7.776374582E-1
4.294951050E2,6.262515606E-1,-1.050744653E-2,3.998676165E-1,7.430986034E-1
4.295050930E2,6.068614626E-1,3.641178131E-2,3.736463992E-1,7.135953225E-1
4.295150820E2,5.488749173E-1,4.095740676E-2,4.349567942E-1,7.015187787E-1
4.295250710E2,4.466644183E-1,2.689134479E-3,5.217446772E-1,6.868288304E-1
4.295350600E2,3.762816297E-1,6.845920086E-3,6.129215169E-1,7.192409313E-1
4.295450490E2,3.658171602E-1,3.464826107E-2,5.963931559E-1,7.005051699E-1
4.295550380E2,3.919359416E-1,1.058404505E-1,5.423023546E-1,6.774273592E-1
4.295650270E2,4.480390987E-1,1.661872244E-1,4.993755690E-1,6.911824553E-1
4.295750160E2,5.318073334E-1,1.502313423E-1,5.030599362E-1,7.473003382E-1
4.295850050E2,6.172787158E-1,1.132477033E-1,5.378426832E-1,8.265184857E-1
4.295949940E2,6.843698144E-1,8.768952370E-2,5.494862437E-1,8.820355024E-1
4.296049830E2,7.757688117E-1,-2.573067248E-2,4.813036162E-1,9.133085391E-1
4.296149720E2,9.978331983E-1,-1.391169548E-1,4.429611208E-1,1.100563116E0
4.296249610E2,1.126645020E0,-2.005793774E-1,4.174081671E-1,1.218109464E0
4.296349500E2,1.209718460E0,-2.448088861E-1,4.507957320E-1,1.313988940E0
4.296449390E2,1.265531595E0,-2.451006621E-1,4.645238614E-1,1.370192311E0
4.296549280E2,1.243196985E0,-2.673955107E-1,4.636017555E-1,1.353501271E0
4.296649170E2,1.105731284E0,-3.329837286E-1,4.442848939E-1,1.237299035E0
4.296749060E2,9.659410223E-1,-4.583790225E-1,4.692004645E-1,1.167605440E0
4.296848950E2,8.464981940E-1,-5.552896053E-1,5.001463052E-1,1.129182033E0
4.296948840E2,7.304543522E-1,-6.126350033E-1,5.093135333E-1,1.080872556E0
4.297048730E2,6.659320816E-1,-5.903261214E-1,4.937675045E-1,1.017721384E0
4.297148620E2,6.122447017E-1,-6.002283812E-1,4.634783792E-1,9.746434693E-1
4.297248500E2,5.557898346E-1,-6.446900243E-1,4.129034722E-1,9.460532992E-1
4.297348390E2,5.175212699E-1,-7.270661831E-1,3.651551092E-1,9.642570991E-1
4.297448280E2,5.252664918E-1,-9.522564912E-1,3.855244696E-1,1.153831196E0
4.297548170E2,6.376938307E-1,-1.354255491E0,3.654691046E-1,1.540853342E0
4.297648060E2,8.344999999E-1,-1.741030680E0,2.976747139E-1,1.953506671E0
4.297747950E2,9.624917498E-1,-1.901546105E0,2.489907964E-1,2.145754966E0
4.297847840E2,9.483990830E-1,-1.795897443E0,3.376094609E-1,2.058807566E0
4.297947730E2,7.302152011E-1,-1.578545913E0,5.568742372E-1,1.826233926E0
4.298047620E2,4.593096069E-1,-1.335347934E0,7.697034949E-1,1.608279482E0
4.298147510E2,1.693163618E-1,-1.073716024E0,8.939673525E-1,1.407377618E0
4.298247400E2,-1.021037874E-1,-8.465932113E-1,8.975644865E-1,1.238049779E0
4.298347290E2,-3.490182558E-1,-6.401742196E-1,8.271535581E-1,1.102642183E0
4.298447180E2,-5.107794303E-1,-4.824408996E-1,7.098285913E-1,9.987499572E-1
4.298547070E2,-6.156355020E-1,-3.913781172E-1,5.904636041E-1,9.385260624E-1
4.298646960E2,-6.980669171E-1,-2.810347259E-1,4.147424215E-1,8.592375772E-1
4.298746850E2,-7.430682582E-1,-2.089163375E-1,2.390808074E-1,8.080569936E-1
4.298846740E2,-7.652534714E-1,-1.326598746E-1,8.875598274E-2,7.817219086E-1
4.298946630E2,-7.254821724E-1,4.483177185E-2,-9.871744551E-2,7.335389589E-1
4.299046520E2,-5.757101288E-1,3.402635121E-1,-3.349828917E-1,7.479538407E-1
4.299146410E2,-4.381169584E-1,6.232389289E-1,-5.740239380E-1,9.538745794E-1
4.299246300E2,-4.486071557E-1,8.304414475E-1,-8.358735108E-1,1.260779879E0
4.299346180E2,-6.891344181E-1,8.942012411E-1,-1.020128047E0,1.521566081E0
4.299446070E2,-1.084220839E0,8.752445680E-1,-1.022729473E0,1.728456959E0
4.299545960E2,-1.646718307E0,8.003885132E-1,-8.703171194E-1,2.027253029E0
4.299645850E2,-2.277646325E0,7.065295923E-1,-6.082133389E-1,2.461052684E0
4.299745740E2,-2.753286913E0,6.432638884E-1,-3.342796178E-1,2.847124886E0
4.299845630E2,-3.025468954E0,6.781466228E-1,-3.326042444E-1,3.118328209E0
4.299945520E2,-3.056170345E0,7.499311352E-1,-5.740866494E-1,3.198773103E0
4.300045410E2,-2.844470733E0,6.869595462E-1,-1.023779195E0,3.100169512E0
4.300145300E2,-2.487114640E0,5.897431540E-1,-1.258535401E0,2.849113472E0
4.300245190E2,-1.921303993E0,5.042720640E-1,-1.386660175E0,2.422504033E0
4.300345080E2,-1.538446000E0,3.069583565E-1,-1.473873443E0,2.152520024E0
4.300444970E2,-1.160248092E0,7.354627848E-3,-1.358576583E0,1.786605736E0
4.300544860E2,-7.642648534E-1,-2.285325766E-1,-1.294635818E0,1.520660977E0
4.300644750E2,-2.794792204E-1,-4.994399250E-1,-1.218981326E0,1.346649304E0
4.300744640E2,3.218102843E-2,-6.421909243E-1,-9.322031727E-1,1.132452011E0
4.300844530E2,1.322170942E-1,-5.049287063E-1,-6.354315430E-1,8.223184324E-1
4.300944420E2,2.225390343E-1,-1.960957325E-1,-4.738799912E-1,5.590522374E-1
4.301044310E2,4.069989538E-1,1.946760285E-1,-5.200308949E-1,6.884613541E-1
4.301144200E2,6.936677644E-1,5.548311836E-1,-6.993541816E-1,1.130534776E0
4.301244090E2,9.338482869E-1,8.310752857E-1,-8.863121778E-1,1.532419012E0
4.301343980E2,1.098529999E0,1.071554893E0,-9.424144578E-1,1.800872860E0
4.301443870E2,1.085343797E0,1.279867213E0,-9.444858339E-1,1.925638786E0
4.301543760E2,9.452962580E-1,1.380199002E0,-8.081290573E-1,1.857850068E0
4.301643640E2,6.256814571E-1,1.343972577E0,-5.927687958E-1,1.596594632E0
4.301743528E2,1.892135596E-1,1.268223653E0,-4.203370374E-1,1.349398470E0
4.301843418E2,-2.376855156E-1,1.108390013E0,-2.804818717E-1,1.167772626E0
4.301943308E2,-5.545160186E-1,8.179570574E-1,-1.367827463E-1,9.976228156E-1
4.302043197E2,-7.806658548E-1,4.616347522E-1,-1.225751817E-2,9.070259467E-1
4.302143088E2,-9.805842045E-1,1.202398038E-1,1.766587105E-1,1.003599169E0
4.302242978E2,-1.253304190E0,-2.233127671E-1,3.387885520E-1,1.317352522E0
4.302342868E2,-1.588520678E0,-4.274601156E-1,4.270835549E-1,1.699564784E0
4.302442758E2,-1.790676757E0,-4.059932327E-1,5.190155259E-1,1.908069933E0
4.302542648E2,-1.942666065E0,-2.474529970E-1,5.821330029E-1,2.043052436E0
4.302642537E2,-2.070935265E0,-1.193533659E-1,5.735650778E-1,2.152207006E0
4.302742428E2,-2.064634305E0,-3.274440765E-3,5.030090654E-1,2.125027919E0
4.302842318E2,-2.019562798E0,1.751416504E-2,3.707485557E-1,2.053386260E0
4.302942208E2,-1.975451987E0,-9.541486502E-3,2.328840744E-1,1.989154742E0
4.303042098E2,-1.885616243E0,-5.429549038E-2,5.203437209E-2,1.887115310E0
4.303141988E2,-1.643671031E0,-1.225026762E-1,-1.577374130E-2,1.648305243E0
4.303241877E2,-1.409044486E0,-1.202257705E-1,-2.403226098E-1,1.434439109E0
4.303341767E2,-1.093753555E0,-2.167855203E-2,-4.368434349E-1,1.177963915E0
4.303441658E2,-8.084079695E-1,2.472962916E-2,-6.662039772E-1,1.047837172E0
4.303541548E2,-6.376648870E-1,-7.829421759E-4,-7.430106631E-1,9.791230600E-1
4.303641438E2,-8.447068995E-1,8.373797536E-2,-6.375628531E-1,1.061615837E0
4.303741328E2,-1.304625494E0,3.607381225E-1,-5.926407418E-1,1.477634163E0
4.303841218E2,-1.598713252E0,7.425800157E-1,-8.028627625E-1,1.936981610E0
4.303941098E2,-1.827932291E0,1.096401467E0,-9.924277398E-1,2.351243385E0
4.304040988E2,-2.019936142E0,1.354268939E0,-9.579054862E-1,2.613765349E0
4.304140878E2,-2.069454457E0,1.458380368E0,-9.352323228E-1,2.698920997E0
4.304240767E2,-1.929362479E0,1.388744708E0,-1.121486022E0,2.628456265E0
4.304340658E2,-1.643680971E0,1.242980053E0,-1.389851586E0,2.485633517E0
4.304440548E2,-1.377967705E0,1.011159588E0,-1.498895141E0,2.273307139E0
4.304540438E2,-1.223111799E0,7.022084999E-1,-1.383188099E0,1.975426174E0
4.304640328E2,-1.180064598E0,3.373141766E-1,-1.152808094E0,1.683834853E0
4.304740218E2,-1.148952733E0,-2.186186224E-1,-6.544349939E-1,1.340213283E0
4.304840107E2,-1.159071924E0,-9.288769841E-1,-5.135872632E-2,1.486236151E0
4.304939998E2,-1.099991365E0,-1.524049278E0,3.644473037E-1,1.914557140E0
4.305039888E2,-8.872687823E-1,-1.722307311E0,5.372503603E-1,2.010528864E0
4.305139778E2,-6.262932220E-1,-1.478831005E0,4.031333596E-1,1.655808216E0
4.305239668E2,-3.463785303E-1,-9.131468046E-1,4.804540157E-2,9.778156951E-1
4.305339558E2,-8.570907176E-2,-3.184054506E-1,-2.015552777E-1,3.864616487E-1
4.305439447E2,5.482086271E-2,2.387768984E-1,-2.315286899E-1,3.370834740E-1
4.305539338E2,1.852608418E-1,5.909570360E-1,-1.668579000E-1,6.413995297E-1
4.305639228E2,3.494073880E-1,7.423689312E-1,-8.283750415E-2,8.246570225E-1
4.305739118E2,4.346127221E-1,7.520279467E-1,-8.840112984E-3,8.686267314E-1
4.305839008E2,4.490570989E-1,5.090995252E-1,2.721031040E-2,6.793931157E-1
4.305938898E2,4.569113714E-1,2.123065531E-1,1.285250160E-1,5.199622616E-1
4.306038788E2,4.060204223E-1,-3.124693573E-2,2.212571785E-1,4.634476166E-1
4.306138677E2,3.566874638E-1,-1.598798329E-1,2.874327493E-1,4.851856275E-1
4.306238558E2,3.313301361E-1,-1.832634330E-1,3.012967899E-1,4.838852142E-1
4.306338448E2,4.123146576E-1,-1.375972635E-1,3.195187604E-1,5.394706869E-1
4.306438337E2,6.531021211E-1,-5.151338518E-2,2.853441238E-1,7.145748935E-1
4.306538228E2,8.638173544E-1,8.844498396E-2,1.541065845E-1,8.819023622E-1
4.306638118E2,1.115774462E0,1.223243362E-1,3.830949515E-2,1.123113311E0
4.306738008E2,1.277226026E0,7.159564734E-2,-3.157964230E-2,1.279620855E0
4.306837898E2,1.378489569E0,-4.680169880E-2,-2.876479268E-2,1.379583743E0
4.306937788E2,1.376330192E0,-1.548494732E-1,-1.078226566E-3,1.385014194E0
4.307037677E2,1.229553969E0,-2.329179883E-1,9.844050676E-2,1.255286535E0
4.307137568E2,9.334261179E-1,-3.042089957E-1,2.486934838E-1,1.012756575E0
4.307237458E2,6.965010327E-1,-3.706029600E-1,3.409692711E-1,8.594883864E-1
4.307337348E2,5.130700770E-1,-2.702103603E-1,3.848923856E-1,6.959861286E-1
4.307437238E2,3.756374127E-1,-9.579785764E-2,3.919183999E-1,5.512537778E-1
4.307537128E2,3.978483537E-1,6.530638218E-2,3.167509809E-1,5.127176806E-1
4.307637017E2,4.265190062E-1,2.187496001E-1,1.985784602E-1,5.188480076E-1
4.307736908E2,4.663385448E-1,2.454281062E-1,1.463566849E-1,5.469249243E-1
4.307836798E2,5.449996752E-1,1.887288254E-1,1.505485538E-1,5.960772454E-1
4.307936688E2,6.160114780E-1,1.078758663E-1,1.085434721E-1,6.347354007E-1
4.308036578E2,6.451317814E-1,8.906478882E-3,1.311255652E-1,6.583830607E-1
4.308136468E2,5.356201565E-1,-5.246706605E-2,1.466893914E-1,5.578167465E-1
4.308236357E2,4.945221242E-1,-1.332171142E-1,2.380597374E-1,5.647755036E-1
4.308336248E2,4.154204062E-1,-1.267495090E-1,2.897545324E-1,5.221084571E-1
4.308436138E2,3.014754224E-1,-2.945651829E-2,2.377990977E-1,3.851019705E-1
4.308536017E2,9.611360729E-2,-1.327551842E-2,1.317746061E-1,1.636417175E-1
4.308635908E2,-1.300812525E-1,-6.609224796E-2,9.355545044E-3,1.462082204E-1
4.308735798E2,-3.161729836E-1,-4.292031705E-2,-9.590617731E-2,3.331748851E-1
4.308835688E2,-3.975495610E-1,1.019625771E-1,-2.021826839E-1,4.575148722E-1
4.308935578E2,-3.943239444E-1,3.530923033E-1,-2.703118095E-1,5.943349410E-1
4.309035468E2,-3.529662958E-1,6.053505421E-1,-1.558201110E-1,7.178540184E-1
4.309135358E2,-2.345139858E-1,6.033776915E-1,1.209847391E-2,6.474626022E-1
4.309235247E2,-1.463312495E-1,3.340116692E-1,1.153693655E-1,3.824744700E-1
4.309335138E2,-3.800163925E-2,-5.919019461E-2,2.162145397E-1,2.273682715E-1
4.309435028E2,8.178061992E-2,-3.264056110E-1,2.682407257E-1,4.303275260E-1
4.309534918E2,3.189229292E-1,-3.827961588E-1,3.627437174E-1,6.163016619E-1
4.309634808E2,5.117430514E-1,-3.721360999E-1,3.796006554E-1,7.378772833E-1
4.309734698E2,6.823262125E-1,-3.205899704E-1,2.318801075E-1,7.887429072E-1
4.309834587E2,8.305797341E-1,-1.805550027E-1,-3.510229737E-3,8.499853678E-1
4.309934478E2,9.178649229E-1,-4.935459316E-2,-2.878117950E-1,9.631965126E-1
4.310034368E2,9.439996380E-1,-9.173579693E-2,-4.775950196E-1,1.061907612E0
4.310134258E2,8.638594544E-1,-2.665798241E-1,-5.933274972E-1,1.081367411E0
4.310234148E2,7.653169137E-1,-3.820974165E-1,-5.769495924E-1,1.031784496E0
4.310334038E2,7.313440061E-1,-2.988734114E-1,-3.452216586E-1,8.621875462E-1
4.310433927E2,7.543735573E-1,-1.172203016E-1,-2.247891891E-1,7.958330494E-1
4.310533818E2,8.620327842E-1,6.183196664E-2,-3.002138856E-1,9.149055089E-1
4.310633708E2,9.603472835E-1,7.894735157E-2,-4.700661448E-1,1.072129549E0
4.310733598E2,9.811668795E-1,-9.017926812E-2,-5.496441185E-1,1.128241731E0
4.310833478E2,1.003571217E0,-3.130055469E-1,-4.780129494E-1,1.154826411E0
4.310933368E2,1.027094273E0,-3.944379652E-1,-2.656964560E-1,1.131856246E0
4.311033258E2,1.139399259E0,-3.058099633E-1,-6.262367964E-2,1.181385683E0
4.311133148E2,1.302681879E0,-2.413444108E-1,3.094609648E-2,1.325211253E0
4.311233038E2,1.491744581E0,-3.263418764E-1,-9.818527579E-2,1.530176873E0
4.311332927E2,1.690125551E0,-3.983520913E-1,-2.678850688E-1,1.756977854E0
4.311432818E2,1.815239740E0,-3.544184518E-1,-4.607290184E-1,1.906037508E0
4.311532708E2,1.968259181E0,-1.880780303E-1,-5.605423053E-1,2.055146035E0
4.311632598E2,2.124538445E0,-6.120865345E-3,-5.526095340E-1,2.195239934E0
4.311732488E2,2.402845737E0,1.200866067E-1,-6.081566209E-1,2.481520281E0
4.311832378E2,2.761128321E0,5.515678525E-2,-8.585419965E-1,2.892052254E0
4.311932268E2,3.013078997E0,-4.942294711E-1,-1.066118006E0,3.234117409E0
4.312032158E2,3.023059024E0,-1.413025271E0,-1.020456222E0,3.489535382E0
4.312132048E2,2.878862593E0,-2.152499245E0,-7.089947784E-1,3.663847217E0
4.312231938E2,2.679828635E0,-2.303876642E0,-3.947794425E-1,3.556006173E0
4.312331828E2,2.476947793E0,-1.880080392E0,-2.532740463E-1,3.119955191E0
4.312431718E2,2.392230409E0,-1.330242730E0,-2.460638447E-1,2.748246617E0
4.312531608E2,2.241487436E0,-9.166288215E-1,-4.286402299E-1,2.459310222E0
4.312631498E2,2.023942070E0,-8.030922657E-1,-7.808500421E-1,2.313228367E0
4.312731388E2,1.779525824E0,-6.919115531E-1,-1.227655086E0,2.269931886E0
4.312831278E2,1.681732166E0,-5.292548776E-1,-1.582841277E0,2.369329085E0
4.312931168E2,1.720243390E0,-4.009669662E-1,-1.866542480E0,2.569823468E0
4.313031058E2,1.840621480E0,-4.078731126E-1,-2.105968273E0,2.826543875E0
4.313130948E2,1.895828552E0,-5.444430202E-1,-2.230157286E0,2.977278223E0
4.313230828E2,1.866262398E0,-5.444629008E-1,-2.272248614E0,2.990399464E0
4.313330718E2,1.772706070E0,-4.953404421E-1,-2.263771175E0,2.917620417E0
4.313430608E2,1.678636211E0,-5.529092038E-1,-2.082711411E0,2.731522458E0
4.313530498E2,1.747153299E0,-5.756729990E-1,-1.972479848E0,2.697150497E0
4.313630388E2,1.936065727E0,-6.477954805E-1,-1.936531312E0,2.813919510E0
4.313730278E2,2.265978352E0,-7.821001768E-1,-2.032859512E0,3.143064806E0
4.313830168E2,2.500608552E0,-9.302487409E-1,-2.217774637E0,3.469427934E0
4.313930058E2,2.497019238E0,-9.982881117E-1,-2.417215123E0,3.615883458E0
4.314029948E2,2.264841507E0,-9.057839906E-1,-2.574583431E0,3.546608455E0
4.314129838E2,1.934060571E0,-8.150632703E-1,-2.478441172E0,3.247705201E0
4.314229728E2,1.659966636E0,-9.020464504E-1,-2.555847490E0,3.178290960E0
4.314329618E2,1.362327426E0,-1.103331587E0,-2.696433558E0,3.216213696E0
4.314429508E2,1.117934715E0,-1.056869611E0,-2.823649090E0,3.215547478E0
4.314529398E2,9.320283410E-1,-8.546009731E-1,-3.369998302E0,3.599431651E0
4.314629288E2,5.413675310E-1,-7.392903721E-1,-3.831464655E0,3.939511449E0
4.314729178E2,2.234133393E-2,-4.507495755E-1,-4.081721976E0,4.106595744E0
4.314829068E2,-7.950096595E-1,-2.542644185E-1,-3.732923868E0,3.825102791E0
4.314928958E2,-1.661781320E0,-6.917373061E-2,-3.059759658E0,3.482589744E0
4.315028848E2,-2.203947434E0,2.913784504E-2,-2.382893575E0,3.245984457E0
4.315128738E2,-2.569171248E0,1.194001436E-1,-1.767509796E0,3.120735198E0
4.315228628E2,-3.073619313E0,1.365319008E-1,-1.348970046E0,3.359389354E0
4.315328518E2,-3.303358170E0,2.818521667E-1,-1.118021693E0,3.498798130E0
4.315428408E2,-2.818808180E0,4.059382689E-1,-7.868283816E-1,2.954583615E0
4.315528298E2,-1.822004676E0,1.545074111E-1,-2.758615480E-1,1.849235835E0
4.315628188E2,-7.697014484E-1,-2.529850477E-1,1.304266767E-1,8.206417440E-1
4.315728068E2,3.100442246E-1,-4.249849892E-1,3.268231022E-1,6.193165607E-1
4.315827958E2,1.245349345E0,-3.966487974E-1,2.747507232E-1,1.335557269E0
4.315927848E2,1.967692294E0,-2.388546664E-1,-6.206658617E-2,1.983107858E0
4.316027738E2,2.517699670E0,-6.935440958E-2,-4.856837654E-1,2.565055630E0
4.316127628E2,2.946654627E0,-7.693707883E-2,-8.043770452E-1,3.055440268E0
4.316227518E2,2.942379143E0,-1.359319764E-1,-1.127403989E0,3.153904291E0
4.316327408E2,3.162766548E0,-3.419820088E-1,-1.669557239E0,3.592696105E0
4.316427298E2,2.919329711E0,-6.228401488E-1,-1.631228010E0,3.401664391E0
4.316527188E2,2.153783002E0,-7.710430920E-1,-1.577084255E0,2.778575789E0
4.316627078E2,8.754302171E-1,-8.186914676E-1,-1.911610333E0,2.256299592E0
4.316726968E2,-9.542022984E-1,-3.769559598E-1,-2.230310044E0,2.454970614E0
4.316826858E2,-1.853229977E0,8.770823479E-5,-2.264924830E0,2.926490363E0
4.316926748E2,-2.574019175E0,1.801340032E-1,-2.363916437E0,3.499446226E0
4.317026638E2,-3.400448847E0,4.140834403E-1,-2.362434168E0,4.161203270E0
4.317126528E2,-4.373235497E0,6.794008505E-1,-2.420367796E0,5.044299208E0
4.317226418E2,-5.375172272E0,9.867445385E-1,-2.047916531E0,5.836103482E0
4.317326308E2,-5.873308852E0,1.222182092E0,-1.364840705E0,6.152420344E0
4.317426198E2,-5.800957745E0,1.109231427E0,-9.690024783E-1,5.985020545E0
4.317526088E2,-5.007749612E0,6.362267643E-1,-9.749770170E-1,5.141295640E0
4.317625978E2,-3.626140262E0,3.084172368E-2,-1.127098179E0,3.797393148E0
4.317725868E2,-2.531753161E0,-3.102760667E-1,-1.250182800E0,2.840598940E0
4.317825758E2,-1.806589662E0,-3.116285276E-1,-1.139070354E0,2.158323381E0
4.317925648E2,-1.228585670E0,-1.539302909E-1,-1.106259288E0,1.660399619E0
4.318025538E2,-8.721962683E-1,2.472670555E-2,-1.051503183E0,1.366380871E0
4.318125418E2,-8.238855493E-1,1.423399401E-1,-9.299283135E-1,1.250525779E0
4.318225308E2,-1.066304825E0,2.477745938E-1,-6.689882751E-1,1.282943311E0
4.318325198E2,-1.412610411E0,3.987040937E-1,-3.513334608E-1,1.509260855E0
4.318425088E2,-1.734461918E0,4.596829516E-1,-3.663748384E-2,1.794716932E0
4.318524978E2,-1.969567788E0,4.103096473E-1,7.359320238E-2,2.013198261E0
4.318624868E2,-2.004266774E0,3.857864249E-1,2.940096974E-2,2.041269429E0
4.318724758E2,-1.872825167E0,4.657547003E-1,1.602663338E-2,1.929937408E0
4.318824648E2,-1.709641511E0,4.339417541E-1,9.675731264E-2,1.766505454E0
4.318924538E2,-1.619165935E0,2.859346926E-1,1.699902534E-1,1.652983261E0
4.319024428E2,-1.598486818E0,1.254368091E-1,1.707631092E-1,1.612468462E0
4.319124318E2,-1.430812647E0,2.476822078E-2,4.097136699E-2,1.431613407E0
4.319224208E2,-1.160292384E0,-5.596954823E-3,-2.219499274E-1,1.181343097E0
4.319324098E2,-8.674723028E-1,-3.615391910E-2,-4.447750367E-1,9.755204433E-1
4.319423988E2,-6.194456939E-1,-3.720758736E-2,-5.720735262E-1,8.440174712E-1
4.319523878E2,-2.362826224E-1,-1.275406373E-1,-4.436417732E-1,5.185692960E-1
4.319623768E2,9.823322296E-3,-1.442660129E-1,-4.010540897E-1,4.263256537E-1
4.319723658E2,1.043378623E-1,-2.245798588E-2,-1.701959293E-1,2.008915254E-1
4.319823548E2,1.378824614E-1,1.219635630E-1,1.800113578E-1,2.574699454E-1
4.319923438E2,7.303011551E-2,1.654095447E-1,5.146779151E-1,5.455154183E-1
4.320023328E2,4.552466691E-2,1.838066393E-1,6.133834469E-1,6.419475282E-1
4.320123218E2,1.018459252E-1,1.245363379E-1,5.415784693E-1,5.649682560E-1
4.320223108E2,2.248760203E-1,-9.838525057E-3,3.762110245E-1,4.384070666E-1
4.320322998E2,4.637707400E-1,-1.726150686E-1,1.784687161E-1,5.260516551E-1
4.320422888E2,6.869171539E-1,-2.367549312E-1,-5.480127454E-2,7.286365716E-1
4.320522778E2,8.676595598E-1,-2.364584774E-1,-2.588778716E-1,9.358223527E-1
4.320622668E2,9.194900103E-1,-2.555198157E-1,-2.188262717E-1,9.791001953E-1
4.320722558E2,7.647226904E-1,-1.940234792E-1,-1.574065337E-1,8.045015355E-1
4.320822438E2,4.958422793E-1,-1.402326035E-1,-1.581661601E-1,5.390188153E-1
4.320922328E2,1.193282229E-1,1.024233377E-1,-1.738809907E-1,2.344447991E-1
4.321022218E2,-2.861583486E-1,2.884881717E-1,-5.586663723E-2,4.101622933E-1
4.321122108E2,-6.204837209E-1,3.669566363E-1,-6.069059014E-2,7.234228145E-1
4.321221998E2,-8.654548672E-1,2.615564811E-1,-1.864174211E-1,9.231334545E-1
4.321321888E2,-9.288316682E-1,6.577825248E-2,-1.996865076E-1,9.523285923E-1
4.321421778E2,-8.491390890E-1,-4.264608264E-2,-2.226508623E-1,8.788795636E-1
4.321521668E2,-6.036817467E-1,-3.393723965E-3,-2.079761052E-1,6.385117297E-1
4.321621558E2,-3.643530174E-1,-2.904896736E-3,-1.537477847E-1,3.954743241E-1
4.321721440E2,-2.558199240E-1,-1.124846417E-1,-1.606914995E-1,3.223637482E-1
4.321821330E2,-2.149398467E-1,-1.950286156E-1,-2.208980133E-1,3.647344662E-1
4.321921220E2,-2.697656795E-1,-1.765847433E-1,-2.955043919E-1,4.373540203E-1
4.322021110E2,-3.296037456E-1,-1.493250239E-1,-3.612175941E-1,5.112873382E-1
4.322121000E2,-3.780004187E-1,-9.299938023E-2,-3.840381805E-1,5.468258638E-1
4.322220890E2,-4.472036777E-1,1.149445653E-2,-4.110990945E-1,6.075571722E-1
4.322320780E2,-4.742455883E-1,2.023534226E-1,-2.946161268E-1,5.938471587E-1
4.322420670E2,-4.375627886E-1,3.024308574E-1,-1.062030510E-1,5.424064025E-1
4.322520560E2,-4.282943670E-1,2.819960082E-1,1.454195224E-2,5.130002747E-1
4.322620450E2,-3.742840746E-1,1.867232305E-1,9.927987456E-2,4.298960651E-1
4.322720340E2,-2.839251508E-1,6.979412019E-2,2.025755437E-1,3.556986947E-1
4.322820230E2,-2.052986652E-1,-4.626317024E-3,2.290798759E-1,3.076467687E-1
4.322920120E2,-2.508718640E-2,-5.952173173E-2,1.420955265E-1,1.560876104E-1
4.323020010E2,1.068311150E-1,-1.368687004E-1,-9.510569349E-3,1.738861099E-1
4.323119900E2,1.210154369E-1,-1.969277912E-1,-1.747756147E-1,2.897788923E-1
4.323219790E2,1.509252606E-1,-2.562045246E-1,-3.013047568E-1,4.233246381E-1
4.323319670E2,1.082804936E-1,-1.806491429E-1,-3.937088174E-1,4.465035397E-1
4.323419560E2,-7.532821745E-3,-1.026864624E-1,-3.576425334E-1,3.721685568E-1
4.323519450E2,-1.921416990E-1,2.056231856E-2,-2.737473410E-1,3.350803608E-1
4.323619340E2,-3.482527091E-1,1.495097959E-1,-1.509657526E-1,4.079507163E-1
4.323719230E2,-4.135313170E-1,1.305782658E-1,7.589612827E-3,4.337239166E-1
4.323819120E2,-4.634962133E-1,1.327241939E-1,4.311444461E-2,4.840488681E-1
4.323919010E2,-4.396154536E-1,2.036748934E-1,-1.067584634E-2,4.846227223E-1
4.324018900E2,-3.921113580E-1,2.833741969E-1,-7.201547742E-2,4.891201095E-1
4.324118790E2,-3.081867103E-1,1.814519656E-1,-9.804494262E-2,3.708324082E-1
4.324218680E2,-2.533506449E-1,8.611779213E-3,-7.222012997E-2,2.635838750E-1
4.324318570E2,-2.428708264E-1,-1.857449913E-1,4.426342249E-3,3.057891964E-1
4.324418460E2,-2.236216463E-1,-2.760751176E-1,3.193222940E-2,3.567124592E-1
4.324518350E2,-2.435891569E-1,-2.371168739E-1,-1.006153786E-1,3.545187493E-1
4.324618240E2,-2.668034801E-1,-1.646032137E-1,-3.121242984E-1,4.423798058E-1
4.324718130E2,-3.244310063E-1,-8.495127261E-2,-5.085048634E-1,6.091382377E-1
4.324818020E2,-3.969280019E-1,-5.796169460E-2,-6.428014467E-1,7.576972328E-1
4.324917910E2,-4.792991906E-1,-1.459815860E-2,-7.094263029E-1,8.562864589E-1
4.325017800E2,-5.744326584E-1,1.226172817E-1,-7.078206575E-1,9.197923461E-1
4.325117690E2,-6.050184202E-1,2.292511994E-1,-5.686499814E-1,8.613746006E-1
4.325217580E2,-6.968558125E-1,2.108225298E-1,-4.073264344E-1,8.342475572E-1
4.325317470E2,-7.670821881E-1,1.339328134E-1,-2.677024895E-1,8.234183048E-1
4.325417360E2,-8.476638365E-1,8.406132638E-2,-1.224336791E-1,8.605755586E-1
4.325517250E2,-8.629502124E-1,1.472211957E-2,-5.663956605E-2,8.649322807E-1
4.325617140E2,-7.969453803E-1,8.590144515E-3,-9.643988192E-2,8.028053192E-1
4.325717030E2,-6.824412565E-1,-4.617780089E-2,-2.355650228E-1,7.234288755E-1
4.325816920E2,-4.921591182E-1,-1.469954932E-1,-3.337169695E-1,6.125318672E-1
4.325916800E2,-3.650714940E-1,-1.981276399E-1,-3.902555249E-1,5.699395864E-1
4.326016690E2,-2.179005843E-1,-2.320409060E-1,-3.595745265E-1,4.802264953E-1
4.326116580E2,-1.054707603E-1,-2.458315641E-1,-2.556238961E-1,3.700011019E-1
4.326216470E2,-3.405140653E-2,-2.076299500E-1,-2.405650135E-1,3.195954007E-1
4.326316360E2,1.176313609E-3,-1.099855417E-1,-2.920520496E-1,3.120778794E-1
4.326416250E2,8.844527632E-2,-7.964258552E-2,-3.496874696E-1,3.693871069E-1
4.326516140E2,1.914932428E-1,-1.194866824E-1,-4.122211021E-1,4.699712399E-1
4.326616030E2,3.289874491E-1,-1.575128800E-1,-4.486960334E-1,5.782483717E-1
4.326715920E2,4.356479716E-1,-1.566515851E-1,-3.921311655E-1,6.067089296E-1
4.326815810E2,4.755312449E-1,-1.452834284E-1,-3.458323272E-1,6.056708991E-1
4.326915700E2,4.143429105E-1,-1.249854040E-1,-2.824695595E-1,5.168079438E-1
4.327015590E2,3.628730871E-1,-1.237592429E-1,-2.451159014E-1,4.550549776E-1
4.327115480E2,2.757789561E-1,-1.310852194E-1,-2.265223404E-1,3.801969727E-1
4.327215370E2,2.432984041E-1,-7.472449243E-2,-2.435371532E-1,3.522615622E-1
4.327315260E2,2.384536935E-1,2.356135547E-2,-2.652910978E-1,3.574838010E-1
4.327415150E2,3.243500224E-1,3.572941124E-2,-1.738540936E-1,3.697360865E-1
4.327515040E2,3.920109321E-1,3.255320370E-2,-1.218536353E-1,4.118016396E-1
4.327614930E2,4.988910176E-1,1.786558270E-2,-8.140902936E-2,5.058051567E-1
4.327714820E2,7.030154157E-1,-5.181451678E-2,-8.157735609E-2,7.096268624E-1
4.327814710E2,9.346614884E-1,-1.290579897E-1,-1.076922637E-1,9.496555619E-1
4.327914600E2,1.198261133E0,-2.628855532E-1,-1.749060076E-1,1.239165311E0
4.328014490E2,1.372285673E0,-3.896888566E-1,-2.905393019E-1,1.455829131E0
4.328114380E2,1.523942566E0,-4.708429474E-1,-4.225290855E-1,1.650037834E0
4.328214270E2,1.654597869E0,-5.689299899E-1,-5.862302200E-1,1.845275403E0
4.328314160E2,1.672118612E0,-7.349400437E-1,-7.853624115E-1,1.988193059E0
4.328414050E2,1.474525846E0,-8.332755929E-1,-9.275965170E-1,1.931064469E0
4.328513940E2,1.142842246E0,-6.922419208E-1,-9.167977329E-1,1.620433695E0
4.328613830E2,7.679255028E-1,-2.890120822E-1,-7.225065974E-1,1.093276427E0
4.328713710E2,3.961832128E-1,5.125903130E-2,-3.605551777E-1,5.381344280E-1
4.328813600E2,1.053606865E-1,1.639500797E-1,-7.643070996E-2,2.093374221E-1
4.328913490E2,4.541590869E-2,9.288594425E-2,1.133305876E-1,1.534086878E-1
4.329013380E2,1.078628562E-1,-9.614869058E-2,1.632308722E-1,2.179983580E-1
4.329113270E2,2.236973678E-1,-2.839559948E-1,-5.794598021E-2,3.661000628E-1
4.329213160E2,3.437214093E-1,-3.547236764E-1,-2.737947766E-1,5.647449632E-1
4.329313050E2,4.870759875E-1,-4.370746922E-1,-4.961129323E-1,8.212218615E-1
4.329412940E2,7.612580690E-1,-5.447546768E-1,-7.651683214E-1,1.209030217E0
4.329512830E2,1.063410014E0,-6.664656401E-1,-9.611139265E-1,1.580745801E0
4.329612720E2,1.162465648E0,-6.629912245E-1,-1.020484800E0,1.682935820E0
4.329712610E2,9.999186078E-1,-5.471496964E-1,-9.217626768E-1,1.465897829E0
4.329812500E2,6.561564142E-1,-3.443589020E-1,-7.789486007E-1,1.075121024E0
4.329912390E2,1.978993061E-1,-1.230745339E-1,-6.164643449E-1,6.590445848E-1
4.330012280E2,-3.176722097E-1,-5.803361535E-3,-5.216809791E-1,6.108194134E-1
4.330112170E2,-7.728156754E-1,-1.190376163E-2,-5.523706021E-1,9.499994999E-1
4.330212060E2,-1.133232493E0,-2.428699493E-2,-7.109003860E-1,1.337977990E0
4.330311950E2,-1.364397779E0,4.571762502E-2,-8.561417875E-1,1.611412474E0
4.330411840E2,-1.496084677E0,1.506973654E-1,-8.320097438E-1,1.718493314E0
4.330511730E2,-1.431072117E0,1.783997190E-1,-6.590788525E-1,1.585616220E0
4.330611620E2,-1.170300040E0,1.964746320E-1,-5.728845350E-1,1.317725751E0
4.330711510E2,-7.054004949E-1,1.176459789E-1,-6.444930462E-1,9.627054177E-1
4.330811400E2,-1.981448892E-1,-1.341994464E-2,-8.566891600E-1,8.794076466E-1
4.330911290E2,2.202780622E-1,-1.373797470E-1,-9.882018109E-1,1.021733056E0
4.331011180E2,3.587734580E-1,-1.367926866E-1,-9.851045407E-1,1.057289738E0
4.331111070E2,2.800377756E-1,-3.690411687E-2,-9.685977048E-1,1.008942309E0
4.331210960E2,8.374382257E-3,7.056536794E-2,-9.013028307E-1,9.040997700E-1
4.331310850E2,-3.437121999E-1,1.322979319E-1,-7.326420879E-1,8.200032001E-1
4.331410730E2,-6.974020886E-1,1.497530401E-1,-5.672378057E-1,9.113475597E-1
4.331510620E2,-1.004749577E0,1.617725766E-1,-4.274794114E-1,1.103825497E0
4.331610510E2,-1.205630086E0,1.280458367E-1,-4.223742805E-1,1.283876814E0
4.331710400E2,-1.222107248E0,1.467861629E-1,-5.603129482E-1,1.352421126E0
4.331810295E2,-1.107216477E0,1.267296284E-1,-7.075511739E-1,1.320082342E0
4.331910185E2,-9.621569967E-1,8.948695779E-2,-8.558991281E-1,1.290859140E0
4.332010075E2,-7.867837965E-1,6.105779529E-2,-9.773775914E-1,1.256194154E0
4.332109965E2,-6.495823896E-1,-2.794267416E-2,-9.699289696E-1,1.167690147E0
4.332209855E2,-5.253679410E-1,-1.094195312E-1,-8.960963237E-1,1.044496400E0
4.332309745E2,-2.871169996E-1,-7.124890745E-2,-8.740846266E-1,9.227873605E-1
4.332409635E2,-1.240156433E-1,-4.901545465E-2,-8.821442825E-1,8.921664249E-1
4.332509525E2,-4.289283514E-2,-7.183947623E-2,-9.519261235E-1,9.555961753E-1
4.332609415E2,9.133643210E-3,-1.241293716E-1,-1.022901235E0,1.030445758E0
4.332709305E2,-5.758630335E-3,-1.028729886E-1,-1.038918659E0,1.044015323E0
4.332809195E2,-4.606670380E-2,-9.926759541E-2,-9.856733286E-1,9.917298561E-1
4.332909085E2,-1.209698287E-1,-3.099609017E-2,-1.004169241E0,1.011904305E0
4.333008975E2,-1.730460083E-1,6.803761661E-2,-9.990185751E-1,1.016175256E0
4.333108865E2,-2.600476071E-1,1.038190681E-1,-1.015333476E0,1.053235598E0
4.333208755E2,-4.177011126E-1,1.645084888E-1,-1.037731967E0,1.130674532E0
4.333308645E2,-5.161565298E-1,2.046437770E-1,-1.005730594E0,1.148821425E0
4.333408535E2,-6.815628585E-1,2.625312120E-1,-9.640526640E-1,1.209482578E0
4.333508425E2,-7.478264299E-1,2.879519820E-1,-8.656646360E-1,1.179633831E0
4.333608315E2,-7.719546729E-1,2.638591146E-1,-8.431838460E-1,1.173241087E0
4.333708205E2,-7.710737899E-1,2.656793529E-1,-8.307187517E-1,1.164145160E0
4.333808095E2,-6.899685234E-1,2.948540354E-1,-9.596198899E-1,1.218140303E0
4.333907985E2,-5.374436107E-1,4.339680666E-1,-1.093985543E0,1.293823128E0
4.334007875E2,-3.482946628E-1,5.336970073E-1,-1.199760359E0,1.358516318E0
4.334107765E2,-2.402936661E-1,6.323412895E-1,-1.299914392E0,1.465392091E0
4.334207655E2,-1.339269662E-1,6.584567088E-1,-1.237685546E0,1.408320695E0
4.334307535E2,-1.893766969E-2,6.012732786E-1,-9.790215361E-1,1.149074131E0
4.334407425E2,1.477208403E-1,4.621960849E-1,-5.844211645E-1,7.596017148E-1
4.334507315E2,5.130580902E-1,1.981504440E-1,-2.179964787E-1,5.916203742E-1
4.334607205E2,1.074529372E0,-1.557669014E-1,-8.376136422E-2,1.088986990E0
4.334707095E2,1.504838836E0,-4.856510210E-1,-8.723402560E-2,1.583668719E0
4.334806985E2,1.669271895E0,-6.715223122E-1,-7.044725418E-2,1.800659238E0
4.334906875E2,1.725042638E0,-6.364565599E-1,-4.091530681E-2,1.839163701E0
4.335006765E2,1.726444508E0,-5.511924613E-1,-1.343222380E-2,1.812347702E0
4.335106655E2,1.712874875E0,-4.248873407E-1,3.928130239E-2,1.765223105E0
4.335206545E2,1.668959362E0,-2.243670201E-1,6.486871809E-2,1.685222199E0
4.335306435E2,1.545785425E0,-1.354548436E-1,1.697475940E-2,1.551801771E0
4.335406325E2,1.550277548E0,-4.706891656E-2,2.282986879E-2,1.551159941E0
4.335506215E2,1.425461129E0,-1.949046546E-1,2.088490945E-1,1.453803700E0
4.335606105E2,1.454346374E0,-9.507748067E-2,5.112407756E-1,1.544516181E0
4.335705995E2,1.629834765E0,-1.047195393E-1,7.377116239E-1,1.792078676E0
4.335805885E2,1.915498146E0,-3.755923891E-1,9.525897825E-1,2.172010609E0
4.335905775E2,2.136404784E0,-7.355896693E-1,1.082366687E0,2.505361293E0
4.336005665E2,2.270506875E0,-9.215059841E-1,1.226075461E0,2.740006529E0
4.336105555E2,2.435430808E0,-7.755062717E-1,1.310017211E0,2.872086052E0
4.336205445E2,2.451471767E0,-4.456092882E-1,1.501219409E0,2.908941591E0
4.336305335E2,2.425297583E0,-5.427970290E-2,1.631367320E0,2.923418202E0
4.336405225E2,2.249384685E0,1.987544614E-1,1.643016435E0,2.792622030E0
4.336505115E2,2.199606461E0,2.800553173E-1,1.707177055E0,2.798419744E0
4.336605005E2,2.006193431E0,1.244924837E-1,1.972236311E0,2.816030278E0
4.336704895E2,1.670504488E0,-3.212928057E-2,2.158626250E0,2.729704164E0
4.336804785E2,1.529697688E0,-3.875259715E-1,1.924692601E0,2.488893932E0
4.336904675E2,1.024673672E0,-8.279669058E-1,1.804931391E0,2.234560955E0
4.337004565E2,6.390775743E-1,-1.062629703E0,1.980495211E0,2.336656439E0
4.337104455E2,9.962211210E-1,-1.152947550E0,1.985853015E0,2.503069470E0
4.337204335E2,9.313608813E-1,-1.308257200E0,1.515647998E0,2.208202628E0
4.337304225E2,9.259431437E-1,-9.814528084E-1,9.727082974E-1,1.663364588E0
4.337404115E2,1.057486785E0,-8.134318972E-1,4.674772900E-1,1.413677745E0
4.337504005E2,1.073561365E0,-4.838114870E-1,1.432322252E-1,1.186222167E0
4.337603895E2,9.696917188E-1,-1.393561059E-1,-3.502862245E-2,9.802801427E-1
4.337703785E2,9.092782867E-1,9.674510658E-2,-1.344494149E-1,9.242419940E-1
4.337803675E2,8.532005650E-1,3.043697941E-1,-1.353729826E-1,9.159246804E-1
4.337903565E2,7.435287264E-1,4.419769979E-1,-3.605977893E-2,8.657245181E-1
4.338003455E2,5.040101087E-1,4.865953463E-1,1.251336309E-1,7.116597827E-1
4.338103345E2,1.341026750E-1,5.277416182E-1,2.534841076E-1,6.006237889E-1
4.338203235E2,-3.276472673E-1,4.553875870E-1,2.639766437E-1,6.200114955E-1
4.338303125E2,-7.245565581E-1,3.783639693E-1,2.250464666E-1,8.478133116E-1
4.338403015E2,-1.060433197E0,2.898657757E-1,1.862580845E-1,1.115003501E0
4.338502905E2,-1.336186133E0,1.944199204E-1,1.427603549E-1,1.357782385E0
4.338602795E2,-1.486371867E0,1.361418915E-1,6.707662672E-2,1.494100135E0
4.338702685E2,-1.488992881E0,1.646529150E-1,-3.921259761E-2,1.498582000E0
4.338802575E2,-1.230256512E0,2.106003356E-1,-1.687523979E-1,1.259508221E0
4.338902465E2,-9.316944650E-1,2.282074714E-1,-2.089464507E-1,9.817290081E-1
4.339002355E2,-6.410624117E-1,1.769326526E-1,-2.637573731E-1,7.154258390E-1
4.339102245E2,-4.019978303E-1,1.205958992E-1,-3.559638709E-1,5.503234538E-1
4.339202135E2,-7.950517595E-2,1.070736283E-1,-4.899884856E-1,5.078135001E-1
4.339302025E2,1.826255018E-1,1.454097283E-1,-4.808317459E-1,5.345046593E-1
4.339401915E2,2.618143433E-1,2.448615110E-1,-3.573800665E-1,5.061861534E-1
4.339501805E2,4.127453050E-1,3.620093071E-1,-3.487840748E-1,6.504304391E-1
4.339601695E2,5.643387562E-1,3.936860132E-1,-2.698405239E-1,7.391081227E-1
4.339701585E2,6.013747278E-1,4.212123656E-1,-1.977186272E-1,7.603710119E-1
4.339801475E2,5.923858032E-1,4.584567904E-1,-1.362854406E-1,7.613654115E-1
4.339901365E2,5.020565540E-1,4.852078021E-1,1.970160842E-2,6.984808859E-1
4.340001255E2,3.893593660E-1,4.730192810E-1,1.827211037E-1,6.393238286E-1
4.340101145E2,3.306243771E-1,4.237980044E-1,2.465320605E-1,5.913503903E-1
4.340201035E2,3.587757969E-1,3.838685381E-1,2.899394506E-1,6.001166654E-1
4.340300915E2,3.613345385E-1,3.398583001E-1,3.500280699E-1,6.071128088E-1
4.340400805E2,3.084388715E-1,3.278668302E-1,3.054293096E-1,5.439836937E-1
4.340500695E2,2.581621724E-1,2.283372796E-1,2.206253868E-1,4.092202119E-1
4.340600585E2,1.585837975E-1,5.038721144E-2,2.012167239E-1,2.611050783E-1
4.340700475E2,2.995587051E-2,-2.254429078E-1,2.613085592E-1,3.464159667E-1
4.340800365E2,-9.370309263E-2,-4.266643095E-1,2.576446939E-1,5.071523349E-1
4.340900255E2,-2.379001084E-1,-5.236462283E-1,1.986790323E-1,6.085024173E-1
4.341000145E2,-4.184635895E-1,-5.659274447E-1,1.376583669E-1,7.171718583E-1
4.341100035E2,-5.152160051E-1,-4.516746050E-1,2.919251651E-2,6.857912830E-1
4.341199925E2,-5.435174060E-1,-2.211873043E-1,-1.096586823E-1,5.969589775E-1
4.341299815E2,-4.233237952E-1,1.079068565E-1,-2.474401331E-1,5.020692629E-1
4.341399705E2,-2.589264035E-1,4.325074321E-1,-3.271081540E-1,6.009203821E-1
4.341499595E2,-6.589022666E-2,6.149364674E-1,-2.761645800E-1,6.773147394E-1
4.341599485E2,1.077551213E-1,6.552793318E-1,-1.923163846E-1,6.913665892E-1
4.341699375E2,2.652820346E-1,4.884506679E-1,2.299856097E-2,5.563160492E-1
4.341799268E2,3.335909620E-1,3.319762534E-1,2.541729096E-1,5.348785196E-1
4.341899158E2,4.019794115E-1,2.059810352E-1,4.214143869E-1,6.177424380E-1
4.341999048E2,4.158145085E-1,8.225453675E-2,5.201864308E-1,6.710152287E-1
4.342098938E2,3.954495335E-1,-6.946082890E-2,6.022933254E-1,7.238524643E-1
4.342198827E2,3.614193231E-1,-1.764414865E-1,6.489435813E-1,7.634679410E-1
4.342298718E2,2.463654149E-1,-3.260869378E-1,6.844160074E-1,7.971536112E-1
4.342398608E2,2.091870636E-2,-4.899083787E-1,8.262182960E-1,9.607728579E-1
4.342498498E2,-1.991064638E-1,-6.830044895E-1,9.595099622E-1,1.194486452E0
4.342598388E2,-3.910658759E-1,-7.723136920E-1,9.482827234E-1,1.283994191E0
4.342698278E2,-5.050400957E-1,-6.504366678E-1,8.645652133E-1,1.193987590E0
4.342798167E2,-4.767764094E-1,-3.736405885E-1,7.068052885E-1,9.308580718E-1
4.342898058E2,-3.859048310E-1,-5.048427522E-2,5.508559540E-1,6.744727442E-1
4.342997948E2,-3.258106568E-1,2.125468737E-1,4.221061125E-1,5.740229332E-1
4.343097838E2,-3.033357140E-1,3.458780086E-1,2.320251185E-1,5.152473269E-1
4.343197728E2,-3.129368421E-1,3.561930817E-1,1.397101548E-1,4.942892938E-1
4.343297618E2,-2.978133112E-1,3.201929444E-1,1.695932275E-1,4.690182862E-1
4.343397498E2,-2.656837383E-1,2.795050943E-1,1.933153814E-1,4.313719778E-1
4.343497388E2,-1.768323728E-1,2.173942155E-1,1.406878093E-1,3.135649736E-1
4.343597278E2,1.163204151E-1,1.718368042E-1,1.951531613E-1,2.848562490E-1
4.343697167E2,4.248610282E-1,8.290708601E-2,3.935275537E-1,5.850165927E-1
4.343797057E2,7.270471796E-1,-8.782693326E-2,6.971598677E-1,1.011109812E0
4.343896948E2,8.906724465E-1,-3.534951764E-1,9.717417526E-1,1.364748431E0
4.343996838E2,8.917164668E-1,-6.539292097E-1,1.166658979E0,1.607443573E0
4.344096728E2,7.943828380E-1,-7.936273777E-1,1.279960184E0,1.702699792E0
4.344196618E2,7.429133070E-1,-6.990445715E-1,1.159912754E0,1.544662128E0
4.344296508E2,7.544714981E-1,-3.717642170E-1,6.905930060E-1,1.088280559E0
4.344396397E2,8.631917024E-1,-4.981359959E-2,2.083139281E-1,8.893683165E-1
4.344496288E2,9.750565392E-1,1.713088006E-1,-2.207171881E-1,1.014296819E0
4.344596178E2,1.133815168E0,3.654638422E-1,-5.920121661E-1,1.330255262E0
4.344696068E2,1.239673453E0,4.292335761E-1,-8.519536462E-1,1.564243187E0
4.344795958E2,1.219506699E0,3.364148748E-1,-8.491661324E-1,1.523632067E0
4.344895848E2,1.081750098E0,2.000788558E-1,-7.450143577E-1,1.328631332E0
4.344995737E2,9.211346859E-1,6.098178148E-2,-5.671705627E-1,1.083462198E0
4.345095628E2,7.776565853E-1,-4.089074850E-2,-4.022779119E-1,8.764983379E-1
4.345195518E2,7.174404967E-1,-1.221313781E-1,-3.451903760E-1,8.054770856E-1
4.345295408E2,7.171764949E-1,-1.696809357E-1,-4.162457407E-1,8.464007688E-1
4.345395298E2,5.932777959E-1,-1.739154893E-1,-4.951331583E-1,7.920744820E-1
4.345495188E2,4.141363576E-1,-2.222041351E-1,-5.401765993E-1,7.160128203E-1
4.345595077E2,3.733368257E-1,-1.699534160E-1,-4.726685943E-1,6.258435500E-1
4.345694968E2,3.665561020E-1,-5.376690209E-2,-4.156978565E-1,5.568293847E-1
4.345794858E2,3.289424255E-1,2.145928144E-3,-4.341921611E-1,5.447298019E-1
4.345894748E2,2.489121696E-1,3.649013400E-2,-4.688633725E-1,5.320917779E-1
4.345994638E2,2.119647834E-1,2.477465272E-2,-5.347714332E-1,5.757806340E-1
4.346094528E2,1.768154159E-1,5.793830574E-2,-5.358524372E-1,5.672374926E-1
4.346194417E2,1.626929283E-1,7.909002364E-2,-5.391191304E-1,5.686595269E-1
4.346294307E2,1.475939557E-1,3.144457161E-2,-5.922685665E-1,6.111912890E-1
4.346394198E2,5.097164065E-2,-2.806488097E-2,-6.587256807E-1,6.612906079E-1
4.346494088E2,-6.703131080E-2,-6.346684813E-2,-6.259029204E-1,6.326734570E-1
4.346593967E2,-1.618988764E-1,1.074601293E-2,-5.381987786E-1,5.621251180E-1
4.346693858E2,-2.099205968E-1,7.072967470E-2,-4.562126291E-1,5.071482099E-1
4.346793748E2,-1.902181113E-1,1.602002603E-1,-4.165196827E-1,4.851141096E-1
4.346893638E2,-1.002382332E-1,2.264088678E-1,-4.406163508E-1,5.054220488E-1
4.346993528E2,8.817776620E-2,2.009155923E-1,-5.420374757E-1,5.847623609E-1
4.347093418E2,1.500576800E-1,7.140327394E-2,-5.989558809E-1,6.215817582E-1
4.347193307E2,1.862566227E-1,1.374738872E-2,-6.198919827E-1,6.474153152E-1
4.347293198E2,2.597341964E-1,2.013430238E-2,-6.428639388E-1,6.936434868E-1
4.347393088E2,3.355100182E-1,2.154698968E-3,-6.813238536E-1,7.594562584E-1
4.347492978E2,3.848596412E-1,-7.023383081E-2,-6.742022373E-1,7.794859788E-1
4.347592868E2,3.691888109E-1,-1.364821994E-1,-6.354216027E-1,7.474546020E-1
4.347692758E2,4.162998274E-1,-1.054481024E-1,-6.285831378E-1,7.612763032E-1
4.347792647E2,4.743392900E-1,-3.625449121E-2,-5.033879650E-1,6.926121522E-1
4.347892538E2,4.840491763E-1,-1.284107029E-2,-3.330104797E-1,5.876771883E-1
4.347992428E2,4.544578797E-1,3.370919824E-2,-1.683810997E-1,4.858193792E-1
4.348092318E2,5.989376083E-1,2.898932576E-2,-1.048363374E-1,6.087341762E-1
4.348192208E2,8.054551256E-1,-3.710643053E-2,-1.960388683E-1,8.297988216E-1
4.348292098E2,9.210256353E-1,-1.383077002E-1,-3.328802329E-1,9.890533304E-1
4.348391987E2,1.115760428E0,-2.197816336E-1,-4.882950588E-1,1.237601456E0
4.348491878E2,1.346582190E0,-2.629188824E-1,-6.159035238E-1,1.503910597E0
4.348591768E2,1.552959082E0,-2.205908883E-1,-5.998412955E-1,1.679330768E0
4.348691658E2,1.579862705E0,-1.943620330E-1,-5.130142361E-1,1.672401380E0
4.348791548E2,1.678440329E0,-3.144539022E-1,-3.194853582E-1,1.737272025E0
4.348891438E2,1.707685179E0,-5.042556918E-1,-1.500512481E-1,1.786890553E0
4.348991327E2,1.665818530E0,-8.167203712E-1,-6.196594097E-2,1.856292896E0
4.349091217E2,1.654534865E0,-1.158263839E0,-1.945163995E-1,2.029013891E0
4.349191108E2,1.528690213E0,-1.337254127E0,-3.425152749E-1,2.059723059E0
4.349290998E2,1.222904223E0,-1.231150551E0,-3.665321650E-1,1.773576118E0
4.349390888E2,8.468414256E-1,-1.134957422E0,-2.475021501E-1,1.437541674E0
4.349490778E2,7.053639498E-1,-1.257848938E0,5.414287806E-2,1.443140223E0
4.349590668E2,7.860245356E-1,-1.452155423E0,3.488425104E-1,1.687685112E0
4.349690557E2,8.402402115E-1,-1.548335103E0,5.725435692E-1,1.852336725E0
4.349790438E2,1.029553466E0,-1.420362942E0,5.455844333E-1,1.837137338E0
4.349890328E2,1.233438275E0,-1.292522342E0,4.302696661E-1,1.837693110E0
4.349990217E2,1.265108841E0,-1.342521883E0,3.875300646E-1,1.884952238E0
4.350090108E2,1.311159173E0,-1.313568810E0,3.967184158E-1,1.897890117E0
4.350189998E2,1.425031651E0,-1.066112305E0,3.414236363E-1,1.812148104E0
4.350289888E2,1.508023522E0,-8.799129850E-1,2.980728910E-1,1.771222530E0
4.350389778E2,1.560778271E0,-8.989222831E-1,2.986167186E-1,1.825722330E0
4.350489668E2,1.672178839E0,-9.289471507E-1,3.482799717E-1,1.944331200E0
4.350589557E2,2.066709774E0,-8.713339502E-1,4.090512900E-1,2.279876116E0
4.350689448E2,2.687797220E0,-7.304546446E-1,3.025431240E-1,2.801669186E0
4.350789338E2,3.318000475E0,-5.424666613E-1,-2.214885090E-1,3.369340350E0
4.350889228E2,3.746534725E0,-4.323173976E-1,-9.363410280E-1,3.885891828E0
4.350989118E2,3.946300170E0,-3.479099160E-1,-1.879216758E0,4.384721423E0
4.351089008E2,3.811528573E0,-1.503950644E-1,-2.642328687E0,4.640287666E0
4.351188897E2,3.274919360E0,9.292453587E-2,-3.017224088E0,4.453916589E0
4.351288788E2,2.367829101E0,2.612313759E-1,-3.372392737E0,4.128908967E0
4.351388678E2,1.057654600E0,2.941558778E-1,-3.520793901E0,3.687973783E0
4.351488568E2,-4.045518941E-1,2.597596318E-1,-3.341955056E0,3.376359119E0
4.351588458E2,-1.766189787E0,2.523143721E-1,-2.829219148E0,3.344782488E0
4.351688348E2,-2.951159906E0,4.030555916E-1,-2.259159476E0,3.738395396E0
4.351788240E2,-3.707374167E0,5.741948229E-1,-1.916700919E0,4.212845276E0
4.351888130E2,-3.967521177E0,6.795470309E-1,-1.677652709E0,4.360908973E0
4.351988020E2,-3.756728176E0,7.660074699E-1,-1.226381562E0,4.025392623E0
4.352087910E2,-3.177448029E0,7.960440320E-1,-8.443204717E-1,3.382711802E0
4.352187800E2,-2.388940181E0,6.503308332E-1,-6.339241308E-1,2.555743568E0
4.352287690E2,-1.517740717E0,4.444790214E-1,-5.700374526E-1,1.681083336E0
4.352387580E2,-6.286000948E-1,2.096004617E-1,-6.603921372E-1,9.355149424E-1
4.352487470E2,8.359150261E-2,-1.827137947E-2,-6.936797512E-1,6.989370356E-1
4.352587360E2,6.165619934E-1,-1.660901606E-1,-7.202261102E-1,9.625280687E-1
4.352687250E2,1.078238553E0,-2.823497647E-1,-6.871016335E-1,1.309361838E0
4.352787140E2,1.409793807E0,-3.036108255E-1,-6.127963865E-1,1.566913374E0
4.352887030E2,1.501425377E0,-2.684024012E-1,-6.523423485E-1,1.658875689E0
4.352986920E2,1.267480764E0,-2.250675166E-1,-9.029854401E-1,1.572433013E0
4.353086810E2,7.807423072E-1,-1.922201979E-1,-1.188916040E0,1.435279939E0
4.353186690E2,2.339542611E-1,-1.111473835E-1,-1.306255113E0,1.331687184E0
4.353286580E2,-3.094423999E-1,2.316257536E-2,-1.190787880E0,1.230555516E0
4.353386470E2,-8.218223593E-1,1.457248932E-1,-1.289092366E0,1.535704028E0
4.353486360E2,-1.221588307E0,2.063014627E-1,-1.392106126E0,1.863544406E0
4.353586250E2,-1.509078359E0,1.727466309E-1,-1.296407817E0,1.996955713E0
4.353686140E2,-1.708204411E0,2.025288391E-1,-1.293444448E0,2.152203239E0
4.353786030E2,-1.914500173E0,2.614103007E-1,-1.217388618E0,2.283786615E0
4.353885920E2,-1.992791613E0,2.768627375E-1,-1.030264195E0,2.260379548E0
4.353985810E2,-1.971140543E0,2.349276763E-1,-7.001899680E-1,2.104958917E0
4.354085700E2,-1.976756063E0,2.880098695E-1,-5.625747243E-1,2.075332392E0
4.354185590E2,-1.983720827E0,3.456131297E-1,-6.087091827E-1,2.103597781E0
4.354285480E2,-1.834562449E0,3.207636327E-1,-6.152908087E-1,1.961400384E0
4.354385370E2,-1.697396418E0,2.124042016E-1,-5.930695619E-1,1.810525241E0
4.354485260E2,-1.632314569E0,9.303153992E-2,-6.554225155E-1,1.761443837E0
4.354585150E2,-1.645329740E0,-1.565825880E-2,-6.965999237E-1,1.786786665E0
4.354685040E2,-1.717805393E0,-9.218427837E-2,-6.972349314E-1,1.856203076E0
4.354784930E2,-1.713589258E0,-3.641119659E-2,-7.037165699E-1,1.852817026E0
4.354884820E2,-1.646674161E0,1.872278452E-2,-5.994629806E-1,1.752495991E0
4.354984710E2,-1.443650501E0,1.271845418E-1,-6.142921773E-1,1.574057673E0
4.355084600E2,-1.290922836E0,2.271122879E-1,-5.630459368E-1,1.426563173E0
4.355184490E2,-1.221388040E0,2.807353485E-1,-5.571232921E-1,1.371490956E0
4.355284380E2,-1.221192889E0,2.995329773E-1,-4.406743113E-1,1.332376045E0
4.355384270E2,-1.321803005E0,2.734397775E-1,-2.647339312E-1,1.375505926E0
4.355484160E2,-1.411931257E0,2.311076903E-1,-1.366307187E-1,1.437229485E0
4.355584050E2,-1.458476263E0,2.178345108E-1,-2.778136410E-2,1.474915824E0
4.355683940E2,-1.386544839E0,2.495340210E-1,2.235902175E-3,1.408821783E0
4.355783830E2,-1.247824618E0,2.065248263E-1,-5.697475769E-2,1.266082503E0
4.355883720E2,-1.083493153E0,1.026741832E-1,-1.518125025E-1,1.098884178E0
4.355983610E2,-8.864373082E-1,5.189111531E-2,-2.720698480E-1,9.287011313E-1
4.356083500E2,-7.130012906E-1,6.196528316E-2,-3.341028857E-1,7.898324347E-1
4.356183390E2,-5.823687918E-1,9.086514652E-2,-3.388099674E-1,6.798544540E-1
4.356283280E2,-5.574361181E-1,1.206467700E-1,-3.491734993E-1,6.687397114E-1
4.356383170E2,-5.665530968E-1,1.516592324E-1,-3.503476933E-1,6.831737996E-1
4.356483060E2,-6.066186570E-1,2.422554070E-1,-3.473527495E-1,7.398160648E-1
4.356582940E2,-6.182759584E-1,3.279849440E-1,-3.498161814E-1,7.824389082E-1
4.356682830E2,-6.592922759E-1,3.329486454E-1,-2.969870996E-1,7.960668583E-1
4.356782720E2,-7.695444506E-1,2.617488545E-1,-2.167912944E-1,8.412547710E-1
4.356882610E2,-8.711254969E-1,1.797539341E-1,-1.681893110E-1,9.052396106E-1
4.356982500E2,-8.998408806E-1,1.528029478E-1,-9.098391809E-2,9.172461091E-1
4.357082390E2,-8.472749966E-1,1.179535425E-1,7.060980678E-2,8.583552312E-1
4.357182280E2,-6.784568176E-1,1.235177529E-1,1.681472111E-1,7.098124916E-1
4.357282170E2,-3.956331360E-1,1.247749043E-1,2.201336360E-1,4.696308899E-1
4.357382060E2,-6.209655315E-2,6.326219559E-2,2.366298739E-1,2.526891065E-1
4.357481950E2,2.714985019E-1,-3.865594268E-3,1.968348205E-1,3.353659582E-1
4.357581840E2,6.075292146E-1,-1.209274364E-1,1.400864232E-1,6.350900703E-1
4.357681730E2,8.542723596E-1,-2.127719915E-1,6.956432462E-2,8.831151567E-1
4.357781620E2,1.044612678E0,-2.408058822E-1,-1.091660544E-2,1.072064500E0
4.357881510E2,1.128930404E0,-2.514899147E-1,-9.976285458E-2,1.160897783E0
4.357981400E2,1.130467345E0,-2.486013901E-1,-1.201836705E-1,1.163702361E0
4.358081290E2,9.815487027E-1,-1.922248757E-1,-8.639436543E-2,1.003918445E0
4.358181180E2,7.270653060E-1,-1.376797092E-1,-5.208699703E-3,7.400045892E-1
4.358281070E2,4.268818259E-1,-1.244515532E-1,7.663594723E-2,4.512087663E-1
4.358380960E2,1.313097525E-1,-1.591617948E-1,1.647669357E-1,2.640508874E-1
4.358480850E2,-1.393710163E-1,-1.509552276E-1,2.252101155E-1,3.048464484E-1
4.358580740E2,-3.913097048E-1,-1.187598735E-1,2.472974610E-1,4.778945771E-1
4.358680630E2,-5.999722731E-1,-6.880535603E-2,2.622751039E-1,6.583989183E-1
4.358780520E2,-6.640606803E-1,-1.894556344E-2,3.234918704E-1,7.389062942E-1
4.358880410E2,-5.618218222E-1,4.781677544E-2,3.604825991E-1,6.692368103E-1
4.358980300E2,-3.988336095E-1,9.442259252E-2,3.429116430E-1,5.343896228E-1
4.359080190E2,-1.971660653E-1,5.550294042E-2,2.992200782E-1,3.626123121E-1
4.359180080E2,-1.690137684E-3,-6.049529314E-3,1.882370015E-1,1.883417694E-1
4.359279970E2,1.724440375E-1,-8.654639304E-2,7.862451218E-2,2.083483576E-1
4.359379860E2,3.124024066E-1,-2.176918387E-1,-1.268021339E-1,4.013275240E-1
4.359479750E2,4.147699034E-1,-3.237609154E-1,-3.927527976E-1,6.565896459E-1
4.359579640E2,3.622700930E-1,-3.640967631E-1,-6.075666368E-1,7.955773321E-1
4.359679530E2,1.880236512E-1,-3.124933308E-1,-7.188941145E-1,8.061102425E-1
4.359779420E2,4.138366878E-3,-2.109698796E-1,-7.314323721E-1,7.612612765E-1
4.359879310E2,-1.681185597E-1,-1.214408219E-1,-5.972533909E-1,6.322367723E-1
4.359979200E2,-2.587290600E-1,1.973376811E-2,-3.812748595E-1,4.611948249E-1
4.360079090E2,-3.465191558E-1,2.379775840E-1,-1.731899960E-1,4.546467096E-1
4.360178970E2,-4.690539917E-1,4.374623626E-1,-4.768820979E-2,6.431633783E-1
4.360278870E2,-6.276395434E-1,4.983827484E-1,-3.313441694E-2,8.021313171E-1
4.360378750E2,-7.195393547E-1,4.011189938E-1,-1.211198828E-1,8.326483989E-1
4.360478640E2,-7.507137850E-1,3.099538851E-1,-2.169118933E-1,8.406505619E-1
4.360578530E2,-8.036094519E-1,2.916047376E-1,-3.698083234E-1,9.314395688E-1
4.360678420E2,-9.123632777E-1,2.891489071E-1,-4.575475484E-1,1.060831561E0
4.360778310E2,-1.001495017E0,2.443709296E-1,-5.123282115E-1,1.151168805E0
4.360878200E2,-9.305855405E-1,2.353217787E-1,-5.895289998E-1,1.126459156E0
4.360978090E2,-9.702884272E-1,2.162972778E-1,-4.859814618E-1,1.106536093E0
4.361077980E2,-7.113208008E-1,2.241302079E-1,-2.628814602E-1,7.907706961E-1
4.361177870E2,-5.438071355E-1,-2.750150174E-1,-5.519210243E-1,8.221777652E-1
4.361277760E2,-7.047260186E-1,-4.733671904E-1,-6.060394172E-1,1.043071921E0
4.361377650E2,-6.568013620E-1,-3.578911132E-1,-4.360107183E-1,8.657825504E-1
4.361477540E2,-5.856308073E-1,-2.112634099E-1,-3.326779193E-1,7.058826168E-1
4.361577430E2,-4.429143065E-1,-9.605688930E-2,-2.224106880E-1,5.048430677E-1
4.361677320E2,-3.439919892E-1,5.701035261E-3,-2.532790165E-1,4.272156957E-1
4.361777201E2,-2.913261178E-1,6.398432672E-2,-3.090118986E-1,4.294802143E-1
4.361877091E2,-3.442694396E-1,7.405030847E-2,-2.639045767E-1,4.400574063E-1
4.361976981E2,-3.893179969E-1,6.355631053E-2,-1.868186132E-1,4.364734833E-1
4.362076871E2,-3.786227086E-1,5.988367438E-2,-2.959364281E-1,4.842722162E-1
4.362176761E2,-2.931603894E-1,1.154509342E-1,-4.041724098E-1,5.124717250E-1
4.362276651E2,-2.059281179E-1,5.636189640E-2,-3.462365891E-1,4.067712241E-1
4.362376541E2,-1.300192720E-1,5.967668295E-3,-2.122727124E-1,2.489986517E-1
4.362476431E2,1.011626780E-2,-2.726556659E-2,-1.988215582E-1,2.009372091E-1
4.362576321E2,1.031967781E-1,-1.544191182E-2,-4.914495586E-1,5.024049127E-1
4.362676211E2,2.770770380E-1,9.285378456E-3,-9.944024907E-1,1.032324666E0
4.362776101E2,5.653479856E-1,-4.830969572E-2,-1.348915229E0,1.463394843E0
4.362875991E2,8.041289771E-1,-1.729711640E-1,-1.340736290E0,1.572932368E0
4.362975881E2,8.882872210E-1,-2.420677114E-1,-1.084115151E0,1.422306797E0
4.363075771E2,7.033310191E-1,-3.421211725E-1,-8.128262718E-1,1.128010624E0
4.363175661E2,5.691156390E-1,-2.689111090E-1,-5.954705018E-1,8.664819176E-1
4.363275551E2,3.814403357E-1,-1.225459456E-1,-5.493710536E-1,6.799432278E-1
4.363375441E2,1.895360336E-1,-2.633451444E-1,-4.395609283E-1,5.463409035E-1
4.363475331E2,1.371943903E-1,-3.840293366E-1,-3.128068878E-1,5.139542598E-1
4.363575221E2,1.305458137E-1,-3.343782896E-1,-2.790728389E-1,4.546786771E-1
4.363675111E2,3.726544556E-1,-2.634194040E-1,-2.954079129E-1,5.436239148E-1
4.363775001E2,6.529043390E-1,-3.183113104E-1,-2.324649753E-1,7.626572827E-1
4.363874891E2,9.213888936E-1,-4.182425648E-1,-2.469197309E-1,1.041563099E0
4.363974771E2,1.186549598E0,-4.820766181E-1,-3.681781197E-1,1.332611325E0
4.364074661E2,1.394627299E0,-5.407727230E-1,-5.137873842E-1,1.581580829E0
4.364174551E2,1.641644678E0,-5.526741457E-1,-5.217814051E-1,1.809061026E0
4.364274441E2,1.929696355E0,-4.869064182E-1,-4.476252620E-1,2.039895649E0
4.364374331E2,2.052117317E0,-6.859298515E-1,-3.095651914E-1,2.185752925E0
4.364474221E2,1.869350459E0,-7.187707382E-1,-4.387968434E-1,2.050279293E0
4.364574111E2,1.673208241E0,-5.879363644E-1,-7.513818294E-1,1.926102188E0
4.364674001E2,1.361877337E0,-3.650907898E-1,-8.205397725E-1,1.631345053E0
4.364773891E2,9.711234096E-1,-9.518448472E-2,-6.061701755E-1,1.148731058E0
4.364873781E2,3.433759850E-1,1.298187125E-1,-3.792164934E-1,5.277926809E-1
4.364973671E2,-2.272885814E-1,2.679094809E-1,-2.147496660E-1,4.117681487E-1
4.365073561E2,-5.732456736E-1,2.357562268E-1,-2.040742582E-1,6.525625669E-1
4.365173451E2,-7.282452741E-1,2.052559805E-1,-3.644101739E-2,7.574953099E-1
4.365273341E2,-6.792915076E-1,2.331904685E-1,1.662756635E-1,7.371989848E-1
4.365373231E2,-1.522728977E-1,2.375489831E-1,-1.038791482E-1,3.006782868E-1
4.365473121E2,5.747640494E-1,1.274464971E-1,-4.394609410E-1,7.346579072E-1
4.365573011E2,1.134054320E0,-4.366876066E-2,-6.183874941E-1,1.292435396E0
4.365672901E2,1.578142747E0,-2.146419311E-1,-5.810145767E-1,1.695341743E0
4.365772791E2,1.951647095E0,-5.067261404E-1,-5.867243828E-1,2.099986492E0
4.365872681E2,2.254182033E0,-8.366757488E-1,-7.763852544E-1,2.526684985E0
4.365972571E2,2.301129035E0,-9.901791930E-1,-1.010774402E0,2.701354209E0
4.366072461E2,2.197930357E0,-9.345593083E-1,-1.213807856E0,2.679109640E0
4.366172351E2,1.930274353E0,-7.565893596E-1,-1.221852309E0,2.406513994E0
4.366272241E2,1.515816398E0,-4.611681443E-1,-1.049572286E0,1.900520296E0
4.366372131E2,9.777550292E-1,-1.613404673E-1,-8.225741650E-1,1.287891261E0
4.366472021E2,4.206817308E-1,6.843756616E-2,-5.019361013E-1,6.584805759E-1
4.366571911E2,-3.947484523E-2,2.892412931E-1,-1.279183674E-1,3.187191518E-1
4.366671801E2,-4.047697029E-1,4.189208418E-1,1.142323744E-1,5.936179069E-1
4.366771691E2,-7.218112904E-1,3.407055616E-1,2.006502749E-1,8.230141867E-1
4.366871581E2,-9.155713525E-1,2.612717217E-1,1.638730426E-1,9.661201728E-1
4.366971471E2,-9.160356215E-1,1.800948268E-1,1.274254471E-1,9.422274943E-1
4.367071361E2,-8.593530053E-1,6.748096168E-2,5.409200728E-2,8.636939349E-1
4.367171251E2,-7.865884995E-1,-2.815434337E-2,-5.788758114E-2,7.892180350E-1
4.367271141E2,-7.003482082E-1,-1.393344712E-1,-1.671382740E-2,7.142695987E-1
4.367371031E2,-4.739913806E-1,-1.913407767E-1,1.892194068E-1,5.450533053E-1
4.367470921E2,-1.539308757E-1,-2.483680862E-1,3.815208811E-1,4.805617582E-1
4.367570811E2,2.336602923E-1,-2.613348716E-1,4.677398300E-1,5.845285245E-1
4.367670701E2,5.980479544E-1,-4.190453875E-1,6.197795700E-1,9.578032720E-1
4.367770591E2,8.634507340E-1,-4.125731045E-1,6.597927976E-1,1.162364088E0
4.367870471E2,1.012098650E0,-3.157303494E-1,5.049819160E-1,1.174323664E0
4.367970361E2,1.114381070E0,-2.740484726E-1,4.206637506E-1,1.222254362E0
4.368070251E2,1.221417861E0,-6.077888310E-2,3.493201183E-1,1.271841267E0
4.368170141E2,1.107193673E0,-1.295216739E-2,3.007541683E-1,1.147387754E0
4.368270031E2,9.248698872E-1,4.798283637E-2,2.988886142E-1,9.731500730E-1
4.368369921E2,7.826144394E-1,5.486910224E-2,2.086162291E-1,8.117984419E-1
4.368469811E2,6.831629491E-1,1.210595834E-1,1.416432443E-1,7.081171135E-1
4.368569701E2,5.968937141E-1,2.568594128E-1,1.443613225E-1,6.656568600E-1
4.368669591E2,5.500648257E-1,3.004322791E-1,2.531715739E-1,6.759635439E-1
4.368769481E2,5.652181774E-1,1.767332625E-1,3.326282179E-1,6.792258575E-1
4.368869371E2,5.740655994E-1,-3.142469108E-2,3.454944313E-1,6.707497489E-1
4.368969261E2,4.936105433E-1,-2.075165141E-1,3.654348984E-1,6.482724250E-1
4.369069151E2,3.472354397E-1,-3.246029145E-1,3.455013017E-1,5.876313914E-1
4.369169041E2,1.217217806E-1,-2.931928414E-1,2.589150015E-1,4.096525505E-1
4.369268931E2,-8.612305462E-2,-1.393251157E-1,2.339734107E-1,2.856085176E-1
4.369368821E2,-2.733965081E-1,8.205456197E-2,2.851575977E-1,4.034767122E-1
4.369468711E2,-4.032447490E-1,2.728872156E-1,3.035662405E-1,5.737823825E-1
4.369568601E2,-5.311166310E-1,4.352573776E-1,2.352462034E-1,7.258613068E-1
4.369668491E2,-6.412214559E-1,5.501154041E-1,1.532549375E-1,8.586495148E-1
4.369768381E2,-7.035808414E-1,5.976275396E-1,4.008383274E-2,9.240083280E-1
4.369868271E2,-6.252193809E-1,5.693638533E-1,-9.191823006E-4,8.456212607E-1
4.369968161E2,-4.943411529E-1,4.477318275E-1,-5.807571530E-2,6.694846925E-1
4.370068051E2,-2.750091702E-1,2.447586000E-1,-1.028221178E-1,3.822423366E-1
4.370167941E2,-9.809084326E-2,4.251919806E-2,-1.242202958E-1,1.638913592E-1
4.370267831E2,1.321704626E-1,-9.028042495E-2,-1.011451364E-1,1.893407640E-1
4.370367721E2,4.199274400E-1,-1.953151292E-1,-1.907244802E-1,5.008621386E-1
4.370467611E2,7.066430283E-1,-2.770059943E-1,-3.519719768E-1,8.366366970E-1
4.370567501E2,9.916401199E-1,-3.343104619E-1,-6.077306512E-1,1.210144684E0
4.370667391E2,1.225232000E0,-2.844190943E-1,-8.634308535E-1,1.525647572E0
4.370767281E2,1.334175275E0,-1.539337993E-1,-9.491793939E-1,1.644585298E0
4.370867171E2,1.242337444E0,-8.260770857E-2,-8.972827238E-1,1.534712561E0
4.370967061E2,1.001784454E0,-2.165340900E-2,-7.443663400E-1,1.248247656E0
4.371066951E2,6.873197347E-1,3.155742288E-3,-5.208255315E-1,8.623674453E-1
4.371166841E2,3.021335265E-1,2.623528719E-2,-2.999042755E-1,4.265155714E-1
4.371266731E2,-9.448515773E-2,1.120922935E-1,-1.101942873E-1,1.833982231E-1
4.371366621E2,-5.188088268E-1,2.174871862E-1,1.351186287E-1,5.785501869E-1
4.371466511E2,-8.169703397E-1,2.060874546E-1,3.777409485E-1,9.233638498E-1
4.371566401E2,-9.156347948E-1,1.320014781E-1,6.157732040E-1,1.111300187E0
4.371666291E2,-8.233373728E-1,4.766767144E-2,8.010340458E-1,1.149700908E0
4.371766183E2,-6.470061064E-1,-5.653497398E-2,8.791750664E-1,1.093051647E0
4.371866073E2,-3.895277658E-1,-1.543945599E-1,8.827433297E-1,9.771414159E-1
4.371965963E2,-2.065505540E-1,-1.258192170E-1,8.058343175E-1,8.413456804E-1
4.372065853E2,-1.525392383E-1,-7.898886681E-2,6.879249215E-1,7.090473595E-1
4.372165733E2,-2.290629190E-1,-6.622497976E-2,6.249392992E-1,6.688831711E-1
4.372265623E2,-4.098778304E-1,-4.362549126E-2,5.417734739E-1,6.807507006E-1
4.372365513E2,-5.575986707E-1,-1.047411740E-2,4.599150860E-1,7.228747271E-1
4.372465403E2,-6.486170143E-1,3.430035174E-2,3.861387196E-1,7.556346049E-1
4.372565293E2,-6.033741832E-1,1.121226990E-1,2.961386687E-1,6.814176514E-1
4.372665183E2,-5.078368190E-1,2.137461376E-1,2.300163075E-1,5.970704714E-1
4.372765073E2,-3.334222698E-1,3.305056787E-1,1.659100664E-1,4.979262634E-1
4.372864963E2,-8.613065600E-2,3.902004880E-1,1.254166362E-1,4.188128978E-1
4.372964853E2,1.782643560E-1,3.463492942E-1,1.334670827E-1,4.117638599E-1
4.373064743E2,4.207586217E-1,2.008378243E-1,1.459447485E-1,4.885422387E-1
4.373164633E2,6.287516838E-1,8.219372571E-2,1.840229863E-1,6.602643016E-1
4.373264523E2,6.708875969E-1,5.694135547E-2,3.336722383E-1,7.514450401E-1
4.373364413E2,6.433495501E-1,3.371504545E-2,5.744582400E-1,8.631556159E-1
4.373464303E2,6.561599225E-1,6.783471823E-2,7.182555985E-1,9.752120271E-1
4.373564193E2,5.956362703E-1,8.732290328E-2,8.540700459E-1,1.044913154E0
4.373664083E2,5.116313696E-1,7.963673830E-2,9.062482595E-1,1.043740665E0
4.373763973E2,4.024971825E-1,6.022047400E-2,8.802363360E-1,9.697662062E-1
4.373863863E2,2.917120340E-1,4.618481755E-2,8.111813039E-1,8.632751913E-1
4.373963753E2,1.536294517E-1,-1.149445653E-2,8.127448493E-1,8.272172152E-1
4.374063643E2,5.393471718E-2,-5.599293709E-2,7.537557989E-1,7.577545560E-1
4.374163533E2,9.017078966E-2,-6.900065303E-2,4.996296671E-1,5.123686814E-1
4.374263423E2,1.454293165E-1,-1.420803237E-1,4.040545884E-1,4.523235732E-1
4.374363313E2,1.494884536E-1,-1.739248449E-1,2.835832348E-1,3.647137240E-1
4.374463203E2,9.715528876E-2,-1.463014287E-1,1.811827013E-1,2.523300010E-1
4.374563093E2,6.169660360E-2,-8.123712122E-2,1.036304954E-1,1.454139620E-1
4.374662983E2,2.804090738E-2,1.087582111E-3,-3.366972953E-2,4.383065147E-2
4.374762873E2,4.553168356E-2,7.990337133E-2,-1.544758362E-1,1.797789390E-1
4.374862763E2,5.924457371E-2,7.869884491E-2,-2.039339250E-1,2.264784173E-1
4.374962653E2,4.048553646E-2,-1.605060697E-2,-1.955145192E-1,2.003063351E-1
4.375062543E2,6.257193178E-2,-1.311629874E-1,-1.435330644E-1,2.042564968E-1
4.375162433E2,9.902815193E-2,-1.644564486E-1,-1.074177369E-1,2.199797003E-1
4.375262323E2,1.370865092E-1,-6.550109446E-2,-1.204693070E-1,1.938967723E-1
4.375362213E2,1.092104933E-1,1.295392156E-1,-1.415064195E-1,2.207519127E-1
4.375462103E2,1.752615184E-2,3.325638986E-1,-1.553380081E-1,3.674721886E-1
4.375561993E2,-9.747045368E-2,4.126508725E-1,-1.392923713E-1,4.462998953E-1
4.375661883E2,-2.858800212E-1,3.341297829E-1,-1.442242053E-1,4.627858249E-1
4.375761773E2,-4.689013794E-1,1.537981439E-1,-8.771788269E-2,5.012153226E-1
4.375861663E2,-6.280500180E-1,-8.398355842E-2,4.084280133E-3,6.336534893E-1
4.375961553E2,-6.294425324E-1,-2.095092452E-1,5.702760190E-2,6.658409515E-1
4.376061443E2,-5.091901571E-1,-2.309831446E-1,1.610206246E-2,5.593631250E-1
4.376161333E2,-2.942786694E-1,-1.257683462E-1,-6.216642737E-2,3.260096269E-1
4.376261223E2,-1.495700222E-1,2.629025102E-2,-1.365389174E-1,2.042186202E-1
4.376361113E2,-7.803284705E-2,1.787675089E-1,-1.900128740E-1,2.723083541E-1
4.376461003E2,-9.639602780E-2,3.198473740E-1,-1.969581968E-1,3.877977154E-1
4.376560893E2,-1.228616953E-1,3.651621258E-1,-2.222667003E-1,4.447930534E-1
4.376660783E2,-1.966404006E-1,3.785844094E-1,-2.558978382E-1,4.974709094E-1
4.376760673E2,-2.621172291E-1,3.545447516E-1,-2.621350631E-1,5.129543976E-1
4.376860563E2,-2.899657631E-1,2.747670954E-1,-2.453772354E-1,4.688145563E-1
4.376960443E2,-2.906878942E-1,1.371926361E-1,-2.148094538E-1,3.866062243E-1
4.377060333E2,-2.836203647E-1,-4.331032634E-3,-1.630922931E-1,3.271977463E-1
4.377160223E2,-2.218135411E-1,-9.871269464E-2,-1.604978836E-1,2.910412577E-1
4.377260113E2,-1.184224892E-1,-1.227026510E-1,-1.947587666E-1,2.588644504E-1
4.377360003E2,-7.922977209E-5,-8.977756441E-2,-1.958147737E-1,2.154145839E-1
4.377459893E2,1.195007157E-1,-2.374495804E-2,-1.665895128E-1,2.063887349E-1
4.377559783E2,2.525617093E-1,6.932809711E-2,-1.082038951E-1,2.833758722E-1
4.377659673E2,3.488612580E-1,1.595716846E-1,-4.937213480E-2,3.867879362E-1
4.377759563E2,3.837305439E-1,2.087578779E-1,7.462918282E-2,4.431687002E-1
4.377859453E2,4.060452729E-1,1.388491523E-1,2.094285536E-1,4.775061987E-1
4.377959343E2,4.278413540E-1,-1.867015958E-3,3.430941492E-1,5.484207374E-1
4.378059233E2,4.431584278E-1,-1.436386067E-1,4.750386170E-1,6.653443688E-1
4.378159123E2,4.984295261E-1,-2.795688289E-1,5.531942555E-1,7.953707355E-1
4.378259013E2,4.999153036E-1,-3.276791346E-1,5.481355369E-1,8.110126342E-1
4.378358903E2,4.755414775E-1,-3.612275344E-1,5.020872518E-1,7.802029460E-1
4.378458793E2,3.988189915E-1,-4.163293558E-1,4.421451053E-1,7.265528299E-1
4.378558683E2,3.296680650E-1,-4.120298982E-1,2.944649032E-1,6.042840799E-1
4.378658573E2,2.169118202E-1,-3.764373118E-1,1.390947354E-1,4.561832229E-1
4.378758463E2,1.394280267E-1,-2.180672300E-1,-2.190074623E-3,2.588402748E-1
4.378858353E2,4.011657715E-2,5.647240877E-3,-1.536993259E-1,1.589487775E-1
4.378958243E2,-4.952328533E-2,2.252891260E-1,-2.056731793E-1,3.090456322E-1
4.379058133E2,-1.873368958E-1,3.429479688E-1,-1.773738250E-1,4.291502017E-1
4.379158023E2,-3.056047261E-1,3.264003485E-1,-1.149647382E-1,4.616798969E-1
4.379257913E2,-3.728234401E-1,2.572956151E-1,-2.714774519E-2,4.538010039E-1
4.379357803E2,-3.735347539E-1,1.544892848E-1,3.730815947E-2,4.059397126E-1
4.379457693E2,-2.933758593E-1,6.549934030E-2,7.530190498E-2,3.098869718E-1
4.379557583E2,-1.324751025E-1,-4.484229684E-3,1.296883196E-1,1.854422318E-1
4.379657473E2,2.971584231E-2,-2.468051255E-2,2.440572265E-1,2.470953030E-1
4.379757363E2,2.092794496E-1,-1.038348556E-2,4.200721586E-1,4.694319154E-1
4.379857253E2,3.757964569E-1,2.639199257E-2,6.191508481E-1,7.247532594E-1
4.379957143E2,5.532863492E-1,7.153191268E-2,8.460540980E-1,1.013434821E0
4.380057033E2,7.276851109E-1,4.979079545E-2,1.019170858E0,1.253281286E0
4.380156923E2,7.546071535E-1,9.346774220E-3,1.111168610E0,1.343210705E0
4.380256813E2,5.978166971E-1,-1.112970722E-1,1.043990826E0,1.208175768E0
4.380356703E2,2.850646269E-1,-2.394920129E-1,1.042872546E0,1.107339791E0
4.380456593E2,-1.069330028E-1,-2.789735824E-1,9.733561689E-1,1.018176389E0
4.380556483E2,-4.393793723E-1,-1.986474574E-1,8.796998540E-1,1.003188356E0
4.380656373E2,-6.888417649E-1,-1.220232046E-1,8.054264742E-1,1.066819781E0
4.380756263E2,-8.229681212E-1,-2.994476080E-2,6.332850301E-1,1.038856654E0
4.380856153E2,-8.260127664E-1,4.059254050E-2,4.967200926E-1,9.647153440E-1
4.380956043E2,-8.131234565E-1,8.891568482E-2,3.629188415E-1,8.948663812E-1
4.381055933E2,-8.275578931E-1,8.135932803E-2,1.788566789E-1,8.505651758E-1
4.381155823E2,-8.256911695E-1,5.210453868E-2,-1.627397060E-2,8.274935845E-1
4.381255713E2,-8.428460231E-1,-1.843042374E-3,-2.308647385E-1,8.738943546E-1
4.381355603E2,-8.845545048E-1,-6.960993290E-2,-3.934880850E-1,9.706261318E-1
4.381455493E2,-8.363670158E-1,-8.847538948E-2,-4.863234508E-1,9.715184911E-1
4.381555383E2,-6.761240709E-1,-1.154146814E-1,-6.225255686E-1,9.262841851E-1
4.381655273E2,-4.557252637E-1,-1.934960604E-1,-8.015702355E-1,9.421470606E-1
4.381755163E2,-2.132017618E-1,-2.626540035E-1,-8.607551676E-1,9.248467848E-1
4.381855055E2,1.907654107E-3,-2.646157444E-1,-8.376729915E-1,8.784766200E-1
4.381954945E2,1.933282453E-1,-1.695815331E-1,-7.855675757E-1,8.265894524E-1
4.382054825E2,3.775225550E-1,-1.076215124E-1,-6.021980157E-1,7.188519456E-1
4.382154715E2,5.237199032E-1,4.697302222E-2,-4.854054379E-1,7.156168256E-1
4.382254605E2,5.562894791E-1,2.104272580E-1,-3.846052873E-1,7.082787887E-1
4.382354495E2,5.524811876E-1,3.200754154E-1,-2.975498942E-1,7.044286150E-1
4.382454385E2,5.196300682E-1,3.246391672E-1,-2.840989593E-1,6.753652459E-1
4.382554275E2,3.786072135E-1,2.522716874E-1,-3.105210650E-1,5.508246165E-1
4.382654165E2,1.784368488E-1,1.431287295E-1,-3.236170739E-1,3.962998268E-1
4.382754055E2,3.776541173E-2,1.218091965E-2,-3.971659836E-1,3.991433573E-1
4.382853945E2,-1.268275693E-1,-1.063456500E-1,-4.570490733E-1,4.860951399E-1
4.382953835E2,-3.051103440E-1,-2.513466579E-1,-5.136398882E-1,6.481461248E-1
4.383053725E2,-3.739437667E-1,-3.420533448E-1,-5.756577963E-1,7.669526255E-1
4.383153615E2,-4.671752813E-1,-3.896438330E-1,-5.726073039E-1,8.354365234E-1
4.383253505E2,-4.861220142E-1,-3.834142095E-1,-5.358555070E-1,8.188175579E-1
4.383353395E2,-4.345349541E-1,-3.184493047E-1,-5.465766692E-1,7.674481359E-1
4.383453285E2,-3.379070842E-1,-2.562624121E-1,-5.355219233E-1,6.831071305E-1
4.383553175E2,-2.329831848E-1,-1.728448641E-1,-5.063323304E-1,5.835485757E-1
4.383653065E2,-1.620064652E-1,-9.942488551E-2,-4.771725583E-1,5.136390299E-1
4.383752955E2,-1.628958267E-1,-7.393277943E-2,-3.471892467E-1,3.905655889E-1
4.383852845E2,-4.409473032E-2,-9.985699475E-2,-2.644049522E-1,2.860519942E-1
4.383952735E2,1.688588172E-2,-1.106807756E-1,-1.427328730E-1,1.814057334E-1
4.384052625E2,9.696847022E-2,-1.011995155E-1,-6.146943927E-2,1.530448239E-1
4.384152515E2,1.832757121E-1,-8.479105890E-2,-6.519645452E-2,2.122029406E-1
4.384252405E2,1.973259866E-1,-8.904490829E-2,-5.136194229E-2,2.224962692E-1
4.384352295E2,2.210767919E-1,-8.111316025E-2,-5.534214199E-2,2.419029668E-1
4.384452185E2,1.606344160E-1,-2.348241806E-2,-9.014476955E-2,1.856903849E-1
4.384552075E2,3.141425380E-1,-6.977423966E-2,-2.625908536E-1,4.153407458E-1
4.384651965E2,2.962339783E-1,-5.257114649E-2,-3.620280182E-1,4.707255902E-1
4.384751855E2,2.737230751E-1,-6.067363322E-2,-4.486103716E-1,5.290150066E-1
4.384851745E2,2.879151446E-1,-4.437744319E-2,-4.556302464E-1,5.407988622E-1
4.384951635E2,2.458616772E-1,-2.206505299E-2,-3.796103033E-1,4.528121170E-1
4.385051525E2,2.326326442E-1,2.071434617E-2,-3.059216452E-1,3.848832086E-1
4.385151415E2,1.810438299E-1,3.472310543E-2,-1.910870075E-1,2.655123478E-1
4.385251305E2,1.064924151E-1,1.040628970E-2,-7.177281797E-2,1.288420069E-1
4.385351195E2,5.613502443E-2,-2.194635451E-2,3.474649429E-2,6.957084382E-2
4.385451085E2,8.741587400E-2,-1.006516314E-1,1.073893780E-1,1.711863441E-1
4.385550975E2,9.736988157E-2,-1.589857936E-1,1.798217618E-1,2.590236330E-1
4.385650865E2,8.356548250E-2,-1.399805886E-1,1.898251784E-1,2.502226077E-1
4.385750755E2,1.908209592E-2,-1.342544103E-1,1.915945458E-1,2.347271673E-1
4.385850645E2,-1.106810680E-1,-1.062883472E-1,1.635474989E-1,2.242661275E-1
4.385950535E2,-2.545333904E-1,-8.356255889E-2,1.743896985E-1,3.196587478E-1
4.386050425E2,-3.778128693E-1,-9.404369295E-2,1.613086000E-1,4.214347456E-1
4.386150315E2,-4.329714087E-1,-6.165362656E-2,1.315059265E-1,4.566828430E-1
4.386250205E2,-3.999188527E-1,3.075810850E-2,4.842751712E-2,4.040128394E-1
4.386350095E2,-3.225145814E-1,1.513048911E-1,-2.629025102E-2,3.572114256E-1
4.386449985E2,-2.537703288E-1,2.667640114E-1,-8.167653948E-2,3.771385351E-1
4.386549875E2,-1.685360509E-1,3.492003965E-1,-1.087912479E-1,4.027168398E-1
4.386649765E2,-8.100557148E-2,3.810168511E-1,-1.136230946E-1,4.057658820E-1
4.386749655E2,-1.113251388E-2,3.616298229E-1,-1.023210114E-1,3.759915571E-1
4.386849545E2,-2.100261390E-2,3.190732026E-1,-7.892805576E-2,3.293606783E-1
4.386949435E2,-1.457360029E-2,2.735099441E-1,-2.369233310E-2,2.749207267E-1
4.387049325E2,-1.652189255E-2,2.012833822E-1,2.441358715E-2,2.034305683E-1
4.387149215E2,2.374612749E-2,1.776734948E-1,8.703638971E-2,1.992663606E-1
4.387249105E2,1.200056228E-1,1.210572445E-1,1.241819966E-1,2.108965961E-1
4.387348995E2,1.946842146E-1,2.461677790E-2,1.613802284E-1,2.540698866E-1
4.387448875E2,2.746062970E-1,-5.525969625E-2,1.729489446E-1,3.292014426E-1
4.387548775E2,3.227262506E-1,-8.784973741E-2,1.736737069E-1,3.768718160E-1
4.387648655E2,3.178142971E-1,-7.395558357E-2,1.013363403E-1,3.416788106E-1
4.387748545E2,2.481988093E-1,-9.355545044E-4,6.418605566E-2,2.563657035E-1
4.387848435E2,9.598789215E-2,1.044464743E-1,3.046954840E-2,1.450900921E-1
4.387948325E2,-2.957960218E-2,1.904175013E-1,1.981679857E-2,1.937175345E-1
4.388048215E2,-9.833876520E-2,2.471226293E-1,-5.363183141E-2,2.713235706E-1
4.388148105E2,-1.370142961E-1,2.643151975E-1,-9.283682764E-2,3.118559243E-1
4.388247995E2,-1.744461241E-1,2.103921747E-1,-1.320617044E-1,3.035401311E-1
4.388347885E2,-1.753755391E-1,1.037781376E-1,-1.452331424E-1,2.502381809E-1
4.388447775E2,-1.372815138E-1,-2.026411057E-2,-1.472580332E-1,2.023407436E-1
4.388547665E2,-1.169562998E-1,-1.141855967E-1,-1.431404239E-1,2.172701257E-1
4.388647555E2,-8.319827735E-2,-1.585332191E-1,-1.553944337E-1,2.370699579E-1
4.388747445E2,-6.822472751E-2,-1.503190506E-1,-1.882932079E-1,2.504091902E-1
4.388847335E2,-7.037387162E-2,-1.242375451E-1,-2.187987167E-1,2.612667752E-1
4.388947225E2,-1.244524303E-1,-7.366731584E-2,-2.242758036E-1,2.668612315E-1
4.389047115E2,-1.573912579E-1,-8.441274405E-2,-2.073118615E-1,2.736342949E-1
4.389147005E2,-9.972338587E-2,-8.090675354E-2,-1.718789041E-1,2.145530567E-1
4.389246895E2,2.273806751E-2,-6.203486502E-2,-1.884931827E-1,1.997373878E-1
4.389346785E2,1.840051523E-1,4.763551176E-2,-1.797404855E-1,2.615983184E-1
4.389446675E2,2.704424948E-1,8.066350937E-2,-1.199176222E-1,3.066365615E-1
4.389546565E2,2.504751304E-1,7.045836389E-2,-2.769095153E-2,2.616657425E-1
4.389646455E2,2.411119840E-1,3.355541646E-2,4.624738276E-2,2.477897802E-1
4.389746345E2,2.098831746E-1,3.742218018E-4,1.079758537E-1,2.360293880E-1
4.389846235E2,1.804947764E-1,-2.137098849E-2,1.122536767E-1,2.136257741E-1
4.389946125E2,1.865603855E-1,1.440110743E-2,8.104211658E-2,2.039117309E-1
4.390046015E2,2.158888498E-1,2.287957013E-2,5.477379262E-3,2.171669217E-1
4.390145905E2,2.394800261E-1,1.004142344E-2,-8.166542977E-2,2.532207643E-1
4.390245795E2,2.555911517E-1,-1.301414788E-2,-1.465841416E-1,2.949290007E-1
4.390345685E2,3.324919778E-1,5.508077145E-4,-1.643488598E-1,3.708932008E-1
4.390445575E2,4.257357717E-1,4.627194107E-2,-1.998666018E-1,4.725872388E-1
4.390545465E2,5.507164979E-1,1.030747175E-1,-1.455424601E-1,5.788744822E-1
4.390645355E2,6.448461449E-1,1.904829901E-1,-4.475166500E-2,6.738790928E-1
4.390745245E2,6.968691149E-1,1.802632266E-1,1.047590080E-1,7.273897470E-1
4.390845135E2,7.465587536E-1,1.692406404E-1,2.349013638E-1,8.007315515E-1
4.390945025E2,8.141853109E-1,1.138920665E-1,3.584223327E-1,8.968476414E-1
4.391044915E2,8.740888658E-1,8.212589800E-2,4.470301616E-1,9.851964139E-1
4.391144805E2,9.246798527E-1,7.289080560E-2,4.923495913E-1,1.050120955E0
4.391244695E2,9.652086586E-1,1.919056177E-3,5.371886721E-1,1.104628040E0
4.391344585E2,8.988436380E-1,-8.723577976E-2,5.183881196E-1,1.041276241E0
4.391444475E2,8.597544166E-1,-1.307683003E-1,4.558202809E-1,9.818605470E-1
4.391544365E2,9.009682238E-1,-1.328697896E-1,4.406514341E-1,1.011717257E0
4.391644255E2,8.683293584E-1,-1.319710726E-1,4.010923889E-1,9.655502799E-1
4.391744145E2,8.144659773E-1,-1.160572904E-1,3.384046823E-1,8.895739721E-1
4.391844033E2,7.065494728E-1,-1.469960779E-1,2.515723604E-1,7.642700157E-1
4.391943923E2,5.810594541E-1,-2.070744646E-1,1.674122161E-1,6.391688143E-1
4.392043813E2,4.997094816E-1,-2.001735806E-1,1.763075852E-1,5.664480497E-1
4.392143703E2,5.075342256E-1,-1.774436992E-1,2.484669042E-1,5.922947400E-1
4.392243593E2,5.243923330E-1,-1.679764724E-1,2.949765345E-1,6.246715698E-1
4.392343483E2,4.715527993E-1,-2.137601709E-1,3.711824191E-1,6.370493242E-1
4.392443373E2,5.352327785E-1,-1.926353502E-1,3.395308560E-1,6.624678917E-1
4.392543263E2,5.573747224E-1,-5.934631526E-2,2.295154935E-1,6.056945831E-1
4.392643153E2,4.679386353E-1,3.785136580E-2,1.645874262E-1,4.974819727E-1
4.392743043E2,3.061464706E-1,1.187072486E-1,1.163905817E-1,3.483731331E-1
4.392842933E2,1.544506931E-1,1.521772957E-1,7.774370223E-2,2.303411148E-1
4.392942823E2,2.200014889E-3,1.354881728E-1,1.589536339E-2,1.364351406E-1
4.393042713E2,-2.159905913E-1,1.195814073E-1,2.689134479E-3,2.468985216E-1
4.393142603E2,-4.267195657E-1,1.161549389E-1,4.880670905E-2,4.449310648E-1
4.393242493E2,-6.013896382E-1,9.823965490E-2,9.699624449E-2,6.170322505E-1
4.393342383E2,-7.103560102E-1,7.397721827E-2,1.147334808E-1,7.233547274E-1
4.393442273E2,-7.952520266E-1,1.293000644E-1,1.195840386E-1,8.145211076E-1
4.393542163E2,-8.331323361E-1,2.752208394E-1,6.679596037E-2,8.799532375E-1
4.393642053E2,-7.793379521E-1,4.032175595E-1,-1.750627130E-2,8.776437281E-1
4.393741943E2,-6.925284344E-1,5.606971103E-1,-1.544237959E-1,9.043359944E-1
4.393841823E2,-6.784106246E-1,6.289797252E-1,-1.400177184E-1,9.356609598E-1
4.393941713E2,-6.946737778E-1,6.376534849E-1,-2.086754322E-2,9.431909026E-1
4.394041603E2,-6.573989475E-1,6.377189738E-1,-1.114800900E-1,9.226519799E-1
4.394141493E2,-5.952605867E-1,6.077701199E-1,-1.089751428E-1,8.576685062E-1
4.394241383E2,-5.414597708E-1,5.396447951E-1,-1.251187205E-2,7.645598310E-1
4.394341273E2,-4.936891884E-1,4.618429130E-1,1.020511624E-1,6.836975433E-1
4.394441163E2,-4.437182987E-1,3.982257915E-1,1.709380871E-1,6.202334554E-1
4.394541053E2,-4.357473743E-1,3.649767691E-1,1.602683803E-1,5.905673289E-1
4.394640943E2,-4.746725813E-1,3.728441978E-1,7.665699720E-2,6.084432187E-1
4.394740833E2,-5.417591482E-1,4.209621048E-1,4.776298106E-3,6.861012180E-1
4.394840723E2,-6.312405512E-1,4.219005829E-1,5.575670958E-2,7.612972783E-1
4.394940613E2,-6.606745577E-1,4.177332723E-1,1.360117909E-1,7.934047928E-1
4.395040503E2,-5.452589992E-1,2.797904384E-1,1.710749120E-1,6.362834990E-1
4.395140393E2,-5.017235550E-1,2.218427771E-1,1.339240426E-1,5.646914136E-1
4.395240283E2,-4.506475416E-1,6.252661586E-2,2.290000615E-1,5.093464563E-1
4.395340173E2,-6.228766939E-1,-1.278189647E-1,3.597019958E-1,7.305467743E-1
4.395440063E2,-7.658887714E-1,-5.443073648E-1,7.347090787E-1,1.192750413E0
4.395539953E2,-8.411307424E-1,-1.005029951E0,1.107002761E0,1.715529435E0
4.395639843E2,-6.759042156E-1,-1.369110342E0,1.329614739E0,2.024644412E0
4.395739733E2,-4.417591891E-1,-1.413354469E0,1.288640668E0,1.962986706E0
4.395839623E2,-1.182792324E-1,-1.215811551E0,9.226017523E-1,1.530810797E0
4.395939513E2,9.126071066E-2,-7.909879446E-1,4.240599597E-1,9.021182268E-1
4.396039403E2,1.511905780E-1,-3.491729146E-1,8.079360992E-2,3.889831906E-1
4.396139293E2,3.514585912E-2,2.045589924E-2,-2.062345120E-1,2.102054927E-1
4.396239183E2,-1.442113414E-1,3.296566629E-1,-4.283402677E-1,5.594155981E-1
4.396339073E2,-3.131929502E-1,5.151835531E-1,-4.697501028E-1,7.643095423E-1
4.396438963E2,-4.720904508E-1,5.973948205E-1,-4.299463516E-1,8.744162799E-1
4.396538853E2,-6.194794616E-1,5.552936983E-1,-3.500178373E-1,9.025621204E-1
4.396638743E2,-6.730855653E-1,4.720884043E-1,-2.717054933E-1,8.658726897E-1
4.396738633E2,-4.023451549E-1,5.625448304E-1,-5.247776645E-1,8.681761959E-1
4.396838523E2,-2.505447122E-1,6.828121161E-1,-6.386225148E-1,9.679068938E-1
4.396938413E2,-5.287987947E-2,4.569885546E-1,-3.058503091E-1,5.524302963E-1
4.397038303E2,-1.778445259E-1,3.435841459E-1,-3.776921242E-1,5.406755787E-1
4.397138193E2,-2.289804733E-1,2.493094879E-1,-4.216026673E-1,5.406811324E-1
4.397238083E2,-6.636005044E-2,2.013541335E-1,-3.516462868E-1,4.106120486E-1
4.397337973E2,-1.588366896E-1,1.671069914E-1,-2.793770403E-1,3.622228198E-1
4.397437863E2,-2.000142440E-1,2.091414553E-1,-2.765822174E-1,4.003043456E-1
4.397537753E2,-2.373563173E-1,2.099384308E-1,-3.135914379E-1,4.458158320E-1
4.397637643E2,-2.812803090E-1,1.360243624E-1,-3.248036201E-1,4.506868436E-1
4.397737533E2,-3.205931863E-1,3.003305376E-2,-2.979941364E-1,4.387282539E-1
4.397837423E2,-3.128435791E-1,-3.719296932E-2,-2.166856791E-1,3.823703773E-1
4.397937313E2,-2.604250449E-1,-9.848465323E-2,-1.900982434E-1,3.371316850E-1
4.398037203E2,-1.290337238E-1,-1.011620933E-1,-1.319437368E-1,2.104581210E-1
4.398137093E2,-9.316924185E-2,-8.988515317E-2,-5.598007321E-2,1.410447340E-1
4.398236983E2,-6.958829820E-2,-5.663730025E-2,-7.051975965E-2,1.141198998E-1
4.398336873E2,-9.451936394E-2,-3.454535007E-3,-1.919215514E-1,2.139619729E-1
4.398436763E2,-1.370751071E-1,2.398820221E-2,-3.032409891E-1,3.336466939E-1
4.398536653E2,-9.084789723E-2,2.894371748E-4,-3.347285378E-1,3.468380288E-1
4.398636543E2,-4.479025662E-2,2.210832238E-3,-3.174476767E-1,3.205995669E-1
4.398736433E2,2.186303169E-2,1.202947676E-2,-2.500288416E-1,2.512710133E-1
4.398836323E2,4.335388809E-2,-1.927943945E-2,-1.631683069E-1,1.699269043E-1
4.398936213E2,1.674472994E-1,-9.580136597E-2,-1.121829984E-1,2.231625527E-1
4.399036103E2,1.645093659E-1,-3.015467584E-2,-1.651312172E-1,2.350339440E-1
4.399135993E2,1.021803859E-1,5.139410198E-2,-1.710597092E-1,2.057756280E-1
4.399235883E2,2.767896473E-2,9.309001207E-2,-1.299607998E-1,1.622395911E-1
4.399335773E2,1.905285984E-2,1.063023806E-1,-1.221524280E-1,1.630473037E-1
4.399435663E2,7.312235534E-3,9.086222291E-2,-1.583889391E-1,1.827470064E-1
4.399535553E2,5.472116768E-2,6.343293428E-2,-1.260355639E-1,1.513377241E-1
4.399635443E2,1.026522562E-1,4.176724613E-2,-9.356312491E-2,1.450380877E-1
4.399735333E2,1.671028984E-1,-2.225274861E-2,-3.962891936E-2,1.731733661E-1
4.399835223E2,2.609460318E-1,-7.320012331E-2,-4.210170686E-2,2.742692897E-1
4.399935113E2,2.938418823E-1,-8.548746228E-2,-2.592311896E-2,3.071207680E-1
4.400035003E2,3.223727864E-1,-9.060377598E-2,6.215341732E-2,3.405823027E-1
4.400134893E2,3.157189474E-1,-1.371096057E-1,1.888246467E-1,3.925967968E-1
4.400234783E2,3.613143656E-1,-1.919412857E-1,3.749426904E-1,5.549518438E-1
4.400334673E2,4.109595653E-1,-2.724966216E-1,4.316829016E-1,6.553566210E-1
4.400434563E2,3.657354453E-1,-1.747767842E-1,3.781920612E-1,5.543812546E-1
4.400534453E2,4.896101707E-1,-2.981518650E-1,3.941947210E-1,6.957026175E-1
4.400634343E2,5.064027894E-1,-3.848941398E-1,1.089078999E-1,6.453279899E-1
4.400734233E2,5.086630306E-1,-2.266468495E-1,9.077509940E-2,5.642224665E-1
4.400834113E2,4.404903433E-1,-1.539484173E-1,1.417405274E-1,4.876702111E-1
4.400934003E2,3.795044687E-1,-1.136605167E-1,2.017271128E-1,4.445629122E-1
4.401033893E2,2.904776868E-1,-1.477556312E-1,2.526517564E-1,4.123613987E-1
4.401133783E2,1.799068388E-1,-2.105991662E-1,3.123546787E-1,4.174732623E-1
4.401233673E2,4.034257203E-2,-2.536411053E-1,2.847290698E-1,3.834474887E-1
4.401333563E2,-7.691456705E-2,-2.879262543E-1,2.374430754E-1,3.810467066E-1
4.401433453E2,-1.411009151E-1,-2.663938826E-1,2.036117435E-1,3.637759077E-1
4.401533343E2,-1.840270793E-1,-2.081181926E-1,1.115332997E-1,2.993640341E-1
4.401633233E2,-1.605399835E-1,-8.634115577E-2,2.714796446E-2,1.842956686E-1
4.401733123E2,-1.614796311E-1,6.450239003E-2,-5.731199585E-2,1.830871225E-1
4.401833012E2,-1.456582350E-1,1.455687726E-1,-1.112595769E-1,2.340625609E-1
4.401932902E2,-1.392499790E-1,1.402174008E-1,-1.568245896E-1,2.522804551E-1
4.402032792E2,-1.701799956E-1,1.353881854E-1,-1.710017487E-1,2.766456031E-1
4.402132682E2,-1.967415574E-1,1.021701533E-1,-1.557172000E-1,2.709129510E-1
4.402232572E2,-2.078533137E-1,8.510037661E-2,-1.708462858E-1,2.821941309E-1
4.402332462E2,-1.851424357E-1,9.307130098E-2,-1.954467281E-1,2.848498062E-1
4.402432352E2,-1.671154699E-1,5.551112652E-2,-1.648489064E-1,2.412140696E-1
4.402532242E2,-1.200611714E-1,-1.740599155E-2,-1.271050928E-1,1.757081615E-1
4.402632132E2,-1.006460765E-1,-6.301193476E-2,-1.153737875E-1,1.655634243E-1
4.402732022E2,-7.913358539E-2,-7.839478970E-2,-7.135941982E-2,1.322876948E-1
4.402831912E2,-1.161257029E-2,-6.840131342E-2,-6.881884117E-2,9.772217950E-2
4.402931802E2,6.340720654E-3,5.337279975E-2,2.170131963E-2,5.796384878E-2
4.403031692E2,6.603436053E-2,-1.740254170E-1,-7.465026934E-2,2.005443722E-1
4.403131582E2,2.640599665E-1,-1.508219111E-1,-3.984914012E-3,3.041229921E-1
4.403231472E2,2.755181703E-1,-1.708568108E-1,4.922182482E-2,3.279102011E-1
4.403331362E2,2.752617699E-1,-1.854128695E-1,9.204982895E-2,3.444127540E-1
4.403431252E2,2.630361190E-1,-2.037234253E-1,9.148027360E-2,3.450505389E-1
4.403531142E2,2.947616494E-1,-2.079024303E-1,8.564475238E-2,3.707328878E-1
4.403631032E2,3.215056443E-1,-1.723536980E-1,9.490316056E-2,3.769327346E-1
4.403730922E2,3.356754944E-1,-1.499126691E-1,1.084166972E-1,3.832832192E-1
4.403830812E2,3.532510552E-1,-1.449495524E-1,9.643926065E-2,3.938238334E-1
4.403930702E2,3.661751559E-1,-1.622935635E-1,1.290754948E-1,4.208134134E-1
4.404030592E2,3.391022551E-1,-1.455652642E-1,1.251736478E-1,3.896768247E-1
4.404130482E2,3.329594627E-1,-1.215981120E-1,1.128506408E-1,3.719991556E-1
4.404230372E2,2.912913269E-1,-8.549389422E-2,1.003247720E-1,3.197262938E-1
4.404330262E2,2.773460099E-1,-4.471248865E-2,8.055942893E-2,2.922496150E-1
4.404430152E2,2.572017673E-1,-3.333731532E-2,4.441073578E-2,2.631281800E-1
4.404530042E2,2.050606835E-1,-7.361644506E-4,2.653002340E-2,2.067710521E-1
4.404629932E2,1.171603677E-1,5.178878903E-2,2.796101980E-3,1.281266897E-1
4.404729822E2,3.439595371E-2,7.297909856E-2,-2.489919841E-2,8.443340891E-2
4.404829712E2,-6.904860020E-2,7.113722563E-2,-1.550973952E-2,1.003432413E-1
4.404929602E2,-1.769750449E-1,7.737620473E-2,-3.624626856E-2,1.965223538E-1
4.405029492E2,-2.529604894E-1,7.992559075E-2,-2.829062004E-2,2.667910576E-1
4.405129382E2,-3.736359107E-1,1.419885224E-1,2.297020197E-2,4.003650390E-1
4.405229272E2,-4.031175721E-1,3.981661499E-2,-1.807429176E-2,4.054822065E-1
4.405329162E2,-2.881446478E-1,5.908962250E-2,-4.420262972E-2,2.974437661E-1
4.405429052E2,-2.483654550E-1,8.294860125E-2,-7.115440182E-3,2.619475122E-1
4.405528942E2,-2.182537562E-1,8.303514004E-2,4.482066214E-2,2.377781073E-1
4.405628832E2,-1.675382236E-1,9.922958851E-2,5.190222502E-2,2.015177624E-1
4.405728722E2,-1.424364191E-1,7.701192319E-2,1.825381955E-2,1.629483714E-1
4.405828612E2,-1.151085797E-1,1.014129388E-1,-3.984002212E-2,1.584985699E-1
4.405928502E2,-1.099864188E-1,1.089692956E-1,-4.397692719E-2,1.609512033E-1
4.406028392E2,-1.102331713E-1,1.071917421E-1,-3.897874553E-2,1.586214494E-1
4.406128282E2,-1.481006169E-1,8.961384237E-2,-4.537967423E-2,1.789518044E-1
4.406228172E2,-1.808833238E-1,9.184747875E-2,-2.321227670E-2,2.041899752E-1
4.406328062E2,-2.324908492E-1,9.306720793E-2,-4.589881562E-4,2.504270569E-1
4.406427952E2,-2.619877133E-1,7.164768755E-2,1.626344562E-2,2.720945657E-1
4.406527842E2,-2.930215180E-1,6.235002995E-2,1.906073531E-2,3.001873546E-1
4.406627732E2,-2.899479291E-1,5.100467741E-2,3.136855781E-2,2.960663188E-1
4.406727622E2,-3.122302061E-1,3.088616252E-2,4.541766286E-2,3.170243220E-1
4.406827512E2,-3.364514199E-1,3.390274107E-2,4.738583565E-2,3.414591794E-1
4.406927402E2,-3.443679652E-1,4.928384185E-2,5.476560652E-2,3.521611338E-1
4.407027292E2,-3.781487918E-1,6.020936430E-2,4.315479040E-2,3.853362327E-1
4.407127182E2,-4.014297733E-1,3.304729342E-2,4.478033463E-2,4.052693732E-1
4.407227072E2,-4.024816874E-1,3.118495524E-2,7.821702520E-2,4.111957115E-1
4.407326962E2,-4.028886536E-1,4.301270306E-2,9.449275911E-2,4.160507677E-1
4.407426852E2,-3.638473794E-1,6.837383151E-2,1.304642359E-1,3.925312894E-1
4.407526742E2,-3.112928975E-1,9.086222291E-2,1.461686969E-1,3.557028247E-1
4.407626632E2,-2.610863650E-1,1.033998227E-1,1.575403619E-1,3.219884764E-1
4.407726522E2,-1.998487678E-1,1.253795063E-1,1.563030910E-1,2.830021323E-1
4.407826412E2,-1.827710974E-1,1.268500811E-1,1.321476402E-1,2.587647888E-1
4.407926302E2,-1.807543927E-1,1.057995200E-1,1.332726536E-1,2.482484424E-1
4.408026192E2,-1.485552379E-1,1.202941829E-1,1.451313917E-1,2.400051458E-1
4.408126082E2,-1.511195344E-1,1.293637991E-1,1.493676994E-1,2.487625692E-1
4.408225972E2,-1.460415199E-1,1.338375038E-1,1.440683679E-1,2.449414167E-1
4.408325862E2,-1.499325496E-1,1.256303519E-1,1.721841288E-1,2.605957194E-1
4.408425752E2,-1.796501461E-1,9.214977980E-2,1.619123250E-1,2.588075692E-1
4.408525642E2,-1.860335514E-1,9.788765252E-2,1.552523464E-1,2.613307594E-1
4.408625532E2,-2.173757967E-1,8.415020406E-2,1.508803924E-1,2.776659624E-1
4.408725412E2,-2.295894608E-1,9.990611136E-2,1.466937768E-1,2.901923772E-1
4.408825302E2,-2.237548167E-1,1.403729367E-1,8.544303258E-2,2.776171665E-1
4.408925192E2,-2.235931411E-1,1.877616960E-1,5.726938426E-2,2.975367702E-1
4.409025082E2,-2.518039101E-1,1.883177662E-1,3.934065163E-2,3.168855899E-1
4.409124982E2,-2.428582549E-1,1.459891874E-1,6.612031460E-3,2.834372837E-1
4.409224862E2,-2.525076225E-1,7.991681993E-2,3.192696691E-2,2.667698048E-1
4.409324752E2,-1.597564566E-1,7.531096816E-2,-2.611769968E-1,3.152892181E-1
4.409424642E2,-2.144767472E-1,9.466115892E-2,-1.077846497E-1,2.580281783E-1
4.409524532E2,-2.576809466E-1,5.083978593E-2,-8.267612100E-2,2.753534003E-1
4.409624422E2,-2.585849261E-1,-2.305674076E-2,-5.632973671E-2,2.656516828E-1
4.409724312E2,-2.450202629E-1,-5.318510413E-2,-4.541298509E-2,2.548056588E-1
4.409824202E2,-9.906937480E-2,-7.345857024E-3,-6.501226723E-2,1.187236182E-1
4.409924092E2,-4.251042724E-2,9.119142115E-2,-1.084588337E-1,1.479402931E-1
4.410023982E2,-5.499335557E-2,1.491221255E-1,-7.037416399E-2,1.738223243E-1
4.410123872E2,-4.929699808E-2,1.489461243E-1,-5.905278504E-2,1.676376252E-1
4.410223762E2,-7.426256239E-3,1.737804186E-1,-1.728787780E-2,1.747960351E-1
4.410323652E2,4.364624888E-2,1.238387650E-1,-6.960291624E-2,1.486122495E-1
4.410423542E2,1.097934607E-1,9.815487027E-2,-1.245480323E-1,1.928761129E-1
4.410523432E2,1.550865778E-1,4.349100530E-2,-1.955659747E-1,2.533562011E-1
4.410623322E2,1.634741163E-1,-4.069252789E-2,-2.586059761E-1,3.086368731E-1
4.410723212E2,1.888504475E-1,-1.383316737E-1,-2.264591539E-1,3.257052224E-1
4.410823102E2,1.998180699E-1,-1.357787794E-1,-2.626627743E-1,3.568681423E-1
4.410922992E2,2.692084399E-1,-1.008171076E-1,-2.575745273E-1,3.859817488E-1
4.411022882E2,3.240260866E-1,-1.235300320E-1,-2.736157787E-1,4.417218219E-1
4.411122772E2,3.869710708E-1,-2.004133165E-1,-3.351565540E-1,5.497654252E-1
4.411222662E2,4.188594460E-1,-2.447077292E-1,-3.575864732E-1,6.026551204E-1
4.411322552E2,4.159919715E-1,-2.192471981E-1,-3.895812678E-1,6.106490141E-1
4.411422442E2,3.389780018E-1,2.658144236E-3,-4.165626597E-1,5.370638704E-1
4.411522332E2,5.717503944E-1,-1.036448210E-1,-2.969660497E-1,6.525562022E-1
4.411622222E2,5.283365723E-1,1.057176590E-3,-3.421521628E-1,6.294511528E-1
4.411722112E2,5.054289356E-1,3.514001191E-2,-1.872980118E-1,5.401608784E-1
4.411822007E2,5.721868891E-1,7.048643053E-2,-5.539652109E-2,5.791674606E-1
4.411921897E2,5.806881559E-1,3.799988508E-2,7.275573492E-2,5.864606744E-1
4.412021787E2,5.976713938E-1,-1.070069700E-1,2.114739096E-1,6.429485213E-1
4.412121677E2,6.301912683E-1,-2.521635139E-1,3.588576579E-1,7.677931304E-1
4.412221567E2,7.023766074E-1,-3.699691218E-1,4.062434936E-1,8.917644452E-1
4.412321457E2,8.366684398E-1,-4.238430279E-1,4.017668653E-1,1.020330145E0
4.412421347E2,1.027784391E0,-4.597917098E-1,3.967183793E-1,1.193790033E0
4.412521237E2,1.135298315E0,-5.693305242E-1,3.608796251E-1,1.320330873E0
4.412621127E2,1.135885960E0,-6.775162929E-1,3.233545339E-1,1.361551834E0
4.412721017E2,1.139195776E0,-7.120224667E-1,3.356898201E-1,1.384713207E0
4.412820907E2,1.153507714E0,-6.464190459E-1,2.916637945E-1,1.354069938E0
4.412920797E2,1.147957244E0,-5.409598339E-1,2.428886604E-1,1.292067443E0
4.413020687E2,1.116066822E0,-4.276460570E-1,2.156839232E-1,1.214498191E0
4.413120577E2,1.074947155E0,-3.456552297E-1,1.456962601E-1,1.138514965E0
4.413220467E2,1.009204863E0,-2.930653721E-1,6.138406992E-3,1.050913626E0
4.413320357E2,8.859993517E-1,-1.949116713E-1,-1.223646454E-1,9.154007414E-1
4.413420247E2,7.533339223E-1,-1.097703642E-1,-2.541515672E-1,8.025923937E-1
4.413520137E2,6.373000208E-1,-5.124207437E-2,-3.838030493E-1,7.457089562E-1
4.413620027E2,5.297434124E-1,-1.251362622E-2,-4.746512389E-1,7.113919261E-1
4.413719917E2,3.751120403E-1,3.479093313E-4,-4.794307530E-1,6.087388691E-1
4.413819807E2,2.688754410E-1,-2.965298474E-2,-4.489082873E-1,5.241106302E-1
4.413919697E2,2.128825039E-1,-9.254797518E-2,-4.328424776E-1,4.911585269E-1
4.414019587E2,1.849588332E-1,-1.387713844E-1,-3.458908725E-1,4.160622102E-1
4.414119477E2,1.682290721E-1,-2.022645450E-1,-2.757126450E-1,3.810897919E-1
4.414219367E2,1.741397300E-1,-1.836481798E-1,-1.995853325E-1,3.223128984E-1
4.414319257E2,1.505584940E-1,-1.706369555E-1,-1.450319982E-1,2.698501643E-1
4.414419147E2,2.124696904E-1,-1.721800357E-1,-2.649490356E-2,2.747568270E-1
4.414519037E2,3.095083272E-1,-1.769045860E-1,1.040605581E-1,3.713747931E-1
4.414618927E2,3.899417487E-1,-2.178608233E-1,2.144805662E-1,4.954995650E-1
4.414718817E2,5.169956052E-1,-2.937389714E-1,2.210808849E-1,6.343845812E-1
4.414818707E2,6.641685614E-1,-3.338432693E-1,2.071797510E-1,7.716830021E-1
4.414918597E2,7.464441481E-1,-3.394998658E-1,1.758924512E-1,8.386758489E-1
4.415018487E2,8.160877025E-1,-2.904136598E-1,1.236393750E-1,8.750005297E-1
4.415118377E2,8.005981359E-1,-2.625955313E-1,1.055246643E-1,8.491461847E-1
4.415218267E2,7.528351548E-1,-2.744086611E-1,4.993056217E-2,8.028411703E-1
4.415318157E2,7.231982499E-1,-3.040470278E-1,6.768386006E-2,7.874270815E-1
4.415418047E2,6.613686222E-1,-2.769030833E-1,-3.436640700E-2,7.178194912E-1
4.415517937E2,6.432381606E-1,-2.014149445E-1,-4.890845060E-2,6.758071823E-1
4.415617827E2,6.125148430E-1,-1.899438769E-1,-4.568546534E-2,6.429154463E-1
4.415717717E2,5.721316329E-1,-1.888761753E-1,-5.752143580E-2,6.052417125E-1
4.415817607E2,5.168590727E-1,-1.624420828E-1,-8.081319809E-2,5.477787001E-1
4.415917497E2,4.830729836E-1,-1.234733140E-1,-7.176868837E-2,5.037419095E-1
4.416017387E2,4.023460320E-1,-8.599266171E-2,-1.407655042E-2,4.116736773E-1
4.416117277E2,3.186975190E-1,-1.812432200E-1,8.627036791E-3,3.667310175E-1
4.416217167E2,2.740978816E-1,-1.630069238E-1,3.750407774E-2,3.211035063E-1
4.416317057E2,1.738567248E-1,-1.659252691E-1,9.131830573E-2,2.570921793E-1
4.416416947E2,9.544994831E-2,-1.793943304E-1,1.141891416E-1,2.330926392E-1
4.416516837E2,2.295763046E-2,-1.710895300E-1,1.416359353E-1,2.232922261E-1
4.416616727E2,1.928440958E-2,-1.381299448E-1,1.443046228E-1,2.006878030E-1
4.416716617E2,9.698016465E-2,-6.650389194E-2,1.163970137E-1,1.654575014E-1
4.416816507E2,1.789443871E-1,-4.084864855E-2,9.943776766E-2,2.087524261E-1
4.416916397E2,2.206598854E-1,-5.341665387E-2,6.625480056E-2,2.365033246E-1
4.417016287E2,2.377480808E-1,-7.424209714E-2,6.370777169E-2,2.570889322E-1
4.417116177E2,3.012888962E-1,-1.073040086E-1,4.622457862E-2,3.231499047E-1
4.417216067E2,3.818348765E-1,-1.730822611E-1,9.837355614E-3,4.193472494E-1
4.417315957E2,4.172327507E-1,-2.400527608E-1,-6.011758128E-2,4.851006285E-1
4.417415847E2,5.182179657E-1,-3.817986238E-1,-4.503757557E-2,6.452506740E-1
4.417515737E2,4.164831376E-1,-3.211132962E-1,-7.216163954E-2,5.308288379E-1
4.417615627E2,2.670177805E-1,-3.248841655E-1,2.424489498E-2,4.212315647E-1
4.417715517E2,2.273780438E-1,-2.451643968E-1,1.115368080E-1,3.524866179E-1
4.417815407E2,9.056138366E-2,-1.560154080E-1,3.046574954E-1,3.540598272E-1
4.417915297E2,-7.092467934E-2,-1.918038762E-1,4.279811025E-1,4.743277992E-1
4.418015187E2,-1.224930283E-1,-3.292888731E-1,5.640306079E-1,6.645045001E-1
4.418115077E2,-7.450288296E-2,-3.474579263E-1,6.179664946E-1,7.128536165E-1
4.418214967E2,5.051117241E-2,-2.472460055E-1,4.732502460E-1,5.363280350E-1
4.418314857E2,2.819705728E-1,-6.928716660E-2,2.609097791E-1,3.903614071E-1
4.418414747E2,4.643949303E-1,1.354788172E-1,1.469826293E-1,5.055898086E-1
4.418514637E2,5.349807635E-1,2.743981361E-1,4.286009073E-2,6.027733752E-1
4.418614527E2,4.828276929E-1,3.597809333E-1,-1.476539125E-2,6.023146335E-1
4.418714417E2,3.599031401E-1,3.296432143E-1,-5.367920299E-2,4.909952910E-1
4.418814307E2,2.181315494E-1,1.869465941E-1,-7.407837510E-2,2.966782896E-1
4.418914197E2,1.026806152E-1,5.286467671E-2,-1.620433027E-1,1.989874738E-1
4.419014077E2,3.328995287E-2,1.199556291E-2,-2.252651707E-1,2.280274361E-1
4.419113967E2,-1.067760050E-2,4.099307477E-2,-2.384675807E-1,2.422008059E-1
4.419213857E2,-7.407983691E-2,1.572439080E-1,-2.153254523E-1,2.767282408E-1
4.419313747E2,-1.428910401E-1,2.709909636E-1,-2.135514071E-1,3.734409661E-1
4.419413637E2,-3.179984844E-1,2.889565337E-1,-1.960799450E-1,4.722989088E-1
4.419513527E2,-5.355464816E-1,2.660465580E-1,-1.283826546E-1,6.116150023E-1
4.419613417E2,-7.190245074E-1,2.420665419E-1,-1.446414042E-1,7.723429217E-1
4.419713307E2,-8.477930599E-1,2.505689782E-1,-2.724779105E-1,9.250849134E-1
4.419813197E2,-8.751317167E-1,2.654747003E-1,-3.807484639E-1,9.906067489E-1
4.419913087E2,-8.389748740E-1,3.227505165E-1,-3.485215348E-1,9.641130615E-1
4.420012977E2,-8.317339745E-1,4.695992446E-1,-2.530902610E-1,9.881090705E-1
4.420112867E2,-8.109740201E-1,5.630874521E-1,-1.780740291E-1,1.003223155E0
4.420212757E2,-8.537709609E-1,6.237774575E-1,-1.733570437E-1,1.071483007E0
4.420312647E2,-8.448928410E-1,5.557392561E-1,-1.505739526E-1,1.022429728E0
4.420412537E2,-8.822811073E-1,4.150154865E-1,-2.237846740E-1,1.000368625E0
4.420512427E2,-1.000531981E0,2.854575598E-1,-2.949481755E-1,1.081454895E0
4.420612317E2,-1.127477664E0,2.101226181E-1,-4.022949419E-1,1.215400599E0
4.420712207E2,-1.227780216E0,1.788441074E-1,-6.048032427E-1,1.380295779E0
4.420812097E2,-1.253329917E0,1.870313787E-1,-7.124749681E-1,1.453766556E0
4.420911987E2,-1.226493244E0,2.454175812E-1,-7.070716292E-1,1.436824887E0
4.421011877E2,-1.139095497E0,3.085879755E-1,-6.559640408E-1,1.350205137E0
4.421111767E2,-1.044550697E0,3.583401793E-1,-5.944800200E-1,1.254153235E0
4.421211657E2,-8.481140721E-1,3.653825659E-1,-4.980605668E-1,1.049221724E0
4.421311547E2,-7.220010325E-1,3.728266561E-1,-3.516264429E-1,8.853961609E-1
4.421411437E2,-6.706528312E-1,3.350782013E-1,-2.370304447E-1,7.862798819E-1
4.421511327E2,-6.608745325E-1,3.268915147E-1,-7.626994807E-2,7.412356676E-1
4.421611217E2,-6.915618896E-1,3.741551435E-1,1.772170465E-2,7.864883835E-1
4.421711107E2,-6.533906811E-1,4.053266501E-1,1.018865633E-1,7.756222968E-1
4.421810997E2,-6.044915861E-1,3.916973752E-1,1.337830881E-1,7.326218848E-1
4.421910884E2,-5.164898211E-1,3.459335572E-1,6.950460993E-2,6.255099136E-1
4.422010774E2,-4.227367347E-1,2.914608961E-1,2.869287193E-2,5.142752977E-1
4.422110664E2,-3.079593998E-1,2.427079815E-1,-3.028861362E-2,3.932728777E-1
4.422210554E2,-1.551798409E-1,1.558774137E-1,-4.815299034E-2,2.251605241E-1
4.422310444E2,-1.484622672E-1,8.229897559E-2,-1.018801314E-1,1.979740572E-1
4.422410334E2,-1.445691910E-1,-1.177763718E-1,-2.708788432E-2,1.884284433E-1
4.422510224E2,-3.047577569E-1,-2.950499171E-1,-1.767969972E-1,4.595529591E-1
4.422610114E2,-5.884909728E-1,-2.878005391E-1,-2.190595390E-1,6.907516609E-1
4.422710004E2,-8.085202360E-1,-2.596754318E-1,-2.189308637E-1,8.769646658E-1
4.422809894E2,-1.041391739E0,-1.580169100E-1,-1.707376007E-1,1.067060179E0
4.422909784E2,-1.132324128E0,3.587851524E-3,-1.367944407E-1,1.140562810E0
4.423009674E2,-1.124064644E0,1.526509202E-1,-1.173185349E-1,1.140432929E0
4.423109564E2,-1.045484205E0,3.173482740E-1,-2.516758561E-2,1.092877192E0
4.423209454E2,-8.741742352E-1,4.981833583E-1,7.837490916E-2,1.009212504E0
4.423309344E2,-6.839868218E-1,6.417231470E-1,2.074732812E-1,9.605684422E-1
4.423409234E2,-4.519187263E-1,6.679192579E-1,3.534279335E-1,8.804873505E-1
4.423509124E2,-2.781587729E-1,5.232883787E-1,3.849526119E-1,7.066764066E-1
4.423609014E2,-1.260504743E-1,3.004509902E-1,3.787622013E-1,4.996201804E-1
4.423708904E2,1.194410741E-2,5.193613887E-2,3.637394983E-1,3.676226963E-1
4.423808794E2,6.769555449E-2,-1.025642556E-1,2.516553909E-1,2.800581196E-1
4.423908684E2,1.592515495E-1,-2.730714029E-1,1.846211199E-1,3.660792333E-1
4.424008574E2,1.777205649E-1,-3.792240947E-1,2.928172309E-2,4.198248832E-1
4.424108464E2,5.400722265E-2,-3.568444616E-1,-9.720411301E-2,3.737691660E-1
4.424208354E2,-9.736958921E-2,-3.160531157E-1,-2.265252274E-1,4.008541973E-1
4.424308244E2,-3.090662777E-1,-1.871342897E-1,-3.217003566E-1,4.837688765E-1
4.424408134E2,-5.120883295E-1,-3.094697356E-2,-3.505107210E-1,6.213291703E-1
4.424508024E2,-6.256269318E-1,9.039269149E-2,-3.250040334E-1,7.107795145E-1
4.424607914E2,-6.330178124E-1,1.916916096E-1,-2.255738854E-1,6.988138534E-1
4.424707804E2,-5.805492845E-1,2.773930800E-1,-1.078425006E-1,6.523912917E-1
4.424807694E2,-4.922183213E-1,3.342677772E-1,2.811695773E-2,5.956545861E-1
4.424907584E2,-3.763671452E-1,3.515819675E-1,1.488338212E-1,5.361097035E-1
4.425007474E2,-2.682799020E-1,3.154374039E-1,2.441720877E-1,4.807232780E-1
4.425107364E2,-1.535543150E-1,2.216369551E-1,3.136083583E-1,4.135844169E-1
4.425207254E2,-2.057635188E-2,1.240861022E-1,2.877899776E-1,3.140761345E-1
4.425307144E2,8.403822988E-2,3.068677247E-2,2.226549188E-1,2.399569023E-1
4.425407034E2,1.548681843E-1,-3.724384010E-2,1.272611038E-1,2.038790001E-1
4.425506924E2,1.349844351E-1,-4.049840033E-2,-3.764320493E-2,1.458695617E-1
4.425606814E2,1.227266246E-1,-1.108965379E-1,-9.781459887E-2,1.921654554E-1
4.425706704E2,-3.989028990E-2,-1.210081279E-1,-1.934931368E-1,2.316760588E-1
4.425806594E2,-2.040619791E-1,-1.070420533E-1,-2.415613790E-1,3.338430654E-1
4.425906484E2,-3.350004333E-1,-7.136819065E-2,-3.050177022E-1,4.586442059E-1
4.426006374E2,-4.292487788E-1,-3.084464729E-2,-3.159004669E-1,5.338529866E-1
4.426106264E2,-4.938046709E-1,-3.435823917E-3,-2.932571973E-1,5.743297325E-1
4.426206154E2,-4.769170350E-1,3.677021563E-2,-2.357445323E-1,5.332704675E-1
4.426306044E2,-3.841135365E-1,5.258284092E-2,-1.703276926E-1,4.234615531E-1
4.426405934E2,-2.642339212E-1,9.334904373E-2,-1.201310090E-1,3.049017356E-1
4.426505824E2,-1.002095819E-1,8.670309842E-2,-3.142527580E-2,1.361871342E-1
4.426605714E2,6.801539719E-2,2.838121533E-2,2.289882939E-2,7.717476289E-2
4.426705604E2,1.640567914E-1,2.693870723E-2,5.170104425E-2,1.741072162E-1
4.426805494E2,2.296546572E-1,4.002419114E-2,4.248992544E-2,2.369569396E-1
4.426905384E2,2.014646459E-1,4.549426138E-2,-1.136583606E-2,2.068499784E-1
4.427005274E2,1.938635579E-1,6.077537477E-2,-5.853532473E-2,2.114310987E-1
4.427105164E2,1.358489460E-1,5.914692521E-2,-6.670503616E-2,1.624895588E-1
4.427205054E2,3.804841697E-2,4.599361360E-2,-3.623053590E-2,6.982654408E-2
4.427304944E2,-2.607653528E-2,8.397771120E-3,-4.687128067E-2,5.429019436E-2
4.427404834E2,-7.672570199E-2,-1.622076094E-2,-4.185612381E-2,8.889252798E-2
4.427504724E2,-1.367596498E-1,-5.642796993E-2,-2.046178300E-2,1.493519406E-1
4.427604614E2,-1.898956373E-1,-9.815954804E-2,1.013030112E-2,2.140053106E-1
4.427704504E2,-2.364324573E-1,-8.095762432E-2,4.453765690E-2,2.538465022E-1
4.427804394E2,-3.059017646E-1,-8.290123880E-2,2.015535235E-3,3.169425301E-1
4.427904284E2,-3.907650366E-1,-3.630126894E-2,-8.044363579E-2,4.006073820E-1
4.428004174E2,-4.802397153E-1,6.064147353E-3,-1.169741338E-1,4.943176165E-1
4.428104064E2,-5.487492022E-1,4.116088986E-2,-1.289580023E-1,5.651991438E-1
4.428203954E2,-5.319630155E-1,5.953985810E-2,-1.352052041E-1,5.520960893E-1
4.428303844E2,-4.353523949E-1,1.001511097E-1,-1.315875318E-1,4.657007956E-1
4.428403734E2,-3.166442692E-1,1.653358698E-1,-9.776018322E-2,3.703465897E-1
4.428503624E2,-1.759816030E-1,1.925874031E-1,-2.711238781E-2,2.622870831E-1
4.428603514E2,-6.803527772E-2,1.808608121E-1,4.840321463E-2,1.992041755E-1
4.428703404E2,1.673239231E-2,1.462809634E-1,1.258648618E-1,1.937009464E-1
4.428803294E2,7.157547444E-2,1.045236576E-1,1.631899599E-1,2.065894638E-1
4.428903184E2,1.040684518E-1,1.094458437E-1,1.882376776E-1,2.413339152E-1
4.429003074E2,1.096127817E-1,1.148305446E-1,1.895105799E-1,2.472150396E-1
4.429102964E2,1.215595204E-1,1.035378170E-1,1.519118321E-1,2.203951026E-1
4.429202854E2,5.884959430E-2,9.864194334E-2,1.099001906E-1,1.589703105E-1
4.429302744E2,-3.126681626E-2,9.173404276E-2,1.097323573E-1,1.464033423E-1
4.429402634E2,-9.804815859E-2,1.113935512E-1,7.173249045E-2,1.648257105E-1
4.429502524E2,-1.247825056E-1,1.121186060E-1,5.473052323E-2,1.764559030E-1
4.429602414E2,-1.198234820E-1,1.418832725E-1,6.874573270E-2,1.980265276E-1
4.429702304E2,-1.352896598E-1,1.348362082E-1,5.235945901E-2,1.980545583E-1
4.429802194E2,-1.603125268E-1,1.229856563E-1,2.302691996E-2,2.033612966E-1
4.429902084E2,-2.830587396E-1,1.052668387E-1,-6.134081880E-2,3.081656266E-1
4.430001974E2,-4.495853949E-1,7.441575944E-2,-1.263215111E-1,4.728867271E-1
4.430101864E2,-6.493692586E-1,2.657325625E-2,-1.989012265E-1,6.796677643E-1
4.430201754E2,-7.489628363E-1,1.915138543E-2,-2.579335463E-1,7.923647014E-1
4.430301644E2,-7.909826821E-1,3.842497766E-2,-3.047568798E-1,8.485321668E-1
4.430401534E2,-7.577605569E-1,5.646246850E-2,-3.041867763E-1,8.184855936E-1
4.430501424E2,-7.132579833E-1,1.006779438E-1,-2.974420130E-1,7.793232643E-1
4.430601314E2,-6.511088052E-1,1.229441410E-1,-2.922532121E-1,7.242029260E-1
4.430701204E2,-5.305617303E-1,1.636694133E-1,-2.830087459E-1,6.231993074E-1
4.430801094E2,-4.479063669E-1,1.886019409E-1,-2.111032144E-1,5.298635416E-1
4.430900984E2,-4.005804652E-1,2.103652775E-1,-1.634524999E-1,4.810768949E-1
4.431000874E2,-3.536799484E-1,2.020090216E-1,-1.404793561E-1,4.308498581E-1
4.431100764E2,-3.052465841E-1,1.374738872E-1,-2.746904969E-2,3.359004249E-1
4.431200654E2,-2.797989169E-1,4.742267311E-2,6.570222041E-2,2.912955983E-1
4.431300544E2,-2.073589316E-1,-1.188855886E-2,9.731051406E-2,2.293652120E-1
4.431400434E2,-1.051253361E-1,-6.621445477E-2,1.223482915E-1,1.743697070E-1
4.431500324E2,3.367733091E-2,-1.139166248E-1,1.566322527E-1,1.965828645E-1
4.431600214E2,2.134198630E-1,-1.500494939E-1,1.931347024E-1,3.245980620E-1
4.431700104E2,3.479093313E-1,-1.941977262E-1,2.299037121E-1,4.600101918E-1
4.431799994E2,4.255922225E-1,-1.965278417E-1,2.497275273E-1,5.311457148E-1
4.431899885E2,4.631190678E-1,-1.689319074E-1,2.071089631E-1,5.347068196E-1
4.431999775E2,4.633193350E-1,-1.775547963E-1,1.069309562E-1,5.075674746E-1
4.432099665E2,3.924314931E-1,-2.551444244E-1,4.273380915E-2,4.700290763E-1
4.432199555E2,2.552873889E-1,-3.085049450E-1,-3.139837861E-2,4.016625576E-1
4.432299445E2,1.499854669E-1,-2.995528579E-1,-9.245266557E-2,3.475270498E-1
4.432399335E2,5.198467076E-2,-1.683021623E-1,-1.632928892E-1,2.401928215E-1
4.432499225E2,-5.425806820E-2,8.887767792E-4,-1.821477842E-1,1.900593149E-1
4.432599115E2,-1.600046709E-1,1.555710196E-1,-1.148106641E-1,2.509687739E-1
4.432699005E2,-2.728135407E-1,2.642883003E-1,-2.659372151E-2,3.807660170E-1
4.432798895E2,-2.809209976E-1,3.755988210E-1,-3.311508458E-2,4.701996279E-1
4.432898785E2,-3.150520724E-1,3.907881331E-1,-7.400294602E-2,5.073949244E-1
4.432998675E2,-3.542997533E-1,3.792884141E-1,-1.406442475E-1,5.377441963E-1
4.433098565E2,-3.751953632E-1,4.004413015E-1,-1.985580132E-1,5.835666895E-1
4.433198455E2,-4.183364126E-1,4.290523124E-1,-2.189320332E-1,6.379831315E-1
4.433298345E2,-4.744881016E-1,3.630501115E-1,-1.963729270E-1,6.288932091E-1
4.433398235E2,-4.970922679E-1,2.406766587E-1,-1.684524723E-1,5.774099170E-1
4.433498125E2,-5.241160521E-1,1.150983471E-1,-1.552050022E-1,5.585999089E-1
4.433598015E2,-5.586409369E-1,-9.367239475E-4,-1.001932096E-1,5.675555066E-1
4.433697905E2,-5.753017008E-1,-2.468051255E-2,-6.332889039E-2,5.793027905E-1
4.433797795E2,-5.986826697E-1,-1.904379666E-2,-2.622596819E-2,5.995593437E-1
4.433897685E2,-6.888631073E-1,8.115350604E-3,-4.032788090E-3,6.889227118E-1
4.433997575E2,-8.046540570E-1,3.497570515E-2,7.976830065E-2,8.093543311E-1
4.434097465E2,-8.783871540E-1,1.170980948E-1,6.798970599E-2,8.887623734E-1
4.434197355E2,-8.958273518E-1,2.266918731E-1,7.120446861E-2,9.268041465E-1
4.434297245E2,-8.915454358E-1,3.253086734E-1,4.340442996E-2,9.500331266E-1
4.434397135E2,-7.615592006E-1,4.140354931E-1,-1.315799304E-1,8.767617029E-1
4.434497025E2,-6.149829528E-1,4.675193900E-1,-3.062140425E-1,8.309906450E-1
4.434596915E2,-4.987405980E-1,5.385677379E-1,-4.091162306E-1,8.403412893E-1
4.434696805E2,-3.572555208E-1,5.064378726E-1,-5.107349914E-1,8.030946753E-1
4.434796695E2,-1.969190204E-1,4.250972557E-1,-5.190742904E-1,6.992302170E-1
4.434896585E2,-7.134714067E-2,3.281159216E-1,-5.467795676E-1,6.416528408E-1
4.434996475E2,4.568107992E-2,2.958334440E-1,-5.756467231E-1,6.488245814E-1
4.435096365E2,1.392043707E-1,2.237548167E-1,-5.901841072E-1,6.463446102E-1
4.435196255E2,1.524763808E-1,1.460938525E-1,-6.185032690E-1,6.535585315E-1
4.435296145E2,1.493036816E-1,1.285071820E-1,-5.784907722E-1,6.111114945E-1
4.435396035E2,1.494615564E-1,1.043342078E-1,-4.903159297E-1,5.231004632E-1
4.435495925E2,1.985237888E-1,1.092762744E-1,-4.753423433E-1,5.265959952E-1
4.435595815E2,2.394616073E-1,9.581773818E-2,-5.000474507E-1,5.626458506E-1
4.435695705E2,2.462458393E-1,-1.801527143E-2,-4.664651370E-1,5.277795822E-1
4.435795595E2,3.565208182E-1,-1.502541465E-1,-3.890848758E-1,5.486988636E-1
4.435895485E2,4.981754646E-1,-2.393540186E-1,-3.587559529E-1,6.589195501E-1
4.435995375E2,6.480296615E-1,-3.740405381E-1,-3.658603199E-1,8.328880717E-1
4.436095265E2,7.495721161E-1,-4.383938241E-1,-2.437873409E-1,9.019311337E-1
4.436195155E2,9.465440539E-1,-4.602939856E-1,-1.893305039E-1,1.069421451E0
4.436295045E2,1.120094092E0,-4.432101756E-1,-2.185069041E-1,1.224251323E0
4.436394935E2,1.262743935E0,-4.857726431E-1,-2.756441778E-1,1.380752338E0
4.436494825E2,1.347748125E0,-5.314218557E-1,-3.187007350E-1,1.483375999E0
4.436594715E2,1.406374648E0,-5.506591952E-1,-3.861332013E-1,1.558914381E0
4.436694605E2,1.496113328E0,-5.701315928E-1,-3.632653256E-1,1.641757235E0
4.436794495E2,1.563202819E0,-5.887473732E-1,-3.376001419E-1,1.704171464E0
4.436894385E2,1.572628238E0,-6.097932565E-1,-3.365681084E-1,1.719966710E0
4.436994275E2,1.507275370E0,-5.132264900E-1,-3.433496726E-1,1.628855264E0
4.437094165E2,1.508881893E0,-3.107543689E-1,-3.632308270E-1,1.582791672E0
4.437194055E2,1.466540158E0,-1.125255722E-1,-4.020621496E-1,1.524813435E0
4.437293945E2,1.348807932E0,-6.116772294E-2,-3.975118464E-1,1.407494226E0
4.437393835E2,1.211626991E0,-1.160678154E-1,-4.095576588E-1,1.284230968E0
4.437493725E2,1.065902975E0,-1.733313525E-1,-4.277589083E-1,1.161538029E0
4.437593615E2,8.907899755E-1,-2.346043253E-1,-4.048208660E-1,1.006193770E0
4.437693505E2,6.867917311E-1,-2.979676777E-1,-3.352928307E-1,8.202980563E-1
4.437793395E2,4.585430369E-1,-3.807437861E-1,-1.736710940E-1,6.207972263E-1
4.437893285E2,2.628858456E-1,-3.847245705E-1,-5.266705910E-2,4.689304662E-1
4.437993175E2,1.685649946E-1,-3.112262392E-1,2.920684218E-3,3.539554489E-1
4.438093065E2,1.685266954E-1,-1.937445670E-1,4.554162383E-2,2.607915716E-1
4.438192955E2,1.735444835E-1,-1.706919193E-1,6.215765655E-2,2.512309562E-1
4.438292845E2,2.455158144E-1,-9.223573387E-2,7.621611714E-2,2.731196482E-1
4.438392735E2,2.851912192E-1,-5.986964107E-3,1.450787576E-1,3.200276881E-1
4.438492615E2,2.933220649E-1,-6.111509800E-3,2.629463460E-1,3.939745743E-1
4.438592515E2,2.889711517E-1,-5.726821482E-2,3.548640096E-1,4.612075891E-1
4.438692405E2,2.995423329E-1,-1.039284110E-1,4.054763389E-1,5.147210751E-1
4.438792295E2,3.307457069E-1,-3.339227915E-2,3.837164374E-1,5.076869816E-1
4.438892185E2,3.328796482E-1,6.697459280E-2,4.381722146E-1,5.543368524E-1
4.438992075E2,2.923663375E-1,1.508201569E-1,5.321503457E-1,6.256267141E-1
4.439091965E2,2.608931145E-1,1.787786186E-1,5.956494266E-1,6.744073332E-1
4.439191855E2,1.695677921E-1,1.011825585E-1,6.511219615E-1,6.804049934E-1
4.439291745E2,6.380013943E-2,1.674993396E-2,6.720789671E-1,6.753081934E-1
4.439391635E2,6.704972953E-2,1.087576264E-1,6.081062983E-1,6.213832614E-1
4.439491525E2,1.047440976E-1,2.411789346E-1,5.185439479E-1,5.814004045E-1
4.439591415E2,1.557911673E-1,2.509426153E-1,4.615587384E-1,5.479776938E-1
4.439691295E2,2.016342151E-1,1.336071235E-1,4.170631814E-1,4.821295650E-1
4.439791185E2,2.322364953E-1,-1.324294943E-1,3.435782621E-1,4.353359426E-1
4.439891075E2,2.380910200E-1,-3.879446322E-1,2.847646465E-1,5.369164510E-1
4.439990965E2,3.108596188E-1,-4.889085048E-1,2.177859606E-1,6.189474560E-1
4.440090865E2,3.979407397E-1,-3.947578079E-1,1.922523576E-1,5.925803981E-1
4.440190755E2,5.330286705E-1,-2.591070825E-1,1.404495353E-1,6.090830122E-1
4.440290645E2,6.312788504E-1,-2.122521740E-1,3.484233381E-2,6.669167569E-1
4.440390535E2,6.607511562E-1,-2.586451524E-1,-1.282648880E-2,7.096857925E-1
4.440490425E2,6.788898039E-1,-2.874912214E-1,-7.160736004E-2,7.407227432E-1
4.440590315E2,7.060580143E-1,-2.926361865E-1,-9.176386356E-2,7.697885839E-1
4.440690195E2,7.369172797E-1,-2.953791153E-1,-2.658144236E-2,7.943566403E-1
4.440790085E2,7.504334110E-1,-2.873251605E-1,2.451850813E-2,8.039323413E-1
4.440889975E2,7.382720795E-1,-3.132838744E-1,3.578495979E-2,8.027907652E-1
4.440989875E2,6.839917919E-1,-3.493869227E-1,-2.228154615E-4,7.680599214E-1
4.441089765E2,6.009876421E-1,-3.226680708E-1,2.696677387E-2,6.826624618E-1
4.441189645E2,5.193970567E-1,-2.343517256E-1,3.139373738E-2,5.706834504E-1
4.441289535E2,4.886442107E-1,-1.120420074E-1,4.317759454E-2,5.031807635E-1
4.441389425E2,5.059779891E-1,2.385663986E-3,-4.082116663E-2,5.076276042E-1
4.441489325E2,5.095488837E-1,6.365278959E-3,-1.360524291E-1,5.274380012E-1
4.441589205E2,6.181112131E-1,3.018215775E-2,-1.821524620E-1,6.450984064E-1
4.441689095E2,7.139725131E-1,4.187892795E-2,-1.391830649E-1,7.286168538E-1
4.441788985E2,7.180453911E-1,-1.205754340E-2,-2.151635392E-1,7.496865456E-1
4.441888870E2,6.214637142E-1,-1.077478123E-1,-3.524935484E-1,7.225499573E-1
4.441988760E2,4.549227333E-1,-1.023227656E-1,-4.767416185E-1,6.668637136E-1
4.442088650E2,2.769796818E-1,-1.438695717E-1,-5.203519436E-1,6.067803087E-1
4.442188540E2,5.459106714E-2,-1.797404855E-1,-4.762656917E-1,5.119724952E-1
4.442288430E2,-1.779524070E-1,-1.657516068E-1,-4.646600650E-1,5.244517426E-1
4.442388320E2,-3.461680305E-1,-4.832606792E-2,-4.636929721E-1,5.806710657E-1
4.442488210E2,-4.215517965E-1,8.826898277E-2,-4.644542795E-1,6.334154310E-1
4.442588100E2,-4.775230989E-1,1.470411015E-1,-4.593596005E-1,6.787198524E-1
4.442687990E2,-4.938558340E-1,1.805514944E-1,-4.705178787E-1,7.056057689E-1
4.442787880E2,-5.104277202E-1,1.694528943E-1,-5.305289493E-1,7.554546360E-1
4.442887770E2,-4.760802984E-1,1.284142113E-1,-5.811588202E-1,7.621602420E-1
4.442987660E2,-4.492442098E-1,1.144604158E-1,-6.093207650E-1,7.656326413E-1
4.443087550E2,-3.860872641E-1,4.378979802E-2,-6.179436904E-1,7.299557017E-1
4.443187450E2,-3.158323833E-1,-6.462050378E-2,-6.231874734E-1,7.016327607E-1
4.443287330E2,-2.799410042E-1,-1.388935912E-1,-6.808030128E-1,7.491002188E-1
4.443387220E2,-2.865395871E-1,-1.157643449E-1,-7.949576924E-1,8.529150317E-1
4.443487110E2,-3.848809835E-1,-4.781385183E-2,-8.473064985E-1,9.318518328E-1
4.443587000E2,-5.021346143E-1,1.701656699E-2,-8.646366224E-1,1.000012612E0
4.443686900E2,-6.010867524E-1,4.401199222E-2,-8.300748271E-1,1.025800447E0
4.443786780E2,-6.998661053E-1,7.783111811E-2,-8.201211119E-1,1.080957393E0
4.443886670E2,-7.616621116E-1,9.050788164E-2,-8.144972599E-1,1.118805897E0
4.443986560E2,-7.516709742E-1,1.218413562E-1,-7.684095061E-1,1.081807625E0
4.444086450E2,-7.112275377E-1,1.653966808E-1,-7.659092367E-1,1.058214360E0
4.444186340E2,-6.817762819E-1,2.343903172E-1,-7.969561245E-1,1.074661241E0
4.444286230E2,-6.111930799E-1,2.918935901E-1,-8.028291410E-1,1.050377779E0
4.444386120E2,-5.791246104E-1,2.655284947E-1,-7.930883376E-1,1.017290424E0
4.444486020E2,-5.550413910E-1,2.468016171E-1,-7.981186241E-1,1.002983211E0
4.444585910E2,-5.756042942E-1,2.549801177E-1,-8.408881561E-1,1.050441838E0
4.444685790E2,-6.365287730E-1,2.026832056E-1,-8.140587918E-1,1.053062713E0
4.444785690E2,-6.587005377E-1,1.836592895E-1,-7.720295904E-1,1.031332546E0
4.444885580E2,-7.086348823E-1,1.244030213E-1,-7.285162926E-1,1.023902093E0
4.444985470E2,-8.289138624E-1,1.428609270E-1,-7.784673017E-1,1.146088468E0
4.445085360E2,-8.331302896E-1,1.847445327E-1,-8.441420585E-1,1.200338468E0
4.445185250E2,-8.350864756E-1,1.778033030E-1,-9.250997559E-1,1.258885616E0
4.445285130E2,-9.072452098E-1,1.387251914E-2,-9.740530108E-1,1.331189538E0
4.445385030E2,-9.200047114E-1,-1.045365214E-1,-8.464101934E-1,1.254490641E0
4.445484920E2,-9.431050140E-1,-1.232335782E-1,-9.888097751E-1,1.371997942E0
4.445584810E2,-9.077176648E-1,2.793799639E-2,-1.136234527E0,1.454565499E0
4.445684700E2,-9.151462600E-1,2.120036674E-1,-1.073017940E0,1.426115609E0
4.445784590E2,-9.924017197E-1,3.864915991E-1,-1.009245282E0,1.467246731E0
4.445884480E2,-1.139913814E0,4.910263664E-1,-1.092841828E0,1.653727202E0
4.445984370E2,-1.400582688E0,2.943862581E-1,-1.293490056E0,1.929096074E0
4.446084260E2,-1.759971566E0,-2.449346012E-1,-1.286510235E0,2.193764221E0
4.446184150E2,-2.051881382E0,-9.113464469E-1,-1.182983674E0,2.537758839E0
4.446284040E2,-2.310417776E0,-1.461785202E0,-7.667244847E-1,2.839491629E0
4.446383930E2,-2.281397021E0,-1.680069364E0,-4.209200048E-1,2.864363644E0
4.446483820E2,-2.024451655E0,-1.505593711E0,-2.362321901E-1,2.533973672E0
4.446583700E2,-1.628304402E0,-8.841609871E-1,-2.371355850E-1,1.867979968E0
4.446683600E2,-1.345487591E0,-3.189509958E-1,8.936840549E-2,1.385659882E0
4.446783490E2,-1.110551729E0,1.217074549E-1,4.679824895E-1,1.211257800E0
4.446883380E2,-8.269024202E-1,5.971387124E-1,4.478224593E-1,1.113951170E0
4.446983270E2,-4.919278608E-1,9.994815284E-1,4.485818665E-1,1.200908838E0
4.447083160E2,-1.720152904E-1,1.003266431E0,6.288737445E-1,1.196501140E0
4.447183050E2,1.666456461E-1,6.238213116E-1,7.457693794E-1,9.864561660E-1
4.447282940E2,7.924478482E-1,1.338018358E-2,9.972857527E-1,1.273864786E0
4.447382830E2,1.314631542E0,-6.249661964E-1,1.511792052E0,2.098655295E0
4.447482720E2,1.824580375E0,-1.126525737E0,1.954334476E0,2.901306089E0
4.447582610E2,2.069810845E0,-1.537424199E0,2.135684407E0,3.347975208E0
4.447682500E2,1.878719306E0,-1.531948866E0,1.990287543E0,3.136510492E0
4.447782390E2,1.337538301E0,-1.133500881E0,1.640829869E0,2.401282077E0
4.447882280E2,6.600372112E-1,-5.825066400E-1,1.419364822E0,1.670197474E0
4.447982170E2,1.033764338E-1,-1.746212482E-1,1.351335684E0,1.366487248E0
4.448082060E2,-1.804392278E-1,-5.375754654E-2,1.338110451E0,1.351291149E0
4.448181950E2,-1.433136477E-1,-5.183439732E-2,1.150835390E0,1.160882294E0
4.448281840E2,1.394718808E-1,-1.618597001E-1,1.070269091E0,1.091387600E0
4.448381730E2,4.940435296E-1,-2.606957710E-1,1.092648139E0,1.227159831E0
4.448481620E2,8.843273404E-1,-3.297262448E-1,9.952060443E-1,1.371564549E0
4.448581510E2,1.213975525E0,-2.643701613E-1,8.674332726E-1,1.515278403E0
4.448681400E2,1.355035509E0,-1.479135060E-1,7.995538232E-1,1.580280340E0
4.448781290E2,1.264808879E0,-9.295318723E-3,7.182573527E-1,1.454552002E0
4.448881180E2,1.032026254E0,2.580709559E-1,5.289402974E-1,1.188047408E0
4.448981070E2,7.285279870E-1,3.854583961E-1,5.845853251E-1,1.010480680E0
4.449080960E2,4.157972592E-1,4.556998283E-1,6.636291558E-1,9.060647607E-1
4.449180850E2,2.739098936E-1,7.199945605E-1,3.982585359E-1,8.671958593E-1
4.449280740E2,2.236451814E-1,8.739804000E-1,2.501102641E-1,9.361698836E-1
4.449380630E2,1.647072941E-1,7.435448062E-1,3.284000963E-1,8.293575796E-1
4.449480520E2,1.881151602E-1,7.175170952E-1,1.408146939E-1,7.550144856E-1
4.449580410E2,3.086429393E-1,7.348230994E-1,-6.964940161E-2,8.000478051E-1
4.449680300E2,2.922540709E-1,8.452524447E-1,-4.192611498E-1,9.877469560E-1
4.449780190E2,1.677430223E-1,1.154925079E0,-8.832733798E-1,1.463612491E0
4.449880080E2,-1.720303470E-1,1.612146353E0,-1.234175901E0,2.037596735E0
4.449979970E2,-6.112568146E-1,1.947613394E0,-1.407311079E0,2.479386476E0
4.450079860E2,-1.047191154E0,2.187101313E0,-1.289917115E0,2.746617489E0
4.450179750E2,-1.449630595E0,2.043914697E0,-9.061058798E-1,2.664590778E0
4.450279640E2,-1.710739472E0,1.760801286E0,-5.952623409E-1,2.526140923E0
4.450379530E2,-1.881107894E0,1.475700406E0,-3.540895459E-1,2.416948076E0
4.450479420E2,-1.931443211E0,1.229054909E0,-1.488420439E-1,2.294167126E0
4.450579310E2,-1.909866693E0,1.002815026E0,5.897589415E-2,2.157940434E0
4.450679200E2,-1.788826844E0,8.366991377E-1,1.744408616E-1,1.982522771E0
4.450779090E2,-1.403731414E0,8.774893141E-1,2.771977830E-1,1.678477879E0
4.450878980E2,-1.042106123E0,8.370564026E-1,5.489541471E-2,1.337782530E0
4.450978870E2,-8.842046951E-1,9.490463698E-1,-3.914637789E-1,1.354898832E0
4.451078760E2,-1.049996355E0,1.150767124E0,-8.801261160E-1,1.789239866E0
4.451178650E2,-1.440549869E0,1.256339772E0,-1.246314721E0,2.281857561E0
4.451278540E2,-1.572044393E0,1.278291389E0,-1.371978986E0,2.446973393E0
4.451378430E2,-1.471847383E0,1.111936934E0,-1.321264623E0,2.269025929E0
4.451478320E2,-1.302152414E0,6.518990564E-1,-1.177145960E0,1.872497236E0
4.451578210E2,-1.157670054E0,1.370224822E-1,-1.105968681E0,1.606904427E0
4.451678100E2,-9.365682654E-1,-2.681182265E-1,-9.258279535E-1,1.343951226E0
4.451777990E2,-8.358498296E-1,-4.146272314E-1,-6.786535764E-1,1.153746660E0
4.451877884E2,-9.744940370E-1,-2.142846662E-1,-5.249671143E-1,1.127451559E0
4.451977774E2,-1.084734371E0,1.792241764E-1,-5.009219018E-1,1.208177434E0
4.452077664E2,-1.210059937E0,5.707221615E-1,-6.385998568E-1,1.482490679E0
4.452177554E2,-1.189095330E0,7.287174368E-1,-6.937297449E-1,1.557638522E0
4.452277444E2,-8.881943965E-1,8.026741898E-1,-7.347675508E-1,1.404656006E0
4.452377334E2,-5.355856580E-1,7.910505098E-1,-8.084509465E-1,1.251481458E0
4.452477224E2,-1.762681165E-1,7.411702520E-1,-7.853129295E-1,1.094129877E0
4.452577114E2,4.243032038E-3,2.812475646E-1,-3.396216340E-1,4.409773806E-1
4.452677004E2,3.496927321E-3,-8.030279464E-1,6.303047043E-1,1.020857547E0
4.452776894E2,-4.298957732E-1,-2.581310652E0,1.724079309E0,3.133755658E0
4.452876784E2,-1.116248378E0,-4.843085588E0,2.375955708E0,5.508779718E0
4.452976674E2,-1.199614471E0,-6.346788309E0,2.118035025E0,6.797563467E0
4.453076564E2,-5.830840525E-1,-5.954734839E0,1.700095931E0,6.220062716E0
4.453176454E2,1.830739832E-1,-4.078257501E0,9.001839660E-1,4.180434368E0
4.453276344E2,1.061291860E0,-1.869510965E0,2.205692536E-1,2.161032729E0
4.453376234E2,1.769023055E0,1.222032988E-1,-1.687828034E-1,1.781253450E0
4.453476124E2,2.527887567E0,1.582905596E0,-6.284908980E-1,3.048082428E0
4.453576014E2,2.921090892E0,2.702988287E0,-1.045777735E0,4.114920261E0
4.453675904E2,2.862804092E0,3.456339458E0,-1.388091281E0,4.697736383E0
4.453775794E2,2.724432658E0,3.642722965E0,-1.218297202E0,4.709162556E0
4.453875684E2,2.518496354E0,2.915740982E0,-1.073996106E0,3.999729615E0
4.453975574E2,2.288519807E0,1.491217162E0,-1.080959263E0,2.937605225E0
4.454075464E2,2.154777028E0,-2.747021914E-2,-1.092643461E0,2.416130871E0
4.454175354E2,2.056551699E0,-1.498077700E0,-9.664599627E-1,2.721706550E0
4.454275244E2,1.824437411E0,-2.796228572E0,-6.012297168E-1,3.392483348E0
4.454375134E2,1.443198073E0,-3.501351909E0,-3.405739993E-1,3.802404044E0
4.454475024E2,1.201891961E0,-3.314257965E0,-3.184365870E-1,3.539809600E0
4.454574914E2,1.131956631E0,-2.586476668E0,-2.989108336E-1,2.839108144E0
4.454674804E2,9.944818667E-1,-1.480560611E0,-3.637725350E-1,1.820270410E0
4.454774694E2,5.168403617E-1,-4.136139089E-1,-3.739132150E-1,7.602706869E-1
4.454874584E2,-1.537447880E-1,4.877823311E-1,-2.924420589E-1,5.891446513E-1
4.454974474E2,-6.804118341E-1,1.085874140E0,-1.417444012E-1,1.289253422E0
4.455074364E2,-9.838434425E-1,1.237072611E0,-1.297691573E-1,1.585918220E0
4.455174254E2,-1.272570765E0,1.021517345E0,-2.952219714E-1,1.658339547E0
4.455274144E2,-1.449253888E0,6.237230784E-1,-5.232107569E-1,1.662262556E0
4.455374034E2,-1.389559956E0,2.333220309E-1,-6.530932041E-1,1.553012162E0
4.455473924E2,-1.011145408E0,-1.611235356E-1,-8.083847268E-1,1.304554214E0
4.455573814E2,-5.730769815E-1,-4.746120626E-1,-9.828777748E-1,1.232770277E0
4.455673704E2,-1.728512961E-1,-5.463726014E-1,-1.060065699E0,1.205047666E0
4.455773594E2,1.671359351E-1,-4.046647453E-1,-1.066215216E0,1.152606986E0
4.455873484E2,3.915798461E-1,-1.329364479E-1,-8.449754329E-1,9.407392611E-1
4.455973374E2,5.600872457E-1,6.173256397E-2,-5.186848658E-1,7.658607069E-1
4.456073264E2,6.837523484E-1,1.068812549E-1,-1.398310460E-1,7.060407906E-1
4.456173154E2,6.749669069E-1,1.005779564E-2,2.035912782E-1,7.050750976E-1
4.456273044E2,5.886690205E-1,-1.531350696E-1,2.924344575E-1,6.749070138E-1
4.456372934E2,4.991756308E-1,-1.521363652E-1,1.101024860E-1,5.333332368E-1
4.456472824E2,4.293929127E-1,5.195777357E-2,-1.378950329E-1,4.539745850E-1
4.456572714E2,4.028152710E-1,3.360196030E-1,-3.221850908E-1,6.156074633E-1
4.456672604E2,4.049740630E-1,4.207264620E-1,-4.391478226E-1,7.306610415E-1
4.456772494E2,3.831952313E-1,4.128450000E-1,-5.008001335E-1,7.537110541E-1
4.456872384E2,4.646077690E-1,3.518059158E-1,-5.202210756E-1,7.811899570E-1
4.456972274E2,6.438070947E-1,2.397358418E-1,-4.265679766E-1,8.086538738E-1
4.457072164E2,8.934095281E-1,1.277066982E-1,-1.900169671E-1,9.222776336E-1
4.457172054E2,1.203700505E0,1.157573283E-2,-5.651553199E-2,1.205082117E0
4.457271944E2,1.467992314E0,-1.562738550E-1,-1.786194281E-1,1.487053412E0
4.457371834E2,1.524053371E0,-4.362332779E-1,-4.982855384E-1,1.661723993E0
4.457471724E2,1.377277441E0,-6.167701542E-1,-6.388053864E-1,1.638710131E0
4.457571614E2,1.141871462E0,-4.040730071E-1,-7.035283627E-1,1.400748938E0
4.457671504E2,8.042620012E-1,-3.812735438E-2,-7.126598132E-1,1.075255817E0
4.457771394E2,5.005757466E-1,2.917246056E-1,-3.679677661E-1,6.863523879E-1
4.457871284E2,2.343116722E-1,4.250773752E-1,5.896770805E-3,4.854147778E-1
4.457971174E2,3.430035174E-2,2.321175045E-1,3.443768822E-1,4.167139150E-1
4.458071064E2,-2.361450666E-1,-8.400577784E-2,6.024478380E-1,6.525065982E-1
4.458170954E2,-3.974644840E-1,-4.563652414E-1,9.191289447E-1,1.100475019E0
4.458270844E2,-5.521072581E-1,-8.331884694E-1,1.299250733E0,1.639230892E0
4.458370734E2,-4.493851277E-1,-1.055241162E0,1.571507034E0,1.945537268E0
4.458470624E2,-5.023284495E-2,-1.075546203E0,1.583034089E0,1.914502520E0
4.458570514E2,4.983909345E-1,-7.836263001E-1,1.325429010E0,1.618402225E0
4.458670404E2,9.072308841E-1,-3.001907891E-1,8.896864597E-1,1.305650943E0
4.458770294E2,1.040216449E0,1.298040944E-1,4.463160704E-1,1.139340773E0
4.458870184E2,8.729238081E-1,3.365160316E-1,6.215122461E-2,9.376042817E-1
4.458970074E2,5.425046682E-1,3.447939348E-1,-1.650009705E-1,6.636410873E-1
4.459069964E2,2.266933349E-1,2.847108704E-1,-2.286797802E-1,4.298192523E-1
4.459169854E2,6.481346190E-2,2.056290329E-1,-1.458827680E-1,2.603187777E-1
4.459269744E2,9.879806399E-2,1.503898019E-1,5.549826264E-2,1.883034973E-1
4.459369634E2,4.040189204E-1,1.303519785E-2,2.295090616E-1,4.648393419E-1
4.459469524E2,8.392189953E-1,-2.473933554E-1,4.418085980E-1,9.801463317E-1
4.459569414E2,1.244937117E0,-6.004289407E-1,6.596493946E-1,1.531509275E0
4.459669304E2,1.456503997E0,-8.539665502E-1,7.845875823E-1,1.861784208E0
4.459769194E2,1.460782989E0,-8.397940689E-1,8.180096823E-1,1.873040539E0
4.459869084E2,1.318804115E0,-6.554541636E-1,7.013583148E-1,1.631186053E0
4.459968984E2,1.005443642E0,-4.528773773E-1,5.587203129E-1,1.236197081E0
4.460068874E2,7.003689659E-1,-2.560448956E-1,4.822153433E-1,8.880356492E-1
4.460168764E2,4.459870183E-1,-1.530380058E-1,4.926994009E-1,6.819660926E-1
4.460268654E2,4.040025482E-1,-6.546659589E-2,5.383046132E-1,6.762217023E-1
4.460368544E2,4.526654157E-1,8.488870740E-2,4.970782346E-1,6.776421198E-1
4.460468434E2,3.769062585E-1,8.232236445E-2,5.007881467E-1,6.321582612E-1
4.460568324E2,2.828467780E-1,-2.523892164E-2,4.416885839E-1,5.250981891E-1
4.460668214E2,1.530491155E-1,-1.416102076E-1,3.030483234E-1,3.678529176E-1
4.460768104E2,4.458501935E-4,-2.423384374E-1,2.087676720E-1,3.198625610E-1
4.460867994E2,-9.598701507E-2,-2.504023325E-1,2.230155824E-1,3.487847262E-1
4.460967884E2,-9.061780930E-2,-3.122471631E-1,3.099063765E-1,4.491679423E-1
4.461067774E2,5.868382573E-2,-1.118122119E-1,2.987465268E-1,3.243381714E-1
4.461167664E2,2.305966437E-2,-1.156368756E-1,3.026150447E-1,3.247760773E-1
4.461267554E2,9.583849579E-2,-1.686570883E-1,3.275430407E-1,3.806766005E-1
4.461367444E2,1.647701517E-1,-1.787452894E-1,2.629807898E-1,3.581312290E-1
4.461467334E2,1.708974490E-1,-1.815741724E-1,1.286204718E-1,2.805678954E-1
4.461567224E2,1.682966074E-1,-1.796749967E-1,-2.098039448E-2,2.470769708E-1
4.461667114E2,1.424355420E-1,-1.266933757E-1,-8.998324022E-2,2.107986684E-1
4.461767004E2,1.244018519E-1,-5.756291449E-2,-1.794498789E-1,2.258131283E-1
4.461866900E2,8.743107677E-2,2.610489428E-2,-2.567817910E-1,2.725115537E-1
4.461966790E2,1.518726557E-2,1.150825596E-1,-2.630334878E-1,2.875087203E-1
4.462066680E2,8.839235902E-3,2.168545175E-1,-3.047690128E-1,3.741499231E-1
4.462166570E2,-4.158071995E-2,3.022338063E-1,-3.786155458E-1,4.862344716E-1
4.462266460E2,-9.862498641E-2,3.516533035E-1,-4.051021171E-1,5.454307097E-1
4.462366350E2,-1.961185366E-1,3.578197771E-1,-4.751061523E-1,6.262773581E-1
4.462466240E2,-3.053047639E-1,3.048673922E-1,-5.108957899E-1,6.687074351E-1
4.462566130E2,-4.144573697E-1,2.016880095E-1,-4.450386000E-1,6.407123535E-1
4.462666020E2,-4.132920197E-1,1.336474693E-1,-3.063777280E-1,5.315442143E-1
4.462765910E2,-3.467360875E-1,1.321529210E-1,-3.096333115E-1,4.832836605E-1
4.462865800E2,-3.064940876E-1,1.402255869E-1,-2.998136437E-1,4.510987274E-1
4.462965690E2,-3.163694501E-1,1.160871112E-1,-2.729394020E-1,4.336608854E-1
4.463065580E2,-3.672492895E-1,4.763083398E-2,-2.092229509E-1,4.253410163E-1
4.463165470E2,-3.682877550E-1,-6.265233099E-2,-1.290012717E-1,3.952246363E-1
4.463265360E2,-2.975265053E-1,-1.592214364E-1,-8.371115126E-2,3.476795133E-1
4.463365250E2,-2.185569343E-1,-1.936650449E-1,-4.752923861E-2,2.958586008E-1
4.463465140E2,-1.343052810E-1,-2.049992877E-1,2.877765656E-2,2.467605520E-1
4.463565030E2,-3.017104805E-2,-1.746662718E-1,4.287880182E-2,1.823655403E-1
4.463664920E2,4.772205055E-2,-1.548500580E-1,3.829853162E-2,1.665013876E-1
4.463764810E2,9.564115226E-2,-1.380603629E-1,5.709732994E-3,1.680490847E-1
4.463864700E2,9.798617810E-2,-9.876941264E-2,-4.413485684E-2,1.459608631E-1
4.463964590E2,5.514538318E-2,-6.676818609E-2,-4.593864977E-2,9.802736099E-2
4.464064480E2,4.410554767E-3,-1.770244539E-2,-9.012664318E-2,9.195456148E-2
4.464164370E2,-4.996124178E-2,1.323224902E-3,-1.341012132E-1,1.431118863E-1
4.464264260E2,-1.077630150E-1,-5.817394853E-3,-1.618661320E-1,1.945439647E-1
4.464364150E2,-1.471559992E-1,-4.323957503E-2,-1.377348192E-1,2.061441956E-1
4.464464040E2,-1.840756112E-1,-7.897717237E-2,-2.164770797E-2,2.014692226E-1
4.464563930E2,-1.924760136E-1,-2.002302986E-1,8.907882214E-2,2.916748615E-1
4.464663820E2,-9.018043756E-2,-4.561722833E-1,2.539375591E-1,5.298206747E-1
4.464763710E2,-6.287130922E-2,-6.908672404E-1,4.155388123E-1,8.086549635E-1
4.464863600E2,-3.358488643E-1,-7.582213175E-1,7.433383995E-1,1.113663325E0
4.464963490E2,-5.266347402E-1,-6.087460202E-1,1.047072601E0,1.320710755E0
4.465063380E2,-4.333903617E-1,-5.029979557E-1,1.229945002E0,1.397712008E0
4.465163270E2,5.004017919E-2,-4.270706910E-1,1.111103560E0,1.191404430E0
4.465263160E2,6.058434623E-1,-2.510607290E-1,7.582246797E-1,1.002488132E0
4.465363050E2,1.015551431E0,-2.859580815E-2,4.467972963E-1,1.109860466E0
4.465462940E2,1.104850693E0,5.335584283E-3,3.138731275E-1,1.148581675E0
4.465562830E2,9.019069943E-1,-1.344222254E-1,2.464097075E-1,9.445757275E-1
4.465662720E2,5.713785115E-1,-2.953276598E-1,2.266964047E-1,6.819700066E-1
4.465762610E2,2.760967523E-1,-3.255799842E-1,2.458730793E-1,4.926310119E-1
4.465862500E2,1.456678829E-1,-1.473533428E-1,2.825700586E-1,3.503968860E-1
4.465962390E2,1.554055434E-1,6.322535813E-2,3.467967524E-1,3.852483826E-1
4.466062280E2,2.044993508E-1,1.197819668E-1,4.426581985E-1,5.021095346E-1
4.466162170E2,2.580636469E-1,2.261703014E-2,4.784479822E-1,5.440779793E-1
4.466262060E2,3.810332233E-1,-1.748557216E-1,5.383123608E-1,6.823056781E-1
4.466361950E2,5.641016516E-1,-3.906881458E-1,6.129840821E-1,9.201072685E-1
4.466461840E2,6.988712016E-1,-5.714039469E-1,7.009658204E-1,1.142924542E0
4.466561730E2,8.169849578E-1,-6.698500085E-1,7.788156496E-1,1.312523246E0
4.466661620E2,8.402896205E-1,-6.859678584E-1,8.261378968E-1,1.363503712E0
4.466761520E2,7.618737808E-1,-5.530197161E-1,8.410534130E-1,1.262399821E0
4.466861410E2,6.485985956E-1,-3.188077390E-1,7.975226466E-1,1.076271752E0
4.466961300E2,4.514857399E-1,-4.759633541E-2,6.828255647E-1,8.199728876E-1
4.467061190E2,2.889328524E-1,2.660687774E-1,4.905290607E-1,6.284055593E-1
4.467161080E2,1.635901836E-1,5.157793844E-1,2.620451622E-1,6.012135964E-1
4.467260970E2,1.434950575E-1,7.207500207E-1,7.033016369E-2,7.382531787E-1
4.467360860E2,2.014976826E-1,7.974192971E-1,-1.379647610E-1,8.339742962E-1
4.467460750E2,1.949774525E-1,7.184988427E-1,-2.554987657E-1,7.871063545E-1
4.467560640E2,9.270585001E-2,5.608076227E-1,-2.208563519E-1,6.098172615E-1
4.467660530E2,8.786961794E-2,3.206613064E-1,-1.447197568E-1,3.626135011E-1
4.467760420E2,8.234546095E-2,8.784272075E-2,-4.670814335E-2,1.291463092E-1
4.467860310E2,1.188339870E-1,-4.532293797E-2,-3.644160211E-2,1.323014570E-1
4.467960200E2,1.335542062E-1,-1.132640755E-1,-1.196632683E-3,1.751196983E-1
4.468060090E2,1.443649770E-1,-6.469359398E-2,5.354076102E-2,1.670123372E-1
4.468159980E2,1.620535353E-1,3.264851332E-2,9.827035278E-2,1.923131196E-1
4.468259870E2,1.976336963E-1,1.347625333E-1,8.515811786E-2,2.539132201E-1
4.468359760E2,2.255800250E-1,2.391113591E-1,-4.373132586E-3,3.287547932E-1
4.468459650E2,2.595507400E-1,3.480794853E-1,-8.614410460E-2,4.426586964E-1
4.468559540E2,1.921871611E-1,4.197698575E-1,-1.726641852E-1,4.929052232E-1
4.468659430E2,9.271929860E-2,4.258924770E-1,-2.577230465E-1,5.063619645E-1
4.468759320E2,-5.209576786E-2,3.755409336E-1,-2.231987464E-1,4.399575460E-1
4.468859210E2,-1.526608604E-1,2.706570876E-1,-1.169349575E-1,3.320156346E-1
4.468959100E2,-1.290369397E-1,1.634741163E-1,-2.806312680E-2,2.101472284E-1
4.469058990E2,-8.404641598E-3,9.026873052E-2,3.488083407E-2,9.713781085E-2
4.469158880E2,1.805310291E-1,4.657541156E-2,7.422104716E-2,2.006725823E-1
4.469258770E2,4.269698265E-1,3.061602116E-2,2.209458143E-1,4.817235995E-1
4.469358660E2,5.633184171E-1,1.552494228E-2,2.876833025E-1,6.327166391E-1
4.469458550E2,7.032095432E-1,6.975026608E-2,2.210463864E-1,7.404257331E-1
4.469558440E2,7.842560452E-1,1.637191147E-1,1.647745371E-1,8.179316237E-1
4.469658330E2,7.622626206E-1,2.121328908E-1,1.213276783E-1,8.004780270E-1
4.469758220E2,6.538204515E-1,1.901859516E-1,1.224377722E-1,6.918402178E-1
4.469858110E2,4.107616371E-1,1.111210710E-1,1.749945930E-1,4.601044691E-1
4.469958000E2,1.130629313E-1,1.707913220E-2,2.115988939E-1,2.405182219E-1
4.470057890E2,-3.229154080E-2,-4.197540700E-2,3.596938097E-1,3.635716094E-1
4.470157780E2,1.296137676E-2,-4.473587751E-2,5.342077616E-1,5.362343038E-1
4.470257670E2,2.247555676E-1,-1.539221048E-2,7.553063343E-1,7.881875691E-1
4.470357560E2,5.429876482E-1,-2.671592832E-3,8.801407340E-1,1.034161707E0
4.470457450E2,8.158269167E-1,1.751591921E-2,9.062475286E-1,1.219493726E0
4.470557340E2,9.811114772E-1,7.563548863E-2,8.078176931E-1,1.273133883E0
4.470657230E2,1.011822369E0,1.278107786E-1,5.612677985E-1,1.164105512E0
4.470757120E2,9.532589963E-1,1.312360775E-1,3.158068018E-1,1.012748517E0
4.470857010E2,7.517540047E-1,8.242702961E-2,2.078898588E-1,7.843127515E-1
4.470956900E2,5.053038052E-1,7.879298508E-2,7.558900326E-2,5.169661183E-1
4.471056790E2,2.099203044E-1,2.956936955E-3,-9.238922328E-2,2.293709796E-1
4.471156680E2,-8.615492195E-2,-2.523073554E-3,-3.354823901E-1,3.463776415E-1
4.471256570E2,-3.748249421E-1,5.638119221E-2,-4.552883305E-1,5.924188045E-1
4.471356460E2,-7.188306722E-1,1.459552735E-1,-4.140147355E-1,8.422758921E-1
4.471456350E2,-9.844182238E-1,1.834096134E-1,-3.767122771E-1,1.069874042E0
4.471556240E2,-1.137613812E0,1.842410874E-1,-3.559061296E-1,1.206142254E0
4.471656130E2,-1.116161547E0,1.829932916E-1,-3.544161129E-1,1.185290650E0
4.471756020E2,-1.012797393E0,2.656612265E-1,-4.088800031E-1,1.124062855E0
4.471855910E2,-8.403822988E-1,3.288222653E-1,-5.326247741E-1,1.047881501E0
4.471955791E2,-5.123131549E-1,4.465167761E-1,-7.407672326E-1,1.005275133E0
4.472055691E2,-2.055965808E-1,4.514822316E-1,-8.944263589E-1,1.022792585E0
4.472155581E2,-8.977902621E-2,3.090428889E-1,-9.082677417E-1,9.635964255E-1
4.472255471E2,-1.416970387E-1,1.278552175E-2,-7.587154073E-1,7.719394986E-1
4.472355361E2,-2.655317107E-1,-3.070583439E-1,-6.356046206E-1,7.541784601E-1
4.472455251E2,-2.962450880E-1,-4.673024583E-1,-6.191938251E-1,8.303816790E-1
4.472555141E2,-2.671592832E-1,-5.076657879E-1,-5.639231654E-1,8.044302153E-1
4.472655031E2,-2.101834291E-1,-4.777099174E-1,-4.753745395E-1,7.059495675E-1
4.472754921E2,-1.883771154E-1,-3.604492700E-1,-4.707125545E-1,6.220771036E-1
4.472854811E2,-1.987135309E-1,-1.561417079E-1,-5.584718062E-1,6.129910755E-1
4.472954701E2,-2.562162191E-1,1.385708249E-1,-8.024714376E-1,8.537031291E-1
4.473054591E2,-3.410458696E-1,4.322799754E-1,-1.023900086E0,1.162561675E0
4.473154481E2,-4.244993779E-1,6.131384486E-1,-9.751424932E-1,1.227616129E0
4.473254371E2,-6.389691085E-1,6.765854162E-1,-9.001988764E-1,1.294761509E0
4.473354261E2,-8.956873110E-1,5.578845996E-1,-8.422535540E-1,1.350141487E0
4.473454151E2,-1.057111686E0,3.822412580E-1,-7.303214742E-1,1.340508468E0
4.473554041E2,-1.063873406E0,1.573468190E-1,-6.777864343E-1,1.271211665E0
4.473653931E2,-9.363561577E-1,-4.768813670E-2,-5.825317830E-1,1.103802650E0
4.473753821E2,-8.733752131E-1,-1.166151148E-1,-5.745982808E-1,1.051925155E0
4.473853711E2,-8.611054158E-1,-1.304572284E-2,-5.861062590E-1,1.041726104E0
4.473953601E2,-8.529973742E-1,1.276944190E-1,-4.635171171E-1,9.791621433E-1
4.474053491E2,-7.748513836E-1,1.667380321E-1,-3.700305907E-1,8.747107385E-1
4.474153381E2,-6.656712958E-1,1.156438923E-1,-3.311506265E-1,7.524310742E-1
4.474253271E2,-5.049620354E-1,5.078248322E-2,-2.760482204E-1,5.777266982E-1
4.474353161E2,-3.260708579E-1,-5.783890307E-2,-2.218282322E-1,3.985916553E-1
4.474453051E2,-2.271312913E-1,-7.850588679E-2,-2.842057440E-1,3.721890685E-1
4.474552941E2,-1.788803601E-1,-4.829624712E-2,-2.735561371E-1,3.303992598E-1
4.474652831E2,-1.504623073E-1,1.355560005E-2,-1.745382178E-1,2.308381461E-1
4.474752721E2,-5.895747542E-2,-1.920634925E-2,-2.234635522E-1,2.319069359E-1
4.474852611E2,-1.618012279E-2,-7.442394555E-2,-2.975052360E-1,3.070994717E-1
4.474952501E2,1.239463538E-2,-1.856584525E-1,-2.808026645E-1,3.368572760E-1
4.475052391E2,7.993436158E-3,-2.792162418E-1,-2.694636708E-1,3.881188924E-1
4.475152281E2,-1.022970378E-2,-2.605595309E-1,-2.906669173E-1,3.904909382E-1
4.475252171E2,-5.451943874E-2,-1.698721397E-1,-2.968363146E-1,3.463245742E-1
4.475352061E2,-8.780822217E-2,-9.214510202E-2,-2.867930639E-1,3.137694459E-1
4.475451951E2,-1.403419465E-1,-3.660181582E-2,-2.398978096E-1,2.803328627E-1
4.475551841E2,-1.974999413E-1,-3.353553593E-2,-1.828290579E-1,2.712145339E-1
4.475651731E2,-2.363938656E-1,-4.544456005E-3,-1.728769507E-1,2.928978523E-1
4.475751621E2,-2.544883668E-1,-7.730603814E-3,-1.644424883E-1,3.030930931E-1
4.475851511E2,-2.536922684E-1,-2.340231121E-2,-1.071180671E-1,2.763724218E-1
4.475951401E2,-2.409640494E-1,-4.516330898E-2,-4.431612052E-2,2.491331293E-1
4.476051291E2,-2.112350509E-1,-6.421938479E-2,-4.624219336E-2,2.255719764E-1
4.476151181E2,-2.099776071E-1,-9.610892951E-2,-4.700583972E-2,2.356630450E-1
4.476251071E2,-1.585405281E-1,-9.357123792E-2,1.742397174E-3,1.841024486E-1
4.476350961E2,-1.208400205E-1,-8.637740850E-2,3.480196975E-2,1.525599697E-1
4.476450851E2,-1.224278319E-1,-8.842861176E-2,7.149149381E-2,1.670904757E-1
4.476550741E2,-7.227772504E-2,-7.142373919E-2,1.164970011E-1,1.545864525E-1
4.476650631E2,-2.816574544E-2,-4.210638463E-2,1.675524762E-1,1.750431064E-1
4.476750531E2,-3.832118958E-2,-1.877657890E-2,1.936509385E-1,1.982971494E-1
4.476850421E2,-1.249023736E-2,-1.025782889E-1,1.460119184E-1,1.788792657E-1
4.476950311E2,8.048721582E-2,-1.052750248E-1,1.446278825E-1,1.961587294E-1
4.477050201E2,9.009302169E-2,-6.233482718E-2,2.183490658E-1,2.442922384E-1
4.477150091E2,5.645691365E-2,-2.009278715E-2,3.059625026E-1,3.117758108E-1
4.477249981E2,4.209001243E-2,3.113466918E-2,2.822368404E-1,2.870515125E-1
4.477349871E2,7.751478374E-2,6.313531101E-2,2.794646023E-1,2.968081420E-1
4.477449761E2,5.680014521E-2,6.060580552E-2,2.792934251E-1,2.913831455E-1
4.477549651E2,4.718176782E-2,4.778286159E-2,2.463262385E-1,2.553153675E-1
4.477649541E2,3.268885911E-2,5.692556798E-2,2.494117411E-1,2.579055998E-1
4.477749431E2,1.404998213E-2,4.508261740E-2,2.247604647E-1,2.296673918E-1
4.477849321E2,1.071560740E-2,5.430016816E-2,1.807450372E-1,1.890293654E-1
4.477949211E2,1.881136984E-2,9.518273056E-2,1.441911685E-1,1.737950313E-1
4.478049101E2,3.222839087E-2,1.260583681E-1,1.142796638E-1,1.731739671E-1
4.478148991E2,4.258673340E-2,1.294246101E-1,9.823322296E-2,1.679706095E-1
4.478248881E2,3.388081402E-2,6.484328270E-2,1.017946889E-1,1.253583646E-1
4.478348771E2,1.965161473E-2,9.821568131E-3,6.829540573E-2,7.174197938E-2
4.478448661E2,2.813972533E-3,1.984252632E-2,4.236293122E-2,4.686429594E-2
4.478548551E2,-3.375305235E-2,-7.635294199E-3,1.299836040E-3,3.463027338E-2
4.478648441E2,-8.475422144E-2,-3.558089197E-2,-3.322680295E-2,9.774097584E-2
4.478748331E2,-1.422612950E-1,-7.523027658E-2,-1.252992533E-2,1.614152087E-1
4.478848221E2,-1.404597679E-1,-6.729209661E-2,5.799926296E-3,1.558550987E-1
4.478948111E2,-1.275885844E-1,-1.901280642E-2,-1.776274480E-2,1.302146259E-1
4.479048001E2,-1.479941976E-1,2.482727766E-2,-6.892873228E-2,1.651358422E-1
4.479147891E2,-1.521430895E-1,5.556550562E-2,-4.655786991E-2,1.685309477E-1
4.479247781E2,-1.590837345E-1,5.916680574E-2,-5.981818557E-2,1.799626650E-1
4.479347671E2,-1.614226207E-1,1.323341846E-2,-6.601915777E-2,1.749025873E-1
4.479447561E2,-1.654086676E-1,-1.141493440E-2,-2.276788831E-2,1.673580138E-1
4.479547451E2,-1.824459922E-1,8.957934380E-4,-1.364623189E-2,1.829578153E-1
4.479647341E2,-1.720312241E-1,-3.771454096E-4,-3.896058261E-2,1.763882402E-1
4.479747231E2,-1.276567045E-1,2.391452730E-2,-7.779603481E-2,1.513947220E-1
4.479847121E2,-9.463806242E-2,1.867249846E-2,-1.103989398E-1,1.466047440E-1
4.479947011E2,-9.611799270E-2,3.910559356E-2,-1.548897459E-1,1.864369850E-1
4.480046901E2,-5.477262318E-2,8.791639566E-2,-1.585243752E-1,1.893655470E-1
4.480146791E2,-5.652561843E-2,9.323385358E-2,-1.415744665E-1,1.786925475E-1
4.480246681E2,-5.191713542E-2,9.402498186E-2,-1.104351195E-1,1.540519451E-1
4.480346571E2,-2.848237216E-2,1.122735572E-1,-9.149262585E-2,1.476058866E-1
4.480446461E2,-4.467272758E-3,1.004224205E-1,-9.322983362E-2,1.371000399E-1
4.480546351E2,2.957229316E-2,1.162099028E-1,-1.468271665E-1,1.895718303E-1
4.480646241E2,3.701082855E-2,1.183914989E-1,-2.056523486E-1,2.401650202E-1
4.480746131E2,4.810211957E-3,1.039746040E-1,-2.306749964E-1,2.530707616E-1
4.480846021E2,-3.992537320E-2,6.543677509E-2,-2.011863184E-1,2.152950108E-1
4.480945921E2,-1.079492489E-1,1.819361150E-2,-1.401196792E-1,1.778133075E-1
4.481045811E2,-1.493373030E-1,-8.245743513E-3,-1.114760701E-1,1.865382978E-1
4.481145701E2,-1.527810207E-1,-2.787660062E-2,-8.905543327E-2,1.790251808E-1
4.481245591E2,-1.403203118E-1,-3.145802021E-4,-1.018726031E-1,1.734010269E-1
4.481345481E2,-9.562097937E-2,-2.259305656E-2,-1.275202451E-1,1.609820823E-1
4.481445371E2,-9.348557621E-2,-2.720124722E-2,-8.888060153E-2,1.318302778E-1
4.481545261E2,-1.035705614E-1,-1.668795347E-2,-3.017155968E-2,1.091589300E-1
4.481645151E2,-1.124518973E-1,-3.356535673E-2,-2.617623031E-2,1.202383358E-1
4.481745041E2,-8.740184069E-2,-2.887764394E-2,-5.362656891E-2,1.065307888E-1
4.481844931E2,-8.321757317E-2,-1.645581901E-2,-5.022765554E-2,9.858385184E-2
4.481944821E2,-6.190476447E-2,-4.232214689E-3,-4.599902228E-2,7.724002561E-2
4.482044711E2,-3.806625098E-2,-1.423212290E-2,-1.775507033E-2,4.434901699E-2
4.482144601E2,-9.599081576E-3,-3.274967015E-2,-2.392088614E-2,4.167603695E-2
4.482244491E2,2.321812391E-2,-4.139302433E-2,-5.867096186E-3,4.782140272E-2
4.482344381E2,5.638470054E-3,-5.440600276E-2,-1.596816123E-2,5.698059015E-2
4.482444271E2,4.016569376E-2,-4.719872475E-2,-4.800680995E-2,7.839423687E-2
4.482544161E2,6.879980117E-2,-2.823912799E-2,-5.994390070E-2,9.552032361E-2
4.482644051E2,9.678749889E-2,1.308782279E-2,-9.937518418E-2,1.393360624E-1
4.482743941E2,9.597999841E-2,3.106508732E-2,-1.385334027E-1,1.713729950E-1
4.482843831E2,7.756097674E-2,2.713400424E-2,-1.443321595E-1,1.660835078E-1
4.482943721E2,1.505336434E-2,-3.793088794E-3,-1.650423396E-1,1.657708212E-1
4.483043611E2,-5.313306391E-2,-2.651653826E-2,-1.283212405E-1,1.413951557E-1
4.483143501E2,-6.090693712E-2,-7.380063236E-2,-1.032091304E-1,1.407420084E-1
4.483243391E2,-8.571901202E-2,-9.491843641E-2,-1.081792637E-1,1.675112285E-1
4.483343281E2,-8.000628233E-2,-6.757627130E-2,-1.421474936E-1,1.765600962E-1
4.483443171E2,-6.730729938E-2,-5.554094732E-2,-1.764911147E-1,1.968862183E-1
4.483543061E2,-6.172379315E-2,-7.308610260E-2,-1.911016256E-1,2.137082973E-1
4.483642951E2,-6.270378649E-2,-1.091371107E-1,-1.421633542E-1,1.898765205E-1
4.483742841E2,-6.353087515E-2,-1.345461863E-1,-1.265308231E-1,1.953174277E-1
4.483842731E2,-4.504490286E-2,-1.199848652E-1,-1.567557386E-1,2.024790674E-1
4.483942621E2,-3.980199695E-2,-9.185508013E-2,-2.019610014E-1,2.254102943E-1
4.484042511E2,-5.215511709E-2,-6.457606494E-2,-2.435137278E-1,2.572725404E-1
4.484142401E2,-3.676202953E-2,-3.612409830E-2,-2.383711747E-1,2.438795076E-1
4.484242291E2,-3.840100408E-2,-1.724636257E-2,-2.413053075E-1,2.449496389E-1
4.484342181E2,-4.709552139E-2,-1.990684569E-2,-1.967055970E-1,2.032421279E-1
4.484442071E2,-4.389943331E-2,-2.128094137E-2,-1.818606859E-1,1.882905940E-1
4.484541961E2,-5.079096168E-2,-3.186674058E-2,-2.020038322E-1,2.107148765E-1
4.484641861E2,-3.573233485E-2,-3.387467444E-2,-2.053396688E-1,2.111603014E-1
4.484741751E2,-5.874463677E-2,-4.047208786E-2,-2.395638605E-1,2.499595278E-1
4.484841641E2,-8.330498904E-2,-1.261829138E-3,-2.796905241E-1,2.918357461E-1
4.484941531E2,-1.090964726E-1,3.733096361E-2,-2.883432338E-1,3.105438160E-1
4.485041421E2,-1.155804500E-1,9.209364653E-2,-2.219398409E-1,2.666409067E-1
4.485141311E2,-3.753473908E-2,4.606787324E-2,-2.685368872E-1,2.750330259E-1
4.485241201E2,-5.808302432E-2,-2.563419342E-2,-3.684985471E-1,3.739277053E-1
4.485341091E2,-1.474150309E-1,1.954724193E-2,-2.920011058E-1,3.276857210E-1
4.485440981E2,-1.800933650E-1,5.637417555E-2,-2.278279140E-1,2.958331053E-1
4.485540871E2,-2.230543202E-1,7.444791913E-2,-2.049150147E-1,3.119068542E-1
4.485640761E2,-2.752556303E-1,6.015849352E-2,-2.104290853E-1,3.516604986E-1
4.485740651E2,-2.866150162E-1,5.612566888E-2,-2.084299222E-1,3.588053660E-1
4.485840541E2,-3.041095930E-1,6.339317322E-2,-2.068107551E-1,3.731916765E-1
4.485940431E2,-3.083891702E-1,6.908953071E-2,-1.501740396E-1,3.498992508E-1
4.486040321E2,-3.284550601E-1,9.650069296E-2,-6.345405735E-2,3.481688206E-1
4.486140211E2,-3.789115611E-1,6.807094574E-2,-1.593424737E-2,3.853070529E-1
4.486240101E2,-3.988160679E-1,2.279186189E-2,1.474660479E-2,3.997388989E-1
4.486339991E2,-3.766437185E-1,2.199137807E-2,2.265905701E-2,3.779650040E-1
4.486439881E2,-3.114285529E-1,-2.393382311E-2,4.411899626E-2,3.154473922E-1
4.486539771E2,-2.512139261E-1,-5.056905985E-2,5.577074289E-3,2.563138120E-1
4.486639661E2,-1.684767017E-1,-1.899526477E-2,-1.049892421E-1,1.994190564E-1
4.486739551E2,-1.194577387E-1,3.863021493E-2,-1.641629183E-1,2.066685961E-1
4.486839441E2,-1.218001333E-1,8.441391349E-2,-1.698684852E-1,2.254246737E-1
4.486939331E2,-1.838949323E-1,8.399174452E-2,-1.375540671E-1,2.445262371E-1
4.487039221E2,-2.081714022E-1,1.204742771E-1,-1.605236113E-2,2.410540654E-1
4.487139111E2,-2.471530348E-1,1.040459400E-1,9.532474481E-2,2.845996965E-1
4.487239001E2,-2.251853380E-1,4.025983393E-2,1.843855137E-1,2.938150920E-1
4.487338891E2,-1.471674013E-1,3.107210398E-2,2.344183838E-1,2.785241432E-1
4.487438781E2,-6.184366107E-2,3.100135267E-2,2.090302120E-1,2.201802712E-1
4.487538671E2,-2.906650901E-3,1.071736157E-2,1.879384281E-1,1.882662030E-1
4.487638561E2,5.996670485E-2,-1.929931998E-2,1.592853172E-1,1.712900514E-1
4.487738451E2,1.368789330E-1,-3.269236743E-2,1.556653060E-1,2.098483278E-1
4.487838341E2,2.273090467E-1,-2.989272058E-2,1.027585293E-1,2.512415029E-1
4.487938231E2,2.701755694E-1,-3.430444479E-2,6.353423730E-2,2.796573484E-1
4.488038121E2,2.736885765E-1,-3.077623487E-2,6.248480827E-3,2.754844044E-1
4.488138021E2,2.710479739E-1,4.351322472E-2,-3.801041007E-2,2.771375041E-1
4.488237911E2,2.265193802E-1,9.709009230E-2,-3.309977219E-2,2.486626441E-1
4.488337801E2,2.044005328E-1,9.067686617E-2,-4.950194299E-2,2.290247023E-1
4.488437691E2,1.809993911E-1,3.272043407E-2,-3.729471087E-2,1.876760556E-1
4.488537581E2,1.338281482E-1,2.413613677E-2,-7.444280282E-2,1.550298592E-1
4.488637471E2,7.992968380E-2,3.870272040E-2,-9.880990461E-2,1.328534989E-1
4.488737361E2,-1.809625536E-2,4.031362832E-2,-7.912057534E-2,9.062410567E-2
4.488837251E2,-1.113447270E-1,7.245752692E-2,-4.249113142E-2,1.394748640E-1
4.488937141E2,-1.264477926E-1,7.545831800E-2,-8.109357208E-3,1.474746205E-1
4.489037031E2,-1.282002032E-1,8.408296108E-2,-4.268525898E-2,1.591454296E-1
4.489136921E2,-1.467560497E-1,8.985123932E-2,-2.599847496E-2,1.740301814E-1
4.489236811E2,-1.809792182E-1,6.144195735E-2,-4.252139077E-2,1.957974980E-1
4.489336701E2,-2.128161380E-1,1.531268835E-2,-7.215814948E-2,2.252376202E-1
4.489436591E2,-2.808484921E-1,-3.467398882E-4,-9.786090150E-2,2.974100734E-1
4.489536481E2,-3.287310487E-1,3.893017709E-2,-1.185446960E-1,3.516141436E-1
4.489636371E2,-3.865079713E-1,8.377305865E-2,-1.657615471E-1,4.288160768E-1
4.489736261E2,-4.281132495E-1,1.362436330E-1,-2.202355237E-1,5.003468476E-1
4.489836151E2,-4.742612296E-1,1.352554536E-1,-1.815731491E-1,5.255345470E-1
4.489936041E2,-4.980751848E-1,4.878332019E-2,-1.859135373E-1,5.338750279E-1
4.490035931E2,-4.876703569E-1,4.098488867E-2,-2.857214154E-1,5.666911552E-1
4.490135821E2,-4.546110767E-1,7.812523305E-2,-3.559271796E-1,5.826310499E-1
4.490235711E2,-4.558620885E-1,1.050826514E-1,-3.290808584E-1,5.719674979E-1
4.490335601E2,-4.392893252E-1,1.610767579E-1,-3.056405403E-1,5.588711596E-1
4.490435491E2,-4.326144361E-1,2.018739510E-1,-2.852850670E-1,5.561437870E-1
4.490535381E2,-4.235518366E-1,2.249482334E-1,-2.693129589E-1,5.500248502E-1
4.490635271E2,-3.930881354E-1,2.020446897E-1,-2.835447894E-1,5.251075951E-1
4.490735161E2,-3.576733044E-1,1.723963827E-1,-2.816973616E-1,4.868306779E-1
4.490835051E2,-3.235129935E-1,1.184593266E-1,-2.315433079E-1,4.150970639E-1
4.490934941E2,-3.027097696E-1,7.515660167E-2,-1.971464771E-1,3.689829980E-1
4.491034831E2,-2.083839485E-1,4.294078231E-2,-1.417734911E-1,2.556706936E-1
4.491134721E2,-8.388503283E-2,7.249377966E-3,-5.776712850E-2,1.021092226E-1
4.491234611E2,2.137654334E-2,-3.321393907E-2,3.082505912E-3,3.961848302E-2
4.491334501E2,9.732544273E-2,-7.838894248E-2,3.854338378E-3,1.250276931E-1
4.491434391E2,1.587969285E-1,-5.637826860E-2,-1.415800944E-2,1.691018123E-1
4.491534291E2,1.300868073E-1,-6.208164275E-2,-9.469171062E-2,1.724622505E-1
4.491634181E2,5.712086499E-2,4.291213095E-2,-2.138237594E-1,2.254436610E-1
4.491734071E2,-5.072868884E-2,1.207549435E-1,-1.460793807E-1,1.961997495E-1
4.491833961E2,-1.735631946E-1,9.122299612E-2,-1.194792272E-1,2.296107647E-1
4.491933854E2,-1.222544619E-1,3.239942193E-3,-1.099718007E-1,1.644702029E-1
4.492033744E2,-7.471893758E-2,-1.099709237E-1,-6.868490338E-2,1.496467161E-1
4.492133634E2,1.248877555E-2,-2.172532976E-1,-6.800384894E-2,2.279901057E-1
4.492233524E2,1.495156431E-1,-1.694926554E-1,-1.519289352E-1,2.723326810E-1
4.492333414E2,2.662915564E-1,-3.106333315E-2,-2.490994267E-1,3.659598995E-1
4.492433304E2,2.258799872E-1,3.925762117E-2,-3.266516326E-1,3.990792134E-1
4.492533194E2,1.347642875E-1,1.016322094E-1,-3.924569285E-1,4.272153554E-1
4.492633084E2,-1.355390435E-1,1.807719344E-1,-2.982506830E-1,3.741694729E-1
4.492732974E2,-3.462896526E-1,1.416148853E-1,-1.770015036E-1,4.138850462E-1
4.492832864E2,-3.541401243E-1,1.095323825E-1,-2.067867815E-2,3.712683372E-1
4.492932754E2,-2.481570017E-1,1.151720220E-1,1.895842731E-1,3.328493485E-1
4.493032644E2,2.692876697E-2,1.187090027E-1,3.856874608E-1,4.044401108E-1
4.493132534E2,3.559279105E-1,1.090213358E-1,5.291046041E-1,6.469327718E-1
4.493232424E2,7.175311285E-1,3.418165326E-2,5.923941354E-1,9.311015613E-1
4.493332314E2,1.101924747E0,-1.356068712E-1,5.419233088E-1,1.235438482E0
4.493432204E2,1.247779740E0,-1.977083945E-1,3.721722065E-1,1.317025072E0
4.493532094E2,1.285835759E0,-2.242021286E-1,3.028400163E-1,1.339907560E0
4.493631984E2,1.165740966E0,-2.267193550E-1,2.589100313E-1,1.215478535E0
4.493731874E2,9.774036115E-1,-2.120510298E-1,2.925033085E-1,1.042037257E0
4.493831764E2,7.736994821E-1,-6.462108850E-2,3.842139624E-1,8.662604358E-1
4.493931654E2,5.784603667E-1,-2.752225935E-2,4.187137042E-1,7.146293002E-1
4.494031544E2,4.294776973E-1,-8.025186539E-2,4.028537165E-1,5.942916550E-1
4.494131434E2,3.361251453E-1,-1.434737152E-1,4.230634479E-1,5.590594791E-1
4.494231324E2,3.275145355E-1,-2.244307548E-1,4.467727380E-1,5.976962557E-1
4.494331214E2,3.937219736E-1,-3.068156844E-1,4.435756266E-1,6.677665709E-1
4.494431104E2,5.301009697E-1,-2.430675852E-1,4.557138616E-1,7.401108111E-1
4.494530994E2,5.661943701E-1,-1.647324371E-1,4.279306702E-1,7.285859586E-1
4.494630884E2,5.815772250E-1,-7.192016780E-2,3.328661996E-1,6.739469460E-1
4.494730784E2,5.183726245E-1,7.278204739E-2,2.704155976E-1,5.891790896E-1
4.494830674E2,3.659816131E-1,1.691739821E-1,1.691431381E-1,4.372319505E-1
4.494930564E2,1.805336604E-1,2.288120735E-1,7.401990294E-2,3.007096831E-1
4.495030454E2,-5.210833937E-2,2.602367646E-1,3.887872159E-2,2.682349859E-1
4.495130344E2,-2.573739678E-1,2.339231247E-1,8.198731899E-2,3.573280118E-1
4.495230234E2,-4.315400103E-1,1.374066442E-1,1.584344012E-1,4.798008189E-1
4.495330124E2,-4.922569129E-1,2.818708777E-2,3.176387344E-1,5.865200302E-1
4.495430014E2,-4.597940487E-1,-7.333577871E-2,4.554717869E-1,6.513395829E-1
4.495529904E2,-2.788326645E-1,-1.879751194E-1,5.550837833E-1,6.489994659E-1
4.495629794E2,-1.214378983E-1,-1.771361357E-1,6.568218273E-1,6.910421742E-1
4.495729684E2,9.951493263E-2,-1.671233636E-1,6.270384496E-1,6.565140195E-1
4.495829574E2,3.480762693E-1,-1.451980591E-1,5.180820179E-1,6.408186506E-1
4.495929464E2,5.569765270E-1,-1.208718878E-1,4.139109474E-1,7.043828059E-1
4.496029354E2,7.624506086E-1,-8.660603464E-2,3.148795795E-1,8.294460112E-1
4.496129244E2,8.710374963E-1,-5.706590116E-2,2.446976428E-1,9.065537896E-1
4.496229134E2,8.580256873E-1,-5.311142921E-2,1.913501322E-1,8.807064080E-1
4.496329024E2,7.260259634E-1,-7.693590939E-2,1.516142088E-1,7.456672864E-1
4.496428914E2,5.304348457E-1,-9.870450854E-2,1.619456542E-1,5.633206018E-1
4.496528804E2,3.132607779E-1,-1.530643183E-1,2.029286425E-1,4.034117431E-1
4.496628694E2,2.264100373E-1,-1.450302440E-1,2.274699913E-1,3.521901100E-1
4.496728584E2,1.417233512E-1,-5.411773503E-2,3.017269988E-1,3.377179583E-1
4.496828474E2,1.723086745E-1,-2.243985951E-2,3.129975070E-1,3.579961815E-1
4.496928364E2,2.803570336E-1,-1.390818715E-2,3.070788091E-1,4.160419438E-1
4.497028254E2,3.439645073E-1,-5.878322840E-2,3.201717483E-1,4.735789254E-1
4.497128144E2,3.852452651E-1,-1.091265857E-1,3.164844941E-1,5.103772732E-1
4.497228034E2,3.871897566E-1,-1.666731280E-1,3.132878213E-1,5.252095755E-1
4.497327924E2,3.512056991E-1,-1.945345259E-1,3.353056580E-1,5.230860437E-1
4.497427814E2,3.108961639E-1,-1.630928779E-1,3.708405031E-1,5.106646554E-1
4.497527704E2,2.825129020E-1,-7.317088723E-2,3.811232704E-1,4.800234013E-1
4.497627594E2,2.295654872E-1,-9.620716274E-2,4.010687077E-1,4.720299136E-1
4.497727484E2,2.061798406E-1,-1.315892494E-1,3.854256517E-1,4.564852573E-1
4.497827384E2,2.099246898E-1,-1.553768921E-1,3.610462707E-1,4.456060632E-1
4.497927274E2,2.033091500E-1,-1.903771555E-1,3.540803365E-1,4.505007842E-1
4.498027164E2,2.061830565E-1,-2.034714103E-1,3.335906696E-1,4.418085586E-1
4.498127054E2,2.452456731E-1,-1.946263272E-1,2.971057981E-1,4.316210174E-1
4.498226944E2,2.818129903E-1,-1.596529609E-1,2.354742448E-1,4.004444398E-1
4.498326834E2,2.815782246E-1,-1.583443540E-1,1.998361963E-1,3.798601537E-1
4.498426724E2,2.687760383E-1,-1.374639469E-1,1.784095131E-1,3.506662941E-1
4.498526614E2,2.550114003E-1,-1.023455697E-1,1.792968281E-1,3.281048346E-1
4.498626504E2,2.165536782E-1,-5.837275386E-2,1.940889680E-1,2.966031043E-1
4.498726394E2,1.895190766E-1,-3.134283006E-2,2.154546940E-1,2.886530419E-1
4.498826284E2,2.088985035E-1,-5.015800059E-2,2.293470937E-1,3.142522859E-1
4.498926174E2,1.971353674E-1,-7.934730113E-2,2.428307730E-1,3.226842599E-1
4.499026064E2,2.197611684E-1,-9.988623083E-2,2.427125131E-1,3.423179724E-1
4.499125954E2,2.582878876E-1,-5.819967628E-2,2.368794769E-1,3.552628911E-1
4.499225844E2,2.854768556E-1,-3.333088338E-2,2.354777531E-1,3.715612401E-1
4.499325734E2,2.918892047E-1,-2.036585212E-2,2.026025140E-1,3.558958477E-1
4.499425624E2,2.707985902E-1,-1.016246080E-2,1.484552506E-1,3.089888566E-1
4.499525514E2,2.328788120E-1,-1.367839158E-2,1.261846679E-1,2.652210585E-1
4.499625404E2,1.451126897E-1,-4.145325065E-2,9.634574175E-2,1.790490622E-1
4.499725294E2,5.028546989E-2,-5.461065531E-2,8.375610173E-2,1.119197781E-1
4.499825184E2,-3.401003748E-2,-3.909272969E-2,7.827404469E-2,9.387092327E-2
4.499925074E2,-9.146682501E-2,-1.640202463E-2,8.799504071E-2,1.279778640E-1
4.500024964E2,-1.025984618E-1,7.532967925E-3,1.281316446E-1,1.643195311E-1
4.500124854E2,-8.969248742E-2,1.785154939E-3,1.555283350E-1,1.795466292E-1
4.500224744E2,-6.215356350E-2,1.384913027E-2,1.691535169E-1,1.807422921E-1
4.500324634E2,1.991035402E-2,1.722355843E-2,1.917828262E-1,1.935813152E-1
4.500424524E2,1.010109428E-1,1.717970431E-2,1.472521859E-1,1.793921934E-1
4.500524414E2,1.377270716E-1,2.805611014E-2,1.137580191E-1,1.808225055E-1
4.500624304E2,1.432918668E-1,2.094238758E-2,6.092360169E-2,1.571076953E-1
4.500724194E2,1.149395952E-1,4.034461856E-2,4.547584265E-2,1.300263475E-1
4.500824094E2,8.640079737E-2,2.971964300E-2,9.015266329E-2,1.283583175E-1
4.500923984E2,6.118891910E-2,2.555584073E-2,1.548925965E-1,1.684900628E-1
4.501023874E2,6.328573063E-2,7.059343457E-3,1.602151707E-1,1.724059713E-1
4.501123764E2,7.628116742E-2,-2.077515721E-3,1.545173514E-1,1.723332367E-1
4.501223654E2,1.503415623E-1,8.130553365E-3,1.312901643E-1,1.997643574E-1
4.501323544E2,1.687388031E-1,4.033935606E-2,1.160046655E-1,2.087034493E-1
4.501423434E2,1.626790412E-1,7.407895982E-2,1.072529916E-1,2.084595091E-1
4.501523324E2,1.112381615E-1,8.070327044E-2,1.268528585E-1,1.870256510E-1
4.501623214E2,1.117952549E-1,7.695345104E-2,1.622233969E-1,2.115099127E-1
4.501723104E2,1.334029095E-1,7.562964141E-2,1.676050280E-1,2.271731153E-1
4.501822994E2,1.268065193E-1,4.146085203E-2,1.880230665E-1,2.305462408E-1
4.501922883E2,1.249737096E-1,2.756786764E-2,1.725098187E-1,2.147977024E-1
4.502022773E2,1.119458207E-1,2.088040709E-2,9.999440432E-2,1.515478112E-1
4.502122663E2,1.237960804E-1,4.095916092E-2,1.180380347E-1,1.758866113E-1
4.502222553E2,1.851611468E-1,2.394610226E-2,1.421918593E-1,2.346840237E-1
4.502322443E2,2.692597492E-1,2.859814703E-2,1.635271798E-1,3.163223120E-1
4.502422333E2,3.555330773E-1,3.740814686E-2,1.675278448E-1,3.948021242E-1
4.502522223E2,4.159969416E-1,3.740639269E-2,1.722595578E-1,4.518031086E-1
4.502622113E2,4.815604551E-1,1.044546604E-2,1.915664792E-1,5.183698445E-1
4.502722003E2,4.931953910E-1,-2.126866221E-2,1.996426535E-1,5.324952946E-1
4.502821893E2,4.723076749E-1,-5.255594373E-2,1.745159984E-1,5.062533957E-1
4.502921783E2,4.248794469E-1,-6.068825126E-2,1.356665128E-1,4.501233286E-1
4.503021673E2,3.249759668E-1,-4.306357384E-2,1.312027484E-1,3.530977366E-1
4.503121563E2,1.447260426E-1,-2.089736402E-2,1.688339666E-1,2.233545063E-1
4.503221453E2,1.263597921E-2,2.988511920E-2,2.566872123E-1,2.587298075E-1
4.503321343E2,-5.370945320E-2,8.354735613E-2,3.123364793E-1,3.277482912E-1
4.503421233E2,-5.004017919E-2,1.162876707E-1,3.201628312E-1,3.442834303E-1
4.503521123E2,-8.237849772E-3,1.334334612E-1,3.254804353E-1,3.518662594E-1
4.503621013E2,7.910873473E-2,1.467592657E-1,2.559399381E-1,3.054533121E-1
4.503720913E2,1.778382401E-1,1.700569117E-1,1.838458157E-1,3.071564370E-1
4.503820803E2,2.442766432E-1,1.573731315E-1,1.270849930E-1,3.171560758E-1
4.503920693E2,2.767425773E-1,1.430386823E-1,1.729096220E-1,3.562923745E-1
4.504020583E2,2.981802240E-1,3.988093436E-2,2.060735674E-1,3.646481182E-1
4.504120473E2,2.397019279E-1,-6.515493929E-2,2.581507704E-1,3.582513093E-1
4.504220363E2,1.814756468E-1,-1.846597481E-1,3.164326000E-1,4.088547704E-1
4.504320253E2,1.347175097E-1,-1.867746860E-1,3.161688906E-1,3.911474890E-1
4.504420143E2,9.002621725E-2,-1.125197250E-1,2.787139660E-1,3.137624629E-1
4.504520033E2,5.914941028E-2,-2.604642212E-2,2.647367817E-1,2.725117106E-1
4.504619923E2,1.220995107E-1,7.232011735E-2,2.521094272E-1,2.893054669E-1
4.504719813E2,1.436941552E-1,1.489215660E-1,1.998639706E-1,2.876999301E-1
4.504819703E2,1.587314397E-1,1.787406117E-1,1.342326294E-1,2.741573909E-1
4.504919593E2,1.723851268E-1,1.619281125E-1,9.736988157E-2,2.557698954E-1
4.505019483E2,1.972651756E-1,1.346344793E-1,1.174300705E-1,2.661387119E-1
4.505119373E2,2.259359743E-1,9.953890622E-2,8.614278898E-2,2.614873580E-1
4.505219263E2,2.180985126E-1,6.880827963E-2,1.025230327E-1,2.506242462E-1
4.505319153E2,2.011994746E-1,2.711880147E-2,9.105152652E-2,2.225017718E-1
4.505419043E2,1.699943465E-1,4.157955050E-3,8.493767783E-2,1.900783406E-1
4.505518933E2,1.230143076E-1,-1.853333473E-2,7.589510500E-2,1.457260146E-1
4.505618823E2,5.532313854E-2,1.784219384E-2,3.420080289E-2,6.744396531E-2
4.505718713E2,-2.171041936E-2,3.184276700E-2,-5.726119816E-2,6.902281459E-2
4.505818603E2,-1.148270363E-1,1.000370890E-1,-1.489619118E-1,2.130312620E-1
4.505918493E2,-2.098980850E-1,1.493858349E-1,-1.131705201E-1,2.813910098E-1
4.506018383E2,-2.412467623E-1,1.742768472E-1,-8.337851778E-2,3.090702137E-1
4.506118273E2,-3.334649545E-1,1.500734675E-1,-6.825308651E-2,3.719938243E-1
4.506218163E2,-3.640637264E-1,1.771068996E-1,-8.251605347E-2,4.131805293E-1
4.506318053E2,-2.942193201E-1,1.464803535E-1,-6.277950794E-2,3.346083814E-1
4.506417943E2,-2.996481675E-1,1.243258381E-1,-6.424291983E-2,3.307160278E-1
4.506517843E2,-2.627618846E-1,1.026186347E-1,-1.011698408E-1,2.996827137E-1
4.506617733E2,-1.544346133E-1,5.904167533E-2,-8.028636396E-2,1.837984479E-1
4.506717623E2,-8.935247183E-2,4.575797081E-2,-1.224576527E-1,1.583462435E-1
4.506817513E2,-8.313044965E-2,6.597705781E-2,-1.357860884E-1,1.723412476E-1
4.506917403E2,-2.685743093E-2,7.312761784E-2,-8.112880155E-2,1.124760087E-1
4.507017293E2,-9.235092402E-2,1.004288524E-1,-3.275610209E-2,1.403125432E-1
4.507117183E2,-1.193817249E-1,6.957835793E-2,2.002072021E-2,1.396208200E-1
4.507217073E2,-1.179190439E-1,1.605236113E-2,1.853508890E-2,1.204413913E-1
4.507316963E2,-7.241279572E-2,1.424849510E-2,3.659640715E-2,8.237675408E-2
4.507416853E2,-3.302098095E-2,1.075478375E-2,-2.601616278E-2,4.339229520E-2
4.507516743E2,4.002653003E-2,5.526729763E-2,-1.069761260E-1,1.268877016E-1
4.507616633E2,1.552046916E-1,4.998667717E-2,-1.219103533E-1,2.035910077E-1
4.507716523E2,1.859642619E-1,6.656996548E-2,-1.633133179E-1,2.562918391E-1
4.507816413E2,2.057725820E-1,6.902696550E-2,-2.423520322E-1,3.253330370E-1
4.507916303E2,1.727571559E-1,2.341751397E-2,-2.453206636E-1,3.009578756E-1
4.508016193E2,1.357065663E-1,2.608618319E-2,-3.091311818E-1,3.386131254E-1
4.508116083E2,8.746323645E-2,6.293825984E-2,-3.213214570E-1,3.389078356E-1
4.508215973E2,-2.235390544E-2,7.146057665E-2,-3.011171342E-1,3.102867055E-1
4.508315863E2,-1.258370510E-1,9.946464658E-2,-2.947711511E-1,3.355863687E-1
4.508415753E2,-2.102527186E-1,1.734377718E-1,-3.308044714E-1,4.286239198E-1
4.508515643E2,-2.802073449E-1,2.283279240E-1,-3.783750790E-1,5.232757375E-1
4.508615533E2,-3.267766169E-1,2.320812517E-1,-3.137535520E-1,5.090048685E-1
4.508715423E2,-4.202762264E-1,2.123989391E-1,-2.691123994E-1,5.423715510E-1
4.508815313E2,-4.181566107E-1,1.703200364E-1,-1.545506805E-1,4.772313682E-1
4.508915203E2,-3.929150578E-1,1.332106823E-1,-5.904079825E-3,4.149243144E-1
4.509015093E2,-4.023311216E-1,8.984012961E-2,2.503631562E-2,4.129992704E-1
4.509114983E2,-3.660737067E-1,7.024084747E-2,-3.646981493E-3,3.727694138E-1
4.509214883E2,-3.546736827E-1,4.396112144E-2,-5.061766483E-2,3.609544977E-1
4.509314773E2,-3.852338630E-1,1.899760365E-2,-9.739180863E-2,3.978079971E-1
4.509414663E2,-4.185776103E-1,3.836825967E-2,-1.138416342E-1,4.354758970E-1
4.509514553E2,-4.593452749E-1,6.841476202E-2,-1.327745531E-1,4.830194025E-1
4.509614443E2,-5.114091754E-1,1.282545823E-1,-1.322606559E-1,5.435820671E-1
4.509714333E2,-4.799742517E-1,2.095156771E-1,-1.563066725E-1,5.465380838E-1
4.509814223E2,-4.378839469E-1,2.785379648E-1,-2.088316990E-1,5.594072106E-1
4.509914113E2,-4.105970380E-1,3.228890955E-1,-2.341874919E-1,5.724430775E-1
4.510014003E2,-4.172511694E-1,3.433718920E-1,-2.605205007E-1,5.998947623E-1
4.510113893E2,-4.679240173E-1,3.419685602E-1,-3.509381890E-1,6.775344970E-1
4.510213783E2,-4.916546497E-1,2.979431194E-1,-4.132554746E-1,7.080074041E-1
4.510313673E2,-4.823113838E-1,2.474758011E-1,-3.973960716E-1,6.721548785E-1
4.510413563E2,-4.820359799E-1,2.065821290E-1,-3.864657982E-1,6.514527421E-1
4.510513453E2,-4.795725480E-1,1.748650771E-1,-3.535302597E-1,6.209277482E-1
4.510613343E2,-4.673752561E-1,1.404945588E-1,-3.709654874E-1,6.130201823E-1
4.510713233E2,-4.234386930E-1,9.729708374E-2,-3.030160906E-1,5.297035023E-1
4.510813123E2,-3.752737159E-1,5.329327762E-2,-2.564185327E-1,4.576253918E-1
4.510913013E2,-3.244900632E-1,2.502023578E-3,-1.683653122E-1,3.655775425E-1
4.511012903E2,-2.290968329E-1,-5.833182335E-2,-1.136943575E-1,2.623249271E-1
4.511112793E2,-1.501240459E-1,-1.316354424E-1,-1.407940093E-1,2.443114240E-1
4.511212683E2,-4.780011088E-2,-2.131467980E-1,-1.907683343E-1,2.900154573E-1
4.511312573E2,1.329039958E-1,-1.824354672E-1,-2.852855786E-1,3.637774500E-1
4.511412463E2,2.950522560E-1,-5.473110795E-2,-3.304237445E-1,4.463531997E-1
4.511512353E2,3.725065210E-1,1.571193624E-1,-3.838404715E-1,5.574774523E-1
4.511612243E2,5.234035689E-1,4.399211168E-2,-2.628914005E-1,5.873657210E-1
4.511712133E2,2.874654937E-1,1.158929837E-1,-3.281072239E-1,4.513556736E-1
4.511812033E2,3.879218280E-2,1.644792527E-1,-1.720748224E-1,2.411804356E-1
4.511911923E2,-1.634589136E-1,9.749881268E-2,-1.339901161E-1,2.327620805E-1
4.512011815E2,-2.776871949E-1,-1.931335330E-3,-9.658898592E-2,2.940124836E-1
4.512111705E2,-3.531083831E-1,-3.033126175E-2,-3.605451643E-2,3.562379034E-1
4.512211595E2,-4.250072086E-1,1.501623452E-2,6.731311005E-2,4.305666841E-1
4.512311485E2,-4.216754651E-1,7.710781753E-2,1.257648744E-1,4.467355113E-1
4.512411375E2,-3.380553111E-1,1.236686110E-1,1.259718293E-1,3.813714994E-1
4.512511265E2,-2.614880687E-1,4.865877450E-2,1.172401822E-1,2.906698242E-1
4.512611155E2,-2.489145085E-1,-1.609446108E-2,1.210321015E-1,2.772476038E-1
4.512711045E2,-2.352203295E-1,-1.025016904E-1,1.151743609E-1,2.812478148E-1
4.512810935E2,-1.660691106E-1,-1.701925671E-1,1.570550247E-1,2.849749817E-1
4.512910825E2,-1.280607471E-1,-2.173334044E-1,2.181116506E-1,3.334757198E-1
4.513010715E2,-7.312674075E-2,-2.600379592E-1,2.794957387E-1,3.886967049E-1
4.513110605E2,-5.334268659E-2,-2.778327906E-1,2.521448394E-1,3.789637473E-1
4.513210495E2,-2.637971342E-2,-2.818585986E-1,2.268696284E-1,3.627809080E-1
4.513310385E2,-1.202041358E-2,-2.729421794E-1,1.801486212E-1,3.272544108E-1
4.513410275E2,7.140619755E-3,-2.603180408E-1,1.438835959E-1,2.975213606E-1
4.513510165E2,4.516623259E-2,-2.124919099E-1,1.061503438E-1,2.417864674E-1
4.513610055E2,1.356270441E-1,-2.009196854E-1,4.931189935E-2,2.473763903E-1
4.513709945E2,1.797267446E-1,-1.821822828E-1,-2.068393151E-2,2.567487330E-1
4.513809835E2,1.603522879E-1,-1.484198749E-1,-8.366897821E-2,2.339696848E-1
4.513909725E2,1.189332435E-1,-1.427802354E-1,-9.950967014E-2,2.107925200E-1
4.514009615E2,1.063520819E-2,-1.421358722E-1,-8.970213532E-2,1.684107684E-1
4.514109505E2,-8.118917406E-2,-1.243328547E-1,-7.138046066E-2,1.647589479E-1
4.514209395E2,-1.261153784E-1,-9.886647642E-2,-1.030244223E-1,1.905090560E-1
4.514309285E2,-1.638591555E-1,-6.258041024E-2,-1.431532969E-1,2.264044986E-1
4.514409185E2,-1.912729490E-1,-1.183125615E-2,-1.832014525E-1,2.651190145E-1
4.514509075E2,-2.001572084E-1,1.567229211E-2,-2.213720763E-1,2.988546887E-1
4.514608965E2,-1.909101292E-1,3.428397954E-2,-2.244436187E-1,2.966428942E-1
4.514708855E2,-2.103269783E-1,5.436390281E-2,-2.268333757E-1,3.140800090E-1
4.514808745E2,-1.935355291E-1,6.970582724E-2,-2.191752774E-1,3.005872678E-1
4.514908635E2,-1.638872221E-1,7.182018042E-2,-1.954654026E-1,2.649978934E-1
4.515008525E2,-1.829547000E-1,5.428671956E-2,-1.814467031E-1,2.633294063E-1
4.515108415E2,-1.604660162E-1,4.359859407E-2,-2.078889817E-1,2.662104590E-1
4.515208305E2,-1.167639264E-1,1.635232329E-2,-2.240962940E-1,2.532199874E-1
4.515308195E2,-1.086488682E-1,2.670540333E-2,-2.540474868E-1,2.775930126E-1
4.515408085E2,-9.038976789E-2,2.883612871E-2,-2.721849650E-1,2.882472682E-1
4.515507975E2,-7.341939390E-2,1.418008268E-2,-2.405158603E-1,2.518717158E-1
4.515607865E2,-3.464153677E-2,1.421048820E-2,-2.254107481E-1,2.284994079E-1
4.515707755E2,-6.995608807E-3,-3.034938812E-2,-1.734026885E-1,1.761775136E-1
4.515807645E2,2.803330600E-2,-4.483294129E-2,-9.434540927E-2,1.081522775E-1
4.515907535E2,1.460663706E-2,-5.987197995E-2,-7.189794838E-2,9.469594929E-2
4.516007425E2,2.733280957E-2,-5.997196734E-2,-6.425212920E-2,9.204376922E-2
4.516107315E2,2.505268782E-2,-4.528551579E-2,-7.184181511E-2,8.854186301E-2
4.516207205E2,1.516416907E-2,-2.277315080E-2,-6.817385674E-2,7.345912580E-2
4.516307095E2,1.649324119E-2,-7.840531468E-3,-5.251267433E-2,5.559749908E-2
4.516406985E2,3.897666246E-2,-2.724802494E-2,-1.877073169E-2,5.112705201E-2
4.516506875E2,2.807218999E-2,-2.005419552E-2,3.930673778E-2,5.229950520E-2
4.516606765E2,2.705331266E-2,-4.578369856E-3,9.870333910E-2,1.024460460E-1
4.516706655E2,3.654158950E-2,1.756503582E-3,1.202982759E-1,1.257380144E-1
4.516806555E2,5.823768318E-2,7.665699720E-3,1.173922098E-1,1.312681287E-1
4.516906445E2,7.254465044E-2,1.688734353E-2,1.073192114E-1,1.306343056E-1
4.517006335E2,1.006238571E-1,3.504645646E-2,4.449497223E-2,1.154695513E-1
4.517106225E2,1.184669280E-1,1.760070384E-2,1.596640706E-2,1.208268346E-1
4.517206115E2,1.132971123E-1,-1.107521117E-2,1.031624258E-2,1.143036343E-1
4.517306005E2,1.254604903E-1,-2.501731217E-2,1.550447702E-2,1.288665563E-1
4.517405895E2,8.867302537E-2,-5.237818837E-2,1.293228686E-2,1.037960697E-1
4.517505785E2,8.302987754E-2,-6.771543503E-2,5.362130642E-2,1.198106223E-1
4.517605675E2,7.305598944E-2,-5.850665510E-2,7.359831870E-2,1.190668669E-1
4.517705565E2,5.744100004E-2,-5.400020599E-2,7.680844009E-2,1.100682843E-1
4.517805455E2,5.972843081E-2,-5.265885472E-2,4.620937586E-2,9.206381941E-2
4.517905345E2,5.682704240E-2,-4.099716783E-2,3.801157951E-2,7.971800734E-2
4.518005235E2,2.700828910E-3,-2.184051991E-2,2.312223186E-2,3.192084574E-2
4.518105125E2,-3.167758316E-2,-7.715985775E-3,2.238723685E-2,3.954989362E-2
4.518205015E2,-5.989858478E-2,-8.869056702E-3,-6.930122275E-3,6.094692134E-2
4.518304905E2,-5.822160333E-2,-1.429527283E-2,-6.496279431E-4,5.995441549E-2
4.518404795E2,-5.432881951E-2,-2.879987597E-2,5.106955867E-3,6.170198120E-2
4.518504685E2,-1.950017184E-2,-6.366448402E-3,-2.981203357E-2,3.618764586E-2
4.518604575E2,3.110718727E-3,2.830052376E-3,-4.716598034E-2,4.735309355E-2
4.518704465E2,1.180552840E-3,-1.043143272E-3,-4.656897962E-2,4.659561906E-2
4.518804355E2,-1.871167481E-2,-7.751069069E-3,-7.046713471E-2,7.332000355E-2
4.518904245E2,-5.160313994E-2,-1.785915077E-2,-9.391856253E-2,1.086394482E-1
4.519004135E2,-1.195571414E-1,-2.934659064E-2,-1.052697623E-1,1.619779469E-1
4.519104025E2,-1.433585250E-1,-3.713742077E-2,-8.919752061E-2,1.728787217E-1
4.519203915E2,-1.601374027E-1,-7.241776586E-2,-5.786930402E-2,1.850329076E-1
4.519303815E2,-1.716599259E-1,-9.632469177E-2,-8.545470874E-2,2.145881722E-1
4.519403705E2,-1.927479091E-1,-1.313109219E-1,-9.754266679E-2,2.528020699E-1
4.519503595E2,-1.928715777E-1,-1.330709338E-1,-1.145323366E-1,2.608159793E-1
4.519603485E2,-2.390125412E-1,-1.094639701E-1,-1.689687449E-1,3.125056677E-1
4.519703375E2,-2.571517736E-1,-1.233470142E-1,-1.655568945E-1,3.297735676E-1
4.519803265E2,-2.880534312E-1,-1.244153005E-1,-2.138034403E-1,3.796917925E-1
4.519903155E2,-3.135490456E-1,-1.125939846E-1,-3.002942848E-1,4.485165180E-1
4.520003045E2,-3.688689682E-1,-1.127711552E-1,-4.069849205E-1,5.607302156E-1
4.520102935E2,-4.167655581E-1,-6.761018515E-2,-5.404850399E-1,6.858489236E-1
4.520202825E2,-4.854153782E-1,-2.835022509E-2,-6.541876566E-1,8.151032541E-1
4.520302715E2,-5.565736538E-1,-7.669208050E-3,-7.363778740E-1,9.230847319E-1
4.520402605E2,-6.458910424E-1,4.340388179E-3,-7.777925330E-1,1.011016964E0
4.520502495E2,-7.391289890E-1,1.739078879E-2,-8.155018115E-1,1.100753063E0
4.520602385E2,-8.393914881E-1,2.902090073E-2,-8.435117286E-1,1.190349663E0
4.520702275E2,-8.796568769E-1,3.973650813E-2,-8.388310325E-1,1.216146666E0
4.520802165E2,-8.970576060E-1,5.555381119E-2,-7.815762663E-1,1.191075159E0
4.520902055E2,-9.257811758E-1,5.841660798E-2,-7.595731938E-1,1.198930658E0
4.521001945E2,-9.262796509E-1,8.236563385E-2,-7.288975310E-1,1.181553934E0
4.521101835E2,-8.688865981E-1,1.085599905E-1,-7.412983060E-1,1.147289140E0
4.521201725E2,-8.106725961E-1,1.192948937E-1,-7.507649481E-1,1.111336734E0
4.521301615E2,-7.669608584E-1,9.705910206E-2,-7.141738035E-1,1.052470260E0
4.521401505E2,-7.691933253E-1,5.951763868E-2,-6.442520678E-1,1.005117629E0
4.521501395E2,-7.256762999E-1,1.251187205E-2,-6.399338260E-1,9.676145621E-1
4.521601285E2,-6.957917655E-1,-5.527080595E-2,-6.446513595E-1,9.501349474E-1
4.521701185E2,-6.872837743E-1,-9.861913919E-2,-6.498928037E-1,9.510233316E-1
4.521801075E2,-6.564616388E-1,-9.964357138E-2,-6.752235997E-1,9.469939990E-1
4.521900965E2,-6.171736121E-1,-4.294136703E-2,-7.320165090E-1,9.584338255E-1
4.522000856E2,-5.434922630E-1,1.307963669E-2,-7.918077973E-1,9.604761864E-1
4.522100746E2,-4.671507230E-1,6.811129153E-2,-8.571199536E-1,9.785313286E-1
4.522200636E2,-3.921601823E-1,1.817560208E-1,-8.309554178E-1,9.366492225E-1
4.522300526E2,-3.907881331E-1,3.069671273E-1,-8.505617166E-1,9.850885320E-1
4.522400416E2,-3.992417452E-1,4.457449436E-1,-9.137117187E-1,1.092223251E0
4.522500306E2,-4.650039178E-1,5.566087371E-1,-8.727589897E-1,1.134790811E0
4.522600196E2,-6.721389011E-1,6.624643904E-1,-7.172534589E-1,1.185361673E0
4.522700086E2,-5.823259610E-1,7.052180618E-1,-5.907278252E-1,1.088758652E0
4.522799976E2,-4.484945968E-1,4.883617902E-1,-8.841551399E-1,1.105158338E0
4.522899866E2,-6.096377206E-1,4.264836305E-1,-9.792751591E-1,1.229848070E0
4.522999756E2,-6.413775766E-1,3.324738514E-1,-8.037214261E-1,1.080681354E0
4.523099646E2,-7.117362455E-1,2.024651045E-1,-7.001818550E-1,1.018732169E0
4.523199536E2,-7.123583892E-1,1.275868303E-1,-5.961248052E-1,9.376020783E-1
4.523299426E2,-6.683592609E-1,8.495945871E-2,-5.674150494E-1,8.808416711E-1
4.523399316E2,-5.220508155E-1,4.359742463E-2,-5.719625022E-1,7.756151709E-1
4.523499206E2,-2.929469660E-1,9.801804543E-2,-5.370837146E-1,6.195840368E-1
4.523599096E2,-5.949308038E-2,2.245611477E-1,-3.496646655E-1,4.198005645E-1
4.523698986E2,1.399802962E-1,2.830467528E-1,-5.935581699E-2,3.212990206E-1
4.523798876E2,3.141922393E-1,2.990833265E-1,3.388506787E-1,5.504428961E-1
4.523898766E2,5.015215337E-1,2.077737916E-1,7.921262513E-1,9.602904744E-1
4.523998666E2,6.522066200E-1,1.405495226E-2,1.030990712E0,1.220046255E0
4.524098556E2,8.199965662E-1,-1.798919284E-1,9.410427010E-1,1.261077650E0
4.524198446E2,1.068236306E0,-2.589264035E-1,7.477723432E-1,1.329411586E0
4.524298336E2,1.156474299E0,-1.145235658E-1,6.844912903E-1,1.348731544E0
4.524398226E2,1.117508453E0,3.091949165E-2,6.893281071E-1,1.313375193E0
4.524498116E2,1.034865662E0,1.594980097E-1,7.796531171E-1,1.305467554E0
4.524598006E2,8.880575716E-1,2.116732997E-1,9.249073094E-1,1.299578919E0
4.524697896E2,6.028186977E-1,1.549184704E-1,9.558817649E-1,1.140657733E0
4.524797786E2,2.774243626E-1,1.588238257E-1,8.196768697E-1,8.798064874E-1
4.524897676E2,-1.293216991E-1,1.801193851E-1,5.760723639E-1,6.172734104E-1
4.524997566E2,-6.284160537E-1,8.360524356E-2,4.305063687E-1,7.663108421E-1
4.525097456E2,-1.002774388E0,-7.696689963E-3,3.200567043E-1,1.052640492E0
4.525197346E2,-1.192472097E0,-1.133020824E-1,2.473870696E-1,1.223122000E0
4.525297236E2,-1.180217210E0,-4.418682396E-2,1.349683553E-1,1.188731086E0
4.525397126E2,-9.401328743E-1,2.181017286E-1,7.282648623E-2,9.678439349E-1
4.525497016E2,-5.722286966E-1,4.559705544E-1,1.462404715E-1,7.461508582E-1
4.525596906E2,-1.637249619E-1,5.172528827E-1,2.992765769E-1,6.196151042E-1
4.525696796E2,1.550514945E-1,4.326156056E-1,5.787278768E-1,7.390014774E-1
4.525796686E2,4.645007649E-1,2.149875015E-1,8.341392267E-1,9.786566486E-1
4.525896576E2,1.049149532E0,-8.735096991E-2,1.010378399E0,1.459181087E0
4.525996466E2,1.703729537E0,-3.814004284E-1,9.007885681E-1,1.964581550E0
4.526096356E2,2.133615370E0,-5.052888948E-1,8.468672995E-1,2.350492637E0
4.526196246E2,2.259314134E0,-4.040051794E-1,9.708079523E-1,2.492025005E0
4.526296146E2,2.025731902E0,-2.617722434E-1,1.108197640E0,2.323836581E0
4.526396036E2,1.757519828E0,-1.079407704E-1,1.035442928E0,2.042711241E0
4.526495926E2,1.567568935E0,-8.953607440E-2,7.861749552E-1,1.755949923E0
4.526595816E2,1.509130107E0,-1.553038019E-1,5.054610953E-1,1.599088450E0
4.526695706E2,1.457442475E0,-2.425179470E-1,3.601422912E-1,1.520741922E0
4.526795596E2,1.406665839E0,-3.002738196E-1,3.137193458E-1,1.472172876E0
4.526895486E2,1.279133095E0,-3.338812762E-1,1.422824912E-1,1.329624943E0
4.526995376E2,1.018466268E0,-2.898996896E-1,-1.055156377E-1,1.064165833E0
4.527095266E2,4.704061604E-1,-9.341043949E-2,-2.677558453E-1,5.492728453E-1
4.527195156E2,-2.620923784E-1,5.125844657E-2,-3.267511815E-1,4.220025803E-1
4.527295046E2,-8.399513590E-1,1.924371296E-1,-1.121338087E-1,8.689788982E-1
4.527394936E2,-1.162796600E0,2.296885711E-1,3.022911090E-1,1.223205906E0
4.527494826E2,-1.096213479E0,1.656352472E-1,6.678289184E-1,1.294262141E0
4.527594716E2,-5.959920734E-1,7.421286106E-2,7.938301300E-1,9.954297442E-1
4.527694606E2,5.508895755E-2,3.915646434E-2,5.364678566E-1,5.407085935E-1
4.527794496E2,5.975357383E-1,1.396665931E-2,2.177678525E-1,6.361343127E-1
4.527894386E2,9.730842733E-1,-1.038518125E-1,-4.335388809E-2,9.795701923E-1
4.527994276E2,1.009321808E0,-1.243170673E-1,-2.750793368E-1,1.053496030E0
4.528094166E2,8.718832961E-1,-9.415946782E-2,-4.104055417E-1,9.682350933E-1
4.528194056E2,5.944232655E-1,-7.493616164E-2,-2.972575334E-1,6.688172306E-1
4.528293946E2,3.228317928E-1,-1.297122931E-1,-5.426683903E-2,3.521228980E-1
4.528393836E2,1.625470403E-1,-1.391122770E-1,1.435049978E-1,2.576188082E-1
4.528493736E2,7.812494069E-2,-1.236282653E-1,2.266138127E-1,2.697059036E-1
4.528593626E2,4.845792264E-2,-1.776816809E-1,1.479143831E-1,2.362151873E-1
4.528693516E2,-2.228066906E-2,-2.190934163E-1,8.326435089E-2,2.354385385E-1
4.528793406E2,-3.370773643E-3,-2.561489761E-2,-4.219058454E-2,4.947252286E-2
4.528893296E2,4.429777488E-2,1.174091667E-1,-9.733684480E-2,1.588133075E-1
4.528993186E2,2.169952892E-1,6.931230962E-2,-5.116313696E-5,2.277963003E-1
4.529093076E2,4.396866435E-1,-6.175770700E-2,1.760815904E-1,4.776432615E-1
4.529192966E2,7.050891307E-1,-1.381492406E-1,3.598320964E-1,8.035639567E-1
4.529292856E2,8.834410487E-1,-1.990170014E-1,4.913798305E-1,1.030305776E0
4.529392746E2,9.379302281E-1,-1.509517193E-1,4.767518511E-1,1.062916677E0
4.529492636E2,8.435333633E-1,-3.622876346E-2,3.441282293E-1,9.117484832E-1
4.529592526E2,5.838392204E-1,1.404501200E-2,1.590892893E-1,6.052891042E-1
4.529692416E2,2.940561828E-1,9.149606109E-2,4.931921750E-2,3.118861219E-1
4.529792306E2,-7.652104944E-3,1.210052043E-1,-4.787670940E-2,1.303571766E-1
4.529892196E2,-1.265698533E-1,9.646502495E-2,-1.227622926E-1,2.009875849E-1
4.529992086E2,-1.653193514E-1,1.629677474E-2,-1.782567546E-1,2.436627657E-1
4.530091976E2,-1.688712426E-1,-9.995113492E-2,-1.585428670E-1,2.522767659E-1
4.530191866E2,-1.202358569E-1,-1.873196465E-1,-8.211127996E-2,2.372500233E-1
4.530291756E2,-1.106622107E-1,-1.959010202E-1,-8.562838018E-2,2.407395981E-1
4.530391646E2,-1.026733062E-1,-1.171916503E-1,-1.191963682E-1,1.961720288E-1
4.530491536E2,-1.229257223E-1,-2.430278242E-2,-1.661831313E-1,2.081302274E-1
4.530591426E2,-9.703366667E-2,6.010294497E-2,-1.943523851E-1,2.253902084E-1
4.530691326E2,-5.471751317E-2,1.952163112E-1,-2.130152357E-1,2.940729587E-1
4.530791216E2,-4.082218990E-2,2.710839343E-1,-2.599964440E-1,3.778241675E-1
4.530891106E2,-2.343710214E-2,2.273379904E-1,-1.800489262E-1,2.909458291E-1
4.530990996E2,5.827905223E-2,1.488841438E-1,-1.236686110E-1,2.021308031E-1
4.531090886E2,1.184109409E-1,2.760762870E-2,-7.500808239E-2,1.428619771E-1
4.531190776E2,2.031423582E-1,-4.610763431E-2,-6.556190550E-3,2.084123683E-1
4.531290666E2,2.852779041E-1,-1.119735950E-1,4.958526582E-2,3.104517147E-1
4.531390556E2,3.773683347E-1,-1.469452071E-1,9.110225111E-2,4.150895976E-1
4.531490446E2,5.158849266E-1,-1.591454226E-1,6.592560232E-2,5.438848298E-1
4.531590336E2,6.038918079E-1,-1.769759220E-1,-9.767481387E-3,6.293657096E-1
4.531690226E2,5.862944663E-1,-1.275078928E-1,-1.353007695E-1,6.150656568E-1
4.531790116E2,3.881755972E-1,-6.721257448E-2,-2.917778152E-1,4.902367978E-1
4.531890006E2,5.712773547E-2,-3.331743479E-3,-3.504458535E-1,3.550872778E-1
4.531989895E2,-2.449223220E-1,5.913990855E-2,-3.071440056E-1,3.972680616E-1
4.532089785E2,-4.348189826E-1,1.302145690E-1,-2.497714180E-1,5.180821777E-1
4.532189675E2,-5.087788054E-1,1.713356978E-1,-2.076486611E-1,5.756125091E-1
4.532289565E2,-5.966718122E-1,1.525491786E-1,-1.468671468E-1,6.331338423E-1
4.532389455E2,-6.036431551E-1,1.136634403E-1,8.154234588E-3,6.143052400E-1
4.532489345E2,-5.687536964E-1,4.897627831E-2,1.466750658E-1,5.894005581E-1
4.532589235E2,-5.122732477E-1,2.923724771E-2,2.627805957E-1,5.764827304E-1
4.532689125E2,-4.609104283E-1,-1.383860528E-2,3.299513626E-1,5.670077880E-1
4.532789025E2,-3.806014064E-1,-2.712347925E-2,3.252610186E-1,5.013859231E-1
4.532888915E2,-3.028107803E-1,-4.884763956E-2,2.631621265E-1,4.041469601E-1
4.532988805E2,-1.821504155E-1,-3.815659046E-2,1.947228062E-1,2.693541730E-1
4.533088695E2,-9.565767065E-2,-2.649197996E-2,1.310045278E-1,1.643605831E-1
4.533188585E2,-6.632204354E-2,-2.576458633E-2,6.155685514E-2,9.408333425E-2
4.533288475E2,-3.488463476E-2,-3.146035910E-2,5.211623311E-3,4.726365363E-2
4.533388365E2,-9.576321289E-2,-5.852068841E-2,-2.528482229E-2,1.150416714E-1
4.533488255E2,-1.352564768E-1,-6.447081506E-2,-4.618481755E-2,1.567923400E-1
4.533588145E2,-9.440198109E-2,-2.033778548E-2,9.648490548E-3,9.704871416E-2
4.533688035E2,-4.180861518E-2,8.141546130E-2,4.230080456E-2,1.008255707E-1
4.533787925E2,3.249911696E-2,1.482380265E-1,9.437435299E-2,1.787098867E-1
4.533887815E2,1.205469288E-1,1.109889239E-1,1.414573029E-1,2.164723350E-1
4.533987705E2,1.781620297E-1,2.512490094E-2,2.516369721E-1,3.093446867E-1
4.534087595E2,2.302173056E-1,-4.683385849E-2,3.346034074E-1,4.088433176E-1
4.534187485E2,2.648731680E-1,-4.585269570E-2,3.658956590E-1,4.540263188E-1
4.534287375E2,2.427948126E-1,-1.548693538E-2,3.180218732E-1,4.004086388E-1
4.534387265E2,2.308916357E-1,-1.973727643E-2,2.470691273E-1,3.387383373E-1
4.534487155E2,1.951389818E-1,-1.310518903E-1,1.838075164E-1,2.983940737E-1
4.534587045E2,1.300086008E-1,-2.499228609E-1,1.738514623E-1,3.310407884E-1
4.534686935E2,2.361544222E-2,-2.589451146E-1,7.904763132E-2,2.717697362E-1
4.534786825E2,-1.484099346E-1,-2.006980759E-1,-1.768370506E-1,3.059028748E-1
4.534886725E2,-2.438822486E-1,-8.297199011E-3,-3.658430341E-1,4.397596165E-1
4.534986615E2,-1.830779301E-1,2.876888573E-1,-1.592834169E-1,3.763689865E-1
4.535086505E2,-1.814181979E-1,4.487229306E-1,2.101755354E-1,5.276728026E-1
4.535186395E2,-5.876298241E-1,3.777038187E-1,3.428295627E-1,7.781395080E-1
4.535286285E2,-1.066177648E0,3.622847110E-1,3.429444605E-1,1.177113372E0
4.535386175E2,-1.428696540E0,3.738510883E-1,2.636813593E-1,1.500155424E0
4.535486065E2,-1.609183276E0,2.514945924E-1,2.243070862E-1,1.644090635E0
4.535585955E2,-1.526764432E0,9.628785431E-2,2.319254234E-1,1.547278380E0
4.535685845E2,-1.200556604E0,9.084234238E-2,3.405865708E-1,1.251234471E0
4.535785735E2,-9.340763283E-1,1.802082628E-1,3.634629250E-1,1.018370710E0
4.535885625E2,-5.948948434E-1,3.042078263E-1,3.005410373E-1,7.326439731E-1
4.535985515E2,-3.137301631E-1,4.263356960E-1,2.282308602E-1,5.764356568E-1
4.536085405E2,-8.222559303E-2,5.166640681E-1,1.267126715E-1,5.382925864E-1
4.536185295E2,1.501620528E-1,5.015536934E-1,6.785196751E-2,5.279286306E-1
4.536285185E2,4.218178448E-1,3.321686268E-1,1.021964657E-1,5.465440590E-1
4.536385075E2,6.636502057E-1,5.026091158E-2,1.677827834E-1,6.863736717E-1
4.536484965E2,8.108597070E-1,-2.348364598E-1,2.561366969E-1,8.821834474E-1
4.536584855E2,9.178204840E-1,-4.312900418E-1,3.339575824E-1,1.067676546E0
4.536684745E2,8.948926744E-1,-5.793719476E-1,3.979039022E-1,1.137906968E0
4.536784635E2,8.057533336E-1,-6.299462700E-1,4.182299933E-1,1.104982835E0
4.536884525E2,6.775727186E-1,-5.611584556E-1,3.923788682E-1,9.633092844E-1
4.536984425E2,5.427125368E-1,-4.291838747E-1,4.192392227E-1,8.090100257E-1
4.537084315E2,3.965201586E-1,-2.637415856E-1,4.287880182E-1,6.408174660E-1
4.537184205E2,3.070750085E-1,-8.610375881E-2,3.604498547E-1,4.812826777E-1
4.537284095E2,2.764174721E-1,3.728067756E-2,3.844871736E-1,4.750019520E-1
4.537383985E2,3.160898070E-1,6.373991311E-2,4.016347182E-1,5.150592097E-1
4.537483875E2,4.577992710E-1,4.783957958E-2,4.169836593E-1,6.210830621E-1
4.537583765E2,6.304638948E-1,-2.338827789E-2,4.347068623E-1,7.661604207E-1
4.537683655E2,8.101883005E-1,-4.182513356E-2,4.933260763E-1,9.494867253E-1
4.537783545E2,9.029096456E-1,-5.842888713E-2,4.417925182E-1,1.006896416E0
4.537883435E2,8.651391175E-1,-1.511458468E-1,3.964839059E-1,9.635923658E-1
4.537983325E2,7.082638764E-1,-1.810742354E-1,3.649232671E-1,8.170646169E-1
4.538083215E2,5.120418441E-1,-2.246769226E-1,2.886717743E-1,6.292836903E-1
4.538183105E2,2.930623023E-1,-2.411917984E-1,2.078553602E-1,4.327387751E-1
4.538282995E2,3.244883090E-2,-1.555686808E-1,1.010340393E-1,1.883146785E-1
4.538382885E2,-2.094132046E-1,-1.735453606E-3,1.763169408E-2,2.101613159E-1
4.538482775E2,-4.088197768E-1,1.370569807E-1,-1.094189465E-1,4.448491112E-1
4.538582665E2,-5.728525946E-1,3.158332604E-1,-2.303902370E-1,6.935347178E-1
4.538682555E2,-6.175798474E-1,4.305082691E-1,-2.534531173E-1,7.943429488E-1
4.538782445E2,-5.588700016E-1,4.739349550E-1,-2.473749366E-1,7.733979438E-1
4.538882335E2,-4.798692942E-1,4.927676672E-1,-2.032246578E-1,7.172132004E-1
4.538982235E2,-3.516692372E-1,4.182606912E-1,-1.730401611E-1,5.731981817E-1
4.539082125E2,-2.258219536E-1,3.137563294E-1,-1.310498437E-1,4.081821291E-1
4.539182015E2,-1.318381946E-1,1.776360726E-1,-9.683690786E-2,2.414814083E-1
4.539281905E2,-6.362647712E-2,1.564773381E-2,-6.109492511E-2,8.958666217E-2
4.539381795E2,3.936053216E-3,-8.092487991E-2,7.933794558E-3,8.140806962E-2
4.539481685E2,1.008837658E-1,-1.308910918E-1,5.330087900E-2,1.736404211E-1
4.539581575E2,1.111668254E-1,-8.553307056E-2,8.830435842E-2,1.657456755E-1
4.539681465E2,9.687023699E-2,-2.328536689E-2,9.358936429E-2,1.366931609E-1
4.539781355E2,1.189221337E-1,3.200005710E-2,9.521489024E-2,1.556674432E-1
4.539881245E2,1.071550508E-1,1.093335772E-1,7.656841189E-2,1.711687989E-1
4.539981135E2,9.495819747E-2,1.529923975E-1,-1.060801864E-2,1.803781113E-1
4.540081025E2,8.654083818E-2,2.025066197E-1,-2.273455918E-2,2.213935588E-1
4.540180915E2,9.296239659E-2,2.221421546E-1,-8.829587996E-3,2.409711718E-1
4.540280805E2,8.036150068E-2,2.225409347E-1,3.062186837E-2,2.385794149E-1
4.540380695E2,1.069430892E-1,1.738786519E-1,1.589454478E-1,2.587165733E-1
4.540480585E2,1.932190485E-1,9.021902919E-2,2.540621048E-1,3.316935740E-1
4.540580475E2,2.880304809E-1,2.000858724E-2,3.004080132E-1,4.166615843E-1
4.540680365E2,3.522077657E-1,-2.057050467E-3,2.779403794E-1,4.486706991E-1
4.540780255E2,3.651954550E-1,-2.611074150E-2,3.222461942E-1,4.877418383E-1
4.540880145E2,3.769979136E-1,-3.527859092E-2,3.963809949E-1,5.481695896E-1
4.540980045E2,4.292671975E-1,-4.926454604E-2,4.165196827E-1,6.001549537E-1
4.541079935E2,4.960768989E-1,-1.140400010E-1,4.084625119E-1,6.526400501E-1
4.541179825E2,6.688254301E-1,-1.535724413E-1,3.286088419E-1,7.608519709E-1
4.541279715E2,7.501556683E-1,-1.169238478E-1,1.762947214E-1,7.794129468E-1
4.541379605E2,7.259970197E-1,-3.758590221E-2,4.417396009E-2,7.283101753E-1
4.541479495E2,5.722012147E-1,8.137043774E-2,-7.015957117E-2,5.822007761E-1
4.541579385E2,3.579460770E-1,1.577561241E-1,-1.030574682E-1,4.045160448E-1
4.541679275E2,1.113368332E-1,2.203371191E-1,-4.694495559E-2,2.512929871E-1
4.541779165E2,-6.823408306E-2,2.562828773E-1,5.374702156E-2,2.706021907E-1
4.541879055E2,-2.015275034E-1,3.019624954E-1,1.904511228E-1,4.099589168E-1
4.541978950E2,-2.479590735E-1,3.032290024E-1,2.008664757E-1,4.402032156E-1
4.542078840E2,-2.317219403E-1,2.656805223E-1,2.670543256E-1,4.422659951E-1
4.542178730E2,-1.665070671E-1,1.708696747E-1,3.175874251E-1,3.972188587E-1
4.542278620E2,-5.548379079E-2,8.528690279E-2,3.845450610E-1,3.977778410E-1
4.542378510E2,8.034118161E-2,2.968163610E-2,4.566418147E-1,4.646046189E-1
4.542478400E2,3.052927771E-1,-3.931083083E-2,4.779455602E-1,5.684900876E-1
4.542578290E2,4.301059806E-1,-5.783656418E-2,4.979839683E-1,6.605484504E-1
4.542678180E2,4.848704177E-1,-6.301018059E-2,5.153309029E-1,7.103770438E-1
4.542778070E2,5.638781418E-1,-8.496413648E-2,4.638011456E-1,7.350435129E-1
4.542877960E2,5.576148967E-1,-8.599266171E-2,3.494819400E-1,6.636766813E-1
4.542977860E2,4.786948809E-1,-6.592326343E-2,3.218918529E-1,5.806109116E-1
4.543077750E2,4.180102842E-1,-4.360034823E-2,3.199400523E-1,5.281999859E-1
4.543177640E2,3.385874078E-1,2.191536427E-3,3.054778415E-1,4.560295464E-1
4.543277530E2,3.131173749E-1,8.597745895E-2,2.125012654E-1,3.880610799E-1
4.543377420E2,2.815671149E-1,1.271488738E-1,1.504044199E-1,3.436107766E-1
4.543477310E2,2.156504296E-1,1.374025512E-1,8.809532046E-2,2.704539782E-1
4.543577200E2,1.727384448E-1,1.124138904E-1,2.566079825E-2,2.076870955E-1
4.543677090E2,2.365089096E-1,5.607830644E-2,-1.321470737E-2,2.434252848E-1
4.543776980E2,2.215635726E-1,6.290726960E-2,1.888299823E-2,2.310937232E-1
4.543876870E2,2.466098285E-1,1.833569884E-2,9.071998939E-2,2.634060019E-1
4.543976760E2,2.873675528E-1,-5.560175836E-2,1.443896815E-1,3.263740892E-1
4.544076650E2,2.905794284E-1,-9.331746876E-2,1.911336391E-1,3.601064039E-1
4.544176540E2,2.310245137E-1,-6.341188431E-2,1.196759860E-1,2.677979362E-1
4.544276430E2,1.601761405E-1,1.067876995E-2,-1.002475888E-2,1.608444214E-1
4.544376320E2,4.039929003E-2,6.442520678E-2,-1.598801252E-1,1.770433968E-1
4.544476210E2,-7.264551491E-2,1.346678084E-1,-2.093578023E-1,2.593134760E-1
4.544576100E2,-1.535379428E-1,1.100966388E-1,-1.410824963E-1,2.357953361E-1
4.544675990E2,-2.181546459E-1,1.962875211E-1,-6.409396201E-2,3.003802198E-1
4.544775880E2,-2.220407054E-1,2.975513560E-1,-1.189882073E-1,3.898680261E-1
4.544875770E2,-1.947204673E-1,3.655182213E-1,-7.474744275E-2,4.208406001E-1
4.544975670E2,-2.546225604E-1,3.150661057E-1,2.084444672E-2,4.056276497E-1
4.545075560E2,-2.813455054E-1,1.690839350E-1,1.663819367E-1,3.680049176E-1
4.545175450E2,-2.755003363E-1,6.420242786E-2,3.246765894E-1,4.306242849E-1
4.545275340E2,-2.112879682E-1,9.356129766E-3,4.144295955E-1,4.652762967E-1
4.545375230E2,-7.795157075E-2,-1.062690514E-1,4.663875152E-1,4.846512901E-1
4.545475120E2,3.448073834E-2,-2.349393708E-1,4.247071002E-1,4.865814939E-1
4.545575010E2,1.345023322E-1,-7.393804193E-2,9.252765611E-2,1.792179638E-1
4.545674900E2,2.011070886E-1,1.713830602E-1,-2.202967733E-1,3.440158176E-1
4.545774790E2,1.703919572E-1,3.076021349E-1,-3.023327704E-1,4.637430286E-1
4.545874680E2,9.147647291E-2,3.229896677E-1,-3.009370400E-1,4.508363035E-1
4.545974570E2,-2.969186872E-2,2.815744239E-1,-1.436697431E-1,3.175008005E-1
4.546074460E2,-1.029469559E-1,1.499857593E-1,-1.719066784E-2,1.827274549E-1
4.546174350E2,-1.862744567E-1,1.318547130E-3,-4.242812768E-2,1.910498830E-1
4.546274240E2,-1.851313260E-1,-3.167553663E-2,-4.562874734E-2,1.932845831E-1
4.546374130E2,-1.684968746E-1,-8.810584545E-2,-1.406196892E-1,2.364904517E-1
4.546474020E2,-1.168618673E-1,-1.006416911E-1,-2.493398935E-1,2.931822445E-1
4.546573910E2,-1.615790337E-1,-3.859571636E-2,-2.481382906E-1,2.986135040E-1
4.546673800E2,-2.718048960E-1,8.771408200E-3,-3.264611596E-1,4.248902538E-1
4.546773690E2,-3.309366184E-1,6.318910539E-2,-4.680497324E-1,5.766996276E-1
4.546873590E2,-4.499236563E-1,8.269950986E-2,-4.846156253E-1,6.664253969E-1
4.546973480E2,-5.835360423E-1,7.144654334E-2,-4.024932356E-1,7.124743686E-1
4.547073370E2,-6.199525014E-1,7.846144795E-2,-3.062533285E-1,6.959083301E-1
4.547173260E2,-6.143844903E-1,7.246863663E-2,-2.445345055E-1,6.652196100E-1
4.547273150E2,-5.535801718E-1,1.475895703E-2,-2.966896226E-1,6.282464210E-1
4.547373040E2,-4.980164203E-1,-3.147731602E-2,-3.895112474E-1,6.330325333E-1
4.547472930E2,-5.310488033E-1,-2.862855256E-2,-4.725634906E-1,7.114412682E-1
4.547572820E2,-6.466298380E-1,-4.464699984E-2,-4.645111437E-1,7.974296864E-1
4.547672710E2,-6.578863129E-1,-2.678609490E-3,-4.519973713E-1,7.981999745E-1
4.547772600E2,-4.938970569E-1,-4.257825494E-2,-4.271876353E-1,6.543978044E-1
4.547872490E2,-4.165038952E-1,3.446933627E-3,-4.911012107E-1,6.439470283E-1
4.547972380E2,-3.816696927E-1,4.543929756E-2,-5.136336024E-1,6.415262751E-1
4.548072270E2,-2.877397281E-1,8.302052200E-2,-4.770409960E-1,5.632536463E-1
4.548172160E2,-2.004644796E-1,1.076595193E-1,-4.068849331E-1,4.661887263E-1
4.548272050E2,-1.631671375E-1,1.150328583E-1,-3.971428871E-1,4.444980833E-1
4.548371940E2,-6.280845165E-2,4.578720689E-2,-5.182011549E-1,5.239979073E-1
4.548471830E2,-8.136108220E-2,2.783274651E-3,-5.724997151E-1,5.782588487E-1
4.548571720E2,-1.353338063E-1,-5.975737453E-2,-5.435771938E-1,5.633492243E-1
4.548671610E2,-1.529263240E-1,-9.706845760E-2,-4.816901171E-1,5.146203600E-1
4.548771510E2,-2.033851638E-1,-8.811461627E-2,-3.769384912E-1,4.372783286E-1
4.548871400E2,-1.946102473E-1,-9.440505087E-2,-2.621026111E-1,3.398282518E-1
4.548971290E2,-2.143492779E-1,-1.304928964E-1,-1.909320563E-1,3.153237370E-1
4.549071180E2,-1.670479345E-1,-1.318026727E-1,-1.286188638E-1,2.486358162E-1
4.549171070E2,-8.629262388E-2,-8.253578782E-2,-9.405619137E-2,1.520037511E-1
4.549270960E2,-3.431613922E-2,3.064876556E-2,-1.348373777E-1,1.424712696E-1
4.549370850E2,1.221015573E-2,3.789814353E-2,-1.986246532E-1,2.025761833E-1
4.549470740E2,1.048511016E-1,-5.804238617E-2,-2.607906421E-1,2.870094617E-1
4.549570630E2,1.110643530E-1,-1.180009049E-1,-2.642211304E-1,3.099553352E-1
4.549670520E2,9.298125386E-2,-1.673110592E-1,-2.097419643E-1,2.839545663E-1
4.549770410E2,4.517295688E-2,-2.249716222E-1,-1.741406071E-1,2.880586362E-1
4.549870300E2,7.104074657E-3,-2.015944541E-1,-1.263074595E-1,2.380007691E-1
4.549970190E2,-1.048405766E-2,-1.213536984E-1,-9.556499228E-2,1.548202291E-1
4.550070080E2,5.838444829E-4,-7.618688107E-2,-7.090962276E-2,1.040814888E-1
4.550169970E2,5.878030479E-2,-5.621220767E-2,-6.491469182E-2,1.040617785E-1
4.550269860E2,1.611475092E-1,-4.962064147E-2,-6.514792264E-2,1.807622184E-1
4.550369750E2,2.311220160E-1,-6.683835268E-2,-7.837680951E-2,2.530369063E-1
4.550469640E2,2.686041301E-1,-6.966255784E-2,-8.052566126E-2,2.889384585E-1
4.550569530E2,2.883548552E-1,-6.619223535E-2,-1.487305082E-2,2.962281927E-1
4.550669430E2,2.063166654E-1,-1.012796223E-1,8.574064672E-2,2.453071275E-1
4.550769320E2,2.693867800E-1,-2.091496414E-1,7.635703504E-2,3.494899233E-1
4.550869210E2,3.147851470E-1,-1.209350377E-1,1.105575456E-1,3.548773633E-1
4.550969100E2,3.130798066E-1,-1.227576149E-1,5.255886734E-2,3.403686704E-1
4.551068990E2,2.942450479E-1,-9.112768650E-2,-3.796816394E-2,3.103642778E-1
4.551168880E2,2.638667160E-1,-6.094786763E-2,-9.955352426E-2,2.885328241E-1
4.551268770E2,1.395812237E-1,-3.873721898E-2,-1.694371068E-1,2.229179744E-1
4.551368660E2,2.954451889E-2,-1.166694939E-2,-1.575970799E-1,1.607664016E-1
4.551468550E2,-1.901836127E-2,-8.220600486E-3,-1.579683781E-1,1.593213257E-1
4.551568440E2,-4.338312417E-2,-4.810036540E-2,-1.839066267E-1,1.949804810E-1
4.551668330E2,-1.478784227E-1,-1.002692235E-1,-1.744372071E-1,2.497003891E-1
4.551768220E2,-2.241383940E-1,-1.321985292E-1,-1.834955674E-1,3.184102606E-1
4.551868110E2,-3.031907031E-1,-1.126191276E-1,-1.658797339E-1,3.634883168E-1
4.551967992E2,-3.866138059E-1,-7.242478251E-2,-1.026735254E-1,4.065186796E-1
4.552067882E2,-4.048714444E-1,8.554476500E-4,-3.670998931E-2,4.065331986E-1
4.552167772E2,-3.793933716E-1,5.983514249E-2,-2.510333933E-2,3.849022634E-1
4.552267662E2,-2.565714374E-1,7.624418378E-2,-8.670024790E-2,2.813521122E-1
4.552367552E2,-1.208677948E-1,6.807445407E-2,-1.680250043E-1,2.178888643E-1
4.552467452E2,-1.020555478E-1,5.655426979E-2,-2.175860041E-1,2.468955031E-1
4.552567342E2,-7.390383571E-2,5.625489235E-2,-2.721276623E-1,2.875410483E-1
4.552667232E2,-4.876373202E-2,7.965895772E-2,-3.005153827E-1,3.146950052E-1
4.552767122E2,-8.534976035E-2,1.045429534E-1,-2.998206604E-1,3.287951324E-1
4.552867012E2,-1.607300180E-1,4.490953982E-2,-2.965667579E-1,3.402981742E-1
4.552966902E2,-7.654560775E-2,-7.168510973E-2,-2.838624394E-1,3.026150517E-1
4.553066792E2,-5.855694115E-3,3.202753901E-2,-8.363857269E-2,8.975223257E-2
4.553166682E2,-1.241314182E-1,2.689368367E-2,-2.032485583E-1,2.396703061E-1
4.553266572E2,-1.868933845E-1,-2.712757230E-2,-2.465712368E-1,3.105839937E-1
4.553366462E2,-2.599850419E-1,-6.376739502E-2,-2.528002757E-1,3.681935389E-1
4.553466352E2,-3.232367125E-1,-7.754401982E-2,-2.537008200E-1,4.181616355E-1
4.553566242E2,-3.995656809E-1,-4.325477779E-2,-2.620178995E-1,4.797677447E-1
4.553666132E2,-4.186773053E-1,2.239191234E-2,-2.418245403E-1,4.840156939E-1
4.553766022E2,-3.972478446E-1,5.929369032E-2,-2.349441216E-1,4.653174530E-1
4.553865912E2,-3.791112435E-1,6.775636554E-2,-2.267439133E-1,4.469105752E-1
4.553965802E2,-3.854686287E-1,6.410770297E-2,-2.473764715E-1,4.624834916E-1
4.554065692E2,-3.974679923E-1,9.699536741E-2,-2.601497872E-1,4.848368983E-1
4.554165582E2,-4.316426289E-1,9.493714750E-2,-2.441814798E-1,5.049287238E-1
4.554265482E2,-4.644171497E-1,5.365580499E-2,-2.325325837E-1,5.221433106E-1
4.554365372E2,-4.332061744E-1,-1.209321141E-2,-2.137929153E-1,4.832403604E-1
4.554465262E2,-4.560842827E-1,-4.539895177E-2,-2.002980532E-1,5.001932105E-1
4.554565152E2,-4.714098349E-1,-7.089047313E-2,-1.446758296E-1,4.981804767E-1
4.554665042E2,-4.832665265E-1,-7.137520730E-2,-1.237890637E-1,5.039490928E-1
4.554764932E2,-4.915061304E-1,-2.947522938E-2,-9.298366584E-2,5.010918354E-1
4.554864822E2,-4.199824038E-1,6.501519084E-3,-7.995139159E-2,4.275742208E-1
4.554964712E2,-3.526370975E-1,3.379983008E-2,-9.928703740E-2,3.679038827E-1
4.555064602E2,-2.630992690E-1,5.458434284E-2,-1.030256740E-1,2.877758943E-1
4.555164492E2,-1.876579079E-1,6.931932628E-2,-1.478497714E-1,2.487573402E-1
4.555264382E2,-1.332551211E-1,5.118944943E-2,-1.398425943E-1,1.998330258E-1
4.555364272E2,-1.075516382E-1,1.678267837E-2,-1.033061942E-1,1.500705931E-1
4.555464162E2,-1.024283078E-1,-8.042845130E-3,-7.551211238E-2,1.275081359E-1
4.555564052E2,-7.627283514E-2,-1.501915812E-2,-9.811277032E-2,1.251768197E-1
4.555663942E2,-3.560194194E-2,-6.691261232E-2,-9.558501899E-2,1.219889004E-1
4.555763832E2,-1.671777427E-2,-1.035173517E-1,-8.012454227E-2,1.319669215E-1
4.555863722E2,-1.477708340E-2,-9.344026029E-2,-8.184055388E-2,1.250892509E-1
4.555963612E2,3.432666421E-2,-9.021610558E-2,-1.004336033E-1,1.392988667E-1
4.556063502E2,6.656850368E-2,-7.902628899E-2,-1.179231369E-1,1.567877108E-1
4.556163402E2,9.920356840E-2,-6.771017253E-2,-1.421488092E-1,1.860975535E-1
4.556263292E2,7.759138227E-2,-7.977590203E-2,-1.326400671E-1,1.731415737E-1
4.556363182E2,2.236267626E-2,-7.974666595E-2,-1.247118274E-1,1.497085833E-1
4.556463072E2,-2.819410443E-2,-8.884493351E-2,-9.344026029E-2,1.319826200E-1
4.556562962E2,-7.178568184E-2,-6.508711159E-2,-4.110190608E-2,1.052562725E-1
4.556662852E2,-1.075513458E-1,-3.562825441E-2,-1.806204915E-3,1.133134011E-1
4.556762742E2,-1.197632557E-1,-3.714268327E-2,3.973109946E-3,1.254535848E-1
4.556862632E2,-1.432167301E-1,-5.660864890E-2,3.806413136E-2,1.586330640E-1
4.556962522E2,-1.366441673E-1,-8.504131973E-2,6.308268607E-2,1.728672317E-1
4.557062412E2,-1.388780960E-1,-8.360173523E-2,6.208105803E-2,1.735812013E-1
4.557162302E2,-1.267097479E-1,-3.633459806E-2,6.890241981E-2,1.487383834E-1
4.557262192E2,-1.156476930E-1,-1.791469932E-2,4.950713240E-2,1.270680192E-1
4.557362082E2,-7.111880690E-2,2.189489901E-2,-1.546829738E-2,7.600354940E-2
4.557461972E2,-5.242905915E-2,6.312127769E-2,-6.083501637E-2,1.021469586E-1
4.557561862E2,-3.963272005E-2,1.032273299E-1,-8.505549923E-2,1.395029465E-1
4.557661752E2,-4.936979592E-2,8.731296301E-2,-5.871598542E-2,1.162260608E-1
4.557761642E2,-5.248811603E-2,7.171200693E-2,-4.956341185E-2,1.017553245E-1
4.557861532E2,-7.224907368E-2,4.880963266E-2,-3.855471276E-2,9.533506576E-2
4.557961432E2,-8.762900501E-2,3.647200763E-2,-6.951871634E-2,1.176516119E-1
4.558061322E2,-4.798195928E-2,6.078005254E-2,-4.817806028E-2,9.120092486E-2
4.558161212E2,-1.134769142E-2,7.928999841E-2,-5.589521550E-2,9.767266283E-2
4.558261102E2,2.601455480E-2,9.528037906E-2,-5.656947255E-2,1.138209687E-1
4.558360992E2,7.660144866E-3,7.673067212E-2,-2.904143907E-2,8.239950878E-2
4.558460882E2,-1.421984375E-2,5.534155726E-2,-2.162892379E-2,6.109584487E-2
4.558560772E2,-6.052482158E-2,8.417066932E-3,-4.026465788E-3,6.123980299E-2
4.558660662E2,-9.091046244E-2,-2.738835812E-3,1.382742248E-2,9.199679894E-2
4.558760552E2,-9.826772153E-2,1.357723475E-3,2.683462679E-2,1.018748531E-1
4.558860442E2,-7.537674934E-2,-3.159367561E-2,5.052293994E-2,9.608528576E-2
4.558960332E2,-5.782165378E-2,-8.473200202E-3,8.852165557E-2,1.060717789E-1
4.559060222E2,-3.150041252E-2,-1.022327185E-2,1.064515577E-1,1.114841935E-1
4.559160112E2,-3.112151295E-2,-2.621482193E-2,1.097686100E-1,1.170679854E-1
4.559260002E2,-2.995703995E-2,-3.131651759E-2,1.382287627E-1,1.448631746E-1
4.559359892E2,8.968459368E-3,-1.720601678E-2,1.368627801E-1,1.382313309E-1
4.559459782E2,5.696708322E-2,8.926359415E-3,1.008562839E-1,1.161762388E-1
4.559559672E2,6.657873631E-2,2.176567554E-2,6.894035362E-2,9.828145866E-2
4.559659562E2,1.293228686E-1,4.439790845E-3,3.940087795E-2,1.352647229E-1
4.559759462E2,1.289650190E-1,-4.103166640E-2,9.391965888E-2,1.647315273E-1
4.559859352E2,1.240603745E-1,-6.747745335E-2,1.401442375E-1,1.989587659E-1
4.559959242E2,1.261411062E-1,-4.555916548E-2,1.466896107E-1,1.987587938E-1
4.560059132E2,1.581975889E-1,-2.600022912E-2,1.149573561E-1,1.972756517E-1
4.560159022E2,1.858926335E-1,-2.638614535E-2,7.640066989E-2,2.027051115E-1
4.560258912E2,1.736161119E-1,-4.979547322E-2,3.820387982E-2,1.846122420E-1
4.560358802E2,1.658559796E-1,-6.428195000E-2,2.242348731E-2,1.792852137E-1
4.560458692E2,1.358387133E-1,-5.556609035E-2,-1.021757081E-2,1.471194929E-1
4.560558582E2,1.139432296E-1,-4.487562597E-2,-4.466059461E-2,1.303512566E-1
4.560658472E2,9.643842012E-2,-4.732560933E-2,-3.372213520E-2,1.125933594E-1
4.560758362E2,7.491481930E-2,-6.162205160E-2,-2.653291047E-2,1.005659124E-1
4.560858252E2,7.019319266E-2,-8.851807415E-2,-1.594667271E-2,1.140913236E-1
4.560958142E2,9.691467583E-3,-6.840072870E-2,-2.380006805E-2,7.306864902E-2
4.561058032E2,-7.470987439E-2,-5.018255889E-2,-5.099247135E-2,1.034412233E-1
4.561157922E2,-1.495825937E-1,-7.056887627E-2,-1.036489141E-1,1.951871308E-1
4.561257812E2,-2.163680291E-1,-8.361284494E-2,-1.436555636E-1,2.728427254E-1
4.561357702E2,-2.504160735E-1,-7.285630703E-2,-1.735658258E-1,3.132751941E-1
4.561457602E2,-2.872392064E-1,-8.320412457E-2,-2.391055850E-1,3.828847984E-1
4.561557492E2,-3.188843375E-1,-8.048633873E-2,-3.177276121E-1,4.572921462E-1
4.561657382E2,-3.760066643E-1,-3.836299717E-2,-3.598468606E-1,5.218644405E-1
4.561757272E2,-4.579621160E-1,-2.709775150E-2,-3.989058957E-1,6.079387317E-1
4.561857162E2,-5.502887741E-1,-2.164405346E-2,-4.309731227E-1,6.993025328E-1
4.561957052E2,-6.274699742E-1,2.335085571E-2,-4.516523856E-1,7.734686214E-1
4.562056945E2,-7.108305117E-1,7.217686057E-2,-4.536784458E-1,8.463531461E-1
4.562156835E2,-7.452738279E-1,1.487572592E-1,-4.410285795E-1,8.786740059E-1
4.562256725E2,-6.412115157E-1,8.071964264E-2,-5.614831223E-1,8.561139907E-1
4.562356615E2,-6.602898109E-1,-4.742968976E-2,-7.465841889E-1,9.978076774E-1
4.562456505E2,-7.501591766E-1,2.767019391E-2,-7.586389549E-1,1.067256995E0
4.562556395E2,-7.414462405E-1,1.297959083E-1,-8.007017778E-1,1.098959891E0
4.562656285E2,-8.059919000E-1,2.298189640E-1,-8.784400713E-1,1.214123823E0
4.562756175E2,-7.995567468E-1,2.990780640E-1,-9.048725559E-1,1.243998803E0
4.562856065E2,-8.400957853E-1,3.521105558E-1,-9.000630748E-1,1.280568745E0
4.562955955E2,-8.648917803E-1,3.992461306E-1,-9.230397087E-1,1.326437925E0
4.563055845E2,-8.857856360E-1,3.940988266E-1,-9.799687850E-1,1.378502411E0
4.563155745E2,-9.619008887E-1,3.275662833E-1,-1.053988688E0,1.464050936E0
4.563255635E2,-1.076022751E0,2.466677159E-1,-1.040730711E0,1.517165230E0
4.563355525E2,-1.137251285E0,1.652101547E-1,-9.233713920E-1,1.474194562E0
4.563455415E2,-1.147197691E0,1.065789539E-1,-9.097988351E-1,1.468044800E0
4.563555305E2,-1.027317783E0,1.137049556E-2,-9.083906794E-1,1.371380597E0
4.563655195E2,-7.752139109E-1,-5.418030024E-3,-8.654025346E-1,1.161855202E0
4.563755085E2,-3.752169979E-1,-1.703106809E-1,-8.546864887E-1,9.488321861E-1
4.563854975E2,-8.653879166E-3,-2.882332331E-1,-8.441590154E-1,8.920525375E-1
4.563954865E2,4.246821034E-1,-2.961404228E-1,-7.349844825E-1,8.990307161E-1
4.564054755E2,6.945153183E-1,-2.866579932E-1,-6.470680869E-1,9.915752324E-1
4.564154645E2,8.404048106E-1,-2.507058030E-1,-5.608625865E-1,1.041009359E0
4.564254535E2,8.668140525E-1,-1.355577546E-1,-4.724830914E-1,9.964852121E-1
4.564354425E2,8.003195161E-1,-5.039305866E-2,-4.535392821E-1,9.212755660E-1
4.564454315E2,5.386460906E-1,2.619260252E-2,-3.923002231E-1,6.668771464E-1
4.564554205E2,2.140472692E-1,4.881489515E-2,-1.653958037E-1,2.748725147E-1
4.564654095E2,-1.142282814E-2,2.850225270E-2,5.366516054E-2,6.182886759E-2
4.564753985E2,-1.822083029E-1,3.531308949E-2,2.090730429E-1,2.795682693E-1
4.564853875E2,-2.274324229E-1,3.602528036E-2,3.612298733E-1,4.283810794E-1
4.564953775E2,-2.215819913E-1,2.061728239E-3,4.949381536E-1,5.422790845E-1
4.565053665E2,-1.190703607E-1,4.660230875E-4,5.824304800E-1,5.944772762E-1
4.565153555E2,4.137899101E-2,-9.039795399E-4,6.521162805E-1,6.534284057E-1
4.565253445E2,2.336386576E-1,5.397623241E-2,6.486110209E-1,6.915176877E-1
4.565353335E2,3.529364750E-1,6.805925131E-2,6.656041990E-1,7.564556608E-1
4.565453225E2,3.931287736E-1,4.598191917E-2,6.386410797E-1,7.513501169E-1
4.565553115E2,3.743463475E-1,-8.407302082E-2,6.172494797E-1,7.267739545E-1
4.565653005E2,2.311319563E-1,-1.738786519E-1,6.605769092E-1,7.211224721E-1
4.565752895E2,1.245740524E-1,-3.104187387E-1,6.551508392E-1,7.355957518E-1
4.565852785E2,1.002054888E-1,-3.933872205E-1,5.662665832E-1,6.967442059E-1
4.565952675E2,1.974280205E-1,-3.829768378E-1,4.048413312E-1,5.912238028E-1
4.566052565E2,3.063537544E-1,-2.234156781E-1,1.576138906E-1,4.106206602E-1
4.566152455E2,3.567620158E-1,-8.773747087E-3,-1.275318664E-1,3.789729430E-1
4.566252345E2,3.298335412E-1,2.241787398E-1,-3.941796644E-1,5.607351247E-1
4.566352235E2,3.188998327E-1,4.327664638E-1,-4.933028336E-1,7.296105818E-1
4.566452125E2,3.199385905E-1,4.861012566E-1,-3.783148527E-1,6.941017657E-1
4.566552015E2,2.353287953E-1,3.097685283E-1,-3.179680789E-1,5.024339581E-1
4.566651915E2,4.041231470E-1,1.155199313E-1,-1.489350146E-1,4.459170450E-1
4.566751805E2,6.646997809E-1,-1.492694753E-1,1.030185843E-1,6.889992770E-1
4.566851695E2,9.956391768E-1,-3.409593308E-1,9.247663915E-2,1.056457554E0
4.566951585E2,1.201736133E0,-2.405415881E-1,-1.254642910E-1,1.231978603E0
4.567051475E2,1.143740671E0,-2.885133147E-2,-2.594131842E-1,1.173145482E0
4.567151365E2,8.733434920E-1,7.960691750E-2,-3.017843015E-1,9.274372653E-1
4.567251255E2,6.420055676E-1,8.680016220E-2,-1.990368819E-1,6.777323198E-1
4.567351145E2,5.606358607E-1,1.792990208E-2,-3.447708383E-2,5.619810664E-1
4.567451035E2,5.863701877E-1,-1.427609396E-1,1.906648386E-1,6.329010693E-1
4.567550925E2,8.639474550E-1,-3.528063744E-1,4.273879024E-1,1.026419973E0
4.567650815E2,1.167304219E0,-5.003585225E-1,6.362304188E-1,1.420474194E0
4.567750705E2,1.421122933E0,-5.687984276E-1,6.687476622E-1,1.670432722E0
4.567850595E2,1.457440136E0,-4.568914908E-1,4.774818760E-1,1.600272016E0
4.567950485E2,1.227772907E0,-1.884925979E-1,1.160689849E-1,1.247568748E0
4.568050375E2,7.952358006E-1,2.240495163E-1,-2.225556989E-1,8.556454893E-1
4.568150265E2,2.892529875E-1,4.828572214E-1,-3.923066550E-1,6.860924855E-1
4.568250155E2,-2.041194279E-1,5.635072821E-1,-2.693948199E-1,6.570987497E-1
4.568350055E2,-5.186385266E-1,4.800072885E-1,1.587928355E-1,7.242983383E-1
4.568449945E2,-6.238123946E-1,1.933323383E-1,5.817516182E-1,8.746166257E-1
4.568549835E2,-3.927418341E-1,-1.175091541E-1,9.403210084E-1,1.025796348E0
4.568649725E2,1.330501762E-1,-3.467942673E-1,1.115107879E0,1.175344288E0
4.568749615E2,6.589597155E-1,-3.478923744E-1,9.254258113E-1,1.188137173E0
4.568849505E2,8.706404704E-1,-1.831675386E-1,4.199958524E-1,9.838504418E-1
4.568949395E2,7.521732500E-1,6.616241455E-2,-2.277870566E-2,7.554210300E-1
4.569049285E2,4.622358459E-1,3.249315280E-1,-2.233186144E-1,6.075472645E-1
4.569149175E2,1.423835018E-1,4.001261365E-1,-2.134926608E-1,4.753452461E-1
4.569249065E2,-1.511575413E-1,2.946166384E-1,-1.185435265E-2,3.313428611E-1
4.569348955E2,-2.947736362E-1,1.355250102E-1,3.667657247E-1,4.896688900E-1
4.569448845E2,-2.153503212E-1,4.933646679E-2,7.682183021E-1,7.993554951E-1
4.569548735E2,5.792602658E-2,8.718607843E-2,9.388017556E-1,9.446192742E-1
4.569648625E2,2.310293376E-1,-1.160192835E-1,1.080465173E0,1.110963554E0
4.569748515E2,4.876912607E-1,-1.558364832E-1,1.006586480E0,1.129311346E0
4.569848405E2,7.386150187E-1,-1.533023000E-1,7.639907652E-1,1.073655266E0
4.569948305E2,8.879355110E-1,-1.789476031E-1,5.110826084E-1,1.040027475E0
4.570048195E2,9.259052829E-1,-1.597903705E-1,2.365365377E-1,9.689081944E-1
4.570148085E2,8.937137295E-1,-5.679283619E-2,5.430513829E-2,8.971614708E-1
4.570247975E2,7.320249143E-1,7.746859074E-2,9.970964491E-3,7.361801939E-1
4.570347865E2,4.738011999E-1,1.942924511E-1,1.122571850E-1,5.242507122E-1
4.570447755E2,2.558121765E-1,2.664412451E-1,3.061970490E-1,4.797785318E-1
4.570547645E2,1.254290615E-1,2.910428202E-1,4.744509718E-1,5.705629652E-1
4.570647535E2,5.968545377E-4,2.552069896E-1,5.331383058E-1,5.910731063E-1
4.570747425E2,-4.943616182E-2,2.031626773E-1,5.141181904E-1,5.550103794E-1
4.570847315E2,-7.933472961E-2,1.314594412E-1,4.516553092E-1,4.770409860E-1
4.570947205E2,-3.886702716E-2,1.166636467E-2,3.732374230E-1,3.754369771E-1
4.571047095E2,3.605378553E-2,-8.065415382E-2,4.009748599E-1,4.105920192E-1
4.571146985E2,1.522901469E-1,-1.443239003E-1,4.645454961E-1,5.097295312E-1
4.571246875E2,2.963541386E-1,-1.407378030E-1,4.458928782E-1,5.535823005E-1
4.571346765E2,4.762372962E-1,-1.081085855E-1,3.839290568E-1,6.212012147E-1
4.571446655E2,6.345601617E-1,-1.902450085E-1,2.854964438E-1,7.213653592E-1
4.571546545E2,7.384657685E-1,-1.703212059E-1,1.937053907E-1,7.822165831E-1
4.571646445E2,7.161304280E-1,-6.733887434E-2,5.601574123E-2,7.214673085E-1
4.571746335E2,5.170184094E-1,5.607012033E-2,-2.663991451E-3,5.200567189E-1
4.571846225E2,2.370680496E-1,1.209736294E-1,-6.208573580E-3,2.662225113E-1
4.571946115E2,-3.457195491E-2,1.378416771E-1,4.734812111E-2,1.497911632E-1
4.572046009E2,-2.055522881E-1,1.046183825E-1,7.299897909E-2,2.419206483E-1
4.572145899E2,-2.707328090E-1,6.856678963E-2,8.224985898E-2,2.911403404E-1
4.572245789E2,-3.163060078E-1,6.696348310E-2,8.737903655E-2,3.349159516E-1
4.572345679E2,-3.352805150E-1,5.810845971E-2,1.055691397E-1,3.562786270E-1
4.572445569E2,-3.157272796E-1,7.376087129E-2,1.653449330E-1,3.639551182E-1
4.572545459E2,-2.119402251E-1,9.331863821E-2,2.189399269E-1,3.186874940E-1
4.572645349E2,-7.191885218E-2,9.658255398E-2,2.330241153E-1,2.622989694E-1
4.572745239E2,6.114755005E-2,1.110947585E-1,2.504502797E-1,2.807247956E-1
4.572845129E2,1.341938916E-1,7.774457932E-2,2.527982292E-1,2.965791038E-1
4.572945019E2,1.621703334E-1,5.296349466E-2,2.124971724E-1,2.725057744E-1
4.573044909E2,1.590464585E-1,6.447724700E-3,1.262668213E-1,2.031764240E-1
4.573144799E2,1.592690912E-1,-3.161355615E-2,8.196334541E-2,1.818902150E-1
4.573244689E2,1.749042535E-1,-3.803438365E-2,1.085547280E-1,2.093376249E-1
4.573344589E2,1.662480354E-1,-4.913941562E-2,1.315304849E-1,2.176082717E-1
4.573444479E2,1.193397711E-1,-8.714924097E-2,1.409178972E-1,2.041931070E-1
4.573544369E2,6.290946230E-2,-1.441660255E-1,1.796255878E-1,2.387609582E-1
4.573644259E2,2.541711554E-2,-1.736430091E-1,1.982934085E-1,2.647984143E-1
4.573744149E2,2.698402315E-2,-1.643874514E-1,1.630133557E-1,2.330766523E-1
4.573844039E2,8.182652056E-2,-1.205023438E-1,1.044844812E-1,1.792579179E-1
4.573943929E2,1.635932533E-1,-1.261086541E-1,-1.411225498E-3,2.065626703E-1
4.574043819E2,2.428755042E-1,-1.231616575E-1,-9.671060801E-2,2.889813940E-1
4.574143709E2,3.418717888E-1,-9.389751256E-2,-1.641278350E-1,3.906801877E-1
4.574243599E2,3.796553269E-1,-8.321523428E-2,-1.428153187E-1,4.140762704E-1
4.574343489E2,3.264643756E-1,-7.689205527E-2,-1.414061397E-1,3.639877375E-1
4.574443379E2,2.444916746E-1,-6.066427767E-2,-1.474995232E-1,2.919117039E-1
4.574543269E2,2.058908419E-1,-4.874706745E-2,-1.449083295E-1,2.564483171E-1
4.574643159E2,1.297272035E-1,-2.559092402E-2,-1.443303323E-1,1.957429119E-1
4.574743049E2,9.776515335E-2,4.544865310E-2,-8.013609052E-2,1.343331615E-1
4.574842949E2,3.261401474E-2,1.183815587E-1,-6.121596247E-2,1.372051801E-1
4.574942839E2,-1.012788914E-1,7.292238057E-2,4.805241823E-3,1.248926650E-1
4.575042729E2,-1.871641105E-1,-3.853899837E-2,6.269910872E-2,2.011139898E-1
4.575142619E2,-2.191757159E-1,-1.693318570E-1,8.870255381E-2,2.908254034E-1
4.575242509E2,-1.718438208E-1,-2.591374880E-1,1.842717853E-1,3.614396593E-1
4.575342399E2,-2.074036628E-2,-2.860902286E-1,3.396761593E-1,4.445870836E-1
4.575442289E2,1.640098675E-1,-2.827122921E-1,4.884959838E-1,5.877531819E-1
4.575542179E2,3.232742809E-1,-2.682579750E-1,5.329137728E-1,6.785762234E-1
4.575642069E2,5.037630638E-1,-2.264369345E-1,4.378169963E-1,7.047940352E-1
4.575741959E2,6.750518377E-1,-9.119492948E-2,2.364573079E-1,7.210572496E-1
4.575841849E2,7.423195222E-1,1.665526754E-1,9.642935693E-2,7.668615831E-1
4.575941739E2,7.916685605E-1,4.380897689E-1,9.246436000E-2,9.095116344E-1
4.576041629E2,8.331628878E-1,6.178460419E-1,1.187677673E-1,1.044030609E0
4.576141519E2,8.256481925E-1,6.343749511E-1,1.818308651E-1,1.056971608E0
4.576241409E2,7.399898453E-1,4.919496417E-1,1.991158193E-1,9.106297440E-1
4.576341299E2,5.582273926E-1,3.263272583E-1,1.579789031E-1,6.656310053E-1
4.576441189E2,3.644616294E-1,8.439988017E-2,1.118712687E-1,3.904750950E-1
4.576541089E2,1.707117999E-1,-1.082173437E-1,6.321249425E-2,2.117766076E-1
4.576640979E2,4.984649017E-2,-1.852532405E-1,4.884617776E-2,1.979630894E-1
4.576740869E2,-7.484801486E-2,-1.639319533E-1,6.263157338E-2,1.907842358E-1
4.576840759E2,-2.053656158E-1,2.310702682E-2,1.375200802E-1,2.482352580E-1
4.576940649E2,-4.346431276E-1,3.224324280E-1,1.466914380E-1,5.607099937E-1
4.577040539E2,-6.934905937E-1,4.790319729E-1,1.975458419E-1,8.656934760E-1
4.577140429E2,-8.050980069E-1,5.502949136E-1,2.122814101E-1,9.980334111E-1
4.577240319E2,-8.494144928E-1,5.049918562E-1,3.085134235E-1,1.035230548E0
4.577340209E2,-8.150182468E-1,3.655047727E-1,4.490272781E-1,9.997369544E-1
4.577440099E2,-7.361549489E-1,1.924137408E-1,5.695603198E-1,9.504452190E-1
4.577539989E2,-5.315379229E-1,3.716782629E-2,7.340392801E-1,9.070433703E-1
4.577639879E2,-2.462130949E-1,-5.501060486E-2,8.167297268E-1,8.548067041E-1
4.577739769E2,1.045350596E-1,-7.947886348E-2,8.239954770E-1,8.343938006E-1
4.577839659E2,3.913768016E-1,-9.588907421E-2,7.698575690E-1,8.689368170E-1
4.577939549E2,5.742081253E-1,-3.958038747E-2,7.205488765E-1,9.222105300E-1
4.578039449E2,6.923620811E-1,5.453698039E-3,6.916922826E-1,9.786895360E-1
4.578139339E2,7.205430293E-1,2.025183141E-2,7.663799375E-1,1.052107695E0
4.578239229E2,7.740576971E-1,-3.217196524E-2,8.386974236E-1,1.141759047E0
4.578339119E2,9.224473127E-1,-1.342374533E-1,7.680297294E-1,1.207807271E0
4.578439009E2,1.167677710E0,-1.850749004E-1,5.615724385E-1,1.308849707E0
4.578538899E2,1.365009544E0,-1.975101739E-1,3.882685679E-1,1.432834186E0
4.578638789E2,1.416925948E0,-1.786622590E-1,3.180177802E-1,1.463124962E0
4.578738679E2,1.357261252E0,-1.194574463E-1,3.111209893E-1,1.397578069E0
4.578838569E2,1.165982675E0,-7.163482368E-2,3.007787266E-1,1.206281472E0
4.578938459E2,9.626720633E-1,-4.908152819E-2,2.912308082E-1,1.006956743E0
4.579038349E2,8.067609550E-1,1.385959679E-1,1.142124939E-1,8.265086658E-1
4.579138239E2,5.315059094E-1,1.665211004E-1,-5.689925551E-2,5.598797495E-1
4.579238129E2,3.575323134E-1,1.683232123E-1,-3.409748259E-1,5.219443369E-1
4.579338019E2,3.839827050E-1,1.362892413E-1,-4.800835946E-1,6.296806594E-1
4.579437909E2,4.178307746E-1,-9.201763272E-2,-4.222870839E-1,6.011457246E-1
4.579537799E2,3.988296627E-1,-3.565333897E-1,-3.880913973E-1,6.609055079E-1
4.579637699E2,3.509456442E-1,-5.119991595E-1,-2.193457237E-1,6.583452977E-1
4.579737589E2,3.256654997E-1,-5.516251552E-1,-4.495865643E-2,6.421601127E-1
4.579837479E2,3.339344859E-1,-4.410619086E-1,-9.925940931E-2,5.620500676E-1
4.579937369E2,3.252747595E-1,-3.288982791E-1,-1.168560201E-1,4.771090825E-1
4.580037259E2,2.010139717E-1,-1.804070681E-1,-8.502231628E-2,2.831644775E-1
4.580137149E2,8.787517279E-2,-8.933668435E-2,7.030107379E-3,1.255090099E-1
4.580237039E2,8.430822507E-2,-6.322477341E-2,5.847420305E-2,1.205175556E-1
4.580336929E2,1.226620129E-1,-4.534457266E-2,5.644668102E-2,1.424371001E-1
4.580436819E2,2.062277877E-1,-7.065716922E-2,-1.687594146E-2,2.186484242E-1
4.580536709E2,3.064190970E-1,-8.705802441E-2,-4.702535480E-2,3.219986749E-1
4.580636599E2,3.580625828E-1,-4.124275088E-2,-2.314123303E-2,3.611721118E-1
4.580736489E2,3.766732469E-1,1.595120430E-2,5.723547041E-3,3.770542863E-1
4.580836379E2,2.839590646E-1,4.853656769E-2,4.362402946E-2,2.913616391E-1
4.580936269E2,2.430323558E-1,9.682404399E-2,1.698847112E-1,3.119301790E-1
4.581036159E2,2.507778700E-1,8.504950583E-2,2.564457223E-1,3.686290371E-1
4.581136059E2,2.904069355E-1,7.280602098E-2,3.355521181E-1,4.497022669E-1
4.581235949E2,3.112355947E-1,6.116889238E-2,2.704448336E-1,4.168328644E-1
4.581335839E2,3.023131822E-1,8.842334926E-2,2.538460502E-1,4.045364829E-1
4.581435729E2,2.305720854E-1,1.409997582E-1,1.561557412E-1,3.121362425E-1
4.581535619E2,1.080683859E-1,2.112470376E-1,6.213865310E-2,2.452861577E-1
4.581635509E2,-3.369209513E-2,2.534686124E-1,1.254511347E-1,2.848148205E-1
4.581735399E2,-1.238080671E-1,2.674364412E-1,2.297096211E-1,3.736538473E-1
4.581835289E2,-1.911887491E-1,2.821059358E-1,2.722308657E-1,4.361726046E-1
4.581935179E2,-1.911747158E-1,3.121226174E-1,2.316950431E-1,4.331869033E-1
4.582035070E2,-1.620047110E-1,2.937354630E-1,1.871331203E-1,3.841156770E-1
4.582134960E2,-6.333177745E-2,2.289331108E-1,2.123036295E-1,3.185814093E-1
4.582234850E2,-4.938616812E-2,1.835148633E-1,2.332942566E-1,3.009034875E-1
4.582334740E2,-7.706103981E-2,1.609609830E-1,1.480509156E-1,2.318747842E-1
4.582434630E2,-6.795414761E-2,1.695657456E-1,7.176258534E-2,1.962655775E-1
4.582534520E2,-1.496834582E-1,2.275420582E-1,3.834340900E-2,2.750468014E-1
4.582634410E2,-1.673939435E-1,2.455128908E-1,7.762471139E-3,2.972500090E-1
4.582734310E2,-2.205677918E-1,2.689385909E-1,-1.227886051E-2,3.480357551E-1
4.582834200E2,-1.785176866E-1,2.212908000E-1,-1.838949323E-4,2.843206225E-1
4.582934090E2,-1.259677362E-1,1.167642188E-1,-1.573661149E-2,1.724801273E-1
4.583033980E2,-1.977322219E-1,4.991651058E-2,-9.840483874E-2,2.264358671E-1
4.583133870E2,-2.501168422E-1,4.193564594E-2,-2.381164554E-1,3.478742294E-1
4.583233760E2,-2.946379808E-1,3.397992432E-2,-4.415706164E-1,5.319311837E-1
4.583333650E2,-3.772228852E-1,9.599432409E-2,-5.580854514E-1,6.804200074E-1
4.583433540E2,-4.534591752E-1,2.049729753E-1,-6.435115179E-1,8.134778534E-1
4.583533430E2,-5.916147016E-1,3.568701893E-1,-6.741232999E-1,9.653012538E-1
4.583633320E2,-6.807809396E-1,4.088916975E-1,-3.995515014E-1,8.889862262E-1
4.583733210E2,-6.310575333E-1,4.258030146E-1,-4.942242086E-2,7.628790162E-1
4.583833100E2,-4.622884709E-1,2.394715476E-1,2.994714354E-1,6.006166773E-1
4.583932990E2,-2.019711609E-1,-5.119003415E-2,4.900235689E-1,5.324808611E-1
4.584032880E2,4.888126105E-2,-3.023554283E-1,5.198057771E-1,6.033292870E-1
4.584132770E2,2.701910645E-1,-4.395357853E-1,4.805259365E-1,7.050532558E-1
4.584232660E2,3.660219589E-1,-4.095079941E-1,2.994549170E-1,6.255734321E-1
4.584332560E2,3.814118305E-1,-2.513028038E-1,2.812598437E-2,4.576233764E-1
4.584432450E2,3.633585522E-1,-7.433682203E-2,-1.546284485E-1,4.018275222E-1
4.584532340E2,2.277408636E-1,1.282972670E-1,-3.074009907E-1,4.035114109E-1
4.584632230E2,-3.555107117E-2,3.154578692E-1,-4.383376908E-1,5.412185114E-1
4.584732120E2,-4.187764156E-1,4.105300874E-1,-4.120263898E-1,7.167108097E-1
4.584832010E2,-8.090403458E-1,4.661868095E-1,-3.696150729E-1,1.004236887E0
4.584931900E2,-1.002808009E0,5.188053185E-1,-2.732522281E-1,1.161658143E0
4.585031790E2,-1.040890048E0,4.663628107E-1,-1.167316206E-1,1.146548139E0
4.585131680E2,-9.146702966E-1,3.346881920E-1,6.667623863E-2,9.762600361E-1
4.585231570E2,-8.337071174E-1,2.485990512E-1,8.681872711E-2,8.743034584E-1
4.585331460E2,-6.471031702E-1,9.528330266E-2,5.799663171E-2,6.566468076E-1
4.585431350E2,-5.265376765E-1,2.973601520E-2,2.983994946E-2,5.282201983E-1
4.585531240E2,-4.300972098E-1,1.991503179E-2,-1.665272400E-2,4.308799503E-1
4.585631130E2,-3.155268663E-1,2.831280291E-2,-4.284240291E-2,3.196784160E-1
4.585731020E2,-2.091122192E-1,5.866920769E-2,-7.296097219E-2,2.291141629E-1
4.585830920E2,-7.354598612E-2,9.326016605E-2,-5.249630213E-2,1.298550437E-1
4.585930810E2,-1.538636327E-2,1.094750798E-1,-1.867600679E-2,1.121174674E-1
4.586030700E2,1.421311945E-2,3.804490864E-2,3.513957337E-2,5.370491090E-2
4.586130590E2,4.678474188E-2,4.242388844E-2,1.830602422E-2,6.575491545E-2
4.586230480E2,1.355326116E-1,9.883724034E-2,2.903727293E-3,1.677686518E-1
4.586330370E2,1.354981130E-1,7.429589152E-2,2.486923143E-2,1.565186788E-1
4.586430260E2,6.972336888E-2,1.782055914E-2,1.594930395E-2,7.371092723E-2
4.586530150E2,2.052752763E-2,-3.358465254E-2,-7.898945153E-2,8.825328169E-2
4.586630040E2,4.816877782E-2,-8.622011840E-2,-1.549991620E-1,1.837903158E-1
4.586729930E2,6.529702663E-2,-6.944854975E-2,-2.389637169E-1,2.572750683E-1
4.586829820E2,3.641967505E-2,3.561772943E-2,-3.291673972E-1,3.330858609E-1
4.586929710E2,-2.083479881E-2,6.064439714E-2,-4.353341223E-1,4.400313964E-1
4.587029600E2,-6.769613922E-3,5.407505035E-3,-4.834296638E-1,4.835072994E-1
4.587129490E2,-1.791908473E-2,-3.179832816E-2,-4.414571804E-1,4.429635080E-1
4.587229380E2,-5.627506524E-2,-1.251181358E-1,-4.533942711E-1,4.736958898E-1
4.587329270E2,-4.985072941E-2,-1.930639511E-1,-5.093791683E-1,5.470154674E-1
4.587429170E2,-3.964821517E-2,-2.563629842E-1,-5.394255245E-1,5.985598191E-1
4.587529060E2,-4.897072345E-2,-2.706214195E-1,-5.812526315E-1,6.430308749E-1
4.587628950E2,-7.070131570E-2,-2.271713448E-1,-6.074245495E-1,6.523573248E-1
4.587728840E2,-1.073320752E-1,-1.772326148E-1,-5.984829873E-1,6.333351879E-1
4.587828730E2,-2.060342449E-1,-1.324254012E-1,-5.803485788E-1,6.299135416E-1
4.587928620E2,-3.287503445E-1,-9.765610278E-2,-6.043068872E-1,6.948383390E-1
4.588028510E2,-4.061221638E-1,-9.896938741E-2,-6.331669895E-1,7.587032280E-1
4.588128400E2,-4.847309616E-1,-7.312586367E-2,-6.325027458E-1,8.002319792E-1
4.588228290E2,-5.759945959E-1,-4.036449909E-2,-6.378920513E-1,8.604099816E-1
4.588328180E2,-5.267551929E-1,-4.688589871E-2,-6.679175037E-1,8.519290537E-1
4.588428070E2,-4.703751701E-1,5.164436281E-2,-6.692413133E-1,8.196364294E-1
4.588527960E2,-4.876478451E-1,7.117289364E-2,-6.745855223E-1,8.354230237E-1
4.588627850E2,-4.897230220E-1,7.237449646E-2,-6.223261786E-1,7.952085126E-1
4.588727740E2,-5.104028696E-1,7.589276612E-2,-5.120183091E-1,7.269343506E-1
4.588827630E2,-4.580238041E-1,4.502122164E-2,-4.041969681E-1,6.125258399E-1
4.588927530E2,-3.666753852E-1,-5.183147371E-2,-3.952505819E-1,5.416275125E-1
4.589027420E2,-3.211056948E-1,-3.359342337E-2,-3.786334529E-1,4.975948924E-1
4.589127310E2,-2.930931464E-1,-1.189101470E-1,-2.904387297E-1,4.294157324E-1
4.589227200E2,-2.824836659E-1,-1.468896586E-1,-3.314271998E-1,4.595841404E-1
4.589327090E2,-3.608813792E-1,-3.457458615E-2,-3.848444384E-1,5.287116546E-1
4.589426980E2,-4.216476908E-1,5.199870408E-2,-3.344584695E-1,5.406968728E-1
4.589526870E2,-4.504048821E-1,1.215162510E-1,-3.493273542E-1,5.828038757E-1
4.589626760E2,-4.568955839E-1,1.377492911E-1,-3.435052085E-1,5.879832226E-1
4.589726650E2,-4.439097950E-1,9.232519627E-2,-3.229838935E-1,5.566852283E-1
4.589826540E2,-3.799611363E-1,5.922586262E-2,-2.766856400E-1,4.737437190E-1
4.589926430E2,-3.568783754E-1,3.149368823E-2,-2.198459530E-1,4.203406598E-1
4.590026320E2,-3.531887823E-1,1.701130450E-2,-2.031433815E-1,4.077976629E-1
4.590126210E2,-3.097670665E-1,-1.037705362E-2,-1.865934954E-1,3.617740334E-1
4.590226100E2,-2.977761814E-1,-3.649305761E-2,-1.544946203E-1,3.374477518E-1
4.590326000E2,-3.073290700E-1,-1.774396062E-2,-1.353321252E-1,3.362748719E-1
4.590425890E2,-3.041911617E-1,-7.328900099E-3,-1.925656953E-1,3.600937692E-1
4.590525780E2,-2.340403613E-1,2.788069367E-2,-1.955004859E-1,3.062232254E-1
4.590625670E2,-2.015158090E-1,2.104295969E-2,-1.514329451E-1,2.529493315E-1
4.590725560E2,-1.700045791E-1,2.744683027E-2,-1.265765045E-1,2.137206048E-1
4.590825450E2,-1.132289922E-1,2.278133690E-2,-1.105661702E-1,1.598895618E-1
4.590925340E2,-5.339765042E-2,2.655688405E-2,-1.492683059E-1,1.607407985E-1
4.591025230E2,-9.597912133E-3,3.522421181E-2,-1.655158909E-1,1.694944694E-1
4.591125120E2,2.982460052E-2,5.092223167E-2,-1.756684846E-1,1.853159382E-1
4.591225010E2,-2.406860143E-2,3.933363497E-2,-1.561517213E-1,1.628182805E-1
4.591324900E2,-5.620285213E-2,2.544065058E-2,-1.098580724E-1,1.259951720E-1
4.591424790E2,-9.407117486E-2,5.250799656E-4,-1.265565509E-1,1.576902730E-1
4.591524680E2,-1.127404574E-1,7.055835128E-3,-1.175886031E-1,1.630560490E-1
4.591624570E2,-1.228999946E-1,2.006238163E-2,-1.164133128E-1,1.704669094E-1
4.591724460E2,-1.212306145E-1,1.095066547E-2,-5.799977459E-2,1.348360219E-1
4.591824350E2,-1.229356626E-1,4.403011858E-2,-1.986189522E-2,1.320845311E-1
4.591924250E2,-1.121215296E-1,7.686048031E-2,3.278943121E-2,1.398353232E-1
4.592024140E2,-8.117514074E-2,5.666829050E-2,5.753367841E-2,1.145025012E-1
4.592124030E2,-1.723583758E-2,3.742685795E-2,7.829655647E-2,8.847708488E-2
4.592223920E2,-1.904291958E-2,-1.765800655E-2,6.421478011E-2,6.926742355E-2
4.592323810E2,-3.478450119E-2,-3.378521204E-2,5.986255132E-2,7.703847822E-2
4.592423700E2,-3.848958939E-2,-6.042863488E-2,8.315471560E-4,7.165026082E-2
4.592523590E2,-9.140221328E-2,-8.744452536E-2,-5.197706938E-2,1.367571766E-1
4.592623480E2,-1.299602151E-1,-1.049581057E-1,-9.231408656E-2,1.908605565E-1
4.592723370E2,-1.604999301E-1,-7.089339674E-2,-8.107339919E-2,1.932847571E-1
4.592823260E2,-1.282765093E-1,-4.794599891E-2,-6.602624752E-2,1.520300859E-1
4.592923150E2,-1.008673936E-1,-6.011990190E-2,-4.503934801E-2,1.257663571E-1
4.593023040E2,-4.752616882E-2,-3.958974302E-2,-2.593057416E-2,6.707070263E-2
4.593122930E2,-4.485165238E-2,-2.810581148E-2,-3.804958642E-2,6.518725632E-2
4.593222820E2,-6.369722843E-2,-3.798292816E-2,-4.828162909E-2,8.849381588E-2
4.593322710E2,-1.091324329E-1,-2.861510396E-2,-5.618472576E-2,1.260374369E-1
4.593422610E2,-1.592147121E-1,-4.904644489E-3,-5.231730424E-2,1.676618037E-1
4.593522500E2,-1.571716949E-1,1.296737015E-2,-4.011950076E-2,1.627288196E-1
4.593622390E2,-1.580987710E-1,-8.705919385E-3,-4.995035134E-2,1.660302744E-1
4.593722280E2,-1.529169685E-1,-1.850936115E-2,-5.542619571E-2,1.637017375E-1
4.593822170E2,-1.553578886E-1,-3.253566206E-2,-5.994448543E-2,1.696702219E-1
4.593922060E2,-1.668877208E-1,-6.134372413E-2,-3.347881794E-2,1.809292544E-1
4.594021950E2,-1.639348769E-1,-8.299070120E-2,3.215237707E-4,1.837449421E-1
4.594121840E2,-1.624336043E-1,-7.201430798E-2,-1.973208703E-2,1.787738561E-1
4.594221730E2,-1.719484860E-1,-6.766281009E-2,-4.097092845E-2,1.892700575E-1
4.594321620E2,-2.169843256E-1,-7.417426944E-2,-7.088645317E-2,2.400185598E-1
4.594421510E2,-2.643917960E-1,-6.118467987E-2,-7.908900037E-2,2.826688112E-1
4.594521400E2,-3.356629229E-1,-6.495964229E-2,-1.209526525E-1,3.626553420E-1
4.594621290E2,-3.867953619E-1,-4.694144726E-2,-1.956613574E-1,4.360017411E-1
4.594721180E2,-4.143725851E-1,-7.351294935E-2,-2.495796293E-1,4.892839507E-1
4.594821080E2,-4.448807251E-1,-8.512727380E-2,-2.785227621E-1,5.317334307E-1
4.594920970E2,-4.798084831E-1,-9.221351445E-2,-3.598984623E-1,6.068331038E-1
4.595020860E2,-4.767708546E-1,-7.119920611E-2,-4.043278726E-1,6.291747002E-1
4.595120750E2,-5.117512375E-1,-4.213854432E-2,-4.468668781E-1,6.807018384E-1
4.595220640E2,-5.019896033E-1,-9.600543380E-3,-4.652500856E-1,6.845022823E-1
4.595320530E2,-5.407703841E-1,2.334559321E-2,-4.981950527E-1,7.356466105E-1
4.595420420E2,-5.128756571E-1,4.098898172E-4,-5.459481666E-1,7.490667582E-1
4.595520310E2,-5.099675444E-1,3.120483577E-2,-6.293210565E-1,8.106081854E-1
4.595620200E2,-5.234421605E-1,1.789072573E-2,-6.541152243E-1,8.379609180E-1
4.595720090E2,-5.314958230E-1,2.618266225E-2,-6.756457686E-1,8.600410143E-1
4.595819980E2,-5.354312915E-1,6.187757492E-2,-6.559862602E-1,8.490191256E-1
4.595919870E2,-5.195961544E-1,9.245617390E-2,-6.316098028E-1,8.230791279E-1
4.596019760E2,-4.881308252E-1,1.356437087E-1,-6.295211774E-1,8.080642493E-1
4.596119650E2,-4.748561838E-1,1.583788526E-1,-6.844347185E-1,8.479523219E-1
4.596219540E2,-4.982011923E-1,1.858069718E-1,-7.036586094E-1,8.819660409E-1
4.596319440E2,-5.778028473E-1,1.627122241E-1,-7.231590736E-1,9.398353281E-1
4.596419330E2,-6.683779719E-1,8.194521904E-2,-7.801926689E-1,1.030604062E0
4.596519220E2,-7.699309516E-1,7.375677824E-3,-8.581895556E-1,1.152968943E0
4.596619110E2,-8.582934898E-1,-1.069397271E-2,-9.440782830E-1,1.275956849E0
4.596719000E2,-9.463227367E-1,3.033126175E-2,-1.044469421E0,1.409738656E0
4.596818890E2,-9.858002132E-1,1.442665976E-1,-1.134675586E0,1.510001191E0
4.596918780E2,-1.033606464E0,3.133195424E-1,-1.261875185E0,1.660975749E0
4.597018670E2,-1.069216592E0,3.953238183E-1,-1.423797742E0,1.823925726E0
4.597118560E2,-1.169605683E0,3.686546677E-1,-1.586159426E0,2.004940259E0
4.597218450E2,-1.347457518E0,2.656612265E-1,-1.675569785E0,2.166506809E0
4.597318340E2,-1.515393937E0,1.167601258E-1,-1.631773701E0,2.229963480E0
4.597418230E2,-1.454517113E0,-3.979556501E-2,-1.515528131E0,2.100959122E0
4.597518120E2,-1.190458901E0,-7.488587558E-2,-1.306356270E0,1.769001694E0
4.597618010E2,-7.222746822E-1,-4.358689964E-2,-8.646084827E-1,1.127443286E0
4.597717900E2,-1.665865892E-1,6.576363444E-2,-2.786945240E-1,3.312802213E-1
4.597817800E2,3.579834992E-1,2.331004214E-1,5.894256502E-1,7.279495788E-1
4.597917690E2,9.982737860E-1,3.602703452E-1,1.484154310E0,1.824570988E0
4.598017580E2,1.496330260E0,3.362727875E-1,2.104373737E0,2.603934035E0
4.598117470E2,1.923296870E0,2.854604834E-1,2.475176087E0,3.147547490E0
4.598217360E2,2.595166507E0,2.630767572E-1,2.479312115E0,3.598761890E0
4.598317250E2,3.103383395E0,9.676557183E-2,2.203366806E0,3.807253256E0
4.598417140E2,3.272651517E0,-1.854502916E-2,1.711916224E0,3.693406156E0
4.598517030E2,2.932785908E0,-1.104995120E-1,1.344692954E0,3.228256878E0
4.598616920E2,2.240908561E0,-1.281522560E-1,9.321543485E-1,2.430433276E0
4.598716810E2,1.353734212E0,6.100400090E-3,4.687763952E-1,1.432614686E0
4.598816700E2,4.191941991E-1,1.006685883E-1,2.208253616E-1,4.843777262E-1
4.598916590E2,-3.686137372E-1,4.300627112E-3,3.553352952E-3,3.686559493E-1
4.599016480E2,-8.827004988E-1,-1.587027884E-1,-2.383260781E-1,9.279795608E-1
4.599116370E2,-1.030222534E0,-2.351095247E-1,-5.212786907E-1,1.178289621E0
4.599216270E2,-8.145579247E-1,-1.493267781E-1,-4.987400132E-1,9.667185217E-1
4.599316160E2,-3.850967458E-1,7.081562877E-3,-1.747522259E-1,4.229515251E-1
4.599416050E2,1.734433267E-1,9.034942210E-2,1.041242927E-1,2.215569317E-1
4.599515940E2,5.793859810E-1,1.226102650E-1,2.993897206E-1,6.635929451E-1
4.599615830E2,1.040257233E0,1.262875789E-1,3.611716935E-1,1.108390119E0
4.599715720E2,1.309422111E0,1.981241316E-1,3.595058218E-1,1.372255032E0
4.599815610E2,1.375015445E0,2.305861187E-1,4.026059407E-1,1.451181924E0
4.599915500E2,1.260631336E0,2.129374677E-1,3.550204226E-1,1.326865943E0
4.600015390E2,1.053266264E0,1.587127286E-1,2.908188719E-1,1.104144542E0
4.600115280E2,8.964885257E-1,5.386805892E-2,2.332150269E-1,9.278915310E-1
4.600215170E2,8.535842885E-1,-1.382854807E-1,2.903920251E-1,9.121713326E-1
4.600315060E2,9.043726189E-1,-3.421445614E-1,3.462779582E-1,1.027064340E0
4.600414950E2,9.508151525E-1,-4.417910564E-1,3.279723725E-1,1.098542065E0
4.600514840E2,8.644058767E-1,-3.215799040E-1,3.170532820E-1,9.752609589E-1
4.600614740E2,6.036127496E-1,-4.587433040E-2,2.504792234E-1,6.551279623E-1
4.600714630E2,2.374489957E-1,2.220339811E-1,2.387921011E-1,4.033643290E-1
4.600814520E2,3.444331616E-2,3.534384584E-1,3.638427016E-1,5.084157722E-1
4.600914410E2,-3.382161096E-2,2.943073207E-1,5.740720314E-1,6.460026297E-1
4.601014300E2,1.196248229E-1,1.331393462E-1,7.752358380E-1,7.956298061E-1
4.601114190E2,4.371891515E-1,-1.011808044E-1,9.103281543E-1,1.014923277E0
4.601214080E2,6.765532565E-1,-2.419297171E-1,1.024395930E0,1.251255896E0
4.601313970E2,7.701478833E-1,-3.448366195E-1,1.045005318E0,1.343159027E0
4.601413860E2,7.183877456E-1,-3.192340010E-1,8.800661820E-1,1.180045671E0
4.601513750E2,5.449207377E-1,-1.325183719E-1,5.375012058E-1,7.767929425E-1
4.601613640E2,2.912061037E-1,9.088795066E-2,1.601052430E-1,3.445218473E-1
4.601713530E2,2.179944322E-2,2.732772249E-1,-8.869290590E-2,2.881355392E-1
4.601813420E2,-4.204133436E-2,3.486694694E-1,-1.495779160E-1,3.817216599E-1
4.601913310E2,5.986218587E-2,2.489802897E-1,-4.694992572E-2,2.603439292E-1
4.602013188E2,3.257434139E-1,1.215922648E-1,2.147641379E-1,4.086772387E-1
4.602113088E2,6.055373606E-1,-3.983591080E-2,4.353681824E-1,7.468653487E-1
4.602212978E2,7.735689430E-1,-1.637764174E-1,6.214654684E-1,1.005709179E0
4.602312868E2,8.227307242E-1,-6.628052831E-2,6.511260545E-1,1.051305898E0
4.602412758E2,6.766146523E-1,8.091201603E-2,6.157357818E-1,9.184142284E-1
4.602512648E2,4.321919748E-1,2.356386977E-1,5.294127524E-1,7.229061913E-1
4.602612538E2,2.593814631E-1,2.968081748E-1,4.359663525E-1,5.877418622E-1
4.602712428E2,1.562992904E-1,2.793103820E-1,3.087669003E-1,4.447254843E-1
4.602812318E2,5.796958834E-2,1.437824482E-1,2.594327724E-1,3.022238061E-1
4.602912208E2,8.181511849E-2,-3.044294357E-2,3.269423854E-1,3.383959365E-1
4.603012098E2,1.147127232E-1,-1.771905148E-1,3.940362614E-1,4.470123742E-1
4.603111988E2,1.735319120E-1,-2.931250137E-1,4.982628804E-1,6.035739360E-1
4.603211878E2,2.216860718E-1,-3.534168237E-1,5.445833534E-1,6.860169054E-1
4.603311768E2,3.239819402E-1,-3.090750486E-1,5.029722279E-1,6.734038500E-1
4.603411658E2,4.257138446E-1,-2.371806085E-1,4.521084684E-1,6.647473097E-1
4.603511558E2,4.518275097E-1,-8.739540875E-2,4.140015793E-1,6.190180641E-1
4.603611448E2,4.809827502E-1,7.169095695E-2,3.906171021E-1,6.237513285E-1
4.603711338E2,4.258682111E-1,1.752884156E-1,4.121781251E-1,6.180457658E-1
4.603811228E2,4.684496820E-1,2.360392320E-1,3.464381719E-1,6.286326674E-1
4.603911118E2,4.544909164E-1,2.148378128E-1,2.686231336E-1,5.699786547E-1
4.604011008E2,4.313640091E-1,1.011071295E-1,2.214808345E-1,4.953295065E-1
4.604110898E2,4.009587801E-1,-1.367663741E-3,1.558405763E-1,4.301814722E-1
4.604210788E2,3.593891698E-1,-9.005764604E-2,9.891325414E-2,3.834772312E-1
4.604310678E2,2.833698115E-1,-1.184178114E-1,4.893885612E-2,3.109923468E-1
4.604410568E2,2.088328685E-1,-5.938607633E-2,1.158833358E-1,2.461032721E-1
4.604510458E2,1.216312949E-1,6.323003590E-2,2.314494601E-1,2.690001151E-1
4.604610348E2,7.542601213E-2,1.398472720E-1,2.919134706E-1,3.323549565E-1
4.604710238E2,4.900931507E-2,8.566814125E-2,2.738555145E-1,2.910975545E-1
4.604810138E2,2.911986485E-2,2.010857463E-2,1.746060455E-1,1.781560901E-1
4.604910028E2,-2.242407203E-2,-6.335633576E-2,1.115180969E-1,1.302042635E-1
4.605009918E2,-2.427778557E-2,-1.331001699E-1,1.200871915E-1,1.809032881E-1
4.605109808E2,2.698665440E-2,-1.238551372E-1,1.045958707E-1,1.643431492E-1
4.605209698E2,1.020347902E-1,-6.890008092E-2,1.760649258E-1,2.148422157E-1
4.605309588E2,1.552181402E-1,-2.751407325E-2,2.763052055E-1,3.181104555E-1
4.605409478E2,1.658109561E-1,-1.520743847E-2,3.231259078E-1,3.635036336E-1
4.605509368E2,1.938790530E-1,-2.500678718E-2,3.454716271E-1,3.969446709E-1
4.605609258E2,1.946671115E-1,-4.786706150E-2,3.442913666E-1,3.984006589E-1
4.605709148E2,1.993798211E-1,-6.226173699E-2,3.518918699E-1,4.092147664E-1
4.605809038E2,1.737260395E-1,-8.197387040E-2,4.021372864E-1,4.456622593E-1
4.605908928E2,1.808953106E-1,-7.963147581E-2,4.421225935E-1,4.842898647E-1
4.606008818E2,2.006102215E-1,-9.700004518E-2,4.569520095E-1,5.083882460E-1
4.606108708E2,2.930318968E-1,-8.437122881E-2,4.673004118E-1,5.579927165E-1
4.606208608E2,3.683915430E-1,-5.867680907E-2,4.845915055E-1,6.115424958E-1
4.606308498E2,3.987099409E-1,-4.354772329E-2,5.199791470E-1,6.566919632E-1
4.606408388E2,4.057923809E-1,1.627864838E-2,6.127855691E-1,7.351452948E-1
4.606508278E2,4.384251067E-1,6.116129100E-2,6.613431868E-1,7.958216436E-1
4.606608168E2,4.802661739E-1,5.954161227E-2,6.895045468E-1,8.423878688E-1
4.606708058E2,4.966749229E-1,2.553303659E-2,6.932581669E-1,8.531968125E-1
4.606807948E2,4.728673996E-1,-1.674817979E-2,6.794625387E-1,8.279815340E-1
4.606907838E2,4.490215771E-1,-2.766843975E-2,6.617133155E-1,8.001565042E-1
4.607007728E2,3.918426785E-1,-3.948040009E-3,6.106697541E-1,7.255851572E-1
4.607107618E2,3.839974692E-1,1.042558551E-2,5.607362866E-1,6.796969416E-1
4.607207508E2,3.800035286E-1,6.215297878E-2,5.100570068E-1,6.390804524E-1
4.607307398E2,3.790698744E-1,9.291868865E-2,4.527934697E-1,5.977874025E-1
4.607407288E2,3.898227578E-1,8.689956486E-2,4.626261476E-1,6.111761361E-1
4.607507178E2,3.879333763E-1,5.544388354E-2,4.714852640E-1,6.130780398E-1
4.607607078E2,4.263555765E-1,7.011630177E-2,4.717489734E-1,6.397206166E-1
4.607706968E2,4.519925474E-1,1.179067647E-1,4.592797861E-1,6.550856356E-1
4.607806858E2,4.448682998E-1,1.727630031E-1,4.221809569E-1,6.371747168E-1
4.607906748E2,4.395354930E-1,1.741733515E-1,4.763808453E-1,6.711680235E-1
4.608006638E2,4.527326587E-1,1.223646820E-1,5.037110236E-1,6.882330789E-1
4.608106528E2,5.155215222E-1,2.728720129E-2,4.881097752E-1,7.104633585E-1
4.608206418E2,5.929553220E-1,-5.123388827E-2,4.351930583E-1,7.373017856E-1
4.608306308E2,6.964823216E-1,-7.254231155E-2,3.941675314E-1,8.035658368E-1
4.608406198E2,7.328775845E-1,-6.213485241E-2,3.260860607E-1,8.045510629E-1
4.608506088E2,8.069873884E-1,-4.571937919E-3,3.329465988E-1,8.729851003E-1
4.608605978E2,8.522081463E-1,6.516137123E-2,3.234945747E-1,9.138673147E-1
4.608705868E2,8.934959207E-1,8.577923834E-2,2.425533226E-1,9.297984472E-1
4.608805758E2,9.408785404E-1,4.766182423E-2,2.091315150E-1,9.650181697E-1
4.608905648E2,9.834332603E-1,-4.560828209E-3,1.363702253E-1,9.928537742E-1
4.609005548E2,9.473170558E-1,1.902391613E-2,3.311979890E-2,9.480867231E-1
4.609105438E2,9.340791057E-1,1.554072976E-1,-1.707489297E-1,9.621904182E-1
4.609205328E2,7.230105543E-1,2.699992758E-1,-3.057851127E-1,8.301496285E-1
4.609305218E2,3.512480915E-1,3.573397207E-1,-3.511440110E-1,6.118570211E-1
4.609405108E2,3.988941282E-2,3.806648487E-1,-2.911126944E-1,4.808778360E-1
4.609504998E2,-2.381934924E-1,2.957667857E-1,-2.251733512E-1,4.414942462E-1
4.609604888E2,-3.852742088E-1,1.741049391E-1,-4.463267416E-2,4.251362386E-1
4.609704778E2,-3.737331207E-1,3.794550598E-2,6.550577223E-2,3.813231086E-1
4.609804668E2,-3.097949870E-1,-2.561431289E-2,7.756653160E-2,3.203835105E-1
4.609904558E2,-1.684077045E-1,4.210579991E-3,6.426616251E-2,1.803025889E-1
4.610004448E2,-9.757862717E-2,4.619943559E-2,3.917985320E-2,1.148522408E-1
4.610104338E2,-7.092453316E-2,1.030367106E-1,6.582503021E-3,1.252604586E-1
4.610204228E2,-3.565632105E-2,1.894351691E-1,4.371495366E-2,1.976564031E-1
4.610304128E2,-2.957960218E-2,2.517752588E-1,1.165700912E-1,2.790238699E-1
4.610404018E2,-4.985613808E-2,2.439060760E-1,1.969163892E-1,3.174143549E-1
4.610503908E2,-2.586895913E-2,1.871951008E-1,3.331673312E-1,3.830296064E-1
4.610603798E2,5.158779100E-2,9.351919770E-2,5.062145090E-1,5.173589370E-1
4.610703688E2,2.116640903E-1,1.321470737E-3,6.109284934E-1,6.465578532E-1
4.610803578E2,3.341932252E-1,-1.069438201E-1,5.989811701E-1,6.941905607E-1
4.610903468E2,4.501006807E-1,-1.570170361E-1,5.443278301E-1,7.235590916E-1
4.611003358E2,5.835269791E-1,-1.170443004E-1,4.607933378E-1,7.526842657E-1
4.611103248E2,5.990927057E-1,-6.291370153E-2,2.774734792E-1,6.632207291E-1
4.611203138E2,5.526326305E-1,8.200252175E-2,5.701269150E-2,5.615849756E-1
4.611303028E2,4.326565361E-1,1.678390628E-1,-1.458647878E-1,4.864546902E-1
4.611402918E2,2.512874548E-1,2.748413551E-1,-3.288937475E-1,4.968442941E-1
4.611502808E2,4.716656506E-2,3.502213204E-1,-4.236366212E-1,5.516771202E-1
4.611602698E2,-1.417563879E-1,3.531665629E-1,-5.081014055E-1,6.348137782E-1
4.611702598E2,-2.928819157E-1,3.369101340E-1,-4.770348564E-1,6.533379746E-1
4.611802488E2,-4.066633236E-1,2.854850417E-1,-3.551411676E-1,6.107389105E-1
4.611902378E2,-3.695232716E-1,1.469662571E-1,-3.114086723E-1,5.050959218E-1
4.612002268E2,-3.320268318E-1,3.424363375E-2,-2.876941198E-1,4.406612645E-1
4.612102162E2,-2.755368814E-1,-1.091657621E-1,-3.402170268E-1,4.512043461E-1
4.612202052E2,-1.313901517E-1,-2.358205462E-1,-3.478520286E-1,4.403132246E-1
4.612301942E2,-6.416003555E-3,-1.555254114E-1,-4.757715654E-1,5.005875559E-1
4.612401832E2,1.289473312E-1,-3.549493790E-2,-6.750268409E-1,6.881486327E-1
4.612501722E2,2.021914548E-1,-1.615000963E-3,-9.880698100E-1,1.008546450E0
4.612601612E2,1.671170779E-1,-2.735736787E-2,-1.172706462E0,1.184870030E0
4.612701502E2,-5.056087375E-2,2.693870723E-2,-1.126860198E0,1.128315559E0
4.612801392E2,-1.915528844E-1,1.656574667E-2,-1.070494208E0,1.087623456E0
4.612901282E2,-3.109290545E-1,-4.604916215E-2,-1.046660373E0,1.092838203E0
4.613001172E2,-4.656851184E-1,-7.558110952E-2,-9.053403331E-1,1.020889932E0
4.613101072E2,-5.213649371E-1,-3.113291502E-2,-9.402860713E-1,1.075606132E0
4.613200962E2,-4.584896810E-1,6.122151732E-2,-9.554648584E-1,1.061543196E0
4.613300852E2,-3.520237246E-1,5.813009441E-2,-8.638101916E-1,9.345950234E-1
4.613400742E2,-2.783771664E-1,-2.139730096E-2,-8.749808586E-1,9.184460758E-1
4.613500632E2,-2.310854709E-1,-1.385901207E-1,-8.741634178E-1,9.147510030E-1
4.613600522E2,-2.262676576E-1,-1.673823953E-1,-8.745880719E-1,9.187590623E-1
4.613700412E2,-2.561361122E-1,-1.705165029E-1,-8.079308367E-1,8.645425511E-1
4.613800302E2,-2.987362942E-1,-1.841580570E-1,-7.356206596E-1,8.150431389E-1
4.613900192E2,-3.205414385E-1,-2.267094147E-1,-6.329407753E-1,7.448207822E-1
4.614000082E2,-3.644256690E-1,-1.891059709E-1,-5.764788915E-1,7.077393933E-1
4.614099972E2,-3.573651561E-1,-9.794846356E-2,-6.153932811E-1,7.183402027E-1
4.614199862E2,-3.747468817E-1,-4.553109884E-2,-6.916988607E-1,7.880073732E-1
4.614299752E2,-4.433347213E-1,-9.791162610E-3,-7.344447845E-1,8.579339622E-1
4.614399642E2,-5.161606228E-1,6.264882267E-2,-6.813421261E-1,8.570727836E-1
4.614499542E2,-6.207009450E-1,6.503390193E-2,-5.755880682E-1,8.489998208E-1
4.614599432E2,-7.103934324E-1,-2.835022509E-2,-4.492836785E-1,8.410222279E-1
4.614699322E2,-7.303596273E-1,-1.350040233E-1,-4.342567728E-1,8.603663268E-1
4.614799212E2,-6.537210488E-1,-1.762526214E-1,-4.906071210E-1,8.361289036E-1
4.614899102E2,-5.247457972E-1,-1.516095310E-1,-5.383269057E-1,7.669025095E-1
4.614998992E2,-4.498280543E-1,-1.143230063E-1,-5.469239938E-1,7.173150516E-1
4.615098882E2,-3.947920141E-1,-1.010059726E-1,-6.335387993E-1,7.532823847E-1
4.615198772E2,-3.893973729E-1,1.039985776E-2,-6.016440652E-1,7.167384824E-1
4.615298662E2,-3.895485234E-1,1.074601293E-1,-5.139275712E-1,6.537715808E-1
4.615398552E2,-3.939850983E-1,1.282107282E-1,-4.287734733E-1,5.962457043E-1
4.615498442E2,-4.060180834E-1,6.702838719E-2,-3.666321889E-1,5.511466689E-1
4.615598332E2,-4.208305424E-1,2.663932979E-2,-2.998206604E-1,5.173977461E-1
4.615698222E2,-3.622420263E-1,-2.169317007E-3,-2.552799337E-1,4.431611852E-1
4.615798122E2,-3.024279338E-1,-2.983834147E-2,-2.564787591E-1,3.976610813E-1
4.615898012E2,-2.836069161E-1,-2.288541734E-2,-2.004255956E-1,3.480331084E-1
4.615997902E2,-2.718621987E-1,-4.879618406E-2,-1.683828539E-1,3.234855609E-1
4.616097792E2,-2.815232608E-1,-8.837247849E-2,-1.654452858E-1,3.382856543E-1
4.616197682E2,-2.036292851E-1,-7.882982254E-2,-7.700592980E-2,2.315360445E-1
4.616297572E2,-8.972552419E-2,-2.306726575E-2,-3.529437840E-2,9.913859786E-2
4.616397462E2,-7.319690734E-2,6.204129696E-2,-1.181266201E-1,1.521867541E-1
4.616497352E2,-2.404901326E-2,3.244152188E-2,-1.069734947E-1,1.143421880E-1
4.616597242E2,-1.384649903E-2,-5.561403751E-2,-1.025027137E-1,1.174370172E-1
4.616697132E2,-5.393910259E-2,-1.374276942E-1,-1.419158708E-1,2.047825976E-1
4.616797022E2,-6.647173226E-2,-1.628309226E-1,-1.274820189E-1,2.172189349E-1
4.616896912E2,-4.740980923E-2,-9.875011683E-2,-1.483930508E-1,1.844444987E-1
4.616996802E2,-5.832363725E-2,-7.733527422E-3,-1.915506917E-1,2.003824384E-1
4.617096692E2,-7.015927881E-2,4.250341058E-2,-1.854999199E-1,2.028277214E-1
4.617196592E2,-7.655584037E-2,9.551602185E-2,-1.882604635E-1,2.245575856E-1
4.617296482E2,-7.085977525E-2,1.368616837E-1,-1.112327528E-1,1.900656558E-1
4.617396372E2,-5.983046472E-2,1.514984339E-1,-7.437132061E-2,1.790601947E-1
4.617496262E2,6.461173296E-3,1.278499550E-1,-8.125875592E-2,1.516256679E-1
4.617596152E2,4.491480231E-2,6.524089336E-2,-9.868813634E-2,1.265427275E-1
4.617696042E2,1.207672226E-1,5.881597281E-2,-1.381311873E-1,1.926765830E-1
4.617795932E2,1.822916257E-1,6.482457161E-2,-1.724999515E-1,2.592078223E-1
4.617895822E2,1.835666111E-1,4.772205055E-2,-1.947801820E-1,2.718702156E-1
4.617995712E2,1.601797950E-1,6.840599120E-2,-2.237226570E-1,2.835291407E-1
4.618095602E2,1.145036852E-1,6.965027869E-2,-2.349803744E-1,2.705143833E-1
4.618195492E2,8.513458282E-2,5.784182668E-2,-2.574985135E-1,2.773067950E-1
4.618295382E2,4.790097535E-2,9.590720057E-2,-2.353071606E-1,2.585771730E-1
4.618395272E2,1.496068597E-2,1.020543784E-1,-2.453773085E-1,2.661746453E-1
4.618495172E2,-1.142545938E-2,8.264045298E-2,-2.832783026E-1,2.953076062E-1
4.618595062E2,-8.097165763E-2,7.396026134E-2,-2.624984676E-1,2.844854567E-1
4.618694952E2,-2.109295338E-1,1.361155790E-1,-2.057823761E-1,3.245999159E-1
4.618794842E2,-1.896860147E-1,4.646431446E-2,-7.043555975E-2,2.076075258E-1
4.618894732E2,-2.840375635E-1,6.709679961E-3,-1.001043320E-3,2.841185657E-1
4.618994622E2,-3.144465932E-1,2.443551421E-3,4.744898558E-2,3.180157813E-1
4.619094512E2,-2.886714819E-1,-3.322095573E-2,9.159085907E-2,3.046698899E-1
4.619194402E2,-2.724755716E-1,-2.025241613E-2,5.799787425E-2,2.793149672E-1
4.619294292E2,-1.885297278E-1,1.466072381E-2,8.327531442E-3,1.892821778E-1
4.619394182E2,-9.894424438E-2,5.933169723E-3,-2.637211204E-2,1.025702408E-1
4.619494072E2,-9.121305585E-2,5.280328095E-2,-1.083846471E-1,1.511794952E-1
4.619593962E2,-5.784855098E-2,7.629154623E-2,-1.369938308E-1,1.671351685E-1
4.619693852E2,-7.276713699E-2,9.964532554E-2,-1.519685866E-1,1.957516244E-1
4.619793752E2,-6.068766654E-2,1.093271452E-1,-1.107830654E-1,1.670577898E-1
4.619893642E2,-6.495759577E-2,8.367950320E-2,-1.006943160E-1,1.461543492E-1
4.619993532E2,-8.124910802E-2,1.050042987E-1,-1.078641353E-1,1.710613691E-1
4.620093422E2,-1.018684369E-1,1.565217769E-1,-1.054247135E-1,2.144542266E-1
4.620193312E2,-2.300347263E-1,1.137423778E-1,-6.739442289E-2,2.653211488E-1
4.620293202E2,-3.193848592E-1,6.599752307E-3,-5.926971674E-2,3.249048235E-1
4.620393092E2,-4.267368150E-1,-6.191850543E-2,1.075653791E-2,4.313396732E-1
4.620492982E2,-5.199060568E-1,-1.167355675E-1,7.277272839E-2,5.377967745E-1
4.620592872E2,-5.508471832E-1,-1.365424258E-1,7.797729850E-2,5.728498165E-1
4.620692762E2,-5.174318075E-1,-1.033191311E-1,3.616625307E-2,5.288842181E-1
4.620792652E2,-3.932983428E-1,-3.966984987E-2,-7.047082577E-3,3.953567311E-1
4.620892542E2,-3.073673692E-1,1.689962268E-2,-6.176417548E-2,3.139667344E-1
4.620992432E2,-2.940254849E-1,7.457304955E-2,-1.040062155E-1,3.206702642E-1
4.621092332E2,-2.728287435E-1,1.226131886E-1,-1.220571367E-1,3.230595331E-1
4.621192222E2,-2.999270797E-1,1.367301214E-1,-1.513212633E-1,3.626975378E-1
4.621292112E2,-3.303229532E-1,1.691003072E-1,-1.504664369E-1,4.004351582E-1
4.621392002E2,-3.614061669E-1,2.119030952E-1,-1.738786519E-1,4.535979771E-1
4.621491892E2,-3.436534354E-1,1.770297164E-1,-1.085582546E-1,4.015247175E-1
4.621591782E2,-3.008983022E-1,8.684869409E-2,-1.112801152E-1,3.323638789E-1
4.621691672E2,-3.086710060E-1,8.191013575E-2,-8.888935408E-2,3.314941591E-1
4.621791562E2,-2.593088114E-1,1.228581870E-1,-5.688346803E-2,2.925250805E-1
4.621891452E2,-2.096375915E-1,1.654101294E-1,-4.232446751E-2,2.703697307E-1
4.621991342E2,-1.815396738E-1,1.857806593E-1,-5.525969625E-2,2.655649461E-1
4.622091238E2,-1.477237639E-1,1.767198139E-1,-6.703655502E-2,2.398876878E-1
4.622191128E2,-1.144080833E-1,1.699235952E-1,-9.663050115E-2,2.264965595E-1
4.622291018E2,-9.862527877E-2,1.577841908E-1,-1.133231233E-1,2.178644687E-1
4.622390908E2,-1.266913292E-1,1.697785842E-1,-9.037864904E-2,2.303123113E-1
4.622490808E2,-1.610700336E-1,1.436976635E-1,-2.169024646E-2,2.169401785E-1
4.622590698E2,-1.765154538E-1,1.313424969E-1,2.785905898E-2,2.217762027E-1
4.622690588E2,-1.270471323E-1,1.100533694E-1,1.018169814E-1,1.965182323E-1
4.622790478E2,-7.349803895E-2,7.007712543E-2,1.574275106E-1,1.873397618E-1
4.622890368E2,7.047795206E-2,4.264023542E-2,2.195372200E-1,2.344822432E-1
4.622990258E2,2.337561867E-1,-2.819761276E-2,3.280533564E-1,4.038020119E-1
4.623090148E2,4.144529843E-1,-1.475018620E-1,4.483516324E-1,6.281299720E-1
4.623190038E2,5.820797932E-1,-2.343663436E-1,5.943203545E-1,8.642691435E-1
4.623289928E2,7.781267014E-1,-3.349612570E-1,7.408995259E-1,1.125438721E0
4.623389818E2,9.952294332E-1,-4.010260230E-1,8.375844061E-1,1.361194745E0
4.623489708E2,1.210226583E0,-4.648945749E-1,8.905063856E-1,1.572824520E0
4.623589598E2,1.374513754E0,-5.241169292E-1,9.461730480E-1,1.749065480E0
4.623689488E2,1.513036047E0,-5.497809434E-1,9.703512847E-1,1.879659220E0
4.623789388E2,1.588402272E0,-5.440319610E-1,1.007624946E0,1.958137018E0
4.623889278E2,1.577997736E0,-5.225814503E-1,1.043711622E0,1.962779197E0
4.623989168E2,1.529421407E0,-5.055695611E-1,1.088652152E0,1.944194931E0
4.624089058E2,1.458847561E0,-5.292730039E-1,1.095460650E0,1.899578941E0
4.624188948E2,1.374552346E0,-5.483770269E-1,1.058098111E0,1.819253453E0
4.624288838E2,1.288982730E0,-5.387829155E-1,1.006074264E0,1.721612306E0
4.624388728E2,1.216469655E0,-4.972957510E-1,9.323981774E-1,1.611355903E0
4.624488618E2,1.152041524E0,-4.440971982E-1,8.115034854E-1,1.477484315E0
4.624588508E2,1.106449322E0,-3.788884646E-1,6.833418739E-1,1.354526739E0
4.624688398E2,1.036714551E0,-3.033740133E-1,5.730083863E-1,1.222763862E0
4.624788288E2,9.364339256E-1,-2.248178405E-1,4.775491190E-1,1.074944054E0
4.624888178E2,8.580441061E-1,-1.296561599E-1,4.627708662E-1,9.834669706E-1
4.624988078E2,7.555213657E-1,-5.064448893E-2,4.479820883E-1,8.798098373E-1
4.625087968E2,6.563923493E-1,-1.572082400E-2,4.296206252E-1,7.846476548E-1
4.625187858E2,6.041351983E-1,-8.179085255E-3,4.245487503E-1,7.384361020E-1
4.625287748E2,5.309613875E-1,2.999036908E-2,3.819612129E-1,6.547623885E-1
4.625387638E2,4.572896862E-1,9.017692924E-2,3.454406734E-1,5.801508377E-1
4.625487528E2,4.016686320E-1,1.451290619E-1,3.260173559E-1,5.372964274E-1
4.625587418E2,3.374419382E-1,1.435374498E-1,3.137662697E-1,4.826171704E-1
4.625687308E2,2.849751645E-1,1.048493475E-1,2.811785674E-1,4.138425025E-1
4.625787198E2,2.121814227E-1,1.125039375E-1,2.308878350E-1,3.331475416E-1
4.625887088E2,1.355726650E-1,1.569416070E-1,1.620053323E-1,2.631659993E-1
4.625986978E2,6.344199747E-2,2.131964993E-1,9.166215856E-2,2.405817651E-1
4.626086868E2,-2.270561546E-2,2.564161938E-1,1.237745918E-2,2.577169202E-1
4.626186758E2,-1.603177893E-1,2.731059015E-1,-4.366225563E-2,3.196795576E-1
4.626286658E2,-3.958293101E-1,3.490887147E-1,-1.276516613E-1,5.429905341E-1
4.626386548E2,-6.021702415E-1,3.874774396E-1,-1.847872174E-1,7.395228743E-1
4.626486438E2,-7.208567324E-1,4.114065850E-1,-3.016368786E-1,8.831050976E-1
4.626586328E2,-8.305335411E-1,3.755625683E-1,-3.923844961E-1,9.923702930E-1
4.626686218E2,-9.206473204E-1,2.916521001E-1,-4.661142310E-1,1.072340856E0
4.626786108E2,-9.374802849E-1,1.856707317E-1,-4.712737410E-1,1.065571135E0
4.626885998E2,-8.585417041E-1,1.666228420E-1,-5.460328051E-1,1.031023207E0
4.626985888E2,-6.319296455E-1,-1.979282498E-3,-5.416790414E-1,8.323191565E-1
4.627085778E2,-5.404011324E-1,3.446056545E-2,-7.536487218E-1,9.280125594E-1
4.627185668E2,-5.032350603E-1,3.984760523E-2,-7.483231509E-1,9.026743021E-1
4.627285558E2,-5.647585863E-1,-1.778839946E-2,-6.077759671E-1,8.298555984E-1
4.627385448E2,-6.013896382E-1,-2.179567176E-1,-4.128426611E-1,7.613236437E-1
4.627485338E2,-6.044424695E-1,-4.472640502E-1,-2.633740150E-1,7.967193366E-1
4.627585238E2,-4.758651209E-1,-5.379502720E-1,-2.384786173E-1,7.567761619E-1
4.627685128E2,-2.820503873E-1,-4.573516667E-1,-3.005375290E-1,6.156669346E-1
4.627785018E2,-1.536393920E-1,-3.327030623E-1,-3.930579492E-1,5.373927259E-1
4.627884908E2,-9.026492983E-2,-2.511308956E-1,-5.461018022E-1,6.078171293E-1
4.627984798E2,-9.529002696E-2,-1.963723058E-1,-6.834237349E-1,7.174331140E-1
4.628084688E2,-1.930072331E-1,-1.321728015E-1,-8.230996104E-1,8.556952788E-1
4.628184578E2,-3.769276008E-1,-4.219701648E-2,-8.813672606E-1,9.595119866E-1
4.628284468E2,-6.133659053E-1,-1.079980731E-3,-8.570427704E-1,1.053917079E0
4.628384358E2,-8.507891732E-1,1.949169338E-2,-8.424317479E-1,1.197461228E0
4.628484248E2,-1.044068302E0,8.915074289E-2,-8.757445049E-1,1.365633520E0
4.628584138E2,-1.207847351E0,1.798498285E-1,-9.651438276E-1,1.556516557E0
4.628684028E2,-1.353800285E0,2.835577995E-1,-1.023745646E0,1.720824043E0
4.628783928E2,-1.454095529E0,3.821512109E-1,-1.097172641E0,1.861241833E0
4.628883818E2,-1.593395794E0,4.185565603E-1,-1.152204296E0,2.010391626E0
4.628983708E2,-1.674465100E0,4.640835661E-1,-1.184969827E0,2.103178646E0
4.629083598E2,-1.665420919E0,4.960649121E-1,-1.243259550E0,2.136680028E0
4.629183488E2,-1.660279755E0,4.731800795E-1,-1.269183766E0,2.142721560E0
4.629283378E2,-1.696454139E0,4.273197824E-1,-1.194567520E0,2.118383913E0
4.629383268E2,-1.656837791E0,3.561480582E-1,-1.139094912E0,2.041932938E0
4.629483158E2,-1.573923981E0,3.073062658E-1,-1.144768977E0,1.970322270E0
4.629583048E2,-1.445445158E0,2.553683728E-1,-1.203462231E0,1.898116449E0
4.629682938E2,-1.344766337E0,1.872091341E-1,-1.298912179E0,1.878993510E0
4.629782828E2,-1.256200023E0,1.115438247E-1,-1.362149817E0,1.856322344E0
4.629882718E2,-1.215807165E0,-3.495465517E-3,-1.364346031E0,1.827468023E0
4.629982608E2,-1.160762939E0,-9.193811059E-2,-1.314609615E0,1.756138279E0
4.630082508E2,-1.076393172E0,-1.472504318E-1,-1.292594848E0,1.688521954E0
4.630182398E2,-1.027363099E0,-1.965693569E-1,-1.266202855E0,1.642371493E0
4.630282288E2,-9.506748194E-1,-2.507017100E-1,-1.236177403E0,1.579483628E0
4.630382178E2,-8.364611560E-1,-2.064254236E-1,-1.256942035E0,1.523870730E0
4.630482068E2,-7.150206265E-1,-1.746358663E-1,-1.303765368E0,1.497182794E0
4.630581958E2,-6.098181072E-1,-1.893831289E-1,-1.385295435E0,1.525381112E0
4.630681848E2,-5.350877675E-1,-2.674802953E-1,-1.451694077E0,1.570121117E0
4.630781738E2,-4.879951698E-1,-3.366587037E-1,-1.473617628E0,1.588404004E0
4.630881628E2,-4.203162798E-1,-3.892093849E-1,-1.484854807E0,1.591522390E0
4.630981518E2,-3.450403950E-1,-3.606182545E-1,-1.473783689E0,1.556000244E0
4.631081408E2,-3.051732016E-1,-2.506771517E-1,-1.504254699E0,1.555233717E0
4.631181298E2,-2.071016541E-1,-1.698440731E-1,-1.582822566E0,1.605324073E0
4.631281188E2,-7.292355001E-2,-5.662034333E-2,-1.623134440E0,1.625758013E0
4.631381088E2,7.270632595E-2,6.585426629E-2,-1.712902064E0,1.715708739E0
4.631480978E2,1.840750265E-1,1.669239736E-1,-1.825276778E0,1.842113608E0
4.631580868E2,2.474728775E-1,2.430640769E-1,-1.815973858E0,1.848806108E0
4.631680758E2,2.562858009E-1,2.258340865E-1,-1.746657456E0,1.779745969E0
4.631780648E2,3.404061842E-1,2.627598381E-1,-1.637958301E0,1.693465825E0
4.631880538E2,4.827382305E-1,3.402553260E-1,-1.562228673E0,1.670140207E0
4.631980428E2,6.193400055E-1,3.583062655E-1,-1.485575768E0,1.648908968E0
4.632080320E2,7.269264346E-1,3.523105305E-1,-1.295224925E0,1.526483658E0
4.632180210E2,7.368857047E-1,2.622154623E-1,-1.055832900E0,1.313978920E0
4.632280100E2,8.340643823E-1,1.035097504E-1,-8.574906671E-1,1.200694760E0
4.632379990E2,9.340172714E-1,-8.360465884E-2,-7.596977395E-1,1.206863148E0
4.632479880E2,9.984682059E-1,-2.940120363E-1,-6.878085619E-1,1.247582644E0
4.632579780E2,9.657103497E-1,-3.879224128E-1,-7.411568765E-1,1.277651671E0
4.632679670E2,8.165277055E-1,-4.024059659E-1,-9.647584230E-1,1.326426353E0
4.632779560E2,5.434139103E-1,-3.268915147E-1,-1.152110741E0,1.315110603E0
4.632879450E2,2.469437045E-1,-4.571470141E-2,-1.186635699E0,1.212920158E0
4.632979340E2,-6.731753200E-2,1.962729031E-1,-1.137534436E0,1.156304154E0
4.633079230E2,-3.161320531E-1,4.581246686E-1,-1.044033292E0,1.183141243E0
4.633179120E2,-4.547452703E-1,6.919682711E-1,-7.725735276E-1,1.132467750E0
4.633279010E2,-4.475786304E-1,7.898214251E-1,-5.081845091E-1,1.040382626E0
4.633378900E2,-1.845065510E-1,7.408264357E-1,-2.182929325E-1,7.940518116E-1
4.633478790E2,3.192582670E-1,5.545329756E-1,1.403834617E-1,6.550879165E-1
4.633578680E2,8.479810479E-1,3.822880358E-1,4.998082995E-1,1.055947128E0
4.633678570E2,1.528122741E0,9.409748733E-2,7.982220467E-1,1.726607044E0
4.633778460E2,2.150769931E0,-2.058939117E-1,9.903527822E-1,2.376762974E0
4.633878360E2,2.612809603E0,-4.892739558E-1,1.188638297E0,2.911876376E0
4.633978250E2,2.995182716E0,-6.994620627E-1,1.415934260E0,3.386035515E0
4.634078140E2,3.243726219E0,-7.982554489E-1,1.447730396E0,3.640727241E0
4.634178030E2,3.285082406E0,-8.524965602E-1,1.417130455E0,3.677876496E0
4.634277920E2,3.272998257E0,-8.784114200E-1,1.356868612E0,3.650372124E0
4.634377810E2,3.114995381E0,-7.792935133E-1,1.407561632E0,3.505955555E0
4.634477700E2,2.624223661E0,-6.964583480E-1,1.437238737E0,3.072012246E0
4.634577590E2,1.991896112E0,-6.281394804E-1,1.559969308E0,2.606858947E0
4.634677480E2,1.499650894E0,-4.482025284E-1,1.630550318E0,2.260206328E0
4.634777370E2,1.268444093E0,-2.700928313E-1,1.590166084E0,2.051957292E0
4.634877260E2,1.319684413E0,-1.068695605E-1,1.523800771E0,2.018652234E0
4.634977150E2,1.515066493E0,-1.010398865E-3,1.521188089E0,2.146960806E0
4.635077050E2,1.714527006E0,-2.257025242E-3,1.419026853E0,2.225588721E0
4.635176940E2,1.956179272E0,-1.244445366E-1,1.443205236E0,2.434125128E0
4.635276830E2,2.020822873E0,-3.282778895E-1,1.485217334E0,2.529300691E0
4.635376720E2,1.874465311E0,-4.949603730E-1,1.575873735E0,2.498396286E0
4.635476610E2,1.657578049E0,-4.875946355E-1,1.666326068E0,2.400407482E0
4.635576500E2,1.423295028E0,-3.244368535E-1,1.672773062E0,2.220179660E0
4.635676390E2,1.256434204E0,-1.278558022E-1,1.622494316E0,2.056079235E0
4.635776280E2,1.050448491E0,8.513545990E-4,1.426367301E0,1.771430618E0
4.635876170E2,8.081401670E-1,4.649764359E-2,1.189722444E0,1.438989942E0
4.635976060E2,6.019147182E-1,2.990558445E-2,9.510781310E-1,1.125941954E0
4.636075950E2,4.482911137E-1,-1.460166693E-2,7.491363524E-1,8.731456956E-1
4.636175840E2,3.397533426E-1,-3.148784101E-2,6.205040400E-1,7.081306952E-1
4.636275730E2,3.017487797E-1,-6.895679891E-2,5.563799648E-1,6.366836196E-1
4.636375630E2,2.725846222E-1,-9.376945853E-2,4.757138242E-1,5.562362179E-1
4.636475520E2,2.590547499E-1,-7.820533991E-2,3.864519842E-1,4.717738597E-1
4.636575410E2,2.960360500E-1,-2.736029148E-2,3.349391837E-1,4.478506283E-1
4.636675300E2,3.712926391E-1,4.731566906E-3,2.615366006E-1,4.541827881E-1
4.636775190E2,4.388276875E-1,4.462711930E-2,1.978294319E-1,4.834230065E-1
4.636875080E2,4.742042193E-1,1.016953593E-1,1.506811394E-1,5.078546972E-1
4.636974970E2,5.266616374E-1,1.289088857E-1,1.032232368E-1,5.519465715E-1
4.637074860E2,6.308256912E-1,1.084342754E-1,9.431091070E-2,6.469880931E-1
4.637174750E2,7.220498568E-1,1.044020355E-1,8.110482797E-2,7.340529775E-1
4.637274640E2,8.312507021E-1,-1.834797800E-2,1.271545748E-1,8.411198868E-1
4.637374530E2,8.530166700E-1,-1.683331525E-1,1.740641548E-1,8.867196962E-1
4.637474420E2,8.203193325E-1,-2.992891484E-1,2.179689968E-1,9.000046029E-1
4.637574320E2,7.201252457E-1,-3.876680589E-1,2.009294794E-1,8.421636119E-1
4.637674210E2,6.519692230E-1,-3.651171023E-1,2.015089385E-1,7.739381231E-1
4.637774100E2,5.962522745E-1,-2.460081500E-1,1.697375076E-1,6.669689694E-1
4.637873990E2,5.608783740E-1,-8.211420357E-2,1.435758953E-1,5.847574972E-1
4.637973880E2,5.464114854E-1,5.354412317E-2,1.252317180E-1,5.631300628E-1
4.638073770E2,5.602381039E-1,1.177798802E-1,1.135921043E-1,5.836454398E-1
4.638173660E2,5.829092208E-1,1.114403290E-1,1.042030840E-1,6.025449272E-1
4.638273550E2,6.306034970E-1,4.558313906E-2,8.530736804E-2,6.379780091E-1
4.638373440E2,6.555769551E-1,-5.255769789E-2,1.182608137E-1,6.682283110E-1
4.638473330E2,6.180065480E-1,-1.478065020E-1,9.841375574E-2,6.430117594E-1
4.638573220E2,6.200957581E-1,-2.413046497E-1,8.062009379E-2,6.702583702E-1
4.638673110E2,5.670770073E-1,-2.526347995E-1,2.557265148E-2,6.213329499E-1
4.638773000E2,5.005304307E-1,-2.289231706E-1,-1.648914814E-4,5.503967271E-1
4.638872900E2,4.941856170E-1,-1.582069445E-1,-3.679711282E-2,5.201950488E-1
4.638972790E2,4.851092765E-1,-7.631376565E-2,-1.403268899E-1,5.107312767E-1
4.639072680E2,4.293689391E-1,-2.838881671E-2,-2.120786579E-1,4.797300990E-1
4.639172570E2,3.670879063E-1,-7.288554311E-3,-2.762056567E-1,4.594520854E-1
4.639272460E2,3.294791999E-1,-2.549035192E-2,-2.919715042E-1,4.409690018E-1
4.639372350E2,2.956641671E-1,-2.182648659E-2,-3.576600020E-1,4.645582549E-1
4.639472240E2,2.557370397E-1,-2.329121411E-2,-3.498624475E-1,4.339903759E-1
4.639572130E2,2.474635220E-1,-6.355923414E-2,-2.818523128E-1,3.804191073E-1
4.639672020E2,3.070726696E-1,-1.140704066E-1,-2.586739500E-1,4.173941716E-1
4.639771910E2,2.899815506E-1,-2.263153124E-1,-2.082101400E-1,4.226811833E-1
4.639871800E2,3.176885819E-1,-3.313248736E-1,-2.135509868E-1,5.062669562E-1
4.639971690E2,3.597312319E-1,-3.548967540E-1,-2.237571555E-1,5.526531732E-1
4.640071580E2,3.956351826E-1,-2.779509044E-1,-3.021455133E-1,5.701542021E-1
4.640171480E2,4.533445698E-1,-1.955969650E-1,-4.811499075E-1,6.894089535E-1
4.640271370E2,4.566833299E-1,-9.283916652E-2,-6.569879613E-1,8.054886442E-1
4.640371260E2,3.955027431E-1,-6.137179077E-2,-7.261985294E-1,8.291882902E-1
4.640471150E2,2.928765070E-1,-1.054586273E-1,-7.265915354E-1,7.904640597E-1
4.640571040E2,1.172980696E-1,-8.100089371E-2,-7.420243840E-1,7.555925942E-1
4.640670930E2,-4.109101564E-2,-3.274557710E-2,-7.879156713E-1,7.896656568E-1
4.640770820E2,-1.656472340E-1,8.122250319E-2,-8.560446507E-1,8.756988895E-1
4.640870710E2,-3.271256956E-1,2.389528996E-1,-9.038263428E-1,9.904603813E-1
4.640970600E2,-4.642987436E-1,2.879940820E-1,-9.708482981E-1,1.114028874E0
4.641070490E2,-5.906292996E-1,2.912977588E-1,-9.712470782E-1,1.173464205E0
4.641170380E2,-6.969252482E-1,3.030857456E-1,-9.393263970E-1,1.208263155E0
4.641270270E2,-7.617267233E-1,3.630699921E-1,-9.215825826E-1,1.249544668E0
4.641370170E2,-8.526234448E-1,3.803490990E-1,-8.145446223E-1,1.238997626E0
4.641470060E2,-9.156695858E-1,4.380201870E-1,-7.092846541E-1,1.238304161E0
4.641569950E2,-8.725416926E-1,5.508211631E-1,-8.486052382E-1,1.335987952E0
4.641669840E2,-7.675099120E-1,4.612792414E-1,-8.381819916E-1,1.226539463E0
4.641769730E2,-7.811236918E-1,2.864989489E-1,-7.306808587E-1,1.107307720E0
4.641869620E2,-7.895471907E-1,1.216367036E-1,-7.238374237E-1,1.078017101E0
4.641969510E2,-7.815025914E-1,5.369205773E-2,-6.350298393E-1,1.008410648E0
4.642069397E2,-7.382527837E-1,7.980513811E-2,-4.601852274E-1,8.735882762E-1
4.642169287E2,-6.088185257E-1,8.445601344E-2,-2.604741615E-1,6.675624347E-1
4.642269177E2,-3.791097817E-1,7.091678560E-2,-1.394905919E-1,4.101353950E-1
4.642369067E2,-1.215688759E-1,4.078082085E-2,-9.700238407E-2,1.607841082E-1
4.642468957E2,1.673800564E-1,1.496244013E-2,-4.365998983E-2,1.736264744E-1
4.642568857E2,3.477850780E-1,8.070911765E-3,-3.233100951E-2,3.493778675E-1
4.642668747E2,4.781788641E-1,2.223696113E-3,-2.865252614E-2,4.790416873E-1
4.642768637E2,5.442591253E-1,-6.245703399E-2,-2.558156848E-3,5.478370385E-1
4.642868527E2,6.037387571E-1,-1.325341594E-1,4.925818719E-2,6.200743175E-1
4.642968417E2,6.772148690E-1,-1.956700552E-1,1.039927304E-1,7.125456036E-1
4.643068307E2,7.520454884E-1,-2.131696022E-1,1.669192958E-1,7.992970331E-1
4.643168197E2,8.777337277E-1,-2.128357261E-1,2.276285970E-1,9.314130777E-1
4.643268087E2,1.014754163E0,-1.890574390E-1,2.599859555E-1,1.064453580E0
4.643367977E2,1.099941663E0,-1.415657687E-1,2.403585702E-1,1.134761989E0
4.643467867E2,1.110485363E0,-1.556686682E-1,2.230572438E-1,1.143313172E0
4.643567757E2,1.026994725E0,-1.831494123E-1,1.962120372E-1,1.061490007E0
4.643667647E2,9.058588350E-1,-1.901701641E-1,1.860045894E-1,9.441094362E-1
4.643767547E2,7.088143918E-1,-2.176199180E-1,1.752843042E-1,7.619060690E-1
4.643867437E2,5.009458753E-1,-2.008764160E-1,1.760175451E-1,5.676973496E-1
4.643967327E2,2.686468148E-1,-2.057605952E-1,2.225865430E-1,4.050349402E-1
4.644067217E2,4.936453342E-2,-1.872161508E-1,2.440048939E-1,3.114885753E-1
4.644167107E2,-1.308519155E-1,-1.996327132E-1,2.529727685E-1,3.478083748E-1
4.644266997E2,-2.315669891E-1,-2.433464974E-1,2.685409802E-1,4.300640026E-1
4.644366887E2,-3.160510692E-1,-2.484400070E-1,2.689672422E-1,4.836880118E-1
4.644466777E2,-3.929910716E-1,-1.981282246E-1,2.534288514E-1,5.078611606E-1
4.644566667E2,-4.072173473E-1,-9.785783172E-2,2.217837203E-1,4.739094236E-1
4.644666557E2,-4.413472527E-1,6.519703925E-2,1.726589227E-1,4.783818088E-1
4.644766447E2,-4.105172235E-1,2.816136003E-1,1.125635791E-1,5.103931523E-1
4.644866337E2,-2.963971156E-1,4.768264031E-1,-3.315488219E-2,5.624179185E-1
4.644966227E2,-2.678375602E-1,5.726470649E-1,-2.373384833E-1,6.752711865E-1
4.645066127E2,-3.708731014E-1,4.689531273E-1,-4.556021798E-1,7.516895896E-1
4.645166017E2,-6.447794867E-1,2.117510676E-1,-6.040816963E-1,9.085668918E-1
4.645265907E2,-9.441762239E-1,9.968917966E-3,-6.378926361E-1,1.139506532E0
4.645365797E2,-1.166266338E0,-7.903856814E-2,-5.725453234E-1,1.301626834E0
4.645465687E2,-1.261254064E0,8.899988472E-2,-3.549844623E-1,1.313277108E0
4.645565577E2,-1.013347616E0,7.065483034E-2,1.335118139E-1,1.024544240E0
4.645665467E2,-7.726727110E-1,1.213063359E-2,4.084946716E-1,8.740927681E-1
4.645765357E2,-4.282541674E-1,-1.406307989E-1,7.820183158E-1,9.026246727E-1
4.645865247E2,-3.913249075E-3,-2.540164965E-1,1.016428514E0,1.047695861E0
4.645965137E2,4.166240555E-1,-3.367388105E-1,1.134813581E0,1.254898599E0
4.646065027E2,7.897936508E-1,-4.374477446E-1,1.172141036E0,1.479543561E0
4.646164917E2,1.101033631E0,-5.129048932E-1,1.167448061E0,1.684719995E0
4.646264817E2,1.341268533E0,-5.975111800E-1,1.032663893E0,1.795108799E0
4.646364707E2,1.475907397E0,-6.958151543E-1,8.977276969E-1,1.862357751E0
4.646464597E2,1.447644588E0,-7.438909614E-1,7.848097765E-1,1.806924182E0
4.646564487E2,1.315006933E0,-6.483533049E-1,6.376213253E-1,1.598801487E0
4.646664377E2,1.116064776E0,-4.867707628E-1,4.681093740E-1,1.304481792E0
4.646764267E2,8.588133073E-1,-2.983161718E-1,2.672446525E-1,9.476141300E-1
4.646864157E2,5.616145384E-1,-2.018154788E-1,1.178798676E-2,5.968913920E-1
4.646964047E2,3.265804428E-1,-9.494650304E-2,-2.836028230E-1,4.428320057E-1
4.647063937E2,5.024015397E-2,5.551112652E-2,-6.971307778E-1,7.011397005E-1
4.647163827E2,-2.450445288E-1,1.619573486E-1,-1.048549608E0,1.088913809E0
4.647263717E2,-5.715518814E-1,3.061625504E-1,-1.312048534E0,1.463515773E0
4.647363617E2,-8.700844002E-1,4.509817100E-1,-1.523209033E0,1.811241874E0
4.647463507E2,-1.182088611E0,5.746362877E-1,-1.656900941E0,2.114913964E0
4.647563397E2,-1.535629396E0,6.138401145E-1,-1.708806674E0,2.378019676E0
4.647663287E2,-1.863674274E0,5.673804778E-1,-1.679118022E0,2.571894192E0
4.647763177E2,-2.140412174E0,4.932687736E-1,-1.625490868E0,2.732562702E0
4.647863067E2,-2.299564905E0,4.203352833E-1,-1.585101811E0,2.824398742E0
4.647962957E2,-2.379977569E0,3.959646732E-1,-1.553550235E0,2.869599203E0
4.648062847E2,-2.322001841E0,4.084543258E-1,-1.528296111E0,2.809664836E0
4.648162737E2,-2.249375330E0,4.223017019E-1,-1.517881050E0,2.746268556E0
4.648262627E2,-2.137628022E0,4.392071718E-1,-1.492320532E0,2.643743003E0
4.648362517E2,-1.965840919E0,4.416437066E-1,-1.440527065E0,2.476832232E0
4.648462407E2,-1.756688354E0,3.523391819E-1,-1.339109448E0,2.236808214E0
4.648562307E2,-1.553929135E0,2.198833752E-1,-1.222682029E0,1.989471236E0
4.648662197E2,-1.344366095E0,1.374446511E-1,-1.105367002E0,1.745865814E0
4.648762087E2,-1.114640687E0,1.101089180E-1,-9.843740773E-1,1.491153969E0
4.648861977E2,-8.677785507E-1,9.098676860E-2,-8.998408806E-1,1.253408080E0
4.648961867E2,-6.680616376E-1,5.846280098E-2,-8.070093155E-1,1.049279889E0
4.649061757E2,-5.354967803E-1,2.189782262E-2,-6.942714894E-1,8.770685363E-1
4.649161647E2,-4.651582843E-1,-7.085071206E-2,-6.047248900E-1,7.662142295E-1
4.649261537E2,-3.998855236E-1,-1.140014094E-1,-5.300360290E-1,6.736786663E-1
4.649361427E2,-3.106040955E-1,-1.517200434E-1,-4.570955221E-1,5.730882934E-1
4.649461317E2,-2.290333906E-1,-1.789803475E-1,-4.151663081E-1,5.068069871E-1
4.649561207E2,-1.891787687E-1,-1.733787149E-1,-3.871780622E-1,4.644950346E-1
4.649661097E2,-2.056582689E-1,-1.806970900E-1,-3.594084291E-1,4.517977211E-1
4.649760997E2,-2.643587592E-1,-1.363594079E-1,-3.801333368E-1,4.826808422E-1
4.649860887E2,-3.409341878E-1,-2.764446616E-2,-4.202464056E-1,5.418554958E-1
4.649960777E2,-4.140840250E-1,1.002920276E-1,-4.910433233E-1,6.501135408E-1
4.650060667E2,-4.777844694E-1,1.249824804E-1,-5.254366457E-1,7.210979742E-1
4.650160557E2,-5.630997312E-1,1.221828336E-1,-5.694977546E-1,8.101466809E-1
4.650260447E2,-6.374567261E-1,2.476646662E-2,-5.935333192E-1,8.713473800E-1
4.650360337E2,-6.881620261E-1,-5.502522290E-2,-6.282727969E-1,9.334460116E-1
4.650460227E2,-6.778370127E-1,-4.916338921E-2,-6.233377469E-1,9.221876172E-1
4.650560117E2,-6.466812935E-1,-3.716431797E-2,-6.503518832E-1,9.178973003E-1
4.650660007E2,-5.942025331E-1,3.014239669E-2,-6.605295467E-1,8.889794691E-1
4.650759897E2,-5.058589983E-1,9.510613203E-2,-6.919425434E-1,8.623937534E-1
4.650859787E2,-4.034958869E-1,1.432696474E-1,-7.547539186E-1,8.677491575E-1
4.650959687E2,-2.865954280E-1,1.387696302E-1,-8.255297863E-1,8.848126230E-1
4.651059577E2,-1.951461446E-1,8.256093085E-2,-8.695681641E-1,8.950123559E-1
4.651159467E2,-1.453948179E-1,-1.794568956E-2,-9.036585277E-1,9.154564083E-1
4.651259357E2,-1.045318437E-1,-1.188247776E-1,-9.039058650E-1,9.176557344E-1
4.651359247E2,-7.005695254E-2,-1.802725822E-1,-8.683869535E-1,8.896640273E-1
4.651459137E2,2.843208611E-3,-1.393759865E-1,-8.487723955E-1,8.601443651E-1
4.651559027E2,1.186402979E-1,-1.060848641E-1,-8.276481595E-1,8.428113636E-1
4.651658917E2,2.397475362E-1,-7.399300575E-2,-7.947430996E-1,8.334089274E-1
4.651758807E2,3.209150755E-1,1.060217142E-2,-7.802138650E-1,8.437017050E-1
4.651858697E2,3.699983579E-1,1.141306329E-1,-7.358680699E-1,8.315205364E-1
4.651958587E2,4.058783349E-1,1.874535477E-1,-6.768310723E-1,8.111574174E-1
4.652058477E2,4.274402350E-1,2.025229919E-1,-6.265427519E-1,7.850328253E-1
4.652158373E2,4.378488636E-1,1.279324007E-1,-6.242855805E-1,7.731822635E-1
4.652258263E2,4.123421395E-1,4.185086131E-2,-5.865073780E-1,7.181702020E-1
4.652358153E2,3.876797533E-1,5.669460297E-3,-6.065106297E-1,7.198492049E-1
4.652458043E2,4.381485334E-1,5.957026362E-2,-6.711112529E-1,8.036871701E-1
4.652557933E2,5.111065820E-1,1.099598140E-1,-6.510811771E-1,8.350016755E-1
4.652657823E2,5.465290144E-1,1.268302006E-1,-5.597206984E-1,7.925068603E-1
4.652757713E2,5.778212661E-1,1.412593746E-1,-4.480645341E-1,7.447103149E-1
4.652857603E2,6.230579576E-1,1.075577778E-1,-3.709491882E-1,7.330574291E-1
4.652957493E2,6.456472135E-1,5.984098971E-2,-3.184405339E-1,7.223888440E-1
4.653057383E2,7.035355255E-1,-3.790399075E-2,-1.943305311E-1,7.308647642E-1
4.653157273E2,7.305318278E-1,-9.615395308E-2,-1.214903770E-1,7.467812570E-1
4.653257173E2,7.846975100E-1,-1.633302748E-2,-4.195260286E-2,7.859878949E-1
4.653357063E2,7.914595225E-1,1.680980945E-1,-3.736034587E-2,8.099758889E-1
4.653456953E2,8.903786239E-1,2.564828521E-1,-6.931245580E-2,9.291726233E-1
4.653556843E2,8.750884473E-1,1.869202816E-1,1.126185429E-1,9.018879745E-1
4.653656733E2,8.096329612E-1,8.438350797E-2,2.356579936E-1,8.474436843E-1
4.653756623E2,6.706154090E-1,-1.422873151E-1,4.686841553E-1,8.304429808E-1
4.653856513E2,6.503486672E-1,-2.108190215E-1,7.538120784E-1,1.017659422E0
4.653956403E2,7.256280604E-1,-2.060646504E-1,8.226604114E-1,1.116140168E0
4.654056293E2,7.802337456E-1,-1.628695142E-1,8.130518281E-1,1.138571233E0
4.654156183E2,8.818580613E-1,-1.718350500E-1,8.685493599E-1,1.249631512E0
4.654256073E2,7.980206832E-1,-2.440692133E-1,9.469681232E-1,1.262202606E0
4.654355963E2,7.422306445E-1,-2.415666050E-1,1.132804916E0,1.375684459E0
4.654455863E2,8.310928273E-1,-1.541238338E-1,1.242336714E0,1.502621028E0
4.654555753E2,1.002438173E0,-4.815474451E-2,1.320897418E0,1.658906615E0
4.654655643E2,1.196729747E0,-3.458101809E-2,1.382988124E0,1.829211329E0
4.654755533E2,1.396032970E0,-6.772420585E-2,1.412712883E0,1.987272581E0
4.654855423E2,1.523753116E0,-1.286077541E-1,1.433223892E0,2.095827817E0
4.654955313E2,1.614109848E0,-1.867232305E-1,1.411967948E0,2.152642481E0
4.655055203E2,1.661232851E0,-1.715286559E-1,1.369199074E0,2.159588565E0
4.655155093E2,1.564471080E0,-1.450740981E-1,1.362539680E0,2.079694841E0
4.655254983E2,1.360830685E0,-1.374680400E-1,1.401351305E0,1.958198941E0
4.655354873E2,1.139507725E0,-5.421538353E-2,1.429064037E0,1.828562601E0
4.655454763E2,9.404340059E-1,-3.479678035E-3,1.495488992E0,1.766611319E0
4.655554653E2,8.731968731E-1,5.921475291E-2,1.482710633E0,1.721746203E0
4.655654553E2,8.269252244E-1,1.255876672E-1,1.408562237E0,1.638177391E0
4.655754443E2,8.336425057E-1,1.132517964E-1,1.344254267E0,1.585813776E0
4.655854333E2,8.184873998E-1,8.370640039E-2,1.247533280E0,1.494412149E0
4.655954223E2,7.941489494E-1,-1.372926235E-3,1.156053007E0,1.402545184E0
4.656054113E2,7.888329533E-1,-5.758454919E-2,1.050760002E0,1.315169187E0
4.656154003E2,7.537467358E-1,-7.655584037E-2,9.663580750E-1,1.227942534E0
4.656253893E2,6.984791458E-1,-8.528807223E-2,8.833376992E-1,1.129350549E0
4.656353783E2,6.767473841E-1,-1.029677135E-1,8.906882340E-1,1.123349857E0
4.656453673E2,7.018480191E-1,-9.583878815E-2,9.665557109E-1,1.198334535E0
4.656553563E2,7.945328191E-1,-1.130097216E-1,1.061093201E0,1.330403089E0
4.656653453E2,9.160449770E-1,-1.192586410E-1,1.120594760E0,1.452271889E0
4.656753343E2,1.062178883E0,-1.325382525E-1,1.168721730E0,1.584834645E0
4.656853243E2,1.233876816E0,-2.030240983E-1,1.184393730E0,1.722341223E0
4.656953133E2,1.452836331E0,-2.080363315E-1,1.119489198E0,1.845878811E0
4.657053023E2,1.689349480E0,-2.396235752E-1,1.045138342E0,2.000908613E0
4.657152913E2,1.940564575E0,-2.340149260E-1,8.903450024E-1,2.147851969E0
4.657252803E2,2.143489563E0,-1.962091684E-1,7.978667553E-1,2.295568972E0
4.657352693E2,2.285713436E0,-1.830301291E-1,7.210499829E-1,2.403726070E0
4.657452583E2,2.317008611E0,-1.428585881E-1,6.587543321E-1,2.413067498E0
4.657552473E2,2.377120327E0,-6.608932436E-2,4.037436627E-1,2.412069193E0
4.657652363E2,2.239998150E0,-1.195241046E-1,1.650234823E-1,2.249246646E0
4.657752253E2,2.165104673E0,-1.918933386E-1,-1.250520623E-1,2.177186101E0
4.657852143E2,1.812957864E0,-2.391832799E-1,-4.787261635E-1,1.890291935E0
4.657952043E2,1.338092179E0,-3.319949645E-1,-6.024023759E-1,1.504526490E0
4.658051933E2,7.593929534E-1,-4.260538602E-1,-4.696526004E-1,9.893296288E-1
4.658151823E2,1.902429619E-1,-4.653342855E-1,-3.968822475E-1,6.405028495E-1
4.658251713E2,-1.538171473E-1,-3.486577749E-1,-4.319556011E-1,5.760274300E-1
4.658351603E2,-1.873952217E-1,-1.693336111E-1,-5.434807147E-1,5.993013668E-1
4.658451493E2,-7.364524260E-2,-9.389634311E-2,-6.694197996E-1,6.799728032E-1
4.658551383E2,1.834680855E-1,-1.241340494E-1,-8.514662808E-1,8.798094271E-1
4.658651273E2,3.594064191E-1,-2.122510046E-1,-1.070941667E0,1.149408333E0
4.658751163E2,3.853759503E-1,-2.868813568E-1,-1.233570275E0,1.323824445E0
4.658851053E2,3.797637928E-1,-2.871357107E-1,-1.460180580E0,1.535836834E0
4.658950943E2,3.532820454E-1,-2.655501294E-1,-1.747965624E0,1.802972240E0
4.659050833E2,1.416558158E-1,-2.609214735E-1,-1.859291786E0,1.882846869E0
4.659150733E2,-2.742437696E-1,-2.114493513E-1,-1.822491750E0,1.855100173E0
4.659250623E2,-7.560498078E-1,-5.692147493E-2,-1.483079007E0,1.665645433E0
4.659350513E2,-1.065886456E0,6.601038694E-2,-1.065270452E0,1.508400625E0
4.659450403E2,-1.083947628E0,1.520609361E-1,-9.499269605E-1,1.449284727E0
4.659550293E2,-1.070626502E0,6.243422985E-2,-1.169781830E0,1.586987294E0
4.659650183E2,-1.271889419E0,-5.599469125E-2,-1.376614951E0,1.875075151E0
4.659750073E2,-1.506840045E0,-8.052960813E-2,-1.416606106E0,2.069740273E0
4.659849963E2,-1.611999003E0,-7.267679751E-2,-1.197424981E0,2.009390277E0
4.659949853E2,-1.519781834E0,-2.111546516E-2,-8.481146568E-1,1.740540478E0
4.660049743E2,-1.307657860E0,9.552011490E-3,-6.092196447E-1,1.442639558E0
4.660149633E2,-9.836813284E-1,-9.944593549E-2,-5.358664705E-1,1.124576064E0
4.660249523E2,-6.793429631E-1,-2.790414101E-1,-5.196408856E-1,8.996652822E-1
4.660349423E2,-3.742000209E-1,-4.203189111E-1,-5.128698099E-1,7.613994251E-1
4.660449313E2,-1.131867461E-1,-4.496298337E-1,-4.867194535E-1,6.722157788E-1
4.660549203E2,5.246911258E-2,-4.268327093E-1,-5.114816809E-1,6.682459722E-1
4.660649093E2,1.792724159E-1,-3.604551172E-1,-5.895269533E-1,7.138686989E-1
4.660748983E2,3.396808371E-1,-2.698197663E-1,-7.382655014E-1,8.562836726E-1
4.660848873E2,4.912267797E-1,-2.167247093E-1,-8.903052413E-1,1.039671473E0
4.660948763E2,5.548298679E-1,-2.331027603E-1,-9.178579062E-1,1.097559208E0
4.661048653E2,5.188520962E-1,-2.195325422E-1,-8.506314446E-1,1.020282260E0
4.661148543E2,4.121202376E-1,-1.445355695E-1,-7.985865475E-1,9.102055235E-1
4.661248433E2,2.669549230E-1,-5.561228335E-2,-7.322697665E-1,7.813940541E-1
4.661348323E2,1.784431346E-1,-1.476538897E-2,-6.712188417E-1,6.946903644E-1
4.661448213E2,1.609200525E-1,-3.904829085E-2,-5.934128666E-1,6.160834867E-1
4.661548113E2,1.124112591E-1,-1.000563848E-1,-4.648086208E-1,4.885638395E-1
4.661648003E2,7.612855509E-2,-1.636705828E-1,-3.951310064E-1,4.344100929E-1
4.661747893E2,4.334540963E-2,-1.729851973E-1,-3.705035573E-1,4.111880215E-1
4.661847783E2,3.975390360E-2,-1.164835525E-1,-3.817742117E-1,4.011238456E-1
4.661947673E2,6.683557525E-2,-7.445785940E-2,-3.708378719E-1,3.840985475E-1
4.662047563E2,1.411064699E-1,-3.717074990E-2,-3.812899160E-1,4.082581298E-1
4.662147453E2,2.980588943E-1,-2.543129504E-2,-3.996010566E-1,4.991661644E-1
4.662247342E2,4.897554740E-1,-5.797982097E-2,-4.859514217E-1,6.923661374E-1
4.662347233E2,5.725280741E-1,-1.630338210E-1,-5.130013722E-1,7.858363890E-1
4.662447123E2,5.326488939E-1,-2.594608390E-1,-3.680547434E-1,6.974948497E-1
4.662547013E2,5.524116057E-1,-2.674487203E-1,-2.249342000E-1,6.536687192E-1
4.662646903E2,5.788034521E-1,-2.229326981E-1,-2.034027055E-1,6.527519320E-1
4.662746803E2,6.171632333E-1,-2.085941559E-1,-3.049393129E-1,7.192982434E-1
4.662846693E2,6.149566403E-1,-2.416361868E-1,-4.504040051E-1,7.996395963E-1
4.662946583E2,5.753952563E-1,-2.991885763E-1,-5.496020186E-1,8.500916915E-1
4.663046473E2,5.274982278E-1,-2.977425599E-1,-5.484809612E-1,8.171513795E-1
4.663146363E2,4.591184029E-1,-2.567331129E-1,-4.548706931E-1,6.954199786E-1
4.663246252E2,4.390114363E-1,-2.119317466E-1,-3.340580083E-1,5.909660391E-1
4.663346143E2,5.241793482E-1,-1.906098747E-1,-2.886619802E-1,6.280301364E-1
4.663446033E2,6.717339814E-1,-2.359193641E-1,-3.185223949E-1,7.799621812E-1
4.663545923E2,8.400020836E-1,-2.500246024E-1,-3.965583117E-1,9.619637711E-1
4.663645813E2,1.036398802E0,-2.684170192E-1,-4.904260035E-1,1.177577104E0
4.663745703E2,1.211787204E0,-3.552089953E-1,-5.689301361E-1,1.385020996E0
4.663845592E2,1.249261717E0,-4.187284684E-1,-6.505389941E-1,1.469418031E0
4.663945493E2,1.203068129E0,-4.171479660E-1,-6.396438771E-1,1.424966539E0
4.664045383E2,1.163814308E0,-4.344539702E-1,-6.067363322E-1,1.382513281E0
4.664145272E2,1.015410513E0,-4.155768192E-1,-5.640247607E-1,1.233647654E0
4.664245163E2,8.614468932E-1,-3.651983786E-1,-4.728995593E-1,1.048377126E0
4.664345053E2,7.507453600E-1,-3.007579690E-1,-4.223094495E-1,9.123701127E-1
4.664444943E2,6.728201017E-1,-2.091285914E-1,-4.604525913E-1,8.416877365E-1
4.664544833E2,5.662619054E-1,-1.798509979E-1,-5.219710010E-1,7.908556461E-1
4.664644723E2,4.120872009E-1,-1.615702629E-1,-5.398991489E-1,6.981489111E-1
4.664744613E2,2.572479603E-1,-1.388403815E-1,-5.529524732E-1,6.254675069E-1
4.664844502E2,5.164962530E-2,-7.209675372E-2,-5.158249927E-1,5.233937798E-1
4.664944393E2,-6.927810341E-2,-1.603306532E-3,-5.125030433E-1,5.171667000E-1
4.665044293E2,-4.534281850E-2,3.337707639E-2,-4.844657904E-1,4.877264628E-1
4.665144182E2,-3.839398742E-2,9.376595020E-3,-4.549901225E-1,4.567034381E-1
4.665244073E2,-1.237498873E-1,-6.736284792E-2,-3.898461467E-1,4.145260016E-1
4.665343963E2,-7.907452852E-2,-1.085605752E-1,-2.317824590E-1,2.678829742E-1
4.665443853E2,-1.147770426E-1,-8.345029235E-2,-7.414094031E-2,1.601080879E-1
4.665543743E2,-2.012120461E-1,2.949920297E-3,1.635426749E-1,2.593090744E-1
4.665643633E2,-3.511557055E-1,1.128723121E-1,3.992958319E-1,5.435877571E-1
4.665743522E2,-4.793714038E-1,2.224134654E-1,4.886055460E-1,7.197222186E-1
4.665843413E2,-5.725500011E-1,3.957541734E-1,4.857545167E-1,8.487592828E-1
4.665943303E2,-6.225527582E-1,4.901796895E-1,4.592344701E-1,9.158298768E-1
4.666043193E2,-6.465851068E-1,4.687005275E-1,4.526709706E-1,9.179670433E-1
4.666143083E2,-6.754463786E-1,3.799567509E-1,4.173186316E-1,8.801987180E-1
4.666242983E2,-5.384119096E-1,2.599941051E-1,2.146536255E-1,6.352641168E-1
4.666342873E2,-3.406962061E-1,1.384187973E-1,5.137173638E-2,3.713121646E-1
4.666442763E2,-2.991941312E-1,6.782243907E-2,2.458739564E-2,3.077686654E-1
4.666542653E2,-2.887819943E-1,-1.005656773E-1,7.967196777E-2,3.160001869E-1
4.666642543E2,-3.524701595E-1,-2.722025067E-1,1.989481504E-1,4.877599661E-1
4.666742432E2,-4.764831716E-1,-3.290175623E-1,1.571404123E-1,5.999848984E-1
4.666842323E2,-5.393927801E-1,-3.077594250E-1,3.492239316E-1,7.124730095E-1
4.666942213E2,-5.077584663E-1,-1.299841887E-1,5.923587598E-1,7.909509781E-1
4.667042103E2,-5.065369830E-1,3.534174085E-2,6.612019765E-1,8.336766804E-1
4.667141993E2,-3.168038982E-1,5.937087357E-2,6.379383905E-1,7.147412124E-1
4.667241883E2,-3.047355375E-1,9.367999613E-2,4.627327131E-1,5.619263770E-1
4.667341783E2,-2.036772323E-1,8.350233257E-2,5.175801806E-1,5.624467067E-1
4.667441673E2,-1.988217044E-1,-7.609917283E-2,3.557757367E-1,4.146052690E-1
4.667541563E2,-3.842515308E-1,-2.258440268E-1,2.139958137E-1,4.944178108E-1
4.667641452E2,-6.114143971E-1,-2.708605707E-1,2.407408319E-1,7.107384623E-1
4.667741343E2,-7.774472550E-1,-2.789940476E-1,3.539432193E-1,8.986310229E-1
4.667841233E2,-8.444145387E-1,-1.280867672E-1,4.426329093E-1,9.619594719E-1
4.667941123E2,-6.940077800E-1,1.310308403E-1,2.203612389E-1,7.398479272E-1
4.668041013E2,-5.345001224E-1,4.077953446E-1,-3.323161228E-1,7.499476177E-1
4.668140903E2,-7.717462197E-1,5.997126567E-1,-6.367062360E-1,1.166465743E0
4.668240792E2,-1.270697610E0,5.497452754E-1,-3.054108909E-1,1.417803969E0
4.668340683E2,-1.793334024E0,4.764276230E-1,-4.161112547E-2,1.856006920E0
4.668440573E2,-2.416748369E0,6.855299020E-1,8.142584011E-2,2.513414827E0
4.668540473E2,-2.857057449E0,8.553938556E-1,-1.738377213E-3,2.982361302E0
4.668640362E2,-2.963702184E0,8.525544477E-1,-3.173166990E-2,3.084053602E0
4.668740253E2,-2.914237663E0,6.525825959E-1,2.306366971E-1,2.995302737E0
4.668840143E2,-2.603958673E0,3.988643074E-1,5.070263949E-1,2.682679495E0
4.668940033E2,-2.015796606E0,1.770133442E-1,6.589402735E-1,2.128138145E0
4.669039923E2,-1.310062820E0,1.472089165E-1,5.215640348E-1,1.417732027E0
4.669139813E2,-6.506459981E-1,2.839992642E-1,2.882773796E-1,7.662242782E-1
4.669239702E2,-2.787513882E-2,4.629351729E-1,-1.247292960E-1,4.802534695E-1
4.669339593E2,5.089553913E-1,5.423497170E-1,-3.593862462E-1,8.260370935E-1
4.669439483E2,7.805810702E-1,5.522209865E-1,-2.014292702E-1,9.771533022E-1
4.669539373E2,7.160716635E-1,4.458741671E-1,1.030197537E-1,8.498090784E-1
4.669639273E2,6.292071819E-1,2.705126613E-1,3.235188407E-1,7.574583936E-1
4.669739163E2,5.124160659E-1,2.296377003E-1,5.213792628E-1,7.662506337E-1
4.669839053E2,3.224669266E-1,2.344137061E-1,6.779694521E-1,7.864968419E-1
4.669938943E2,1.702516240E-1,4.757411599E-2,8.888329124E-1,9.062410597E-1
4.670038833E2,3.163931313E-1,-2.065528929E-1,7.952353621E-1,8.804362511E-1
4.670138722E2,6.708767796E-1,-2.962830949E-1,4.399436286E-1,8.552249540E-1
4.670238613E2,9.409830594E-1,-2.796062511E-1,6.377587348E-2,9.837154750E-1
4.670338503E2,9.496489254E-1,-1.211852986E-1,-1.984217548E-1,9.776963490E-1
4.670438393E2,6.247165203E-1,3.659596860E-2,-1.839127663E-1,6.522529427E-1
4.670538283E2,6.169397235E-3,2.738350493E-1,-4.979518086E-2,2.783940655E-1
4.670638173E2,-6.469312620E-1,5.824633706E-1,1.165133733E-1,8.782704606E-1
4.670738063E2,-1.048304025E0,7.046228153E-1,2.517585942E-1,1.287950710E0
4.670837963E2,-1.278348107E0,6.156287777E-1,2.717095864E-1,1.444644861E0
4.670937853E2,-1.233719526E0,5.824651247E-1,4.254697233E-2,1.364968767E0
4.671037743E2,-1.075733021E0,6.017393017E-1,-2.681085786E-1,1.261417429E0
4.671137632E2,-9.882332397E-1,6.356619233E-1,-3.469576970E-1,1.225173727E0
4.671237523E2,-9.925470230E-1,5.572121698E-1,-2.568456718E-1,1.166878183E0
4.671337413E2,-1.047592126E0,3.963312936E-1,-1.207192755E-1,1.126543786E0
4.671437303E2,-1.021927820E0,2.758307040E-1,-7.486833394E-2,1.061142928E0
4.671537193E2,-9.769381732E-1,1.669701666E-1,-9.652846724E-2,9.957936411E-1
4.671637083E2,-9.094420087E-1,5.351605654E-2,-1.075595319E-1,9.173427868E-1
4.671736972E2,-7.511037943E-1,-8.599207699E-2,-7.233765900E-2,7.594631551E-1
4.671836863E2,-4.959696025E-1,-2.083947659E-1,-5.680248410E-2,5.409627965E-1
4.671936763E2,-2.222523746E-1,-2.632194293E-1,-2.304183036E-2,3.452702013E-1
4.672036652E2,-4.468442202E-3,-2.953756070E-1,-3.341157496E-2,2.972928683E-1
4.672136539E2,1.341664097E-1,-3.112987447E-1,2.224660903E-2,3.397093545E-1
4.672236429E2,1.401501578E-1,-2.770071638E-1,1.573275232E-1,3.480330230E-1
4.672336319E2,1.118563583E-1,-2.298148710E-1,2.171942407E-1,3.354102831E-1
4.672436209E2,5.458083451E-2,-1.942877734E-1,1.695382637E-1,2.635716776E-1
4.672536099E2,-2.931940109E-2,-1.187633818E-1,1.074817640E-1,1.628394846E-1
4.672635989E2,-1.373414478E-1,-2.357304990E-2,6.336919963E-2,1.530817344E-1
4.672735879E2,-2.428807667E-1,1.130465591E-1,-1.567316920E-2,2.683584163E-1
4.672835769E2,-3.432441303E-1,2.025498891E-1,-1.037828153E-1,4.118420369E-1
4.672935659E2,-4.130864900E-1,2.616061825E-1,-1.661524335E-1,5.164154085E-1
4.673035549E2,-4.349647245E-1,2.883373135E-1,-1.759324864E-1,5.507131356E-1
4.673135449E2,-4.727427077E-1,2.439984620E-1,-1.579423580E-1,5.549474800E-1
4.673235339E2,-5.105212757E-1,1.903239459E-1,-1.118297535E-1,5.562023652E-1
4.673335229E2,-6.078347316E-1,1.344947308E-1,-8.716152012E-3,6.225976750E-1
4.673435119E2,-6.738439491E-1,8.316260934E-2,5.575261652E-2,6.812415443E-1
4.673535009E2,-6.675807041E-1,6.801539719E-2,1.828596827E-1,6.955053949E-1
4.673634899E2,-6.429893616E-1,8.348537564E-2,2.848050106E-1,7.081800767E-1
4.673734789E2,-4.765811124E-1,1.852742904E-1,3.181221530E-1,6.022107801E-1
4.673834679E2,-2.006170920E-1,3.271493769E-1,2.725521702E-1,4.707001358E-1
4.673934569E2,1.029551420E-1,3.773605871E-1,1.975008184E-1,4.381864298E-1
4.674034459E2,3.402050400E-1,3.561942512E-1,2.270020679E-1,5.423502121E-1
4.674134349E2,4.714557356E-1,2.543778545E-1,3.288778138E-1,6.286010021E-1
4.674234249E2,6.327196044E-1,7.140912116E-2,4.483095324E-1,7.787263943E-1
4.674334139E2,7.766613892E-1,-9.854487956E-2,4.649176714E-1,9.105286640E-1
4.674434029E2,8.972640127E-1,-2.031211621E-1,3.926867241E-1,1.000271852E0
4.674533919E2,9.426895693E-1,-2.984056342E-1,2.815890419E-1,1.028105994E0
4.674633809E2,9.579689285E-1,-3.664871049E-1,1.512151363E-1,1.036765780E0
4.674733699E2,9.802003348E-1,-3.362874055E-1,6.106598139E-2,1.038080425E0
4.674833589E2,1.072331988E0,-1.952437931E-1,3.783148527E-3,1.089968047E0
4.674933479E2,1.212222822E0,-5.447850823E-2,-4.690636396E-2,1.214352620E0
4.675033369E2,1.426999824E0,2.780292571E-2,-1.284960723E-1,1.433043175E0
4.675133259E2,1.602587032E0,7.750835180E-2,-2.526049787E-1,1.624223511E0
4.675233149E2,1.677512084E0,7.644942105E-2,-3.443366826E-1,1.714193413E0
4.675333049E2,1.636747928E0,1.913969100E-2,-3.278905115E-1,1.669377816E0
4.675432939E2,1.515762604E0,-4.525686443E-2,-2.407520878E-1,1.535430240E0
4.675532829E2,1.312920939E0,-1.252257246E-1,-1.322318584E-1,1.325491659E0
4.675632719E2,1.139332309E0,-1.722437704E-1,-4.928705782E-2,1.153332233E0
4.675732609E2,9.822831130E-1,-2.382564962E-1,8.237762064E-2,1.014116534E0
4.675832499E2,8.002426252E-1,-2.686620176E-1,1.577412137E-1,8.587489909E-1
4.675932389E2,6.693100181E-1,-2.161867654E-1,1.369239566E-1,7.165617823E-1
4.676032279E2,5.447532150E-1,-1.358571321E-1,5.979333490E-2,5.646135568E-1
4.676132169E2,4.058637169E-1,9.143291116E-3,-2.366075814E-2,4.066556134E-1
4.676232059E2,2.531683579E-1,1.400846690E-1,-1.130673167E-1,3.106479519E-1
4.676331949E2,4.245312452E-2,1.739511573E-1,-1.558519784E-1,2.373838918E-1
4.676431839E2,-2.238872561E-1,1.306618810E-1,-1.626938054E-1,3.060511475E-1
4.676531739E2,-4.406520188E-1,8.011328638E-2,-1.769887859E-1,4.815780006E-1
4.676631629E2,-6.449195275E-1,5.322720408E-2,-1.745276928E-1,6.702344722E-1
4.676731519E2,-7.939486822E-1,2.721177220E-2,-7.940518856E-2,7.983734556E-1
4.676831409E2,-8.290080026E-1,3.168664634E-2,6.327125877E-2,8.320225743E-1
4.676931299E2,-7.691936177E-1,5.417679191E-2,1.426665071E-1,7.841859974E-1
4.677031189E2,-6.315834904E-1,1.213408345E-1,1.656712076E-1,6.641296955E-1
4.677131079E2,-4.264926937E-1,1.445998889E-1,1.623008725E-1,4.786927187E-1
4.677230969E2,-1.757889372E-1,1.333422446E-1,1.422947703E-1,2.625446749E-1
4.677330859E2,3.708655000E-2,9.480383098E-2,9.806526169E-2,1.413505363E-1
4.677430749E2,1.749346590E-1,4.398451030E-2,4.262737155E-2,1.853479562E-1
4.677530639E2,3.129026359E-1,2.466881812E-2,-1.087582111E-4,3.138735764E-1
4.677630539E2,4.242304060E-1,3.377702594E-2,1.005808800E-2,4.256917781E-1
4.677730429E2,4.706657767E-1,-9.226906300E-4,1.642200749E-1,4.984930869E-1
4.677830319E2,5.163842788E-1,-9.046168864E-2,2.806727833E-1,5.946538924E-1
4.677930209E2,6.316317299E-1,-1.766420460E-1,3.533049957E-1,7.449734724E-1
4.678030099E2,7.318834117E-1,-2.104605871E-1,3.901162881E-1,8.556504574E-1
4.678129989E2,8.135029408E-1,-1.538583702E-1,4.299602388E-1,9.329122358E-1
4.678229879E2,8.290658900E-1,-8.229663670E-2,4.488080075E-1,9.463358886E-1
4.678329769E2,7.986422423E-1,-5.387682974E-2,4.194798356E-1,9.037120539E-1
4.678429659E2,7.740783817E-1,-1.104012787E-1,4.271905589E-1,8.909980679E-1
4.678529549E2,6.948372075E-1,-2.106389272E-1,4.235278630E-1,8.405613323E-1
4.678629439E2,6.580877495E-1,-2.581791294E-1,3.456277478E-1,7.868891211E-1
4.678729339E2,6.134416267E-1,-2.527529132E-1,2.424822789E-1,7.063938846E-1
4.678829229E2,5.332783467E-1,-1.997449797E-1,1.439888549E-1,5.873811729E-1
4.678929119E2,4.641905701E-1,-1.359653056E-1,1.039208096E-1,4.947312244E-1
4.679029009E2,3.412917450E-1,-4.325068474E-2,7.529737338E-2,3.521652615E-1
4.679128899E2,1.780994645E-1,4.275776446E-2,5.612420708E-2,1.915661042E-1
4.679228789E2,-1.743639708E-3,9.025645137E-2,4.866608351E-2,1.025556189E-1
4.679328679E2,-1.378106868E-1,8.959863961E-2,3.396209031E-2,1.678485186E-1
4.679428569E2,-2.559250277E-1,7.839888275E-2,9.677726626E-3,2.678388751E-1
4.679528459E2,-3.204636705E-1,6.100107729E-2,1.720075428E-2,3.266710295E-1
4.679628349E2,-3.278910962E-1,9.193050921E-2,-8.918319494E-3,3.406513260E-1
4.679728239E2,-3.317818335E-1,1.426837564E-1,-1.526415646E-2,3.614842096E-1
4.679828139E2,-3.368320736E-1,1.670070040E-1,8.576111197E-3,3.760594832E-1
4.679928029E2,-2.862595055E-1,1.594032848E-1,9.251318425E-3,3.277796494E-1
4.680027919E2,-2.450287414E-1,9.208487570E-2,2.963193476E-2,2.634326479E-1
4.680127809E2,-1.553344998E-1,4.607138157E-2,5.381177947E-2,1.707251787E-1
4.680227699E2,-7.997704625E-2,-3.820570707E-3,1.099177140E-1,1.359883397E-1
4.680327589E2,-4.207685620E-2,-3.427053094E-2,1.557375191E-1,1.649215146E-1
4.680427479E2,2.441972673E-2,-4.206896245E-2,2.179122788E-1,2.232753499E-1
4.680527369E2,9.070961058E-2,-6.500057280E-2,2.347152762E-1,2.598933797E-1
4.680627259E2,1.673794717E-1,-7.322877467E-2,2.314626163E-1,2.948784219E-1
4.680727149E2,2.611995086E-1,-2.883320510E-2,1.938572721E-1,3.265534856E-1
4.680827039E2,3.574151498E-1,-8.315910101E-3,1.643558764E-1,3.934813818E-1
4.680926939E2,4.153952631E-1,6.262835741E-2,1.538928688E-1,4.473908256E-1
4.681026829E2,4.240362784E-1,1.391771811E-1,1.655121633E-1,4.759950939E-1
4.681126719E2,3.374776062E-1,1.667076266E-1,2.150253622E-1,4.334956446E-1
4.681226609E2,3.043224317E-1,1.792668611E-1,2.303282565E-1,4.216632017E-1
4.681326499E2,2.221596962E-1,2.309299350E-1,1.923400658E-1,3.737355568E-1
4.681426389E2,1.774787825E-1,1.905385387E-1,1.736997271E-1,3.130099809E-1
4.681526279E2,9.944535077E-2,8.549974144E-2,1.657720721E-1,2.113763550E-1
4.681626169E2,-4.122257799E-2,4.142869234E-2,2.049807228E-1,2.131495583E-1
4.681726059E2,-8.043985337E-2,6.546542645E-3,1.496220624E-1,1.700005553E-1
4.681825949E2,-2.819644332E-2,6.923629582E-2,1.238557220E-1,1.446683930E-1
4.681925839E2,-3.164249986E-2,1.015719831E-1,1.449853666E-1,1.798301201E-1
4.682025739E2,-8.048926234E-2,5.212968171E-2,1.310494052E-1,1.623883360E-1
4.682125636E2,-1.278941014E-1,1.995420814E-2,1.221464346E-1,1.779742203E-1
4.682225526E2,-1.499851745E-1,-1.959401965E-3,8.498679444E-2,1.724011226E-1
4.682325416E2,-1.366321805E-1,-5.009368122E-2,5.733545780E-2,1.564131848E-1
4.682425306E2,-1.146013337E-1,-3.263448000E-2,-3.888398409E-4,1.191579883E-1
4.682525196E2,-1.047607622E-1,-3.514527440E-2,-4.100308813E-2,1.178611931E-1
4.682625086E2,-1.077016193E-1,-7.843805909E-2,-7.552789986E-2,1.531555796E-1
4.682724976E2,-2.117805961E-1,-1.264244038E-1,-9.310587265E-2,2.636339399E-1
4.682824866E2,-2.935922062E-1,-1.609984052E-1,-1.191264939E-1,3.553983562E-1
4.682924756E2,-3.535489708E-1,-2.242950994E-1,-1.184862238E-1,4.351369343E-1
4.683024646E2,-3.971396711E-1,-2.911656117E-1,-5.169062890E-2,4.951456886E-1
4.683124546E2,-3.877733088E-1,-3.010900909E-1,-1.019754410E-3,4.909423812E-1
4.683224436E2,-3.340064067E-1,-2.833496386E-1,7.709480748E-3,4.380716077E-1
4.683324326E2,-2.537551260E-1,-2.640567505E-1,-4.242798150E-2,3.686702661E-1
4.683424216E2,-1.428159034E-1,-1.875529504E-1,-9.636269867E-2,2.546728513E-1
4.683524106E2,-3.277627498E-2,-1.520878333E-1,-1.058533875E-1,1.881752717E-1
4.683623996E2,5.412416697E-2,-1.139417678E-1,-1.358876838E-1,1.854120128E-1
4.683723886E2,8.025011122E-2,-7.032914042E-2,-1.805766374E-1,2.097479209E-1
4.683823776E2,9.155745685E-2,-4.417571425E-2,-1.865032290E-1,2.124093126E-1
4.683923666E2,5.995501041E-2,-2.535177290E-2,-1.618427432E-1,1.744430829E-1
4.684023556E2,3.056748927E-2,-2.948750854E-2,-1.322844833E-1,1.389354853E-1
4.684123446E2,1.641342670E-2,2.781462014E-2,-1.335849041E-1,1.374335485E-1
4.684223346E2,1.685956925E-2,9.000911415E-2,-1.420306224E-1,1.689928501E-1
4.684323236E2,4.514342844E-2,1.608925706E-1,-1.440892808E-1,2.206491995E-1
4.684423126E2,7.103314519E-2,1.843510151E-1,-1.547677584E-1,2.509662597E-1
4.684523016E2,1.705808222E-1,2.110230893E-1,-1.352156925E-1,3.031696631E-1
4.684622906E2,2.560943046E-1,2.018575788E-1,-9.014952041E-2,3.383159928E-1
4.684722796E2,3.325741312E-1,1.646564233E-1,-1.841938712E-2,3.715596376E-1
4.684822686E2,4.320908180E-1,1.443689239E-1,1.223599311E-1,4.717168790E-1
4.684922576E2,4.691440389E-1,1.895269704E-1,3.156092390E-1,5.963436873E-1
4.685022466E2,6.823539868E-1,3.288298666E-2,3.345075861E-1,7.606468164E-1
4.685122356E2,9.308711770E-1,4.983172596E-2,3.961582891E-1,1.012889796E0
4.685222256E2,9.521676135E-1,-2.010448158E-2,4.807171404E-1,1.066825348E0
4.685322146E2,8.668327636E-1,-7.322468162E-2,5.621536517E-1,1.035749787E0
4.685422036E2,6.607508639E-1,-7.038702786E-2,6.598349706E-1,9.364444598E-1
4.685521926E2,4.306433398E-1,-1.452202785E-1,7.021073431E-1,8.363595737E-1
4.685621816E2,1.967108595E-1,-2.463952357E-1,6.749763355E-1,7.449824347E-1
4.685721706E2,-4.931424737E-2,-2.773843092E-1,6.262444708E-1,6.866994155E-1
4.685821596E2,-2.669367966E-1,-2.623183733E-1,5.379924450E-1,6.553640616E-1
4.685921486E2,-4.410244864E-1,-1.775740921E-1,4.179841910E-1,6.330449745E-1
4.686021376E2,-5.614961323E-1,-8.791405678E-2,2.447164270E-1,6.187834174E-1
4.686121266E2,-6.531790119E-1,-5.701152205E-2,7.975770257E-2,6.604955915E-1
4.686221156E2,-7.308773983E-1,-7.486774921E-3,-5.081698179E-2,7.326801408E-1
4.686321056E2,-7.194650951E-1,5.748807013E-2,-1.358746737E-1,7.344364018E-1
4.686420946E2,-6.017597669E-1,8.803217053E-2,-1.804620320E-1,6.343745149E-1
4.686520836E2,-3.238348827E-1,5.827510536E-2,-1.753323428E-1,3.728356871E-1
4.686620726E2,-3.039675057E-3,-1.017181635E-2,-1.436181780E-1,1.440100223E-1
4.686720616E2,3.536165062E-1,-4.459203601E-2,-1.037928287E-1,3.712223517E-1
4.686820506E2,6.907710537E-1,-9.874719322E-2,-3.739053212E-2,6.987944682E-1
4.686920396E2,1.002714746E0,-6.116596878E-2,-1.668970764E-2,1.004717216E0
4.687020286E2,1.178076837E0,-7.134304762E-2,-3.404906765E-3,1.180240000E0
4.687120176E2,1.217014615E0,-9.297014415E-2,5.340854086E-2,1.221728486E0
4.687220066E2,1.031822186E0,-8.134821832E-2,1.066743366E-1,1.040506593E0
4.687319956E2,1.086014765E0,-3.838422257E-1,3.646891226E-1,1.208205728E0
4.687419856E2,8.620702064E-1,-4.064399600E-1,3.724693912E-1,1.023275100E0
4.687519746E2,7.401364642E-1,-4.586988652E-1,5.025284243E-1,1.005356380E0
4.687619636E2,6.535965031E-1,-4.638520163E-1,5.481192013E-1,9.709694850E-1
4.687719526E2,5.931687453E-1,-4.065393627E-1,5.557795654E-1,9.088533100E-1
4.687819416E2,4.999612042E-1,-3.342987674E-1,5.160921739E-1,7.925074155E-1
4.687919306E2,4.139363828E-1,-2.193091786E-1,4.090776390E-1,6.219198980E-1
4.688019196E2,3.192579746E-1,-1.142849994E-1,2.774123758E-1,4.381145303E-1
4.688119086E2,1.633676970E-1,8.769069314E-3,1.045201858E-1,1.941400789E-1
4.688218976E2,6.093909681E-2,1.444028378E-2,7.935841084E-3,6.312743373E-2
4.688318866E2,-1.586270669E-1,3.219301522E-2,-7.870063562E-2,1.799797951E-1
4.688418756E2,-4.359572893E-1,2.039099514E-2,-1.845451427E-1,4.738475076E-1
4.688518656E2,-6.192546362E-1,-3.600773871E-2,-2.410532194E-1,6.654919355E-1
4.688618546E2,-7.938466483E-1,-9.586802423E-2,-2.839034064E-1,8.485188998E-1
4.688718436E2,-9.369654375E-1,-1.254210216E-1,-3.125120419E-1,9.956397140E-1
4.688818326E2,-9.583931440E-1,-1.021941268E-1,-3.303717409E-1,1.018875137E0
4.688918216E2,-8.822419310E-1,-5.637300611E-2,-3.602428633E-1,9.546222610E-1
4.689018106E2,-8.006510532E-1,3.397466183E-2,-3.818202585E-1,8.876841197E-1
4.689117996E2,-6.916782492E-1,8.929049134E-2,-3.929258386E-1,8.004887925E-1
4.689217886E2,-5.899133080E-1,9.832210064E-2,-4.144138080E-1,7.276013680E-1
4.689317776E2,-5.260883179E-1,1.120496088E-1,-4.200621452E-1,6.824780135E-1
4.689417666E2,-4.469857228E-1,1.479801643E-1,-4.289809763E-1,6.369607864E-1
4.689517566E2,-3.752678686E-1,2.149793154E-1,-4.599647874E-1,6.313554347E-1
4.689617456E2,-3.978708655E-1,2.660646844E-1,-4.816790074E-1,6.790480896E-1
4.689717346E2,-3.861360884E-1,2.079497927E-1,-5.811033082E-1,7.280283304E-1
4.689817236E2,-4.361999488E-1,1.882394135E-1,-5.833001071E-1,7.522921554E-1
4.689917126E2,-5.761565638E-1,2.715739310E-1,-6.383183134E-1,9.017533228E-1
4.690017016E2,-6.896293849E-1,4.053611487E-1,-6.795780212E-1,1.049634525E0
4.690116906E2,-8.325885451E-1,4.774538094E-1,-7.127896214E-1,1.195506114E0
4.690216796E2,-9.146176717E-1,4.777046549E-1,-6.840651745E-1,1.238011464E0
4.690316686E2,-9.132736892E-1,4.585848445E-1,-6.124730720E-1,1.191424423E0
4.690416576E2,-8.155965364E-1,4.290148902E-1,-5.305155738E-1,1.063342965E0
4.690516466E2,-7.068754551E-1,3.453418189E-1,-4.110487354E-1,8.876344652E-1
4.690616366E2,-5.977915540E-1,2.601373619E-1,-3.074431272E-1,7.207964106E-1
4.690716256E2,-5.251442850E-1,2.001232946E-1,-2.738087551E-1,6.251376548E-1
4.690816146E2,-5.233269703E-1,2.480096519E-1,-3.017607848E-1,6.530233354E-1
4.690916036E2,-3.278434414E-1,1.316208243E-2,-1.702755976E-1,3.696597646E-1
4.691015926E2,-3.764016438E-1,5.630283952E-2,-2.788408506E-1,4.718054971E-1
4.691115816E2,-3.442831805E-1,5.544446826E-2,-2.091683708E-1,4.066403875E-1
4.691215706E2,-3.160256338E-1,5.423117101E-2,-1.704059905E-1,3.631135122E-1
4.691315596E2,-2.721756095E-1,-5.965914130E-3,-1.247304654E-1,2.994542428E-1
4.691415486E2,-1.971590486E-1,-8.721940756E-2,-7.987353226E-2,2.299101926E-1
4.691515376E2,-1.794747296E-1,-1.752983558E-1,-2.687029481E-2,2.523146941E-1
4.691615276E2,-1.804330882E-1,-2.256124771E-1,-2.062254488E-2,2.896245475E-1
4.691715166E2,-2.020809424E-1,-2.573371303E-1,-1.676631530E-2,3.276281661E-1
4.691815056E2,-2.661980009E-1,-2.214475054E-1,-1.113508848E-1,3.637298350E-1
4.691914946E2,-3.736359107E-1,-1.149533361E-1,-2.293272314E-1,4.532207435E-1
4.692014836E2,-5.327675924E-1,-6.309204161E-2,-3.324697584E-1,6.311561245E-1
4.692114726E2,-7.072014374E-1,-5.365814388E-2,-4.411548793E-1,8.352428970E-1
4.692214616E2,-7.797817558E-1,1.741885543E-3,-5.883006459E-1,9.768112770E-1
4.692314506E2,-9.261711851E-1,6.965378702E-2,-7.401557600E-1,1.187634314E0
4.692414396E2,-1.086696258E0,1.100966388E-1,-7.793841451E-1,1.341815812E0
4.692514286E2,-1.199716212E0,1.665971142E-1,-7.471525383E-1,1.423134043E0
4.692614186E2,-1.268945784E0,2.175216848E-1,-8.073683345E-1,1.519665329E0
4.692714076E2,-1.336073866E0,2.580399656E-1,-8.838744736E-1,1.622625060E0
4.692813966E2,-1.438216538E0,2.422133070E-1,-9.512191951E-1,1.741250141E0
4.692913856E2,-1.481238011E0,2.708740193E-1,-9.971496588E-1,1.806030515E0
4.693013746E2,-1.490349143E0,2.797454149E-1,-1.094509308E0,1.870119967E0
4.693113636E2,-1.397531903E0,2.911451465E-1,-1.243606875E0,1.893256184E0
4.693213526E2,-1.249956659E0,2.958562481E-1,-1.382798674E0,1.887340653E0
4.693313416E2,-1.191194188E0,2.932723635E-1,-1.450352141E0,1.899598275E0
4.693413306E2,-1.192361292E0,3.296011144E-1,-1.477330610E0,1.926880400E0
4.693513196E2,-1.147258210E0,3.326404971E-1,-1.478153313E0,1.900470551E0
4.693613086E2,-9.904636601E-1,2.627914131E-1,-1.472935842E0,1.794329285E0
4.693712986E2,-8.389906615E-1,1.947222215E-1,-1.504119043E0,1.733261714E0
4.693812876E2,-6.545911145E-1,1.464446855E-1,-1.512354847E0,1.654434270E0
4.693912766E2,-4.868070155E-1,1.150772971E-1,-1.534492990E0,1.613967964E0
4.694012656E2,-3.566564736E-1,1.028934538E-2,-1.480118562E0,1.522517871E0
4.694112546E2,-2.132763138E-1,-6.475323558E-2,-1.374733025E0,1.392684694E0
4.694212436E2,-6.883780807E-2,-1.110123128E-1,-1.237471392E0,1.244346343E0
4.694312326E2,1.354639068E-1,-1.768478680E-1,-1.125545744E0,1.147379126E0
4.694412216E2,3.785961038E-1,-2.239115220E-1,-1.003259414E0,1.095445495E0
4.694512106E2,6.479480928E-1,-2.099822849E-1,-9.170369571E-1,1.142316100E0
4.694611996E2,8.835078532E-1,-2.304949021E-1,-9.211311775E-1,1.296995248E0
4.694711896E2,1.080284494E0,-2.246640587E-1,-9.045754442E-1,1.426795452E0
4.694811786E2,1.216982456E0,-2.100653154E-1,-8.431685702E-1,1.495361820E0
4.694911676E2,1.205217858E0,-2.400007206E-1,-7.724896932E-1,1.451513264E0
4.695011566E2,1.113262205E0,-2.992324305E-1,-6.575310946E-1,1.327117148E0
4.695111456E2,1.032765926E0,-2.993809497E-1,-5.419673822E-1,1.204144117E0
4.695211346E2,1.005079945E0,-2.912632602E-1,-4.951393709E-1,1.157662723E0
4.695311236E2,9.653820285E-1,-2.824316257E-1,-5.087511043E-1,1.127190210E0
4.695411126E2,9.004492834E-1,-2.030790621E-1,-6.016002110E-1,1.101804353E0
4.695511016E2,8.026470003E-1,-9.618260443E-2,-6.852017270E-1,1.059714446E0
4.695610906E2,7.437672928E-1,-4.191868901E-3,-7.241034720E-1,1.038042964E0
4.695710806E2,6.949860191E-1,8.465598822E-3,-7.226550436E-1,1.002650261E0
4.695810696E2,6.431592232E-1,-6.065959990E-2,-6.832624248E-1,9.403089464E-1
4.695910586E2,5.992331851E-1,-1.796498537E-1,-6.248036438E-1,8.841572673E-1
4.696010476E2,5.789161572E-1,-2.819311041E-1,-5.900824387E-1,8.733993067E-1
4.696110366E2,4.957231423E-1,-2.675475383E-1,-6.235232498E-1,8.403001619E-1
4.696210256E2,4.303901553E-1,-1.849608797E-1,-5.968815080E-1,7.587580296E-1
4.696310146E2,3.418609715E-1,-1.140557885E-1,-5.272598076E-1,6.386552680E-1
4.696410036E2,2.725524625E-1,4.172397673E-2,-4.712577342E-1,5.459941274E-1
4.696509926E2,3.052062383E-1,1.935165256E-1,-3.840039012E-1,5.273125162E-1
4.696609816E2,3.904159579E-1,2.299107653E-1,-2.878783071E-1,5.368030364E-1
4.696709706E2,5.523659974E-1,1.892217457E-1,-2.408656700E-1,6.316085300E-1
4.696809606E2,7.430366832E-1,1.116824037E-1,-2.319223537E-1,7.863615263E-1
4.696909496E2,9.012082520E-1,7.128048241E-2,-1.632174236E-1,9.186387473E-1
4.697009386E2,1.067719412E0,-3.247777462E-2,-4.386405766E-2,1.069113467E0
4.697109276E2,1.205423387E0,-1.413190162E-1,1.158191626E-1,1.219192637E0
4.697209166E2,1.250519453E0,-2.716902906E-1,3.400049190E-1,1.324091334E0
4.697309056E2,1.202611461E0,-5.102701378E-1,7.057261848E-1,1.484823016E0
4.697408946E2,1.169649537E0,-4.402275109E-1,8.991405304E-1,1.539588904E0
4.697508836E2,1.176769107E0,-2.586416441E-1,1.036453619E0,1.589313417E0
4.697608726E2,1.207576040E0,-1.331761837E-1,1.230859945E0,1.729448465E0
4.697708616E2,1.251524005E0,-6.273770034E-2,1.372973305E0,1.858844816E0
4.697808516E2,1.260773423E0,-1.409816319E-1,1.470612890E0,1.942196621E0
4.697908406E2,1.289068100E0,-2.159914684E-1,1.435839206E0,1.941644433E0
4.698008296E2,1.262208622E0,-2.698916870E-1,1.325271428E0,1.849961212E0
4.698108186E2,1.181403025E0,-2.190191567E-1,1.175761047E0,1.681099800E0
4.698208076E2,1.062591404E0,-1.433392292E-1,1.124957952E0,1.554083981E0
4.698307966E2,9.090940994E-1,-6.812474012E-2,1.191354986E0,1.500139915E0
4.698407856E2,7.727323526E-1,-2.676796854E-2,1.318462491E0,1.528455153E0
4.698507746E2,7.241878912E-1,2.989389002E-2,1.510855182E0,1.675716303E0
4.698607636E2,7.763397923E-1,2.389757037E-2,1.664484780E0,1.836786365E0
4.698707526E2,8.676528355E-1,-1.027004957E-2,1.725005070E0,1.930950390E0
4.698807426E2,9.465218344E-1,-7.599216878E-2,1.713556222E0,1.959069503E0
4.698907316E2,1.031841482E0,-1.256285977E-1,1.626809854E0,1.930541294E0
4.699007206E2,1.057833817E0,-1.964284390E-1,1.478522857E0,1.828558545E0
4.699107096E2,1.022731520E0,-2.469267476E-1,1.300343432E0,1.672676185E0
4.699206986E2,9.456374431E-1,-3.079190540E-1,1.103648944E0,1.485626235E0
4.699306876E2,7.941267300E-1,-3.049410671E-1,9.511246164E-1,1.276034621E0
4.699406766E2,6.576047695E-1,-2.801307464E-1,8.237715286E-1,1.090649714E0
4.699506656E2,6.098505592E-1,-2.959959966E-1,7.430447231E-1,1.005806540E0
4.699606546E2,5.434364220E-1,-2.788466978E-1,6.575435199E-1,8.974642646E-1
4.699706436E2,3.904668286E-1,-2.980548012E-1,6.354356360E-1,8.031683861E-1
4.699806336E2,2.309577093E-1,-3.062987906E-1,5.735001737E-1,6.899730877E-1
4.699906226E2,5.578916162E-2,-2.758827442E-1,4.990702347E-1,5.729701723E-1
4.700006116E2,-1.454603067E-1,-2.271485406E-1,3.903026681E-1,4.744379127E-1
4.700106006E2,-3.012342247E-1,-1.953794485E-1,3.160594015E-1,4.783395576E-1
4.700205896E2,-4.962716112E-1,-6.275348783E-2,2.023165852E-1,5.395882809E-1
4.700305786E2,-5.809819785E-1,4.346352339E-2,1.122497298E-1,5.933204354E-1
4.700405676E2,-7.112213981E-1,9.794904828E-2,3.275332466E-2,7.186812043E-1
4.700505566E2,-8.185987893E-1,1.615497977E-1,-2.305849493E-2,8.347059417E-1
4.700605456E2,-8.557040504E-1,2.117311871E-1,-6.497718394E-2,8.839013247E-1
4.700705346E2,-7.945795968E-1,2.780123001E-1,-6.793002784E-2,8.445484376E-1
4.700805236E2,-7.785877544E-1,3.138984168E-1,-5.244177684E-2,8.411190446E-1
4.700905136E2,-7.500732225E-1,3.104497290E-1,-6.698336363E-2,8.145401429E-1
4.701005026E2,-6.627362859E-1,2.817837542E-1,-1.817957819E-2,7.203832077E-1
4.701104916E2,-5.334765673E-1,2.569459516E-1,-1.491346970E-2,5.923182265E-1
4.701204806E2,-3.876215735E-1,1.978148139E-1,5.790073738E-2,4.390144419E-1
4.701304696E2,-1.436698893E-1,1.156187493E-1,6.235046849E-2,1.946697542E-1
4.701404586E2,8.775676668E-2,2.533072293E-2,8.748487115E-2,1.264772640E-1
4.701504476E2,3.110245103E-1,-5.554094732E-2,1.234370613E-1,3.392016376E-1
4.701604366E2,5.208454120E-1,-1.577239645E-1,1.532578611E-1,5.653713507E-1
4.701704256E2,7.158789977E-1,-2.606057239E-1,2.286066900E-1,7.953987060E-1
4.701804156E2,9.486215696E-1,-3.639862508E-1,3.344531339E-1,1.069685829E0
4.701904046E2,1.189203796E0,-4.760265040E-1,4.358998404E-1,1.353076336E0
4.702003936E2,1.417444889E0,-6.020486194E-1,5.488161528E-1,1.634873610E0
4.702103826E2,1.660817114E0,-6.838008803E-1,6.457514401E-1,1.908636176E0
4.702203711E2,1.870580420E0,-7.183146554E-1,6.683268088E-1,2.112275497E0
4.702303601E2,1.992771733E0,-7.134217054E-1,6.399860854E-1,2.211264773E0
4.702403491E2,2.043629060E0,-6.586689627E-1,5.823603134E-1,2.224726516E0
4.702503381E2,2.012012580E0,-6.015024894E-1,5.014952213E-1,2.159050098E0
4.702603271E2,1.920773212E0,-5.547551697E-1,4.546438211E-1,2.050322910E0
4.702703161E2,1.734717149E0,-4.966274142E-1,4.328641123E-1,1.855600634E0
4.702803051E2,1.521773834E0,-4.382061285E-1,4.470974046E-1,1.645513993E0
4.702902951E2,1.272490366E0,-4.372290587E-1,4.232957286E-1,1.410524816E0
4.703002841E2,1.037736937E0,-4.225940627E-1,3.717570542E-1,1.180545213E0
4.703102731E2,8.415359545E-1,-4.257457119E-1,3.269049633E-1,9.981528084E-1
4.703202621E2,6.757986733E-1,-4.024229228E-1,3.271388519E-1,8.518614231E-1
4.703302511E2,5.922559950E-1,-3.355255133E-1,3.234954518E-1,7.536536612E-1
4.703402401E2,5.847566485E-1,-2.654121351E-1,3.184006266E-1,7.167725570E-1
4.703502291E2,5.953646672E-1,-1.699218410E-1,3.051901585E-1,6.902706366E-1
4.703602181E2,5.738197240E-1,-9.662582338E-2,2.960782962E-1,6.528920147E-1
4.703702071E2,5.239037982E-1,-7.293056667E-2,2.776010216E-1,5.973745764E-1
4.703801971E2,4.997618142E-1,-8.554534972E-2,2.613255161E-1,5.704129234E-1
4.703901861E2,5.022825488E-1,-5.724833429E-2,2.069640984E-1,5.462593419E-1
4.704001751E2,5.268113261E-1,-6.226816893E-2,1.866086251E-1,5.623435579E-1
4.704101641E2,5.091772932E-1,-1.156105632E-1,2.002940333E-1,5.592361022E-1
4.704201531E2,4.708055252E-1,-1.821635717E-1,2.087948616E-1,5.462936057E-1
4.704301421E2,4.673764256E-1,-2.247576141E-1,2.103405000E-1,5.596425951E-1
4.704401311E2,4.772924262E-1,-1.968506080E-1,2.078269281E-1,5.565521126E-1
4.704501201E2,4.810907775E-1,-1.308448988E-1,2.304631810E-1,5.492558616E-1
4.704601091E2,4.832896230E-1,-6.364167988E-2,2.455707052E-1,5.458242339E-1
4.704700981E2,4.929252496E-1,-7.103723824E-2,2.810726597E-1,5.718596252E-1
4.704800881E2,5.277158904E-1,-1.172618169E-1,3.045007718E-1,6.204475116E-1
4.704900771E2,5.756765074E-1,-2.072995824E-1,3.237597460E-1,6.922405153E-1
4.705000661E2,6.334379348E-1,-2.549122900E-1,3.723794903E-1,7.777469882E-1
4.705100551E2,6.753811821E-1,-2.975542796E-1,3.445729101E-1,8.144990981E-1
4.705200441E2,7.170376235E-1,-3.275627750E-1,3.834830604E-1,8.766410798E-1
4.705300331E2,7.866823474E-1,-3.877586907E-1,4.294316505E-1,9.765436295E-1
4.705400221E2,8.290506873E-1,-4.195961952E-1,4.225185605E-1,1.020738920E0
4.705500111E2,8.581613427E-1,-4.850931966E-1,4.186565477E-1,1.070994680E0
4.705600001E2,8.492519403E-1,-4.919566584E-1,4.999141341E-1,1.101437403E0
4.705699891E2,8.206149092E-1,-4.969250375E-1,6.838096511E-1,1.178108213E0
4.705799791E2,7.960697597E-1,-5.726377094E-1,8.513083329E-1,1.298601897E0
4.705899681E2,8.146530882E-1,-5.779861575E-1,9.663639953E-1,1.389815464E0
4.705999571E2,8.702764812E-1,-6.169806540E-1,1.078482017E0,1.516960692E0
4.706099461E2,9.847766581E-1,-7.302470684E-1,1.201250229E0,1.716405535E0
4.706199351E2,1.141577932E0,-7.965609258E-1,1.195299445E0,1.834788883E0
4.706299241E2,1.261651090E0,-7.367468333E-1,1.006211089E0,1.773984252E0
4.706399131E2,1.271420618E0,-6.530158746E-1,8.832569345E-1,1.680203241E0
4.706499021E2,1.145927968E0,-5.308400577E-1,7.407152655E-1,1.464104224E0
4.706598911E2,9.019485095E-1,-3.750304717E-1,5.178175776E-1,1.105574065E0
4.706698801E2,7.241346815E-1,-2.952136391E-1,2.227594744E-1,8.131075655E-1
4.706798701E2,7.082577369E-1,-1.794767761E-1,-9.781880155E-3,7.307096689E-1
4.706898591E2,8.395765525E-1,-4.253264666E-3,-2.569196391E-1,8.780174137E-1
4.706998481E2,9.738221920E-1,1.276605052E-1,-5.074583580E-1,1.105504795E0
4.707098371E2,1.029696431E0,2.315789759E-1,-6.104615933E-1,1.219248505E0
4.707198261E2,1.049399501E0,3.027547932E-1,-6.870199187E-1,1.290308547E0
4.707298151E2,1.051624366E0,2.985576618E-1,-9.165096845E-1,1.426548452E0
4.707398041E2,9.333129743E-1,2.978524876E-1,-1.176416081E0,1.530929132E0
4.707497931E2,5.780838060E-1,3.060456061E-1,-1.334258013E0,1.485964080E0
4.707597821E2,2.125462890E-4,2.781690055E-1,-1.265939730E0,1.296140981E0
4.707697711E2,-4.891809851E-1,1.889960432E-1,-1.142145404E0,1.256787040E0
4.707797611E2,-6.908073065E-1,2.032521397E-1,-1.141071344E0,1.349284988E0
4.707897501E2,-7.046195993E-1,4.343791258E-1,-1.118112252E0,1.391168218E0
4.707997391E2,-7.538452613E-1,7.262440646E-1,-1.228726734E0,1.614150708E0
4.708097281E2,-7.423785791E-1,8.818712175E-1,-1.232198226E0,1.687345628E0
4.708197171E2,-7.244437069E-1,8.564527863E-1,-1.113742554E0,1.580744298E0
4.708297061E2,-7.742383030E-1,8.003206855E-1,-9.762698364E-1,1.480898694E0
4.708396951E2,-9.232212648E-1,6.424721754E-1,-7.474729657E-1,1.350490220E0
4.708496841E2,-1.182693506E0,4.566260272E-1,-7.245140927E-1,1.460202701E0
4.708596731E2,-1.563045821E0,3.315955997E-1,-9.638073003E-1,1.866009751E0
4.708696621E2,-1.835087237E0,7.050221801E-2,-1.157604931E0,2.170844284E0
4.708796521E2,-1.898021404E0,-8.698376477E-2,-1.147777515E0,2.219784820E0
4.708896411E2,-1.796829197E0,-8.268196821E-2,-1.314088043E0,2.227612816E0
4.708996301E2,-1.746185001E0,-6.031812251E-2,-1.656160684E0,2.407419478E0
4.709096191E2,-1.723860624E0,-3.679360449E-2,-1.914370803E0,2.576405401E0
4.709196081E2,-1.679993642E0,-1.520527500E-1,-1.896297644E0,2.537999888E0
4.709295971E2,-1.696188968E0,-3.119963175E-1,-1.915997499E0,2.577876089E0
4.709395861E2,-1.748590837E0,-3.171219867E-1,-1.981054789E0,2.661336948E0
4.709495751E2,-1.702691949E0,-2.460666221E-1,-1.840118912E0,2.519076471E0
4.709595641E2,-1.757537370E0,-7.088579535E-2,-1.787291511E0,2.507662926E0
4.709695541E2,-1.886114134E0,1.322792208E-1,-1.939720530E0,2.708770948E0
4.709795431E2,-2.090990045E0,2.662102801E-1,-2.090915347E0,2.969012339E0
4.709895321E2,-2.318110811E0,3.587909997E-1,-1.949328967E0,3.049959366E0
4.709995211E2,-2.461938868E0,4.260158533E-1,-1.812032835E0,3.086437346E0
4.710095101E2,-2.343633323E0,4.108908606E-1,-1.598534034E0,2.866489057E0
4.710194991E2,-2.055332555E0,3.756684029E-1,-1.603950895E0,2.634041976E0
4.710294881E2,-1.769248173E0,3.727529812E-1,-1.790136182E0,2.544360712E0
4.710394771E2,-1.565329159E0,2.798430634E-1,-1.962794520E0,2.526089832E0
4.710494661E2,-1.369829550E0,1.171957433E-1,-2.124847763E0,2.530838962E0
4.710594551E2,-1.229017195E0,-4.015107572E-2,-2.073449129E0,2.410661043E0
4.710694451E2,-1.183750390E0,-2.381927615E-1,-1.908240144E0,2.258180955E0
4.710794341E2,-1.144836585E0,-4.209194201E-1,-1.739384250E0,2.124448525E0
4.710894231E2,-1.076189104E0,-4.899089634E-1,-1.565060625E0,1.961532192E0
4.710994121E2,-1.037147245E0,-5.114237934E-1,-1.377370704E0,1.798437867E0
4.711094011E2,-9.197146896E-1,-4.062353075E-1,-1.302085025E0,1.645091987E0
4.711193901E2,-7.379019508E-1,-2.542041922E-1,-1.196255099E0,1.428336558E0
4.711293791E2,-5.866847679E-1,-1.036436516E-1,-1.131836324E0,1.279060002E0
4.711393681E2,-4.719802308E-1,-9.171240807E-2,-1.095415041E0,1.196290357E0
4.711493571E2,-3.892663953E-1,-1.680296820E-1,-9.780545528E-1,1.065998597E0
4.711593461E2,-3.925458062E-1,-2.875964713E-1,-9.872129005E-1,1.100633114E0
4.711693361E2,-5.017694557E-1,-3.850490910E-1,-1.126459810E0,1.291877352E0
4.711793251E2,-7.465695709E-1,-3.763414174E-1,-1.231630169E0,1.488593921E0
4.711893141E2,-8.854564378E-1,-2.040719193E-1,-1.118223129E0,1.440868286E0
4.711993031E2,-7.721549401E-1,8.069099128E-2,-9.440937781E-1,1.222312296E0
4.712092921E2,-5.094436339E-1,3.177973402E-1,-8.594892454E-1,1.048451109E0
4.712192820E2,-2.865708697E-1,4.614113885E-1,-8.886816157E-1,1.041526931E0
4.712292710E2,-1.846115085E-1,4.228484166E-1,-8.337695365E-1,9.529185865E-1
4.712392600E2,-2.191413635E-1,3.002744043E-1,-8.093236434E-1,8.906135048E-1
4.712492490E2,-2.676235521E-1,2.578206950E-1,-7.595901507E-1,8.456187519E-1
4.712592390E2,-2.536115769E-1,2.434119862E-1,-6.022119029E-1,6.973000810E-1
4.712692280E2,-2.579706761E-1,1.198720139E-1,-3.839492297E-1,4.778443057E-1
4.712792170E2,-2.746282241E-1,-1.067701578E-3,-2.043014225E-1,3.422877046E-1
4.712892060E2,-2.752141151E-1,-3.458861947E-2,-1.445439018E-1,3.127812675E-1
4.712991950E2,-2.525058684E-1,9.292395115E-3,-6.532056168E-2,2.609834055E-1
4.713091840E2,-6.506196856E-2,6.559815824E-2,1.105398577E-1,1.440667841E-1
4.713191730E2,3.164396167E-1,1.870325482E-1,4.357871354E-1,5.701101932E-1
4.713291620E2,8.156371745E-1,2.814130408E-1,8.103793582E-1,1.183711115E0
4.713391510E2,1.546037440E0,2.485908651E-1,1.004210026E0,1.860233039E0
4.713491400E2,2.318666589E0,2.548742831E-1,1.120162797E0,2.587651511E0
4.713591300E2,2.879208456E0,1.546255249E-1,1.290493651E0,3.158975190E0
4.713691190E2,3.206282696E0,6.642729342E-2,1.445221794E0,3.517574071E0
4.713791080E2,3.314327839E0,-2.055179358E-2,1.604932935E0,3.682526460E0
4.713890970E2,3.257160781E0,-1.373084110E-1,1.718938730E0,3.685471518E0
4.713990860E2,3.079452496E0,-2.200389111E-1,1.904508597E0,3.627478159E0
4.714090750E2,2.870901024E0,-2.888694102E-1,2.120944161E0,3.581050455E0
4.714190640E2,2.721254404E0,-4.667738700E-1,2.334737661E0,3.615812955E0
4.714290530E2,2.710829110E0,-6.042606211E-1,2.480747314E0,3.723953893E0
4.714390420E2,2.810436137E0,-5.947577262E-1,2.413234631E0,3.751798158E0
4.714490310E2,2.897315821E0,-4.652758133E-1,2.266868737E0,3.708047252E0
4.714590210E2,2.916901947E0,-2.801330853E-1,2.171345991E0,3.647126941E0
4.714690100E2,2.846961354E0,-1.241919369E-1,2.039047474E0,3.504044405E0
4.714789990E2,2.709888001E0,5.355406344E-2,1.883931953E0,3.300842410E0
4.714889880E2,2.487719826E0,2.076919305E-1,1.767402792E0,3.058692286E0
4.714989770E2,2.159808557E0,2.988523614E-1,1.662887174E0,2.742130466E0
4.715089660E2,1.779515007E0,3.115659624E-1,1.620530675E0,2.426904752E0
4.715189550E2,1.360084873E0,2.080486107E-1,1.538923133E0,2.064315745E0
4.715289440E2,9.170822731E-1,9.345780194E-2,1.351170938E0,1.635676362E0
4.715389330E2,4.981237167E-1,-4.379564524E-2,1.159645244E0,1.262862774E0
4.715489230E2,1.036360502E-1,-8.818595231E-2,7.391892153E-1,7.516101976E-1
4.715589120E2,-3.105163872E-1,-5.293425858E-2,2.191773239E-1,3.837462205E-1
4.715689010E2,-5.696138218E-1,5.754361868E-2,-1.536314982E-1,5.927679236E-1
4.715788900E2,-6.237049520E-1,1.848433506E-1,-4.864988673E-1,8.123152586E-1
4.715888790E2,-4.376196527E-1,3.577794313E-1,-6.380744845E-1,8.524412764E-1
4.715988680E2,-1.354928505E-1,4.286050004E-1,-3.853328271E-1,5.920658296E-1
4.716088570E2,1.004434705E-1,3.121606243E-1,-3.831168786E-2,3.301528911E-1
4.716188460E2,2.314824969E-1,1.281738907E-1,6.475089669E-2,2.724066285E-1
4.716288350E2,4.114887384E-1,-3.690879464E-2,-1.249807262E-1,4.316311190E-1
4.716388250E2,5.985057914E-1,-1.503962338E-1,-3.495238937E-1,7.092215182E-1
4.716488140E2,7.026490876E-1,-1.836972964E-1,-5.453540164E-1,9.082243337E-1
4.716588030E2,7.128937018E-1,-1.401203370E-1,-6.039695759E-1,9.447911873E-1
4.716687920E2,7.151270458E-1,-9.828760207E-2,-5.468433022E-1,9.055963458E-1
4.716787810E2,7.570556751E-1,-1.446355569E-1,-5.050475509E-1,9.214802050E-1
4.716887700E2,8.610715020E-1,-2.146898782E-1,-3.356659926E-1,9.487926717E-1
4.716987590E2,9.479506016E-1,-2.838320339E-1,-1.631349778E-1,1.002887824E0
4.717087480E2,1.009220651E0,-3.428234231E-1,-8.440733537E-2,1.069195408E0
4.717187370E2,8.650224656E-1,-3.353202760E-1,-2.406414293E-1,9.584424088E-1
4.717287260E2,5.534480247E-1,-1.924874157E-1,-5.349668764E-1,7.934391470E-1
4.717387160E2,2.366555285E-1,-6.802650690E-2,-5.945970739E-1,6.435674985E-1
4.717487050E2,-4.480604410E-2,2.493369699E-2,-3.427607118E-1,3.465749217E-1
4.717586940E2,-2.819694033E-1,9.218427837E-2,-1.449856590E-1,3.301901375E-1
4.717686830E2,-4.310792497E-1,1.023771447E-1,-2.559487090E-2,4.438079502E-1
4.717786720E2,-4.924223891E-1,4.008324802E-2,-4.091135994E-2,4.957420856E-1
4.717886610E2,-5.880126706E-1,-7.512210310E-2,-1.622304136E-1,6.145900570E-1
4.717986500E2,-6.123028815E-1,-2.476190579E-1,-1.034782485E-1,6.685340413E-1
4.718086390E2,-5.207813850E-1,-2.889530253E-1,1.010590361E-1,6.040861119E-1
4.718186280E2,-4.231156343E-1,-2.089321250E-1,3.022051549E-1,5.603636574E-1
4.718286180E2,-3.906603715E-1,-9.942079246E-2,3.248612883E-1,5.177208480E-1
4.718386070E2,-3.995735747E-1,2.760002732E-2,8.261414051E-2,4.089570873E-1
4.718485960E2,-3.404903841E-1,9.423957467E-2,-1.049212682E-1,3.685420894E-1
4.718585850E2,-3.185522157E-1,8.080676615E-2,-2.128092675E-1,3.915265405E-1
4.718685740E2,-4.064177406E-1,8.675981641E-2,-3.908349109E-1,5.704862603E-1
4.718785630E2,-5.159165016E-1,5.722377598E-2,-5.405538909E-1,7.494283863E-1
4.718885520E2,-5.210372007E-1,-4.321560144E-2,-5.283662470E-1,7.433157093E-1
4.718985410E2,-5.765059349E-1,-8.793042898E-2,-7.194629024E-1,9.261305098E-1
4.719085300E2,-6.567899600E-1,-1.155357188E-1,-9.487779826E-1,1.159698760E0
4.719185200E2,-8.427755642E-1,-1.052025193E-1,-1.177191130E0,1.451591257E0
4.719285090E2,-1.147419008E0,-1.189364594E-1,-1.376991220E0,1.796335459E0
4.719384980E2,-1.458681208E0,-1.365511966E-1,-1.542238943E0,2.127180775E0
4.719484870E2,-1.744539302E0,-1.243351936E-1,-1.730669999E0,2.460507114E0
4.719584760E2,-2.015831397E0,-1.590366644E-1,-1.832294607E0,2.728767562E0
4.719684650E2,-2.164054513E0,-1.577169478E-1,-1.997419392E0,2.949184768E0
4.719784540E2,-2.251767426E0,-9.487224340E-2,-2.188411382E0,3.141433058E0
4.719884430E2,-2.438540942E0,7.410995007E-2,-2.380616816E0,3.408710993E0
4.719984320E2,-2.619891458E0,1.010860795E-1,-2.355056590E0,3.524250444E0
4.720084210E2,-2.737847047E0,4.529370189E-2,-2.354427137E0,3.611258107E0
4.720184110E2,-2.782527084E0,-3.643107712E-2,-2.406496446E0,3.678995697E0
4.720284000E2,-2.798797839E0,-1.068034869E-1,-2.427641586E0,3.706496998E0
4.720383890E2,-2.739125834E0,-1.389432925E-1,-2.515647005E0,3.721638809E0
4.720483780E2,-2.572782781E0,-1.231540561E-1,-2.594030101E0,3.655594387E0
4.720583670E2,-2.392776247E0,-9.121773362E-2,-2.628041600E0,3.555320168E0
4.720683560E2,-2.297398219E0,-1.128378135E-1,-2.663277506E0,3.519064936E0
4.720783450E2,-2.178259154E0,-1.568813807E-1,-2.617820082E0,3.409165102E0
4.720883340E2,-2.095145369E0,-2.392832673E-1,-2.514640700E0,3.281814810E0
4.720983230E2,-1.951733049E0,-2.683743346E-1,-2.304062730E0,3.031499916E0
4.721083130E2,-1.765234352E0,-2.774702632E-1,-2.167945981E0,2.809454011E0
4.721183020E2,-1.561818783E0,-2.336085445E-1,-2.118261459E0,2.642135967E0
4.721282910E2,-1.429781344E0,-1.654504752E-1,-2.143192378E0,2.581651046E0
4.721382800E2,-1.314182476E0,-2.154231191E-2,-2.169002573E0,2.536160841E0
4.721482690E2,-1.209340729E0,1.725858325E-1,-2.097187947E0,2.427032789E0
4.721582580E2,-1.107757929E0,2.866995084E-1,-1.988179622E0,2.293944735E0
4.721682470E2,-1.028036406E0,3.990514183E-1,-1.791564072E0,2.103759185E0
4.721782360E2,-9.694364879E-1,4.428195816E-1,-1.688324463E0,1.996581022E0
4.721882250E2,-8.245942318E-1,4.812831509E-1,-1.648383302E0,1.904929560E0
4.721982140E2,-5.691834667E-1,5.829089284E-1,-1.642515621E0,1.833469444E0
4.722082040E2,-2.319602144E-1,7.158383596E-1,-1.527535388E0,1.702819562E0
4.722181923E2,2.257072020E-1,7.179205531E-1,-1.110240803E0,1.341263696E0
4.722281812E2,6.501223800E-1,5.910201859E-1,-6.098762870E-1,1.069538711E0
4.722381703E2,1.102753005E0,4.924332064E-1,-1.606487417E-1,1.218344233E0
4.722481593E2,1.560529472E0,4.894862098E-1,3.061897400E-1,1.663911397E0
4.722581483E2,1.940777999E0,4.455584174E-1,8.732037435E-1,2.174310539E0
4.722681373E2,2.358413915E0,3.036868393E-1,1.484496226E0,2.803225095E0
4.722781263E2,2.843884549E0,1.660679412E-1,2.165737780E0,3.578502204E0
4.722881152E2,3.190148182E0,1.608569026E-2,2.636483225E0,4.138640836E0
4.722981053E2,3.596082650E0,-7.928765953E-2,2.689772410E0,4.491433243E0
4.723080943E2,3.783088008E0,-1.424954760E-1,2.506361042E0,4.540253904E0
4.723180832E2,3.742882846E0,-2.592532629E-1,2.275207159E0,4.387818578E0
4.723280723E2,3.577646087E0,-2.706834000E-1,1.976433735E0,4.096231357E0
4.723380613E2,3.307294808E0,-2.742507863E-1,1.889668802E0,3.818934488E0
4.723480503E2,2.948103859E0,-3.686605150E-1,2.102726576E0,3.639874448E0
4.723580393E2,2.379934884E0,-4.357719326E-1,2.429702729E0,3.428912741E0
4.723680283E2,1.789950679E0,-4.453204358E-1,2.597976387E0,3.186175612E0
4.723780172E2,1.402174154E0,-3.926048630E-1,2.587653420E0,2.969205476E0
4.723880073E2,1.198484935E0,-3.411072654E-1,2.298228232E0,2.614301687E0
4.723979963E2,1.080893628E0,-2.440048939E-1,1.864587024E0,2.168998431E0
4.724079852E2,9.603987390E-1,-5.050240159E-2,1.482542818E0,1.767158577E0
4.724179742E2,9.464098603E-1,1.336749512E-1,1.272535390E0,1.591510897E0
4.724279633E2,9.644581684E-1,3.643663198E-1,1.188133755E0,1.573087472E0
4.724379523E2,9.976089576E-1,5.675020999E-1,1.240201164E0,1.689787322E0
4.724479413E2,1.173806908E0,6.884845001E-1,1.408055722E0,1.958176315E0
4.724579303E2,1.490086603E0,7.787093765E-1,1.547699219E0,2.285195670E0
4.724679193E2,1.710455443E0,7.548656005E-1,1.658501032E0,2.499220993E0
4.724779093E2,1.898138786E0,6.514394653E-1,1.698398046E0,2.629041679E0
4.724878983E2,1.984379809E0,3.536191374E-1,1.661735419E0,2.612312064E0
4.724978873E2,1.997100280E0,7.099513829E-2,1.621904771E0,2.573718113E0
4.725078762E2,1.753841491E0,-1.702405143E-1,1.548207342E0,2.345610322E0
4.725178653E2,1.399403597E0,-3.038517308E-1,1.394702436E0,1.998962527E0
4.725278543E2,1.016674243E0,-2.080275607E-1,1.254695827E0,1.628239417E0
4.725378433E2,7.254450426E-1,4.487621069E-2,1.277870097E0,1.470114407E0
4.725478323E2,5.971889985E-1,1.971757132E-1,1.436557975E0,1.568187418E0
4.725578213E2,7.979082705E-1,1.442473018E-1,1.633526404E0,1.823697729E0
4.725678102E2,1.130021349E0,-4.090595126E-2,1.784374335E0,2.112489838E0
4.725778003E2,1.424805656E0,-2.011915809E-1,1.922350206E0,2.401245411E0
4.725877893E2,1.556643120E0,-2.815937197E-1,1.944312056E0,2.506547864E0
4.725977782E2,1.616766969E0,-2.426875162E-1,1.737373247E0,2.385644244E0
4.726077672E2,1.642361547E0,-1.803129280E-1,1.459424681E0,2.204491915E0
4.726177563E2,1.640678426E0,-1.438058370E-1,1.232768476E0,2.057236965E0
4.726277453E2,1.585131924E0,-1.184938252E-1,1.069403703E0,1.915804865E0
4.726377343E2,1.544163992E0,-1.089739734E-1,1.027372747E0,1.857905413E0
4.726477233E2,1.486400518E0,-5.756642282E-2,1.008212298E0,1.796995390E0
4.726577123E2,1.460165231E0,-9.592357278E-2,9.381226015E-1,1.738205353E0
4.726677023E2,1.434492592E0,-1.531748307E-1,8.394391429E-1,1.669098439E0
4.726776913E2,1.409725248E0,-1.895439273E-1,7.115678456E-1,1.590465647E0
4.726876803E2,1.392240319E0,-1.685290343E-1,5.111849347E-1,1.492663787E0
4.726976692E2,1.319911577E0,-2.004355359E-1,3.637590864E-1,1.383712994E0
4.727076583E2,1.278836203E0,-1.669046777E-1,1.854190090E-1,1.302942598E0
4.727176473E2,1.322947744E0,2.657559514E-3,-6.204539001E-2,1.324404556E0
4.727276363E2,1.376429741E0,9.328647852E-2,-2.075559828E-1,1.395113144E0
4.727376253E2,1.285800383E0,1.028577858E-1,-4.421758032E-1,1.363591504E0
4.727476143E2,1.225889519E0,1.146370018E-1,-6.316299757E-1,1.383800268E0
4.727576043E2,1.146793941E0,1.017707884E-2,-6.450408572E-1,1.315795433E0
4.727675933E2,8.942722848E-1,-1.096306157E-1,-7.626108223E-1,1.180388520E0
4.727775823E2,6.697386190E-1,-3.944473207E-2,-9.135154715E-1,1.133409115E0
4.727875712E2,5.024401313E-1,3.612000525E-2,-1.041650624E0,1.157059533E0
4.727975602E2,4.043595207E-1,1.133307338E-1,-1.146613262E0,1.221094775E0
4.728075493E2,2.606238502E-1,1.627245033E-1,-1.277591769E0,1.314018563E0
4.728175383E2,1.770972517E-1,1.346648848E-1,-1.267092363E0,1.286476243E0
4.728275273E2,4.342288524E-2,3.387116611E-2,-1.251466264E0,1.252677377E0
4.728375163E2,-5.835375041E-2,-4.367987037E-2,-1.289492461E0,1.291550966E0
4.728475063E2,-1.879745346E-1,-8.739716291E-2,-1.293166121E0,1.309676031E0
4.728574953E2,-4.026366386E-1,-1.052650845E-1,-1.302492430E0,1.367363715E0
4.728674843E2,-6.440006375E-1,-9.918456495E-2,-1.284592348E0,1.440399910E0
4.728774733E2,-6.971073890E-1,-2.370461226E-2,-1.170860496E0,1.362877441E0
4.728874622E2,-7.032931584E-1,1.269208324E-1,-1.078462794E0,1.293758927E0
4.728974513E2,-6.208836704E-1,1.699440604E-1,-1.054749995E0,1.235667863E0
4.729074403E2,-5.350067836E-1,1.776664782E-1,-1.001207626E0,1.149005808E0
4.729174293E2,-4.421316567E-1,1.732617706E-1,-9.244367547E-1,1.039270589E0
4.729274183E2,-4.238287023E-1,1.572860080E-1,-1.014017268E0,1.110225507E0
4.729374083E2,-4.894023022E-1,2.148699725E-1,-1.140459652E0,1.259496700E0
4.729473973E2,-6.733934212E-1,2.880899763E-1,-1.014404207E0,1.251187608E0
4.729573863E2,-8.556040630E-1,2.906855553E-1,-7.445825408E-1,1.170879825E0
4.729673753E2,-9.527722156E-1,1.206561255E-1,-5.167253177E-1,1.090567673E0
4.729773642E2,-8.517451930E-1,-1.509914804E-1,-3.162402266E-1,9.210190996E-1
4.729873532E2,-5.692144570E-1,-3.280176884E-1,-1.324675012E-1,6.701853033E-1
4.729973423E2,-1.488823897E-1,-3.757116723E-1,5.735241473E-2,4.081844266E-1
4.730073313E2,3.012038192E-1,-3.071214938E-1,1.883486103E-1,4.695982875E-1
4.730173203E2,6.946191064E-1,-1.906554830E-1,3.085651714E-1,7.836183262E-1
4.730273103E2,1.081603333E0,-1.330083686E-1,5.207705677E-1,1.207790951E0
4.730372993E2,1.376029060E0,-1.453003854E-1,6.456092066E-1,1.526885531E0
4.730472883E2,1.598845399E0,-1.542548114E-1,5.969090630E-1,1.713593180E0
4.730572773E2,1.705187540E0,-7.725399792E-2,3.264009333E-1,1.737863717E0
4.730672663E2,1.670575532E0,2.826836407E-2,1.931203768E-2,1.670926289E0
4.730772552E2,1.584317407E0,1.284685904E-1,1.494840682E-2,1.589587770E0
4.730872443E2,1.246598018E0,-1.554248393E-2,4.192453623E-4,1.246694976E0
4.730972333E2,9.013462463E-1,-2.465034091E-1,2.425368042E-1,9.654082493E-1
4.731072223E2,6.554842767E-1,-3.293625480E-1,4.366322042E-1,8.536902288E-1
4.731172123E2,5.825788531E-1,-2.223345280E-1,4.839224379E-1,7.893108945E-1
4.731272013E2,4.765992388E-1,-1.847895563E-2,2.998686075E-1,5.633910614E-1
4.731371903E2,2.521448028E-1,1.284609890E-1,2.022493422E-2,2.837045563E-1
4.731471793E2,-1.223646820E-2,2.613208383E-1,-3.062971826E-1,4.028104713E-1
4.731571683E2,-4.245803618E-1,3.595084530E-1,-5.516339260E-1,7.834633366E-1
4.731671572E2,-9.321294978E-1,5.174218673E-1,-5.943143611E-1,1.220573779E0
4.731771463E2,-1.275354917E0,6.522276700E-1,-5.430239010E-1,1.531928867E0
4.731871353E2,-1.413687468E0,6.701061165E-1,-4.579340494E-1,1.630109830E0
4.731971243E2,-1.383234876E0,6.529486316E-1,-3.156196909E-1,1.561824711E0
4.732071142E2,-1.294401930E0,5.996389818E-1,-1.428480631E-1,1.433683659E0
4.732171037E2,-1.207545927E0,4.143489039E-1,2.018533395E-1,1.292515744E0
4.732270928E2,-1.059682414E0,1.648254079E-1,5.293051636E-1,1.195934024E0
4.732370818E2,-8.383404511E-1,1.330557311E-1,4.251199137E-1,9.493394970E-1
4.732470708E2,-6.510971108E-1,1.753808016E-1,1.323493874E-1,6.871697269E-1
4.732570598E2,-4.701354343E-1,1.501804715E-1,5.781434476E-4,4.935401046E-1
4.732670488E2,-3.787764904E-1,-4.912830591E-2,-9.252122417E-2,3.929954160E-1
4.732770377E2,-2.948552048E-1,-6.046137929E-2,-5.204245587E-1,6.011962171E-1
4.732870278E2,-2.385778007E-1,1.756392485E-1,-8.608516467E-1,9.104032459E-1
4.732970168E2,-3.696907943E-1,3.192924732E-1,-9.370268333E-1,1.056711055E0
4.733070058E2,-8.918527070E-1,1.446378958E-1,-1.056266325E0,1.389971194E0
4.733169947E2,-1.649360079E0,-2.392721575E-1,-1.855363480E0,2.493995485E0
4.733269838E2,-1.887407830E0,-6.151194853E-1,-2.488216547E0,3.183064857E0
4.733369728E2,-1.792375958E0,-9.007355046E-1,-2.232825517E0,3.001573889E0
4.733469618E2,-2.044535671E0,-9.194816780E-1,-2.041571133E0,3.032092570E0
4.733569508E2,-2.425974106E0,-9.930624551E-1,-2.610469840E0,3.699469717E0
4.733669398E2,-2.991477920E0,-1.067105162E0,-2.548368609E0,4.072080075E0
4.733769287E2,-3.850820108E0,-1.078900166E0,-2.210907960E0,4.569568369E0
4.733869188E2,-4.594526882E0,-1.124593817E0,-2.262273410E0,5.243307115E0
4.733969078E2,-5.167192073E0,-1.217780893E0,-2.132545622E0,5.721067650E0
4.734068967E2,-5.381314187E0,-1.411268182E0,-1.951086932E0,5.895503412E0
4.734168858E2,-5.111055295E0,-1.467983251E0,-2.172845948E0,5.744486101E0
4.734268748E2,-4.459896788E0,-1.278451018E0,-2.530733699E0,5.284858505E0
4.734368638E2,-3.517135298E0,-9.952791345E-1,-2.730520486E0,4.562517221E0
4.734468528E2,-2.677293575E0,-8.018392074E-1,-3.066563478E0,4.149055141E0
4.734568418E2,-2.035504354E0,-6.429914081E-1,-3.410447586E0,4.023415050E0
4.734668307E2,-1.578019078E0,-5.446722311E-1,-3.494010437E0,3.872327593E0
4.734768208E2,-1.305273950E0,-5.464223027E-1,-3.386723093E0,3.670451025E0
4.734868098E2,-1.076574143E0,-5.906939113E-1,-3.112064464E0,3.345575647E0
4.734967988E2,-1.014498932E0,-6.114638060E-1,-2.874730951E0,3.109207955E0
4.735067877E2,-1.174981321E0,-6.503501290E-1,-2.654776824E0,2.975126280E0
4.735167768E2,-1.414585015E0,-6.177846462E-1,-2.524223994E0,2.958786137E0
4.735267658E2,-1.750472764E0,-5.342027915E-1,-2.506543475E0,3.103592711E0
4.735367548E2,-2.058805508E0,-3.684237027E-1,-2.469049959E0,3.235834335E0
4.735467438E2,-2.162910213E0,-2.299516958E-1,-2.348359627E0,3.200914137E0
4.735567328E2,-2.065688266E0,-1.337755233E-1,-2.171552105E0,3.000100406E0
4.735667228E2,-1.832891315E0,8.556230664E-3,-1.994073323E0,2.708485222E0
4.735767118E2,-1.588059040E0,2.575125468E-1,-1.965782739E0,2.540186214E0
4.735867008E2,-1.458602270E0,4.136905074E-1,-2.182514173E0,2.657447748E0
4.735966897E2,-1.371557548E0,5.772073084E-1,-2.518494015E0,2.925260755E0
4.736066788E2,-9.770960480E-1,6.335019618E-1,-2.500782506E0,2.758614610E0
4.736166678E2,-3.864977387E-1,8.529280847E-1,-2.194893605E0,2.386299386E0
4.736266568E2,1.782566084E-1,9.459374052E-1,-1.901516577E0,2.131276210E0
4.736366458E2,9.833592930E-1,8.033062738E-1,-1.636944686E0,2.071686360E0
4.736466348E2,2.263703932E0,2.569167155E-1,-1.126070531E0,2.541337547E0
4.736566248E2,3.853381481E0,-5.865687007E-1,-1.083801009E0,4.045644115E0
4.736666138E2,5.310534811E0,-1.082697932E0,-8.488595921E-1,5.485852477E0
4.736766028E2,6.072032323E0,-1.146310376E0,-3.391215509E-1,6.188586870E0
4.736865918E2,6.095465040E0,-9.400030661E-1,-1.280838436E-1,6.168849592E0
4.736965807E2,5.510741136E0,-5.647790515E-1,3.879139343E-1,5.553172108E0
4.737065698E2,4.567125075E0,-5.725418150E-2,9.576058164E-1,4.666788874E0
4.737165588E2,3.520687482E0,3.511703235E-1,1.392129368E0,3.802181626E0
4.737265478E2,2.497581448E0,4.028830987E-1,1.836721534E0,3.126303548E0
4.737365378E2,1.671773919E0,8.023958623E-2,2.075853066E0,2.666539401E0
4.737465268E2,1.285953142E0,-5.802385050E-1,2.039883041E0,2.480216730E0
4.737565158E2,1.355526383E0,-9.427717227E-1,1.992820264E0,2.587972740E0
4.737665048E2,1.554021082E0,-1.023220639E0,1.623537021E0,2.469379367E0
4.737764938E2,1.889411817E0,-8.719227648E-1,1.283661764E0,2.444977269E0
4.737864827E2,1.995622543E0,-5.319147760E-1,1.233639711E0,2.405682772E0
4.737964718E2,1.748054502E0,-3.781628251E-2,1.297450083E0,2.177269237E0
4.738064608E2,1.467235684E0,6.849679846E-1,1.073854018E0,1.942967870E0
4.738164498E2,1.210276138E0,1.296382674E0,7.259990662E-1,1.916364008E0
4.738264398E2,1.192570330E0,1.539945518E0,6.017010024E-1,2.038553479E0
4.738364288E2,1.112587583E0,1.481308470E0,3.687181100E-1,1.888935933E0
4.738464178E2,1.106028907E0,1.259328284E0,2.224704757E-1,1.690769287E0
4.738564068E2,1.214843690E0,9.840951651E-1,2.410602361E-1,1.581897128E0
4.738663958E2,1.492056530E0,6.549092031E-1,3.541129348E-1,1.667493545E0
4.738763848E2,1.903237558E0,3.342935050E-1,4.883588666E-1,1.993128128E0
4.738863737E2,2.246787498E0,-5.638703942E-2,7.346927065E-1,2.364531018E0
4.738963628E2,2.395861823E0,-3.922277176E-1,1.101040063E0,2.665761744E0
4.739063518E2,2.366463777E0,-5.574992681E-1,1.331824110E0,2.772131256E0
4.739163417E2,2.094628475E0,-5.247759104E-1,1.441857306E0,2.596499701E0
4.739263308E2,1.650740753E0,-3.545008975E-1,1.380427043E0,2.180870180E0
4.739363198E2,1.158022349E0,-1.574889064E-1,1.304792724E0,1.751657092E0
4.739463088E2,8.581932101E-1,-3.470147073E-2,1.160926661E0,1.444108891E0
4.739562978E2,7.145613277E-1,1.950397253E-2,9.178245771E-1,1.163348723E0
4.739662868E2,6.544667150E-1,-3.928919613E-2,6.289469808E-1,9.085398322E-1
4.739762757E2,5.436865367E-1,-8.471855342E-2,3.742229712E-1,6.654435481E-1
4.739862648E2,3.554649572E-1,-9.437990785E-2,2.055398628E-1,4.213188080E-1
4.739962548E2,6.762538791E-2,-7.149156690E-2,1.415760013E-1,1.724181005E-1
4.740062437E2,-1.596371734E-1,4.282500744E-3,1.399498907E-1,2.123401489E-1
4.740162328E2,-2.535991515E-1,4.574452221E-2,1.698262390E-1,3.086195756E-1
4.740262218E2,-2.597565620E-1,4.555624187E-2,2.472933680E-1,3.615284947E-1
4.740362108E2,-2.571131819E-1,-8.029864311E-2,3.713019946E-1,4.587158506E-1
4.740461998E2,-1.805424312E-1,-3.422562432E-1,3.801964867E-1,5.424797452E-1
4.740561888E2,1.560168698E-2,-6.058504790E-1,3.522356862E-1,7.009766003E-1
4.740661778E2,2.288361932E-1,-8.080565518E-1,2.753945017E-1,8.838345579E-1
4.740761667E2,3.977248313E-1,-7.808769393E-1,1.222038835E-1,8.848093721E-1
4.740861568E2,5.146084794E-1,-5.907827890E-1,-7.813926637E-3,7.835223343E-1
4.740961458E2,6.038801135E-1,-3.658193529E-1,-1.328110251E-1,7.184244976E-1
4.741061347E2,6.323322263E-1,-1.354700464E-1,-2.468100956E-1,6.921787350E-1
4.741161238E2,6.846715307E-1,4.557670712E-2,-2.953188890E-1,7.470378755E-1
4.741261128E2,7.512257087E-1,1.530976474E-1,-3.211589044E-1,8.312171780E-1
4.741361018E2,8.383296338E-1,2.147273004E-1,-3.656334114E-1,9.394637726E-1
4.741460908E2,9.840321614E-1,1.370476252E-1,-4.037809387E-1,1.072445986E0
4.741560798E2,1.055039433E0,-6.414746404E-2,-3.591582048E-1,1.116341219E0
4.741660687E2,1.137335338E0,-3.415808898E-1,-2.817358071E-1,1.220485248E0
4.741760588E2,1.241022844E0,-5.447868365E-1,-2.264015588E-1,1.374113555E0
4.741860478E2,1.276952961E0,-6.448350352E-1,-2.186238849E-1,1.447141144E0
4.741960367E2,1.283620687E0,-6.312893754E-1,-1.863840920E-1,1.442548916E0
4.742060258E2,1.210817736E0,-5.610397571E-1,-1.784707627E-1,1.346364368E0
4.742160145E2,1.125578342E0,-3.991654390E-1,-2.450465754E-1,1.219142106E0
4.742260035E2,1.026419212E0,-1.869156039E-1,-3.002238259E-1,1.085637227E0
4.742359925E2,8.613518760E-1,-2.542895615E-2,-3.245494124E-1,9.208181184E-1
4.742459815E2,6.734460461E-1,3.662695885E-3,-3.442238313E-1,7.563286577E-1
4.742559715E2,4.958579206E-1,-7.737912834E-2,-3.827634144E-1,6.311659357E-1
4.742659605E2,4.169664100E-1,-1.232446879E-1,-4.497868314E-1,6.255864720E-1
4.742759495E2,4.071920581E-1,-1.472223651E-1,-5.223949242E-1,6.785103196E-1
4.742859385E2,4.677082551E-1,-2.907340872E-1,-5.493780702E-1,7.778776159E-1
4.742959275E2,5.848728620E-1,-3.874996591E-1,-3.938690311E-1,8.045899975E-1
4.743059165E2,8.067206092E-1,-3.655322546E-1,-1.880204353E-1,9.054080045E-1
4.743159055E2,1.006826362E0,-3.446489239E-1,-1.253727821E-1,1.071541198E0
4.743258945E2,1.192106354E0,-2.335448098E-1,-4.581205755E-1,1.298281633E0
4.743358835E2,1.315637701E0,-1.781816179E-1,-6.980832893E-1,1.499990510E0
4.743458735E2,1.294189968E0,-2.320911920E-1,-9.916561997E-1,1.646868548E0
4.743558625E2,1.155294477E0,-3.585588652E-1,-1.173483557E0,1.685328883E0
4.743658515E2,9.358449648E-1,-5.681049478E-1,-1.238608675E0,1.653088165E0
4.743758405E2,7.722981969E-1,-6.776946330E-1,-1.256101205E0,1.622807678E0
4.743858295E2,5.989025250E-1,-6.452098417E-1,-1.391613059E0,1.646683601E0
4.743958185E2,3.220329170E-1,-5.146181273E-1,-1.449233715E0,1.571246441E0
4.744058075E2,4.692390561E-2,-3.708479583E-1,-1.312518358E0,1.364710409E0
4.744157965E2,-2.587705752E-1,-2.855148625E-1,-1.296065755E0,1.352134382E0
4.744257855E2,-4.146072046E-1,-7.413684726E-2,-1.437456400E0,1.497890619E0
4.744357755E2,-6.254594091E-1,1.686863244E-2,-1.270224570E0,1.415964153E0
4.744457645E2,-7.585589942E-1,5.795994043E-2,-1.107614234E0,1.343718867E0
4.744557535E2,-6.639624470E-1,-8.224693537E-3,-9.314795798E-1,1.143926564E0
4.744657425E2,-4.556995359E-1,-4.623393416E-2,-8.855621262E-1,9.970054779E-1
4.744757315E2,-1.977081022E-1,-8.787371099E-2,-9.463759464E-1,9.707923128E-1
4.744857205E2,3.536951512E-2,-6.329143167E-2,-9.976117350E-1,1.000242961E0
4.744957095E2,1.304122049E-1,3.449038625E-2,-1.074703034E0,1.083135976E0
4.745056985E2,1.675969881E-1,1.956992912E-1,-1.023182194E0,1.055125000E0
4.745156885E2,1.133579233E-1,3.257325965E-1,-8.267917617E-1,8.958439375E-1
4.745256775E2,5.749976456E-2,3.691253686E-1,-5.936970413E-1,7.014527336E-1
4.745356665E2,1.662363410E-1,3.548534846E-1,-1.073326600E-1,4.062952332E-1
4.745456555E2,2.550874141E-1,1.980720913E-1,4.334584817E-2,3.258542692E-1
4.745556445E2,3.091077930E-1,-1.986533046E-2,2.200915360E-1,3.799770299E-1
4.745656335E2,4.327872214E-1,-2.179286510E-1,4.509669457E-1,6.619432468E-1
4.745756225E2,4.855864093E-1,-3.804467475E-1,4.544396071E-1,7.661913893E-1
4.745856115E2,5.404175046E-1,-3.648329276E-1,4.596225791E-1,7.977512517E-1
4.745956005E2,5.414854985E-1,-2.439581162E-1,3.997776425E-1,7.159219727E-1
4.746055905E2,4.686174971E-1,-1.243755394E-1,3.190457207E-1,5.803979715E-1
4.746155795E2,2.069221446E-1,-1.960688353E-2,2.672078151E-1,3.385280199E-1
4.746255685E2,-1.367982414E-1,8.251707673E-2,2.085153647E-1,2.626813357E-1
4.746355575E2,-3.506344262E-1,1.090014553E-1,1.061977154E-1,3.822352323E-1
4.746455465E2,-4.662794879E-1,9.762394309E-2,1.128517737E-1,4.895738126E-1
4.746555355E2,-5.239771807E-1,1.454214227E-1,1.005059626E-1,5.529926985E-1
4.746655245E2,-5.195862141E-1,1.725378853E-1,1.423351892E-1,5.656840654E-1
4.746755135E2,-4.592040646E-1,1.528719449E-1,1.621456289E-1,5.104208161E-1
4.746855035E2,-3.720606709E-1,8.521907508E-2,2.444130296E-1,4.532429399E-1
4.746954925E2,-2.236659390E-1,-1.599622786E-2,3.335378985E-1,4.019077771E-1
4.747054815E2,-1.673908737E-1,-6.235704660E-2,3.302834845E-1,3.754933901E-1
4.747154705E2,-1.202304482E-1,-1.380165088E-1,3.147648279E-1,3.641164845E-1
4.747254595E2,-1.533058083E-1,-1.729816890E-1,2.572528573E-1,3.458386447E-1
4.747354485E2,-1.736593813E-1,-1.488940841E-1,2.801477033E-1,3.616763258E-1
4.747454375E2,-1.428074250E-1,-2.173901224E-1,2.974074414E-1,3.950994965E-1
4.747554265E2,-4.363981694E-2,-2.052694291E-1,3.321236032E-1,3.928690112E-1
4.747654155E2,1.792613062E-1,-2.489639175E-1,4.000727807E-1,5.041585842E-1
4.747754055E2,4.588251650E-1,-2.549298316E-1,3.345670085E-1,6.224506681E-1
4.747853945E2,7.935987264E-1,-1.915635556E-1,-5.921658017E-2,8.185365830E-1
4.747953835E2,9.634311050E-1,-4.584684849E-2,-4.370413631E-1,1.058917646E0
4.748053725E2,9.602788711E-1,5.264014363E-2,-6.273927909E-1,1.148271836E0
4.748153615E2,7.571805131E-1,1.475252509E-1,-6.826355302E-1,1.030086063E0
4.748253505E2,3.682424390E-1,2.305656534E-1,-5.621021962E-1,7.104378181E-1
4.748353395E2,1.887539685E-2,2.397001737E-1,-2.967596430E-1,3.819407540E-1
4.748453285E2,-1.985851845E-1,1.631741542E-1,-8.908934712E-2,2.720271896E-1
4.748553185E2,-2.390587342E-1,2.160838544E-2,7.337086201E-3,2.401454425E-1
4.748653075E2,-3.494977275E-1,-7.055250406E-3,-2.699834883E-2,3.506099669E-1
4.748752965E2,-3.549721831E-1,-9.294675529E-2,-4.335418046E-2,3.694914547E-1
4.748852855E2,-3.595482141E-1,-1.930978650E-1,-5.729174986E-2,4.121214000E-1
4.748952745E2,-4.317750683E-1,-2.080971426E-1,-1.518171072E-1,5.027748646E-1
4.749052635E2,-4.304489198E-1,-2.120521992E-1,-1.837953834E-1,5.138415619E-1
4.749152525E2,-4.820997146E-1,-1.464774299E-1,-2.399836175E-1,5.580931006E-1
4.749252415E2,-4.960339218E-1,-5.246063411E-2,-2.984068036E-1,5.812472711E-1
4.749352305E2,-4.012043631E-1,-3.023244381E-2,-2.777405508E-1,4.888954440E-1
4.749452205E2,-4.145251974E-1,-4.495573282E-2,-2.847132093E-1,5.048898581E-1
4.749552095E2,-5.864029321E-1,-4.603220522E-2,-3.073359405E-1,6.636586042E-1
4.749651985E2,-8.538294330E-1,9.669540524E-3,-4.144763732E-1,9.491621909E-1
4.749751875E2,-1.145165783E0,1.168349701E-1,-4.496539535E-1,1.235817041E0
4.749851765E2,-1.407925914E0,1.681694305E-1,-6.529581334E-1,1.561054343E0
4.749951655E2,-1.564199477E0,2.164130527E-1,-9.584051308E-1,1.847185699E0
4.750051545E2,-1.646862149E0,2.349072111E-1,-1.161833418E0,2.029086796E0
4.750151435E2,-1.768525457E0,2.807546443E-1,-1.685351007E0,2.459047271E0
4.750251335E2,-1.756788049E0,3.343092924E-1,-1.866479330E0,2.584920123E0
4.750351225E2,-1.950555713E0,3.133604729E-1,-1.607324739E0,2.546832383E0
4.750451115E2,-2.216220155E0,3.663824397E-1,-1.526845416E0,2.716086301E0
4.750551005E2,-2.378306435E0,3.985076272E-1,-1.232895945E0,2.708354157E0
4.750650895E2,-2.620165401E0,3.980462819E-1,-1.262870527E0,2.935736626E0
4.750750785E2,-2.738227116E0,3.838673687E-1,-1.615255317E0,3.202232290E0
4.750850675E2,-2.653537799E0,3.800707716E-1,-1.907402092E0,3.289969511E0
4.750950565E2,-2.514690401E0,1.597231275E-1,-1.849923377E0,3.125923190E0
4.751050455E2,-2.396724287E0,-1.551921201E-1,-1.797769722E0,3.000057978E0
4.751150355E2,-1.989548747E0,-3.690680659E-1,-1.943426203E0,2.805605257E0
4.751250245E2,-1.536581615E0,-4.062312144E-1,-2.227289811E0,2.736224911E0
4.751350135E2,-1.270297076E0,-3.884486622E-1,-2.290205852E0,2.647563005E0
4.751450025E2,-1.298099709E0,-4.727374452E-1,-2.346537050E0,2.723009305E0
4.751549915E2,-1.361290276E0,-5.692685437E-1,-2.417915474E0,2.832577118E0
4.751649805E2,-1.423274270E0,-6.738799095E-1,-2.373602934E0,2.848475851E0
4.751749695E2,-1.450768171E0,-8.109368902E-1,-2.616321441E0,3.099594297E0
4.751849585E2,-1.339588920E0,-8.001411760E-1,-2.775503116E0,3.184044900E0
4.751949485E2,-1.204961750E0,-5.993185544E-1,-2.603263439E0,2.930545355E0
4.752049375E2,-1.239243975E0,-4.719498253E-1,-2.433999117E0,2.771788948E0
4.752149265E2,-1.207200356E0,-4.966379392E-1,-2.462108729E0,2.786747448E0
4.752249152E2,-1.071946364E0,-4.916666365E-1,-2.669694241E0,2.918573698E0
4.752349042E2,-8.996841753E-1,-3.935439259E-1,-2.911279557E0,3.072435043E0
4.752448932E2,-7.036162171E-1,-3.327200192E-1,-2.765832114E0,2.873256980E0
4.752548822E2,-5.436448753E-1,-3.470550531E-1,-2.433065609E0,2.517102545E0
4.752648712E2,-3.663371238E-1,-4.991867405E-1,-2.161917063E0,2.248838740E0
4.752748612E2,-1.808956030E-1,-6.279751736E-1,-2.135122198E0,2.232895617E0
4.752848502E2,2.010456929E-1,-4.795944750E-1,-2.155943255E0,2.217774008E0
4.752948392E2,4.999866396E-1,-3.131336010E-1,-2.058954905E0,2.141806385E0
4.753048282E2,8.363614610E-1,6.429072082E-2,-2.203584907E0,2.357842283E0
4.753148172E2,1.117202644E0,4.514249289E-1,-2.290709005E0,2.588295570E0
4.753248062E2,1.113792840E0,6.665819997E-1,-2.102774816E0,2.471139004E0
4.753347952E2,1.087666604E0,6.547209227E-1,-1.839827282E0,2.235317104E0
4.753447842E2,1.236942219E0,5.237351060E-1,-1.524233758E0,2.031652790E0
4.753547732E2,1.704957160E0,3.715636575E-1,-1.182388574E0,2.107838041E0
4.753647632E2,2.168262169E0,3.983766496E-2,-8.983293754E-1,2.347326893E0
4.753747522E2,2.581506534E0,-5.117032903E-1,-4.573709625E-1,2.671180346E0
4.753847412E2,2.748574934E0,-9.966865593E-1,1.584335241E-1,2.927994100E0
4.753947302E2,2.639369996E0,-1.328049440E0,8.479863104E-1,3.073933973E0
4.754047192E2,2.424784198E0,-1.507504581E0,1.382950994E0,3.172491437E0
4.754147082E2,2.317565851E0,-1.441923965E0,1.572520649E0,3.150091647E0
4.754246972E2,2.230945198E0,-1.011002882E0,1.545188424E0,2.896005969E0
4.754346862E2,2.084368658E0,-5.141100043E-1,1.512648377E0,2.626215321E0
4.754446762E2,1.737829037E0,-9.004829049E-2,1.659394194E0,2.404526470E0
4.754546652E2,1.349758397E0,2.485475957E-1,2.049713380E0,2.466768854E0
4.754646542E2,1.171422121E0,5.081610471E-1,2.517710488E0,2.822999032E0
4.754746432E2,1.429219134E0,7.843367368E-1,2.914228308E0,3.339248131E0
4.754846322E2,1.965986661E0,1.019052744E0,3.188712105E0,3.882197437E0
4.754946212E2,2.439085464E0,1.208735250E0,3.145222270E0,4.159639640E0
4.755046102E2,2.681393934E0,1.177170811E0,2.952769645E0,4.158660016E0
4.755145992E2,2.664363627E0,6.103814864E-1,2.865162567E0,3.959868133E0
4.755245892E2,2.553849497E0,4.346428353E-1,2.349679929E0,3.497435834E0
4.755345782E2,2.456672281E0,1.796258801E-1,1.515783361E0,2.892248840E0
4.755445672E2,2.411593172E0,-4.797523499E-2,8.029051548E-1,2.542191955E0
4.755545562E2,2.182073439E0,-3.268102384E-1,3.514723322E-1,2.234229671E0
4.755645452E2,1.793011404E0,-6.105188960E-1,1.888969329E-1,1.903498166E0
4.755745342E2,1.541430126E0,-5.812453955E-1,3.059143361E-1,1.675540696E0
4.755845232E2,1.627982367E0,-4.047676563E-2,6.501080543E-1,1.753455285E0
4.755945122E2,1.739414656E0,8.239364201E-1,1.380986330E0,2.368872688E0
4.756045012E2,1.598605809E0,1.237501797E0,2.222011822E0,3.004045234E0
4.756144912E2,1.271670294E0,8.346958816E-1,3.166943214E0,3.513316364E0
4.756244802E2,1.260341899E0,2.807248235E-2,4.023796535E0,4.216656059E0
4.756344692E2,1.410216414E0,-9.110242653E-1,4.114213492E0,4.443582812E0
4.756444582E2,1.564384249E0,-1.300143018E0,3.663162493E0,4.190039307E0
4.756544472E2,1.607871599E0,-1.250682591E0,3.125018385E0,3.730308021E0
4.756644362E2,1.583198834E0,-8.823857725E-1,2.546874353E0,3.125970597E0
4.756744252E2,1.573358847E0,-2.694876444E-1,1.934846583E0,2.508328717E0
4.756844142E2,1.567627991E0,1.921541244E-1,1.521988134E0,2.193360118E0
4.756944042E2,1.400844351E0,5.238561434E-1,1.338136179E0,2.006837958E0
4.757043932E2,1.179070863E0,7.406422484E-1,1.328760461E0,1.924672285E0
4.757143822E2,8.046414855E-1,8.715777791E-1,1.435842860E0,1.862455493E0
4.757243712E2,6.470365119E-1,7.805044717E-1,1.453647924E0,1.772268537E0
4.757343602E2,6.972029909E-1,6.151563227E-1,1.306974905E0,1.603961569E0
4.757443492E2,7.961041121E-1,4.656424338E-1,1.150699588E0,1.474691214E0
4.757543382E2,8.542042395E-1,3.492226160E-1,1.031172268E0,1.383812691E0
4.757643272E2,9.271448927E-1,3.250455487E-1,1.006451702E0,1.406484017E0
4.757743172E2,1.070174950E0,3.019467080E-1,1.074724669E0,1.546440866E0
4.757843062E2,1.219635045E0,3.523023444E-1,1.237006830E0,1.772515863E0
4.757942952E2,1.326577696E0,3.821441942E-1,1.311762313E0,1.904353679E0
4.758042842E2,1.322662692E0,3.620350349E-1,1.328768940E0,1.909484972E0
4.758142732E2,1.274171002E0,2.474161595E-1,1.290053355E0,1.830017529E0
4.758242622E2,1.260861424E0,1.610440135E-1,1.184552336E0,1.737489839E0
4.758342512E2,1.283108033E0,1.489519715E-1,1.055076562E0,1.667854750E0
4.758442402E2,1.268169274E0,1.936206061E-1,9.579101640E-1,1.601041576E0
4.758542302E2,1.292269450E0,3.462165624E-1,7.691848469E-1,1.543201726E0
4.758642192E2,1.409026068E0,4.148786616E-1,5.856267142E-1,1.581277146E0
4.758742082E2,1.579954945E0,3.981287277E-1,3.598777047E-1,1.668615017E0
4.758841972E2,1.744149292E0,2.932472205E-1,1.754550612E-1,1.777311218E0
4.758941862E2,1.939992571E0,1.519878459E-1,7.660261810E-2,1.947444336E0
4.759041752E2,2.172247339E0,2.033661604E-3,-1.622280747E-2,2.172308868E0
4.759141642E2,2.439671647E0,-1.424036747E-1,-3.889772505E-2,2.444133709E0
4.759241532E2,2.641778464E0,-2.533738875E-1,-6.555284232E-2,2.654710710E0
4.759341432E2,2.743397809E0,-3.131160593E-1,-9.649776936E-2,2.762894320E0
4.759441322E2,2.645141197E0,-3.493290353E-1,-1.722747606E-1,2.673664400E0
4.759541212E2,2.484393053E0,-3.074167782E-1,-2.620651889E-1,2.517020477E0
4.759641102E2,2.231796114E0,-2.541784644E-1,-3.611693546E-1,2.275074480E0
4.759740992E2,2.084761883E0,-1.569831222E-1,-7.199638626E-1,2.211158921E0
4.759840882E2,1.942335258E0,-1.822413397E-1,-1.099522418E0,2.239381100E0
4.759940772E2,1.741561169E0,-8.513019741E-2,-1.321953717E0,2.188114276E0
4.760040662E2,1.523005111E0,-3.155742288E-3,-1.339925427E0,2.028535106E0
4.760140562E2,1.247920804E0,8.067812741E-2,-1.382385568E0,1.864082926E0
4.760240452E2,1.069785233E0,2.983483315E-2,-1.422887769E0,1.780432579E0
4.760340342E2,8.240869859E-1,-1.733044553E-1,-1.472000580E0,1.695859517E0
4.760440232E2,5.753131029E-1,-4.208989549E-1,-1.550030504E0,1.706087823E0
4.760540122E2,4.784219621E-1,-7.755606508E-1,-1.444047381E0,1.707528839E0
4.760640012E2,5.674252090E-1,-1.142574590E0,-1.437051626E0,1.921604912E0
4.760739902E2,7.145509489E-1,-1.425545329E0,-1.496144172E0,2.186597797E0
4.760839792E2,7.752612734E-1,-1.595369521E0,-1.454646921E0,2.293955452E0
4.760939682E2,9.871428801E-1,-1.600287614E0,-1.430063472E0,2.362298256E0
4.761039582E2,1.030053695E0,-1.329597198E0,-1.667293490E0,2.368270868E0
4.761139472E2,9.873690212E-1,-9.619119984E-1,-1.817362718E0,2.281004061E0
4.761239362E2,1.089840160E0,-7.879280967E-1,-1.826466394E0,2.268162637E0
4.761339252E2,1.122857632E0,-4.750073344E-1,-1.837716145E0,2.205366604E0
4.761439142E2,9.602706850E-1,-1.651119214E-1,-1.671794676E0,1.935013999E0
4.761539032E2,8.421110281E-1,-8.915483594E-2,-1.612591033E0,1.821414123E0
4.761638922E2,7.468822508E-1,-2.212083542E-1,-1.946843169E0,2.096894026E0
4.761738812E2,6.534525155E-1,-3.882732457E-1,-1.795998162E0,1.950221962E0
4.761838712E2,4.531859641E-1,-3.442671007E-1,-1.982155966E0,2.062241409E0
4.761938602E2,3.193173239E-1,-3.633032960E-1,-2.196259369E0,2.248890405E0
4.762038492E2,2.632023261E-1,-3.540600175E-1,-2.300954935E0,2.342867382E0
4.762138382E2,1.622587726E-2,-1.860221493E-1,-2.279213233E0,2.286849466E0
4.762238272E2,-3.114118883E-1,-1.443157142E-1,-2.040637771E0,2.069301066E0
4.762338162E2,-4.508400612E-1,-1.998923296E-1,-1.893304601E0,1.956480518E0
4.762438052E2,-5.466946368E-1,-1.974136949E-1,-1.894482084E0,1.981643146E0
4.762537942E2,-5.247320563E-1,-9.537978172E-2,-1.821806602E0,1.898267718E0
4.762637842E2,-3.953492537E-1,1.429626685E-1,-1.748342185E0,1.798176785E0
4.762737732E2,-3.127380368E-1,3.226978916E-1,-1.643040116E0,1.703384817E0
4.762837622E2,-4.294486074E-1,3.157455522E-1,-1.477345228E0,1.570563683E0
4.762937512E2,-7.461463787E-1,2.125030196E-1,-1.249352349E0,1.470637020E0
4.763037402E2,-9.278395419E-1,2.353434134E-1,-1.046376856E0,1.418159815E0
4.763137292E2,-1.100043990E0,2.974887908E-2,-8.725478321E-1,1.404393639E0
4.763237182E2,-1.115403163E0,-3.963254464E-1,-7.228743142E-1,1.386991475E0
4.763337072E2,-9.915145509E-1,-6.696365851E-1,-4.623662388E-1,1.282691233E0
4.763436962E2,-7.725313546E-1,-7.359036648E-1,-1.090716950E-1,1.072499665E0
4.763536862E2,-5.799674866E-1,-6.203661919E-1,-9.970906019E-2,8.550780047E-1
4.763636752E2,-4.964552137E-1,-5.229118180E-1,-1.331698249E-1,7.332385362E-1
4.763736642E2,-3.465117006E-1,-3.349483931E-1,-2.812674451E-1,5.580073121E-1
4.763836532E2,-2.766450749E-1,-1.760041147E-1,-4.433552597E-1,5.514289004E-1
4.763936422E2,-1.599171089E-1,-1.748902202E-3,-5.669558968E-1,5.890802401E-1
4.764036312E2,2.801167130E-2,1.522363526E-1,-6.320629621E-1,6.507412303E-1
4.764136202E2,2.225928287E-1,2.723662287E-1,-7.237719349E-1,8.047215317E-1
4.764236092E2,3.982322234E-1,2.982284635E-1,-8.876623730E-1,1.017582237E0
4.764335992E2,5.811772755E-1,2.469302559E-1,-1.118124604E0,1.284112225E0
4.764435882E2,7.095026091E-1,1.583045930E-1,-1.185198526E0,1.390377590E0
4.764535772E2,6.523320428E-1,1.669263124E-1,-1.208511375E0,1.383438192E0
4.764635662E2,6.505790475E-1,1.268144131E-2,-9.475355224E-1,1.149450948E0
4.764735552E2,4.621522307E-1,-3.586682081E-2,-6.828015912E-1,8.252812406E-1
4.764835442E2,2.591961063E-1,-1.451050884E-1,-2.798729572E-1,4.081261820E-1
4.764935332E2,6.556672946E-2,-2.084666866E-1,5.448018931E-2,2.252231038E-1
4.765035222E2,-1.341311802E-1,-1.545547736E-1,1.313155631E-1,2.431504239E-1
4.765135122E2,-2.513440266E-1,-9.074644804E-2,1.412873682E-1,3.022761287E-1
4.765235012E2,-2.163804545E-1,-7.889998913E-2,8.534066062E-2,2.456190907E-1
4.765334902E2,-4.174327254E-2,-1.314705509E-1,8.618795872E-4,1.379411084E-1
4.765434792E2,1.804330882E-1,-1.222962695E-1,-5.921248712E-2,2.258729632E-1
4.765534682E2,3.780860804E-1,-8.837072432E-2,-9.862853128E-2,4.006071096E-1
4.765634572E2,4.838598727E-1,-3.355073869E-2,-1.522813761E-1,5.083656617E-1
4.765734462E2,4.971921091E-1,-1.267185187E-1,-2.751699686E-1,5.822165301E-1
4.765834352E2,4.298796934E-1,-3.635769457E-1,-4.566102032E-1,7.248983542E-1
4.765934252E2,3.113240339E-1,-5.732621920E-1,-6.022275807E-1,8.878233236E-1
4.766034142E2,1.253950015E-1,-5.153209627E-1,-6.085069056E-1,8.071928240E-1
4.766134032E2,-1.570790166E-1,-2.890664613E-1,-4.723808016E-1,5.756534185E-1
4.766233922E2,-3.972294259E-1,-9.623522937E-2,-2.087976390E-1,4.589650207E-1
4.766333812E2,-6.019515556E-1,4.601700246E-2,5.977553744E-3,6.037375017E-1
4.766433702E2,-9.087754261E-1,1.546494985E-1,-1.633072514E-2,9.219847803E-1
4.766533592E2,-1.104966176E0,1.671420747E-1,-1.325493622E-1,1.125369298E0
4.766633482E2,-1.303916958E0,2.349738693E-1,-3.145842952E-1,1.361754541E0
4.766733382E2,-1.353339232E0,2.409906542E-1,-4.187840170E-1,1.437005089E0
4.766833272E2,-1.273043074E0,2.306785047E-1,-3.699755538E-1,1.345634851E0
4.766933162E2,-1.176887513E0,1.645388943E-1,-4.181671357E-1,1.259762287E0
4.767033052E2,-1.060126218E0,6.482515633E-2,-4.799523246E-1,1.165514536E0
4.767132942E2,-9.812256441E-1,-1.089804053E-2,-6.533760631E-1,1.178907465E0
4.767232832E2,-8.696142840E-1,-1.357396030E-1,-8.962612152E-1,1.256160184E0
4.767332722E2,-7.285335419E-1,-2.624809259E-1,-1.068713731E0,1.319775131E0
4.767432612E2,-6.638617288E-1,-3.244111258E-1,-1.140526895E0,1.358954220E0
4.767532512E2,-6.775290106E-1,-3.389899886E-1,-1.284212279E0,1.491026811E0
4.767632402E2,-8.000552219E-1,-3.281363869E-1,-1.511440927E0,1.741325794E0
4.767732292E2,-8.876794030E-1,-2.446545196E-1,-1.387339622E0,1.665095127E0
4.767832182E2,-1.018998219E0,-1.703060031E-1,-1.219054416E0,1.597953433E0
4.767932072E2,-1.181446441E0,-1.014176166E-1,-1.109835445E0,1.624141601E0
4.768031962E2,-1.319296304E0,-1.144183159E-2,-1.021585758E0,1.668625516E0
4.768131852E2,-1.403887534E0,8.476006866E-2,-9.350902355E-1,1.688928130E0
4.768231742E2,-1.440853632E0,1.864834946E-1,-8.482438803E-1,1.682365288E0
4.768331642E2,-1.413820200E0,2.714961630E-1,-8.804854274E-1,1.687558091E0
4.768431532E2,-1.260890367E0,3.066139555E-1,-9.842805219E-1,1.628700335E0
4.768531422E2,-1.083825568E0,3.089639515E-1,-1.066832682E0,1.551859709E0
4.768631312E2,-8.216963518E-1,1.969622898E-1,-1.150119252E0,1.427148672E0
4.768731202E2,-5.848586825E-1,-2.351457775E-2,-1.231382686E0,1.363420674E0
4.768831092E2,-3.434762648E-1,-2.650542855E-1,-1.257667090E0,1.330397019E0
4.768930982E2,-1.349780032E-1,-3.866371948E-1,-1.213720586E0,1.280946932E0
4.769030872E2,-9.654337764E-3,-3.856133473E-1,-1.101906620E0,1.167471224E0
4.769130772E2,1.045417839E-1,-3.167313927E-1,-9.856861925E-1,1.040588790E0
4.769230662E2,2.105781162E-1,-2.148267031E-1,-9.348984468E-1,9.821042517E-1
4.769330552E2,2.885320258E-1,-1.307156754E-1,-8.808046854E-1,9.360310953E-1
4.769430442E2,3.113382134E-1,-3.624688983E-2,-7.446709800E-1,8.079481348E-1
4.769530332E2,2.542170560E-1,3.787183106E-2,-6.991936755E-1,7.449378384E-1
4.769630222E2,2.387178415E-1,1.140920413E-1,-4.644431698E-1,5.345190920E-1
4.769730112E2,1.885557479E-1,1.374814886E-1,-3.194719827E-1,3.956220134E-1
4.769830002E2,1.065350997E-1,4.450432777E-2,-2.523231429E-1,2.774839295E-1
4.769929902E2,-4.253937095E-2,-7.488061309E-2,-2.789028311E-1,2.918963746E-1
4.770029792E2,-1.607189083E-1,-1.837078214E-1,-3.309436351E-1,4.112211336E-1
4.770129682E2,-2.142878821E-1,-1.902245432E-1,-3.808285707E-1,4.765869003E-1
4.770229572E2,-2.110730830E-1,-9.771866798E-2,-4.094582927E-1,4.709106900E-1
4.770329462E2,-2.136794794E-1,3.063531697E-2,-4.713072163E-1,5.183897517E-1
4.770429352E2,-2.351785219E-1,1.275874150E-1,-4.332489321E-1,5.092073476E-1
4.770529242E2,-3.243318960E-1,1.464575493E-1,-3.548914915E-1,5.025822950E-1
4.770629132E2,-4.108458370E-1,1.371634001E-1,-2.803049568E-1,5.159253521E-1
4.770729032E2,-4.524455604E-1,1.176541650E-1,-1.987281855E-1,5.079787194E-1
4.770828922E2,-4.904182559E-1,8.395139873E-2,-1.414564623E-1,5.172695949E-1
4.770928812E2,-4.940125394E-1,2.133064270E-2,-6.629521944E-2,4.988972254E-1
4.771028702E2,-4.605284590E-1,-1.429819643E-2,-1.209789649E-1,4.763683553E-1
4.771128592E2,-3.592286637E-1,3.145217299E-2,-3.014063521E-1,4.699790008E-1
4.771228482E2,-2.126515388E-1,8.509043634E-2,-4.947714349E-1,5.452153997E-1
4.771328372E2,-1.051791304E-1,1.318126130E-1,-6.173707364E-1,6.399873753E-1
4.771428262E2,-1.004689059E-1,1.247731501E-1,-7.761921501E-1,7.925506886E-1
4.771528162E2,-1.415312701E-1,1.130553299E-1,-8.247433358E-1,8.444016687E-1
4.771628052E2,-1.755913013E-1,1.266319799E-1,-7.026085225E-1,7.352052090E-1
4.771727942E2,-1.458514854E-1,1.294275337E-1,-4.340844993E-1,4.758713007E-1
4.771827832E2,-9.690619737E-2,6.390831292E-2,-2.072101931E-1,2.375103106E-1
4.771927722E2,4.616581410E-2,5.406335592E-2,-9.118805900E-3,7.167483147E-2
4.772027612E2,2.072153825E-1,-6.402642667E-2,1.382268624E-1,2.571852708E-1
4.772127502E2,4.114615488E-1,-1.370417780E-1,1.669760138E-1,4.647171658E-1
4.772227397E2,6.086460328E-1,-1.771437371E-1,1.087178653E-1,6.431558684E-1
4.772327297E2,8.360638377E-1,-1.509540582E-1,5.127540350E-2,8.511280958E-1
4.772427187E2,1.030203969E0,-2.180783397E-1,6.374985337E-2,1.054960864E0
4.772527077E2,1.231895487E0,-2.338482803E-1,8.745753542E-2,1.256940861E0
4.772626967E2,1.433387030E0,-2.177339387E-1,1.854342118E-2,1.449948380E0
4.772726857E2,1.568980745E0,-2.055202746E-1,1.146463573E-1,1.586531736E0
4.772826747E2,1.719622562E0,-2.242758036E-1,2.068182834E-1,1.746475077E0
4.772926637E2,1.881143708E0,-2.007343286E-1,3.078627746E-1,1.916709526E0
4.773026527E2,1.999704191E0,-2.184601629E-1,5.153711025E-1,2.076571470E0
4.773126427E2,2.004426403E0,-3.486104125E-1,7.347323214E-1,2.163119508E0
4.773226317E2,1.971822621E0,-5.581290132E-1,9.388375698E-1,2.254109231E0
4.773326207E2,1.805658785E0,-6.783378267E-1,1.178454713E0,2.260376377E0
4.773426097E2,1.570153404E0,-7.473688853E-1,1.395458335E0,2.229629101E0
4.773525987E2,1.373777297E0,-7.882268894E-1,1.612740283E0,2.260419632E0
4.773625877E2,1.213886063E0,-7.583791924E-1,1.692043292E0,2.216228525E0
4.773725767E2,1.219552014E0,-5.947495401E-1,1.615100951E0,2.109403995E0
4.773825657E2,1.291497618E0,-3.033289897E-1,1.383862867E0,1.917042255E0
4.773925557E2,1.348654735E0,-8.900105417E-2,1.238136659E0,1.832968403E0
4.774025447E2,1.280824987E0,5.286643088E-2,1.160033791E0,1.728868388E0
4.774125337E2,1.116997992E0,1.715058517E-1,1.049265161E0,1.542094727E0
4.774225227E2,8.914925185E-1,3.252081013E-1,8.899489997E-1,1.300972114E0
4.774325117E2,5.708452454E-1,4.107633913E-1,7.999416398E-1,1.065127919E0
4.774425007E2,2.860881820E-1,4.281565189E-1,7.968455391E-1,9.487503706E-1
4.774524897E2,9.735380173E-2,4.243178219E-1,9.245751876E-1,1.021940631E0
4.774624787E2,1.069751027E-1,4.096003801E-1,1.106601204E0,1.184813221E0
4.774724687E2,2.637021169E-1,3.570894599E-1,1.310404151E0,1.383550045E0
4.774824577E2,4.902907866E-1,2.614085466E-1,1.421184037E0,1.525936942E0
4.774924467E2,8.442815146E-1,1.566012990E-1,1.522622119E0,1.748059884E0
4.775024357E2,1.304108015E0,-3.877873421E-3,1.713097946E0,2.153001934E0
4.775124247E2,1.813904821E0,-7.803927898E-2,1.740149358E0,2.514848031E0
4.775224137E2,2.265622988E0,-1.324604845E-1,1.632346144E0,2.795558484E0
4.775324027E2,2.607842978E0,-1.525076634E-1,1.599613284E0,3.063146462E0
4.775423917E2,2.822217399E0,-1.784593606E-1,1.470550032E0,3.187361948E0
4.775523817E2,2.882370338E0,-1.988901168E-1,1.296891382E0,3.166945421E0
4.775623707E2,2.820771967E0,-2.818568444E-1,1.114482812E0,3.046025231E0
4.775723597E2,2.644215291E0,-3.794609070E-1,8.895497811E-1,2.815521958E0
4.775823487E2,2.440536889E0,-4.436873084E-1,5.478722660E-1,2.540323356E0
4.775923377E2,2.276647328E0,-3.908015817E-1,1.357173836E-1,2.313929156E0
4.776023267E2,2.077799896E0,-1.621362734E-1,-3.438396692E-1,2.112289350E0
4.776123157E2,1.722000332E0,-1.263296789E-1,-4.533216195E-1,1.785145602E0
4.776223057E2,1.435679723E0,-3.484823585E-2,-5.742550492E-1,1.546660767E0
4.776322947E2,1.180863620E0,1.163595915E-1,-6.370330954E-1,1.346770065E0
4.776422837E2,8.741295040E-1,2.411204624E-1,-5.324568129E-1,1.051547300E0
4.776522727E2,7.367240292E-1,4.445433408E-1,-1.848170382E-1,8.800786412E-1
4.776622617E2,9.078960049E-1,6.851749760E-1,1.251770465E-1,1.144294191E0
4.776722507E2,1.259797230E0,8.595939106E-1,5.852159473E-1,1.633544752E0
4.776822397E2,1.689462331E0,6.858386350E-1,1.240737939E0,2.205467804E0
4.776922287E2,2.172618930E0,2.930489999E-1,1.907967810E0,2.906284895E0
4.777022187E2,2.893531211E0,4.990832448E-2,2.374422422E0,3.743380230E0
4.777122077E2,3.827849321E0,1.969342232E-3,2.380567553E0,4.507719621E0
4.777221967E2,4.649170867E0,-2.647677720E-1,2.060669016E0,5.092273413E0
4.777321857E2,4.996610082E0,-5.277182293E-1,1.290228772E0,5.187416421E0
4.777421747E2,3.456048267E0,-3.197596657E-1,-2.698307006E0,4.396291228E0
4.777521637E2,-1.386870383E-1,9.110154945E-1,-6.060192297E0,6.129854321E0
4.777621527E2,-4.869427294E0,2.485768318E0,-5.984422907E0,8.105780890E0
4.777721417E2,-7.837211419E0,3.687690977E0,-7.559199119E0,1.149619237E1
4.777821317E2,-8.013152384E0,2.418354599E0,-8.710893027E0,1.208050940E1
4.777921207E2,-5.586394751E0,-8.639635348E-1,-4.032046663E0,6.943460204E0
4.778021097E2,-5.265818814E0,-4.599435035E0,-7.203117719E-1,7.028691164E0
4.778120987E2,-5.240413247E0,-6.892719446E0,-2.775035339E0,9.092432760E0
4.778220877E2,-5.172969707E0,-7.092018868E0,-4.777120224E0,9.993859357E0
4.778320767E2,-5.259548260E0,-5.571934002E0,-2.674464399E0,8.115544113E0
4.778420657E2,-6.059473089E0,-3.722013549E0,5.935684025E-2,7.111548510E0
4.778520547E2,-6.373826419E0,-2.226894540E0,1.100864062E0,6.840805815E0
4.778620447E2,-5.602310872E0,-1.415226163E0,9.553043523E-1,5.856736173E0
4.778720337E2,-4.212360469E0,-1.011806874E0,7.752180040E-2,4.332867814E0
4.778820227E2,-2.475330746E0,-1.213687257E0,-8.063664141E-1,2.872372861E0
4.778920117E2,-7.042940556E-1,-1.851444823E0,-5.841900533E-1,2.065225427E0
4.779020007E2,8.441375269E-1,-2.596040373E0,7.367491722E-3,2.729843963E0
4.779119897E2,2.273085497E0,-2.998213620E0,3.731067377E-1,3.780927297E0
4.779219787E2,3.135579334E0,-3.010652402E0,3.533013412E-1,4.361273608E0
4.779319677E2,3.550436653E0,-2.386045225E0,3.311380550E-1,4.290508671E0
4.779419577E2,3.666162991E0,-1.394600109E0,3.418755895E-1,3.937326436E0
4.779519467E2,3.449389458E0,-2.865135670E-1,3.971162823E-1,3.483974598E0
4.779619357E2,2.993470944E0,7.446832591E-1,3.613965189E-1,3.105805675E0
4.779719247E2,2.417803207E0,1.656398081E0,2.667733669E-1,2.942888883E0
4.779819137E2,1.765479204E0,2.342008089E0,1.543504134E-1,2.936961485E0
4.779919027E2,9.416321003E-1,2.713637820E0,2.043520010E-1,2.879628617E0
4.780018917E2,2.617440306E-1,2.942482638E0,6.733302712E-2,2.954868483E0
4.780118807E2,-1.616015455E-1,2.958504009E0,-9.660477340E-2,2.964488744E0
4.780218707E2,-2.855929229E-1,2.628255608E0,-1.259098488E-1,2.646723285E0
4.780318597E2,-1.458351132E-1,2.342231453E0,-2.773644286E-1,2.363101159E0
4.780418487E2,9.439744949E-3,2.423323563E0,-4.370366853E-1,2.462435231E0
4.780518377E2,1.438689870E-1,2.737558780E0,-5.762629831E-1,2.801250682E0
4.780618267E2,3.797893743E-1,3.070641911E0,-7.725671688E-1,3.189034610E0
4.780718157E2,6.743376003E-1,3.299775581E0,-1.028996811E0,3.521659342E0
4.780818047E2,9.144026403E-1,3.377919526E0,-1.138697009E0,3.680095568E0
4.780917947E2,1.069377683E0,3.275555245E0,-1.043445281E0,3.600223444E0
4.781017837E2,1.037800233E0,2.968770550E0,-8.139900139E-1,3.248570093E0
4.781117727E2,7.426845346E-1,2.338241313E0,-5.312809378E-1,2.510221542E0
4.781217617E2,3.234249929E-1,1.553441477E0,1.511359066E-1,1.593934193E0
4.781317507E2,-1.882451145E-1,7.340799183E-1,8.100948912E-1,1.109307569E0
4.781417397E2,-8.038443638E-1,4.748348415E-2,1.127431471E0,1.385468211E0
4.781517287E2,-1.162311720E0,-4.816521102E-1,9.108646363E-1,1.553264844E0
4.781617177E2,-1.210284324E0,-9.167013270E-1,3.438703671E-1,1.556719723E0
4.781717077E2,-1.031868379E0,-1.150588199E0,-7.661957502E-2,1.547409485E0
4.781816967E2,-6.560573038E-1,-1.466288728E0,1.178827912E-2,1.606409905E0
4.781916857E2,-1.313290483E-1,-2.191668574E0,5.255179220E-1,2.257615455E0
4.782016747E2,6.695849834E-1,-3.228889201E0,1.197816744E0,3.508394858E0
4.782116637E2,1.496099587E0,-4.375199577E0,1.915061359E0,5.004812217E0
4.782216523E2,2.177708931E0,-5.138921955E0,2.464847565E0,6.101344817E0
4.782316413E2,2.559121639E0,-5.279776118E0,2.624132152E0,6.427379634E0
4.782416303E2,2.380130620E0,-4.848163310E0,2.547340668E0,5.971486727E0
4.782516203E2,1.808257726E0,-4.046421166E0,2.361244259E0,5.021831808E0
4.782616093E2,1.367809044E0,-3.259645556E0,1.961011704E0,4.042493987E0
4.782715983E2,1.133697639E0,-2.553339912E0,1.444598481E0,3.145104102E0
4.782815873E2,9.688546899E-1,-1.936795460E0,9.117610145E-1,2.349715772E0
4.782915763E2,8.105932201E-1,-1.453345331E0,4.609515050E-1,1.726774539E0
4.783015653E2,6.723121248E-1,-9.839045459E-1,9.477050185E-2,1.195430130E0
4.783115543E2,6.454294047E-1,-5.590458566E-1,-2.181929451E-1,8.813169393E-1
4.783215443E2,6.324526790E-1,-1.829435903E-1,-3.882042485E-1,7.643083716E-1
4.783315333E2,7.405926932E-1,1.573257691E-1,-4.721521389E-1,8.922760656E-1
4.783415223E2,8.730898690E-1,4.736244678E-1,-5.033049345E-1,1.113517810E0
4.783515113E2,1.032019822E0,7.683001631E-1,-5.589546400E-1,1.402775942E0
4.783615003E2,1.243904498E0,9.837490100E-1,-5.666332036E-1,1.684082451E0
4.783714893E2,1.440763292E0,1.210542040E0,-6.369687760E-1,1.986690745E0
4.783814783E2,1.694464039E0,1.444182159E0,-7.914647850E-1,2.362898008E0
4.783914673E2,1.957535826E0,1.632992261E0,-8.470226893E-1,2.686272077E0
4.784014573E2,2.133321548E0,1.872127594E0,-9.182283273E-1,2.983130204E0
4.784114463E2,2.395566831E0,1.989509279E0,-1.067881380E0,3.291999127E0
4.784214353E2,2.576427058E0,2.121442929E0,-1.114556194E0,3.518626436E0
4.784314243E2,2.653033769E0,2.160628045E0,-1.110204404E0,3.597145472E0
4.784414133E2,2.678909453E0,2.145869672E0,-1.241446621E0,3.650000304E0
4.784514023E2,2.737621637E0,2.192642135E0,-1.368224197E0,3.764875724E0
4.784613913E2,2.727324691E0,2.213181649E0,-1.548200617E0,3.838410886E0
4.784713803E2,2.547825403E0,2.147809194E0,-1.721056591E0,3.750537882E0
4.784813703E2,2.314863853E0,2.001375618E0,-1.552508554E0,3.431381912E0
4.784913593E2,2.136023838E0,1.934437278E0,-1.089211146E0,3.080750938E0
4.785013483E2,2.168923489E0,1.951159730E0,-6.088343132E-1,2.980257139E0
4.785113373E2,2.319160679E0,1.950655700E0,-1.424753031E-1,3.033786928E0
4.785213263E2,2.423399577E0,1.816306565E0,4.039285809E-2,3.028773123E0
4.785313153E2,2.208357697E0,1.551533530E0,-5.021243817E-1,2.745219282E0
4.785413043E2,1.751312424E0,1.478888893E0,-1.630606597E0,2.813020696E0
4.785512943E2,1.163481309E0,1.475056627E0,-2.369886444E0,3.024209412E0
4.785612833E2,4.323785010E-1,1.220394598E0,-2.219294913E0,2.569354794E0
4.785712723E2,-3.958477288E-2,5.932824737E-1,-1.809622320E0,1.904805499E0
4.785812613E2,-5.614212880E-1,-3.579782367E-2,-1.548226930E0,1.647264998E0
4.785912503E2,-1.322361268E0,-8.485017425E-1,-1.143356070E0,1.943156616E0
4.786012393E2,-2.574260080E0,-1.848628219E0,-7.179436496E-1,3.249566792E0
4.786112283E2,-3.982495604E0,-2.897626308E0,-3.714592847E-1,4.939077997E0
4.786212173E2,-5.374270631E0,-4.012999066E0,-3.194871855E-1,6.714835693E0
4.786312073E2,-6.512040564E0,-4.813024467E0,-3.458823940E-1,8.105030010E0
4.786411963E2,-7.603367817E0,-5.178773069E0,1.649213022E-1,9.200983192E0
4.786511853E2,-8.266764838E0,-5.306195008E0,8.538542837E-1,9.860231918E0
4.786611743E2,-8.299648994E0,-5.277916703E0,1.028558855E0,9.889312993E0
4.786711633E2,-7.804289256E0,-4.978402437E0,1.159749032E0,9.329332207E0
4.786811523E2,-6.804349891E0,-4.635608250E0,1.156099200E0,8.314120918E0
4.786911413E2,-5.588094537E0,-4.170358749E0,9.735403562E-1,7.040346119E0
4.787011313E2,-4.338262716E0,-3.644912163E0,7.858371323E-1,5.720441248E0
4.787111203E2,-3.079447818E0,-3.380001719E0,4.734578222E-1,4.596909048E0
4.787211093E2,-1.941513140E0,-3.076747574E0,-3.033096939E-2,3.638237055E0
4.787310983E2,-9.343400377E-1,-2.741009222E0,-3.014502794E-1,2.911527972E0
4.787410873E2,-8.207970500E-2,-2.177532345E0,-6.006680918E-1,2.260350935E0
4.787510763E2,5.922698821E-1,-1.201323904E0,-9.487931854E-1,1.641393081E0
4.787610653E2,9.155334918E-1,-5.569993311E-1,-1.022090080E0,1.480917946E0
4.787710543E2,1.013017248E0,7.301008880E-2,-1.105789756E0,1.501434448E0
4.787810443E2,1.213226497E0,1.034971204E0,-1.630943104E0,2.281021555E0
4.787910333E2,1.039632458E0,1.637233247E0,-1.904905038E0,2.718461248E0
4.788010223E2,5.675757748E-1,2.124650711E0,-1.877981241E0,2.891901874E0
4.788110113E2,2.837399402E-1,2.631444679E0,-1.823328194E0,3.213959421E0
4.788210003E2,7.189999491E-2,3.088335586E0,-1.799930560E0,3.575295277E0
4.788309893E2,-1.387972583E-1,3.432864057E0,-1.886464967E0,3.919511498E0
4.788409783E2,-2.808910306E-1,3.748331866E0,-1.889920086E0,4.207218735E0
4.788509673E2,-3.351300953E-1,4.184031878E0,-2.076415275E0,4.682940885E0
4.788609573E2,-2.836589563E-1,4.600733702E0,-2.160409943E0,5.090636907E0
4.788709463E2,-3.816077122E-1,4.862854439E0,-2.118722219E0,5.318078749E0
4.788809353E2,-5.439645718E-1,5.018485685E0,-2.063499361E0,5.453359115E0
4.788909243E2,-7.258442612E-1,5.015925774E0,-1.884538894E0,5.407203353E0
4.789009133E2,-7.808769393E-1,4.852660403E0,-1.557888284E0,5.156073864E0
4.789109023E2,-6.969172083E-1,4.440401294E0,-1.245826478E0,4.664219213E0
4.789208913E2,-5.597269110E-1,3.778713414E0,-1.008197973E0,3.950750870E0
4.789308813E2,-6.701295054E-1,3.072529392E0,-9.297230762E-1,3.279313254E0
4.789408703E2,-7.269273117E-1,2.398457694E0,-8.095537314E-1,2.633704591E0
4.789508593E2,-8.145460841E-1,1.880385032E0,-6.487164170E-1,2.149457183E0
4.789608483E2,-8.883363377E-1,1.595743743E0,-2.013313293E-1,1.837409548E0
4.789708373E2,-8.314780127E-1,1.227621172E0,2.081638008E-1,1.497244668E0
4.789808263E2,-9.722921218E-1,6.851217663E-1,2.650864452E-1,1.218611763E0
4.789908153E2,-1.290249237E0,2.005097955E-1,1.735096925E-1,1.317214062E0
4.790008043E2,-1.962621442E0,-2.160511100E-1,5.961616427E-1,2.062515384E0
4.790107943E2,-3.090212249E0,-3.809624720E-1,1.242856677E0,3.352497110E0
4.790207833E2,-4.568059753E0,-4.612453276E-1,1.738106780E0,4.909270041E0
4.790307723E2,-5.965348120E0,-9.547012120E-1,1.717890032E0,6.280762593E0
4.790407613E2,-6.989491450E0,-2.040013434E0,1.264988388E0,7.390185462E0
4.790507503E2,-6.967787170E0,-3.652842742E0,5.393576968E-1,7.885697487E0
4.790607393E2,-5.872325935E0,-4.906692184E0,-9.117680311E-2,7.652983294E0
4.790707283E2,-4.086657319E0,-5.463068787E0,-3.361613980E-1,6.830731520E0
4.790807183E2,-1.930636295E0,-5.737047678E0,1.314033079E-1,6.054613067E0
4.790907073E2,1.689868895E-1,-6.166429188E0,6.466842172E-1,6.202548346E0
4.791006963E2,2.145666628E0,-6.657104722E0,1.479789364E0,7.149175135E0
4.791106853E2,3.473830819E0,-6.906506011E0,2.488197544E0,8.121480952E0
4.791206743E2,3.645194876E0,-6.364450409E0,2.931603894E0,7.898605958E0
4.791306633E2,3.635317759E0,-4.988912807E0,2.593626643E0,6.695646748E0
4.791406523E2,3.528115200E0,-3.361001776E0,2.038427085E0,5.281961263E0
4.791506413E2,3.192195584E0,-2.056138301E0,1.643876268E0,4.137649882E0
4.791606313E2,2.247655810E0,-4.784542680E-1,9.129605708E-1,2.472725648E0
4.791706203E2,1.473955304E0,9.678159320E-1,-2.058044493E-1,1.775265442E0
4.791806093E2,1.363993005E0,1.668073801E0,-1.048618313E0,2.396361302E0
4.791905983E2,1.233533146E0,2.264760523E0,-1.477496086E0,2.972160651E0
4.792005873E2,9.770837688E-1,2.952340459E0,-1.653250524E0,3.521965953E0
4.792105763E2,7.561601740E-1,3.555800596E0,-1.673645613E0,4.002072679E0
4.792205648E2,5.440166120E-1,4.025633145E0,-1.531137857E0,4.341204836E0
4.792305548E2,3.996164055E-1,4.391509216E0,-1.372360225E0,4.618270136E0
4.792405438E2,2.882411268E-1,4.499289188E0,-1.247278342E0,4.677861627E0
4.792505328E2,2.661142395E-1,4.430635275E0,-9.820176494E-1,4.545954728E0
4.792605218E2,3.916216537E-1,4.227366178E0,-7.060042199E-1,4.303769776E0
4.792705108E2,6.881225574E-1,3.967669111E0,-4.729321575E-1,4.054574658E0
4.792804998E2,1.147794253E0,3.696829006E0,-3.252709588E-1,3.884556287E0
4.792904888E2,1.583943039E0,3.453814046E0,-1.347742277E-1,3.802087730E0
4.793004778E2,1.918526712E0,3.186140792E0,9.292629004E-2,3.720332403E0
4.793104678E2,1.997510024E0,2.758857263E0,3.046563077E-1,3.419671791E0
4.793204568E2,2.114209923E0,2.166116241E0,6.195522594E-1,3.089625895E0
4.793304458E2,2.437103112E0,1.373041425E0,1.092909510E0,3.003192556E0
4.793404348E2,2.885998535E0,5.810062444E-1,1.618523326E0,3.359490074E0
4.793504238E2,3.252889390E0,6.967132866E-2,2.138998317E0,3.893771601E0
4.793604128E2,3.282218439E0,-9.004712105E-2,2.668683549E0,4.231186389E0
4.793704018E2,2.933165685E0,1.997724617E-1,2.974429486E0,4.182176555E0
4.793803918E2,2.470039308E0,7.283087164E-1,3.048269587E0,3.990422940E0
4.793903808E2,1.950190846E0,1.247574795E0,2.909886750E0,3.718484652E0
4.794003698E2,1.906487002E0,1.428640845E0,2.557695503E0,3.495356010E0
4.794103588E2,1.952620072E0,4.949504328E-1,2.296358877E0,3.054662857E0
4.794203478E2,1.916983485E0,-1.016325018E0,1.964782281E0,2.927133689E0
4.794303368E2,1.977779472E0,-2.725570233E0,1.647387229E0,3.748897094E0
4.794403258E2,2.465643371E0,-4.658986588E0,1.976018875E0,5.629405284E0
4.794503148E2,3.919119095E0,-6.681610402E0,1.921625444E0,7.980980917E0
4.794603048E2,5.257953140E0,-7.219160140E0,9.292167073E-1,8.979186379E0
4.794702938E2,3.959278649E0,-4.957540156E0,-4.873560691E-1,6.363223064E0
4.794802828E2,1.195613221E0,-2.429904020E-1,-2.365765911E0,2.661838398E0
4.794902718E2,-1.402151642E0,4.294800947E0,-2.818626332E0,5.325035098E0
4.795002608E2,-4.445781902E0,6.407212266E0,5.287087476E-1,7.816449238E0
4.795102498E2,-7.261878144E0,5.968654135E0,3.268329840E0,9.951968966E0
4.795202388E2,-6.352945427E0,3.310180702E0,7.017641115E-1,7.197894466E0
4.795302288E2,-3.072291411E0,-3.392899507E-1,-3.550792456E0,4.707676630E0
4.795402178E2,-8.037293199E-1,-4.443881557E0,-6.298286825E0,7.749998777E0
4.795502068E2,-7.307176231E-1,-8.323571708E0,-6.457759691E0,1.056022985E1
4.795601958E2,-2.227174329E0,-1.000239912E1,-4.096971515E0,1.103600785E1
4.795701848E2,-3.555156233E0,-9.114583041E0,-9.753383750E-1,9.831889178E0
4.795801738E2,-3.210303826E0,-6.317027736E0,5.217967540E-1,7.105150380E0
4.795901628E2,-2.269720863E0,-3.008680721E0,-6.010855830E-1,3.816424551E0
4.796001528E2,-1.651287322E0,-6.726098943E-1,-1.634140947E0,2.418588539E0
4.796101418E2,-1.209414697E0,7.179965669E-1,-2.001775275E0,2.446488756E0
4.796201308E2,-1.031949509E0,1.384108450E0,-2.061342908E0,2.688830708E0
4.796301198E2,-9.269523731E-1,1.488404067E0,-2.030827166E0,2.683066594E0
4.796401088E2,-9.228559600E-1,1.290265317E0,-1.852618943E0,2.438984350E0
4.796500978E2,-1.014999162E0,1.106410730E0,-1.399668184E0,2.052666321E0
4.796600868E2,-1.198450875E0,1.001853744E0,-8.468963894E-1,1.776859285E0
4.796700758E2,-1.267426239E0,1.006683544E0,-3.799637675E-1,1.662574357E0
4.796800658E2,-1.223173195E0,1.139962054E0,1.485976303E-1,1.678614728E0
4.796900548E2,-9.274736524E-1,1.360358815E0,4.523324168E-1,1.707450759E0
4.797000438E2,-4.452900302E-1,1.649672613E0,3.925168625E-1,1.753217736E0
4.797100328E2,1.010892954E-1,1.869492254E0,2.340909398E-1,1.886801235E0
4.797200218E2,6.270684166E-1,1.807591875E0,1.582940680E-1,1.919807333E0
4.797300108E2,1.273645776E0,1.621459213E0,9.771340549E-2,2.064182998E0
4.797399998E2,1.524821257E0,1.208773257E0,1.999116254E-1,1.956061683E0
4.797499898E2,1.634568670E0,7.215008032E-1,5.869271350E-1,1.880654569E0
4.797599788E2,1.759118164E0,2.931396317E-1,9.445614092E-1,2.018074284E0
4.797699678E2,1.753121845E0,-8.214811742E-2,1.263380989E0,2.162479142E0
4.797799568E2,1.488462831E0,-4.019335109E-1,1.656030583E0,2.262633297E0
4.797899458E2,1.238144698E0,-6.752984440E-1,1.995482794E0,2.443559261E0
4.797999348E2,1.061698827E0,-8.694973397E-1,2.238213580E0,2.625419976E0
4.798099238E2,9.809498017E-1,-9.453795809E-1,2.328382908E0,2.697660473E0
4.798199138E2,9.804082033E-1,-8.694663495E-1,2.364438009E0,2.703283018E0
4.798299028E2,1.048757915E0,-6.297895646E-1,2.172246462E0,2.493026825E0
4.798398918E2,1.131242686E0,-2.542193949E-1,1.924666581E0,2.246926559E0
4.798498808E2,7.656943515E-1,3.041359055E-1,1.900612597E0,2.071500599E0
4.798598698E2,3.328239535E-1,6.264063656E-1,1.989435604E0,2.112110494E0
4.798698588E2,1.316317879E-1,8.921851212E-1,1.770049096E0,1.986553553E0
4.798798478E2,1.552464992E-1,1.005042230E0,1.081196952E0,1.484317422E0
4.798898368E2,2.152433172E-1,7.166780198E-1,1.829503146E-1,7.703427076E-1
4.798998268E2,4.387545973E-1,1.459102499E-1,-7.703487352E-1,8.984612242E-1
4.799098158E2,7.333191955E-1,-2.532318002E-1,-1.484049060E0,1.674599952E0
4.799198048E2,6.144841853E-1,-1.198433626E-1,-1.734117809E0,1.843669662E0
4.799297938E2,-3.062362254E-1,1.387637830E-1,-2.241928023E0,2.266997414E0
4.799397828E2,-1.325808933E0,4.809100986E-1,-2.264450329E0,2.667729210E0
4.799497718E2,-2.022359667E0,6.420295411E-1,-1.779512668E0,2.769260892E0
4.799597608E2,-2.339771529E0,5.917873406E-1,-1.138360502E0,2.668446683E0
4.799697508E2,-2.216090639E0,4.985757065E-1,-9.181175226E-1,2.450015355E0
4.799797398E2,-1.712371137E0,4.368852425E-1,-1.514489665E0,2.327393944E0
4.799897288E2,-1.138664703E0,1.965950847E-2,-2.413000012E0,2.668241529E0
4.799997178E2,-6.187494367E-1,-1.029554343E0,-2.464785585E0,2.741897334E0
4.800097068E2,-4.457274020E-2,-1.786231996E0,-1.817421044E0,2.548652727E0
4.800196958E2,4.994624367E-1,-1.948543101E0,-1.091147159E0,2.288424144E0
4.800296848E2,7.929575792E-1,-2.018346577E0,-6.752282774E-1,2.271219464E0
4.800396738E2,1.087926951E0,-2.030615789E0,-8.658162251E-1,2.461020778E0
4.800496638E2,1.503976225E0,-2.013070634E0,-1.174473782E0,2.773767569E0
4.800596528E2,1.936004624E0,-1.965377820E0,-1.371387248E0,3.080832170E0
4.800696418E2,2.019346451E0,-1.891464336E0,-1.289516289E0,3.052580823E0
4.800796308E2,1.856072309E0,-1.729600543E0,-9.474132425E-1,2.708156994E0
4.800896198E2,1.696470073E0,-1.411664039E0,-6.305295298E-1,2.295293784E0
4.800996088E2,1.619805036E0,-9.782818633E-1,-5.887479579E-1,1.981773931E0
4.801095978E2,1.507377112E0,-5.222054744E-1,-7.326602143E-1,1.755470109E0
4.801195878E2,1.290590568E0,-6.756165326E-2,-8.128299263E-1,1.526722333E0
4.801295768E2,1.108612500E0,3.857361388E-1,-7.932584184E-1,1.416712025E0
4.801395658E2,8.971581781E-1,7.898711264E-1,-6.723327363E-1,1.371430093E0
4.801495548E2,7.798007593E-1,9.897950310E-1,-4.515149760E-1,1.338525009E0
4.801595438E2,8.787935355E-1,9.378846198E-1,-1.467335379E-1,1.293613686E0
4.801695328E2,1.097935922E0,7.134357387E-1,1.200613175E-1,1.314864466E0
4.801795218E2,1.398755579E0,3.273581225E-1,3.003438400E-1,1.467612665E0
4.801895118E2,1.706023400E0,-2.433494210E-2,5.472058296E-1,1.791798608E0
4.801995008E2,1.855449142E0,-2.492545241E-1,8.154735987E-1,2.042012861E0
4.802094898E2,2.046645054E0,-3.404430217E-1,1.000464445E0,2.303385885E0
4.802194788E2,2.188498652E0,-3.348180002E-1,1.089564756E0,2.467545501E0
4.802294683E2,2.327532138E0,-2.801938963E-1,1.217258736E0,2.641521021E0
4.802394573E2,2.404611304E0,-2.093958092E-1,1.320317520E0,2.751225269E0
4.802494463E2,2.399484465E0,-1.275277734E-1,1.393465750E0,2.777685336E0
4.802594352E2,2.269647334E0,8.313571215E-3,1.501297177E0,2.721260985E0
4.802694253E2,2.202470135E0,1.045815450E-1,1.583701987E0,2.714760391E0
4.802794143E2,2.191743564E0,1.739675295E-1,1.607899958E0,2.723847798E0
4.802894032E2,2.207535139E0,1.956805801E-1,1.516967715E0,2.685645794E0
4.802993923E2,2.243985366E0,1.682799429E-1,1.457178766E0,2.680887618E0
4.803093813E2,2.358667830E0,1.541460532E-1,1.267187380E0,2.681946829E0
4.803193703E2,2.470146604E0,1.016456580E-1,1.006878841E0,2.669412124E0
4.803293593E2,2.547438902E0,8.157742918E-2,7.777287984E-1,2.664763014E0
4.803393493E2,2.638902803E0,1.452769965E-1,5.234636490E-1,2.694239708E0
4.803493383E2,2.715703642E0,3.148520976E-1,1.762045281E-1,2.739566781E0
4.803593273E2,2.790255641E0,5.135901868E-1,-9.905548766E-2,2.838857766E0
4.803693163E2,3.078394442E0,5.887625760E-1,-3.161403854E-1,3.150094991E0
4.803793053E2,3.669214068E0,6.806188256E-1,-8.037582636E-1,3.817381460E0
4.803892942E2,4.336841258E0,7.919357783E-1,-1.509310932E0,4.659761138E0
4.803992833E2,4.964303046E0,8.355045515E-1,-2.863114872E0,5.791355572E0
4.804092733E2,5.108041640E0,7.583774382E-1,-4.028652939E0,6.549600770E0
4.804192622E2,4.267968366E0,3.768787766E-1,-4.219090029E0,6.013178216E0
4.804292513E2,2.728616925E0,-4.199248087E-1,-3.892682079E0,4.772280476E0
4.804392403E2,8.602346192E-1,-1.405765368E0,-3.181454834E0,3.582992427E0
4.804492293E2,-1.629591082E0,-2.555589920E0,-3.096153898E0,4.332756154E0
4.804592183E2,-3.188439625E0,-2.972149656E0,-2.601459573E0,5.076161220E0
4.804692073E2,-3.775851787E0,-3.358506770E0,-6.538415015E-1,5.095501265E0
4.804791962E2,-5.596665970E0,-3.614447585E0,3.600221309E-1,6.672069938E0
4.804891863E2,-7.796643437E0,-2.791154358E0,-9.907776555E-1,8.340253707E0
4.804991753E2,-8.223891883E0,-1.099350802E0,-3.134297624E0,8.869317420E0
4.805091642E2,-7.281887316E0,7.846805531E-1,-4.376255292E0,8.531894094E0
4.805191533E2,-5.866044856E0,1.685483885E0,-4.418210234E0,7.534714318E0
4.805291423E2,-4.376283651E0,1.164277115E0,-3.664556176E0,5.825493264E0
4.805391313E2,-2.764212728E0,6.327973723E-2,-2.832295952E0,3.958127928E0
4.805491203E2,-1.629657302E0,-6.986756122E-1,-2.706317106E0,3.235441672E0
4.805591103E2,-1.010586999E0,-1.145158474E0,-2.770031292E0,3.163186269E0
4.805690993E2,-6.285938090E-1,-1.475056043E0,-2.574246047E0,3.032764945E0
4.805790883E2,-3.697460505E-1,-1.719441006E0,-2.319701108E0,2.911048393E0
4.805890773E2,-7.165821254E-2,-1.826981242E0,-2.154627632E0,2.825847765E0
4.805990663E2,2.497953916E-1,-1.689661721E0,-1.890043024E0,2.547472689E0
4.806090552E2,4.739888956E-1,-1.322629071E0,-1.638441427E0,2.158356653E0
4.806190443E2,6.552063878E-1,-8.575900698E-1,-1.536996183E0,1.878061076E0
4.806290343E2,7.073958573E-1,-3.262214237E-1,-1.429525529E0,1.627996484E0
4.806390232E2,6.052201492E-1,2.851517504E-1,-1.327498778E0,1.486558427E0
4.806490123E2,5.066281995E-1,9.118083769E-1,-1.239763500E0,1.620209920E0
4.806590013E2,2.722881684E-1,1.297817581E0,-9.488048798E-1,1.630552673E0
4.806689903E2,1.055042356E-2,1.338366852E0,-5.339390820E-1,1.440981639E0
4.806789793E2,-3.758907433E-1,1.158397740E0,-3.520832200E-1,1.267730953E0
4.806889683E2,-7.661710458E-1,9.119650823E-1,-1.999135257E-1,1.207751547E0
4.806989583E2,-8.962787569E-1,7.244033611E-1,3.066390985E-1,1.192519759E0
4.807089473E2,-9.393665966E-1,5.883871847E-1,6.530315159E-1,1.286491058E0
4.807189363E2,-8.859397101E-1,4.774842149E-1,9.661535686E-1,1.395110413E0
4.807289253E2,-8.293731612E-1,3.617379963E-1,1.082945269E0,1.411199729E0
4.807389142E2,-5.694267109E-1,2.472851819E-1,1.114104497E0,1.275392320E0
4.807489033E2,-1.154863098E-1,2.222579294E-1,1.149161405E0,1.176140982E0
4.807588923E2,2.394988833E-1,1.543185461E-1,1.346431185E0,1.376245206E0
4.807688822E2,4.266507147E-1,-7.380121708E-2,1.601310146E0,1.658816336E0
4.807788713E2,4.607629323E-1,-2.507069725E-1,1.779118419E0,1.854836601E0
4.807888603E2,4.574095541E-1,-3.158192271E-1,1.873707511E0,1.954416824E0
4.807988493E2,4.303645737E-1,-3.302928400E-1,1.994920292E0,2.067368859E0
4.808088383E2,1.583487394E-1,-2.733023679E-1,1.993737546E0,2.018602960E0
4.808188273E2,-8.867711842E-2,-1.503219742E-1,1.693686652E0,1.702655221E0
4.808288162E2,-4.410203934E-2,1.119566381E-2,1.143952048E0,1.144856594E0
4.808388053E2,-1.569620723E-1,3.656152850E-1,8.454282998E-1,9.343771395E-1
4.808487953E2,-5.491149455E-1,6.332780135E-1,5.811202651E-1,1.019935796E0
4.808587842E2,-1.157362344E0,7.764500123E-1,-1.356144726E-2,1.393752536E0
4.808687733E2,-1.982777818E0,6.920805377E-1,-7.770926213E-1,2.239253511E0
4.808787623E2,-2.951675631E0,4.756704086E-1,-1.465229797E0,3.329496918E0
4.808887513E2,-3.713209981E0,5.238771933E-1,-1.841817967E0,4.177878540E0
4.808987403E2,-4.037254778E0,6.914478689E-1,-1.837205098E0,4.489192452E0
4.809087293E2,-4.107656132E0,7.792566758E-1,-1.905774958E0,4.594785964E0
4.809187193E2,-4.140467783E0,6.428797263E-1,-1.807568486E0,4.563339965E0
4.809287083E2,-4.270770645E0,3.919868124E-1,-1.390649731E0,4.508552122E0
4.809386973E2,-4.162920506E0,3.508680224E-2,-9.579896861E-1,4.271871073E0
4.809486863E2,-3.945704046E0,-3.347285378E-1,-9.111201596E-1,4.063343889E0
4.809586752E2,-3.674225717E0,-7.512040740E-1,-1.124089495E0,3.915075909E0
4.809686643E2,-3.352660139E0,-1.242826856E0,-1.520098460E0,3.885311819E0
4.809786533E2,-2.823868361E0,-1.611610748E0,-1.941379092E0,3.786881897E0
4.809886432E2,-2.043524980E0,-1.504031335E0,-2.251111660E0,3.391991790E0
4.809986323E2,-1.208982734E0,-1.230424912E0,-2.249382492E0,2.834661587E0
4.810086213E2,-4.750631753E-1,-1.042345127E0,-1.948844817E0,2.260567298E0
4.810186103E2,3.503710091E-1,-1.009015998E0,-1.547115959E0,1.880010883E0
4.810285993E2,1.325439827E0,-1.144409446E0,-1.302939157E0,2.182685081E0
4.810385883E2,2.270003868E0,-1.291311384E0,-1.179005667E0,2.865389505E0
4.810485772E2,2.955545903E0,-1.435131254E0,-1.177950829E0,3.490332571E0
4.810585673E2,3.067988737E0,-1.322173573E0,-9.989038235E-1,3.486905031E0
4.810685563E2,3.110135760E0,-1.083132380E0,-9.734032390E-1,3.434186084E0
4.810785452E2,3.221948264E0,-8.294298792E-1,-9.687810150E-1,3.465175493E0
4.810885342E2,3.190832013E0,-6.956409073E-1,-7.250605881E-1,3.345300893E0
4.810985233E2,3.271338233E0,-6.307479233E-1,-4.193663996E-1,3.357881021E0
4.811085123E2,3.357037949E0,-6.033133721E-1,-3.566598357E-1,3.429416431E0
4.811185013E2,3.419610465E0,-5.571905351E-1,-3.837118328E-1,3.485890388E0
4.811284913E2,3.443468859E0,-4.845599306E-1,-3.792124003E-1,3.498010600E0
4.811384803E2,3.381335469E0,-3.367347175E-1,-2.632077348E-1,3.408239741E0
4.811484693E2,3.173052970E0,-1.310407805E-1,-1.923441589E-2,3.175815926E0
4.811584583E2,2.898697518E0,2.949744880E-2,2.580946371E-1,2.910314458E0
4.811684473E2,2.486724338E0,1.329072118E-1,4.692837873E-1,2.534105273E0
4.811784362E2,2.013711343E0,2.164978373E-1,6.555604367E-1,2.128770577E0
4.811884253E2,1.547451589E0,2.939085406E-1,8.217729503E-1,1.776597713E0
4.811984153E2,1.161724221E0,3.252233040E-1,9.135754055E-1,1.513272409E0
4.812084042E2,9.494317013E-1,3.241094095E-1,1.005489981E0,1.420379374E0
4.812183933E2,7.937261957E-1,2.141455024E-1,1.119511125E0,1.388943746E0
4.812283825E2,7.443254095E-1,4.265251458E-2,1.206109850E0,1.417935303E0
4.812383715E2,8.248765062E-1,-1.139470303E-1,1.244644610E0,1.497513065E0
4.812483605E2,1.027205078E0,-2.150448042E-1,1.263248111E0,1.642312495E0
4.812583495E2,1.348948266E0,-3.256144828E-1,1.274733066E0,1.884311705E0
4.812683395E2,1.725057549E0,-3.379918689E-1,1.119818981E0,2.084240053E0
4.812783285E2,2.081827751E0,-2.112505460E-1,7.881824505E-1,2.236037824E0
4.812883175E2,2.246374831E0,-8.113537967E-2,4.492752001E-1,2.292298200E0
4.812983065E2,2.175472079E0,-1.809128523E-2,9.557917178E-2,2.177645848E0
4.813082955E2,2.093207894E0,4.810036540E-2,-1.120089707E-1,2.096754383E0
4.813182845E2,2.024708786E0,1.591764128E-1,-1.050142390E-1,2.033669292E0
4.813282735E2,1.978219621E0,2.638135064E-1,4.550858706E-2,1.996251854E0
4.813382625E2,1.881802251E0,3.759976012E-1,-3.782563806E-3,1.919001880E0
4.813482525E2,1.446333058E0,5.870113349E-1,-6.273577076E-1,1.682272069E0
4.813582415E2,7.946288596E-1,1.011515683E0,-1.642728752E0,2.086421998E0
4.813682305E2,-1.786499798E-1,1.519356303E0,-2.696739660E0,3.100445804E0
4.813782195E2,-1.190003110E0,2.198070105E0,-3.684798068E0,4.452567393E0
4.813882085E2,-2.315371829E0,2.964903202E0,-4.729884954E0,6.043460051E0
4.813981975E2,-3.192718325E0,3.793923191E0,-4.500954475E0,6.696707749E0
4.814081875E2,-3.753995479E0,4.123644758E0,-1.308950095E0,5.728025707E0
4.814181765E2,-4.253026684E0,2.834354172E0,1.947748464E0,5.469508536E0
4.814281655E2,-4.837884489E0,6.809152794E-1,1.940242394E0,5.256739721E0
4.814381545E2,-4.305576196E0,-1.350409777E0,9.539141768E-1,4.612108542E0
4.814481435E2,-2.602741867E0,-3.351853808E0,1.309621940E0,4.441204656E0
4.814581325E2,-1.073555226E0,-5.174713347E0,1.014960278E0,5.381479667E0
4.814681215E2,2.069940653E-1,-6.196680343E0,4.767252463E-1,6.218437165E0
4.814781105E2,1.127271988E0,-6.097892219E0,3.097729138E-1,6.208944428E0
4.814881005E2,1.404018512E0,-4.794029202E0,-2.761289120E-1,5.003022202E0
4.814980895E2,1.079414574E0,-2.966839800E0,-9.176783967E-1,3.287766394E0
4.815080785E2,2.341621296E-1,-1.629153564E0,-6.585309684E-1,1.772748226E0
4.815180675E2,-6.628143463E-1,-1.115595537E0,-7.995891988E-2,1.300103722E0
4.815280565E2,-1.317963870E0,-9.774907351E-1,2.672844136E-1,1.662515521E0
4.815380455E2,-1.511859880E0,-1.064516600E0,1.791388071E-1,1.857688510E0
4.815480345E2,-1.424033824E0,-1.171334120E0,8.710070908E-2,1.845936750E0
4.815580245E2,-1.158489980E0,-1.123657093E0,1.108702254E-1,1.617713356E0
4.815680135E2,-6.970861928E-1,-9.414286172E-1,-3.266137719E-2,1.171871907E0
4.815780025E2,-1.852796991E-1,-6.085004371E-1,-3.098562366E-1,7.075395651E-1
4.815879915E2,2.157309750E-1,-1.407483280E-1,-5.376228279E-1,5.961444879E-1
4.815979805E2,4.373512655E-1,3.961307341E-1,-7.973368514E-1,9.919383764E-1
4.816079695E2,6.258589201E-1,8.510721785E-1,-9.532104644E-1,1.422896142E0
4.816179585E2,7.143446884E-1,1.108889365E0,-1.081081762E0,1.705479913E0
4.816279485E2,8.045952925E-1,1.164928495E0,-1.115979114E0,1.802731640E0
4.816379375E2,8.174132663E-1,1.054393315E0,-1.058642779E0,1.703124847E0
4.816479265E2,7.025476384E-1,9.635533118E-1,-1.115888190E0,1.633160929E0
4.816579155E2,6.269289605E-1,9.412748355E-1,-1.218626108E0,1.662554609E0
4.816679045E2,6.319506955E-1,9.449012786E-1,-1.137024120E0,1.607800970E0
4.816778935E2,3.816220379E-1,1.009362738E0,-9.102325523E-1,1.411726537E0
4.816878825E2,4.125883073E-2,1.161116695E0,-6.604848155E-1,1.336463416E0
4.816978725E2,-2.237916541E-1,1.237726915E0,-3.936655480E-1,1.317961754E0
4.817078615E2,-5.591563690E-1,1.232654455E0,-2.003083590E-1,1.368289549E0
4.817178505E2,-9.239662001E-1,1.173693472E0,-1.564913714E-1,1.501918591E0
4.817278395E2,-1.241101928E0,9.806862384E-1,-1.915992236E-1,1.593358012E0
4.817378285E2,-1.513310282E0,6.809012461E-1,-2.198474148E-1,1.673937693E0
4.817478175E2,-1.721594535E0,3.557761753E-1,-1.412827635E-1,1.763639773E0
4.817578065E2,-1.848332934E0,1.272377515E-1,-4.763697356E-2,1.853319552E0
4.817677965E2,-1.783470356E0,-1.741125405E-2,-3.736984760E-2,1.783946795E0
4.817777855E2,-1.693233493E0,-3.777008951E-2,-3.357325047E-2,1.693987427E0
4.817877745E2,-1.706018430E0,7.847372711E-2,-1.137862319E-1,1.711608692E0
4.817977635E2,-1.600319189E0,2.569716793E-1,-1.836470103E-1,1.631190417E0
4.818077525E2,-1.558368633E0,3.631881058E-1,-3.228236067E-1,1.632370509E0
4.818177415E2,-1.202091936E0,4.304649997E-1,-3.197891942E-1,1.316278948E0
4.818277305E2,-4.101064566E-1,1.998806351E-1,-7.706542522E-2,4.626863449E-1
4.818377205E2,3.877393949E-1,-1.519896001E-1,1.056360903E-1,4.296529535E-1
4.818477095E2,9.513066110E-1,-4.471535379E-1,1.242720437E-1,1.058477253E0
4.818576985E2,9.696750543E-1,-5.779949284E-1,4.599916846E-2,1.129806962E0
4.818676875E2,6.756077617E-1,-4.659634459E-1,1.565893123E-1,8.355166027E-1
4.818776765E2,2.248669571E-1,-2.750091702E-1,5.589657497E-1,6.622974418E-1
4.818876655E2,-1.935352367E-1,-1.467931795E-1,1.080706370E0,1.107668897E0
4.818976545E2,-4.829028296E-1,-1.912975073E-2,1.320397481E0,1.406062089E0
4.819076445E2,-2.221573573E-1,5.063881713E-1,1.451033342E0,1.552829878E0
4.819176335E2,2.941266418E-1,7.148010635E-1,1.202627833E0,1.429603004E0
4.819276225E2,4.323556969E-1,5.950758147E-1,9.714575779E-1,1.218514054E0
4.819376115E2,3.350480881E-1,1.046816493E0,7.548439658E-1,1.333368443E0
4.819476005E2,3.535676819E-1,1.451012877E0,3.295514131E-1,1.529396158E0
4.819575895E2,3.255545488E-1,1.325018828E0,-3.440706342E-2,1.364860617E0
4.819675785E2,1.153532857E-1,1.243832577E0,-1.419461301E-1,1.257209038E0
4.819775685E2,-8.646891743E-2,1.313093432E0,-3.940526336E-2,1.316527253E0
4.819875575E2,-4.652430689E-1,1.132602164E0,8.255917668E-2,1.227214240E0
4.819975465E2,-9.710032493E-1,5.586412293E-1,1.591056615E-1,1.131477770E0
4.820075355E2,-1.377093253E0,-4.852136493E-2,5.670363691E-1,1.490057179E0
4.820175245E2,-1.446426613E0,-4.910982871E-1,1.040154468E0,1.848039175E0
4.820275135E2,-9.124413380E-1,-8.258116221E-1,1.309637435E0,1.797126663E0
4.820375025E2,-1.483347979E-1,-1.104923199E0,1.341581359E0,1.744333405E0
4.820474925E2,5.615771163E-1,-1.232265031E0,1.348752676E0,1.911276993E0
4.820574815E2,1.182078671E0,-1.080782969E0,1.469088667E0,2.173389823E0
4.820674705E2,1.599038064E0,-6.409659326E-1,1.244026997E0,2.124938406E0
4.820774595E2,2.062859383E0,-2.305849493E-1,1.207877756E0,2.401567598E0
4.820874485E2,2.251208432E0,-5.874639094E-2,1.409314043E0,2.656606221E0
4.820974375E2,2.443295313E0,2.053881276E-1,1.666719001E0,2.964764493E0
4.821074265E2,2.582244745E0,3.376392817E-1,1.964903318E0,3.262335553E0
4.821174165E2,2.637525491E0,4.293896967E-1,2.307328546E0,3.530535547E0
4.821274055E2,2.619831817E0,4.576674163E-1,2.308547983E0,3.521700158E0
4.821373945E2,2.655386104E0,3.482543170E-1,2.246287707E0,3.495449169E0
4.821473835E2,2.652342044E0,2.836402452E-1,2.142382247E0,3.421282186E0
4.821573725E2,2.731599590E0,2.690274686E-1,1.892907721E0,3.334233306E0
4.821673615E2,2.941978024E0,1.112649125E-1,1.693384351E0,3.396345850E0
4.821773505E2,3.037870899E0,-3.227253735E-2,1.447921454E0,3.365438701E0
4.821873405E2,3.084561208E0,-1.740359420E-1,9.301797438E-1,3.226459470E0
4.821973295E2,3.119274958E0,-1.695517123E-1,5.289499453E-1,3.168345324E0
4.822073185E2,3.035163345E0,-1.237726915E-1,2.092664395E-1,3.044885655E0
4.822173075E2,2.602579315E0,-3.872377038E-2,9.384079456E-2,2.604558449E0
4.822272963E2,2.123921564E0,1.100609708E-1,3.929445863E-2,2.127134288E0
4.822372853E2,1.708130444E0,1.132447797E-1,1.223551802E-1,1.716247297E0
4.822472743E2,1.326958642E0,1.638155937E-2,1.788860612E-1,1.339062290E0
4.822572643E2,9.722247326E-1,-9.616623223E-2,3.272002476E-1,1.030305235E0
4.822672533E2,8.076978251E-1,-2.861241424E-1,4.441170788E-1,9.651335562E-1
4.822772423E2,8.330449203E-1,-4.843868530E-1,4.982406610E-1,1.084821745E0
4.822872313E2,9.804228213E-1,-7.102665478E-1,4.518348187E-1,1.292231473E0
4.822972203E2,1.105595044E0,-9.144922489E-1,4.969139278E-1,1.518407036E0
4.823072093E2,1.257171538E0,-1.024302374E0,4.701639394E-1,1.688410424E0
4.823171983E2,1.287915613E0,-9.287220329E-1,2.256111614E-1,1.603792891E0
4.823271883E2,1.345257503E0,-7.652485013E-1,4.173450172E-4,1.547683169E0
4.823371773E2,1.296078911E0,-4.413454986E-1,-1.414554025E-1,1.376450516E0
4.823471663E2,1.144883948E0,5.186714172E-2,-1.207498272E-1,1.152401829E0
4.823571553E2,1.013228040E0,4.682222253E-1,-1.482785185E-1,1.125988291E0
4.823671443E2,8.782412660E-1,6.384405202E-1,-1.054481024E-1,1.090886484E0
4.823771333E2,5.753122258E-1,5.414533389E-1,2.247011885E-2,7.903548454E-1
4.823871233E2,2.005890253E-1,1.772103953E-1,2.713194309E-1,3.811216537E-1
4.823971123E2,-1.333010218E-1,-5.086229771E-1,4.708053790E-1,7.057791440E-1
4.824071013E2,-4.738411072E-1,-1.247432708E0,8.015298897E-1,1.556619388E0
4.824170903E2,-6.916118833E-1,-1.901204043E0,1.207898660E0,2.356251893E0
4.824270793E2,-7.416026536E-1,-2.280553268E0,1.287278998E0,2.721761364E0
4.824370683E2,-6.617317343E-1,-2.160576589E0,1.056060941E0,2.494242329E0
4.824470573E2,-6.186254758E-1,-1.749874009E0,6.017416406E-1,1.951114945E0
4.824570463E2,-6.737357756E-1,-1.309027863E0,5.511877835E-2,1.473265733E0
4.824670363E2,-9.433894810E-1,-1.047493016E0,-5.368833013E-1,1.508465780E0
4.824770253E2,-1.342892304E0,-9.691654694E-1,-1.102291806E0,1.989394047E0
4.824870143E2,-1.802095200E0,-1.135340999E0,-1.323109273E0,2.507421872E0
4.824970033E2,-2.343952873E0,-1.285441949E0,-1.375772660E0,3.006530640E0
4.825069923E2,-2.998198125E0,-1.315822912E0,-1.279162039E0,3.515229360E0
4.825169813E2,-3.640447814E0,-1.284390035E0,-9.627311933E-1,3.978614005E0
4.825269713E2,-3.997028274E0,-1.051487249E0,-5.519550844E-1,4.169714003E0
4.825369603E2,-4.026435383E0,-6.694178993E-1,-1.709978749E-1,4.085283649E0
4.825469493E2,-3.770172679E0,-2.969824219E-1,-8.179319143E-2,3.782735876E0
4.825569383E2,-3.273791432E0,9.336249232E-2,-1.735390748E-1,3.279716864E0
4.825669273E2,-2.678843964E0,3.494524115E-1,-4.509109586E-1,2.738912679E0
4.825769163E2,-2.036827579E0,6.042623752E-1,-1.097599561E0,2.391343639E0
4.825869053E2,-1.491737272E0,7.931736338E-1,-1.527043929E0,2.277337846E0
4.825968953E2,-1.118453363E0,8.489391142E-1,-1.635767934E0,2.155776491E0
4.826068843E2,-8.848084201E-1,8.511984783E-1,-1.625232714E0,2.036861842E0
4.826168733E2,-8.385170370E-1,8.099598205E-1,-1.496186418E0,1.896765544E0
4.826268623E2,-1.076327683E0,6.941715020E-1,-1.298825348E0,1.824089538E0
4.826368513E2,-1.302126540E0,8.095762432E-1,-1.182849042E0,1.936512090E0
4.826468403E2,-1.393549219E0,1.098012375E0,-1.161506705E0,2.120544370E0
4.826568293E2,-1.450188419E0,1.271618546E0,-1.124209947E0,2.232466838E0
4.826668193E2,-1.449922956E0,1.365055883E0,-1.123053660E0,2.286242259E0
4.826768083E2,-1.374445342E0,1.307653182E0,-1.043618651E0,2.165224407E0
4.826867973E2,-1.232124551E0,1.139634610E0,-1.051025611E0,1.980291087E0
4.826967863E2,-9.931361300E-1,1.082189224E0,-1.194466290E0,1.893199041E0
4.827067753E2,-8.153904220E-1,1.007999167E0,-1.172307097E0,1.747920991E0
4.827167643E2,-8.710822275E-1,9.208236140E-1,-1.066411098E0,1.656482117E0
4.827267533E2,-1.005581051E0,8.498489410E-1,-9.650937608E-1,1.632434513E0
4.827367433E2,-1.168533596E0,7.793075466E-1,-7.754495537E-1,1.604404259E0
4.827467323E2,-1.334821246E0,7.789011651E-1,-5.857015586E-1,1.652719305E0
4.827567213E2,-1.462888425E0,8.467551792E-1,-4.184711909E-1,1.741308421E0
4.827667103E2,-1.556276792E0,9.451334131E-1,-3.854662898E-1,1.861144508E0
4.827766993E2,-1.610054365E0,1.203725356E0,-5.612613666E-1,2.087161736E0
4.827866883E2,-1.794269286E0,1.390480746E0,-8.310089198E-1,2.417315619E0
4.827966773E2,-2.110389206E0,1.638640671E0,-1.136027462E0,2.903350521E0
4.828066673E2,-2.561521336E0,2.079883844E0,-1.513899973E0,3.630316995E0
4.828166563E2,-3.067002019E0,2.355993460E0,-1.901815369E0,4.309768934E0
4.828266453E2,-3.544278950E0,2.265729407E0,-2.267715706E0,4.778909661E0
4.828366343E2,-4.098089502E0,1.660343197E0,-2.462952190E0,5.061344742E0
4.828466233E2,-4.626642714E0,5.319112676E-1,-2.433610570E0,5.254637267E0
4.828566123E2,-4.947395822E0,-7.588674349E-1,-2.118607322E0,5.435172691E0
4.828666013E2,-4.845685552E0,-1.913068628E0,-1.912587110E0,5.549638682E0
4.828765913E2,-4.346890867E0,-2.767290702E0,-1.840138354E0,5.471696922E0
4.828865803E2,-3.705480839E0,-3.325845392E0,-1.797128867E0,5.293534545E0
4.828965693E2,-3.230557997E0,-3.520978088E0,-1.721105416E0,5.078975834E0
4.829065583E2,-2.768107558E0,-3.349302667E0,-1.546640288E0,4.612195138E0
4.829165473E2,-2.252679591E0,-2.959286367E0,-1.497967188E0,4.009469645E0
4.829265363E2,-1.734414848E0,-2.615613928E0,-1.483674839E0,3.471443808E0
4.829365253E2,-1.460416807E0,-2.335832260E0,-1.260534272E0,3.029500990E0
4.829465153E2,-1.366585515E0,-1.990956464E0,-9.544550443E-1,2.596622430E0
4.829565043E2,-1.505554389E0,-1.612645120E0,-8.121674368E-1,2.350943267E0
4.829664933E2,-1.602917692E0,-1.188835421E0,-7.351052275E-1,2.126747395E0
4.829764823E2,-1.513499293E0,-9.537434381E-1,-7.754112545E-1,1.949761336E0
4.829864713E2,-1.352762843E0,-9.320561153E-1,-8.465902877E-1,1.848083068E0
4.829964603E2,-1.234014956E0,-9.732994509E-1,-8.569094539E-1,1.790083391E0
4.830064493E2,-1.154974926E0,-1.004935226E0,-7.630031705E-1,1.710565909E0
4.830164393E2,-9.159158997E-1,-8.991859925E-1,-4.383368137E-1,1.356309901E0
4.830264283E2,-4.361101940E-1,-7.137836480E-1,6.431352496E-3,8.364930124E-1
4.830364173E2,2.984614751E-1,-5.394793189E-1,4.885003692E-1,7.866065079E-1
4.830464063E2,1.204059524E0,-4.265754318E-1,1.051705350E0,1.654632914E0
4.830563953E2,2.235534385E0,-2.653109783E-1,1.385253628E0,2.643280446E0
4.830663843E2,3.261932109E0,5.521701157E-2,1.304709694E0,3.513618845E0
4.830763743E2,4.214890559E0,6.329412138E-1,1.060215388E0,4.392035254E0
4.830863633E2,5.012966498E0,1.326584712E0,7.905681145E-1,5.245441645E0
4.830963523E2,5.522139698E0,2.007655528E0,5.785299486E-1,5.904185335E0
4.831063413E2,5.427049938E0,2.617980296E0,5.743386644E-1,6.052813954E0
4.831163303E2,5.323317994E0,3.035111890E0,5.020100686E-1,6.148303242E0
4.831263193E2,5.438192393E0,3.001726043E0,2.760876891E-1,6.217758450E0
4.831363083E2,5.437029966E0,2.496347101E0,6.609984934E-2,5.983093923E0
4.831462983E2,5.206246212E0,1.872298332E0,-2.493632823E-1,5.538292400E0
4.831562873E2,4.770663729E0,7.349476451E-1,2.171135491E-1,4.831823543E0
4.831662763E2,4.648387632E0,-5.713062984E-1,4.596768120E-1,4.705868808E0
4.831762653E2,4.488344077E0,-1.428516299E0,8.173391528E-1,4.780578905E0
4.831862543E2,4.054496756E0,-1.555855207E0,9.886739735E-1,4.453886572E0
4.831962433E2,3.671583652E0,-1.337899659E0,1.357200733E0,4.136725256E0
4.832062323E2,3.387465690E0,-1.043419261E0,1.564741806E0,3.874540550E0
4.832162223E2,2.965831740E0,-7.783293074E-1,1.826673093E0,3.569130008E0
4.832262118E2,2.201952657E0,-7.118774557E-1,2.036350738E0,3.082545919E0
4.832362008E2,7.864744788E-1,-8.560393882E-1,2.255066425E0,2.537059345E0
4.832461898E2,-4.376351479E-1,-1.209896507E0,2.574089926E0,2.877727059E0
4.832561788E2,-1.478589515E0,-1.855656572E0,2.561876847E0,3.491833508E0
4.832661678E2,-2.440117351E0,-2.315972777E0,2.061773263E0,3.945733339E0
4.832761568E2,-3.011078079E0,-2.275730485E0,1.422890839E0,4.033628488E0
4.832861468E2,-2.824107512E0,-1.608786542E0,1.000665297E0,3.400751154E0
4.832961358E2,-1.986952583E0,-8.429194057E-1,1.246836292E0,2.492607958E0
4.833061248E2,-1.507265722E0,-1.769718289E-2,1.368649582E0,2.036016902E0
4.833161138E2,-1.989518634E0,1.149603528E0,-2.049730922E0,3.079150779E0
4.833261028E2,-1.959150243E0,1.884243609E0,-5.934391791E0,6.527300328E0
4.833360918E2,-1.502900484E0,2.240547788E0,-6.199212188E0,6.760842847E0
4.833460808E2,-7.821188879E-1,1.819143049E0,-5.170167137E0,5.536390486E0
4.833560708E2,4.252381736E-1,3.161466712E-1,-3.021440515E0,3.067552609E0
4.833660598E2,9.155301297E-1,-1.550549444E0,-6.709633183E-1,1.921611504E0
4.833760488E2,-4.855065948E-1,-2.801094040E0,-2.174942029E-1,2.851166113E0
4.833860378E2,-2.716162063E0,-2.907498747E0,-1.211113898E0,4.159072275E0
4.833960268E2,-4.087729990E0,-2.195892602E0,-1.856148908E0,4.997676416E0
4.834060158E2,-4.426644550E0,-1.146705063E0,-2.171244249E0,5.062056505E0
4.834160058E2,-3.532993239E0,-1.504938823E-1,-1.789322395E0,3.963125569E0
4.834259948E2,-1.964518717E0,1.516434449E-1,-1.009911207E0,2.214102566E0
4.834359838E2,-1.232839373E0,2.690765852E-1,-7.990876539E-1,1.493598409E0
4.834459728E2,-7.798970921E-1,2.288500804E-1,-8.567900245E-1,1.180974589E0
4.834559618E2,5.553787753E-2,1.020713353E-1,-5.917809087E-1,6.030817998E-1
4.834659508E2,9.900324279E-1,-1.037184960E-1,-2.902049142E-1,1.036889882E0
4.834759398E2,1.876460088E0,-2.347376418E-1,-2.511835206E-1,1.907694259E0
4.834859298E2,2.705095038E0,-3.053772694E-1,-2.965783793E-1,2.738385141E0
4.834959188E2,3.270574879E0,-2.835209620E-1,-3.134351711E-1,3.297769819E0
4.835059078E2,3.305647940E0,-2.171591574E-1,-2.662911178E-1,3.323458645E0
4.835158968E2,2.950366147E0,-1.442835546E-1,-1.862652473E-1,2.959758924E0
4.835258858E2,2.408974350E0,-1.510721719E-1,-2.902896988E-1,2.431100230E0
4.835358748E2,1.772665871E0,-2.500748885E-1,-4.554717869E-1,1.847251008E0
4.835458638E2,1.189115210E0,-4.009535176E-1,-6.535849549E-1,1.414896463E0
4.835558538E2,7.071045198E-1,-4.482241631E-1,-7.754501384E-1,1.141150568E0
4.835658428E2,1.997012718E-1,-3.476350969E-1,-7.323345244E-1,8.348919776E-1
4.835758318E2,-2.587509871E-1,-2.480260241E-1,-5.337332600E-1,6.429153714E-1
4.835858208E2,-6.728293110E-1,-1.217361063E-1,-3.197492869E-1,7.548235342E-1
4.835958098E2,-9.418376300E-1,1.675695062E-2,-2.737469025E-1,9.809568203E-1
4.836057988E2,-1.034861276E0,2.417601478E-1,-4.043016332E-1,1.137033702E0
4.836157888E2,-1.084546383E0,3.980100292E-1,-5.636161865E-1,1.285424462E0
4.836257778E2,-1.067158810E0,4.739478189E-1,-5.852649178E-1,1.306135324E0
4.836357668E2,-8.824293342E-1,3.953413600E-1,-5.329498793E-1,1.104088717E0
4.836457558E2,-5.719139703E-1,1.663065076E-1,-4.853360023E-1,7.683062403E-1
4.836557448E2,-1.082451180E-1,2.096226811E-3,-4.195904942E-1,4.333331081E-1
4.836657338E2,3.850392969E-1,-7.559280396E-2,-4.054378934E-1,5.642246163E-1
4.836757228E2,8.632133371E-1,-8.854847968E-2,-2.818311167E-1,9.123633470E-1
4.836857128E2,1.244893847E0,2.845605969E-2,-1.220015699E-1,1.251181370E0
4.836957018E2,1.388200186E0,2.155581897E-1,1.145497321E-1,1.409498751E0
4.837056908E2,1.429334617E0,4.285494518E-1,4.459102736E-1,1.557397846E0
4.837156798E2,1.648510771E0,6.646278602E-1,7.286209577E-1,1.920991009E0
4.837256688E2,1.970611224E0,9.087245554E-1,9.569675928E-1,2.371682080E0
4.837356578E2,2.203448374E0,1.027645812E0,1.090177983E0,2.664531607E0
4.837456468E2,2.252161820E0,1.063465270E0,1.149073770E0,2.742911186E0
4.837556368E2,2.233331593E0,1.139263312E0,1.017976856E0,2.705913483E0
4.837656258E2,2.117942055E0,1.132070652E0,8.361003828E-1,2.542897237E0
4.837756148E2,1.890589592E0,1.052977704E0,6.307745281E-1,2.254100166E0
4.837856038E2,1.575824472E0,8.632279551E-1,4.927243978E-1,1.863105634E0
4.837955928E2,1.312095897E0,5.041463488E-1,5.329050019E-1,1.503245464E0
4.838055818E2,1.110099446E0,-3.713566661E-3,6.147759613E-1,1.268969682E0
4.838155708E2,8.710103068E-1,-5.150268477E-1,6.572678237E-1,1.206612034E0
4.838255608E2,5.301129565E-1,-1.104543715E0,6.291568959E-1,1.377270839E0
4.838355498E2,2.301903353E-1,-1.542869711E0,2.459091859E-1,1.579210519E0
4.838455388E2,-1.448573857E-1,-1.652827771E0,-2.958827068E-1,1.685339692E0
4.838555278E2,-7.310024556E-1,-1.522082275E0,-4.395692606E-1,1.744798033E0
4.838655168E2,-1.301806259E0,-1.246018851E0,-2.559969485E-1,1.820109049E0
4.838755058E2,-1.509563386E0,-1.066829174E0,1.505944544E-1,1.854611763E0
4.838854958E2,-1.393061999E0,-1.055480897E0,4.965344435E-1,1.816922704E0
4.838954848E2,-1.083544536E0,-1.085971203E0,4.955594203E-1,1.612135650E0
4.839054738E2,-6.338256052E-1,-1.313088754E0,2.350966609E-1,1.476891131E0
4.839154628E2,8.761621423E-2,-1.605814403E0,-2.866156009E-1,1.633543694E0
4.839254518E2,8.305741793E-1,-1.856692114E0,-8.257490569E-1,2.195226771E0
4.839354408E2,1.486120144E0,-1.879137821E0,-1.109946542E0,2.640396439E0
4.839454298E2,1.804300185E0,-1.658294917E0,-1.068813719E0,2.673537723E0
4.839554198E2,1.876030610E0,-1.296894890E0,-8.246288766E-1,2.425168033E0
4.839654088E2,1.831386095E0,-8.802971470E-1,-5.771513213E-1,2.112345082E0
4.839753978E2,1.706434313E0,-4.421980226E-1,-3.033699203E-1,1.788711957E0
4.839853868E2,1.602202724E0,-7.609274089E-2,-9.133935571E-3,1.604034632E0
4.839953758E2,1.572653673E0,1.956092441E-1,2.438620757E-1,1.603424855E0
4.840053648E2,1.609475198E0,3.860185593E-1,4.362432182E-1,1.711645082E0
4.840153538E2,1.724803487E0,5.281754816E-1,6.105159724E-1,1.904375530E0
4.840253438E2,1.859783683E0,6.233149427E-1,7.893973558E-1,2.114347429E0
4.840353328E2,2.095291257E0,6.901135343E-1,9.967850849E-1,2.420760758E0
4.840453218E2,2.322855973E0,6.865835702E-1,1.189774923E0,2.698633216E0
4.840553108E2,2.475664914E0,6.015761644E-1,1.336724369E0,2.877089273E0
4.840652998E2,2.538107038E0,5.278515458E-1,1.326547729E0,2.912102929E0
4.840752888E2,2.611422059E0,4.762001663E-1,1.272179733E0,2.943591860E0
4.840852788E2,2.615021897E0,4.799102247E-1,1.072277609E0,2.866780881E0
4.840952678E2,2.489692092E0,5.753332758E-1,1.026030519E0,2.753600138E0
4.841052568E2,2.494976806E0,6.043600237E-1,9.707072340E-1,2.744527798E0
4.841152458E2,2.551430796E0,4.965040380E-1,8.168740068E-1,2.724628141E0
4.841252348E2,2.525151947E0,3.920511317E-1,5.819815600E-1,2.620839366E0
4.841352238E2,2.592846917E0,2.094151050E-1,3.331106132E-1,2.622531697E0
4.841452128E2,2.556785676E0,-4.303375304E-2,2.045167463E-1,2.565313235E0
4.841552028E2,2.382540696E0,-1.468031198E-1,3.191356947E-1,2.408297929E0
4.841651918E2,2.106616729E0,-8.236387968E-2,5.794257420E-1,2.186401619E0
4.841751808E2,1.846508603E0,2.606922626E-2,1.005752594E0,2.102810478E0
4.841851698E2,1.527652040E0,1.508955860E-1,1.507481192E0,2.151508721E0
4.841951588E2,1.578084567E0,2.311989069E-2,1.802757981E0,2.396001204E0
4.842051478E2,1.787725959E0,-2.835338259E-1,1.680722498E0,2.470057418E0
4.842151368E2,1.999873761E0,-6.454495776E-1,1.268272331E0,2.454509100E0
4.842251263E2,2.127960528E0,-9.901569736E-1,8.243550807E-1,2.487606910E0
4.842351153E2,2.108855628E0,-1.302146274E0,1.286942929E-1,2.481817721E0
4.842451043E2,1.904825516E0,-1.429268836E0,-8.580063915E-1,2.531273320E0
4.842550933E2,1.683809243E0,-1.229196412E0,-1.991707685E0,2.883233756E0
4.842650823E2,1.341152758E0,-5.886105484E-1,-3.256250077E0,3.570478632E0
4.842750713E2,8.921725497E-1,6.325634837E-2,-4.283114702E0,4.375505087E0
4.842850613E2,4.580134253E-1,6.095459193E-1,-4.618490526E0,4.681001737E0
4.842950503E2,2.490133265E-1,8.144943362E-1,-4.318203258E0,4.401396146E0
4.843050393E2,1.532394424E-1,5.658485073E-1,-3.479480399E0,3.528519620E0
4.843150283E2,-7.125884771E-2,2.717066628E-1,-3.019023276E0,3.032062644E0
4.843250173E2,-3.551353204E-1,3.303676844E-4,-3.308242934E0,3.327249993E0
4.843350063E2,-5.029615568E-1,-2.853219044E-1,-3.482521828E0,3.530203564E0
4.843449953E2,-6.954033642E-1,-5.770640516E-1,-3.366078329E0,3.485264994E0
4.843549853E2,-1.260130229E0,-1.100634266E0,-3.085907822E0,3.510292163E0
4.843649743E2,-2.068289254E0,-1.665350168E0,-2.910707114E0,3.939978112E0
4.843749633E2,-2.621955526E0,-2.087589304E0,-3.053965067E0,4.534245529E0
4.843849523E2,-2.762464995E0,-2.117742226E0,-3.141891403E0,4.689085900E0
4.843949413E2,-2.808581985E0,-1.826635087E0,-3.171489424E0,4.613358177E0
4.844049303E2,-2.884176543E0,-1.513195676E0,-3.140276402E0,4.524331041E0
4.844149203E2,-2.855133130E0,-1.015261409E0,-3.085670132E0,4.324800699E0
4.844249093E2,-2.780979618E0,-5.568554896E-1,-2.749217835E0,3.949953719E0
4.844348983E2,-2.683888357E0,-3.709976470E-1,-2.317529891E0,3.565366848E0
4.844448873E2,-2.543615992E0,-3.307430756E-1,-1.944675168E0,3.218871667E0
4.844548763E2,-2.417919128E0,-2.268743062E-1,-1.669767447E0,2.947189880E0
4.844648653E2,-2.231022381E0,1.292760909E-2,-1.378236092E0,2.622434501E0
4.844748543E2,-1.995873827E0,1.261735582E-1,-8.998609073E-1,2.192984667E0
4.844848443E2,-1.784834219E0,1.010849100E-1,-3.802350783E-1,1.827684344E0
4.844948333E2,-1.521153737E0,8.583127856E-2,-1.294105768E-1,1.529059448E0
4.845048223E2,-1.318749589E0,1.657480985E-1,-2.612794693E-1,1.354562613E0
4.845148113E2,-1.144003065E0,3.456944060E-1,-3.404712345E-1,1.242645684E0
4.845248003E2,-1.124703745E0,4.796880305E-1,-2.296488100E-1,1.244105179E0
4.845347893E2,-1.110849644E0,6.996316320E-1,-1.794494404E-1,1.325018284E0
4.845447783E2,-1.117689571E0,8.957916838E-1,3.515156016E-2,1.432797386E0
4.845547683E2,-1.117386539E0,8.893100452E-1,3.891550058E-1,1.480157645E0
4.845647573E2,-1.102926813E0,7.587382114E-1,5.942985736E-1,1.464691784E0
4.845747463E2,-1.049332843E0,6.275015491E-1,6.180033320E-1,1.369958294E0
4.845847353E2,-8.596022429E-1,5.640230066E-1,5.049174504E-1,1.145416780E0
4.845947243E2,-6.316997038E-1,4.523727626E-1,3.376680793E-1,8.471749311E-1
4.846047133E2,-5.155471037E-1,3.894467819E-1,2.197699392E-1,6.824635069E-1
4.846147033E2,-4.569911858E-1,3.841486198E-1,2.335401320E-1,6.410554573E-1
4.846246923E2,-4.256565419E-1,3.461884958E-1,2.913012671E-1,6.211975487E-1
4.846346813E2,-3.800156616E-1,1.298742610E-1,3.781897223E-1,5.516400029E-1
4.846446703E2,-4.459186059E-1,-1.871448147E-1,3.817728961E-1,6.161307726E-1
4.846546593E2,-5.205644533E-1,-4.396135533E-1,3.635703675E-1,7.722893489E-1
4.846646483E2,-5.227922425E-1,-5.360130894E-1,2.926003723E-1,8.038885113E-1
4.846746373E2,-4.746271192E-1,-4.043373013E-1,1.953934819E-1,6.534050567E-1
4.846846273E2,-4.637254241E-1,-1.291825354E-1,-6.364855036E-2,4.855723781E-1
4.846946163E2,-4.752235352E-1,2.274409014E-1,-2.989546877E-1,6.057562854E-1
4.847046053E2,-5.446985435E-1,5.604585439E-1,-4.929552166E-1,9.240211731E-1
4.847145943E2,-6.553619237E-1,8.400659645E-1,-7.607581320E-1,1.309184101E0
4.847245833E2,-6.289664228E-1,1.101803125E0,-1.092260176E0,1.674097123E0
4.847345723E2,-2.279336755E-1,1.489306877E0,-1.198045078E0,1.924915775E0
4.847445623E2,5.788502298E-1,1.861523668E0,-8.147998533E-1,2.112874051E0
4.847545513E2,1.519212461E0,1.904414164E0,-5.350059065E-1,2.494199497E0
4.847645403E2,2.438619733E0,1.758102795E0,-2.902461371E-1,3.020270594E0
4.847745293E2,2.965135629E0,1.147048879E0,2.775117785E-1,3.191357582E0
4.847845183E2,3.009880862E0,3.921084344E-1,3.918938416E-1,3.060508554E0
4.847945073E2,2.116032062E0,4.165404403E-1,3.664450049E-1,2.187551043E0
4.848044963E2,5.833087318E-1,8.659895951E-1,-3.551326892E-1,1.102862767E0
4.848144863E2,-5.536184710E-1,1.485427834E0,-2.109497944E0,2.638744178E0
4.848244753E2,-1.270610925E0,1.784939761E0,-2.776518193E0,3.536879323E0
4.848344643E2,-1.935918085E0,1.131387112E0,-1.650646759E0,2.784322243E0
4.848444533E2,-2.287325221E0,-7.967334187E-1,-4.117673582E-1,2.456866534E0
4.848544423E2,-1.940824922E0,-3.251695096E0,7.611905336E-3,3.786869462E0
4.848644313E2,-1.299556689E0,-5.699151288E0,-2.820705602E-1,5.852242031E0
4.848744203E2,-6.647845656E-1,-7.223138586E0,-1.014387251E0,7.324250886E0
4.848844103E2,-8.894155875E-2,-6.926620433E0,-1.234509777E0,7.036333961E0
4.848943993E2,-1.833761381E-1,-4.704201937E0,-7.676712951E-1,4.769954076E0
4.849043883E2,-8.353475538E-1,-1.992410082E0,-2.496796167E-1,2.174820310E0
4.849143773E2,-1.257922613E0,-3.229762191E-1,5.798479110E-2,1.300017375E0
4.849243663E2,-9.949190922E-1,2.955124319E-2,-1.926043600E-1,1.013821343E0
4.849343553E2,-3.197022168E-1,-8.060246444E-1,-7.348321626E-1,1.136601752E0
4.849443453E2,2.939316371E-1,-1.934497504E0,-1.165003047E0,2.277258989E0
4.849543343E2,7.744235136E-1,-2.655956208E0,-1.274894741E0,3.046176580E0
4.849643233E2,1.027081556E0,-2.882125924E0,-9.467238557E-1,3.202785104E0
4.849743123E2,1.214647955E0,-2.754864784E0,-5.480893439E-1,3.060237174E0
4.849843013E2,1.464305498E0,-2.433412934E0,-2.569284099E-1,2.851613807E0
4.849942903E2,1.753215839E0,-1.838419565E0,3.272014171E-2,2.540594986E0
4.850042793E2,2.097590528E0,-1.017012650E0,2.262200028E-1,2.342088010E0
4.850142693E2,2.550056115E0,-2.287231958E-1,2.775620645E-1,2.575294389E0
4.850242583E2,2.873548644E0,4.321449047E-1,2.792925480E-1,2.919252533E0
4.850342473E2,2.948281030E0,1.035467048E0,2.402544898E-1,3.134050934E0
4.850442363E2,2.864195145E0,1.583508444E0,2.131842202E-1,3.279719551E0
4.850542253E2,2.773766493E0,2.081396518E0,1.152211386E-1,3.469764824E0
4.850642143E2,2.728109095E0,2.394139525E0,5.381777287E-2,3.630066067E0
4.850742043E2,2.724627662E0,2.424535691E0,3.928042531E-2,3.647398000E0
4.850841933E2,2.758932692E0,2.255751718E0,4.294195175E-2,3.563982242E0
4.850941823E2,2.836146929E0,1.964314796E0,1.603777233E-1,3.453691218E0
4.851041713E2,2.959489850E0,1.636656711E0,3.123532900E-1,3.396290615E0
4.851141603E2,3.173958996E0,1.244225510E0,4.010897577E-1,3.432635405E0
4.851241493E2,3.324632680E0,8.224594134E-1,3.808265242E-1,3.445961518E0
4.851341383E2,3.243023968E0,3.439624608E-1,3.102670035E-1,3.275939597E0
4.851441283E2,3.086866765E0,-1.602441144E-1,2.743279696E-1,3.103172640E0
4.851541173E2,2.814691740E0,-5.440705526E-1,2.179432690E-1,2.875065500E0
4.851641063E2,2.341007631E0,-7.043316239E-1,3.944020048E-1,2.476277994E0
4.851740953E2,1.883575565E0,-6.891522521E-1,4.892827266E-1,2.064506072E0
4.851840843E2,1.388659923E0,-6.591957968E-1,7.206924257E-1,1.697737628E0
4.851940733E2,7.789681157E-1,-5.805267727E-1,9.852651930E-1,1.383672707E0
4.852040633E2,4.523318321E-2,-4.087420088E-1,1.366813556E0,1.427338561E0
4.852140523E2,-5.791515076E-1,-3.014046711E-1,1.509494096E0,1.644637854E0
4.852240413E2,-9.125977510E-1,-2.059009284E-1,1.437604334E0,1.715207296E0
4.852340305E2,-9.221570715E-1,-9.987219751E-2,1.393397337E0,1.673888963E0
4.852440195E2,-6.934367993E-1,8.267436683E-2,1.125458620E0,1.324517554E0
4.852540085E2,-6.732527956E-1,3.679951018E-1,8.313030347E-1,1.131262329E0
4.852639985E2,-6.259067211E-1,1.185063967E0,6.231041506E-1,1.477969760E0
4.852739875E2,-5.305979830E-1,1.934428507E0,3.240506449E-1,2.031885009E0
4.852839765E2,1.740906134E-2,2.860747919E0,-1.404074353E-1,2.864244399E0
4.852939655E2,6.770067081E-1,3.753200258E0,-2.103073901E-1,3.819565349E0
4.853039545E2,1.372024302E0,4.524362633E0,3.715823686E-1,4.742402490E0
4.853139435E2,1.832549984E0,4.617784182E0,1.329371203E0,5.142897821E0
4.853239325E2,2.591875986E0,3.686739635E0,2.334699655E0,5.075499261E0
4.853339225E2,3.113298519E0,2.040089448E0,2.984852148E0,4.771156565E0
4.853439115E2,2.957838596E0,-1.206783450E-1,2.513565981E0,3.883476067E0
4.853539005E2,2.682766276E0,-2.003920911E0,4.195564342E-1,3.374753548E0
4.853638895E2,1.799050554E0,-3.554849839E0,-2.001043496E0,4.458443153E0
4.853738785E2,-6.456232399E-2,-4.584971947E0,-3.753116058E0,5.925539317E0
4.853838675E2,-2.594299657E0,-4.342828807E0,-3.636706181E0,6.230263606E0
4.853938575E2,-5.997118966E0,-3.479521329E0,-1.308994533E0,7.055917464E0
4.854038465E2,-8.876352857E0,-3.376822003E0,1.237086645E0,9.577209941E0
4.854138355E2,-9.678266909E0,-4.084438008E0,1.738730385E0,1.064775411E1
4.854238245E2,-9.599600224E0,-4.563641889E0,2.966643333E-1,1.063330435E1
4.854338135E2,-8.998458508E0,-3.862851339E0,-9.446656358E-1,9.838001278E0
4.854438025E2,-7.150624341E0,-2.679267887E0,-1.440532327E0,7.770781058E0
4.854537915E2,-5.000216060E0,-1.935183967E0,-1.429697437E0,5.548975797E0
4.854637815E2,-3.864242392E0,-1.438124444E0,-9.907583597E-1,4.240539270E0
4.854737705E2,-3.649056377E0,-1.130144579E0,-6.882973891E-1,3.881570882E0
4.854837595E2,-3.781165152E0,-7.687977612E-1,-5.456516397E-1,3.896921299E0
4.854937485E2,-3.772617692E0,-1.465674770E-1,-5.893759489E-1,3.821189642E0
4.855037375E2,-3.501334367E0,5.102467489E-1,-5.863687259E-1,3.586575300E0
4.855137265E2,-2.999569589E0,1.036454058E0,-5.059522614E-1,3.213664952E0
4.855237165E2,-2.337347712E0,1.305604903E0,-4.017475694E-1,2.707249453E0
4.855337055E2,-1.666547239E0,1.300713122E0,-2.524131900E-1,2.129071803E0
4.855436945E2,-1.107809238E0,1.223502978E0,-2.301756442E-1,1.666487826E0
4.855536835E2,-6.943442872E-1,1.064452865E0,-4.065487182E-1,1.334337196E0
4.855636725E2,-4.389352763E-1,8.264963311E-1,-5.379742455E-1,1.079433486E0
4.855736615E2,-2.847146711E-1,6.842090160E-1,-6.946805021E-1,1.015768390E0
4.855836505E2,-3.181206912E-1,6.436474657E-1,-7.928210467E-1,1.069601817E0
4.855936405E2,-5.857196850E-1,5.291420263E-1,-8.277920741E-1,1.143808791E0
4.856036295E2,-1.007032915E0,3.695639098E-1,-7.418146151E-1,1.304216891E0
4.856136185E2,-1.504319603E0,2.133245534E-1,-8.070221794E-1,1.720398102E0
4.856236075E2,-1.871540533E0,3.324750209E-1,-1.164510419E0,2.229190015E0
4.856335965E2,-1.888875774E0,6.920571488E-1,-1.705481363E0,2.637320888E0
4.856435855E2,-1.784310016E0,1.004557496E0,-2.208541591E0,3.011736037E0
4.856535755E2,-1.571271976E0,1.206926122E0,-2.431776298E0,3.136734329E0
4.856635645E2,-1.172451231E0,1.107130523E0,-2.359235449E0,2.857686439E0
4.856735535E2,-5.958058396E-1,8.760783809E-1,-2.155424607E0,2.401739612E0
4.856835425E2,-1.806114283E-1,6.888973135E-1,-2.295416306E0,2.403359318E0
4.856935315E2,2.459806681E-1,4.464033401E-1,-2.377465020E0,2.431485627E0
4.857035205E2,8.090152028E-1,4.329225844E-1,-2.380167019E0,2.550906231E0
4.857135095E2,1.094256708E0,5.739235121E-1,-2.593399771E0,2.872717931E0
4.857234995E2,1.245777069E0,6.329716194E-1,-2.752137643E0,3.086563652E0
4.857334885E2,1.356976785E0,6.615721053E-1,-2.651220548E0,3.050907084E0
4.857434775E2,1.506543299E0,7.350885630E-1,-2.444803018E0,2.964302566E0
4.857534665E2,1.749912893E0,9.137560844E-1,-2.310117668E0,3.038715017E0
4.857634555E2,1.905555249E0,1.092265146E0,-2.353085347E0,3.218880956E0
4.857734445E2,1.776319503E0,1.058367083E0,-2.705777701E0,3.405390554E0
4.857834345E2,1.442261057E0,8.985895765E-1,-2.847264825E0,3.315795103E0
4.857934235E2,9.256456666E-1,5.464591402E-1,-2.562380292E0,2.778710178E0
4.858034125E2,2.039282240E-1,2.662453634E-1,-1.756238118E0,1.787972495E0
4.858134015E2,-1.827496089E-1,3.531484365E-2,-7.851375130E-1,8.068986752E-1
4.858233905E2,-2.088960184E-1,-2.088414931E-1,4.738758981E-2,2.991619953E-1
4.858333795E2,1.129373623E-1,-3.881288195E-1,4.463986623E-1,6.022213829E-1
4.858433695E2,3.471382298E-1,-5.133323246E-1,7.084305221E-1,9.412166757E-1
4.858533585E2,5.377155063E-1,-4.364285749E-1,7.747262532E-1,1.039138409E0
4.858633475E2,7.533587730E-1,-3.610930485E-1,6.372859874E-1,1.050747858E0
4.858733365E2,9.870725673E-1,-2.711032301E-1,3.950226867E-1,1.097201958E0
4.858833255E2,9.818077344E-1,-4.116188389E-1,2.531861919E-1,1.094294176E0
4.858933145E2,6.287079759E-1,-7.961539596E-1,9.774585754E-2,1.019160978E0
4.859033035E2,4.706534976E-1,-1.319275108E0,1.822875327E-1,1.412526201E0
4.859132935E2,2.401321368E-1,-1.611946378E0,5.723052952E-1,1.727300761E0
4.859232825E2,2.687406626E-1,-2.004440144E0,1.316425175E0,2.413084556E0
4.859332715E2,7.588530361E-1,-2.542240142E0,2.037859028E0,3.345401663E0
4.859432605E2,1.868378505E0,-2.949916788E0,2.431264667E0,4.254867234E0
4.859532495E2,3.291623393E0,-2.911273125E0,2.563081958E0,5.087207966E0
4.859632385E2,4.690883149E0,-2.368793015E0,2.542756159E0,5.837908354E0
4.859732285E2,5.869487697E0,-1.561749786E0,2.308350054E0,6.497570945E0
4.859832175E2,6.583588264E0,-7.383144718E-1,2.060846479E0,6.937999056E0
4.859932065E2,6.575175290E0,-1.823881048E-1,2.066277373E0,6.894613673E0
4.860031955E2,6.006341779E0,-7.765920997E-2,2.203200452E0,6.398145415E0
4.860131845E2,5.218454613E0,-2.009138381E-1,2.275831642E0,5.696669604E0
4.860231735E2,4.429739774E0,-5.295981091E-1,2.155364673E0,4.954660987E0
4.860331625E2,3.732456091E0,-9.835560519E-1,2.190066729E0,4.437905278E0
4.860431525E2,3.164970363E0,-1.405534403E0,2.267242959E0,4.139197385E0
4.860531415E2,2.639505066E0,-1.602249940E0,2.159903575E0,3.768205849E0
4.860631305E2,2.275157896E0,-1.491748089E0,1.940366647E0,3.341658052E0
4.860731195E2,1.993072426E0,-9.868755162E-1,1.651054895E0,2.769881449E0
4.860831085E2,1.885365251E0,-2.875116867E-1,1.274913452E0,2.294050874E0
4.860930975E2,1.710784057E0,3.350366861E-1,8.865124449E-1,1.955744356E0
4.861030875E2,1.540369588E0,7.809342420E-1,5.127657294E-1,1.801534193E0
4.861130765E2,1.285189203E0,1.113068955E0,2.297525981E-1,1.715639835E0
4.861230655E2,1.075002704E0,1.323189819E0,-9.069294602E-2,1.707245536E0
4.861330545E2,9.863630077E-1,1.435067520E0,-4.201888105E-1,1.791337323E0
4.861430435E2,1.030110413E0,1.416131896E0,-7.400703907E-1,1.901121036E0
4.861530325E2,1.146324994E0,1.330286000E0,-9.441887954E-1,1.993793950E0
4.861630215E2,1.194690823E0,1.245479738E0,-1.016981660E0,2.003186870E0
4.861730115E2,1.249171378E0,1.263905484E0,-1.038685648E0,2.058337698E0
4.861830005E2,1.265295367E0,1.397071143E0,-1.020674469E0,2.143491665E0
4.861929895E2,1.300147111E0,1.523538231E0,-1.015459045E0,2.245597543E0
4.862029785E2,1.298763368E0,1.643030176E0,-9.418332446E-1,2.296385052E0
4.862129675E2,1.469231631E0,1.660685844E0,-8.931724235E-1,2.390455194E0
4.862229565E2,1.656717923E0,1.648907797E0,-9.579636660E-1,2.526124618E0
4.862329467E2,1.887541147E0,1.671692058E0,-1.010254439E0,2.716243720E0
4.862429357E2,1.982436194E0,1.581264283E0,-9.318020537E-1,2.701611568E0
4.862529247E2,1.984656674E0,1.378998569E0,-8.054305673E-1,2.547394270E0
4.862629137E2,1.896493818E0,1.070969587E0,-6.177893239E-1,2.263918795E0
4.862729027E2,1.832626144E0,8.238335091E-1,-2.629285303E-1,2.026413493E0
4.862828917E2,1.969498352E0,6.779899174E-1,8.300122619E-2,2.084582282E0
4.862928817E2,2.291981066E0,6.410629964E-1,5.365223819E-1,2.439671134E0
4.863028707E2,2.687640515E0,5.336964226E-1,9.872690338E-1,2.912549322E0
4.863128597E2,3.093008973E0,4.062031478E-1,6.272863716E-1,3.182010951E0
4.863228487E2,3.411044295E0,3.525052428E-2,-3.548564082E-1,3.429633923E0
4.863328377E2,3.264378877E0,-7.408065552E-1,-9.249836156E-1,3.472831480E0
4.863428267E2,1.568683414E0,-2.123809297E0,-1.702689902E0,3.141733039E0
4.863528157E2,-9.579911479E-1,-4.635382547E0,-1.825944238E0,5.073321472E0
4.863628057E2,-2.994084901E0,-7.753858775E0,-1.079609433E0,8.381672079E0
4.863727947E2,-3.971534413E0,-9.677489229E0,-5.947667894E-1,1.047762525E1
4.863827837E2,-5.055186903E0,-8.385038808E0,-1.048257540E0,9.846960664E0
4.863927727E2,-5.663297916E0,-4.540684551E0,-1.145942586E0,7.348737571E0
4.864027617E2,-6.085542315E0,-1.014934550E0,-1.140481287E0,6.274122646E0
4.864127507E2,-6.540535215E0,9.670785981E-1,-1.160600971E0,6.712736888E0
4.864227407E2,-6.413748869E0,1.774105455E0,-1.463897801E0,6.813708351E0
4.864327297E2,-5.887349771E0,1.591633735E0,-1.801591170E0,6.359238635E0
4.864427187E2,-4.842821586E0,1.173505776E0,-1.888536927E0,5.328846821E0
4.864527077E2,-3.612432342E0,1.017478673E0,-1.853233486E0,4.185618787E0
4.864626967E2,-2.184709802E0,1.245247019E0,-1.684683986E0,3.026839472E0
4.864726857E2,-1.574627401E0,1.388402646E0,-1.234465630E0,2.435368299E0
4.864826747E2,-1.149675449E0,1.676006718E0,-1.177385988E0,2.348827350E0
4.864926647E2,-9.493007237E-1,1.890320036E0,-1.151799157E0,2.408552055E0
4.865026537E2,-8.173053852E-1,2.103889588E0,-1.277644979E0,2.593591368E0
4.865126427E2,-7.280692729E-1,2.186569217E0,-1.452531399E0,2.724154414E0
4.865226317E2,-7.242975265E-1,2.138395177E0,-1.418704964E0,2.666470441E0
4.865326207E2,-6.814272031E-1,1.999840139E0,-1.163355887E0,2.411866608E0
4.865426097E2,-6.950129163E-1,1.775823367E0,-8.105293393E-1,2.072088173E0
4.865525997E2,-6.472347325E-1,1.472234176E0,-5.128458363E-1,1.688015735E0
4.865625887E2,-6.520981541E-1,1.108915093E0,-2.761616564E-1,1.315746916E0
4.865725777E2,-7.757667652E-1,7.252073532E-1,-1.566892996E-1,1.073448329E0
4.865825667E2,-9.266000783E-1,4.506700534E-1,-9.411532134E-2,1.034673328E0
4.865925557E2,-1.066880337E0,3.109233534E-1,-8.230569988E-2,1.114307504E0
4.866025447E2,-1.172245701E0,1.924476546E-1,-7.606116593E-2,1.190370272E0
4.866125347E2,-1.212800235E0,9.745086551E-2,-1.210525668E-1,1.222716158E0
4.866225237E2,-1.166859831E0,2.791226864E-2,-2.117905363E-1,1.186253004E0
4.866325127E2,-1.053491675E0,2.823445022E-2,-3.550002497E-1,1.112055336E0
4.866425017E2,-1.069568886E0,8.828301609E-2,-4.125143400E-1,1.149756311E0
4.866524907E2,-1.152523627E0,1.362904108E-1,-4.610807285E-1,1.248791906E0
4.866624797E2,-1.162234975E0,2.748249829E-1,-5.582845491E-1,1.318332487E0
4.866724697E2,-1.088165079E0,4.579650396E-1,-6.703429288E-1,1.357643126E0
4.866824587E2,-1.021377597E0,6.191581571E-1,-7.123569274E-1,1.390690983E0
4.866924477E2,-8.534113571E-1,6.962683135E-1,-6.876632586E-1,1.298453413E0
4.867024367E2,-6.845914239E-1,7.171902359E-1,-5.712881720E-1,1.144289049E0
4.867124257E2,-5.179071862E-1,8.414388907E-1,-3.092568970E-1,1.035319800E0
4.867224147E2,-4.291812435E-1,8.769794369E-1,-1.385076749E-1,9.861408867E-1
4.867324037E2,-4.554913750E-1,8.307864332E-1,-5.477700859E-2,9.490411008E-1
4.867423937E2,-4.225987405E-1,8.235259455E-1,3.898046315E-3,9.256348487E-1
4.867523827E2,-1.891974798E-1,8.621643466E-1,-8.029688895E-2,8.863242281E-1
4.867623717E2,5.152067958E-1,8.947409391E-1,-2.557250530E-1,1.063670388E0
4.867723607E2,1.207546657E0,5.682172143E-1,-6.829071334E-1,1.499133712E0
4.867823497E2,1.039792818E0,-2.323829681E-1,-6.306593379E-1,1.238104256E0
4.867923387E2,7.923880604E-1,-1.322883425E0,-3.418802673E-1,1.579487737E0
4.868023287E2,-3.786656857E-3,-2.416118039E0,7.459222841E-1,2.528644058E0
4.868123177E2,-7.145031479E-1,-2.909968026E0,1.497320486E0,3.349686149E0
4.868223067E2,-3.122818078E-1,-3.234856870E0,1.804176808E0,3.717105440E0
4.868322957E2,8.677123310E-1,-2.988241194E0,1.996590549E0,3.697145378E0
4.868422847E2,1.918888216E0,-2.050267696E0,1.870055048E0,3.373845802E0
4.868522737E2,1.809099579E0,-5.748818707E-1,1.655383004E0,2.518655066E0
4.868622637E2,5.438887042E-1,1.177091873E0,1.666277536E0,2.111359995E0
4.868722527E2,-8.807146382E-1,2.281962447E0,1.019741254E0,2.650072284E0
4.868822417E2,-1.930034178E0,2.366632469E0,4.383365214E-2,3.054161515E0
4.868922307E2,-2.498207100E0,1.605309788E0,-2.436382735E-1,2.979499595E0
4.869022197E2,-2.265463359E0,5.674155611E-1,-6.468862385E-2,2.336336720E0
4.869122087E2,-1.032664477E0,-5.989589506E-1,-3.043923059E-1,1.231991243E0
4.869221987E2,7.108569704E-1,-1.815714242E0,-6.684525239E-1,2.061301680E0
4.869321877E2,2.020475256E0,-2.431156493E0,-6.903915694E-1,3.235657997E0
4.869421767E2,2.710600192E0,-2.193698142E0,-6.149326667E-1,3.540876604E0
4.869521657E2,2.552205844E0,-1.380234670E0,-2.168401918E-1,2.909608579E0
4.869621547E2,2.223778705E0,-4.971080554E-1,-1.705895931E-2,2.278727529E0
4.869721437E2,1.974737458E0,7.017769754E-2,3.563497871E-2,1.976305338E0
4.869821327E2,1.789444602E0,3.107947147E-1,1.669722131E-1,1.823892831E0
4.869921227E2,1.715068896E0,3.264284152E-1,3.255603960E-1,1.775952252E0
4.870021117E2,1.588054362E0,3.982351470E-1,7.651894444E-1,1.807214092E0
4.870121007E2,1.390135322E0,5.045889831E-1,9.636202624E-1,1.765120468E0
4.870220897E2,1.191055901E0,4.878022116E-1,8.975949651E-1,1.569153236E0
4.870320787E2,1.051944501E0,5.148642951E-1,7.784366038E-1,1.406284474E0
4.870420677E2,1.118787239E0,5.107104331E-1,5.034499454E-1,1.328898748E0
4.870520577E2,1.405458389E0,4.540304482E-1,2.450550538E-1,1.497166961E0
4.870620467E2,1.787008798E0,2.671563596E-1,4.615996689E-2,1.807457803E0
4.870720357E2,2.080264936E0,2.349001944E-2,-1.920096982E-1,2.089239505E0
4.870820247E2,2.361793021E0,-2.091367775E-1,-5.000448194E-1,2.423189899E0
4.870920137E2,2.431707886E0,-4.828028423E-1,-7.436332454E-1,2.588299100E0
4.871020027E2,2.502996262E0,-7.157962596E-1,-9.076831663E-1,2.757035238E0
4.871119927E2,2.418387052E0,-7.605485094E-1,-9.500177385E-1,2.707316692E0
4.871219817E2,2.110635520E0,-5.380601996E-1,-7.345351240E-1,2.298658941E0
4.871319707E2,1.914282510E0,-3.677729076E-1,-3.721147576E-1,1.984490825E0
4.871419597E2,1.793062421E0,-1.899403685E-1,-1.585180163E-2,1.803164293E0
4.871519487E2,1.649251906E0,-1.187201124E-1,2.115949470E-1,1.667002920E0
4.871619377E2,1.469161026E0,-1.631484264E-1,1.876574694E-1,1.490055991E0
4.871719267E2,1.167398652E0,-1.468007809E-1,2.335249293E-1,1.199543235E0
4.871819167E2,9.316887639E-1,-1.636202967E-1,3.713569584E-1,1.016229081E0
4.871919057E2,7.543872982E-1,-1.224085361E-1,6.050450251E-1,9.747633188E-1
4.872018947E2,7.591305596E-1,-6.943685532E-2,8.497692727E-1,1.141581578E0
4.872118837E2,9.106645153E-1,1.074542820E-2,1.051636792E0,1.391174060E0
4.872218727E2,1.218352312E0,1.102515900E-1,1.108902229E0,1.651121414E0
4.872318618E2,1.466847137E0,2.056179231E-1,7.863815081E-1,1.676995864E0
4.872418518E2,1.590939817E0,3.558562821E-1,1.356925330E-1,1.635889867E0
4.872518408E2,1.652765936E0,5.683113545E-1,-3.279568774E-1,1.778248787E0
4.872618298E2,1.780126187E0,7.065173131E-1,-5.217698568E-1,1.985008750E0
4.872718188E2,2.053544184E0,6.560482407E-1,-4.449503070E-1,2.201232333E0
4.872818078E2,2.122457128E0,4.328600192E-1,-6.362972233E-1,2.257668314E0
4.872917968E2,1.288363656E0,4.034970564E-1,-1.862366252E0,2.300238866E0
4.873017868E2,1.074151057E-1,7.877865940E-1,-3.710796250E0,3.795017066E0
4.873117758E2,-6.254857215E-1,1.276248372E0,-4.624695591E0,4.838166141E0
4.873217648E2,-1.003169952E0,1.454345205E0,-4.126429495E0,4.488751531E0
4.873317538E2,-1.601782601E0,1.023327643E0,-2.843137860E0,3.419991207E0
4.873417428E2,-2.446956986E0,1.520925111E-1,-2.146884457E0,3.258810134E0
4.873517318E2,-2.598378090E0,-1.116078517E0,-1.741527693E0,3.321162246E0
4.873617208E2,-2.492678850E0,-2.577090132E0,-1.244049509E0,3.795062658E0
4.873717108E2,-3.068319397E0,-3.458304707E0,-1.161242703E0,4.766858503E0
4.873816998E2,-3.708329310E0,-3.736225206E0,-1.915226543E0,5.601712040E0
4.873916888E2,-3.794786240E0,-3.603064225E0,-2.170635262E0,5.665168300E0
4.874016778E2,-3.442594993E0,-3.220831738E0,-1.813087380E0,5.050990321E0
4.874116668E2,-2.647856644E0,-2.671795730E0,-1.512562130E0,4.054316395E0
4.874216558E2,-2.073803032E0,-2.005589122E0,-1.331927021E0,3.177589704E0
4.874316458E2,-1.655015653E0,-1.551627671E0,-1.392829573E0,2.662066764E0
4.874416348E2,-9.959515643E-1,-1.489589882E0,-1.454144061E0,2.307668192E0
4.874516238E2,-6.147875096E-1,-1.668501817E0,-1.462192753E0,2.302144575E0
4.874616128E2,-4.389579342E-1,-1.919492379E0,-1.427069698E0,2.431802415E0
4.874716018E2,-3.566722611E-1,-1.943454854E0,-1.305758100E0,2.368382588E0
4.874815908E2,-2.321144347E-1,-1.602183282E0,-1.149243047E0,1.985353359E0
4.874915808E2,-1.044988069E-1,-9.569213998E-1,-9.328735560E-1,1.340474408E0
4.875015698E2,-2.157549486E-2,-3.011181575E-1,-7.420797864E-1,8.011367275E-1
4.875115588E2,5.096345454E-2,2.655846280E-1,-5.685016814E-1,6.295447800E-1
4.875215478E2,2.958574176E-2,6.511599684E-1,-4.676649857E-1,8.022438279E-1
4.875315368E2,2.270912379E-3,8.694236648E-1,-4.330298808E-1,9.712968360E-1
4.875415258E2,-7.525498107E-2,1.031018486E0,-3.557273510E-1,1.093254032E0
4.875515158E2,-1.652581018E-1,1.109187573E0,-2.422641778E-1,1.147300852E0
4.875615048E2,-2.541946904E-1,1.157016043E0,-7.750615910E-2,1.187142902E0
4.875714938E2,-2.767558797E-1,1.195920492E0,3.600700781E-2,1.228053804E0
4.875814828E2,-2.875150488E-1,1.129739951E0,1.447780828E-1,1.174707604E0
4.875914718E2,-1.600203122E-1,9.989862692E-1,2.474617678E-1,1.041545675E0
4.876014608E2,-4.463179708E-2,8.180231309E-1,3.472858720E-1,8.898097082E-1
4.876114498E2,7.949625894E-2,6.421014619E-1,4.517422865E-1,7.891039450E-1
4.876214398E2,2.482435405E-1,4.515956676E-1,4.377170089E-1,6.761358460E-1
4.876314288E2,3.590228418E-1,3.281469119E-1,3.700221853E-1,6.111417301E-1
4.876414178E2,4.556129971E-1,2.201581943E-1,4.090905029E-1,6.506979892E-1
4.876514068E2,5.268974264E-1,1.686179119E-1,4.685432374E-1,7.249728709E-1
4.876613958E2,5.815392181E-1,1.127705705E-1,4.755180886E-1,7.596199816E-1
4.876713848E2,6.652058575E-1,8.149907649E-2,4.111773741E-1,7.862618936E-1
4.876813748E2,7.954407455E-1,3.380743146E-2,3.201175153E-1,8.581049736E-1
4.876913638E2,9.559522238E-1,-5.811898470E-2,2.898067188E-1,1.000605019E0
4.877013528E2,1.135182540E0,-1.749995631E-1,2.642842072E-1,1.178605272E0
4.877113418E2,1.290775633E0,-2.978267598E-1,1.089450297E-1,1.329161966E0
4.877213308E2,1.370233592E0,-3.294479173E-1,-1.461268893E-1,1.416837710E0
4.877313198E2,1.357822439E0,-3.443986630E-1,-2.610281852E-1,1.424930850E0
4.877413098E2,1.249122700E0,-4.088414115E-1,-3.175425477E-1,1.352143516E0
4.877512988E2,1.146201764E0,-4.964397186E-1,-2.747834677E-1,1.278959277E0
4.877612878E2,9.353103831E-1,-4.963274521E-1,-1.429534592E-1,1.068448475E0
4.877712768E2,7.768138553E-1,-3.423737723E-1,7.181360230E-2,8.519488008E-1
4.877812658E2,8.150949915E-1,-1.098785377E-1,2.666306949E-1,8.646068850E-1
4.877912548E2,9.837767842E-1,2.341745549E-1,4.413703492E-1,1.103386727E0
4.878012448E2,1.279774974E0,6.405548733E-1,8.531128567E-1,1.666114064E0
4.878112338E2,1.729104845E0,1.203697289E0,1.187182706E0,2.418283173E0
4.878212228E2,2.169782884E0,1.865034921E0,1.164175082E0,3.088950735E0
4.878312118E2,2.393785915E0,2.572726355E0,6.588742000E-1,3.575366711E0
4.878412008E2,2.284685495E0,2.963408654E0,7.402428836E-2,3.742600467E0
4.878511898E2,2.342694114E0,2.963640788E0,1.164461303E-1,3.779542583E0
4.878611798E2,1.895784990E0,2.306557590E0,3.880674237E-1,3.010781455E0
4.878711688E2,9.165311730E-1,1.190003110E0,5.900600731E-1,1.613786753E0
4.878811578E2,2.258365716E-1,-1.892158985E-2,1.356047370E0,1.374854412E0
4.878911468E2,-5.626205519E-1,-7.753635997E-1,2.202375995E0,2.401705773E0
4.879011358E2,-7.117458934E-1,-1.353857296E0,1.284327469E0,1.997250320E0
4.879111248E2,-3.365633941E-1,-2.092633697E0,-4.893616641E-1,2.175285165E0
4.879211138E2,4.031658116E-1,-3.240039842E0,-1.845573049E0,3.750538725E0
4.879311038E2,1.269380817E0,-4.698875123E0,-1.911675529E0,5.229269396E0
4.879410928E2,1.425022003E0,-5.233202460E0,-1.139410954E0,5.542143360E0
4.879510818E2,8.207011557E-1,-4.280808560E0,-6.969106302E-1,4.414131482E0
4.879610708E2,1.765287562E-1,-3.044907146E0,-3.776886159E-1,3.073315899E0
4.879710598E2,-3.560167882E-1,-2.162274036E0,1.834341717E-1,2.199050944E0
4.879810488E2,-5.289373738E-1,-1.807429322E0,2.386225319E-1,1.898292973E0
4.879910388E2,-6.938538520E-1,-1.575843914E0,-2.468387470E-1,1.739438581E0
4.880010278E2,-8.477258170E-1,-1.214903478E0,-8.295298666E-1,1.697866108E0
4.880110168E2,-8.293983042E-1,-9.084304404E-1,-1.168808415E0,1.696838391E0
4.880210058E2,-6.235970709E-1,-6.292884582E-1,-1.289958046E0,1.564886268E0
4.880309948E2,-3.662005913E-1,-3.131546509E-1,-1.252404888E0,1.341896685E0
4.880409838E2,-1.509007023E-1,1.251608205E-1,-8.535975909E-1,8.758225278E-1
4.880509738E2,1.922897798E-1,6.470534688E-1,-3.655424872E-1,7.676424043E-1
4.880609628E2,4.645963669E-1,1.193614351E0,-3.036722213E-2,1.281205358E0
4.880709518E2,6.154453214E-1,1.738803475E0,3.134116361E-1,1.870945569E0
4.880809408E2,7.154732010E-1,2.109093025E0,6.332645649E-1,2.315426375E0
4.880909298E2,8.762271926E-1,2.234342138E0,8.420604497E-1,2.543447402E0
4.881009188E2,1.064317210E0,2.122525249E0,9.775416058E-1,2.567775719E0
4.881109088E2,1.197267399E0,1.840902877E0,1.016630535E0,2.419898814E0
4.881208978E2,1.385090783E0,1.514951595E0,9.120583454E-1,2.246197951E0
4.881308868E2,1.534083392E0,1.088013051E0,8.354624516E-1,2.057955724E0
4.881408758E2,1.592482459E0,6.075292146E-1,7.970447829E-1,1.881587764E0
4.881508648E2,1.584207479E0,1.111216557E-1,7.845928448E-1,1.771340535E0
4.881608538E2,1.507223330E0,-3.154502678E-1,8.026034385E-1,1.736491669E0
4.881708438E2,1.401251902E0,-5.511497766E-1,7.240314782E-1,1.670776631E0
4.881808328E2,1.208428564E0,-6.151101297E-1,6.739971462E-1,1.514243117E0
4.881908218E2,8.365085185E-1,-5.875843620E-1,7.397341758E-1,1.261827458E0
4.882008108E2,4.810337672E-1,-5.168125874E-1,8.956659687E-1,1.140485100E0
4.882107998E2,1.614816776E-1,-3.939099616E-1,9.306846508E-1,1.023433100E0
4.882207888E2,-7.901400983E-2,-3.148754865E-1,9.468829000E-1,1.000988018E0
4.882307773E2,-1.797960341E-1,-2.636924690E-1,8.481400922E-1,9.062019356E-1
4.882407673E2,-1.932677266E-1,-2.639813215E-1,6.345502214E-1,7.139275423E-1
4.882507563E2,-1.739640212E-1,-3.440688801E-1,4.730666435E-1,6.102777434E-1
4.882607453E2,-1.325104782E-1,-4.093208832E-1,2.185183427E-1,4.825483171E-1
4.882707343E2,-1.571716949E-1,-3.586109054E-1,3.838901728E-2,3.934189114E-1
4.882807233E2,-3.255089405E-1,-2.669177932E-1,-2.913901448E-2,4.219600228E-1
4.882907122E2,-5.400938612E-1,2.354322910E-2,-2.003030965E-1,5.765214593E-1
4.883007023E2,-7.086541781E-1,2.362386221E-1,-2.370809135E-1,7.837134618E-1
4.883106913E2,-7.570480737E-1,3.893105417E-1,-2.579607359E-1,8.895101040E-1
4.883206802E2,-7.495838106E-1,6.339744169E-1,-3.401491991E-1,1.038990341E0
4.883306693E2,-6.913306323E-1,8.524398422E-1,-4.231662127E-1,1.176291363E0
4.883406583E2,-6.262180853E-1,9.923426628E-1,-5.258871737E-1,1.285865611E0
4.883506473E2,-5.440269908E-1,1.120328858E0,-5.838517919E-1,1.375494468E0
4.883606373E2,-4.366083768E-1,1.316222861E0,-6.283990967E-1,1.522483143E0
4.883706263E2,-3.826520249E-1,1.524691887E0,-6.997205096E-1,1.720673332E0
4.883806153E2,-2.718785709E-1,1.742407115E0,-8.155389413E-1,1.942937023E0
4.883906043E2,-2.019350544E-1,2.024213088E0,-9.031349096E-1,2.225728882E0
4.884005933E2,-1.981826037E-1,2.243563197E0,-9.453026900E-1,2.442631642E0
4.884105822E2,-1.236247569E-1,2.282468816E0,-8.738140467E-1,2.447140773E0
4.884205723E2,-1.670257151E-2,2.167778605E0,-7.606213072E-1,2.297408938E0
4.884305613E2,1.081170639E-1,1.746715928E0,-4.898779732E-1,1.817329431E0
4.884405503E2,1.938036239E-1,1.034671826E0,-4.734256625E-2,1.053730018E0
4.884505392E2,2.023832434E-1,6.732425630E-2,2.442747429E-1,3.242864208E-1
4.884605283E2,2.897500008E-2,-1.054291574E0,3.553119063E-1,1.112931635E0
4.884705173E2,-3.555376089E-1,-2.160865442E0,5.005590820E-1,2.246398416E0
4.884805072E2,-9.889249653E-1,-3.036063817E0,2.839138949E-1,3.205661115E0
4.884904963E2,-1.916196889E0,-3.175218778E0,-9.071142322E-1,3.817941990E0
4.885004853E2,-2.779820116E0,-2.995042090E0,-1.789619288E0,4.460988029E0
4.885104743E2,-3.528177473E0,-2.822810599E0,-1.948272375E0,4.920575292E0
4.885204633E2,-4.170176608E0,-2.783496260E0,-1.457481651E0,5.221348211E0
4.885304523E2,-4.682550574E0,-2.881792633E0,-7.933870572E-1,5.555220219E0
4.885404423E2,-5.060552893E0,-3.070758271E0,-2.100331557E-1,5.923079087E0
4.885504313E2,-5.216233256E0,-3.200359467E0,-7.638977945E-2,6.120230837E0
4.885604203E2,-5.155101201E0,-2.999850841E0,-4.333242881E-1,5.980129045E0
4.885704092E2,-4.903401664E0,-2.644270547E0,-7.291188481E-1,5.618463215E0
4.885803983E2,-4.583068094E0,-2.245561191E0,-8.205780718E-1,5.169178521E0
4.885903873E2,-4.308423497E0,-1.886185470E0,-8.463178074E-1,4.778751143E0
4.886003772E2,-4.112751103E0,-1.529556186E0,-9.467519224E-1,4.488942299E0
4.886103662E2,-3.833708524E0,-1.189259929E0,-9.749749705E-1,4.130646005E0
4.886203553E2,-3.681372476E0,-1.006189454E0,-1.043097079E0,3.956383708E0
4.886303443E2,-3.431808342E0,-7.569752759E-1,-1.116388419E0,3.687362630E0
4.886403333E2,-2.993952754E0,-4.998006982E-1,-1.056840960E0,3.214104330E0
4.886503223E2,-2.349183208E0,-2.349352777E-1,-1.145389732E0,2.624075831E0
4.886603123E2,-1.743200582E0,-2.630644780E-1,-9.702314168E-1,2.012287303E0
4.886703013E2,-8.403374214E-1,-1.511739135E-1,-1.127266579E0,1.414125339E0
4.886802903E2,1.853105432E-1,5.601328540E-1,-1.324140576E0,1.449633428E0
4.886902793E2,5.538767718E-1,8.527468210E-1,-1.506343617E0,1.817423371E0
4.887002682E2,8.864612818E-1,1.139060413E0,-1.393691452E0,2.006401778E0
4.887102573E2,9.662690511E-1,9.644859427E-1,-7.231555653E-1,1.544947567E0
4.887202473E2,7.437209536E-1,7.802483636E-1,-3.337526375E-1,1.128405596E0
4.887302362E2,9.197779857E-1,7.960873014E-1,-3.372720766E-1,1.262338698E0
4.887402253E2,9.444964320E-1,1.059400286E0,-5.294577760E-1,1.514835969E0
4.887502143E2,8.033019615E-1,1.240913063E0,-5.670656052E-1,1.583263298E0
4.887602033E2,6.407954863E-1,1.487814667E0,-6.425230461E-1,1.742712599E0
4.887701923E2,4.795190459E-1,1.667151695E0,-6.672778183E-1,1.858653538E0
4.887801813E2,2.445008840E-1,1.833080472E0,-6.586619461E-1,1.963109844E0
4.887901713E2,2.285645901E-1,1.930120279E0,-6.750809276E-1,2.057508280E0
4.888001603E2,2.563011499E-1,1.927103115E0,-9.408304471E-1,2.159763558E0
4.888101493E2,2.617134058E-1,1.910100582E0,-1.254232728E0,2.300016929E0
4.888201383E2,1.828082272E-1,1.974239860E0,-1.389731133E0,2.421238215E0
4.888301272E2,2.380956978E-2,1.988262652E0,-1.510442222E0,2.497036439E0
4.888401163E2,-1.712838768E-1,1.978286718E0,-1.591349853E0,2.544671071E0
4.888501063E2,-3.639877857E-1,1.925637803E0,-1.515855575E0,2.477576675E0
4.888600952E2,-5.135523261E-1,1.873996364E0,-1.360917808E0,2.372276469E0
4.888700843E2,-5.389358567E-1,1.763365874E0,-1.298247351E0,2.255073668E0
4.888800733E2,-5.208143487E-1,1.537793743E0,-1.261280669E0,2.055939228E0
4.888900623E2,-3.541340213E-1,1.306739847E0,-1.259360443E0,1.849045337E0
4.889000513E2,-2.372575725E-1,1.142398004E0,-1.210530053E0,1.681293361E0
4.889100413E2,-1.790242747E-1,8.618205303E-1,-1.021037874E0,1.348073684E0
4.889200303E2,-3.531652473E-1,7.932057935E-1,-9.214089203E-1,1.266055102E0
4.889300193E2,-3.952666618E-1,9.761441213E-1,-7.971555877E-1,1.320814185E0
4.889400083E2,-1.575054979E-1,1.257517986E0,-9.830432510E-1,1.603911936E0
4.889499972E2,6.594065890E-2,1.590074868E0,-1.199332343E0,1.992757969E0
4.889599863E2,2.132110808E-1,1.905284230E0,-1.269727557E0,2.299516260E0
4.889699763E2,1.554591734E-1,1.885861534E0,-1.028050439E0,2.153492277E0
4.889799653E2,-1.964262463E-1,1.458134785E0,-6.944831586E-1,1.626974855E0
4.889899542E2,-6.113230343E-1,8.211958301E-1,-3.449874777E-1,1.080321620E0
4.889999433E2,-9.424191356E-1,-1.036594391E-1,1.945976758E-1,9.678674299E-1
4.890099323E2,-9.201422672E-1,-1.174426712E0,9.480973667E-1,1.767718448E0
4.890199213E2,-6.895244274E-1,-2.378466064E0,1.778787321E0,3.049037403E0
4.890299113E2,-7.365269780E-2,-3.603703911E0,2.582045063E0,4.433854227E0
4.890399003E2,7.728259081E-1,-4.661791497E0,3.090107292E0,5.646089170E0
4.890498893E2,1.660261921E0,-5.292982054E0,3.054804727E0,6.332768794E0
4.890598783E2,2.629518022E0,-5.351919649E0,2.946645271E0,6.651325230E0
4.890698673E2,3.497905268E0,-5.035751928E0,2.700433053E0,6.699737116E0
4.890798562E2,4.121933863E0,-4.400016330E0,2.438914579E0,6.503751748E0
4.890898463E2,4.539569487E0,-3.749242278E0,2.132012356E0,6.261787722E0
4.890998353E2,5.000554029E0,-3.198346270E0,1.640423487E0,6.158404719E0
4.891098242E2,5.042445821E0,-2.443574225E0,1.479402278E0,5.795338295E0
4.891198133E2,4.570132006E0,-1.955172089E0,1.778434149E0,5.279359097E0
4.891298023E2,3.947779515E0,-1.552059780E0,1.470255479E0,4.489488148E0
4.891397913E2,2.955107946E0,-1.093666724E0,1.218704753E0,3.378462839E0
4.891497812E2,2.280496404E0,-6.815725064E-1,7.346318954E-1,2.490961451E0
4.891597703E2,2.030538898E0,-4.021030802E-1,2.463431954E-2,2.070116411E0
4.891697593E2,1.753420053E0,-1.029238594E-1,-3.044300205E-1,1.782625266E0
4.891797483E2,2.199907593E0,6.567370427E-1,-1.141606291E0,2.564012848E0
4.891897373E2,2.546342256E0,1.610164731E0,-1.655579470E0,3.437649303E0
4.891997263E2,2.807383598E0,2.563210596E0,-1.905912221E0,4.252523089E0
4.892097163E2,3.132100241E0,3.415161611E0,-2.068408683E0,5.074612816E0
4.892197053E2,3.372021147E0,3.990666211E0,-2.108242840E0,5.633882435E0
4.892296942E2,3.523064960E0,4.127572918E0,-2.301311468E0,5.894478720E0
4.892396832E2,3.645216218E0,3.950905144E0,-2.390130674E0,5.883024509E0
4.892496722E2,3.678933895E0,3.485490752E0,-2.196771146E0,5.523495619E0
4.892596612E2,3.558503180E0,2.758749674E0,-1.892108699E0,4.884027024E0
4.892696512E2,3.415632897E0,1.924889359E0,-1.538773736E0,4.211837099E0
4.892796402E2,3.352200255E0,1.093289579E0,-1.251235152E0,3.741405893E0
4.892896292E2,3.082529885E0,4.567342007E-1,-9.566372252E-1,3.259716461E0
4.892996182E2,2.892396559E0,4.527031302E-2,-8.090751368E-1,3.003765941E0
4.893096072E2,2.607010042E0,-2.967005861E-1,-7.999999657E-1,2.743088140E0
4.893195962E2,2.368286646E0,-3.650568759E-1,-9.673405534E-1,2.584143167E0
4.893295862E2,1.476980361E0,2.460625291E-2,-1.142654989E0,1.867548361E0
4.893395752E2,1.010821326E0,3.554580867E-1,-1.546520712E0,1.881445327E0
4.893495642E2,1.970122835E-1,3.371972322E-2,-1.289124233E0,1.304527557E0
4.893595532E2,-3.599814928E-1,-5.699620235E-1,-6.013282424E-1,9.033487912E-1
4.893695422E2,-1.338877898E0,-1.018624143E0,-6.122075719E-1,1.790247827E0
4.893795312E2,-1.526831383E0,-1.594994130E0,-2.074443009E-1,2.217713572E0
4.893895212E2,-3.897344649E-1,-1.581407540E0,-3.029278708E-1,1.656655684E0
4.893995102E2,3.622107437E-1,-1.374150642E0,-9.242689396E-1,1.695216707E0
4.894094992E2,6.832410094E-1,-1.661502115E0,-1.467544271E0,2.319718462E0
4.894194882E2,6.479577407E-1,-1.901854253E0,-1.222123620E0,2.351698318E0
4.894294772E2,4.478578350E-1,-1.268817730E0,-7.450405240E-1,1.538037859E0
4.894394662E2,-3.780634224E-2,-3.823675579E-1,-8.353127629E-2,3.932069976E-1
4.894494562E2,-6.620413443E-1,4.177636778E-1,1.304144853E0,1.521058523E0
4.894594452E2,-9.294666758E-1,1.002862973E0,2.613170961E0,2.949288883E0
4.894694342E2,-1.168914542E0,1.199863270E0,3.938072260E0,4.279538082E0
4.894794232E2,-1.403650430E0,1.012533098E0,4.356100817E0,4.687331024E0
4.894894122E2,-1.373408630E0,6.798177570E-1,3.099624220E0,3.457755595E0
4.894994012E2,-1.429902382E0,-9.022019863E-2,1.935111170E0,2.407782329E0
4.895093912E2,-1.509609579E0,-6.846598363E-1,1.120635252E0,2.000875693E0
4.895193802E2,-1.794313725E0,-1.144871376E0,-6.451583862E-2,2.129425863E0
4.895293692E2,-2.544848585E0,-1.749594512E0,-1.743323958E0,3.546338069E0
4.895393582E2,-2.732413522E0,-2.267326866E0,-2.665767835E0,4.439951906E0
4.895493472E2,-2.733870356E0,-2.268768790E0,-2.972356355E0,4.632090376E0
4.895593362E2,-3.137813847E0,-1.972682161E0,-2.646874605E0,4.554480851E0
4.895693262E2,-4.420950239E0,-2.107026034E0,-1.650308498E0,5.167966511E0
4.895793152E2,-6.238156983E0,-2.931548345E0,-3.288076472E-1,6.900484962E0
4.895893042E2,-8.010719942E0,-4.182074230E0,9.092604527E-1,9.082297806E0
4.895992932E2,-9.061816598E0,-4.868691130E0,1.163348285E0,1.035249016E1
4.896092822E2,-8.805474663E0,-4.187773511E0,5.977213874E-1,9.768884373E0
4.896192712E2,-7.716964599E0,-2.942575609E0,-1.796127239E-1,8.260905190E0
4.896292612E2,-5.926565292E0,-1.838615447E0,-1.190435804E0,6.318371652E0
4.896392502E2,-4.228656659E0,-9.782964814E-1,-2.054574755E0,4.802070238E0
4.896492392E2,-3.004556680E0,-5.558860213E-1,-2.393096967E0,3.881144574E0
4.896592282E2,-2.248850542E0,-2.817896014E-1,-2.364057940E0,3.274981539E0
4.896692172E2,-1.563483193E0,1.255204242E-1,-1.963072262E0,2.512745068E0
4.896792062E2,-7.858855180E-1,6.444923884E-1,-2.096081508E0,2.329494403E0
4.896891962E2,3.107552460E-1,1.267183433E0,-2.551831330E0,2.866036604E0
4.896991852E2,7.476235315E-1,1.725086492E0,-2.204958710E0,2.897707243E0
4.897091742E2,5.354049790E-1,2.194106863E0,-1.753568864E0,2.859329848E0
4.897191632E2,4.192883393E-1,2.505565821E0,-1.465260202E0,2.932686525E0
4.897291522E2,5.529539350E-1,3.046673005E0,-1.372544412E0,3.387012343E0
4.897391412E2,6.349408154E-1,3.516546484E0,-1.295172593E0,3.800884247E0
4.897491312E2,6.656386976E-1,3.659461205E0,-1.192591673E0,3.906021772E0
4.897591202E2,6.700860898E-1,3.403592895E0,-1.070007135E0,3.630203195E0
4.897691092E2,7.253052941E-1,2.843111547E0,-9.707295996E-1,3.090577130E0
4.897790982E2,7.343483055E-1,2.117224748E0,-9.218828371E-1,2.423174783E0
4.897890872E2,6.534129006E-1,1.481054701E0,-9.287933689E-1,1.866314167E0
4.897990762E2,3.796705297E-1,9.717856067E-1,-9.257867306E-1,1.394846962E0
4.898090662E2,-3.787636265E-2,5.621530670E-1,-8.796469367E-1,1.044619272E0
4.898190552E2,-4.362604675E-1,2.332202893E-1,-5.406025690E-1,7.327796643E-1
4.898290442E2,-7.176600596E-1,-1.021169436E-1,-2.440715522E-2,7.252996212E-1
4.898390332E2,-6.723844841E-1,-4.136367130E-1,5.996302110E-1,9.913387992E-1
4.898490222E2,-2.818656152E-1,-5.366393262E-1,9.757406634E-1,1.148694839E0
4.898590112E2,9.373963773E-3,-7.464549655E-1,1.030260979E0,1.272289500E0
4.898690012E2,2.624715704E-1,-1.015999913E0,1.046394032E0,1.481920247E0
4.898789902E2,7.769952652E-1,-1.092141185E0,9.912954265E-1,1.667081472E0
4.898889792E2,1.369220855E0,-7.998464763E-1,7.032048655E-1,1.734651901E0
4.898989682E2,1.385845366E0,-4.980015099E-2,4.455069619E-1,1.456545189E0
4.899089572E2,1.098756871E0,7.529196471E-1,1.049072349E-1,1.336098868E0
4.899189462E2,6.361030957E-1,1.200176681E0,-5.759840709E-1,1.475401255E0
4.899289362E2,2.558247480E-1,1.424837231E0,-9.911463225E-1,1.754416846E0
4.899389252E2,8.830318898E-3,1.402251191E0,-9.723954713E-1,1.706440544E0
4.899489142E2,-9.681351900E-2,1.295811986E0,-7.083407673E-1,1.479948716E0
4.899589032E2,-2.879198223E-2,1.278003121E0,-9.034474432E-2,1.281515949E0
4.899688922E2,3.330777226E-1,9.952615929E-1,4.392384544E-1,1.137724407E0
4.899788812E2,8.599182849E-1,5.354330456E-1,8.833605033E-1,1.344051257E0
4.899888712E2,1.269438412E0,1.235101515E-1,1.242042160E0,1.780280137E0
4.899988602E2,1.805225506E0,-3.812887466E-1,1.571751448E0,2.423762128E0
4.900088492E2,2.642555559E0,-6.528404582E-1,1.905309666E0,3.322575126E0
4.900188382E2,3.552810038E0,-7.871135795E-1,1.771875327E0,4.047412646E0
4.900288272E2,2.922775767E0,-8.913548166E-1,1.512932259E0,3.409706089E0
4.900388162E2,3.763965274E-1,-4.661119652E-1,1.615477804E0,1.722992526E0
4.900488062E2,-2.179023824E0,5.422199088E-1,1.187908638E0,2.540329542E0
4.900587952E2,-3.350866798E0,8.275763118E-1,1.118247249E0,3.628176919E0
4.900687842E2,-2.781692979E0,-4.616786063E-2,1.053277374E0,2.974784114E0
4.900787732E2,-1.387683730E0,-1.487850335E0,4.102003044E-1,2.075482846E0
4.900887622E2,1.729173696E-1,-3.129906365E0,-7.595059508E-1,3.225378049E0
4.900987522E2,1.646902495E0,-4.671666859E0,-2.175360689E0,5.410078853E0
4.901087412E2,2.421969348E0,-5.706955567E0,-3.375792601E0,7.059125516E0
4.901187302E2,2.121182728E0,-5.608739886E0,-3.596418280E0,6.992253121E0
4.901287192E2,8.723336779E-1,-4.064702486E0,-2.474334673E0,4.837882224E0
4.901387082E2,-3.944729023E-1,-2.242203720E0,-1.277666906E0,2.610654920E0
4.901486972E2,-1.270158058E0,-6.937002164E-1,-3.340911913E-1,1.485307512E0
4.901586872E2,-1.452332593E0,4.284278297E-1,3.593698740E-1,1.556267031E0
4.901686762E2,-1.256419732E0,1.110880342E0,6.070348325E-1,1.783574211E0
4.901786652E2,-1.046008700E0,1.623086493E0,4.819570425E-1,1.990182543E0
4.901886542E2,-7.107302320E-1,1.948527898E0,6.374926865E-2,2.075081300E0
4.901986432E2,-4.328674744E-1,1.968355806E0,-3.014915022E-1,2.037816468E0
4.902086322E2,-6.353189841E-2,1.774487863E0,-4.941245136E-1,1.843095905E0
4.902186222E2,3.392991601E-1,1.547241674E0,-4.366013601E-1,1.643076829E0
4.902286112E2,6.643328682E-1,1.238223343E0,-2.737531883E-1,1.431599112E0
4.902386005E2,9.799198146E-1,8.756287301E-1,9.513127506E-2,1.317580539E0
4.902485895E2,1.209895338E0,4.969279611E-1,5.550796902E-1,1.420879161E0
4.902585785E2,1.289254918E0,2.347399807E-1,8.585598305E-1,1.566654424E0
4.902685675E2,1.345366846E0,1.658591956E-1,1.087510775E0,1.737872524E0
4.902785575E2,1.265625004E0,1.634975052E-1,1.247457559E0,1.784569541E0
4.902885465E2,1.278153687E0,1.270290059E-1,1.267586014E0,1.804601762E0
4.902985355E2,1.363237837E0,5.948197067E-2,1.047191300E0,1.720048001E0
4.903085245E2,1.468182641E0,4.782203794E-2,6.895641884E-1,1.622758757E0
4.903185135E2,1.531532983E0,3.609603167E-2,4.238015127E-1,1.589498010E0
4.903285025E2,1.548269761E0,2.001560390E-2,4.092074472E-1,1.601558807E0
4.903384925E2,1.589093412E0,-4.345826089E-2,5.458364117E-1,1.680786686E0
4.903484815E2,1.709197707E0,-6.539175153E-2,6.707636359E-1,1.837268826E0
4.903584705E2,1.823539717E0,-6.957718849E-2,6.838049734E-1,1.948775853E0
4.903684595E2,1.852661043E0,-6.911350429E-2,4.596879217E-1,1.910089685E0
4.903784485E2,1.730659181E0,5.334707201E-2,2.137250876E-1,1.744621886E0
4.903884375E2,1.542697364E0,1.788809448E-1,4.002682239E-2,1.553549387E0
4.903984275E2,1.324677789E0,2.373425764E-1,7.856202006E-2,1.348063327E0
4.904084165E2,1.116789392E0,3.305039245E-1,4.206340760E-1,1.238299001E0
4.904184055E2,9.709477007E-1,4.660394597E-1,8.789072639E-1,1.390111576E0
4.904283945E2,8.913697270E-1,7.090503269E-1,1.191192434E0,1.648099442E0
4.904383835E2,8.514516628E-1,9.920672590E-1,1.420989471E0,1.930900944E0
4.904483725E2,7.021321937E-1,1.205992906E0,1.431656254E0,1.999261898E0
4.904583625E2,5.217470527E-1,1.210469534E0,1.261818613E0,1.824730855E0
4.904683515E2,2.984370629E-1,1.123365317E0,8.789096028E-1,1.457222154E0
4.904783405E2,-6.770315588E-2,1.000364458E0,2.064990985E-1,1.023696558E0
4.904883295E2,-3.807692215E-1,9.305972350E-1,-3.442603764E-1,1.062784842E0
4.904983185E2,-5.255277161E-1,7.613852459E-1,-2.683959693E-2,9.255307867E-1
4.905083075E2,-1.097155758E0,4.957129097E-1,1.014209203E0,1.574198956E0
4.905182975E2,-2.305764562E0,4.239588028E-1,1.472485022E0,2.768483957E0
4.905282865E2,-2.965618317E0,5.923814178E-2,8.084407139E-1,3.074406861E0
4.905382755E2,-2.413296466E0,-7.779509926E-1,-5.883731514E-1,2.602958037E0
4.905482645E2,-1.191414628E0,-1.873280665E0,-2.206648555E0,3.130167266E0
4.905582535E2,-6.704212815E-2,-3.053452851E0,-4.185628753E0,5.181462826E0
4.905682435E2,7.272196725E-1,-4.193436540E0,-5.326503557E0,6.818020138E0
4.905782325E2,9.294780779E-1,-4.639643998E0,-4.605797975E0,6.603302273E0
4.905882215E2,1.071099980E0,-4.271971078E0,-2.555573256E0,5.091949207E0
4.905982105E2,1.407502722E0,-3.514449672E0,-4.248183435E-1,3.809578853E0
4.906081995E2,1.701658453E0,-2.555712712E0,1.236914152E0,3.310176064E0
4.906181885E2,1.621268740E0,-1.830443378E0,1.403428236E0,2.819334336E0
4.906281785E2,1.630698837E0,-1.283015939E0,-1.187247902E-1,2.078317630E0
4.906381675E2,1.702667098E0,-9.708102912E-1,-1.656937779E0,2.566513329E0
4.906481565E2,1.708427190E0,-8.149299538E-1,-2.327401745E0,2.999938862E0
4.906581455E2,1.635252210E0,-7.171270859E-1,-2.576558328E0,3.134800451E0
4.906681345E2,1.642648061E0,-4.944177514E-1,-2.359540673E0,2.917220210E0
4.906781235E2,1.643924362E0,-1.616486156E-1,-1.911278503E0,2.526183505E0
4.906881135E2,1.651675138E0,1.930814928E-1,-1.390276386E0,2.167528467E0
4.906981025E2,1.642673935E0,5.698690528E-1,-1.056847684E0,2.034712614E0
4.907080915E2,1.529834805E0,7.915001607E-1,-7.719038022E-1,1.887512256E0
4.907180805E2,1.428741709E0,1.002429695E0,-4.732040530E-1,1.808339083E0
4.907280695E2,1.357501280E0,9.774147213E-1,-1.967611456E-1,1.684299324E0
4.907380585E2,1.285781380E0,8.314167631E-1,-1.086143696E-1,1.535019437E0
4.907480485E2,9.931121564E-1,6.968191212E-1,-2.017575914E-1,1.229851523E0
4.907580375E2,7.036330278E-1,5.284274966E-1,-2.996307720E-1,9.295771385E-1
4.907680265E2,4.238690481E-1,4.152464515E-1,-3.992180640E-1,7.151710620E-1
4.907780155E2,1.612472042E-2,2.815282309E-1,-3.119705898E-1,4.205280018E-1
4.907880045E2,-4.021616985E-1,1.645932734E-1,-5.218654588E-2,4.376624418E-1
4.907979935E2,-7.447448011E-1,1.270173115E-1,3.124243337E-1,8.175494972E-1
4.908079835E2,-1.007702421E0,6.977307022E-2,6.740708211E-1,1.214373881E0
4.908179725E2,-1.106404006E0,9.401679575E-2,9.234975457E-1,1.444235680E0
4.908279615E2,-9.583836423E-1,1.330744421E-1,1.004091912E0,1.394420518E0
4.908379505E2,-7.478553736E-1,9.897464991E-2,9.580246232E-1,1.219382967E0
4.908479395E2,-5.171471943E-1,-1.686693674E-1,9.586708868E-1,1.102243369E0
4.908579285E2,-1.691071777E-1,-5.201975405E-1,8.314913151E-1,9.952791195E-1
4.908679185E2,2.896399270E-1,-7.204032809E-1,4.931556299E-1,9.198231622E-1
4.908779075E2,5.505448821E-1,-8.495519024E-1,-1.473224987E-1,1.023006364E0
4.908878965E2,5.089922288E-1,-8.190206659E-1,-7.827585733E-1,1.242006008E0
4.908978855E2,2.694291723E-1,-5.967697531E-1,-1.072130844E0,1.256260627E0
4.909078745E2,1.332200378E-2,-1.183821434E-1,-1.116263289E0,1.122602128E0
4.909178645E2,-1.409009403E-1,5.778879243E-1,-9.825468224E-1,1.148566840E0
4.909278535E2,-2.672506459E-1,1.449251111E0,-9.742183408E-1,1.766593633E0
4.909378425E2,-1.332397722E-1,2.395109578E0,-8.235274073E-1,2.536237394E0
4.909478315E2,4.075538546E-1,3.330736004E0,2.550432676E-1,3.365256237E0
4.909578205E2,1.653390858E0,3.767504886E0,2.613135001E0,4.874040309E0
4.909678095E2,3.185040346E0,3.506368235E0,4.647712863E0,6.636289255E0
4.909777995E2,3.926923082E0,2.604038195E0,3.868793280E0,6.096663124E0
4.909877885E2,4.278469673E0,1.553578886E0,2.698633280E-1,4.559795644E0
4.909977775E2,4.537183823E0,3.837533480E-1,-3.544976523E0,5.770629275E0
4.910077665E2,2.882161885E0,-6.571609658E-1,-5.399278003E0,6.155560138E0
4.910177555E2,1.070291018E0,-1.314213173E0,-5.637229859E0,5.886513366E0
4.910277445E2,-2.896039666E-1,-1.992301909E0,-3.493965999E0,4.032485059E0
4.910377345E2,-2.509074443E0,-2.421343696E0,-1.453955780E0,3.777876026E0
4.910477235E2,-4.806963536E0,-3.251643056E0,-1.548315808E0,6.006443444E0
4.910577125E2,-5.696811233E0,-4.355497384E0,-2.597485513E0,7.626988047E0
4.910677015E2,-5.462610365E0,-5.167438826E0,-1.502656655E0,7.668149258E0
4.910776905E2,-5.922038963E0,-4.789612216E0,3.740393686E-1,7.625669551E0
4.910876805E2,-6.448135175E0,-3.384749073E0,-1.812657318E-1,7.284767037E0
4.910976695E2,-6.938490281E0,-1.496549823E0,-8.591723263E-1,7.149859148E0
4.911076585E2,-7.267677997E0,-2.525465065E-1,-1.092299353E0,7.353641348E0
4.911176475E2,-7.214702223E0,-1.348151582E-1,-1.813751039E0,7.440416395E0
4.911276365E2,-6.999619997E0,-1.474498218E-1,-2.439074501E0,7.413872535E0
4.911376255E2,-6.578945575E0,-1.957513314E-1,-2.589076047E0,7.072775851E0
4.911476155E2,-6.001380417E0,-2.210615891E-1,-2.398169134E0,6.466579492E0
4.911576045E2,-4.974917496E0,-9.175626218E-2,-2.469058438E0,5.554680268E0
4.911675935E2,-3.881800411E0,-5.346693993E-2,-2.599230322E0,4.671962265E0
4.911775825E2,-2.945454193E0,1.423223984E-1,-2.334594405E0,3.761155023E0
4.911875715E2,-2.097923966E0,2.806622583E-1,-1.915926747E0,2.854966124E0
4.911975605E2,-1.226837353E0,5.712700456E-1,-1.752313467E0,2.214064553E0
4.912075505E2,-4.270509566E-1,1.031889136E0,-1.656758854E0,1.998003406E0
4.912175395E2,2.119213678E-1,1.470986381E0,-1.625833515E0,2.202736075E0
4.912275285E2,5.237351060E-1,1.670041389E0,-1.416160840E0,2.251410275E0
4.912375174E2,6.215691103E-1,1.896864240E0,-1.130691586E0,2.294102344E0
4.912475064E2,7.482544461E-1,1.930201555E0,-4.646580550E-1,2.121666766E0
4.912574964E2,8.279883943E-1,1.624051868E0,5.406440842E-1,1.901421910E0
4.912674854E2,1.014987906E0,1.097258084E0,1.414675355E0,2.058028695E0
4.912774744E2,1.445288160E0,5.705087382E-1,1.942743248E0,2.487687563E0
4.912874634E2,2.123768513E0,6.799902499E-2,1.972398864E0,2.899202277E0
4.912974524E2,2.950767266E0,-1.001370764E-1,1.567716284E0,3.342871406E0
4.913074414E2,3.592586600E0,1.511552024E-1,1.091849994E0,3.757880091E0
4.913174314E2,3.905214416E0,7.536733532E-1,8.526974121E-1,4.067654857E0
4.913274204E2,3.762058790E0,1.421988468E0,1.143212229E0,4.181156747E0
4.913374094E2,3.289710184E0,1.702850116E0,1.572615374E0,4.024302515E0
4.913473984E2,2.382120574E0,1.562669553E0,1.912034841E0,3.431080266E0
4.913573874E2,1.318299500E0,1.522530171E0,2.104469631E0,2.912868710E0
4.913673764E2,-2.154127403E-1,1.703626626E0,2.475025229E0,3.012390448E0
4.913773664E2,-1.926934423E0,1.466495134E0,2.670162018E0,3.604642763E0
4.913873554E2,-3.382326280E0,5.885795581E-1,2.444162455E0,4.214319288E0
4.913973444E2,-4.034462441E0,-9.292938906E-1,1.854454092E0,4.536460548E0
4.914073334E2,-3.282291237E0,-2.228803656E0,7.671356902E-1,4.040977440E0
4.914173224E2,-1.290652695E0,-2.834827797E0,1.722586808E-1,3.119568251E0
4.914273114E2,7.034193121E-1,-3.017243384E0,4.316087151E-1,3.128073280E0
4.914373014E2,2.049771999E0,-3.051231494E0,-3.513790691E-1,3.692566333E0
4.914472904E2,2.148288081E0,-2.842243236E0,-2.700116134E0,4.470359653E0
4.914572794E2,1.206388032E0,-2.414326453E0,-4.410888058E0,5.171100247E0
4.914672684E2,1.724780975E-1,-2.130420159E0,-4.101665075E0,4.625158931E0
4.914772574E2,-3.781128314E-1,-2.062769043E0,-2.744909315E0,3.454346911E0
4.914872474E2,-4.376424569E-1,-1.746230024E0,-8.828196359E-1,2.005048809E0
4.914972364E2,5.490297224E-1,-1.596654155E0,6.307382753E-1,1.802378678E0
4.915072254E2,2.296250265E0,-1.927517683E0,1.128118811E0,3.203239259E0
4.915172144E2,4.155447764E0,-2.512666095E0,3.020560509E-1,4.865436762E0
4.915272034E2,4.993559589E0,-2.760585115E0,-1.136140314E0,5.817841727E0
4.915371924E2,4.980501003E0,-2.560333182E0,-1.643428664E0,5.836227721E0
4.915471824E2,4.484747162E0,-2.034894782E0,-1.862410983E0,5.265199764E0
4.915571714E2,4.105660477E0,-1.248549526E0,-1.866887027E0,4.679806732E0
4.915671604E2,4.031984098E0,-5.072921509E-1,-1.808418379E0,4.447990347E0
4.915771494E2,4.082939951E0,8.624058366E-2,-1.529504145E0,4.360873653E0
4.915871384E2,4.220367061E0,4.687133914E-1,-1.289724450E0,4.437857538E0
4.915971284E2,4.255103615E0,4.741337603E-1,-1.135756736E0,4.429520624E0
4.916071174E2,4.238529097E0,3.992847222E-1,-8.904692557E-1,4.349424410E0
4.916171064E2,4.135850236E0,3.404769355E-1,-7.175913548E-1,4.211427202E0
4.916270954E2,3.990775554E0,4.290412027E-1,-7.110386726E-1,4.076265677E0
4.916370844E2,3.755074291E0,5.494429743E-1,-7.379513597E-1,3.866140546E0
4.916470734E2,3.369429953E0,6.957023031E-1,-7.246077213E-1,3.515980127E0
4.916570634E2,2.822467368E0,8.441227627E-1,-7.696739665E-1,3.044874923E0
4.916670524E2,2.222539680E0,9.213013315E-1,-7.092845079E-1,2.508298882E0
4.916770414E2,1.661056557E0,9.402597588E-1,-4.833568659E-1,1.968967029E0
4.916870304E2,1.224935692E0,1.043190050E0,-1.914933890E-1,1.620303258E0
4.916970194E2,9.624201214E-1,1.130308886E0,5.539272040E-2,1.485570268E0
4.917070094E2,7.981746112E-1,1.231222472E0,2.578239110E-1,1.489786782E0
4.917169984E2,6.658470047E-1,1.313638977E0,5.328877527E-1,1.566195694E0
4.917269874E2,5.957859591E-1,1.259588485E0,7.196881664E-1,1.568271379E0
4.917369764E2,7.964150378E-1,1.154088927E0,7.194422910E-1,1.576006146E0
4.917469654E2,1.300821588E0,1.052008236E0,9.017710465E-1,1.900539174E0
4.917569544E2,1.954833389E0,1.401316806E0,1.691328177E0,2.940349193E0
4.917669444E2,2.888330405E0,1.486591430E0,2.846691213E0,4.319265848E0
4.917769334E2,2.676333169E0,1.212221945E0,3.755581244E0,4.768294429E0
4.917869224E2,1.459020931E0,1.596022655E0,3.686575036E0,4.273975420E0
4.917969114E2,7.490888438E-1,2.470904696E0,2.278058261E0,3.443262051E0
4.918069004E2,6.470770770E-1,2.720950933E0,8.002201134E-1,2.909060837E0
4.918168894E2,4.704422669E-1,2.655541640E0,-5.609482482E-1,2.754610728E0
4.918268794E2,1.036259492E0,2.590619420E0,-2.687346400E0,3.873883502E0
4.918368684E2,1.732452961E0,1.392341915E0,-3.222370141E0,3.914547048E0
4.918468574E2,1.991759579E0,-2.649595606E-1,-2.682047653E0,3.351222076E0
4.918568464E2,1.477364816E0,-2.160241544E0,-1.785316322E0,3.168060084E0
4.918668354E2,-1.663886610E-1,-4.008592604E0,-1.197689275E0,4.186998860E0
4.918768254E2,-2.693819852E0,-4.785716801E0,-4.846879846E-1,5.513136416E0
4.918868144E2,-5.367317122E0,-4.453758674E0,6.773490626E-1,7.007343374E0
4.918968034E2,-6.919320769E0,-3.548473451E0,1.062922064E0,7.848469089E0
4.919067924E2,-6.672378234E0,-2.300786973E0,6.809866154E-1,7.090697763E0
4.919167814E2,-6.134526780E0,-1.616201981E0,3.677524424E-1,6.354507810E0
4.919267704E2,-5.741765211E0,-1.601166451E0,2.197371948E-1,5.964887776E0
4.919367604E2,-5.472934794E0,-1.328770401E0,-1.919401163E-1,5.635200710E0
4.919467494E2,-5.781999317E0,-1.207975112E0,-8.378884614E-2,5.907430960E0
4.919567384E2,-5.970815266E0,-1.401320899E0,1.204473799E-1,6.134235305E0
4.919667274E2,-5.616082234E0,-1.729639719E0,1.747487175E-1,5.878993990E0
4.919767164E2,-4.795428441E0,-2.191492572E0,4.344066077E-1,5.290319719E0
4.919867064E2,-3.653764263E0,-2.459654068E0,5.462448397E-1,4.438273859E0
4.919966954E2,-2.670001804E0,-2.477893873E0,3.655609059E-1,3.660942837E0
4.920066844E2,-1.894743308E0,-2.095655538E0,-1.723425883E-1,2.830463974E0
4.920166734E2,-1.444161548E0,-1.145084215E0,-6.055996335E-1,1.939992616E0
4.920266624E2,-1.325731457E0,-3.632834154E-1,-5.013773999E-1,1.463187628E0
4.920366514E2,-1.308094062E0,1.679495752E-1,-8.878412247E-3,1.318861616E0
4.920466414E2,-1.333001593E0,3.706737113E-1,3.548894450E-1,1.428369268E0
4.920566304E2,-1.273751611E0,3.629518783E-1,1.498495191E-1,1.332903639E0
4.920666194E2,-9.957203069E-1,5.183813953E-1,-2.119159591E-1,1.142403858E0
4.920766084E2,-5.651259376E-1,8.687021184E-1,-4.028544474E-1,1.111891362E0
4.920865974E2,-2.523105714E-1,1.165958190E0,-4.260035741E-1,1.266727346E0
4.920965874E2,-7.087965578E-2,1.361934639E0,-4.720191148E-1,1.443153468E0
4.921065764E2,2.763189465E-2,1.369237227E0,-3.919681013E-1,1.424504509E0
4.921165654E2,3.882874252E-1,1.337301489E0,-3.655234838E-1,1.439704766E0
4.921265544E2,8.405354959E-1,1.325000702E0,-5.211635005E-1,1.653402000E0
4.921365434E2,1.211075014E0,1.393032471E0,-7.050534627E-1,1.975940925E0
4.921465324E2,1.571909469E0,1.453011455E0,-5.252469036E-1,2.204093005E0
4.921565224E2,1.762594919E0,1.296046459E0,2.946069905E-1,2.207548539E0
4.921665114E2,1.806212516E0,1.115701956E0,1.033640962E0,2.361272570E0
4.921765004E2,1.827326520E0,9.093227255E-1,1.114735996E0,2.325645366E0
4.921864894E2,2.091479603E0,6.571545339E-1,8.949336049E-1,2.367920009E0
4.921964784E2,2.448029219E0,3.573730499E-1,8.844416535E-1,2.627317946E0
4.922064684E2,2.431693999E0,7.285630703E-3,7.640685332E-1,2.548919282E0
4.922164574E2,1.575590437E0,-3.161665517E-1,1.008419582E-1,1.610160121E0
4.922264464E2,5.756531185E-1,-5.458562922E-1,-6.850881448E-1,1.048180028E0
4.922364355E2,-4.029424480E-1,-6.247708994E-1,-1.300653480E0,1.498132427E0
4.922464245E2,-1.351245344E0,-8.075811732E-1,-1.539522765E0,2.201858686E0
4.922564135E2,-2.101530821E0,-9.109084904E-1,-1.673023176E0,2.836404875E0
4.922664035E2,-2.732598587E0,-9.478044212E-1,-1.468022427E0,3.243534816E0
4.922763925E2,-3.561886379E0,-8.201789993E-1,-1.496803299E0,3.949702303E0
4.922863815E2,-4.316888804E0,-7.376630920E-1,-1.877046564E0,4.764764379E0
4.922963705E2,-4.782842894E0,-8.554429722E-1,-2.214538496E0,5.339620734E0
4.923063595E2,-5.143632472E0,-9.480804098E-1,-2.525844550E0,5.808244327E0
4.923163495E2,-5.468607270E0,-1.032488476E0,-2.760270535E0,6.212148690E0
4.923263385E2,-5.701511225E0,-1.069751027E0,-3.204435268E0,6.627216829E0
4.923363275E2,-5.788676838E0,-1.273150517E0,-3.958760001E0,7.127515171E0
4.923463165E2,-5.700659285E0,-1.673970718E0,-4.616419150E0,7.524029507E0
4.923563055E2,-5.298542756E0,-1.864098197E0,-5.023643514E0,7.535675921E0
4.923662945E2,-4.383920115E0,-1.925424380E0,-5.329938211E0,7.164792806E0
4.923762845E2,-3.267603616E0,-1.808761318E0,-5.523456491E0,6.667639950E0
4.923862735E2,-2.340915683E0,-1.620427179E0,-5.677223060E0,6.351104798E0
4.923962625E2,-1.534736672E0,-1.485162370E0,-5.926317371E0,6.299393740E0
4.924062515E2,-9.947694035E-1,-1.575409466E0,-5.883799342E0,6.171756302E0
4.924162405E2,-7.661248527E-1,-1.638431341E0,-5.649217236E0,5.931699582E0
4.924262305E2,-6.348596853E-1,-1.447450753E0,-5.598846982E0,5.817666888E0
4.924362195E2,-4.634143522E-1,-1.164137952E0,-5.375202093E0,5.519308613E0
4.924462085E2,-1.961732081E-1,-8.031565851E-1,-5.015283165E0,5.082972521E0
4.924561975E2,1.460934140E-1,-5.417357594E-1,-4.678508102E0,4.712033423E0
4.924661865E2,6.642708877E-1,-3.942327279E-1,-4.176203626E0,4.247040379E0
4.924761765E2,1.275505921E0,-3.951606810E-1,-3.595588852E0,3.835534710E0
4.924861655E2,1.979644002E0,-3.750778341E-1,-2.793857819E0,3.444606693E0
4.924961545E2,3.063619405E0,-2.607320237E-1,-2.023131353E0,3.680598527E0
4.925061435E2,4.449687257E0,-2.459923625E-1,-1.549389649E0,4.718139169E0
4.925161325E2,5.483669697E0,-1.689634824E-1,-9.715406084E-1,5.571631104E0
4.925261215E2,6.136035361E0,-1.163730401E-1,7.563051850E-2,6.137604795E0
4.925361115E2,6.509016969E0,-1.403565645E-1,1.002177095E0,6.587211913E0
4.925461005E2,6.772207747E0,8.076057315E-2,1.688487600E0,6.979993582E0
4.925560895E2,6.761107392E0,8.478053391E-2,2.540398269E0,7.223114583E0
4.925660785E2,6.791060924E0,-1.550441855E-1,3.232924072E0,7.522921323E0
4.925760675E2,7.015343159E0,-3.549756914E-1,3.784549812E0,7.978963884E0
4.925860575E2,7.320181316E0,-6.200668144E-1,4.438673150E0,8.583202006E0
4.925960465E2,7.339791707E0,-1.129348773E0,5.153893166E0,9.039390783E0
4.926060355E2,6.916617016E0,-1.174406832E0,5.891003112E0,9.160935543E0
4.926160245E2,6.508635145E0,-8.243849015E-1,5.125138314E0,8.325201779E0
4.926260135E2,5.997480909E0,-7.563899696E-2,2.472733120E0,6.487673511E0
4.926360035E2,5.978597910E0,1.001782408E0,-5.216985208E-1,6.084354552E0
4.926459925E2,5.659096692E0,2.558816999E0,-2.411151415E0,6.662324740E0
4.926559815E2,4.208029436E0,3.957984368E0,-2.835673012E0,6.435386035E0
4.926659705E2,1.546938057E0,4.746068001E0,-2.435190488E0,5.554127432E0
4.926759595E2,-9.917946325E-1,5.091765915E0,-1.661907912E0,5.447171251E0
4.926859485E2,-2.691311397E0,4.301607690E0,1.798246855E-1,5.077334210E0
4.926959385E2,-3.836449406E0,1.559062405E0,2.720175008E0,4.954631339E0
4.927059275E2,-4.287789550E0,-2.883307647E0,5.492931687E0,7.541279780E0
4.927159165E2,-2.899252711E0,-7.223733248E0,8.700936388E0,1.167451422E1
4.927259055E2,1.976654175E-1,-8.749482311E0,8.514916577E0,1.221050026E1
4.927358945E2,3.386074345E0,-6.649190515E0,4.678688488E0,8.807233388E0
4.927458845E2,2.830623356E0,-3.286806457E0,8.137806836E-1,4.413362015E0
4.927558735E2,3.598602361E-1,-1.963664585E-1,-1.426817098E0,1.484542424E0
4.927658625E2,-1.633083478E0,1.395392407E0,-2.223374223E0,3.091516546E0
4.927758515E2,-1.945178759E0,1.550731877E0,-2.049283610E0,3.223050275E0
4.927858405E2,-5.175114758E-1,5.183574218E-1,-1.381392419E0,1.563572051E0
4.927958305E2,1.366144196E0,-1.039799834E0,-8.107258058E-1,1.898633717E0
4.928058195E2,2.726485030E0,-1.920004011E0,-7.638314286E-1,3.421048739E0
4.928158085E2,3.339120911E0,-2.485332116E0,-4.817649615E-1,4.190310449E0
4.928257975E2,3.428869824E0,-2.768069551E0,2.091376546E-1,4.411699884E0
4.928357865E2,3.200977517E0,-2.706956792E0,6.763029957E-1,4.246322866E0
4.928457755E2,2.878172037E0,-2.161784039E0,4.071264231E-1,3.622559376E0
4.928557655E2,2.744642681E0,-1.114668753E0,-3.739849895E-1,2.985869162E0
4.928657545E2,2.643507485E0,1.469984168E-1,-1.269642772E0,2.936278789E0
4.928757435E2,2.493139318E0,1.327809119E0,-1.853503335E0,3.378504896E0
4.928857325E2,2.426138559E0,2.225975942E0,-2.100740570E0,3.905666159E0
4.928957215E2,2.039551797E0,2.531041555E0,-2.030466393E0,3.832588767E0
4.929057115E2,1.514477094E0,2.511240544E0,-1.743948441E0,3.411938759E0
4.929157005E2,8.310013184E-1,2.198056657E0,-1.200561427E0,2.638818675E0
4.929256895E2,1.656466493E-1,1.620587978E0,-3.979688063E-1,1.676938692E0
4.929356785E2,-2.757991290E-1,9.453117532E-1,4.913064480E-2,9.859479147E-1
4.929456675E2,-5.199254988E-1,2.937261075E-1,4.478932106E-1,7.464622420E-1
4.929556565E2,-4.135443270E-1,-1.122589391E-1,9.473679265E-1,1.039772556E0
4.929656465E2,2.065593249E-1,-2.880478764E-1,7.563022614E-1,8.352433444E-1
4.929756355E2,7.477907619E-1,-5.981701612E-4,1.441440985E-1,7.615568938E-1
4.929856245E2,9.349751915E-1,5.813740343E-1,-6.894337955E-1,1.299035540E0
4.929956135E2,9.402733536E-1,1.391384726E0,-1.817723053E0,2.474708575E0
4.930056025E2,6.035785434E-1,1.920684042E0,-2.524152950E0,3.228727669E0
4.930155925E2,2.465272366E-1,2.046489226E0,-1.607088511E0,2.613738187E0
4.930255815E2,1.566716118E-1,1.458219570E0,-4.304638302E-1,1.528479446E0
4.930355705E2,1.084057702E-1,6.704657203E-1,-1.618707513E0,1.755417360E0
4.930455595E2,4.085309243E-1,-4.053710890E-1,-3.709524773E0,3.753904271E0
4.930555485E2,1.525109378E0,-1.984595863E0,-4.302625398E0,4.977666589E0
4.930655385E2,2.093462833E0,-3.541236936E0,-4.045798438E0,5.769872674E0
4.930755275E2,1.526785190E0,-4.308216214E0,-3.500984119E0,5.757489884E0
4.930855165E2,1.373022714E-1,-4.142224286E0,-2.425387630E0,4.802018233E0
4.930955055E2,-1.188037130E0,-3.698729351E0,-1.046558046E0,4.023346217E0
4.931054945E2,-1.778141496E0,-3.558384481E0,-5.371699610E-1,4.014030252E0
4.931154835E2,-1.832760922E0,-3.849332576E0,-1.414844924E0,4.492010690E0
4.931254735E2,-1.617077456E0,-3.799241234E0,-2.301945599E0,4.727380564E0
4.931354625E2,-1.381548539E0,-3.326649384E0,-2.708379419E0,4.506727368E0
4.931454515E2,-1.284971833E0,-2.719917730E0,-2.669910588E0,4.022129736E0
4.931554405E2,-1.288017647E0,-2.388674718E0,-2.490500470E0,3.683388244E0
4.931654295E2,-1.373763556E0,-2.345382518E0,-2.492673295E0,3.688016488E0
4.931754195E2,-1.430354956E0,-2.398300404E0,-2.578743725E0,3.801010303E0
4.931854085E2,-1.269856342E0,-2.300558932E0,-2.243107114E0,3.454943712E0
4.931953975E2,-8.046433859E-1,-1.914335720E0,-1.850386184E0,2.781377583E0
4.932053865E2,-3.212643005E-1,-1.289602243E0,-1.545317648E0,2.038207872E0
4.932153755E2,1.414587647E-1,-6.198726869E-1,-1.523642312E0,1.650981110E0
4.932253655E2,4.881330179E-1,-2.249599278E-2,-1.583770107E0,1.657440094E0
4.932353539E2,7.588802987E-1,4.821122861E-1,-1.651302232E0,1.880194305E0
4.932453429E2,8.410757786E-1,8.816250497E-1,-1.658092019E0,2.057654086E0
4.932553319E2,8.919573721E-1,1.145574796E0,-1.530786147E0,2.109795203E0
4.932653209E2,9.594728324E-1,1.336401018E0,-1.209238988E0,2.041767550E0
4.932753109E2,9.608910745E-1,1.443366473E0,-7.518238789E-1,1.889935866E0
4.932852999E2,8.635630006E-1,1.669773002E0,-1.895138142E-1,1.889391018E0
4.932952889E2,5.473751065E-1,1.883613864E0,3.957012561E-1,2.001049770E0
4.933052779E2,1.417648664E-1,1.823262413E0,8.888659492E-1,2.033338579E0
4.933152669E2,-4.014990628E-2,1.662604900E0,1.181825779E0,2.040239996E0
4.933252559E2,-1.203894925E-1,1.343659751E0,1.262998873E0,1.847993861E0
4.933352459E2,9.731521010E-3,9.306989765E-1,1.040599734E0,1.396117149E0
4.933452349E2,4.932506472E-2,3.807595736E-1,7.366208258E-1,8.306750604E-1
4.933552239E2,-1.802182031E-1,-2.247704780E-1,2.873549813E-1,4.069069350E-1
4.933652129E2,-6.957522967E-1,-5.795426863E-1,-1.312252602E-1,9.149650554E-1
4.933752019E2,-1.271122702E0,-6.117427182E-1,-3.794720167E-1,1.460815214E0
4.933851919E2,-1.782892943E0,-2.309351975E-1,-5.481033772E-1,1.879482808E0
4.933951809E2,-2.339359593E0,4.782133627E-1,-5.657026193E-1,2.453835932E0
4.934051699E2,-2.504661257E0,1.096461693E0,-4.638672191E-1,2.773216373E0
4.934151589E2,-2.421505956E0,1.501925753E0,-1.351259378E-1,2.852670868E0
4.934251479E2,-1.775200054E0,1.392830157E0,5.713957608E-2,2.257116747E0
4.934351379E2,-7.848366737E-1,7.655022705E-1,9.487809062E-2,1.100438178E0
4.934451269E2,-1.139768511E-1,-7.349365354E-3,3.623601401E-1,3.799336875E-1
4.934551159E2,4.587362874E-1,-5.854881352E-1,6.672497517E-1,9.992284869E-1
4.934651049E2,7.550182128E-1,-9.441370475E-1,1.052318138E0,1.602754108E0
4.934750939E2,7.128814226E-1,-1.184791487E0,1.284010550E0,1.886958898E0
4.934850839E2,5.146271905E-1,-1.217652839E0,1.304712910E0,1.857362474E0
4.934950729E2,3.522687230E-1,-1.036630644E0,1.282301702E0,1.686118026E0
4.935050619E2,2.638985834E-1,-8.802971470E-1,1.403864438E0,1.677915638E0
4.935150509E2,2.682147056E-1,-8.758099937E-1,1.666293324E0,1.901450950E0
4.935250399E2,4.607483143E-1,-9.703109390E-1,2.056851076E0,2.320437174E0
4.935350289E2,7.116324574E-1,-8.719099009E-1,2.434978234E0,2.682492615E0
4.935450189E2,1.237722529E0,-6.560178351E-1,2.661606080E0,3.007733928E0
4.935550079E2,1.481109665E0,-3.853817976E-1,2.877969139E0,3.259587602E0
4.935649969E2,1.553403762E0,-1.468902433E-1,3.087651169E0,3.459512933E0
4.935749859E2,1.596422020E0,-1.356016088E-1,3.107502759E0,3.496215734E0
4.935849749E2,1.642208058E0,-1.918313581E-1,2.843166803E0,3.288957897E0
4.935949649E2,1.726243072E0,-1.040792692E-1,2.445038368E0,2.994822241E0
4.936049539E2,1.399727825E0,1.293772477E-1,2.159642496E0,2.576825987E0
4.936149429E2,1.195924001E0,4.960947329E-1,1.798764625E0,2.216280302E0
4.936249319E2,1.113496386E0,8.888539624E-1,1.406605613E0,2.002117609E0
4.936349209E2,9.998151121E-1,1.198321944E0,1.138134507E0,1.931568247E0
4.936449109E2,8.507429802E-1,1.361888446E0,9.403468823E-1,1.860848198E0
4.936548999E2,6.397976589E-1,1.365014368E0,7.897799098E-1,1.701868848E0
4.936648889E2,5.117912909E-1,1.175364021E0,6.465088007E-1,1.435752255E0
4.936748779E2,3.399226195E-1,9.810838491E-1,4.733943799E-1,1.141128891E0
4.936848669E2,2.886770368E-1,8.616743499E-1,3.334599844E-1,9.679941518E-1
4.936948569E2,4.161568630E-1,8.933539796E-1,1.848334104E-1,1.002711951E0
4.937048459E2,5.587207514E-1,1.023126499E0,8.731325537E-2,1.169008262E0
4.937148349E2,6.227310982E-1,1.195158600E0,-4.457420200E-2,1.348400890E0
4.937248239E2,6.194075409E-1,1.283013015E0,-1.711482945E-1,1.434949420E0
4.937348129E2,5.265034702E-1,1.294917946E0,-1.807736886E-1,1.409502578E0
4.937448019E2,4.925197452E-1,1.359937230E0,-1.403138798E-1,1.453166527E0
4.937547919E2,5.042521834E-1,1.369644778E0,-9.782011718E-2,1.462793853E0
4.937647809E2,4.531206214E-1,1.322146091E0,-6.693132341E-2,1.399238502E0
4.937747699E2,4.751769036E-1,1.214912249E0,-1.540887505E-2,1.304623431E0
4.937847589E2,3.993499187E-1,1.146960002E0,8.162654579E-2,1.217234774E0
4.937947479E2,2.885603848E-1,1.099956574E0,1.790642551E-1,1.151188763E0
4.938047379E2,1.764467490E-1,1.077890936E0,2.518813857E-1,1.120904348E0
4.938147269E2,1.492259136E-1,1.087314894E0,2.242585543E-1,1.120184784E0
4.938247159E2,9.639719725E-2,1.125448680E0,1.269456831E-1,1.136680411E0
4.938347049E2,-1.841405153E-2,1.148096116E0,6.955438435E-2,1.150348460E0
4.938446939E2,-1.858180815E-1,1.011695777E0,-7.778580219E-2,1.031555784E0
4.938546839E2,-3.966008502E-1,8.617942178E-1,-1.067346360E-1,9.546589919E-1
4.938646729E2,-8.406208652E-1,7.205751890E-1,2.087631404E-1,1.126700533E0
4.938746619E2,-1.440782880E0,6.183822316E-1,5.244192302E-1,1.653259635E0
4.938846509E2,-1.841737567E0,3.591997200E-1,9.150095813E-1,2.087645621E0
4.938946399E2,-2.037127833E0,-7.603017569E-2,1.239034060E0,2.385555658E0
4.939046299E2,-2.010905410E0,-6.390386903E-1,1.521754538E0,2.601508772E0
4.939146189E2,-1.751049884E0,-1.114888024E0,1.604874755E0,2.623885284E0
4.939246079E2,-1.501285190E0,-1.475810918E0,1.490110869E0,2.579206368E0
4.939345969E2,-1.455740058E0,-1.660075395E0,1.180749307E0,2.503836727E0
4.939445859E2,-1.523881170E0,-1.533124741E0,1.019348905E0,2.389928343E0
4.939545759E2,-1.580655880E0,-1.468498390E0,8.976820886E-1,2.336834112E0
4.939645649E2,-1.806709237E0,-1.354682922E0,8.002724460E-1,2.395787987E0
4.939745539E2,-2.044865454E0,-1.102402464E0,8.305227238E-1,2.467090171E0
4.939845429E2,-2.200750177E0,-8.329013711E-1,7.122431991E-1,2.458519149E0
4.939945319E2,-2.044421650E0,-6.278558904E-1,4.972021955E-1,2.195694179E0
4.940045209E2,-1.818609783E0,-5.196180815E-1,2.481312740E-1,1.907593673E0
4.940145109E2,-1.529983617E0,-3.285006684E-1,9.622938216E-2,1.567808232E0
4.940244999E2,-1.249785628E0,3.050258517E-2,-1.330490068E-1,1.257217786E0
4.940344889E2,-1.008554945E0,3.410827070E-1,-2.136695391E-1,1.085898321E0
4.940444779E2,-8.717204511E-1,5.039662546E-1,-2.654337698E-1,1.041313410E0
4.940544669E2,-8.090078938E-1,6.101809269E-1,-2.808215949E-1,1.051510962E0
4.940644569E2,-8.272760573E-1,6.563862097E-1,-2.647970080E-1,1.088735958E0
4.940744459E2,-8.492785451E-1,6.889446759E-1,-1.666877460E-1,1.106211380E0
4.940844349E2,-8.027341238E-1,7.209599358E-1,-1.999426156E-2,1.079150162E0
4.940944239E2,-6.306230852E-1,7.768289119E-1,5.342483997E-2,1.001999425E0
4.941044129E2,-3.995718205E-1,8.146182972E-1,6.303356946E-2,9.095239638E-1
4.941144029E2,-5.327164292E-2,8.095329738E-1,1.052580678E-1,8.180835926E-1
4.941243919E2,3.196023756E-1,8.244714403E-1,9.165978312E-2,8.889883859E-1
4.941343809E2,6.472382408E-1,8.300689799E-1,5.468023717E-2,1.054002742E0
4.941443699E2,8.252947283E-1,7.904862535E-1,2.783157706E-2,1.143133633E0
4.941543589E2,8.775056863E-1,6.456659245E-1,2.839875698E-2,1.089819804E0
4.941643489E2,8.052630445E-1,4.379985523E-1,3.420328796E-2,9.173119249E-1
4.941743379E2,6.271267426E-1,2.780070376E-1,3.970200956E-2,6.871332577E-1
4.941843269E2,4.821377215E-1,9.737134337E-2,6.799727082E-3,4.919188930E-1
4.941943159E2,3.745717576E-1,9.891149998E-3,-6.689565539E-2,3.806269370E-1
4.942043049E2,1.331188810E-1,-7.845033824E-2,-5.821210161E-2,1.651173547E-1
4.942142949E2,-2.343944103E-1,-1.900298309E-1,-2.398600951E-2,3.027001897E-1
4.942242839E2,-4.671054071E-1,-2.634463012E-1,-5.270095468E-3,5.363013974E-1
4.942342729E2,-5.681651741E-1,-2.949657172E-1,-2.930288270E-2,6.408393702E-1
4.942442622E2,-6.199004611E-1,-3.698825830E-1,-7.262417257E-2,7.255094606E-1
4.942542512E2,-6.997096923E-1,-3.773173177E-1,-8.025800496E-2,7.990014763E-1
4.942642412E2,-8.091298082E-1,-3.076208460E-1,-7.982092559E-2,8.693060518E-1
4.942742302E2,-8.338380951E-1,-1.727858073E-1,-1.476907271E-1,8.642646903E-1
4.942842192E2,-7.950070283E-1,-1.021607977E-1,-2.555246396E-1,8.412882057E-1
4.942942082E2,-6.783772954E-1,-1.079425246E-1,-3.363483627E-1,7.648382605E-1
4.943041972E2,-5.890701395E-1,-1.298087722E-1,-3.433800781E-1,6.940920866E-1
4.943141862E2,-4.746582556E-1,-1.474024594E-1,-3.260942468E-1,5.944454579E-1
4.943241762E2,-3.523771888E-1,-9.975116014E-2,-3.184662616E-1,4.853253928E-1
4.943341652E2,-1.844925177E-1,1.522205651E-2,-3.119933939E-1,3.627796548E-1
4.943441542E2,-2.401890010E-2,1.067730814E-1,-3.215047672E-1,3.396214272E-1
4.943541432E2,1.099425647E-1,1.181617033E-1,-3.356944978E-1,3.724786592E-1
4.943641322E2,2.129646572E-1,9.980963230E-2,-3.695013446E-1,4.380035977E-1
4.943741222E2,2.345142782E-1,6.491227984E-2,-3.540100238E-1,4.295737977E-1
4.943841112E2,3.062549365E-1,6.835453570E-2,-3.447578283E-1,4.661784946E-1
4.943941002E2,3.479400292E-1,6.872291028E-2,-3.650862582E-1,5.089922183E-1
4.944040892E2,4.084797612E-1,-1.461803913E-3,-3.670152546E-1,5.491430135E-1
4.944140782E2,4.675638288E-1,-3.466931105E-2,-3.563926180E-1,5.889257961E-1
4.944240682E2,4.791190964E-1,-1.235849959E-1,-3.553504980E-1,6.091816939E-1
4.944340572E2,4.778271541E-1,-1.569094473E-1,-3.431264551E-1,6.088309519E-1
4.944440462E2,4.567204598E-1,-1.436906469E-1,-3.294470403E-1,5.811849385E-1
4.944540352E2,4.451950130E-1,-1.264828759E-1,-2.969485080E-1,5.498862918E-1
4.944640242E2,4.488395825E-1,-9.389283478E-2,-2.329846466E-1,5.143487929E-1
4.944740142E2,3.976758608E-1,-1.389707744E-2,-1.941955335E-1,4.427766077E-1
4.944840032E2,3.816053733E-1,8.145171404E-2,-1.450602110E-1,4.162925744E-1
4.944939922E2,3.311895105E-1,1.499717259E-1,-1.122837898E-1,3.805071089E-1
4.945039812E2,2.861908007E-1,1.137733680E-1,-5.085031092E-2,3.121462923E-1
4.945139702E2,2.151120472E-1,6.023918509E-2,-6.891236007E-3,2.234937167E-1
4.945239602E2,1.561080864E-1,4.414238513E-2,5.618881881E-3,1.623263892E-1
4.945339492E2,1.067695731E-1,2.472729027E-2,1.896018147E-2,1.112235097E-1
4.945439382E2,1.081562403E-1,4.317291677E-2,-1.179968119E-2,1.170508673E-1
4.945539272E2,4.803487659E-2,9.067803562E-2,-7.260546148E-2,1.257036537E-1
4.945639162E2,8.386076689E-3,1.208584392E-1,-9.051197469E-2,1.512266715E-1
4.945739062E2,6.648284197E-4,9.165101230E-2,-9.797594547E-2,1.341627219E-1
4.945838952E2,1.677624643E-2,3.210238338E-2,-9.708424509E-2,1.036212146E-1
4.945938842E2,4.806908280E-2,1.266097605E-2,-7.103139102E-2,8.669714843E-2
4.946038732E2,7.194209486E-2,1.444671571E-2,-2.920625746E-2,7.897707315E-2
4.946138622E2,9.166182965E-2,-1.886838019E-2,-2.053366721E-2,9.580990698E-2
4.946238522E2,9.617821902E-2,-8.175167620E-2,3.418866992E-3,1.262746017E-1
4.946338412E2,1.080743793E-1,-1.848451048E-1,4.224584073E-2,2.182487005E-1
4.946438302E2,8.743926287E-2,-2.982962912E-1,5.258927286E-2,3.152648627E-1
4.946538192E2,5.868762642E-2,-3.609322500E-1,1.093005404E-2,3.658357455E-1
4.946638082E2,1.697329760E-2,-3.276183236E-1,1.457301557E-2,3.283812290E-1
4.946737982E2,-6.931318671E-2,-2.622534692E-1,1.161344737E-2,2.715070388E-1
4.946837872E2,-1.272590938E-1,-1.861806089E-1,-3.641309693E-2,2.284381967E-1
4.946937762E2,-1.326209906E-1,-9.910796642E-2,-1.170714900E-1,2.027719160E-1
4.947037652E2,-1.611048245E-1,-5.044217527E-2,-2.135995187E-1,2.722571063E-1
4.947137542E2,-1.941018319E-1,1.010457337E-2,-2.814178647E-1,3.420140905E-1
4.947237442E2,-1.792873263E-1,9.987629056E-3,-3.344410010E-1,3.795977888E-1
4.947337332E2,-2.226882845E-1,3.997565925E-2,-3.438655432E-1,4.116207443E-1
4.947437222E2,-2.741610315E-1,4.002477586E-2,-3.091529627E-1,4.151407090E-1
4.947537112E2,-3.121150160E-1,1.067818522E-2,-2.197143906E-1,3.818431881E-1
4.947637002E2,-3.446322593E-1,-4.728760242E-2,-1.387111580E-1,3.744973923E-1
4.947736902E2,-3.646075174E-1,-7.096180916E-2,-7.517005026E-2,3.789785701E-1
4.947836792E2,-3.044183260E-1,-8.705977857E-2,-5.830551088E-2,3.219463540E-1
4.947936682E2,-2.038728216E-1,-9.357650042E-2,-8.303718656E-2,2.391983762E-1
4.948036572E2,-6.960613221E-2,-1.450267357E-1,-8.800191119E-2,1.833633117E-1
4.948136462E2,6.765930176E-2,-1.682167929E-1,-1.016469736E-1,2.078624011E-1
4.948236362E2,2.044859022E-1,-1.342608422E-1,-9.265147090E-2,2.615812551E-1
4.948336252E2,3.023823255E-1,-1.104322690E-1,-7.405878693E-2,3.303256889E-1
4.948436142E2,3.632997876E-1,-9.334378123E-2,-9.580838263E-2,3.871421488E-1
4.948536032E2,3.711835885E-1,-6.343293428E-2,-1.490946436E-1,4.050064274E-1
4.948635922E2,3.770407444E-1,-2.502198994E-2,-1.917262544E-1,4.237272466E-1
4.948735822E2,3.769901660E-1,4.929202795E-3,-1.902572876E-1,4.223076104E-1
4.948835712E2,3.840039012E-1,-2.143589258E-2,-1.667527963E-1,4.191956449E-1
4.948935602E2,3.881405139E-1,-8.752930999E-2,-1.396911514E-1,4.216966403E-1
4.949035492E2,3.234670928E-1,-1.159163725E-1,-8.693903357E-2,3.544375278E-1
4.949135382E2,2.680717412E-1,-1.814110351E-1,-5.433174312E-2,3.282138942E-1
4.949235282E2,2.627314791E-1,-1.459038180E-1,-7.601204932E-2,3.099896545E-1
4.949335172E2,1.558277124E-1,-1.015497637E-1,-3.609252334E-2,1.894658299E-1
4.949435062E2,7.367491722E-3,-1.036009669E-2,-5.767956644E-2,5.906389695E-2
4.949534952E2,-9.045116365E-2,9.887173891E-2,-6.166649044E-2,1.475119988E-1
4.949634842E2,-1.663448068E-1,1.673385412E-1,-8.190194964E-2,2.497613090E-1
4.949734732E2,-1.845249698E-1,1.933908105E-1,-6.583716318E-2,2.752889429E-1
4.949834632E2,-2.195620707E-1,1.871021301E-1,-5.437574342E-2,2.935497086E-1
4.949934522E2,-2.220594165E-1,1.149451500E-1,-3.264105812E-2,2.521670292E-1
4.950034412E2,-2.894705039E-1,3.844778180E-2,6.012691855E-3,2.920745744E-1
4.950134302E2,-3.733026195E-1,-1.219904602E-2,5.053032205E-2,3.769044652E-1
4.950234202E2,-4.529545605E-1,-3.406880200E-2,6.494794786E-2,4.588537382E-1
4.950334092E2,-4.780239129E-1,-3.960260689E-2,7.737269640E-2,4.858618754E-1
4.950433982E2,-4.198125422E-1,-2.400515914E-2,9.582533956E-2,4.312786964E-1
4.950533872E2,-3.156557974E-1,8.419990540E-4,1.110918349E-1,3.346351553E-1
4.950633762E2,-1.886548582E-1,6.352415085E-3,1.017017913E-1,2.144160979E-1
4.950733652E2,-7.729054302E-2,-2.759476483E-2,1.043388855E-1,1.327475127E-1
4.950833552E2,-5.912587523E-2,-9.257253349E-2,1.455483073E-1,1.823454218E-1
4.950933442E2,-6.623638183E-2,-1.293047422E-1,1.846794824E-1,2.349755006E-1
4.951033332E2,-1.550377536E-1,-1.708913094E-1,2.057857382E-1,3.091735996E-1
4.951133222E2,-1.998660171E-1,-2.081205314E-1,1.819038092E-1,3.411005368E-1
4.951233122E2,-2.262477770E-1,-2.255148286E-1,1.084649733E-1,3.373568510E-1
4.951333012E2,-3.053687909E-1,-2.061839336E-1,3.535168111E-2,3.701508534E-1
4.951432902E2,-3.790995491E-1,-1.390134591E-1,1.884762257E-2,4.042232586E-1
4.951532792E2,-4.740144771E-1,-9.322742164E-2,7.896591648E-2,4.895065808E-1
4.951632682E2,-5.049219820E-1,-8.418353319E-2,1.431624971E-1,5.315341718E-1
4.951732572E2,-5.707838497E-1,-1.315658605E-1,2.265591413E-1,6.280388708E-1
4.951832472E2,-6.122236517E-1,-1.757199401E-1,2.802243018E-1,6.958598683E-1
4.951932362E2,-6.443649191E-1,-1.997309464E-1,3.286741845E-1,7.504167638E-1
4.952032252E2,-6.682817852E-1,-1.982831758E-1,3.209992754E-1,7.674355329E-1
4.952132142E2,-6.741497585E-1,-1.499354732E-1,3.307962853E-1,7.657576153E-1
4.952232032E2,-6.294717684E-1,-9.830689788E-2,3.684368590E-1,7.359651299E-1
4.952331932E2,-6.170859039E-1,-3.897169232E-3,4.249019587E-1,7.492341925E-1
4.952431826E2,-5.513222694E-1,9.475588381E-2,4.865415519E-1,7.413889695E-1
4.952531716E2,-4.341423136E-1,1.786137271E-1,5.680505687E-1,7.369286672E-1
4.952631606E2,-2.596804020E-1,2.269473964E-1,6.513663751E-1,7.370326903E-1
4.952731496E2,-1.615074053E-1,2.387201804E-1,7.291855064E-1,7.840812900E-1
4.952831396E2,-1.050373355E-1,2.328098148E-1,7.928628543E-1,8.329854485E-1
4.952931286E2,-6.383376092E-2,2.471489418E-1,8.719607717E-1,9.085554115E-1
4.953031176E2,-3.249210030E-2,1.971447229E-1,9.630954748E-1,9.836029036E-1
4.953131066E2,1.560797274E-2,1.605212724E-1,9.761733574E-1,9.894064440E-1
4.953230956E2,1.649499536E-2,2.084795505E-1,9.351758972E-1,9.582743691E-1
4.953330856E2,-4.736420095E-2,3.092142123E-1,8.976376498E-1,9.505841083E-1
4.953430746E2,-1.568392807E-1,3.532186031E-1,8.471983981E-1,9.311858393E-1
4.953530636E2,-3.440633252E-1,3.178680915E-1,8.692166734E-1,9.873992711E-1
4.953630526E2,-4.678696382E-1,1.754872209E-1,8.488549143E-1,9.850139230E-1
4.953730416E2,-4.913181424E-1,2.695811999E-1,6.240119308E-1,8.387242874E-1
4.953830316E2,-6.276603010E-1,3.784931928E-1,3.669882113E-1,8.196919529E-1
4.953930206E2,-7.705715141E-1,4.392902023E-1,9.340927005E-3,8.870420469E-1
4.954030096E2,-8.086172998E-1,5.200618851E-1,-3.172661206E-1,1.012414981E0
4.954129986E2,-6.245627385E-1,6.671678907E-1,-5.648047793E-1,1.074335165E0
4.954229876E2,-3.181189370E-1,8.554400486E-1,-6.545969617E-1,1.123153826E0
4.954329776E2,-2.070618930E-1,1.068623099E0,-6.914206794E-1,1.289531896E0
4.954429666E2,-4.929553628E-2,1.246757939E0,-5.342872837E-1,1.357312901E0
4.954529556E2,-1.028203636E-2,1.171255183E0,-3.324609876E-1,1.217569190E0
4.954629446E2,8.067900449E-2,1.040359998E0,-3.492863506E-2,1.044068023E0
4.954729346E2,1.960150409E-1,9.423986703E-1,3.300797090E-1,1.017590175E0
4.954829236E2,1.056159174E-1,8.918073910E-1,2.477707931E-1,9.315929963E-1
4.954929126E2,-3.181534356E-1,1.000326451E0,-3.452234128E-1,1.105013042E0
4.955029016E2,-6.619621146E-1,1.128570508E0,-9.373308885E-1,1.609488872E0
4.955128906E2,-8.536331128E-1,1.113916216E0,-1.256500863E0,1.883691388E0
4.955228796E2,-1.007614421E0,9.941026747E-1,-1.271024469E0,1.902374871E0
4.955328696E2,-1.322468419E0,8.615410334E-1,-1.308796313E0,2.050395927E0
4.955428586E2,-1.780727135E0,8.111351109E-1,-1.242584782E0,2.317961655E0
4.955528476E2,-2.052424880E0,7.046152139E-1,-1.128817846E0,2.446049921E0
4.955628366E2,-2.004434150E0,4.038683546E-1,-8.262220967E-1,2.205336451E0
4.955728266E2,-1.957913556E0,-1.855187041E-1,-3.206347016E-1,1.992648814E0
4.955828156E2,-1.769459842E0,-1.117543829E0,6.208368927E-1,2.182963763E0
4.955928046E2,-1.610812018E0,-2.100426282E0,1.603338399E0,3.094705147E0
4.956027936E2,-1.141903768E0,-2.564529728E0,1.736486224E0,3.300930376E0
4.956127826E2,-6.476887688E-2,-2.220395359E0,1.265547967E0,2.556552799E0
4.956227716E2,6.105422848E-1,-1.535033273E0,7.854190564E-1,1.829199859E0
4.956327616E2,3.530110270E-3,-4.007085192E-1,-4.503934801E-2,4.032472218E-1
4.956427506E2,-5.995898652E-1,8.510107827E-1,-4.616824070E-1,1.138805516E0
4.956527396E2,-1.394357011E0,1.932274393E0,-4.857156327E-1,2.431837881E0
4.956627286E2,-2.303584574E0,2.790573145E0,-1.925412101E-1,3.623654576E0
4.956727186E2,-2.392826241E0,2.969344162E0,7.439997196E-3,3.813486269E0
4.956827076E2,-1.630546078E0,2.733280372E0,1.311881304E-1,3.185390468E0
4.956926966E2,-4.924687283E-1,2.326715282E0,-2.141843864E-1,2.387887016E0
4.957026856E2,6.280535263E-1,1.670667626E0,-9.373981315E-1,2.016010120E0
4.957126746E2,1.850841536E0,3.236685294E-1,-1.434305920E0,2.363812425E0
4.957226646E2,2.512631304E0,-1.219728600E0,-1.825198133E0,3.336525461E0
4.957326536E2,2.451591781E0,-2.387403533E0,-1.529481634E0,3.748241182E0
4.957426426E2,1.663713532E0,-2.870015171E0,-1.098829815E0,3.494618257E0
4.957526316E2,9.555964208E-1,-2.732489244E0,-7.912627637E-1,3.000959638E0
4.957626206E2,4.316541772E-1,-2.311521292E0,-1.211342231E0,2.645147635E0
4.957726106E2,5.319083440E-1,-2.038651033E0,-2.503640333E0,3.272191840E0
4.957825996E2,8.155235924E-1,-1.735988041E0,-3.042222689E0,3.596366513E0
4.957925886E2,9.713375638E-1,-1.478663190E0,-2.881439461E0,3.381217955E0
4.958025776E2,8.579114474E-1,-1.344516953E0,-2.787088497E0,3.211168040E0
4.958125666E2,3.839197013E-1,-1.333762169E0,-2.214381498E0,2.613388850E0
4.958225566E2,2.920853057E-1,-1.548280724E0,-1.899379419E0,2.467818714E0
4.958325456E2,5.200636393E-1,-2.075201978E0,-1.850416297E0,2.828598577E0
4.958425346E2,2.727404505E-1,-2.558808228E0,-1.488934409E0,2.973014056E0
4.958525236E2,3.035754864E-1,-2.856088273E0,-1.422629030E0,3.205194480E0
4.958625126E2,1.832213513E-1,-2.773302809E0,-1.698512944E0,3.257257244E0
4.958725016E2,-4.430309585E-1,-2.250887420E0,-1.521691096E0,2.752873843E0
4.958824916E2,-4.822391707E-1,-1.571318754E0,-1.591258344E0,2.287728210E0
4.958924806E2,-4.997325781E-1,-1.423578326E0,-1.741782632E0,2.304368598E0
4.959024696E2,-3.996256149E-1,-1.380152224E0,-1.575389001E0,2.132222150E0
4.959124586E2,5.738530532E-1,-8.166841185E-1,-1.900300941E0,2.146491076E0
4.959224486E2,1.265279872E0,-2.424951428E-1,-2.130059094E0,2.489355095E0
4.959324376E2,1.186580150E0,4.769807696E-2,-1.865966383E0,2.211804264E0
4.959424266E2,1.191221670E0,2.267252022E-1,-1.315256024E0,1.788941529E0
4.959524156E2,1.661033168E0,5.782299864E-1,-6.820876461E-1,1.886431727E0
4.959624046E2,2.435437240E0,6.898767221E-1,-5.603351676E-1,2.592539285E0
4.959723946E2,2.697402734E0,4.274618697E-1,-8.117458525E-1,2.849146624E0
4.959823836E2,2.998488439E0,6.397678381E-1,-7.461732759E-1,3.155473081E0
4.959923726E2,3.495879792E0,7.789304012E-1,-5.291538669E-1,3.620485038E0
4.960023616E2,3.366647848E0,3.939982545E-1,-1.046028873E-1,3.391237845E0
4.960123506E2,3.272376114E0,6.037408036E-1,6.521627659E-1,3.390909120E0
4.960223406E2,3.205336617E0,7.017424768E-1,8.050781263E-1,3.378576049E0
4.960323296E2,1.850767715E0,1.742384310E0,1.655579324E0,3.033510692E0
4.960423186E2,3.023340860E-1,3.313240550E0,3.366493481E0,4.733101224E0
4.960523076E2,3.051297860E-1,2.946339462E0,4.590440848E0,5.463164613E0
4.960622966E2,4.925187220E-1,1.553544973E0,4.574061627E0,4.855730269E0
4.960722866E2,-5.229293597E-1,1.298417505E0,3.515528483E0,3.783950799E0
4.960822756E2,-1.314968634E-1,1.662936437E0,2.892168517E0,3.338755419E0
4.960922646E2,8.162844613E-2,2.547690917E0,3.670367432E0,4.468667508E0
4.961022536E2,-8.762213454E-2,1.508538369E0,5.641958503E0,5.840809995E0
4.961122436E2,-1.949140102E-2,-4.449696028E-1,4.313141908E0,4.336077834E0
4.961222326E2,-1.032943682E0,6.272588897E-1,4.291188537E0,4.458107830E0
4.961322216E2,-1.800331972E0,3.688616592E-1,4.870181877E0,5.205374689E0
4.961422106E2,-8.121791312E-1,3.256904966E-1,4.455220478E0,4.540341259E0
4.961521996E2,7.427516314E-1,4.072597396E-1,3.944939815E0,4.034859431E0
4.961621896E2,1.445232904E0,3.501657718E-1,3.653704036E0,3.944726531E0
4.961721786E2,2.631078059E0,3.509036905E-1,3.165909426E0,4.131426830E0
4.961821676E2,4.195196552E0,-9.868521273E-2,1.947294136E0,4.626161187E0
4.961921566E2,6.577611825E0,-1.395460820E0,7.121247929E-1,6.761612969E0
4.962021456E2,8.261515208E0,-1.712647126E0,-1.534383062E0,8.575553923E0
4.962121356E2,8.344142797E0,-4.049606144E-2,-4.330989949E0,9.401267621E0
4.962221246E2,7.973960252E0,1.903813655E0,-7.099476407E0,1.084486578E1
4.962321136E2,7.539284087E0,2.987019711E0,-9.200173999E0,1.226402434E1
4.962421030E2,6.929334710E0,3.263823391E0,-1.045776975E1,1.296276093E1
4.962520920E2,3.574163193E0,1.286882703E0,-1.268745692E1,1.324395231E1
4.962620820E2,-7.002244812E0,2.137981778E0,-7.983894671E0,1.083258845E1
4.962720710E2,-1.133361249E1,4.476628304E0,1.620872737E0,1.229301434E1
4.962820600E2,-7.937768326E0,-2.505847657E-1,7.882865310E-2,7.942113867E0
4.962920490E2,-8.072071268E0,-2.313957826E0,-2.627698953E0,8.798723610E0
4.963020380E2,-8.486204410E0,-1.059907240E-1,-3.093160708E0,9.032969749E0
4.963120280E2,-8.171866282E0,1.434318491E0,-2.529670383E0,8.673863056E0
4.963220170E2,-7.193294397E0,7.661904877E-1,1.043459461E0,7.308853521E0
4.963320060E2,-3.388291901E0,5.065887308E-1,4.329543933E0,5.521060117E0
4.963419950E2,-9.239410570E-1,-1.242711082E0,5.227350567E0,5.451898005E0
4.963519850E2,-1.463597254E0,-4.372787016E0,5.223061634E0,6.967334931E0
4.963619740E2,-3.183525333E-1,-5.394936445E0,4.403648036E0,6.971284215E0
4.963719630E2,1.696651483E0,-3.668012173E0,2.193612188E0,4.598355574E0
4.963819520E2,2.037614906E0,-1.874211541E0,6.505489343E-1,2.843898262E0
4.963919410E2,2.202257296E0,-1.230938298E0,7.473384798E-2,2.524030792E0
4.964019310E2,1.834084732E0,-7.695754409E-1,4.975477660E-1,2.050284600E0
4.964119200E2,1.053498107E0,-4.875963897E-1,1.087163305E0,1.590450424E0
4.964219090E2,2.718817869E-1,-1.720835567E-2,1.398031840E0,1.424327512E0
4.964318980E2,-4.995685637E-2,3.087084281E-1,1.901936845E0,1.927475122E0
4.964418870E2,5.886836386E-1,4.989873505E-1,1.202746093E0,1.429032878E0
4.964518770E2,1.402045662E0,7.709822810E-1,-1.182673918E-1,1.604410450E0
4.964618660E2,1.832221809E0,7.362007034E-1,-1.019555604E0,2.222278529E0
4.964718550E2,1.577549255E0,1.054162350E0,-1.796388171E0,2.612839523E0
4.964818440E2,5.206164935E-1,9.236665303E-1,-1.758113320E0,2.053086418E0
4.964918330E2,-5.643030882E-2,7.172177178E-1,-7.546773201E-1,1.042652143E0
4.965018230E2,-8.235510886E-2,3.564410037E-1,6.239183754E-2,3.711135870E-1
4.965118120E2,3.810586587E-1,-1.303361911E-1,4.738165489E-1,6.218483304E-1
4.965218010E2,4.353490327E-1,-5.738398969E-1,5.638047592E-1,9.147113283E-1
4.965317900E2,-2.451196656E-1,-9.206020045E-1,7.855877486E-1,1.234803552E0
4.965417790E2,-9.309708720E-1,-1.655950769E0,6.158731914E-1,1.997042689E0
4.965517690E2,-1.409833568E0,-2.020141672E0,7.118394488E-1,2.564238379E0
4.965617580E2,-1.966088695E0,-1.738456736E0,1.132781527E0,2.858483963E0
4.965717470E2,-2.143713219E0,-1.303789927E0,2.311032465E0,3.411194159E0
4.965817360E2,-2.038257808E0,-1.265560246E0,3.611115257E0,4.335468951E0
4.965917250E2,-2.108368262E0,-1.413958486E0,4.233361328E0,4.936177009E0
4.966017150E2,-2.169567560E0,-1.328180417E0,4.520656668E0,5.187236579E0
4.966117040E2,-1.945622709E0,-1.237104771E0,4.523959175E0,5.077605987E0
4.966216930E2,-1.580380915E0,-1.526252509E0,4.304816350E0,4.833062628E0
4.966316820E2,-1.223487848E0,-1.918170909E0,3.222321316E0,3.944573084E0
4.966416710E2,-6.444429063E-1,-1.941670284E0,2.196870549E0,3.001937767E0
4.966516610E2,8.910864294E-3,-1.792242349E0,1.201021019E0,2.157466924E0
4.966616500E2,-1.997528735E-1,-1.313403334E0,-2.889249587E-1,1.359561385E0
4.966716390E2,-2.734959473E-1,-3.858998609E-1,-6.947138312E-1,8.404439560E-1
4.966816280E2,-8.035407472E-1,7.198898953E-1,-9.432202041E-1,1.433032989E0
4.966916180E2,-8.752615249E-1,1.263893790E0,-1.199288781E0,1.949821486E0
4.967016070E2,-3.206706619E-1,1.257136747E0,-1.309390390E0,1.843292073E0
4.967115960E2,4.646747196E-1,1.100124974E0,-1.782347398E0,2.145450955E0
4.967215850E2,1.697341454E0,9.789192098E-1,-2.192080802E0,2.940147798E0
4.967315740E2,3.123927295E0,4.452765816E-1,-2.217530516E0,3.856764780E0
4.967415640E2,4.135588574E0,-3.840024394E-1,-2.385171943E0,4.789529822E0
4.967515530E2,4.542851529E0,-9.046905613E-1,-2.604596019E0,5.314121325E0
4.967615420E2,4.652824792E0,-9.951434791E-1,-2.537683992E0,5.392488213E0
4.967715310E2,4.288955485E0,-7.973994166E-1,-2.067176675E0,4.827442841E0
4.967815200E2,3.466834918E0,-6.415705347E-1,-1.774682575E0,3.947157882E0
4.967915100E2,2.480316667E0,-3.672729707E-1,-1.647445409E0,3.000156092E0
4.968014990E2,1.566997808E0,1.525860161E-1,-1.133331019E0,1.939897889E0
4.968114880E2,1.489291820E0,6.428978527E-1,-7.419692740E-1,1.783767411E0
4.968214770E2,1.866586041E0,1.005669637E0,-7.499966240E-1,2.249001957E0
4.968314660E2,2.399369275E0,1.088286116E0,-6.851562649E-1,2.722274544E0
4.968414560E2,2.575126052E0,9.120358336E-1,-5.055751160E-1,2.778253003E0
4.968514450E2,2.792763220E0,5.288496655E-1,-4.072413209E-1,2.871420182E0
4.968614340E2,3.028065995E0,1.619199264E-1,-9.361117440E-1,3.173595269E0
4.968714230E2,3.155630606E0,-1.657059985E-1,-1.422037877E0,3.465206303E0
4.968814120E2,3.254857271E0,-3.581747031E-1,-2.142114298E0,3.912932230E0
4.968914020E2,3.265738939E0,-5.463223153E-1,-3.119425231E0,4.549102402E0
4.969013910E2,2.756696717E0,-7.789157832E-1,-3.797841118E0,4.757066716E0
4.969113800E2,1.440772648E0,-1.259249346E0,-3.954269047E0,4.392923678E0
4.969213690E2,-3.377144185E-1,-1.679047270E0,-3.490708807E0,3.888225655E0
4.969313580E2,-1.896088606E0,-1.784199504E0,-2.616045452E0,3.690828319E0
4.969413480E2,-2.930618930E0,-1.636182502E0,-1.722656974E0,3.772687046E0
4.969513370E2,-3.581238616E0,-1.239337823E0,-3.525584525E-1,3.805985513E0
4.969613260E2,-3.949056839E0,-5.725336289E-1,1.549847486E0,4.280755997E0
4.969713150E2,-4.192165355E0,2.681655890E-1,3.011335064E0,5.168588010E0
4.969813040E2,-4.211704996E0,9.989769137E-1,3.172007487E0,5.366381029E0
4.969912940E2,-3.216413582E0,1.572301086E0,2.684566634E0,4.474856986E0
4.970012830E2,-1.687524417E0,1.612267390E0,1.563022724E0,2.808947282E0
4.970112720E2,-2.559748752E-1,9.648011076E-1,1.447416839E-1,1.008620082E0
4.970212610E2,8.401402241E-1,6.662317514E-3,-1.196407858E0,1.461941088E0
4.970312500E2,1.553955155E0,-7.160143608E-1,-1.882644396E0,2.543973881E0
4.970412400E2,2.024946914E0,-1.424751862E0,-1.734743169E0,3.023187347E0
4.970512290E2,2.265546097E0,-1.737124155E0,-1.372115226E0,3.167491064E0
4.970612180E2,2.552093578E0,-1.431391375E0,-1.421117232E0,3.252942835E0
4.970712070E2,3.018883820E0,-1.290573465E0,-1.184937960E0,3.490460909E0
4.970811970E2,3.319274876E0,-1.175548208E0,-1.109743059E0,3.692022339E0
4.970911860E2,3.359065179E0,-1.001291242E0,-9.790034097E-1,3.639278871E0
4.971011750E2,3.148050275E0,-8.991620189E-1,-9.132213566E-1,3.398924259E0
4.971111640E2,2.790526075E0,-1.056350378E0,-9.406889445E-1,3.128547201E0
4.971211530E2,2.645565121E0,-1.330719278E0,-1.364738379E0,3.260726828E0
4.971311430E2,2.654032474E0,-1.514359272E0,-1.941424993E0,3.620262888E0
4.971411320E2,2.961349849E0,-1.585053864E0,-2.368812603E0,4.110141339E0
4.971511210E2,3.256340709E0,-1.679802146E0,-2.495313605E0,4.433066665E0
4.971611100E2,3.359819762E0,-1.665157210E0,-2.433372296E0,4.470172043E0
4.971710990E2,3.442219894E0,-1.429710301E0,-2.375995323E0,4.420215280E0
4.971810890E2,3.443478215E0,-1.062193501E0,-2.304194146E0,4.277278096E0
4.971910780E2,3.423863730E0,-6.123344564E-1,-2.193734687E0,4.112209650E0
4.972010670E2,3.495874530E0,-1.145908087E-1,-2.209625373E0,4.137235075E0
4.972110560E2,3.675966725E0,4.726859897E-1,-2.326889821E0,4.376137526E0
4.972210450E2,3.888494303E0,1.024482468E0,-2.584225489E0,4.779976324E0
4.972310350E2,3.819719645E0,1.434834216E0,-2.566088888E0,4.820147257E0
4.972410237E2,3.333221363E0,1.546761033E0,-2.090512035E0,4.227655960E0
4.972510127E2,2.311645253E0,1.374488611E0,-1.202539833E0,2.946018460E0
4.972610017E2,1.267175247E0,9.921233922E-1,8.448846549E-2,1.611576940E0
4.972709907E2,3.826488090E-1,1.561200732E-1,1.143303738E0,1.215704333E0
4.972809807E2,-6.721389011E-1,-1.339909932E0,1.462519612E0,2.094300109E0
4.972909697E2,-1.754771637E0,-2.777668340E0,1.046097870E0,3.448040844E0
4.973009587E2,-2.953934410E0,-3.326067002E0,2.971069676E-1,4.458331835E0
4.973109477E2,-4.041894836E0,-2.665768420E0,-1.692043877E-1,4.844777112E0
4.973209367E2,-4.656958188E0,-1.039447247E0,-6.058229971E-1,4.809857758E0
4.973309267E2,-4.959707719E0,3.778149158E-1,-6.938826495E-1,5.022242318E0
4.973409157E2,-4.584952651E0,1.345297557E0,-4.514798927E-1,4.799526062E0
4.973509047E2,-3.627043657E0,1.433463044E0,6.737805068E-2,3.900615565E0
4.973608937E2,-2.281183598E0,8.433240330E-1,1.085072486E0,2.663151579E0
4.973708837E2,-5.253563927E-1,4.575270832E-2,2.277296661E0,2.337557001E0
4.973808727E2,1.189043728E0,-7.180866140E-1,3.338187695E0,3.615656297E0
4.973908617E2,2.042655937E0,-1.165150689E0,4.351608109E0,4.946363567E0
4.974008507E2,2.100712211E0,-1.743397633E0,5.022449512E0,5.716417252E0
4.974108397E2,1.835284873E0,-2.012974155E0,5.045564725E0,5.733939214E0
4.974208297E2,5.339013675E-1,-1.847036022E0,4.946013540E0,5.306565996E0
4.974308187E2,-1.483138210E0,-1.250355147E0,4.581947182E0,4.975673515E0
4.974408077E2,-3.697907525E0,-2.124632585E-1,4.071191726E0,5.504022417E0
4.974507967E2,-5.689247274E0,8.473001397E-1,4.198655180E0,7.121387322E0
4.974607857E2,-6.334037286E0,1.393957500E0,4.653281459E0,7.982241176E0
4.974707757E2,-5.372614115E0,1.426485561E0,4.144273151E0,6.933602486E0
4.974807647E2,-3.803753530E0,1.460819827E0,2.730592992E0,4.904964176E0
4.974907537E2,-2.614810228E0,1.233520428E0,1.920535523E0,3.470916575E0
4.975007427E2,-2.238084649E0,7.205944848E-1,2.158593214E0,3.191833950E0
4.975107317E2,-2.289454777E0,1.539829159E-1,3.064485378E0,3.828365780E0
4.975207217E2,-2.375030825E0,-9.193588865E-1,3.781590244E0,4.559212317E0
4.975307107E2,-2.514786003E0,-2.156231523E0,3.978684681E0,5.177201446E0
4.975406997E2,-2.508749630E0,-2.898546660E0,3.678178142E0,5.312663352E0
4.975506887E2,-2.586983036E0,-3.735650425E0,2.783592739E0,5.328785402E0
4.975606777E2,-1.625475519E0,-5.109544959E0,1.742979557E0,5.638049138E0
4.975706677E2,-9.808939607E-1,-6.152449665E0,9.017137438E-1,6.295067714E0
4.975806567E2,-2.090421403E0,-6.451372193E0,7.191051990E-1,6.819617079E0
4.975906457E2,-4.134494852E0,-6.223942986E0,1.709201946E0,7.665043070E0
4.976006347E2,-5.468576864E0,-5.973550009E0,3.329236193E0,8.756280389E0
4.976106247E2,-5.909923532E0,-6.011499608E0,3.290552183E0,9.049478292E0
4.976206137E2,-3.755114052E0,-6.483613740E0,2.696465718E0,7.962980349E0
4.976306027E2,-1.762747531E0,-7.470233733E0,3.179939820E0,8.308049599E0
4.976405917E2,-1.551783060E0,-8.481633056E0,2.938393680E0,9.109351645E0
4.976505807E2,-6.410143183E-1,-8.343149940E0,2.230095305E0,8.659813817E0
4.976605707E2,1.671827129E-1,-6.516014916E0,1.727846378E0,6.743282106E0
4.976705597E2,-7.714684770E-2,-5.584780920E0,8.683015841E-1,5.652404550E0
4.976805487E2,-7.113399504E-1,-4.577828988E0,-3.399202806E-1,4.645219970E0
4.976905377E2,-6.392972834E-1,-2.927399746E0,-1.736262276E0,3.463087781E0
4.977005277E2,4.292172039E-1,-3.331175129E0,-1.840109410E0,3.829746440E0
4.977105167E2,1.544913313E-1,-4.546044694E0,-1.225839525E0,4.710952395E0
4.977205057E2,1.334290612E0,-2.378590902E0,-2.090181960E0,3.436115065E0
4.977304947E2,1.530435607E-1,-6.125012775E0,-3.914543649E0,7.270684686E0
4.977404837E2,-5.100271860E-1,-7.587011985E0,-5.750577550E0,9.533730684E0
4.977504737E2,9.814115855E-1,-4.842603192E0,-6.767030622E0,8.378942524E0
4.977604627E2,2.813963762E0,-3.472117000E0,-7.261412120E0,8.526552322E0
4.977704517E2,4.169324961E0,-5.817720835E-1,-6.868579801E0,8.055998875E0
4.977804407E2,5.575569801E0,2.432312634E0,-8.497343940E0,1.045026207E1
4.977904307E2,4.918191903E0,3.913382100E0,-1.054747657E1,1.227812824E1
4.978004197E2,3.162644341E0,4.793242167E0,-1.232743450E1,1.359937980E1
4.978104087E2,2.483264833E0,5.256763816E0,-1.358544657E1,1.477716240E1
4.978203977E2,2.421527006E0,5.601318600E0,-1.372033248E1,1.501619414E1
4.978303867E2,1.912856667E0,5.618290143E0,-1.252224034E1,1.385751449E1
4.978403767E2,1.875699073E0,6.751327339E0,-1.001795506E1,1.222530537E1
4.978503657E2,2.544782219E0,8.532248894E0,-7.791363986E0,1.183133722E1
4.978603547E2,3.516787097E0,9.407185314E0,-5.004828343E0,1.122101750E1
4.978703437E2,3.892792299E0,1.020442042E1,-1.175919507E0,1.098484478E1
4.978803337E2,3.508501884E0,1.041873959E1,-1.065949168E0,1.104517848E1
4.978903227E2,2.100106731E0,7.189823490E0,-2.786283043E0,7.991707158E0
4.979003117E2,-2.088365815E0,1.957086175E0,-3.938797315E0,4.868837886E0
4.979103007E2,-7.427128644E0,-1.490266405E1,-6.334713224E0,1.781516846E1
4.979202897E2,-1.383281771E1,-3.160297035E1,-4.256749606E-1,3.450037362E1
4.979302797E2,-1.926906532E1,-3.993762896E1,1.389480170E1,4.646909295E1
4.979402687E2,-8.802476796E0,-3.175397820E1,1.994527359E1,3.851769292E1
4.979502577E2,1.056944689E1,-2.494348522E0,1.080356356E1,1.531835395E1
4.979602467E2,1.367007099E1,9.042368174E0,1.866028948E0,1.649597912E1
4.979702367E2,1.123166161E1,7.844789996E0,5.486880988E-1,1.371101788E1
4.979802257E2,1.038010703E1,7.988840831E0,-2.207235616E0,1.328307528E1
4.979902147E2,8.953702750E0,6.117818946E0,-5.539232279E0,1.217701096E1
4.980002037E2,6.654070601E0,5.161746562E0,-4.960220520E0,9.773641631E0
4.980101927E2,1.345075947E0,4.066768015E0,-1.857047040E0,4.668667379E0
4.980201827E2,-2.764070933E0,1.237021741E0,-2.790466726E-2,3.028380686E0
4.980301717E2,-3.451514044E0,-1.082541811E-1,1.454817075E0,3.747153704E0
4.980401607E2,-9.939079624E-1,-5.850224045E-1,1.076458953E0,1.577614696E0
4.980501497E2,5.968445975E-1,1.101082748E0,-2.696056997E0,2.972764710E0
4.980601397E2,-8.353975475E-1,2.487444130E0,-4.531409113E0,5.236309379E0
4.980701287E2,-2.471729446E0,2.656676584E0,-5.501597845E0,6.590520145E0
4.980801177E2,-2.444137897E0,3.206227148E0,-5.933141071E0,7.173274395E0
4.980901067E2,-8.317105857E-1,3.005851838E0,-3.735858586E0,4.866572423E0
4.981000957E2,-8.468405485E-2,1.755665091E0,-7.912183249E-1,1.927578206E0
4.981100857E2,-3.657719904E-1,1.978420034E-1,1.410140839E0,1.470179511E0
4.981200747E2,-5.374441954E-1,-1.252485141E0,2.099843314E0,2.503379163E0
4.981300637E2,-5.028780878E-2,-1.764842881E0,1.228280738E0,2.150784236E0
4.981400527E2,1.799293506E-1,-7.878092520E-1,2.843103361E-1,8.566506616E-1
4.981500417E2,-3.809683192E-1,4.212331232E-1,6.926675981E-1,8.957469541E-1
4.981600317E2,-1.311513806E0,6.395722488E-1,1.646947226E0,2.200353674E0
4.981700207E2,-2.298471183E0,4.499020947E-1,1.387664727E0,2.722314286E0
4.981800097E2,-2.206612010E0,1.033628902E0,7.041503602E-1,2.536405528E0
4.981899987E2,-1.061459675E0,1.500509557E0,9.556420290E-1,2.071588101E0
4.981999887E2,-9.004507452E-2,1.332120271E0,1.613339769E0,2.094162779E0
4.982099777E2,4.712390962E-1,8.894476010E-1,1.179487478E0,1.550604408E0
4.982199667E2,9.035108855E-1,4.996148663E-1,-6.580105662E-2,1.034541789E0
4.982299557E2,1.417810632E0,5.469148210E-1,-5.789942175E-1,1.626203282E0
4.982399441E2,1.763958197E0,5.461372510E-1,-7.167224586E-1,1.980784062E0
4.982499341E2,1.926343270E0,3.493792482E-1,-1.614312161E0,2.537492464E0
4.982599231E2,1.907989006E0,3.821573139E-1,-2.854756862E0,3.454866568E0
4.982699121E2,1.448805699E0,2.936484126E-1,-2.809204128E0,3.174412572E0
4.982799011E2,5.075023583E-1,-6.197399551E-1,-2.272842545E0,2.409865036E0
4.982898901E2,-3.636383414E-1,-1.342427451E0,-2.819778233E0,3.144120479E0
4.982998801E2,-1.586401939E0,-7.069735421E-1,-4.926571548E0,5.223752475E0
4.983098691E2,-2.294108430E0,5.883681813E-1,-7.464436803E0,7.831151090E0
4.983198581E2,-2.202929434E0,1.205078548E0,-8.664331064E0,9.020850579E0
4.983298471E2,-1.174026763E0,9.080819464E-1,-9.048106631E0,9.169034042E0
4.983398371E2,1.220673510E-1,2.258834955E-1,-8.547818275E0,8.551673582E0
4.983498261E2,8.349242154E-1,-3.503704244E-1,-6.733905560E0,6.794508222E0
4.983598151E2,8.299073043E-1,-1.133028718E0,-4.049967502E0,4.286576370E0
4.983698041E2,8.131401211E-1,-1.854776858E0,-3.410220714E0,3.966232390E0
4.983797931E2,4.000477108E-1,-2.017014873E0,-2.939649078E0,3.587467612E0
4.983897831E2,-1.879682489E-1,-1.654549776E0,-1.637240263E0,2.335256453E0
4.983997721E2,-3.975125773E-1,-1.384223933E0,-2.811785674E-1,1.467362781E0
4.984097611E2,-3.366600193E-1,-1.405150825E0,7.749519557E-1,1.639615609E0
4.984197501E2,5.533237714E-1,-1.699220164E0,1.228816343E0,2.168756779E0
4.984297401E2,1.110316671E0,-1.894999563E0,1.236915321E0,2.520671729E0
4.984397291E2,9.486638157E-1,-1.547200744E0,9.849664003E-1,2.064933894E0
4.984497181E2,5.054660654E-1,-1.206872912E0,2.080025346E0,2.457344829E0
4.984597071E2,1.523979550E-1,-1.166729438E0,1.249209677E0,1.716102425E0
4.984696961E2,-1.161698347E0,-8.089763188E-1,1.148001391E-1,1.420269272E0
4.984796861E2,-3.011794656E0,-8.206444377E-1,3.641675144E-1,3.142766666E0
4.984896751E2,-3.660516043E0,-1.459973735E0,1.594636281E0,4.251325190E0
4.984996641E2,-3.919847951E0,-2.688718742E0,2.422273403E0,5.334962499E0
4.985096531E2,-3.825295258E0,-3.659053654E0,2.661315181E0,5.924876028E0
4.985196421E2,-3.730838459E0,-3.986409438E0,2.992020249E0,6.225977914E0
4.985296321E2,-3.199322171E0,-3.897275652E0,3.001482214E0,5.867990741E0
4.985396211E2,-1.934853161E0,-3.195994520E0,2.040714515E0,4.257059250E0
4.985496101E2,3.443608023E-1,-1.850972368E0,7.102940297E-1,2.012262576E0
4.985595991E2,1.782229577E0,1.036190933E-1,3.343689340E-1,1.816282402E0
4.985695891E2,2.629570062E0,2.040333862E0,-5.364264876E-2,3.328735272E0
4.985795781E2,3.238306727E0,3.478430239E0,-6.936434984E-2,4.752990511E0
4.985895671E2,2.789757459E0,3.996015828E0,2.303861439E-2,4.873542855E0
4.985995561E2,1.950403393E0,4.137672229E0,2.037678641E-1,4.578856430E0
4.986095451E2,8.293696529E-1,3.605689040E0,5.240113869E-1,3.736768044E0
4.986195351E2,-3.087908739E-1,2.864622869E0,7.670354104E-1,2.981569940E0
4.986295241E2,-1.020285191E0,2.016848520E0,9.386427113E-1,2.447388396E0
4.986395131E2,-1.250815176E0,1.487035818E0,9.201351044E-1,2.149991335E0
4.986495021E2,-9.712704670E-1,1.013611910E0,7.707571632E-1,1.601512419E0
4.986594911E2,-1.150739642E0,4.613336205E-1,8.000446969E-1,1.475500576E0
4.986694811E2,-1.372248689E0,-1.037027085E-1,1.259496976E0,1.865516912E0
4.986794701E2,-1.541045087E0,-4.391048455E-1,1.869549556E0,2.462285233E0
4.986894591E2,-2.005280389E0,-7.693526620E-1,1.187880571E0,2.454406895E0
4.986994481E2,-1.826687858E0,-9.974326640E-1,-5.024775535E-2,2.081870622E0
4.987094381E2,-1.213148582E0,-1.318277573E0,-7.701130924E-1,1.950040876E0
4.987194271E2,-1.676786006E0,-2.658148329E0,1.178735526E0,3.356602641E0
4.987294161E2,-3.998424296E0,-8.035425013E0,7.294114428E0,1.156544670E1
4.987394051E2,-4.852646078E0,-1.434928005E1,8.955003170E0,1.759665007E1
4.987493941E2,1.469055191E0,-1.414157993E1,1.040877710E1,1.762058588E1
4.987593841E2,7.252510904E0,-7.260540885E0,3.353801223E0,1.079640454E1
4.987693731E2,6.709992787E0,-1.451834995E0,-9.200003260E0,1.147919370E1
4.987793621E2,3.977618734E0,4.160584543E0,-5.528562280E0,7.981034733E0
4.987893511E2,-2.761252282E0,9.394364709E0,-3.346883090E0,1.034795771E1
4.987993401E2,-4.561385449E0,1.299575254E1,-1.875763392E-1,1.377428786E1
4.988093301E2,-4.633134293E0,1.230900174E1,3.995250428E-1,1.315815631E1
4.988193191E2,-4.371080214E0,7.148722242E0,1.509616011E0,8.514077309E0
4.988293081E2,-2.438421951E0,1.907913723E0,2.381799269E0,3.906277530E0
4.988392971E2,-5.695475290E-1,-2.260028372E0,-1.153979292E0,2.600726982E0
4.988492861E2,1.019930119E0,-6.595644053E0,-3.157926223E0,7.383446076E0
4.988592761E2,4.553043372E-1,-1.088232322E1,-1.973681743E0,1.106922221E1
4.988692651E2,-4.504884242E-1,-1.151228937E1,1.486789066E-1,1.152205935E1
4.988792541E2,-3.045232470E-1,-8.584296715E0,8.228286651E-1,8.629016833E0
4.988892431E2,8.598760387E-1,-4.698789754E0,8.132833779E-2,4.777512559E0
4.988992331E2,2.403164995E0,-1.161083951E0,4.174444199E-2,2.669280902E0
4.989092221E2,3.353349233E0,1.252196435E0,7.160400885E-1,3.650432906E0
4.989192111E2,3.027565766E0,2.485988758E0,1.604199402E0,4.233172604E0
4.989292001E2,1.958627794E0,2.230778260E0,2.452131918E0,3.850395489E0
4.989391891E2,7.529611623E-1,8.712082350E-1,2.090326386E0,2.386507637E0
4.989491791E2,1.429612067E-1,-1.023136439E0,1.023408920E0,1.454170518E0
4.989591681E2,-3.474140722E-1,-2.878465567E0,-4.112677136E-1,2.928378680E0
4.989691571E2,-2.848371702E-1,-3.904117479E0,-7.219487000E-1,3.980511955E0
4.989791461E2,2.184092738E-1,-3.929272785E0,-5.840374410E-2,3.935771618E0
4.989891351E2,4.191491756E-1,-2.832762560E0,2.646034652E-1,2.875803322E0
4.989991251E2,1.105668134E0,-1.209105379E0,1.343071814E0,2.118556050E0
4.990091141E2,1.512292281E0,-4.911017954E-1,1.058167108E0,1.909954593E0
4.990191031E2,1.550187501E0,-5.660397112E-1,-1.397136632E0,2.162284211E0
4.990290921E2,1.239480495E0,-1.001654938E0,-2.950772236E0,3.353607207E0
4.990390821E2,8.382620984E-1,-2.063445566E0,-2.781552646E0,3.563358819E0
4.990490711E2,7.341240647E-1,-3.356331021E0,-2.465294293E0,4.228660782E0
4.990590601E2,6.812207964E-1,-4.088497730E0,-2.303827233E0,4.742098204E0
4.990690491E2,5.940551832E-1,-3.919027879E0,-1.203400835E0,4.142445491E0
4.990790381E2,7.518171546E-1,-3.434382579E0,-8.755842912E-1,3.623100962E0
4.990890281E2,3.219810230E-1,-2.895255847E0,-4.243271774E-1,2.943846421E0
4.990990171E2,-1.034533247E-1,-2.953518088E0,5.090229267E-1,2.998845783E0
4.991090061E2,-8.566419438E-1,-3.212237501E0,7.061536163E-1,3.398670050E0
4.991189951E2,-9.907185987E-1,-3.027283053E0,3.318060994E-1,3.202508597E0
4.991289841E2,-1.262829889E0,-2.878850899E0,-7.215850031E-1,3.225400245E0
4.991389741E2,-2.469401669E0,-2.166585188E0,-1.049754719E0,3.448770933E0
4.991489631E2,-2.571165733E0,-1.189514283E0,-1.155781696E0,3.059684426E0
4.991589521E2,-2.425453412E0,-6.201948684E-1,-1.577116999E0,2.958845038E0
4.991689411E2,-1.665167150E0,-1.650055021E-1,-2.312542654E0,2.854446002E0
4.991789311E2,-6.875226331E-1,5.073447758E-1,-2.795481298E0,2.923149291E0
4.991889201E2,1.534323713E0,2.146880071E0,-3.257627681E0,4.192300253E0
4.991989091E2,4.277017810E0,4.214353784E0,-2.457355528E0,6.487854449E0
4.992088981E2,6.070422585E0,5.682473860E0,-2.293031226E0,8.625458349E0
4.992188871E2,6.512237030E0,6.174729896E0,-1.002404552E0,9.030024103E0
4.992288771E2,5.753854914E0,6.646071026E0,6.476481307E-1,8.814564910E0
4.992388661E2,4.761116395E0,6.083372998E0,1.608126830E0,7.890610133E0
4.992488556E2,3.288960279E0,4.228827982E0,2.974513101E0,6.127640166E0
4.992588446E2,2.298052230E0,1.563849521E0,3.776582689E0,4.689269259E0
4.992688346E2,1.780015529E0,-5.193496943E-2,3.958528744E0,4.340633864E0
4.992788236E2,1.385103793E0,8.089283717E-1,4.039727274E0,4.346524367E0
4.992888126E2,3.834851070E-1,2.896316532E0,3.586676234E0,4.626008721E0
4.992988016E2,-1.374064980E-1,4.058969291E0,3.455548915E0,5.332441331E0
4.993087906E2,-4.736487338E-1,3.792395314E0,3.628951603E0,5.270284155E0
4.993187806E2,-1.033585706E0,3.633814148E0,4.465201675E0,5.849011085E0
4.993287696E2,-1.889334780E-1,3.767323623E0,5.278473358E0,6.487734900E0
4.993387586E2,7.751881832E-1,3.338198220E0,4.441439175E0,5.609890019E0
4.993487476E2,3.738274071E-1,2.685525577E0,3.160556300E0,4.164241910E0
4.993587376E2,-4.215810326E-1,1.874002211E0,2.043409497E0,2.804485198E0
4.993687266E2,-1.100501681E0,4.319490230E-1,1.713892583E0,2.082093104E0
4.993787156E2,-1.360802911E0,-9.309784734E-1,2.500208602E0,2.994920455E0
4.993887046E2,-5.575559860E-1,-1.242176646E0,3.013563146E0,3.306876824E0
4.993986936E2,2.743969667E-1,-8.010492486E-1,2.373854949E0,2.520349364E0
4.994086836E2,4.285988608E-1,-2.772340357E-1,7.642990597E-1,9.190803809E-1
4.994186726E2,9.333740777E-1,1.931218386E-1,3.378474426E-1,1.011248786E0
4.994286616E2,2.294378863E0,2.028089207E-1,-2.473642655E-1,2.316569642E0
4.994386506E2,3.869593471E0,2.542720199E-2,-1.028177909E0,4.003941806E0
4.994486406E2,4.612923100E0,-5.431560481E-1,-2.427774464E0,5.241008192E0
4.994586296E2,3.915453768E0,-1.136320993E0,-4.025234950E0,5.729268715E0
4.994686186E2,1.754138968E0,-8.329259294E-1,-5.245069969E0,5.592989192E0
4.994786076E2,-1.128721074E0,7.621284270E-1,-5.258489914E0,5.431994770E0
4.994885966E2,-3.265697716E0,1.962111565E0,-3.809691670E0,5.387802334E0
4.994985866E2,-4.352228498E0,1.120724714E0,-1.927224884E0,4.890001282E0
4.995085756E2,-3.719283776E0,-6.757749921E-1,-7.316908921E-1,3.850339622E0
4.995185646E2,-2.614607037E0,-1.768716077E0,-5.885060294E-1,3.211053700E0
4.995285536E2,-2.162579260E0,-2.303403018E0,-9.014150973E-1,3.285569007E0
4.995385436E2,-1.766209960E0,-2.726436206E0,-7.728112900E-1,3.339189917E0
4.995485326E2,-1.250359532E0,-2.968963509E0,2.002612889E-1,3.227731070E0
4.995585216E2,-9.154149395E-1,-3.079199311E0,5.447546768E-1,3.258252686E0
4.995685106E2,-1.083541685E0,-3.119041654E0,3.259749636E-1,3.317942600E0
4.995784996E2,-1.066750529E0,-3.248939304E0,-7.611861482E-2,3.420432331E0
4.995884896E2,-3.859928316E-1,-3.215977964E0,-1.497030464E-1,3.242516883E0
4.995984786E2,-2.099957335E-1,-3.391969800E0,3.137415652E-1,3.412915338E0
4.996084676E2,-7.628353554E-1,-3.353662936E0,8.537752001E-1,3.543713442E0
4.996184566E2,-1.584605090E0,-2.976392981E0,7.452590637E-1,3.453302700E0
4.996284466E2,-2.629433822E0,-2.159953276E0,7.865540010E-1,3.492561750E0
4.996384356E2,-2.851262566E0,-1.425586844E0,9.023753563E-1,3.313046537E0
4.996484246E2,-2.109878598E0,-1.027009635E0,8.741903150E-1,2.504105668E0
4.996584136E2,-1.019253303E0,-9.621207440E-1,6.410173881E-1,1.541251736E0
4.996684026E2,-2.369338560E-1,-1.016948916E0,3.488425469E-1,1.100915016E0
4.996783926E2,-8.133272320E-2,-9.054115230E-1,3.970835379E-1,9.919981723E-1
4.996883816E2,-9.686906755E-2,-9.179941463E-1,4.798204699E-1,1.040348284E0
4.996983706E2,-5.871072292E-2,-9.787291753E-1,1.258502072E-1,9.885322566E-1
4.997083596E2,1.637322709E-1,-1.156885065E0,-3.875294799E-1,1.231003822E0
4.997183496E2,1.177275476E-1,-9.761072838E-1,-5.749684095E-1,1.138961754E0
4.997283386E2,-9.311590062E-1,-3.136019629E-1,7.574813524E-1,1.240637451E0
4.997383276E2,-6.534517846E-1,-8.723870337E-2,7.801121235E-1,1.021364162E0
4.997483166E2,-8.651898421E-1,-1.766356140E-1,2.367973235E-1,9.142355142E-1
4.997583056E2,-9.659442383E-1,1.837627852E-1,5.951588452E-2,9.850681059E-1
4.997682956E2,-8.921474797E-1,6.576568097E-1,-5.639902622E-2,1.109783968E0
4.997782846E2,-7.379393730E-1,9.100290692E-1,-7.212786090E-1,1.375845288E0
4.997882736E2,-5.335555412E-1,9.945552492E-1,-1.054350338E0,1.544498720E0
4.997982626E2,-8.790411651E-3,1.119772203E0,-8.804047358E-1,1.424457636E0
4.998082516E2,5.099067333E-1,1.126152100E0,-4.991724148E-1,1.333190357E0
4.998182416E2,1.222210159E0,1.130836304E0,-3.848497009E-1,1.709004889E0
4.998282306E2,2.075877039E0,1.034174228E0,-8.698434949E-1,2.476975882E0
4.998382196E2,2.814290037E0,9.585896105E-1,-1.527571056E0,3.342543310E0
4.998482086E2,3.120895514E0,9.202114105E-1,-1.988915494E0,3.813471212E0
4.998581986E2,3.108192145E0,1.200493015E0,-2.429015243E0,4.123367185E0
4.998681876E2,2.890384824E0,1.417331160E0,-2.709748837E0,4.207836833E0
4.998781766E2,2.597113338E0,1.427635708E0,-2.850288712E0,4.111847170E0
4.998881656E2,2.225264774E0,1.263455833E0,-3.102299614E0,4.021490626E0
4.998981546E2,1.567483419E0,7.437038505E-1,-2.866957954E0,3.351051715E0
4.999081446E2,8.334736674E-1,3.208560187E-1,-2.363389311E0,2.526506674E0
4.999181336E2,5.749137381E-1,-1.143832326E-2,-2.015707144E0,2.096123071E0
4.999281226E2,6.906620032E-1,-4.053044307E-1,-1.663389012E0,1.846117192E0
4.999381116E2,7.917460361E-1,-8.143738836E-1,-1.277340924E0,1.709288286E0
4.999481006E2,7.640312572E-1,-1.335749638E0,-9.206981912E-1,1.793225032E0
4.999580906E2,7.071056892E-1,-1.507455465E0,-7.039322591E-1,1.807744744E0
4.999680796E2,2.447643010E-1,-1.378378764E0,-4.074448040E-1,1.458029097E0
4.999780686E2,-3.296715733E-1,-1.094922706E0,-7.985571653E-2,1.146261756E0
4.999880576E2,-5.892850247E-1,-5.534904170E-1,-2.395460996E-1,8.432027134E-1
4.999980476E2,-7.115134665E-1,1.461803913E-4,-1.392896523E0,1.564101070E0
5.000080366E2,-7.603263152E-1,3.038318503E-1,-2.907916823E0,3.020991584E0
5.000180256E2,-3.772953907E-1,6.172572273E-1,-4.249367204E0,4.310508083E0
5.000280146E2,3.946709767E-1,1.127972338E0,-4.897986265E0,5.041662050E0
5.000380036E2,1.097621196E0,1.178020996E0,-5.099592998E0,5.347742935E0
5.000479936E2,1.167669962E0,1.290567033E0,-4.053731940E0,4.411548373E0
5.000579826E2,9.772235173E-1,1.344753181E0,-2.523411523E0,3.021743311E0
5.000679716E2,1.847005324E-1,1.660551358E0,-8.212765217E-1,1.861730438E0
5.000779606E2,3.978523006E-1,2.303703564E0,9.938573840E-1,2.540293106E0
5.000879506E2,9.777709629E-1,2.778330830E0,1.674759215E0,3.388211428E0
5.000979396E2,1.094061850E0,3.222804589E0,1.646529735E0,3.780806913E0
5.001079286E2,8.217853756E-1,3.128837494E0,1.665802158E0,3.638660756E0
5.001179176E2,5.434747213E-1,2.537185809E0,1.484162496E0,2.989216439E0
5.001279066E2,-1.773343563E-2,1.963332464E0,1.403226799E0,2.413303604E0
5.001378966E2,-9.509364823E-1,1.452089349E0,1.833139237E0,2.524528299E0
5.001478856E2,-2.152397358E0,8.703644818E-1,2.423965003E0,3.356479562E0
5.001578746E2,-2.945485184E0,3.220453423E-1,3.358668445E0,4.478867032E0
5.001678636E2,-2.520833486E0,-4.045407844E-1,4.019641503E0,4.761908496E0
5.001778536E2,-9.046726542E-1,-1.462766365E0,4.337269566E0,4.665835974E0
5.001878426E2,1.143148275E0,-3.203856686E0,4.110612484E0,5.335599370E0
5.001978316E2,2.629393184E0,-4.505423502E0,3.682083498E0,6.385161574E0
5.002078206E2,3.100987791E0,-3.987532688E0,3.479261713E0,6.133661572E0
5.002178096E2,3.255596359E0,-3.156676088E0,3.996010566E0,6.044138650E0
5.002277996E2,3.161771059E0,-3.478774640E0,4.518252293E0,6.520220319E0
5.002377886E2,2.991985751E0,-4.154864212E0,4.730670528E0,6.970948214E0
5.002477778E2,2.614176098E0,-4.969850884E0,5.302514185E0,7.723340674E0
5.002577668E2,2.308604408E0,-6.457966098E0,5.452209338E0,8.761367879E0
5.002677568E2,1.826064983E0,-8.211395214E0,5.353155751E0,9.970847566E0
5.002777458E2,1.465201438E0,-1.016572355E1,6.652163240E0,1.223683073E1
5.002877348E2,7.360763039E-1,-1.196191569E1,6.258266142E0,1.352017494E1
5.002977238E2,1.242954326E-1,-1.188242046E1,5.034353859E0,1.290550596E1
5.003077128E2,1.281338373E-1,-1.031262198E1,7.836234350E0,1.295272787E1
5.003177028E2,-5.748057400E0,-5.725709342E0,1.149792978E1,1.407218179E1
5.003276918E2,-1.311679692E1,1.893745919E0,8.635963882E0,1.581823338E1
5.003376808E2,-9.331155723E0,4.798053841E0,-2.213713161E0,1.072344692E1
5.003476697E2,8.483929843E-2,1.840882997E0,-5.116111382E0,5.437889627E0
5.003576598E2,5.815136658E0,-3.251199253E0,-5.924264413E-1,6.688578326E0
5.003676488E2,4.039565598E0,-6.618211382E0,6.829442632E0,1.033247786E1
5.003776378E2,-5.308706094E-1,-6.205554078E0,8.611257057E0,1.062753373E1
5.003876267E2,-1.249933855E0,-3.133152155E0,1.892443160E0,3.867857052E0
5.003976158E2,2.446019385E0,-1.574180966E0,-4.515960184E0,5.371680643E0
5.004076058E2,4.750890784E0,-2.479514721E0,-2.223567474E0,5.802000414E0
5.004175947E2,2.703511028E0,-2.463305070E0,8.949952930E-1,3.765349960E0
5.004275838E2,1.632968287E0,-4.743787587E-2,-1.080989376E0,1.958921594E0
5.004375728E2,2.055389565E0,1.228442998E0,-3.624402469E0,4.343960373E0
5.004475627E2,1.747747523E0,1.046420637E0,-4.477547486E0,4.919151252E0
5.004575518E2,5.232383850E-1,6.476738584E-1,-4.585219284E0,4.660203399E0
5.004675408E2,-1.265239819E0,5.226422614E-1,-4.956621559E0,5.142186695E0
5.004775298E2,-2.334567069E0,8.283414200E-1,-6.143058452E0,6.623708935E0
5.004875198E2,-2.451430398E0,1.377775916E0,-7.314359243E0,7.836301973E0
5.004975088E2,-2.060662876E0,1.857412929E0,-8.144508330E0,8.604029882E0
5.005074978E2,-8.747709435E-1,2.099800191E0,-8.390839831E0,8.693709111E0
5.005174868E2,4.884033054E-2,2.421510634E0,-7.816231610E0,8.182883092E0
5.005274758E2,6.873404923E-1,2.484823700E0,-6.911777276E0,7.376954038E0
5.005374658E2,2.565418359E-1,1.907199339E0,-6.324589355E0,6.610873886E0
5.005474548E2,-1.374537143E-1,9.530714469E-1,-5.903098662E0,5.981121343E0
5.005574438E2,-3.374574333E-1,-8.647819988E-2,-4.508813133E0,4.522250752E0
5.005674328E2,-9.605210920E-1,-1.152169651E0,-2.433326395E0,2.858526372E0
5.005774228E2,-9.494501200E-1,-2.434612490E0,-4.593794811E-1,2.653266480E0
5.005874118E2,-8.724358580E-1,-3.493270765E0,1.126316407E0,3.772621583E0
5.005974008E2,-7.565873131E-1,-3.507105277E0,1.322277653E-1,3.590222273E0
5.006073897E2,-7.433894165E-1,-2.504588166E0,-1.707400419E0,3.121026418E0
5.006173798E2,1.028397179E0,-1.524967875E0,-2.881411394E0,3.418429377E0
5.006273688E2,2.560611509E0,-1.437314897E0,-3.252887928E0,4.382223783E0
5.006373577E2,3.277583059E0,-2.124113791E0,-3.788194674E0,5.441031979E0
5.006473468E2,2.630128471E0,-1.740007125E0,-3.909807404E0,5.023125970E0
5.006573358E2,9.377273297E-1,-1.061861379E0,-4.226035352E0,4.457157943E0
5.006673257E2,-7.060357949E-1,-5.649834117E-1,-4.704645156E0,4.790759735E0
5.006773147E2,-1.197009536E0,-2.901556514E-1,-4.160058294E0,4.338560492E0
5.006873038E2,-1.594980682E0,-1.405337352E-1,-3.189325186E0,3.568684386E0
5.006972928E2,-2.570492134E0,-2.238039333E-1,-2.833543748E0,3.832295420E0
5.007072827E2,-2.657124481E0,-2.470688349E-1,-3.225502494E0,4.186313397E0
5.007172718E2,-2.376310634E0,-5.389466375E-2,-3.333782988E0,4.094370021E0
5.007272608E2,-1.979579098E0,1.734664232E-1,-2.988094429E0,3.588527877E0
5.007372498E2,-1.475781828E0,3.058149335E-1,-2.415008823E0,2.846703777E0
5.007472398E2,-1.427686433E0,7.238437825E-1,-2.014895550E0,2.573332946E0
5.007572288E2,-1.477925564E0,9.191036555E-1,-1.477673841E0,2.283097782E0
5.007672178E2,-1.537604878E0,1.092790226E0,-7.445563745E-1,2.027999861E0
5.007772068E2,-1.644401641E0,1.226277190E0,-3.703486061E-1,2.084459304E0
5.007871958E2,-2.060640657E0,1.509503744E0,-4.011160702E-1,2.585678938E0
5.007971858E2,-2.489552636E0,1.628707714E0,-1.361214262E-1,2.978101776E0
5.008071748E2,-2.384596138E0,1.544425655E0,1.793276721E-1,2.846701207E0
5.008171638E2,-1.803593695E0,1.686537261E0,7.470309162E-1,2.579808780E0
5.008271527E2,-1.183539452E0,1.986168180E0,1.336785765E0,2.670697634E0
5.008371428E2,-6.966589075E-1,2.075920309E0,1.693424989E0,2.768116138E0
5.008471318E2,-8.008638918E-2,1.994473565E0,1.803947305E0,2.690458048E0
5.008571208E2,2.618332006E-2,1.847291545E0,2.241925977E0,2.905065181E0
5.008671097E2,-8.607099979E-1,1.734135351E0,1.968236523E0,2.760797372E0
5.008770998E2,-1.585589468E0,1.803284816E0,1.158736294E0,2.666195771E0
5.008870888E2,-1.517617048E0,1.992962936E0,8.518475193E-1,2.645884912E0
5.008970777E2,-8.767974423E-1,2.004836877E0,1.275704581E0,2.532896926E0
5.009070668E2,1.179387417E0,1.105275201E0,2.104542137E0,2.653617447E0
5.009170568E2,2.807723029E0,4.634365717E-1,2.316488501E0,3.669359759E0
5.009270457E2,2.644396847E0,9.268965322E-1,1.004475051E0,2.976733443E0
5.009370348E2,2.069678698E0,1.067118903E0,-5.632558519E-1,2.395739932E0
5.009470238E2,1.535738301E0,6.970059398E-1,-1.008847014E0,1.965217979E0
5.009570137E2,8.630890106E-1,8.104362224E-1,-1.109858249E0,1.622810785E0
5.009670028E2,2.251590255E-1,5.587361003E-1,-1.958865191E0,2.049398803E0
5.009769918E2,-3.795159439E-1,-2.953039786E-1,-2.798501385E0,2.839515239E0
5.009869808E2,-6.282556207E-1,-3.038010793E-1,-3.838292449E0,3.901216367E0
5.009969707E2,-5.222971295E-1,3.460870466E-1,-4.989491681E0,5.028677537E0
5.010069598E2,-3.232358354E-1,1.228992344E0,-6.009211593E0,6.142111001E0
5.010169488E2,-1.516999436E-1,1.474847736E0,-6.416899348E0,6.585953687E0
5.010269378E2,-5.999535620E-2,1.211532777E0,-6.963538583E0,7.068400152E0
5.010369268E2,-3.552306300E-1,7.425966071E-1,-7.500611773E0,7.545648778E0
5.010469168E2,-6.741360176E-1,3.021678789E-1,-7.349682857E0,7.386718006E0
5.010569058E2,-1.178787493E0,1.176591352E-1,-7.067461147E0,7.166058239E0
5.010668948E2,-1.861298258E0,-4.723073825E-2,-6.966949264E0,7.211452280E0
5.010768838E2,-2.319644682E0,5.389539465E-2,-7.081758758E0,7.452178425E0
5.010868738E2,-2.039363662E0,-4.094951302E-3,-6.840412009E0,7.137944898E0
5.010968628E2,-1.336227940E0,-4.737291330E-1,-5.747832282E0,5.920092934E0
5.011068518E2,-1.012335024E0,-1.082835049E0,-4.502771789E0,4.740496570E0
5.011168407E2,-1.171603384E0,-1.363682372E0,-3.799680360E0,4.203552657E0
5.011268308E2,-1.347619193E0,-4.860231963E-1,-3.180250892E0,3.488021183E0
5.011368198E2,-1.487110370E0,3.342712855E-1,-2.237823570E0,2.707598360E0
5.011468087E2,-1.257575142E0,1.225202179E-1,-1.753281766E0,2.161134747E0
5.011567977E2,-8.236943454E-1,1.776805115E-1,-2.235830255E0,2.389347121E0
5.011667878E2,-9.933352277E-2,-2.903499252E-1,-2.169127557E0,2.190726954E0
5.011767768E2,1.263604937E0,-1.148815323E0,-1.214263793E0,2.095449986E0
5.011867657E2,1.175811479E0,-1.093055105E0,-2.759454263E0,3.192473951E0
5.011967548E2,4.773197620E-1,3.480771464E-1,-4.019081340E0,4.062266199E0
5.012067438E2,-3.776237118E-1,1.554730203E0,-4.496045737E0,4.772233538E0
5.012167337E2,-1.459648337E0,2.021069040E0,-4.282863856E0,4.955624697E0
5.012267228E2,-1.622213796E0,1.970604646E0,-2.725844468E0,3.734312297E0
5.012367118E2,-2.373580277E0,2.020800653E0,-8.976505136E-1,3.243962863E0
5.012467003E2,-3.268048882E0,1.930448307E0,5.383835506E-1,3.833618527E0
5.012566903E2,-4.764572099E0,1.205667801E0,1.886015900E0,5.264203464E0
5.012666793E2,-5.759800948E0,-1.127903926E0,3.506702696E0,6.836990422E0
5.012766683E2,-6.429349240E0,-6.273213379E0,4.798047409E0,1.018385962E1
5.012866573E2,-5.746801418E0,-1.245437287E1,6.223040761E0,1.506198415E1
5.012966462E2,-3.218482035E0,-1.727977356E1,7.652557518E0,1.917057217E1
5.013066363E2,-1.204102063E0,-1.967091288E1,8.812632240E0,2.158835710E1
5.013166253E2,3.703437822E-1,-1.726973506E1,1.119314249E1,2.058318105E1
5.013266142E2,3.679765954E0,-1.186592780E1,8.760208443E0,1.520138717E1
5.013366033E2,4.696967177E0,-7.855843572E0,4.693972233E0,1.028635767E1
5.013465933E2,2.846567836E0,-4.080889918E0,3.711219004E0,6.207234284E0
5.013565822E2,1.559944165E0,4.061054993E-1,5.264739418E0,5.505981167E0
5.013665713E2,1.532613987E0,3.480706560E0,4.456068324E0,5.858393013E0
5.013765603E2,2.165670099E0,4.842241834E0,1.041939915E0,5.405836822E0
5.013865493E2,3.023032127E0,5.662543625E0,-1.239947687E0,6.537629067E0
5.013965392E2,3.046147632E0,6.572696655E0,-2.361727239E0,7.619521788E0
5.014065283E2,2.020571150E0,6.907253285E0,-3.948339971E0,8.208668847E0
5.014165173E2,5.201683044E-1,5.985252627E0,-4.534184201E0,7.526795496E0
5.014265063E2,-9.334904373E-1,3.848720958E0,-3.335183980E0,5.177596893E0
5.014364963E2,-1.777513505E0,1.636050355E0,-2.412200405E0,3.413931138E0
5.014464853E2,-1.968368963E0,-4.295972729E-1,-2.067278416E0,2.886636493E0
5.014564743E2,-1.848840765E0,-2.574806210E0,-1.757213434E0,3.624312106E0
5.014664633E2,-1.639330935E0,-3.990294912E0,-1.882936757E0,4.706942769E0
5.014764533E2,-1.178253350E0,-4.611638759E0,-1.893943263E0,5.122744780E0
5.014864423E2,-5.720480177E-1,-5.105244917E0,-2.223162262E0,5.597607975E0
5.014964313E2,1.483468139E0,-6.359134120E0,-1.042922540E0,6.612635776E0
5.015064203E2,3.207917285E0,-1.031147359E1,2.429523074E0,1.106886639E1
5.015164103E2,9.008425087E-1,-1.390656163E1,-2.020139918E-1,1.393717271E1
5.015263993E2,8.510075668E-1,-9.586228226E0,-3.226329290E0,1.015032936E1
5.015363883E2,2.027156284E0,-3.648213501E0,-2.467963547E-1,4.180877036E0
5.015463772E2,3.469861437E0,-1.577647195E0,1.995464960E0,4.302416701E0
5.015563662E2,3.203158821E0,-1.039599860E0,5.737785012E-1,3.416169795E0
5.015663563E2,5.024573806E-1,-7.934595627E-1,-2.606964726E0,2.770975745E0
5.015763453E2,-1.764161973E0,-8.597944701E-1,-4.267716059E0,4.697330557E0
5.015863342E2,-3.948646950E0,-1.677592483E0,-4.891190631E0,6.506141334E0
5.015963233E2,-5.241100879E0,-2.286496963E0,-4.567962104E0,7.318707849E0
5.016063133E2,-6.045425738E0,-2.597405698E0,-3.654104571E0,7.526364921E0
5.016163022E2,-5.178063217E0,-2.164641573E0,-1.918541622E0,5.931173052E0
5.016262913E2,-3.342490954E0,-3.116747791E0,4.728201833E-1,4.594553460E0
5.016362803E2,-9.930387738E-1,-4.837938868E0,1.752982681E0,5.240679992E0
5.016462693E2,1.586496664E0,-5.621258774E0,2.964164114E-1,5.848365974E0
5.016562593E2,3.346699779E0,-5.757010072E0,-1.174107162E0,6.761811296E0
5.016662483E2,3.249152142E0,-4.756412895E0,-1.326613656E0,5.911036886E0
5.016762373E2,3.023714497E0,-2.799702988E0,-1.490333648E0,4.382040685E0
5.016862263E2,2.012355812E0,-1.075805819E0,-1.317589648E0,2.634952856E0
5.016962163E2,2.632383962E-1,1.584811789E-1,3.436927579E-1,4.610156712E-1
5.017062053E2,-1.663251602E0,1.266549010E0,9.756845301E-1,2.307057127E0
5.017161943E2,-2.530381989E0,1.804878182E0,3.480237906E-1,3.127545175E0
5.017261833E2,-2.081686979E0,1.668857912E0,1.503555956E-1,2.672286327E0
5.017361733E2,-1.174170604E0,1.716070086E0,-2.872497314E-1,2.099067783E0
5.017461623E2,-2.896468706E-1,2.167697913E0,-7.997752865E-1,2.328615482E0
5.017561513E2,1.124662449E0,2.881723051E0,-7.622268064E-1,3.185935196E0
5.017661403E2,1.771634422E0,3.528992282E0,-6.893615824E-1,4.008452874E0
5.017761292E2,2.496268163E0,3.923194020E0,-1.660328579E-1,4.652996128E0
5.017861193E2,3.763758868E0,3.581925956E0,3.516376622E-1,5.207660071E0
5.017961083E2,5.107941653E0,3.289543539E0,6.609267189E-1,6.111381902E0
5.018060972E2,6.598811490E0,4.159182966E0,1.254511932E0,7.900437723E0
5.018160863E2,6.458937905E0,5.738063339E0,2.588494542E0,9.019066124E0
5.018260763E2,4.549404504E0,5.828547832E0,3.538833146E0,8.197096510E0
5.018360652E2,2.248238046E0,4.748936645E0,3.769567199E0,6.466576408E0
5.018460543E2,8.513579611E-1,4.250089628E0,3.405550543E0,5.512335868E0
5.018560433E2,-3.438972643E-1,3.808769857E0,3.488085161E0,5.176072956E0
5.018660333E2,-5.657072970E-1,2.944840236E0,3.467657036E0,4.584403351E0
5.018760222E2,-1.557674861E-1,2.370315630E0,3.962196118E0,4.619703212E0
5.018860113E2,4.081350678E-1,1.252639654E0,5.150509967E0,5.316336451E0
5.018960003E2,7.235441127E-1,3.046457827E-1,5.952226968E0,6.003776396E0
5.019059893E2,1.157553402E0,1.054854076E0,6.015393269E0,6.215915313E0
5.019159793E2,1.417975523E0,2.025162091E0,5.266111760E0,5.817548379E0
5.019259683E2,1.192580270E0,2.107078074E0,4.508053579E0,5.117086357E0
5.019359573E2,1.459778584E0,1.058622606E0,3.585021472E0,4.012980724E0
5.019459463E2,2.430284527E0,-5.018162334E-1,2.842047939E0,3.772974808E0
5.019559363E2,3.971452260E0,-1.744388151E0,2.558617609E0,5.036054720E0
5.019659253E2,5.516658518E0,-1.870958151E0,1.647029087E0,6.053652651E0
5.019759143E2,7.810876145E0,-2.354374951E0,6.185371828E-1,8.181409158E0
5.019859033E2,9.981875396E0,-2.804876604E0,-8.168348305E-1,1.040059558E1
5.019958933E2,1.102548761E1,-2.248869545E0,-3.196874234E0,1.169781160E1
5.020058823E2,1.054202228E1,-9.302814853E-1,-5.435461158E0,1.189722217E1
5.020158713E2,8.420909722E0,6.191739446E-1,-7.675789676E0,1.141108426E1
5.020258602E2,4.826364597E0,2.155496528E0,-9.019042461E0,1.045385515E1
5.020358503E2,1.974686879E0,3.805014775E0,-9.417901506E0,1.034767580E1
5.020458393E2,-2.196018317E0,4.890500075E0,-8.638629627E0,1.016687805E1
5.020558283E2,-7.768237079E0,5.476824362E0,-4.498403335E0,1.051554777E1
5.020658172E2,-8.886797154E0,3.404727255E0,-2.696993136E-1,9.520507815E0
5.020758073E2,-4.352598335E0,-9.443224043E-1,-1.392328466E0,4.666415715E0
5.020857963E2,-2.370021369E0,-4.291494346E0,-3.618744704E0,6.093376588E0
5.020957852E2,-3.480256909E0,-6.022540905E0,-1.432655543E0,7.101808855E0
5.021057743E2,-4.466666402E0,-7.316061952E0,8.709872103E-1,8.615943939E0
5.021157633E2,-4.541597594E0,-6.867312709E0,1.360096859E0,8.344816116E0
5.021257532E2,-4.653655681E0,-4.356047022E0,1.706569237E0,6.598790451E0
5.021357423E2,-4.310258061E0,-1.542027127E0,1.820653823E0,4.926555852E0
5.021457313E2,-3.810207979E0,-3.499166805E-1,1.173506945E0,4.002155054E0
5.021557203E2,-3.092593820E0,6.686524987E-2,3.615169716E-1,3.114370245E0
5.021657103E2,-2.088212618E0,1.347841680E-2,2.831672055E-1,2.107367379E0
5.021756993E2,-7.078884852E-1,-3.549628276E-1,7.008075070E-1,1.057466727E0
5.021856883E2,5.521155904E-1,-8.737804252E-1,7.991885184E-1,1.306532106E0
5.021956773E2,1.200708631E0,-8.159157944E-1,7.259689531E-1,1.623099110E0
5.022056673E2,1.258438630E0,5.926036119E-2,6.086355078E-1,1.399148583E0
5.022156563E2,1.086481665E0,7.226035881E-1,4.238523835E-1,1.371950873E0
5.022256453E2,7.809900829E-1,9.935588837E-1,3.443308353E-2,1.264235106E0
5.022356343E2,7.982401000E-1,1.351518409E0,-2.081810501E-1,1.583391492E0
5.022456240E2,1.355207125E0,1.673602343E0,-3.590535396E-1,2.183220236E0
5.022556140E2,2.007188043E0,1.802805929E0,-9.201191707E-1,2.850531940E0
5.022656030E2,2.285816347E0,1.740414383E0,-1.078017236E0,3.068569660E0
5.022755920E2,1.899339074E0,1.637156063E0,-9.015295565E-1,2.664680925E0
5.022855810E2,1.482070363E0,1.538926349E0,-5.905687809E-1,2.216663789E0
5.022955710E2,7.367533384E-1,1.141517998E0,-7.266975161E-1,1.540765427E0
5.023055600E2,-1.811517110E-1,7.045836389E-1,-9.224146414E-1,1.174777774E0
5.023155490E2,-1.016829340E0,1.929066610E-1,-5.305636306E-1,1.163035964E0
5.023255380E2,-1.734250833E0,-4.728941506E-1,-1.636783303E-1,1.805005658E0
5.023355280E2,-2.523222073E0,-1.081110998E0,-2.114148527E-2,2.745158936E0
5.023455170E2,-3.040479634E0,-1.595292338E0,3.397483724E-1,3.450348244E0
5.023555060E2,-3.435410519E0,-2.066629960E0,4.781306246E-1,4.037525693E0
5.023654950E2,-3.076160806E0,-2.165811017E0,3.272385469E-1,3.776319336E0
5.023754840E2,-1.882036578E0,-1.776597539E0,3.900130847E-1,2.617340387E0
5.023854740E2,-3.667226746E-1,-1.278372665E0,3.308240595E-1,1.370462239E0
5.023954630E2,9.723066667E-1,-9.902476054E-1,-4.268563905E-1,1.451956250E0
5.024054520E2,2.041996517E0,-7.672634518E-1,-1.203653143E0,2.491430085E0
5.024154410E2,2.492282993E0,-6.093915528E-1,-1.725205483E0,3.091790184E0
5.024254310E2,2.349228085E0,-6.598343128E-1,-2.022795431E0,3.169535498E0
5.024354200E2,2.180885431E0,-6.223647702E-1,-2.302572713E0,3.231940635E0
5.024454090E2,1.899466543E0,-4.950071508E-1,-2.741320878E0,3.371623553E0
5.024553980E2,1.783924831E0,-4.125725198E-1,-2.769654439E0,3.320179151E0
5.024653880E2,1.618426262E0,-4.667990130E-1,-2.295870050E0,2.847494367E0
5.024753770E2,1.457771235E0,-6.246089315E-1,-1.601235448E0,2.253705449E0
5.024853660E2,1.318383261E0,-8.433018136E-1,-1.063071168E0,1.891933583E0
5.024953550E2,1.157511595E0,-1.045242423E0,-8.104422158E-1,1.757606725E0
5.025053450E2,1.140221670E0,-9.043116617E-1,-7.635756129E-1,1.643451476E0
5.025153340E2,1.253335034E0,-4.697641361E-1,-5.757918437E-1,1.457073539E0
5.025253230E2,1.209438816E0,-1.728904724E-2,-4.284377700E-1,1.283199160E0
5.025353120E2,1.149399021E0,2.844997859E-1,-5.977699193E-1,1.326418906E0
5.025453010E2,9.974415810E-1,4.725842482E-1,-1.114510586E0,1.568553291E0
5.025552910E2,8.700960946E-1,6.630350786E-1,-1.292968485E0,1.693649973E0
5.025652800E2,7.889677316E-1,5.793935823E-1,-1.246822259E0,1.585160165E0
5.025752690E2,7.116882983E-1,3.378000802E-1,-1.208612605E0,1.442689695E0
5.025852580E2,4.980810320E-1,2.082094091E-1,-1.219621596E0,1.333758865E0
5.025952480E2,2.190562865E-1,1.857444066E-1,-1.121039295E0,1.157244893E0
5.026052370E2,-1.033360881E-1,2.700261730E-1,-9.193463150E-1,9.637375826E-1
5.026152260E2,-3.982032797E-1,3.708976597E-1,-5.977453610E-1,8.083504454E-1
5.026252150E2,-6.575924903E-1,4.212837017E-1,-2.514595091E-1,8.204509280E-1
5.026352050E2,-9.463104576E-1,3.608182293E-1,9.479622960E-2,1.017192018E0
5.026451940E2,-1.077338959E0,2.539176786E-1,5.229983568E-2,1.108092367E0
5.026551830E2,-1.277219594E0,2.509449542E-1,-8.075823426E-2,1.304141539E0
5.026651720E2,-1.584074747E0,2.157973409E-2,2.131637549E-1,1.598498444E0
5.026751620E2,-1.637344344E0,-3.275165820E-1,3.461753395E-1,1.705286186E0
5.026851510E2,-1.472680611E0,-6.896983820E-1,9.897698879E-2,1.629192587E0
5.026951400E2,-1.540431714E0,-7.574711198E-1,-7.810330600E-1,1.885922852E0
5.027051290E2,-2.258498740E0,-4.352035832E-1,-1.472003211E0,2.730753041E0
5.027151180E2,-3.348812086E0,2.717358989E-1,-1.730785773E0,3.779418233E0
5.027251080E2,-3.343827627E0,1.382089992E0,-1.185348434E0,3.807414721E0
5.027350970E2,-2.208562934E0,2.640390335E0,-2.217550689E-1,3.449432803E0
5.027450860E2,-9.740221667E-1,3.506240181E0,4.991501954E-1,3.673090022E0
5.027550750E2,-7.731159300E-2,3.664821932E0,6.436954129E-1,3.721725495E0
5.027650650E2,7.088310564E-1,3.146937550E0,5.939888173E-1,3.280012214E0
5.027750540E2,1.516326275E0,2.282520856E0,5.611341897E-1,2.797144689E0
5.027850430E2,2.231374384E0,1.438025626E0,3.933419046E-1,2.683592219E0
5.027950320E2,2.443492657E0,9.230508184E-1,6.477522111E-1,2.691145129E0
5.028050220E2,2.387629235E0,9.494153291E-1,1.149086634E0,2.814704767E0
5.028150110E2,2.388764618E0,1.032356329E0,1.938985242E0,3.245245717E0
5.028250000E2,2.736958855E0,9.187753344E-1,2.575839413E0,3.869113667E0
5.028349890E2,3.269638740E0,6.011510718E-1,2.569414492E0,4.201643837E0
5.028449790E2,3.734419586E0,-2.136303627E-1,2.062305944E0,4.271373711E0
5.028549680E2,3.996976526E0,-1.313306855E0,1.433982861E0,4.444873799E0
5.028649570E2,4.035911381E0,-2.047544063E0,8.629817873E-1,4.607141731E0
5.028749460E2,3.914022662E0,-2.110217444E0,3.160077998E-1,4.457852845E0
5.028849350E2,3.334751287E0,-1.649219454E0,5.438471889E-1,3.759821899E0
5.028949250E2,2.462366592E0,-1.093529314E0,1.397039568E0,3.034925888E0
5.029049140E2,1.595920768E0,-9.205704296E-1,2.262329251E0,2.917626887E0
5.029149030E2,8.860595781E-1,-1.223663777E0,3.207735729E0,3.545704884E0
5.029248920E2,2.775372139E-1,-2.227410849E0,4.276772227E0,4.830027606E0
5.029348820E2,1.341244559E-1,-3.841460470E0,5.154507709E0,6.429911168E0
5.029448710E2,7.391241650E-1,-5.769677480E0,5.188503420E0,7.794616764E0
5.029548600E2,1.913021266E0,-7.651047183E0,4.426229982E0,9.043764991E0
5.029648490E2,2.999707876E0,-9.080211353E0,3.841006726E0,1.030542664E1
5.029748390E2,3.637018130E0,-9.645331882E0,4.177404059E0,1.112254614E1
5.029848280E2,3.073291869E0,-9.053705925E0,4.344682374E0,1.050195119E1
5.029948170E2,9.705297710E-1,-6.721014789E0,3.586961578E0,7.679860753E0
5.030048060E2,-1.660074225E0,-3.913809823E0,3.635742559E0,5.593959039E0
5.030147960E2,-3.597377223E0,-2.241099181E0,2.956086186E0,5.167406889E0
5.030247850E2,-4.142975946E0,-1.033852631E0,1.812700002E0,4.638855705E0
5.030347740E2,-3.421351766E0,-9.625727338E-1,1.664483610E0,3.924627354E0
5.030447630E2,-2.567896555E0,-1.900235744E0,2.083982157E0,3.814180152E0
5.030547520E2,-1.614826570E0,-3.461697847E0,2.479044605E0,4.553754384E0
5.030647420E2,-5.263047380E-1,-5.295770591E0,2.942480299E0,6.081148999E0
5.030747310E2,-3.759220259E-1,-6.505260717E0,3.415896606E0,7.357179079E0
5.030847200E2,1.468975523E-1,-7.172578297E0,3.266570998E0,7.882762485E0
5.030947090E2,4.310152958E-1,-7.367427403E0,2.069696825E0,7.664750855E0
5.031046990E2,1.221563603E0,-6.316088088E0,5.229743832E-1,6.454354234E0
5.031146880E2,1.056832701E0,-3.949504736E0,-4.173146117E-1,4.109700050E0
5.031246770E2,5.896133824E-1,-1.014504780E0,-9.523137939E-1,1.511213238E0
5.031346660E2,3.039006282E-1,9.060930160E-1,-9.212025136E-1,1.327393768E0
5.031446560E2,-4.202923793E-1,-1.905493560E-1,-4.043735540E-1,6.135737220E-1
5.031546450E2,-7.582304538E-1,-2.454561144E0,-9.730737484E-1,2.747117826E0
5.031646340E2,-8.705363169E-1,-3.459409831E0,-2.781187195E0,4.523312069E0
5.031746230E2,-1.987721346E0,-3.555657924E0,-4.895369051E0,6.368545954E0
5.031846130E2,-1.261625947E0,-2.563951731E0,-5.197953690E0,5.931633087E0
5.031946020E2,-7.338399632E-1,-2.618422638E0,-3.589819112E0,4.503494139E0
5.032045910E2,-1.549293608E0,-3.036032242E0,-2.915349219E0,4.485204959E0
5.032145800E2,-2.278736246E0,-3.258934534E0,-3.574830360E0,5.347214722E0
5.032245700E2,-2.138103400E0,-3.377605530E0,-5.084442862E0,6.467709369E0
5.032345590E2,-1.953064899E0,-4.188420213E0,-5.480765970E0,7.169108871E0
5.032445472E2,-2.191424745E0,-4.522044797E0,-5.670819190E0,7.576900543E0
5.032545362E2,-2.871137252E0,-3.792017291E0,-6.631162380E0,8.160584462E0
5.032645262E2,-3.315988741E0,-3.762794369E0,-7.457830034E0,8.987415180E0
5.032745152E2,-3.571216781E0,-3.529413574E0,-7.856924137E0,9.324248301E0
5.032845042E2,-3.128659739E0,-3.498396142E0,-8.602606101E0,9.799597903E0
5.032944932E2,-3.056140231E0,-3.922849619E0,-9.101794011E0,1.037166315E1
5.033044832E2,-3.169178897E0,-3.867041454E0,-8.776907507E0,1.010107964E1
5.033144722E2,-2.781887106E0,-3.340537106E0,-8.710669663E0,9.735186183E0
5.033244612E2,-1.917551250E0,-3.013630389E0,-9.573108829E0,1.021779739E1
5.033344502E2,-1.789238342E0,-3.356889137E0,-9.524792116E0,1.025630262E1
5.033444402E2,-2.693690044E0,-3.291307936E0,-8.587006899E0,9.582555060E0
5.033544292E2,-2.758394748E0,-2.320504077E0,-7.690549217E0,8.493410859E0
5.033644182E2,-2.239556247E0,-1.591250743E0,-7.469712161E0,7.958912670E0
5.033744072E2,-1.813729843E0,-1.099772094E0,-6.978565927E0,7.293798530E0
5.033843972E2,-1.521759216E0,-3.593336213E-1,-6.068777179E0,6.266971215E0
5.033943862E2,-1.614735792E0,7.826851907E-1,-5.046877425E0,5.356392399E0
5.034043752E2,-2.323787873E0,2.391242084E0,-5.179778790E0,6.160205930E0
5.034143642E2,-1.719961115E0,3.463488849E0,-5.932773281E0,7.081794974E0
5.034243542E2,7.257751910E-1,3.591402538E0,-5.760625405E0,6.827131673E0
5.034343432E2,2.090414094E0,4.112000906E0,-4.777465795E0,6.640975979E0
5.034443322E2,1.652997779E0,4.895478394E0,-3.425105386E0,6.199149722E0
5.034543212E2,7.749808994E-1,5.576248662E0,-1.845176607E0,5.924510212E0
5.034643112E2,1.230386467E-1,5.767571313E0,2.872064620E-1,5.776028472E0
5.034743002E2,-3.712893500E-1,5.534788395E0,2.666971192E0,6.155036450E0
5.034842892E2,-8.470662510E-1,4.436246848E0,4.262437193E0,6.210167320E0
5.034942782E2,7.225901395E-2,2.670562845E0,6.032114552E0,6.597236788E0
5.035042682E2,4.042897926E-1,8.156002640E-1,7.679288650E0,7.733054260E0
5.035142572E2,-9.583482666E-1,-1.570798644E0,9.223860485E0,9.405606946E0
5.035242462E2,-1.937138253E0,-5.178602915E0,9.878279107E0,1.132037238E1
5.035342352E2,-1.714789984E0,-9.099235269E0,9.101334420E0,1.298348472E1
5.035442252E2,-2.646580197E0,-1.251924305E1,7.764821135E0,1.496757431E1
5.035542142E2,-2.875472962E0,-1.231680309E1,8.442226331E0,1.520668171E1
5.035642032E2,6.661202889E-1,-6.532775375E0,9.407157832E0,1.147237939E1
5.035741922E2,5.862186279E0,-7.176342588E-1,8.188007521E0,1.009572652E1
5.035841822E2,8.881987234E0,1.068927228E0,5.988326508E0,1.076533125E1
5.035941712E2,7.813633692E0,5.255470119E-1,4.716134350E0,9.141717253E0
5.036041602E2,4.075450253E0,6.468464774E-1,4.261967077E0,5.932290324E0
5.036141492E2,1.699552579E0,1.238749154E0,2.939994648E0,3.614767899E0
5.036241392E2,2.093384188E0,1.763325967E0,6.644454271E-1,2.816569464E0
5.036341282E2,1.819394772E0,2.283523069E0,-3.699030483E-1,2.943043188E0
5.036441172E2,1.452327623E0,2.287940933E0,-8.930230272E-1,2.853317256E0
5.036541062E2,9.105389464E-1,2.262098871E0,-1.549968815E0,2.889390213E0
5.036640962E2,4.980390783E-1,2.480796138E0,-1.913472671E0,3.172344569E0
5.036740852E2,-3.148323633E-1,2.703059038E0,-2.300833751E0,3.563633473E0
5.036840742E2,-1.500805865E0,2.583358055E0,-2.225489454E0,3.725447677E0
5.036940632E2,-1.658139089E0,2.124062043E0,-2.238526406E0,3.503150763E0
5.037040532E2,-5.027621667E-1,1.426216735E0,-2.773010448E0,3.158552029E0
5.037140422E2,5.342029376E-1,6.741713201E-1,-3.612737859E0,3.713725163E0
5.037240312E2,8.612317157E-1,5.937723242E-1,-4.830977173E0,4.942936990E0
5.037340202E2,1.542331767E-1,1.252092647E0,-5.915288352E0,6.048318788E0
5.037440092E2,-7.934820744E-1,2.102447372E0,-6.531019456E0,6.906816480E0
5.037539992E2,-1.159400684E0,2.588132891E0,-6.808211392E0,7.375254855E0
5.037639882E2,-8.527303027E-1,2.487697022E0,-7.312467084E0,7.770969071E0
5.037739772E2,-4.044716410E-1,2.178464830E0,-7.609695674E0,7.925703412E0
5.037839662E2,-3.177277583E-1,1.727231251E0,-7.359723111E0,7.566359957E0
5.037939562E2,-4.530817375E-1,1.170048902E0,-6.917271320E0,7.030145091E0
5.038039452E2,-5.389388900E-1,5.028374496E-1,-6.437073412E0,6.479136882E0
5.038139342E2,-5.421101274E-1,6.941609770E-2,-5.843019106E0,5.868524027E0
5.038239232E2,-5.831767309E-1,-7.809570462E-2,-5.157579836E0,5.191033019E0
5.038339132E2,-6.344128118E-1,-2.845237595E-1,-4.670726042E0,4.722193891E0
5.038439022E2,-7.275091097E-1,-5.515602511E-1,-4.576095289E0,4.666276493E0
5.038538912E2,-1.072289304E0,-5.059984544E-1,-4.399384246E0,4.556360448E0
5.038638802E2,-1.456005960E0,-2.306691492E-1,-3.658029807E0,3.943899552E0
5.038738702E2,-1.982485018E0,-3.570111072E-1,-2.241248869E0,3.013453214E0
5.038838592E2,-2.873833403E0,-6.864502537E-1,-1.703368764E0,3.410512795E0
5.038938482E2,-3.331890536E0,-7.281631207E-1,-1.786467639E0,3.850088661E0
5.039038372E2,-3.712988956E0,-1.898836505E-1,-2.254070644E0,4.347778428E0
5.039138272E2,-3.945764857E0,1.025229743E0,-2.165916266E0,4.616421732E0
5.039238162E2,-3.944864093E0,1.696088396E0,-2.323689348E0,4.882437992E0
5.039338052E2,-3.275114365E0,1.359211006E0,-4.198615419E0,5.495652836E0
5.039437942E2,-2.899918417E0,7.615542305E-1,-5.209650460E0,6.010819378E0
5.039537842E2,-3.360576684E0,3.783633846E-1,-5.070166885E0,6.094524325E0
5.039637732E2,-4.399168191E0,-1.196071351E-1,-4.444813603E0,6.254866474E0
5.039737622E2,-5.114754243E0,-1.565856870E0,-3.013690615E0,6.139621310E0
5.039837512E2,-4.750066034E0,-3.561275929E0,-3.342502356E0,6.813085613E0
5.039937412E2,-4.420837095E0,-4.342958615E0,-3.998636550E0,7.375241312E0
5.040037302E2,-4.600945956E0,-3.853054914E0,-4.329219997E0,7.399789297E0
5.040137192E2,-4.751777807E0,-3.201761044E0,-4.177195021E0,7.090812672E0
5.040237082E2,-4.467580907E0,-3.314271414E0,-3.115170797E0,6.375575524E0
5.040336982E2,-4.004712100E0,-4.527165204E0,-2.080545164E0,6.392308813E0
5.040436872E2,-3.028511260E0,-6.084125535E0,-1.389680847E0,6.936834785E0
5.040536762E2,-2.013795981E0,-7.573870368E0,-6.262429360E-1,7.862001451E0
5.040636652E2,-1.341747127E0,-8.140128765E0,-1.013553438E-1,8.250591165E0
5.040736542E2,-9.680387110E-1,-7.565636904E0,4.764410716E-1,7.642182725E0
5.040836442E2,-2.450538844E-1,-6.751875224E0,1.840887967E0,7.002623719E0
5.040936332E2,-1.362927496E-2,-5.557086752E0,2.630697405E0,6.148330486E0
5.041036222E2,3.403930280E-1,-4.901536109E0,3.965262982E0,6.313812966E0
5.041136112E2,-6.399429622E-1,-7.657874976E0,7.528852655E0,1.075807596E1
5.041236012E2,-3.233139542E0,-1.312348379E1,1.139052695E1,1.767549497E1
5.041335902E2,-4.278413540E-1,-1.287819427E1,1.148931449E1,1.726369842E1
5.041435792E2,8.450434653E0,-6.374381320E0,1.020931454E1,1.470621251E1
5.041535682E2,1.247375522E1,-2.851479498E0,1.727497592E0,1.291161309E1
5.041635582E2,1.068611171E1,-3.860501343E-1,-1.018158822E1,1.476505187E1
5.041735472E2,7.043603922E0,2.312570282E0,-1.176137491E1,1.390288737E1
5.041835362E2,3.185828843E0,5.233869628E0,-8.783884404E0,1.070978627E1
5.041935252E2,1.183029136E-1,9.258033952E0,-6.209648883E0,1.114831501E1
5.042035152E2,-5.938739195E-2,1.180379295E1,-4.205455492E0,1.253071868E1
5.042135042E2,1.213650274E0,1.135371405E1,-2.907756025E-1,1.142209789E1
5.042234932E2,2.671243460E0,5.943387732E0,5.931510283E0,8.811481918E0
5.042334822E2,4.222622917E0,1.948187006E-1,4.379152587E0,6.086499487E0
5.042434722E2,5.367686082E0,-2.902349689E0,-3.166631265E0,6.874826627E0
5.042534618E2,3.111355197E0,-4.453351123E0,-6.073757837E0,8.148828237E0
5.042634508E2,-1.518691182E0,-3.938382747E0,-5.514790333E0,6.944796180E0
5.042734398E2,-4.804196926E0,-2.404638201E0,-4.114960474E0,6.767236709E0
5.042834298E2,-4.382080873E0,-2.695955840E0,-1.863521077E0,5.472067386E0
5.042934188E2,-8.387748992E-1,-5.425478792E0,-4.474429750E-1,5.508136587E0
5.043034078E2,2.392345600E0,-9.241738932E0,4.834185541E-1,9.558595579E0
5.043133968E2,3.301708378E0,-1.068929493E1,-6.887084484E-1,1.120877441E1
5.043233868E2,1.570312448E0,-7.063746411E0,-1.671323099E0,7.426689400E0
5.043333758E2,1.151781616E-1,-1.806175094E0,5.473227739E-2,1.810671175E0
5.043433648E2,1.725405166E-1,3.953723502E-1,2.052564483E0,2.097405655E0
5.043533538E2,1.968120456E0,-5.883754903E-1,4.334891796E-1,2.099427712E0
5.043633438E2,2.364169329E0,-1.859045618E0,-3.224919819E0,4.409700111E0
5.043733328E2,1.392267363E0,-1.480579323E0,-3.234541705E0,3.820050206E0
5.043833218E2,3.739209625E-1,-1.584794247E0,-4.575668442E-1,1.691377282E0
5.043933108E2,-3.385175335E-1,-3.029195677E0,6.667781737E-1,3.120130398E0
5.044032998E2,-3.385742515E-1,-4.849056180E0,5.443974119E-1,4.891252079E0
5.044132898E2,8.131336892E-1,-5.652558335E0,5.639370525E-1,5.738521336E0
5.044232788E2,2.119032999E0,-4.594286562E0,3.384345031E-1,5.070730497E0
5.044332678E2,3.123438760E0,-2.591777169E0,2.802874517E-1,4.068382926E0
5.044432568E2,3.998604391E0,-1.094237997E0,5.647971779E-2,4.146008180E0
5.044532468E2,4.682563438E0,-4.037052172E-1,4.996045241E-1,4.726413327E0
5.044632358E2,5.081309924E0,-1.521036208E-1,-6.361104047E-1,5.123229695E0
5.044732248E2,5.772171317E0,-5.537196279E-2,-1.670381697E0,6.009259753E0
5.044832138E2,6.466879594E0,-2.490428549E-1,-1.919173414E0,6.750243004E0
5.044932038E2,6.282444963E0,-7.761570668E-1,-1.031556430E0,6.413707444E0
5.045031928E2,5.965770873E0,-1.168899924E0,-4.877364305E-1,6.098740523E0
5.045131818E2,4.942606952E0,-7.422923326E-1,-8.953771162E-1,5.077603920E0
5.045231708E2,3.117322865E0,-7.527237654E-2,-5.872349909E-1,3.173044706E0
5.045331608E2,-1.688173751E-1,5.431127787E-1,2.118650883E-2,5.691394070E-1
5.045431498E2,-3.473419175E0,1.333803685E0,9.986070773E-1,3.852387459E0
5.045531388E2,-6.050184202E0,1.435638793E0,2.261942750E0,6.616809853E0
5.045631278E2,-7.408590631E0,9.135637110E-1,2.790941520E0,7.969389460E0
5.045731178E2,-6.492966946E0,1.072503312E0,3.115063208E0,7.280968473E0
5.045831068E2,-4.070624546E0,3.067116040E-1,2.574079109E0,4.825965132E0
5.045930958E2,-4.029718302E-1,-5.559292907E-1,1.291111701E0,1.462331391E0
5.046030848E2,2.422022558E0,-2.506631184E-1,-4.951656103E-2,2.435462412E0
5.046130748E2,4.253117900E0,8.873933280E-1,-1.982619797E-1,4.349228277E0
5.046230638E2,4.397597921E0,2.127989472E0,6.261863641E-1,4.925374710E0
5.046330528E2,3.645033785E0,2.981174834E0,1.432769418E0,4.922042552E0
5.046430418E2,2.680913878E0,2.723751165E0,2.247013785E0,4.433417483E0
5.046530318E2,1.926407004E0,1.573882758E0,3.135643653E0,4.002550687E0
5.046630208E2,1.193195690E0,4.171017730E-1,3.072642828E0,3.322472542E0
5.046730098E2,9.340546936E-2,4.592005563E-1,2.906983607E0,2.944510728E0
5.046829988E2,-8.979764959E-1,2.823980042E0,3.045459123E0,4.249240677E0
5.046929888E2,-6.287616241E-1,4.793279589E0,3.680995916E0,6.076232495E0
5.047029778E2,-1.363903981E-1,4.065628100E0,3.594892157E0,5.428736852E0
5.047129668E2,1.415128514E-1,3.300479586E0,2.531293570E0,4.161807122E0
5.047229558E2,-1.002888701E0,3.017096618E0,1.821966670E0,3.664453615E0
5.047329458E2,-2.122199266E0,3.230390766E0,2.524486826E0,4.616512533E0
5.047429348E2,-1.653461024E0,3.130837827E0,2.546318575E0,4.361171533E0
5.047529238E2,-1.668835985E0,2.781851438E0,2.073237898E0,3.849938487E0
5.047629128E2,-2.438371958E0,1.965264384E0,2.461297136E0,3.983202919E0
5.047729028E2,-2.246518088E0,1.043776526E0,1.930122033E0,3.140331832E0
5.047828918E2,-2.244717730E0,6.790523565E-1,6.940947573E-1,2.445738605E0
5.047928808E2,-3.186172075E0,1.340251994E-1,9.716916128E-1,3.333742617E0
5.048028698E2,-3.083182142E0,-9.253113520E-1,1.970086144E0,3.774049898E0
5.048128598E2,-2.223022806E0,-1.690178615E0,2.068039724E0,3.474956466E0
5.048228488E2,-1.046840759E0,-2.051563439E0,1.937032857E0,3.009465801E0
5.048328378E2,6.695222721E-1,-2.625155999E0,1.443623750E0,3.069813288E0
5.048428268E2,1.832226779E0,-3.032443805E0,4.631988093E-1,3.573139171E0
5.048528168E2,2.102776862E0,-3.049242856E0,3.710928105E-1,3.722534406E0
5.048628058E2,2.219777893E0,-2.798758662E0,5.231888299E-1,3.610289531E0
5.048727948E2,2.608332683E0,-2.560746580E0,7.164890085E-1,3.724805891E0
5.048827838E2,2.458193434E0,-2.621990901E0,5.801677537E-1,3.640624379E0
5.048927738E2,2.271050666E0,-2.767745615E0,3.237018585E-3,3.580237059E0
5.049027628E2,2.025864927E0,-2.631299669E0,-7.952295148E-1,3.414711793E0
5.049127518E2,1.489371781E0,-1.475832553E0,-1.426691529E0,2.536091234E0
5.049227408E2,1.251436881E0,-5.222966909E-2,-2.031563623E0,2.386644708E0
5.049327308E2,1.167250425E0,4.766615117E-1,-3.400795587E0,3.626994676E0
5.049427198E2,1.038331599E0,7.387144214E-1,-4.067964063E0,4.262882020E0
5.049527088E2,7.358717975E-1,8.259390914E-1,-3.400476622E0,3.575880862E0
5.049626978E2,4.223207054E-1,2.594666862E-1,-2.959866410E0,3.001080956E0
5.049726878E2,-1.143048799E-1,-1.110699663E0,-3.320425023E0,3.503133124E0
5.049826768E2,-1.377256098E0,-1.953852373E0,-3.170499198E0,3.970697498E0
5.049926658E2,-2.234055917E0,-2.144861028E0,-1.938591871E0,3.653706763E0
5.050026548E2,-2.008984307E0,-1.977197966E0,-5.944520630E-1,2.880746952E0
5.050126448E2,-1.368134881E0,-1.577543115E0,3.751792833E-2,2.088502556E0
5.050226338E2,-9.033246517E-1,-1.185845740E0,5.466912746E-1,1.587796238E0
5.050326228E2,-6.898020239E-1,-1.060435243E0,8.651889651E-1,1.532612698E0
5.050426118E2,-4.175414836E-1,-1.152130694E0,7.448820645E-1,1.434083442E0
5.050526018E2,-2.626168737E-1,-1.168902848E0,8.186797732E-1,1.451047229E0
5.050625908E2,2.753117636E-2,-1.040159438E0,9.526945938E-1,1.410785814E0
5.050725798E2,4.027152836E-1,-5.457066035E-1,1.323367867E0,1.487036586E0
5.050825688E2,9.430684689E-1,1.301403093E-1,1.540990416E0,1.811343727E0
5.050925588E2,1.020917275E0,1.025374753E0,1.370886434E0,1.993237337E0
5.051025478E2,1.994317152E-1,1.675338966E0,1.389768848E0,2.185861640E0
5.051125368E2,-9.504850772E-1,1.728468522E0,1.605051341E0,2.543071985E0
5.051225258E2,-1.841725142E0,1.351090978E0,2.327410808E0,3.261018154E0
5.051325158E2,-2.281759110E0,7.190812254E-1,2.948068191E0,3.796657544E0
5.051425048E2,-2.453850999E0,1.813736129E-1,3.121656529E0,3.974798183E0
5.051524938E2,-2.184025386E0,-1.633472317E-1,3.575685807E0,4.193110802E0
5.051624828E2,-1.096863470E0,-2.142893440E-1,3.662141861E0,3.828878740E0
5.051724728E2,1.590720400E-1,-1.088622916E-1,3.046450226E0,3.052542201E0
5.051824618E2,1.243781122E0,3.726278508E-1,2.465188458E0,2.786215557E0
5.051924508E2,1.618906026E0,6.765871704E-1,1.774026810E0,2.495154914E0
5.052024398E2,1.784172606E0,1.251570783E0,1.063898257E0,2.425197067E0
5.052124298E2,2.397175984E0,1.938254925E0,1.016058969E0,3.245868248E0
5.052224188E2,3.111352273E0,1.987150512E0,5.921878749E-1,3.738979353E0
5.052324078E2,3.501143748E0,1.127243190E0,-3.989540622E-1,3.699709326E0
5.052423968E2,3.819212691E0,5.381584328E-1,-1.461188494E0,4.124448072E0
5.052523862E2,4.130916356E0,7.660466462E-1,-2.476822955E0,4.877084104E0
5.052623752E2,4.338336976E0,7.381875873E-1,-2.838221228E0,5.236562648E0
5.052723642E2,4.592244714E0,3.478970522E-1,-3.038012109E0,5.517178758E0
5.052823532E2,5.011885348E0,8.382860720E-2,-3.503913282E0,6.115834388E0
5.052923432E2,5.435509690E0,3.293385744E-2,-4.039428773E0,6.772210499E0
5.053023322E2,5.660008857E0,3.521661043E-2,-4.750191750E0,7.389266684E0
5.053123212E2,5.273450600E0,9.605864346E-2,-5.785218794E0,7.828618332E0
5.053223102E2,3.786233518E0,-4.318168759E-2,-5.872620635E0,6.987496121E0
5.053323002E2,1.663425118E0,-2.340839231E-1,-4.788155090E0,5.074269166E0
5.053422892E2,-5.420725590E-1,-3.256413800E-1,-2.852654788E0,2.921904226E0
5.053522782E2,-2.278727475E0,-1.396402806E-1,-7.765271956E-1,2.411450352E0
5.053622672E2,-2.877578545E0,4.709230542E-2,1.109434033E0,3.084399429E0
5.053722562E2,-2.275544105E0,-6.320430815E-2,2.064987477E0,3.073478329E0
5.053822462E2,-9.081760865E-1,-4.216544151E-1,1.722828298E0,1.992664948E0
5.053922352E2,6.344062337E-1,-6.196896690E-1,5.544794735E-1,1.045913018E0
5.054022242E2,2.144261103E0,-2.910042286E-1,-1.077664064E0,2.417415764E0
5.054122132E2,3.542634129E0,1.056796521E-1,-2.335541946E0,4.244547201E0
5.054222032E2,4.070946143E0,-1.393894351E-1,-4.000460297E0,5.709265671E0
5.054321922E2,3.296741754E0,-7.096063972E-1,-6.363022519E0,7.201395907E0
5.054421812E2,2.503826274E0,-1.094843184E0,-6.704046169E0,7.239617576E0
5.054521702E2,3.631404218E0,1.260139292E-1,-4.147046485E0,5.513707523E0
5.054621602E2,4.166453978E0,1.663411231E0,-1.940566329E0,4.887951857E0
5.054721492E2,3.691182058E0,1.126217589E0,-1.373936049E0,4.096448621E0
5.054821382E2,4.395631211E0,2.518436712E-1,-1.767487577E-1,4.406386172E0
5.054921272E2,4.684251822E0,1.025301079E0,8.938316971E-2,4.795982358E0
5.055021172E2,3.025099702E0,1.398125396E0,8.259019616E-1,3.433379805E0
5.055121062E2,4.793062073E-1,2.008039105E-1,1.350050173E0,1.446614020E0
5.055220952E2,-8.657950290E-1,-8.612515962E-1,2.828971226E0,3.081303870E0
5.055320842E2,-6.141130333E-1,-2.469016045E0,4.461721997E0,5.136159871E0
5.055420742E2,4.936789557E-2,-4.973147544E0,6.349121933E0,8.065108989E0
5.055520632E2,7.198375627E-1,-7.714775401E0,8.122253827E0,1.122528097E1
5.055620522E2,7.391069157E-1,-9.636735891E0,7.629540539E0,1.231352291E1
5.055720412E2,-9.857817214E-2,-1.011144736E1,6.048571540E0,1.178288178E1
5.055820312E2,-1.537151317E-1,-7.479867606E0,4.384941038E0,8.671779267E0
5.055920202E2,-4.100283962E-1,-3.803232543E0,2.351265986E0,4.490117237E0
5.056020092E2,-3.335123900E-3,-1.690556345E0,1.506321105E0,2.264286896E0
5.056119982E2,1.171073042E0,-2.114604025E0,1.867481981E0,3.054578728E0
5.056219882E2,2.821103797E0,-4.083157468E0,2.441007882E0,5.530761342E0
5.056319772E2,2.853748217E0,-6.658957120E0,3.130710942E0,7.892207537E0
5.056419662E2,-7.117143184E-1,-7.331533685E0,3.963259141E0,8.364529064E0
5.056519552E2,-3.928531651E0,-7.884788459E0,3.816815625E0,9.600590164E0
5.056619452E2,-5.228101349E0,-8.360926060E0,2.210068592E0,1.010556933E1
5.056719342E2,-6.558206670E0,-6.999058079E0,2.012992866E0,9.800460653E0
5.056819232E2,-8.164805769E0,-5.566269220E0,3.506862325E0,1.048548948E1
5.056919122E2,-8.523467546E0,-3.711425995E0,4.196309277E0,1.019966634E1
5.057019022E2,-8.406334367E0,-2.512923372E0,4.588844558E0,9.901451194E0
5.057118912E2,-5.960183274E0,-3.097616871E0,3.882176971E0,7.758241616E0
5.057218802E2,-3.423782746E0,-3.136490915E0,2.844904888E0,5.445488718E0
5.057318692E2,-1.365349998E0,-2.445213200E0,1.343918783E0,3.106342851E0
5.057418592E2,1.344911640E0,-2.574862343E0,-7.617337400E-1,3.003155290E0
5.057518482E2,2.797226984E0,-2.733149394E0,-1.848687276E0,4.325763407E0
5.057618372E2,2.765388310E0,-2.053726909E0,-1.561997123E0,3.782195359E0
5.057718262E2,2.574350712E0,-1.534337746E0,-4.908965582E-1,3.036849245E0
5.057818162E2,2.258361331E0,-2.691110837E0,-1.762035048E-1,3.517573185E0
5.057918052E2,2.554975378E0,-3.419991996E0,-5.492535245E-1,4.304175167E0
5.058017942E2,4.476084220E0,2.407819086E-1,-1.588769184E0,4.755785255E0
5.058117832E2,4.560468605E0,9.975937548E-1,-3.089433108E0,5.598005370E0
5.058217732E2,2.696849880E0,-2.303661757E0,-4.033112319E0,5.370833430E0
5.058317622E2,1.345020252E0,-1.720128638E0,-4.546544631E0,5.043707970E0
5.058417512E2,-3.234836112E-1,-1.159065785E0,-5.041588034E0,5.183211846E0
5.058517412E2,-1.606120212E0,-1.171063102E0,-4.924798672E0,5.310805295E0
5.058617302E2,-2.554079584E0,-4.814942354E-1,-4.996621776E0,5.632174393E0
5.058717192E2,-2.464849904E0,1.968000734E0,-5.810351881E0,6.611255624E0
5.058817082E2,-1.930049820E0,3.580941870E0,-6.808745243E0,7.931409002E0
5.058916982E2,-2.131183513E0,2.847307217E0,-7.400057790E0,8.210356682E0
5.059016872E2,-2.180427886E0,1.166177241E0,-7.522442352E0,7.918419922E0
5.059116762E2,-2.109651726E0,6.444628599E-1,-7.444381438E0,7.764327259E0
5.059216652E2,-2.227975105E0,2.982973510E-1,-7.225956359E0,7.567516084E0
5.059316552E2,-2.607357367E0,-2.381326997E-1,-7.391514423E0,7.841524411E0
5.059416442E2,-2.492970041E0,-3.418803952E-2,-8.083949302E0,8.459687037E0
5.059516332E2,-2.477275530E0,-3.795540604E-1,-8.210272549E0,8.584260636E0
5.059616222E2,-2.292329853E0,-6.031653645E-1,-7.966152465E0,8.311327794E0
5.059716122E2,-1.710325635E0,7.881100181E-2,-7.708046426E0,7.895910628E0
5.059816012E2,-2.160075483E0,-1.115652949E-1,-7.174390349E0,7.493347035E0
5.059915902E2,-2.758877728E0,-1.094993896E0,-6.361684091E0,7.020074246E0
5.060015792E2,-2.806942425E0,-1.863702633E0,-6.065354218E0,6.938359682E0
5.060115692E2,-2.636767400E0,-2.024660693E0,-6.283378764E0,7.108631509E0
5.060215582E2,-3.071014963E0,-1.292651273E0,-5.579618998E0,6.498786685E0
5.060315472E2,-3.482396405E0,2.027028669E-2,-4.304666954E0,5.536935361E0
5.060415362E2,-3.264375661E0,9.970859972E-1,-3.966593224E0,5.232990612E0
5.060515262E2,-3.088793423E0,1.498978610E0,-3.158972290E0,4.665478283E0
5.060615152E2,-2.895937340E0,1.898521048E0,-1.453619565E0,3.755508632E0
5.060715042E2,-1.614307922E0,2.143391330E0,-1.794153804E-1,2.689294766E0
5.060814932E2,5.190329213E-1,1.590883830E0,-4.801189703E-1,1.740925260E0
5.060914832E2,1.961456969E0,9.068585627E-2,-1.434164125E-1,1.968782780E0
5.061014722E2,7.997638844E-1,-9.036539961E-1,1.379010848E0,1.832452928E0
5.061114612E2,-2.025192789E0,-1.456269670E0,2.047677380E0,3.227244930E0
5.061214502E2,-4.691336893E0,-2.095485384E0,2.296006290E0,5.627730068E0
5.061314402E2,-4.594513141E0,-2.346757490E0,2.358856257E0,5.672832147E0
5.061414292E2,-1.297179649E0,-2.006812067E0,1.695165705E0,2.929770722E0
5.061514182E2,1.733909502E0,-7.714247690E-1,1.691736313E0,2.542343425E0
5.061614072E2,1.612889680E0,4.367446169E-2,2.697624636E0,3.143326145E0
5.061713972E2,5.557207461E-2,2.589439452E-1,3.449932664E0,3.460083179E0
5.061813862E2,-1.472479029E0,2.611392823E-1,3.927961255E0,4.203006999E0
5.061913752E2,-2.538456994E0,5.390113223E-1,4.290659949E0,5.014385297E0
5.062013652E2,-2.056880166E0,5.137593175E-1,4.309820105E0,4.803046324E0
5.062113542E2,-3.954623973E-1,2.853546488E-1,3.836527759E0,3.867397449E0
5.062213432E2,1.038852366E0,5.214332034E-1,3.344218513E0,3.540466677E0
5.062313322E2,1.544206238E0,1.092004799E0,2.984923484E0,3.533668857E0
5.062413222E2,1.063760409E0,1.579424749E0,3.065248439E0,3.608589300E0
5.062513117E2,2.278288642E-1,1.828052744E0,3.445774124E0,3.907306251E0
5.062613007E2,-1.388340957E-1,1.794843044E0,3.320887538E0,3.777437028E0
5.062712897E2,6.110505541E-1,1.435957758E0,2.732051872E0,3.146341509E0
5.062812797E2,1.491908011E0,1.115424798E0,1.961146774E0,2.704821373E0
5.062912687E2,1.948084095E0,1.091498869E0,1.122671252E0,2.499358350E0
5.063012577E2,1.761676760E0,1.329396931E0,3.648756123E-1,2.236947791E0
5.063112467E2,1.244946180E0,1.548884595E0,-1.469259113E-1,1.992616798E0
5.063212367E2,7.541320673E-1,1.480192675E0,-7.405036694E-1,1.818799389E0
5.063312257E2,6.358649679E-2,1.221372764E0,-1.455348002E0,1.901008280E0
5.063412147E2,-7.657710962E-1,1.014045700E0,-2.173473208E0,2.517673497E0
5.063512037E2,-1.359704219E0,8.673809400E-1,-2.932014953E0,3.346319910E0
5.063611937E2,-1.671345464E0,6.328019039E-1,-3.444424587E0,3.880450315E0
5.063711827E2,-1.852160960E0,4.314176573E-1,-4.042342148E0,4.467342774E0
5.063811717E2,-2.173481394E0,4.788008617E-1,-4.533556210E0,5.050386475E0
5.063911607E2,-2.456927804E0,7.123534191E-1,-4.772578107E0,5.414927831E0
5.064011507E2,-2.525067162E0,5.628842613E-1,-4.554627821E0,5.238075740E0
5.064111397E2,-2.363531252E0,-1.600610965E-1,-3.539147726E0,4.258810416E0
5.064211287E2,-3.371874966E0,-5.568665993E-1,-2.539098433E0,4.257541785E0
5.064311177E2,-4.991101420E0,2.336108834E-2,-2.524795559E0,5.593409670E0
5.064411077E2,-5.062800563E0,4.047933841E-1,-2.772179559E0,5.786258440E0
5.064510967E2,-4.733896729E0,7.132234848E-1,-3.448792457E0,5.900223334E0
5.064610857E2,-4.185362412E0,1.200050088E0,-4.142279250E0,6.009646921E0
5.064710747E2,-3.243511918E0,1.512563007E0,-5.315873319E0,6.408332510E0
5.064810647E2,-3.033058348E0,2.095901121E0,-6.327793044E0,7.323469756E0
5.064910537E2,-3.535714534E0,3.179507126E0,-6.876898050E0,8.360757718E0
5.065010427E2,-3.531815610E0,3.949517600E0,-7.090464678E0,8.851389728E0
5.065110317E2,-3.159373409E0,4.061309931E0,-6.723288771E0,8.466315054E0
5.065210217E2,-2.724431781E0,3.359264569E0,-5.297210761E0,6.838686191E0
5.065310107E2,-2.370459033E0,2.472877547E0,-3.224827141E0,4.704647646E0
5.065409997E2,-1.884270214E0,1.037773190E0,-1.045916022E0,2.391942256E0
5.065509897E2,-8.060527110E-1,-9.301095772E-1,-2.409813572E0,2.705924287E0
5.065609787E2,-1.037103537E0,-2.394554678E0,-2.870539666E0,3.879365132E0
5.065709677E2,-1.713435038E0,-3.015451212E0,-2.870370682E0,4.501981063E0
5.065809567E2,-1.675858930E0,-2.310263556E0,-4.414812124E0,5.257032142E0
5.065909467E2,-8.766938004E-1,-1.223070284E0,-5.997427114E0,6.183334451E0
5.066009357E2,-2.431623101E-2,1.424732566E-2,-6.445120350E0,6.445181967E0
5.066109247E2,5.588227853E-2,1.094357865E0,-6.318642737E0,6.412954701E0
5.066209137E2,-1.853666764E-1,1.328753445E0,-4.799989854E0,4.983959181E0
5.066309027E2,-1.071012564E0,7.044140697E-3,-1.304194554E0,1.687613986E0
5.066408927E2,-2.304872423E0,-2.934353254E0,2.828853697E0,4.682443715E0
5.066508817E2,-3.654050484E0,-7.514877225E0,4.555680905E0,9.517336452E0
5.066608707E2,-4.458996317E0,-1.242089873E1,5.103997121E0,1.414963463E1
5.066708607E2,-4.491041982E0,-1.595948864E1,5.941682099E0,1.761188013E1
5.066808497E2,-5.166719618E0,-1.744620403E1,7.537867892E0,1.969478304E1
5.066908387E2,-2.618474093E0,-1.566798622E1,9.820206900E0,1.867561679E1
5.067008277E2,2.369496435E0,-1.036384827E1,8.721082385E0,1.375067788E1
5.067108167E2,4.928119891E0,-6.166116362E0,4.181382797E0,8.932598656E0
5.067208067E2,6.149181072E0,-3.011771559E0,2.617293541E0,7.330308401E0
5.067307957E2,6.148280600E0,-7.946629196E-1,2.842363396E0,6.819961376E0
5.067407847E2,5.505716624E0,-1.314816606E-1,4.812759881E0,7.313881366E0
5.067507747E2,4.197893872E0,-1.864039725E-1,6.025392593E0,7.345911468E0
5.067607637E2,3.370088934E0,1.404888870E0,5.595990617E0,6.681790415E0
5.067707527E2,3.552702157E0,3.169014298E0,3.933681878E0,6.175613116E0
5.067807417E2,3.474299766E0,3.939736962E0,2.135098516E0,5.670179174E0
5.067907317E2,3.016128904E0,4.171618239E0,9.824494663E-1,5.240671642E0
5.068007207E2,2.951733518E0,2.834570519E0,6.542163080E-1,4.144335866E0
5.068107097E2,3.214344837E0,-9.944359660E-2,-5.934280694E-2,3.216430215E0
5.068206987E2,3.927765665E0,-2.723029034E0,-1.569323684E0,5.030408240E0
5.068306887E2,4.606041804E0,-4.452670507E0,-3.352687036E0,7.230657377E0
5.068406777E2,4.621714388E0,-5.313546127E0,-5.011297703E0,8.643328121E0
5.068506667E2,3.594178504E0,-5.686550539E0,-5.814746064E0,8.891920374E0
5.068606557E2,2.102942192E0,-4.905876498E0,-5.117070326E0,7.394213872E0
5.068706457E2,7.832112940E-1,-3.530812520E0,-3.846324476E0,5.279608789E0
5.068806347E2,-2.193511324E-1,-2.067469035E0,-2.645150845E0,3.364426567E0
5.068906237E2,-6.127670042E-1,-1.053415661E0,-8.730264267E-1,1.499114104E0
5.069006127E2,-7.787269181E-1,-5.000269854E-1,8.303347358E-1,1.243341615E0
5.069106027E2,-9.972839986E-1,-1.851532531E-1,1.553552282E0,1.855365676E0
5.069205917E2,-1.132826258E0,1.854637402E-1,1.556211011E0,1.933774764E0
5.069305807E2,-9.324567957E-1,6.637420070E-1,1.167265335E0,1.634789739E0
5.069405697E2,-6.317207538E-1,5.144339401E-1,5.813427517E-1,1.000836043E0
5.069505597E2,-1.665415657E-1,1.703048337E-1,-1.485520220E-1,2.807267937E-1
5.069605487E2,3.817252412E-1,-1.371370876E-1,-9.478380427E-1,1.030978999E0
5.069705377E2,8.224013798E-1,-6.516780317E-1,-1.448105056E0,1.788305494E0
5.069805267E2,1.168942024E0,-1.088590756E0,-1.561787792E0,2.233973231E0
5.069905167E2,1.618401850E0,-1.124436527E0,-1.867645118E0,2.715083855E0
5.070005057E2,2.085732229E0,-9.558145219E-1,-2.230818898E0,3.200064576E0
5.070104947E2,2.629741678E0,-8.036939442E-1,-2.295832920E0,3.582221942E0
5.070204837E2,3.037695190E0,-6.691851801E-1,-2.294693005E0,3.865361155E0
5.070304737E2,3.023086506E0,-6.056809098E-1,-1.838528908E0,3.589720035E0
5.070404627E2,2.745851301E0,-5.200536990E-1,-1.080505519E0,2.996272249E0
5.070504517E2,1.933190798E0,-3.844930208E-1,-3.725211391E-1,2.005949536E0
5.070604407E2,5.855441223E-1,-3.489080358E-1,4.942344412E-2,6.834042826E-1
5.070704307E2,-6.936794588E-1,-3.005030304E-1,3.341888398E-1,8.265442780E-1
5.070804197E2,-1.515988160E0,-7.254815876E-2,-1.930399776E-2,1.517845836E0
5.070904087E2,-2.170006394E0,1.174167681E-1,-3.422566818E-1,2.199966837E0
5.071003977E2,-2.664110734E0,4.227805889E-1,-5.724554224E-1,2.757523280E0
5.071103877E2,-3.287395564E0,3.859975094E-1,-8.482943125E-1,3.416952869E0
5.071203767E2,-3.456207896E0,4.261643726E-1,-6.887552261E-1,3.549841243E0
5.071303657E2,-3.009944304E0,2.183935046E-2,-8.107066561E-1,3.117288398E0
5.071403547E2,-2.042823314E0,-4.913736910E-1,-1.218957353E0,2.429080530E0
5.071503447E2,-1.041956872E0,-6.953169715E-1,-1.393946391E0,1.874093476E0
5.071603337E2,-2.526280752E-1,-7.485599631E-1,-1.534043924E0,1.725529983E0
5.071703227E2,2.013263592E-1,-7.381279457E-1,-1.452292832E0,1.641499204E0
5.071803117E2,5.264540613E-1,-4.559138364E-1,-1.434399183E0,1.594525735E0
5.071903017E2,8.158470896E-1,-1.022970378E-1,-1.233668362E0,1.482568307E0
5.072002907E2,1.352310707E0,2.548526484E-1,-8.183682628E-1,1.601068623E0
5.072102797E2,1.498589039E0,3.205928940E-1,8.461944312E-3,1.532520968E0
5.072202687E2,1.697611595E0,5.793204921E-1,1.487369548E0,2.330185729E0
5.072302587E2,2.350890010E0,3.235042226E-1,2.475997621E0,3.429563097E0
5.072402477E2,3.038462344E0,-5.158735245E-1,3.201774785E0,4.444068034E0
5.072502367E2,3.164458732E0,-4.693460602E-1,4.273220628E0,5.338023916E0
5.072602257E2,3.508981648E0,2.167194468E-1,4.655492876E0,5.833826656E0
5.072702157E2,3.373544931E0,9.550116992E-1,3.123146399E0,4.695412248E0
5.072802047E2,2.298279980E0,2.158230686E0,1.927327648E0,3.695218860E0
5.072901937E2,1.231897826E0,2.874359068E0,2.190132510E0,3.817878038E0
5.073001827E2,6.193262646E-1,3.771288620E0,1.802662087E0,4.225609243E0
5.073101727E2,1.313471162E0,3.521441188E0,8.753954262E-1,3.859024706E0
5.073201617E2,1.382568732E0,3.608206267E0,4.403769804E-1,3.889033382E0
5.073301507E2,-4.905265025E-1,3.256123193E0,3.918393894E-1,3.316095988E0
5.073401397E2,-2.010566856E0,2.665157386E0,2.227566969E-1,3.345902497E0
5.073501297E2,-2.680488201E0,2.014756386E0,6.408735466E-1,3.413938956E0
5.073601187E2,-3.839525042E0,1.081287584E0,1.244972785E0,4.178647223E0
5.073701077E2,-4.991611297E0,3.140539527E-3,1.792682644E0,5.303763217E0
5.073800967E2,-4.381628006E0,-9.339166993E-1,1.691095604E0,4.788597783E0
5.073900867E2,-3.014213941E0,-1.427930993E0,9.229582863E-1,3.460682678E0
5.074000757E2,-2.507245434E0,-1.533299573E0,-3.286895335E-2,2.939110004E0
5.074100647E2,-2.805068977E0,-1.689315566E0,2.009965762E-2,3.274538600E0
5.074200537E2,-3.087432191E0,-1.917880302E0,5.402893044E-1,3.674563228E0
5.074300437E2,-3.001759372E0,-2.010586152E0,2.621265846E-1,3.622392351E0
5.074400327E2,-2.658774565E0,-1.768508500E0,-3.522538126E-1,3.212598209E0
5.074500217E2,-1.850502836E0,-1.157722387E0,-3.508937502E-1,2.210838822E0
5.074600107E2,-1.122481803E0,-8.337661743E-1,1.044885743E-1,1.402158797E0
5.074700007E2,-3.267453343E-1,-9.224485552E-1,5.711688888E-1,1.133096532E0
5.074799897E2,1.287181349E0,-1.464769621E0,3.200517341E-1,1.976061482E0
5.074899787E2,2.557604871E0,-2.268312707E0,-5.052657983E-1,3.455702351E0
5.074999687E2,3.003484885E0,-2.656790605E0,-5.511281419E-1,4.047616583E0
5.075099577E2,2.926558916E0,-2.335906520E0,6.914917231E-2,3.745128565E0
5.075199467E2,2.866703308E0,-1.942678928E0,1.364833689E-1,3.465633706E0
5.075299357E2,2.632708848E0,-1.511112313E0,-6.275895497E-1,3.099755626E0
5.075399257E2,2.465441058E0,-4.792910045E-1,-1.014004550E0,2.708565064E0
5.075499147E2,2.414348087E0,6.651517707E-1,-1.300673507E0,2.821924013E0
5.075599037E2,1.873798728E0,1.514275657E0,-1.865219693E0,3.046833921E0
5.075698927E2,1.119748814E0,1.845577726E0,-2.143732515E0,3.042299072E0
5.075798827E2,6.811959457E-1,1.668055674E0,-2.421228506E0,3.018076395E0
5.075898717E2,7.328517106E-1,8.518972206E-1,-3.715900869E0,3.882102494E0
5.075998607E2,8.302721706E-1,-3.763139355E-1,-5.289968399E0,5.367935331E0
5.076098497E2,4.173889444E-1,-1.565404880E0,-4.920727841E0,5.180566422E0
5.076198397E2,-2.749246779E-1,-2.726248510E0,-3.285748696E0,4.278336010E0
5.076298287E2,-1.449522421E0,-2.863141769E0,-1.296872963E0,3.461296798E0
5.076398177E2,-2.680355469E0,-2.103872631E0,1.033173185E0,3.560622462E0
5.076498067E2,-3.612728211E0,-1.434146583E0,2.161352222E0,4.447474000E0
5.076597967E2,-3.874841055E0,-9.975501931E-1,2.078392804E0,4.508793212E0
5.076697857E2,-3.506146918E0,-4.803341478E-1,2.126715071E0,4.128765445E0
5.076797747E2,-2.819970899E0,9.003601134E-2,2.211350740E0,3.584747474E0
5.076897637E2,-2.224268847E0,5.040568864E-1,1.869039094E0,2.948686553E0
5.076997537E2,-1.795799210E0,6.083548415E-1,1.262399534E0,2.277859302E0
5.077097427E2,-1.478115306E0,7.358340830E-1,8.380311334E-1,1.851640580E0
5.077197317E2,-1.003118204E0,1.038668983E0,4.986908966E-1,1.527668812E0
5.077297207E2,-4.849853155E-1,1.246814073E0,6.843698144E-2,1.339566985E0
5.077397107E2,2.557601362E-1,1.041904247E0,1.372692347E-1,1.081582429E0
5.077496997E2,1.365873616E0,6.806451380E-1,3.517999224E-1,1.566094417E0
5.077596887E2,2.521918437E0,2.897084856E-1,1.299298096E-1,2.541827170E0
5.077696777E2,3.503874398E0,8.834265769E-2,-2.997588260E-1,3.517782764E0
5.077796677E2,4.229940122E0,5.341606915E-2,-7.683492798E-1,4.299489194E0
5.077896567E2,4.573022870E0,1.569281584E-1,-9.590825307E-1,4.675147475E0
5.077996457E2,4.527177775E0,3.529566479E-1,-8.444025519E-1,4.618758781E0
5.078096347E2,4.261455445E0,5.677289718E-1,-4.333722353E-1,4.320894606E0
5.078196247E2,3.832588197E0,5.737317234E-1,-2.046725745E-1,3.880694686E0
5.078296137E2,3.330576082E0,6.237055367E-1,-3.940410854E-1,3.411306790E0
5.078396027E2,2.645588217E0,5.020559692E-1,-6.352836084E-1,2.766727756E0
5.078495917E2,1.806738181E0,1.203637648E-1,-5.158887273E-1,1.882798839E0
5.078595817E2,9.795453005E-1,-4.211942393E-1,-1.723937514E-1,1.080107952E0
5.078695707E2,5.059426135E-1,-8.247848511E-1,2.847930238E-2,9.680181038E-1
5.078795597E2,5.301094481E-1,-9.058564961E-1,-1.584507734E-2,1.049687137E0
5.078895487E2,8.061249241E-1,-8.670035022E-1,-2.757581985E-1,1.215555449E0
5.078995387E2,1.128324779E0,-7.773978460E-1,-6.418558788E-1,1.513090608E0
5.079095277E2,1.510098260E0,-6.150393784E-1,-1.044065671E0,1.936167172E0
5.079195167E2,1.549102404E0,-4.638537705E-1,-1.248108939E0,2.042707640E0
5.079295057E2,1.428083459E0,-4.337142974E-1,-1.067100777E0,1.834730096E0
5.079394957E2,1.397781287E0,-4.679456520E-1,-7.266693033E-1,1.643415327E0
5.079494847E2,1.534767955E0,-4.646454835E-1,-2.832655849E-1,1.628388004E0
5.079594737E2,1.924101740E0,-3.328053886E-1,-3.953302503E-2,1.953071886E0
5.079694637E2,2.250770183E0,-1.606300306E-1,2.351618573E-2,2.256617255E0
5.079794527E2,2.308065003E0,-1.009398991E-1,9.217199922E-2,2.312109123E0
5.079894417E2,2.328753621E0,-6.532801688E-2,1.179415557E-1,2.332653293E0
5.079994307E2,2.166327326E0,-1.126670748E-1,-1.408145477E-1,2.173820758E0
5.080094207E2,1.852972992E0,-1.511347371E-1,-6.847235709E-1,1.981210990E0
5.080194097E2,1.485982442E0,-7.745514214E-2,-1.173481802E0,1.895046875E0
5.080293987E2,1.121065899E0,-1.440520048E-1,-1.500930557E0,1.878917845E0
5.080393877E2,7.732673728E-1,-3.177979249E-1,-1.634289173E0,1.835712138E0
5.080493777E2,4.946215269E-1,-4.410431975E-1,-1.626274541E0,1.756114586E0
5.080593667E2,1.764397323E-1,-4.843494308E-1,-1.744649083E0,1.819210206E0
5.080693557E2,-9.472489357E-2,-3.169494939E-1,-1.884700423E0,1.913511294E0
5.080793447E2,-2.507981890E-1,-3.705497503E-2,-1.797052415E0,1.814847152E0
5.080893347E2,-5.413624147E-1,4.812983537E-1,-1.576104261E0,1.734596787E0
5.080993237E2,-9.599493805E-1,1.207333088E0,-1.117496028E0,1.904718712E0
5.081093127E2,-1.426753948E0,1.914279002E0,-5.226165336E-1,2.444016974E0
5.081193017E2,-1.777732191E0,2.457258464E0,2.409356904E-1,3.042449820E0
5.081292917E2,-2.058444150E0,2.540606430E0,9.299492173E-1,3.399511568E0
5.081392807E2,-2.287486312E0,2.434501686E0,1.521805117E0,3.670869501E0
5.081492697E2,-2.540385990E0,2.234666074E0,2.076604725E0,3.969833828E0
5.081592587E2,-2.873728153E0,1.538470266E0,2.829032037E0,4.316089262E0
5.081692487E2,-2.757603035E0,8.284481317E-1,3.427568234E0,4.476485765E0
5.081792377E2,-2.200808941E0,-2.528885686E-1,3.965549203E0,4.542366466E0
5.081892267E2,-1.408625241E0,-1.497146239E0,4.271190182E0,4.740119988E0
5.081992157E2,-4.169023830E-1,-2.375813182E0,4.234337521E0,4.873182750E0
5.082092057E2,4.682269031E-1,-2.779724806E0,3.877298055E0,4.793698638E0
5.082191947E2,1.439159109E0,-2.689353164E0,3.213001147E0,4.430256850E0
5.082291837E2,2.193254192E0,-2.595166215E0,2.508103513E0,4.223249325E0
5.082391727E2,2.714975079E0,-2.776367335E0,1.872441589E0,4.311072113E0
5.082491624E2,3.117256499E0,-2.828999877E0,1.313493381E0,4.409738456E0
5.082591514E2,2.706548656E0,-2.844021959E0,1.341203921E0,4.148818445E0
5.082691404E2,1.504785772E0,-2.927351798E0,2.367281217E0,4.054354342E0
5.082791294E2,2.658588624E-1,-2.968624370E0,3.192725634E0,4.367712051E0
5.082891194E2,-7.509323247E-1,-2.999863120E0,2.901986869E0,4.240826085E0
5.082991084E2,-1.634671581E0,-3.233382202E0,2.569770588E0,4.441917662E0
5.083090974E2,-1.992516063E0,-3.560222261E0,2.129567343E0,4.602212498E0
5.083190864E2,-1.812142763E0,-3.642880256E0,1.567761308E0,4.360311166E0
5.083290764E2,-1.260405926E0,-3.689048701E0,1.255414450E0,4.095579184E0
5.083390654E2,-3.132967383E-1,-3.972846821E0,8.913279194E-1,4.083642023E0
5.083490544E2,4.195584807E-1,-4.228631516E0,1.343836337E0,4.456820606E0
5.083590434E2,1.128934205E0,-4.449376186E0,2.854969116E0,5.405764473E0
5.083690334E2,8.084076771E-1,-4.482441605E0,4.559255308E0,6.444580256E0
5.083790224E2,-3.254229864E-1,-3.603302207E0,4.211947655E0,5.552494031E0
5.083890114E2,-6.627745852E-1,-2.165845515E0,3.375247348E0,4.064781865E0
5.083990014E2,-6.776481476E-1,-1.371115353E0,4.460647863E-1,1.593153513E0
5.084089904E2,2.975531101E-2,-1.072705625E0,-2.391569674E0,2.621295146E0
5.084189794E2,1.111983419E0,-1.180215456E0,-3.885421007E0,4.210215202E0
5.084289684E2,1.605838815E0,-1.875923606E0,-3.618864571E0,4.381094437E0
5.084389584E2,1.714566182E0,-2.900065182E0,-1.469191285E0,3.675409948E0
5.084489474E2,1.386960722E0,-4.425730045E0,3.672484124E-1,4.652485129E0
5.084589364E2,-4.120757988E-1,-5.486610262E0,7.128036547E-1,5.548043590E0
5.084689254E2,-1.096486544E0,-5.484653783E0,-1.088137597E-1,5.594242603E0
5.084789154E2,-5.475810747E-1,-4.246698242E0,-1.285695133E0,4.470716159E0
5.084889044E2,-7.638600069E-1,-3.911490233E0,-2.667988608E0,4.795977603E0
5.084988934E2,-1.678347943E0,-3.141564544E0,-3.227461311E0,4.806535771E0
5.085088824E2,-2.999114676E0,-2.723968681E0,-2.734256857E0,4.887827204E0
5.085188724E2,-3.941228295E0,-3.012461238E0,-1.856597974E0,5.296712114E0
5.085288614E2,-4.493490796E0,-3.190769448E0,-1.555939407E0,5.726553645E0
5.085388504E2,-4.603533056E0,-3.877909089E0,-2.669797736E0,6.584718327E0
5.085488394E2,-4.160777209E0,-2.749825946E0,-3.478203367E0,6.080420082E0
5.085588294E2,-3.933274035E0,-1.467546464E0,-3.530682127E0,5.485440141E0
5.085688184E2,-3.155559855E0,-7.972001727E-1,-3.171488839E0,4.544384179E0
5.085788074E2,-1.881458580E0,-8.534562345E-1,-3.471458604E0,4.039715184E0
5.085887974E2,-1.367154741E0,-1.132613273E0,-4.089850191E0,4.458564735E0
5.085987864E2,-1.221587065E0,-8.628022778E-1,-4.647355306E0,4.882070674E0
5.086087754E2,-1.174039188E0,-8.982951692E-1,-5.255158170E0,5.459119858E0
5.086187644E2,-7.338077304E-1,-6.794256281E-1,-6.287699856E0,6.366730908E0
5.086287544E2,8.693347871E-2,-1.380864561E-1,-7.255266697E0,7.257101359E0
5.086387434E2,4.223274662E-1,3.077665148E-1,-7.215558840E0,7.234457139E0
5.086487324E2,3.084864167E-1,7.980899727E-1,-6.815161977E0,6.868663935E0
5.086587214E2,4.009402517E-1,9.565432312E-1,-6.555025785E0,6.636572239E0
5.086687114E2,8.973619536E-2,1.301688291E0,-6.421755461E0,6.552967892E0
5.086787004E2,-2.952800781E-1,1.851695668E0,-6.601878939E0,6.863000270E0
5.086886894E2,-5.764112831E-1,2.121338410E0,-6.791398308E0,7.138306354E0
5.086986784E2,-9.561742719E-1,2.453153719E0,-6.312547014E0,6.839625883E0
5.087086684E2,-1.229489650E0,2.632131143E0,-4.838455762E0,5.643617042E0
5.087186574E2,-9.811749195E-1,1.925700514E0,-3.586763358E0,4.187588575E0
5.087286464E2,-1.397878497E0,1.444328778E0,-3.040959105E0,3.645213601E0
5.087386364E2,-1.184913694E0,1.487524792E0,-2.935195838E0,3.497445507E0
5.087486254E2,-8.200104533E-1,1.558862430E0,-2.835740547E0,3.338247096E0
5.087586144E2,-7.642696774E-1,1.360394336E0,-2.461819292E0,2.914675817E0
5.087686034E2,-6.250031801E-1,1.109783551E0,-1.990193403E0,2.362862308E0
5.087785934E2,-5.622206023E-1,8.922449820E-1,-1.407538244E0,1.758794195E0
5.087885824E2,-3.977017348E-1,7.925311710E-1,-2.757763249E-1,9.286145100E-1
5.087985714E2,-1.594537170E-1,3.162434426E-1,9.202611119E-1,9.860608079E-1
5.088085604E2,3.593251428E-1,-8.743511134E-1,2.769051298E0,2.925961299E0
5.088185504E2,1.065763957E0,-1.905510517E0,3.161431628E0,3.842066252E0
5.088285394E2,-4.011255719E-1,-2.487697315E0,2.125889736E0,3.296808582E0
5.088385284E2,-1.794740133E0,-2.745745174E0,1.468496636E0,3.593979838E0
5.088485174E2,-1.491439210E0,-3.077331710E0,1.105790341E-1,3.421489310E0
5.088585074E2,-1.711652514E-1,-2.650202255E0,-7.944921809E-1,2.772018644E0
5.088684964E2,6.105665508E-1,-1.840008838E0,2.915684849E-1,1.960468367E0
5.088784854E2,-1.164147015E-1,-1.213232490E0,2.436975058E0,2.724762905E0
5.088884744E2,-8.112419687E-1,-9.126383892E-1,3.598543158E0,3.800070423E0
5.088984644E2,6.673456460E-2,-1.194008014E0,3.601314738E0,3.794677389E0
5.089084534E2,1.082938253E0,-1.271522067E0,3.542157873E0,3.916172369E0
5.089184424E2,1.775012651E0,-8.090820073E-1,3.489804243E0,3.998001658E0
5.089284324E2,2.270060732E0,-4.721471688E-1,3.312716054E0,4.043536365E0
5.089384214E2,1.897083510E0,1.403025874E-1,3.213121015E0,3.734000176E0
5.089484104E2,1.435726208E0,9.758505911E-1,2.813587201E0,3.306034945E0
5.089583994E2,1.542114251E0,1.275182424E0,2.506704274E0,3.207455829E0
5.089683894E2,1.566267344E0,1.097884759E0,2.277464184E0,2.974119609E0
5.089783784E2,1.437999460E0,9.825855602E-1,1.714381995E0,2.443854016E0
5.089883674E2,1.061071201E0,1.308079152E0,6.162561840E-1,1.793520238E0
5.089983564E2,-6.169053711E-2,1.536201839E0,-3.926405311E-2,1.537941311E0
5.090083464E2,-1.057460034E0,1.448581166E0,-1.265349162E-1,1.797948887E0
5.090183354E2,-1.210048389E0,1.270758567E0,-5.279357457E-1,1.832419327E0
5.090283244E2,-9.513281726E-1,1.029387990E0,-1.407637061E0,1.986481065E0
5.090383134E2,-8.767277142E-1,9.825439719E-1,-2.094149880E0,2.473763906E0
5.090483034E2,-1.156150801E0,9.527199561E-1,-2.269916598E0,2.719720823E0
5.090582924E2,-1.521673700E0,9.088879851E-1,-2.651841522E0,3.189644444E0
5.090682814E2,-1.665093767E0,9.102945328E-1,-3.351406496E0,3.851376233E0
5.090782714E2,-1.419024514E0,1.057544307E0,-4.051677813E0,4.421326004E0
5.090882604E2,-9.262920763E-1,1.175564142E0,-4.479685228E0,4.723086682E0
5.090982494E2,-5.275254174E-1,1.175052803E0,-4.819654040E0,4.988797172E0
5.091082384E2,-4.232810374E-1,1.209653263E0,-5.309472372E0,5.461952464E0
5.091182284E2,-7.278004472E-1,1.338695758E0,-5.707334467E0,5.907238486E0
5.091282174E2,-1.147793084E0,1.515097337E0,-5.860575371E0,6.161111310E0
5.091382064E2,-1.403515652E0,1.560147210E0,-5.770014864E0,6.139787214E0
5.091481954E2,-1.417471493E0,1.289319237E0,-5.559785827E0,5.880713220E0
5.091581854E2,-1.329053114E0,8.208990839E-1,-5.344803588E0,5.568409367E0
5.091681744E2,-1.021656801E0,4.217064553E-1,-5.115102153E0,5.233152873E0
5.091781634E2,-8.279986270E-1,4.759487361E-2,-4.552429268E0,4.627359857E0
5.091881524E2,-7.967535916E-1,-1.355767581E-1,-3.958315321E0,4.039982366E0
5.091981424E2,-4.714243799E-1,5.760062903E-2,-3.036705256E0,3.073619624E0
5.092081314E2,3.334813267E-3,5.654403716E-2,-1.503330254E0,1.504396956E0
5.092181204E2,3.436953892E-1,-5.050158298E-1,3.316891551E-2,6.117742115E-1
5.092281104E2,2.498905550E-1,-9.561600924E-1,5.597691572E-1,1.135794401E0
5.092380994E2,-2.591480861E-1,-7.187678146E-1,-6.169788998E-1,9.820630656E-1
5.092480884E2,-1.301766352E0,5.453674650E-1,-2.239105865E0,2.646812494E0
5.092580775E2,-2.279845170E0,2.373051542E0,-3.676457307E0,4.934106398E0
5.092680675E2,-3.309987159E0,3.798658267E0,-3.992950133E0,6.428800073E0
5.092780565E2,-3.225016883E0,3.998270515E0,-3.122689732E0,6.011496666E0
5.092880455E2,-2.822883397E0,2.634288765E0,-2.426384581E0,4.560207244E0
5.092980345E2,-2.208430494E0,7.719616896E-1,-2.017644326E0,3.089333055E0
5.093080245E2,-2.192689497E0,-8.640851569E-1,-1.055456339E0,2.582347474E0
5.093180135E2,-2.366511139E0,-2.317514688E0,-1.596266484E-1,3.316131778E0
5.093280025E2,-1.963549541E0,-3.714409829E0,1.295485711E-1,4.203468807E0
5.093379915E2,-1.815503742E0,-4.325276635E0,-5.425651869E-1,4.722123335E0
5.093479815E2,-1.570880944E0,-4.809524909E0,-4.743810976E-1,5.081755033E0
5.093579705E2,-1.176344745E0,-5.190312549E0,-9.777199459E-1,5.411013547E0
5.093679595E2,-8.392246963E-1,-5.311784361E0,-1.398981721E0,5.556662761E0
5.093779485E2,-7.242412470E-1,-4.726768681E0,-8.018035394E-1,4.848686055E0
5.093879385E2,-8.588922447E-1,-3.795471534E0,5.265397230E-1,3.926900067E0
5.093979275E2,-1.365246795E0,-3.518380170E0,2.358801000E0,4.450487613E0
5.094079165E2,-1.852535913E0,-3.891486908E0,3.437955227E0,5.513174749E0
5.094179055E2,-2.091493783E0,-4.343833943E0,3.238161131E0,5.807661068E0
5.094278955E2,-2.227393599E0,-4.325084846E0,2.294194238E0,5.378751563E0
5.094378845E2,-2.129361521E0,-3.893158042E0,9.319723539E-1,4.534251040E0
5.094478735E2,-1.787517214E0,-2.893854854E0,-7.455059624E-1,3.482153478E0
5.094578625E2,-1.457672855E0,-2.009925417E0,-1.666793845E0,2.990453487E0
5.094678525E2,-1.640219712E0,-1.940181583E0,-7.082755709E-1,2.637475983E0
5.094778415E2,-2.958018983E0,-1.958886241E0,-7.324048372E-1,3.622641088E0
5.094878305E2,-3.291650583E0,-1.849670193E0,-1.869555111E-1,3.780369789E0
5.094978205E2,-2.354740694E0,-1.648440020E0,5.902922076E-1,2.934382921E0
5.095078095E2,-4.338069758E-1,-1.396506302E0,1.291128951E0,1.950751730E0
5.095177985E2,1.610278459E0,-1.234299862E0,1.854126356E0,2.748504577E0
5.095277875E2,2.762729581E0,-1.605318559E0,1.481506106E0,3.522014020E0
5.095377775E2,3.034180721E0,-2.368918145E0,7.447826618E-1,3.920806937E0
5.095477665E2,3.072495186E0,-2.905205469E0,2.412286359E-1,4.235402784E0
5.095577555E2,3.077451871E0,-3.002266325E0,6.290186092E-2,4.299798803E0
5.095677445E2,3.139754831E0,-3.035990726E0,3.919834502E-1,4.385082794E0
5.095777345E2,3.026478184E0,-3.045936255E0,1.020101734E0,4.413378005E0
5.095877235E2,2.774588319E0,-2.728835319E0,1.116234637E0,4.048562993E0
5.095977125E2,2.640613406E0,-2.199123774E0,1.044296928E0,3.591593046E0
5.096077015E2,2.446571216E0,-1.671221357E0,1.227161873E0,3.206963954E0
5.096176915E2,2.057174428E0,-1.192638450E0,1.534074914E0,2.829794858E0
5.096276805E2,1.545683391E0,-9.335225970E-1,1.660661870E0,2.453242636E0
5.096376695E2,1.052539163E0,-7.137047106E-1,1.643409076E0,2.077981351E0
5.096476585E2,6.844206852E-1,-3.822915441E-1,1.407337538E0,1.610955445E0
5.096576485E2,4.706286469E-1,-1.008825964E-1,9.563774626E-1,1.070666368E0
5.096676375E2,4.079807013E-1,2.653045464E-1,3.402056247E-1,5.937799441E-1
5.096776265E2,4.201241988E-1,5.952044535E-1,-8.686798990E-2,7.337020727E-1
5.096876165E2,4.154332700E-1,7.906008589E-1,-2.719846979E-2,8.935179219E-1
5.096976055E2,-6.462225795E-2,8.378410989E-1,-4.893499696E-1,9.724284735E-1
5.097075945E2,-5.874156699E-1,9.476751977E-1,-1.188824311E0,1.629861556E0
5.097175835E2,-1.129037409E0,1.075093628E0,-1.791756153E0,2.375066713E0
5.097275735E2,-1.774716197E0,1.234997435E0,-2.055338694E0,2.983161643E0
5.097375625E2,-2.032705584E0,1.341418514E0,-1.930814051E0,3.107947638E0
5.097475515E2,-2.044621333E0,1.397168791E0,-1.912133951E0,3.128707924E0
5.097575405E2,-1.870218185E0,1.280579989E0,-1.167266212E0,2.549531639E0
5.097675305E2,-1.523656637E0,1.110793219E0,-4.145912710E-1,1.930615717E0
5.097775195E2,-1.190946851E0,3.901928866E-1,-2.215276122E-1,1.272666246E0
5.097875085E2,-7.985504410E-1,-7.283186567E-1,-1.518095643E0,1.863530320E0
5.097974975E2,1.051788381E-1,-8.886463863E-1,-2.898305755E0,3.033303683E0
5.098074875E2,6.227869391E-1,-1.961565435E-1,-3.022455299E0,3.092179975E0
5.098174765E2,7.412600067E-1,3.885667759E-1,-2.422843799E0,2.563322573E0
5.098274655E2,1.064054377E0,3.498932916E-1,-2.096043209E0,2.376559313E0
5.098374545E2,1.536831584E0,-3.837913549E-1,-1.070589226E0,1.911886087E0
5.098474445E2,2.275660318E0,-8.980089480E-1,2.138300452E-1,2.455763271E0
5.098574335E2,3.094966328E0,-1.339907008E0,1.120688754E0,3.553886696E0
5.098674225E2,2.896944230E0,-1.701835624E0,1.518684165E0,3.687130586E0
5.098774115E2,2.147698974E0,-2.171330788E0,1.250478815E0,3.300149321E0
5.098874015E2,1.643790022E0,-2.716066754E0,4.849642655E-1,3.211581322E0
5.098973905E2,1.679515340E0,-2.860467253E0,-5.353067458E-1,3.359999701E0
5.099073795E2,2.340305380E0,-2.332497593E0,-1.181694217E0,3.509127458E0
5.099173695E2,2.898495789E0,-1.418839742E0,-1.451981176E0,3.538733303E0
5.099273585E2,2.525149023E0,-6.946825486E-1,-1.497256166E0,3.016742856E0
5.099373475E2,1.820798104E0,-3.108958715E-1,-2.086954882E0,2.786995273E0
5.099473365E2,9.002259198E-1,-2.955440068E-1,-2.772150908E0,2.929602980E0
5.099573265E2,3.853717111E-1,-3.294777381E-1,-2.866530815E0,2.911024880E0
5.099673155E2,5.344621155E-1,-4.873186469E-1,-2.395875564E0,2.502668363E0
5.099773045E2,8.426421015E-1,-8.414786518E-1,-1.167066530E0,1.667386073E0
5.099872935E2,8.864209360E-1,-1.105068794E0,2.851482421E-1,1.445070461E0
5.099972835E2,3.314391866E-1,-9.276110619E-1,1.835921050E0,2.083487537E0
5.100072725E2,-5.534199581E-1,-8.498898715E-1,2.926898639E0,3.097631690E0
5.100172615E2,-1.348367345E0,-1.062901599E0,2.783646533E0,3.270556884E0
5.100272505E2,-1.826216718E0,-1.233001780E0,1.924516307E0,2.925598043E0
5.100372405E2,-1.725285882E0,-1.074381437E0,1.003442140E0,2.266672225E0
5.100472295E2,-1.072883673E0,-2.961380839E-1,2.898073035E-1,1.150115391E0
5.100572185E2,5.386248214E-1,5.920335084E-1,-5.504291072E-2,8.022780661E-1
5.100672075E2,2.062283140E0,8.565685612E-1,-1.185407491E-1,2.236240899E0
5.100771975E2,2.763829735E0,8.238533896E-1,2.644518761E-1,2.896104972E0
5.100871865E2,2.426562628E0,1.005172039E0,5.630305879E-1,2.686183251E0
5.100971755E2,1.781180586E0,1.066412267E0,1.130202320E0,2.363725172E0
5.101071645E2,1.212372803E0,5.384607339E-1,1.632266037E0,2.103349755E0
5.101171545E2,1.169141707E0,-8.911390543E-2,1.517064633E0,1.917372869E0
5.101271435E2,1.026655878E0,-5.396944964E-1,1.435293222E0,1.845361503E0
5.101371325E2,3.461194986E-1,-4.080771804E-1,1.606351762E0,1.693130732E0
5.101471225E2,-9.069820851E-2,-1.942947900E-1,1.592782713E0,1.607150709E0
5.101571115E2,-5.308067286E-1,1.262261832E-1,1.293770723E0,1.404112359E0
5.101671005E2,-1.062879087E0,4.982786679E-1,9.428471518E-1,1.505640839E0
5.101770895E2,-1.412618012E0,3.713379550E-1,8.702494378E-1,1.700210460E0
5.101870795E2,-1.745109405E0,3.427474093E-1,7.744050948E-1,1.939738610E0
5.101970685E2,-9.594482741E-1,-1.542074490E-1,5.625093086E-1,1.122825743E0
5.102070575E2,-5.917244831E-1,2.002963722E-2,7.391289890E-2,5.966591714E-1
5.102170465E2,-4.900917255E-1,4.989487588E-1,-3.006886795E-2,7.000313565E-1
5.102270365E2,-2.890728933E-1,6.946392792E-1,-1.445618820E-1,7.661494656E-1
5.102370255E2,-2.393180765E-1,7.727931637E-1,-1.888008924E-1,8.307395455E-1
5.102470145E2,-9.156683067E-2,8.332071805E-1,-1.887558688E-1,8.592132844E-1
5.102570037E2,-1.126726297E-1,1.008714867E0,-1.390105355E-1,1.024463144E0
5.102669937E2,-1.523930762E-1,1.019928072E0,-1.947989662E-1,1.049487284E0
5.102769827E2,9.519267082E-4,9.344458723E-1,-3.660509026E-1,1.003585202E0
5.102869717E2,1.960162286E-1,7.994552976E-1,-4.839727239E-1,9.548721025E-1
5.102969607E2,2.928227127E-1,7.254599530E-1,-2.196442240E-1,8.125766853E-1
5.103069507E2,3.214246604E-1,6.159386802E-1,1.921716660E-1,7.208496509E-1
5.103169397E2,2.433520523E-1,3.800327647E-1,4.956323643E-1,6.702958780E-1
5.103269287E2,1.381197122E-1,2.817305446E-1,5.238713461E-1,6.106474776E-1
5.103369187E2,1.102992448E-1,2.179795218E-1,3.842882220E-1,4.553662624E-1
5.103469077E2,1.458693286E-1,2.741578156E-1,2.572796814E-1,4.032780720E-1
5.103568967E2,4.956249091E-1,2.952539849E-1,1.398523884E-1,5.936140637E-1
5.103668857E2,8.375598478E-1,2.002513486E-1,9.635210060E-2,8.665395713E-1
5.103768757E2,1.110628035E0,-7.616583109E-2,-1.826219934E-1,1.128116420E0
5.103868647E2,1.170927446E0,-4.377974081E-1,-6.801038320E-1,1.423122931E0
5.103968537E2,8.924812827E-1,-8.580631095E-1,-1.093036467E0,1.651521680E0
5.104068427E2,3.485858907E-1,-8.251660895E-1,-1.512277810E0,1.757667594E0
5.104168327E2,-6.218670990E-1,-3.863483423E-1,-1.462695906E0,1.635684274E0
5.104268217E2,-1.566318800E0,-1.489660048E-1,-8.703768340E-1,1.798082670E0
5.104368107E2,-2.017206370E0,-8.421569288E-2,-2.986348450E-2,2.019184402E0
5.104467997E2,-2.193586460E0,-6.444099426E-2,3.205269666E-1,2.217816885E0
5.104567897E2,-1.948330555E0,8.997344613E-2,2.270280880E-1,1.963575546E0
5.104667787E2,-1.645579855E0,3.103479874E-1,2.889270052E-2,1.674838416E0
5.104767677E2,-1.601715505E0,5.450692570E-1,1.069309562E-1,1.695295633E0
5.104867577E2,-1.577483473E0,6.951865786E-1,3.504166174E-1,1.759127708E0
5.104967467E2,-1.564953767E0,7.318749332E-1,5.574360450E-1,1.815339130E0
5.105067357E2,-1.570246082E0,7.845016283E-1,8.732097369E-1,1.960512894E0
5.105167247E2,-1.516918014E0,7.306604666E-1,1.141872924E0,2.034398868E0
5.105267147E2,-1.346179901E0,5.791269493E-1,1.240327172E0,1.919895790E0
5.105367037E2,-1.053269115E0,4.532931143E-1,1.319570392E0,1.748175190E0
5.105466927E2,-7.411392617E-1,4.074550366E-1,1.367695316E0,1.608072601E0
5.105566817E2,-4.363815779E-1,4.080122763E-1,1.296100984E0,1.427158247E0
5.105666717E2,-1.526833722E-1,5.318487024E-1,1.180908351E0,1.304116478E0
5.105766607E2,5.049099952E-2,5.707876503E-1,1.075459079E0,1.218589395E0
5.105866497E2,1.833550150E-1,4.900475425E-1,9.380950465E-1,1.074145228E0
5.105966387E2,2.929516438E-1,2.870591122E-1,7.079785323E-1,8.182036432E-1
5.106066287E2,3.828071223E-1,1.870132524E-1,3.338960405E-1,5.412964209E-1
5.106166177E2,4.411949328E-1,9.463367701E-2,2.098875600E-1,4.976557941E-1
5.106266067E2,4.990298890E-1,1.370803696E-1,2.239049439E-1,5.638752359E-1
5.106365957E2,7.049850503E-1,8.863092542E-2,3.506984532E-1,7.923690851E-1
5.106465857E2,1.022579053E0,-7.531681538E-2,3.030645494E-1,1.069200011E0
5.106565747E2,1.279813565E0,-2.915942127E-1,3.064582734E-1,1.347911948E0
5.106665637E2,1.473550823E0,-5.353880221E-1,1.418410264E-1,1.574201779E0
5.106765537E2,1.423649077E0,-5.387975335E-1,-2.707939124E-1,1.546094699E0
5.106865427E2,1.184940445E0,-3.359020740E-1,-3.434685172E-1,1.278626092E0
5.106965317E2,1.036525101E0,-8.527228475E-2,-1.580870765E-1,1.051972990E0
5.107065207E2,9.429980099E-1,-1.125355124E-2,9.148904443E-2,9.474925511E-1
5.107165107E2,9.874877197E-1,-2.390049398E-2,2.250996763E-1,1.013100733E0
5.107264997E2,1.035880738E0,-5.619934380E-2,2.305042577E-1,1.062703855E0
5.107364887E2,9.704645745E-1,-1.593541682E-1,2.715378244E-1,1.020258806E0
5.107464777E2,1.082444748E0,-3.552499259E-1,4.056998487E-1,1.209331017E0
5.107564677E2,1.335057035E0,-4.094237942E-1,4.921811914E-1,1.480624009E0
5.107664567E2,1.671083655E0,-3.490846217E-1,3.433708687E-1,1.741345517E0
5.107764457E2,1.938432973E0,-2.691800809E-1,1.126483637E-1,1.960272930E0
5.107864347E2,2.345138689E0,-3.524947178E-1,-2.241306464E-1,2.382050071E0
5.107964247E2,2.736032364E0,-5.325953919E-1,-5.098163939E-1,2.833627305E0
5.108064137E2,3.230301889E0,-9.043116617E-1,-5.033623834E-1,3.392050053E0
5.108164027E2,3.716856304E0,-1.483212324E0,-8.845682457E-1,4.098463196E0
5.108263917E2,4.084094192E0,-1.988646230E0,-6.326308729E-1,4.586366864E0
5.108363817E2,4.481723567E0,-1.823260658E0,-1.043076614E0,4.949559009E0
5.108463707E2,4.751575786E0,-1.378272344E0,-2.201399510E0,5.415096204E0
5.108563597E2,4.498730486E0,-9.794308412E-1,-3.172617937E0,5.591365248E0
5.108663497E2,3.498311649E0,-6.088039076E-1,-3.809829957E0,5.208035224E0
5.108763387E2,1.488744375E0,-2.023171699E-1,-4.841001055E0,5.068785186E0
5.108863277E2,-3.633073890E-1,-7.856137687E-1,-3.241391718E0,3.354966694E0
5.108963167E2,-1.855316264E0,-1.632819768E0,-1.333573451E0,2.808329928E0
5.109063067E2,-2.809062918E0,-1.776620927E0,-1.528366862E0,3.658294912E0
5.109162957E2,-2.250984776E0,-1.751423521E0,-1.640964501E0,3.290468250E0
5.109262847E2,-6.582567340E-1,-1.512453080E0,-1.653110191E0,2.335292177E0
5.109362737E2,6.686785188E-1,-1.240950485E0,-2.512439223E0,2.880874853E0
5.109462637E2,1.846258050E0,-1.055161639E0,-3.348633746E0,3.966784950E0
5.109562527E2,2.135935545E0,-1.317059598E0,-4.134347502E0,4.836289477E0
5.109662417E2,1.485821644E0,-8.682214773E-1,-5.135720020E0,5.416372828E0
5.109762307E2,2.144223681E-1,-1.695300776E-1,-5.396315219E0,5.403233785E0
5.109862207E2,-1.548147408E0,4.949691439E-1,-5.466049697E0,5.702583112E0
5.109962097E2,-3.194216967E0,1.585701150E0,-5.497117124E0,6.552538961E0
5.110061987E2,-4.604762726E0,2.392375420E0,-5.275879533E0,7.400148969E0
5.110161877E2,-5.401361951E0,2.742824197E0,-4.667206019E0,7.647261439E0
5.110261777E2,-5.836794745E0,2.583964704E0,-4.004525281E0,7.535334711E0
5.110361667E2,-5.859214139E0,1.904726406E0,-2.757508895E0,6.749979875E0
5.110461557E2,-5.689226224E0,6.391176277E-1,-1.301564476E0,5.871101810E0
5.110561457E2,-5.080924008E0,-7.688819611E-1,-2.460508347E-2,5.138829989E0
5.110661347E2,-4.049164680E0,-1.592662261E0,6.453384805E-1,4.398723614E0
5.110761237E2,-3.261566658E0,-1.912787377E0,1.127965906E0,3.945741971E0
5.110861127E2,-2.488155736E0,-1.861483322E0,1.430758122E0,3.420980551E0
5.110961027E2,-1.658662122E0,-1.315222403E0,1.083560250E0,2.378039701E0
5.111060917E2,-1.222915041E0,-7.574787211E-1,4.509868263E-1,1.507542479E0
5.111160807E2,-1.020869181E0,-3.487881678E-1,-1.175379516E-1,1.085192260E0
5.111260697E2,-7.782462770E-1,-6.557769299E-2,-6.498531157E-1,1.016010223E0
5.111360597E2,-5.943308794E-1,4.610471070E-2,-1.070774436E0,1.225525492E0
5.111460487E2,-2.456391907E-1,8.547459841E-3,-1.192193185E0,1.217265896E0
5.111560377E2,-2.322271398E-1,-1.974020004E-3,-1.424037040E0,1.442849553E0
5.111660267E2,-3.216681969E-1,1.550857008E-1,-1.595970908E0,1.635434236E0
5.111760167E2,-5.044255534E-1,3.822476900E-1,-1.613398534E0,1.733093553E0
5.111860057E2,-4.841281137E-1,8.067555463E-1,-1.572008725E0,1.832060582E0
5.111959947E2,-2.910986611E-1,1.234389324E0,-1.623795176E0,2.060380112E0
5.112059847E2,-3.203660220E-2,1.516350249E0,-1.965978329E0,2.483025415E0
5.112159737E2,1.261390597E-2,1.551655737E0,-2.105175098E0,2.615254640E0
5.112259627E2,-1.156608492E-1,1.278663272E0,-2.059613009E0,2.427006992E0
5.112359517E2,-4.377067763E-1,7.819890797E-1,-1.701088642E0,1.922705571E0
5.112459417E2,-9.715818313E-1,3.028530264E-1,-1.117439749E0,1.511410865E0
5.112559306E2,-1.350088180E0,2.521863180E-1,-2.935097605E-1,1.404451499E0
5.112659196E2,-1.353238952E0,6.046243179E-1,2.962804636E-1,1.511492091E0
5.112759086E2,-1.068097727E0,1.190509479E0,6.093108612E-1,1.711550554E0
5.112858986E2,-8.601906189E-1,1.601894429E0,8.693657774E-1,2.015388429E0
5.112958876E2,-7.820566151E-1,1.710312917E0,9.154830596E-1,2.091624263E0
5.113058766E2,-7.324865520E-1,1.504614303E0,6.250708616E-1,1.786369035E0
5.113158656E2,-4.978927517E-1,1.223951460E0,4.245780230E-2,1.322027622E0
5.113258556E2,-2.750708583E-1,9.356246710E-1,-5.001009527E-1,1.095973752E0
5.113358446E2,-2.493068567E-1,7.431612289E-1,-6.922375354E-1,1.045770207E0
5.113458336E2,-3.891696239E-1,5.795608127E-1,-6.967325824E-1,9.862961133E-1
5.113558226E2,-6.317708936E-1,5.359926242E-1,-5.768672928E-1,1.009553579E0
5.113658126E2,-8.987418965E-1,6.113380909E-1,-3.278481191E-1,1.135321825E0
5.113758016E2,-9.487218493E-1,6.581573313E-1,-4.972413719E-2,1.155732110E0
5.113857906E2,-8.924815750E-1,4.077257627E-1,1.476372251E-1,9.922501749E-1
5.113957806E2,-1.030630231E0,-3.680073810E-1,6.258666676E-1,1.260689173E0
5.114057696E2,-1.269188443E0,-1.631090747E0,1.458127769E0,2.529314713E0
5.114157586E2,-1.285573219E0,-2.943172610E0,2.350031054E0,3.979649415E0
5.114257476E2,-1.105218776E0,-3.947626610E0,3.396733527E0,5.323820343E0
5.114357376E2,-6.685633287E-1,-4.233864189E0,4.441130442E0,6.172213744E0
5.114457266E2,-9.949651390E-2,-3.716007289E0,5.159402997E0,6.359091839E0
5.114557156E2,5.750064164E-1,-2.747445252E0,5.636649231E0,6.296896247E0
5.114657046E2,1.223972802E0,-1.860964090E0,5.488940962E0,5.923661844E0
5.114756946E2,1.942913694E0,-1.291485631E0,4.892854748E0,5.420597416E0
5.114856836E2,2.630863174E0,-1.104729071E0,4.070322245E0,4.970854105E0
5.114956726E2,3.144316828E0,-9.231736100E-1,3.035132940E0,4.466655325E0
5.115056616E2,3.217479822E0,-6.378838652E-1,2.203679339E0,3.951616740E0
5.115156516E2,2.841092504E0,-1.737634617E-1,1.591211859E0,3.260974630E0
5.115256406E2,2.162869575E0,2.695092791E-1,1.160399242E0,2.469244105E0
5.115356296E2,1.395068179E0,6.223723716E-1,8.737079197E-1,1.759809115E0
5.115456196E2,7.572696832E-1,8.289422214E-1,8.642152575E-1,1.416852353E0
5.115556086E2,3.912098636E-1,7.632388133E-1,1.126444753E0,1.415788270E0
5.115655976E2,3.453378721E-1,5.177253377E-1,1.351145357E0,1.487579089E0
5.115755866E2,6.747942679E-1,3.247672212E-1,1.436999440E0,1.620428475E0
5.115855766E2,1.221433210E0,2.111681002E-1,1.207971312E0,1.730804941E0
5.115955656E2,1.683549480E0,1.828874570E-1,9.313892403E-1,1.932685332E0
5.116055546E2,1.981482367E0,2.419361490E-1,6.955660629E-1,2.113910504E0
5.116155436E2,2.116185113E0,3.486601138E-1,4.654483062E-1,2.194640160E0
5.116255336E2,2.067972188E0,5.128458363E-1,2.484125251E-1,2.145047460E0
5.116355226E2,1.848003151E0,7.054022491E-1,3.104929984E-2,1.978300291E0
5.116455116E2,1.518306143E0,9.339155298E-1,-2.074948794E-1,1.794576798E0
5.116555006E2,1.128936106E0,1.126906391E0,-4.465813878E-1,1.656456966E0
5.116654906E2,7.358546944E-1,1.257270648E0,-5.283804265E-1,1.549644311E0
5.116754796E2,3.589933133E-1,1.268227161E0,-4.333301353E-1,1.387462193E0
5.116854686E2,1.456906870E-2,1.240825939E0,-3.412014055E-1,1.286965294E0
5.116954586E2,-3.245410801E-1,1.286343589E0,-3.431520367E-1,1.370313856E0
5.117054476E2,-5.573241439E-1,1.309824253E0,-2.534025389E-1,1.445843222E0
5.117154366E2,-7.082232383E-1,1.222550467E0,-1.073320752E-1,1.416943885E0
5.117254256E2,-8.133567604E-1,1.111473250E0,-3.320049047E-3,1.377291918E0
5.117354156E2,-9.082561934E-1,9.097384626E-1,1.083608928E-1,1.290075760E0
5.117454046E2,-9.643344998E-1,7.218580681E-1,1.501021188E-1,1.213898984E0
5.117553936E2,-8.132734376E-1,7.387588602E-1,2.758979470E-2,1.099063026E0
5.117653826E2,-6.216211505E-1,8.559125036E-1,-3.137855655E-1,1.103385902E0
5.117753726E2,-6.415091389E-1,9.731088316E-1,-4.836857718E-1,1.261913903E0
5.117853616E2,-6.813631761E-1,9.941892135E-1,-2.424834484E-1,1.229417013E0
5.117953506E2,-7.026827091E-1,8.754077053E-1,8.447589397E-2,1.125716579E0
5.118053396E2,-8.005273846E-1,7.574336976E-1,2.675206411E-1,1.134071071E0
5.118153296E2,-9.959626740E-1,5.627319413E-1,4.380020607E-1,1.224930484E0
5.118253186E2,-1.058093141E0,3.805069739E-1,3.736686552E-1,1.184894475E0
5.118353076E2,-1.028533419E0,2.083415562E-1,3.343952465E-1,1.101411540E0
5.118452976E2,-1.032652637E0,4.375062168E-2,3.898756751E-1,1.104666749E0
5.118552866E2,-9.948499489E-1,2.535177290E-2,2.707284236E-1,1.031340396E0
5.118652756E2,-8.694990939E-1,3.599545956E-2,1.989696389E-1,8.926999858E-1
5.118752646E2,-6.227468857E-1,-1.321470737E-4,2.847781134E-1,6.847716955E-1
5.118852546E2,-5.450157550E-1,9.337360203E-2,1.884130758E-1,5.841748795E-1
5.118952436E2,-6.066448233E-1,1.451337397E-1,3.287187696E-2,6.246297337E-1
5.119052326E2,-6.823004848E-1,3.001609683E-2,-1.510803580E-2,6.831274920E-1
5.119152216E2,-7.732417913E-1,-1.338608927E-1,5.518602133E-3,7.847624235E-1
5.119252116E2,-8.282879180E-1,-2.468788004E-1,2.928577960E-2,8.647934285E-1
5.119352006E2,-1.028669075E0,-2.756143570E-1,2.256376201E-1,1.088593439E0
5.119451896E2,-1.422750944E0,-9.165861368E-2,3.032085371E-1,1.457586007E0
5.119551786E2,-1.665193170E0,8.305443585E-2,2.406769511E-1,1.684544962E0
5.119651686E2,-1.751214483E0,1.104761231E-1,1.813838455E-1,1.764045702E0
5.119751576E2,-1.640611622E0,6.590689123E-2,1.962971690E-1,1.653627162E0
5.119851466E2,-1.483289799E0,5.984742165E-2,3.122921866E-1,1.516989371E0
5.119951366E2,-1.354988732E0,9.835835338E-2,4.193073428E-1,1.421790236E0
5.120051256E2,-1.164035625E0,2.205487883E-1,4.296633464E-1,1.260250490E0
5.120151146E2,-9.484803593E-1,3.319633895E-1,3.192994899E-1,1.054403551E0
5.120251036E2,-7.373514354E-1,4.356076258E-1,1.985281742E-1,8.791214813E-1
5.120350936E2,-6.045863110E-1,5.159740967E-1,5.672500849E-2,7.968510541E-1
5.120450826E2,-4.962447140E-1,5.868756795E-1,-1.395818084E-2,7.686850526E-1
5.120550716E2,-3.691660067E-1,6.167438418E-1,-3.141328901E-2,7.194743231E-1
5.120650606E2,-2.532978737E-1,5.737042415E-1,-4.476511359E-2,6.287291030E-1
5.120750506E2,-1.117847300E-1,5.413159293E-1,-6.550050974E-2,5.566049568E-1
5.120850396E2,4.606378019E-2,5.379280525E-1,-1.102966136E-1,5.510479149E-1
5.120950286E2,1.967994449E-1,5.322784728E-1,-1.145718053E-1,5.789448097E-1
5.121050176E2,3.997080606E-1,5.098514771E-1,-9.259826124E-2,6.544383091E-1
5.121150076E2,5.524323633E-1,4.745459890E-1,-6.377908945E-2,7.310562113E-1
5.121249966E2,6.495850208E-1,4.909369040E-1,3.759555012E-2,8.151031642E-1
5.121349856E2,7.380121708E-1,5.542435384E-1,1.702808601E-1,9.385325969E-1
5.121449756E2,7.722859177E-1,5.635359335E-1,3.417720938E-1,1.015286389E0
5.121549646E2,7.733954269E-1,6.132665026E-1,4.477443990E-1,1.083841011E0
5.121649536E2,8.240653512E-1,6.731753200E-1,6.003576046E-1,1.221752008E0
5.121749426E2,9.149062318E-1,7.581096357E-1,6.837979567E-1,1.370898712E0
5.121849326E2,1.010011779E0,8.422183245E-1,6.892867380E-1,1.484780020E0
5.121949216E2,1.081805355E0,9.301142550E-1,6.688942811E-1,1.575701403E0
5.122049106E2,1.267471116E0,1.017558780E0,6.635177663E-1,1.755609503E0
5.122148996E2,1.542563902E0,9.962503570E-1,7.561487719E-1,1.985895045E0
5.122248896E2,1.754436007E0,9.358445263E-1,8.940764031E-1,2.180188820E0
5.122348786E2,1.887957176E0,8.573520881E-1,9.648385298E-1,2.286995472E0
5.122448676E2,1.994309843E0,7.820171463E-1,1.209492465E0,2.460019225E0
5.122548562E2,2.016044528E0,6.599588585E-1,1.677511207E0,2.704445430E0
5.122648462E2,2.045672662E0,5.817628741E-1,2.145185256E0,3.020768853E0
5.122748352E2,2.070347620E0,5.326193655E-1,2.344237633E0,3.172612919E0
5.122848242E2,2.092482255E0,5.276240891E-1,2.343622798E0,3.185818103E0
5.122948142E2,2.178453574E0,6.260017383E-1,2.249716807E0,3.193550354E0
5.123048032E2,2.458434924E0,5.788410205E-1,1.915774427E0,3.170039567E0
5.123147922E2,2.619947884E0,6.500121599E-1,1.656248392E0,3.166986179E0
5.123247812E2,2.704479619E0,6.776969719E-1,1.471721960E0,3.152689126E0
5.123347712E2,2.354892721E0,4.655523866E-1,1.458267225E0,2.808701133E0
5.123447602E2,1.733631321E0,2.158739394E-1,1.394073568E0,2.235066045E0
5.123547492E2,1.090264814E0,-1.009609491E-1,1.370987883E0,1.754559276E0
5.123647382E2,4.633976877E-1,-5.060104412E-1,1.640809988E0,1.778494139E0
5.123747282E2,-2.172614837E-1,-1.070334579E0,1.916019133E0,2.205436008E0
5.123847172E2,-7.318854582E-1,-1.848232362E0,1.963565475E0,2.794138251E0
5.123947062E2,-1.056659404E0,-2.725712906E0,2.148762290E0,3.628115119E0
5.124046962E2,-1.269655928E0,-3.668728457E0,2.397618034E0,4.562912108E0
5.124146852E2,-9.248190165E-1,-4.281142436E0,2.406323076E0,4.997385468E0
5.124246742E2,1.626993603E-1,-4.510925147E0,2.372359816E0,5.099314450E0
5.124346632E2,1.562101496E0,-3.782236946E0,1.708158218E0,4.434329927E0
5.124446532E2,2.262858132E0,-1.776896916E0,6.070506200E-1,2.940476157E0
5.124546422E2,1.798731881E0,6.263952559E-1,-3.074802205E-1,1.929339649E0
5.124646312E2,8.873512280E-1,2.697228779E0,-9.170123988E-1,2.983847689E0
5.124746202E2,4.986455807E-1,4.268501925E0,-1.621696025E0,4.593327127E0
5.124846102E2,-1.363775343E-1,4.716933079E0,-2.028283627E0,5.136340232E0
5.124945992E2,-1.281762004E0,4.074926927E0,-1.872010357E0,4.663943189E0
5.125045882E2,-2.025191327E0,2.612986774E0,-1.039569747E0,3.465516563E0
5.125145772E2,-2.082090290E0,7.761868876E-1,-1.114517310E-1,2.224856748E0
5.125245672E2,-1.409992612E0,-1.029178952E0,3.387669173E-1,1.778215821E0
5.125345562E2,-5.202849564E-1,-2.430175331E0,9.168258727E-2,2.486936724E0
5.125445452E2,4.571601704E-1,-3.021218905E0,-2.967996964E-1,3.069991719E0
5.125545352E2,9.822927609E-1,-2.673609536E0,-4.047390050E-1,2.876960320E0
5.125645242E2,9.449252522E-1,-1.544950150E0,-3.296242109E-1,1.840762565E0
5.125745132E2,7.418912137E-1,-2.688298327E-1,-1.399741566E-1,8.014142601E-1
5.125845022E2,5.448476475E-1,6.890809160E-1,-2.615634978E-2,8.788490328E-1
5.125944922E2,4.685891381E-1,1.190817043E0,-9.536808729E-2,1.283244358E0
5.126044812E2,5.540385935E-1,1.285450135E0,-2.402527356E-1,1.420233146E0
5.126144702E2,6.388238052E-1,9.877520138E-1,-4.018993047E-1,1.243090080E0
5.126244592E2,6.258239830E-1,5.461428058E-1,-5.776198295E-1,1.011717495E0
5.126344492E2,7.634490207E-1,-1.055831730E-2,-7.326628456E-1,1.058187474E0
5.126444382E2,8.457129130E-1,-5.905980170E-1,-8.304709759E-1,1.324280329E0
5.126544272E2,8.560738868E-1,-1.009923486E0,-7.810506016E-1,1.537155812E0
5.126644162E2,7.649365523E-1,-1.181731054E0,-6.302359995E-1,1.542340309E0
5.126744062E2,6.649640751E-1,-1.146305113E0,-4.514180584E-1,1.399989606E0
5.126843952E2,6.064141506E-1,-9.792361289E-1,-3.627573122E-1,1.207573760E0
5.126943842E2,4.965709886E-1,-7.461310297E-1,-3.786056055E-1,9.729524473E-1
5.127043742E2,4.013189685E-1,-3.659819055E-1,-4.435215399E-1,7.012210963E-1
5.127143632E2,4.482063290E-1,-5.138123810E-2,-4.953152990E-1,6.699747685E-1
5.127243522E2,4.234381083E-1,1.637313938E-1,-5.352535361E-1,7.018576414E-1
5.127343412E2,4.332327792E-1,2.786233342E-1,-5.988095543E-1,7.898699169E-1
5.127443312E2,4.437615681E-1,3.233638895E-1,-6.173433276E-1,8.261969005E-1
5.127543202E2,4.096348786E-1,3.368352896E-1,-6.123474665E-1,8.100791109E-1
5.127643092E2,3.716232991E-1,3.249788904E-1,-6.335730055E-1,8.031997939E-1
5.127742982E2,2.558156848E-1,3.145702618E-1,-5.919867307E-1,7.175265873E-1
5.127842882E2,8.011123985E-2,2.195097381E-1,-3.701587178E-1,4.377440031E-1
5.127942772E2,4.857369751E-2,1.670368248E-1,-3.406576145E-1,3.825026996E-1
5.128042662E2,8.200515300E-2,1.308051378E-1,-3.800346650E-1,4.101965088E-1
5.128142552E2,1.480626100E-1,7.304751098E-2,-2.583152233E-1,3.065701061E-1
5.128242452E2,2.539717653E-1,9.824023962E-2,-1.616772670E-1,3.166896603E-1
5.128342342E2,3.618230733E-1,1.307513434E-1,-8.638632551E-2,3.943024821E-1
5.128442232E2,4.184954569E-1,9.774322629E-2,3.950232714E-3,4.297764419E-1
5.128542132E2,5.188570663E-1,4.615207314E-2,9.379518628E-2,5.292827280E-1
5.128642022E2,6.587885383E-1,3.406003118E-3,6.924038887E-2,6.624259736E-1
5.128741912E2,8.245772749E-1,-3.918160737E-2,-4.790755346E-2,8.268966165E-1
5.128841802E2,9.846892422E-1,-7.307967067E-2,-1.447140558E-1,9.979457400E-1
5.128941702E2,1.067849220E0,-1.225997400E-1,-1.871508081E-1,1.091035324E0
5.129041592E2,1.054563177E0,-1.399852663E-1,-1.887965070E-1,1.080436713E0
5.129141482E2,9.320698562E-1,-1.258613169E-1,-1.627269883E-1,9.545026772E-1
5.129241372E2,7.892127299E-1,-7.599860072E-2,-1.615866351E-1,8.091617644E-1
5.129341272E2,7.170718297E-1,-6.614604235E-2,-4.537453964E-2,7.215442861E-1
5.129441162E2,7.030619010E-1,-6.882757545E-3,1.451856337E-2,7.032454747E-1
5.129541052E2,6.181705624E-1,1.755100250E-2,1.018941647E-1,6.267577703E-1
5.129640952E2,6.010809052E-1,5.213377476E-3,1.481725377E-1,6.190965473E-1
5.129740842E2,6.752782711E-1,-6.438953876E-3,1.884212619E-1,7.011025428E-1
5.129840732E2,7.313296804E-1,9.167849422E-3,1.721467066E-1,7.513731692E-1
5.129940622E2,8.237045780E-1,-2.375372887E-2,1.452337271E-1,8.367474571E-1
5.130040522E2,9.078012800E-1,-5.006970763E-2,1.678643520E-1,9.245477707E-1
5.130140412E2,9.708412814E-1,-4.862603009E-2,1.629969835E-1,9.856293934E-1
5.130240302E2,1.012325815E0,-1.181932783E-1,1.337872177E-1,1.027945634E0
5.130340192E2,1.119319628E0,-1.184441239E-1,5.519186854E-3,1.125582473E0
5.130440092E2,1.261787330E0,-1.018696064E-1,3.369516492E-2,1.266341205E0
5.130539982E2,1.305264010E0,-2.289793038E-1,-3.997748651E-2,1.325799327E0
5.130639872E2,1.349041821E0,-2.901101893E-1,-1.167461655E-1,1.384813137E0
5.130739772E2,1.323413767E0,-3.957635289E-1,-1.676116792E-1,1.391454794E0
5.130839662E2,1.096424271E0,-4.982535249E-1,-1.439305289E-1,1.212896844E0
5.130939552E2,6.847238633E-1,-6.239844489E-1,1.789148222E-1,9.435114599E-1
5.131039442E2,3.837767369E-1,-7.405820221E-1,6.711568612E-1,1.070606299E0
5.131139342E2,4.672679597E-1,-8.342514932E-1,1.032093204E0,1.406958167E0
5.131239232E2,8.258712637E-1,-1.050435920E0,1.073269297E0,1.713880378E0
5.131339122E2,1.246870206E0,-1.396461278E0,7.088772494E-1,2.001823261E0
5.131439012E2,1.477538770E0,-1.847195066E0,5.774213165E-1,2.434885173E0
5.131538912E2,1.567154952E0,-2.245196909E0,6.746032101E-1,2.819924342E0
5.131638802E2,1.499877473E0,-2.432721208E0,7.569407773E-1,2.956471588E0
5.131738692E2,1.595078915E0,-2.407420891E0,9.265386826E-1,3.032890704E0
5.131838582E2,1.914623988E0,-2.383623308E0,1.136439106E0,3.261738636E0
5.131938482E2,2.394464630E0,-2.249578813E0,1.127373583E0,3.473476198E0
5.132038372E2,2.812728538E0,-2.208578721E0,1.189404355E0,3.768812083E0
5.132138262E2,3.065262180E0,-2.235018076E0,1.300765162E0,4.010377544E0
5.132238162E2,3.180030744E0,-2.471070757E0,1.290191642E0,4.228874637E0
5.132338052E2,3.248483806E0,-2.482921894E0,1.076193489E0,4.227971215E0
5.132437942E2,3.304497793E0,-2.199716681E0,8.098896539E-1,4.051466449E0
5.132537832E2,3.205528405E0,-1.864991067E0,3.466574425E-1,3.724751726E0
5.132637731E2,2.817568570E0,-1.668750324E0,-1.995854238E-1,3.280739952E0
5.132737621E2,2.246173687E0,-1.367904646E0,-5.526659596E-1,2.687359115E0
5.132837511E2,1.484209859E0,-1.092270994E0,-2.523459470E-1,1.860003577E0
5.132937401E2,5.886766219E-1,-9.922871143E-1,3.537839558E-1,1.206787873E0
5.133037301E2,-9.330577433E-2,-7.649660808E-1,9.294488418E-1,1.207374930E0
5.133137191E2,-8.498740840E-1,-4.008418357E-1,1.129111303E0,1.468963059E0
5.133237081E2,-1.643703191E0,5.028371572E-2,9.012810498E-1,1.875258959E0
5.133336981E2,-2.375794179E0,5.217043680E-1,6.423739421E-1,2.515793654E0
5.133436871E2,-2.948322545E0,9.206984836E-1,5.137188256E-1,3.131165687E0
5.133536761E2,-3.288755626E0,1.098960208E0,3.753712182E-1,3.487768722E0
5.133636651E2,-3.523432750E0,7.502889848E-1,9.732047260E-2,3.603745715E0
5.133736551E2,-3.745489535E0,1.369300961E-2,-2.155704689E-1,3.751712939E0
5.133836441E2,-3.723645214E0,-6.076748103E-1,-3.189311153E-1,3.786359652E0
5.133936331E2,-3.106535921E0,-9.877198541E-1,-2.797363517E-1,3.271759216E0
5.134036221E2,-2.377348953E0,-1.199862100E0,-4.535334349E-1,2.701323691E0
5.134136121E2,-1.656362413E0,-8.728828776E-1,-7.914305788E-1,2.032688693E0
5.134236011E2,-1.137874598E0,-4.912409592E-1,-8.846433824E-1,1.522718029E0
5.134335901E2,-8.489189413E-1,-3.735131192E-1,-1.007462978E0,1.369363747E0
5.134435791E2,-3.747793338E-1,-3.123120672E-1,-8.236955148E-1,9.573257948E-1
5.134535691E2,2.392402902E-1,-2.894763511E-1,-7.540873361E-1,8.424251805E-1
5.134635581E2,3.204513913E-1,-6.164345241E-1,-7.833889031E-1,1.047081081E0
5.134735471E2,4.370021868E-1,-9.366239601E-1,-6.560210511E-1,1.224172771E0
5.134835371E2,5.954206543E-1,-7.721903157E-1,-8.868433973E-1,1.318064813E0
5.134935261E2,6.873038010E-1,-3.477438551E-1,-9.760242534E-1,1.243356605E0
5.135035151E2,6.294761539E-1,6.093675792E-2,-1.208510717E0,1.363983750E0
5.135135041E2,4.307943441E-1,4.798804039E-1,-1.415897715E0,1.555839101E0
5.135234941E2,3.167802170E-2,7.105530614E-1,-1.568672597E0,1.722388709E0
5.135334831E2,-4.298823246E-1,8.097317791E-1,-1.489502758E0,1.749023394E0
5.135434721E2,-8.553994104E-1,8.742873788E-1,-1.392628428E0,1.853510321E0
5.135534611E2,-1.139358183E0,9.688216531E-1,-1.306378781E0,1.985794044E0
5.135634511E2,-1.183388594E0,1.091853502E0,-1.349466621E0,2.100860013E0
5.135734401E2,-1.127948072E0,1.150899855E0,-1.353851741E0,2.104697571E0
5.135834291E2,-1.259986826E0,1.206012202E0,-1.118982536E0,2.072234096E0
5.135934191E2,-1.123321024E0,1.411156501E0,-1.088932526E0,2.106890324E0
5.136034081E2,-1.015520733E0,1.557622236E0,-8.470808691E-1,2.043285440E0
5.136133971E2,-9.137375195E-1,1.679881668E0,-9.004606855E-1,2.113704833E0
5.136233861E2,-8.827404061E-1,1.820713027E0,-9.860487199E-1,2.250892851E0
5.136333761E2,-8.526032719E-1,1.739280608E0,-8.683319896E-1,2.122741109E0
5.136433651E2,-6.405950730E-1,1.713520700E0,-6.015980914E-1,1.925729862E0
5.136533541E2,-4.270706910E-1,1.754289826E0,-4.887921453E-1,1.870518626E0
5.136633431E2,-2.732998829E-1,1.742135804E0,-6.505647218E-1,1.879618164E0
5.136733331E2,1.025601625E-1,1.587380471E0,-8.587232602E-1,1.807678341E0
5.136833221E2,3.349884465E-1,1.537620081E0,-1.199763283E0,1.978869553E0
5.136933111E2,2.660490431E-1,1.808661915E0,-1.352219198E0,2.273881434E0
5.137033011E2,8.088307232E-2,2.239067273E0,-1.353226381E0,2.617477022E0
5.137132901E2,-1.370663363E-1,2.484786571E0,-1.089673076E0,2.716677915E0
5.137232791E2,-1.461594875E-1,2.546670578E0,-7.144052070E-1,2.649012727E0
5.137332681E2,-9.756240115E-2,2.421625532E0,-3.607673585E-1,2.450294212E0
5.137432581E2,-5.713212088E-2,2.210970232E0,-1.201690525E-1,2.214970440E0
5.137532471E2,-4.361993641E-2,1.762294664E0,4.599089465E-1,1.821840120E0
5.137632361E2,7.008618861E-2,1.165629576E0,1.146768213E0,1.636667870E0
5.137732251E2,1.125676721E-1,6.573153323E-1,1.671547632E0,1.799668417E0
5.137832151E2,2.037859905E-1,1.049639529E-1,2.171984214E0,2.184047067E0
5.137932041E2,2.998478499E-1,-6.694787103E-1,2.854172725E0,2.946932714E0
5.138031931E2,3.711587378E-1,-1.658954483E0,3.444105329E0,3.840800737E0
5.138131831E2,6.957264228E-1,-2.662900946E0,3.635136788E0,4.559528064E0
5.138231721E2,1.189746417E0,-3.218105766E0,3.364867663E0,4.805625417E0
5.138331611E2,1.762511742E0,-3.049750979E0,3.058347263E0,4.664859768E0
5.138431501E2,2.085778422E0,-2.496855808E0,2.831948335E0,4.313315654E0
5.138531401E2,1.984730057E0,-1.870451197E0,2.644683068E0,3.798959017E0
5.138631291E2,1.692729170E0,-1.335253209E0,2.636243197E0,3.405585320E0
5.138731181E2,1.251640218E0,-7.802530414E-1,2.610095033E0,2.997998354E0
5.138831071E2,8.064997306E-1,-2.472354805E-1,2.259440727E0,2.411771050E0
5.138930971E2,2.769596551E-1,4.957912624E-2,2.118251811E0,2.136856447E0
5.139030861E2,2.991265959E-1,2.538258773E-1,2.142276266E0,2.177900800E0
5.139130751E2,7.630079944E-1,4.614774621E-1,1.880249376E0,2.080980626E0
5.139230651E2,6.924190915E-1,3.132254022E-1,1.847443573E0,1.997649145E0
5.139330541E2,4.027456892E-1,-1.645652068E-1,1.633685156E0,1.690625028E0
5.139430431E2,2.979472125E-1,-9.336869037E-1,1.323814886E0,1.647127690E0
5.139530321E2,-1.022138612E-1,-1.795724366E0,8.620202127E-1,1.994530651E0
5.139630221E2,-8.950388548E-1,-2.497086774E0,-1.974031699E-1,2.659982127E0
5.139730111E2,-1.954606956E0,-2.905303118E0,-1.165816103E0,3.690582846E0
5.139830001E2,-3.377131613E0,-2.919493141E0,-1.290231988E0,4.646843737E0
5.139929891E2,-4.264596570E0,-2.460429994E0,-1.038885915E0,5.031876747E0
5.140029791E2,-4.480098041E0,-1.327787485E0,-7.092517635E-1,4.726239110E0
5.140129681E2,-4.227585449E0,2.404562187E-1,-6.733232546E-1,4.287617301E0
5.140229571E2,-3.932804503E0,1.735891562E0,-6.194709831E-1,4.343272393E0
5.140329471E2,-3.601374965E0,2.519566979E0,-3.918885791E-1,4.412674479E0
5.140429361E2,-3.008629850E0,2.700159988E0,-7.602704743E-1,4.113481340E0
5.140529251E2,-2.584651167E0,2.457847279E0,-1.861316092E0,4.023174430E0
5.140629141E2,-2.071298523E0,1.877921015E0,-2.945952668E0,4.061465503E0
5.140729041E2,-1.496077075E0,1.305808386E0,-3.640999206E0,4.147319300E0
5.140828931E2,-1.152470856E0,5.968498600E-1,-3.813433888E0,4.028237437E0
5.140928821E2,-7.854608640E-1,-3.375732082E-1,-3.466305453E0,3.570178977E0
5.141028711E2,-2.643245530E-1,-1.231798423E0,-3.056850668E0,3.306286562E0
5.141128611E2,3.683664000E-1,-1.711236777E0,-2.875216269E0,3.366139288E0
5.141228501E2,1.043741004E0,-1.727346441E0,-2.654063756E0,3.334242858E0
5.141328391E2,1.679006340E0,-1.387470015E0,-2.246485051E0,3.129030268E0
5.141428281E2,2.016935644E0,-8.834932351E-1,-1.641042123E0,2.746198998E0
5.141528181E2,1.978101361E0,-3.312792653E-1,-1.312620977E0,2.396999118E0
5.141628071E2,1.854913829E0,-3.207840979E-2,-1.272749398E0,2.249805629E0
5.141727961E2,1.445803446E0,5.581284285E-2,-1.010993819E0,1.765098065E0
5.141827861E2,7.455708665E-1,1.520287764E-1,-9.054542077E-1,1.182723969E0
5.141927751E2,-3.583609369E-1,1.440309548E-1,-1.042329340E0,1.111583524E0
5.142027641E2,-1.115913333E0,1.869360691E-1,-1.072800058E0,1.559200957E0
5.142127531E2,-1.653828522E0,2.046525478E-2,-6.969881058E-1,1.794814761E0
5.142227431E2,-1.752117293E0,-2.078316790E-1,-1.566700038E-1,1.771342572E0
5.142327321E2,-1.486359588E0,-2.033088577E-1,-3.739411354E-2,1.500665731E0
5.142427211E2,-1.252047623E0,-9.847529769E-2,-1.094110528E-1,1.260671017E0
5.142527111E2,-1.091276967E0,1.207754087E-1,-2.598373997E-1,1.128267518E0
5.142627009E2,-7.192303294E-1,4.421874976E-1,-5.361455289E-1,1.000137030E0
5.142726899E2,-4.376488888E-1,6.629280746E-1,-6.689433977E-1,1.038506356E0
5.142826789E2,-1.821290731E-1,7.800998443E-1,-5.660534522E-1,9.808890239E-1
5.142926689E2,1.914240995E-1,8.764438319E-1,-5.809549351E-1,1.068786982E0
5.143026579E2,4.234968728E-1,7.725727236E-1,-6.018179467E-1,1.066959725E0
5.143126469E2,4.685689652E-1,5.309757131E-1,-5.863149315E-1,9.193787478E-1
5.143226359E2,4.614248371E-1,3.430637437E-1,-6.025666827E-1,8.328818762E-1
5.143326259E2,4.399263793E-1,2.075340557E-1,-6.713767165E-1,8.290671257E-1
5.143426149E2,3.163235494E-1,1.187119263E-1,-8.758189107E-1,9.387288606E-1
5.143526039E2,1.075031063E-1,7.130445600E-2,-9.388988194E-1,9.477194924E-1
5.143625929E2,7.014115244E-2,3.925294340E-2,-5.641791272E-1,5.698760062E-1
5.143725829E2,1.413008898E-1,6.096190095E-2,-1.990865833E-1,2.516302098E-1
5.143825719E2,2.328115690E-1,1.023999488E-1,2.237027764E-2,2.553182436E-1
5.143925609E2,2.321946877E-1,9.885536671E-2,1.820583218E-1,3.111783879E-1
5.144025509E2,2.253043288E-1,5.160986423E-2,2.246096796E-1,3.222966441E-1
5.144125399E2,2.636141163E-1,4.093050957E-6,1.665297250E-1,3.118085176E-1
5.144225289E2,3.209261853E-1,-1.428591728E-2,1.181875773E-1,3.422952048E-1
5.144325179E2,3.266029546E-1,1.507938445E-2,-6.475206614E-2,3.333012269E-1
5.144425079E2,3.606030518E-1,3.809694886E-2,-1.957068926E-1,4.120523344E-1
5.144524969E2,4.100020838E-1,-6.611154377E-2,-2.310924876E-1,4.752643293E-1
5.144624859E2,3.468275964E-1,-2.151980013E-1,-2.375922525E-1,4.722813143E-1
5.144724749E2,1.575967875E-1,-2.992248291E-1,-2.179480930E-1,4.023352048E-1
5.144824649E2,-1.744779915E-2,-2.800190645E-1,-2.257529564E-1,3.601103991E-1
5.144924539E2,-1.343479657E-1,-2.000595599E-1,-2.322823960E-1,3.347063114E-1
5.145024429E2,-1.123837772E-1,-1.042494231E-1,-1.929293190E-1,2.464138343E-1
5.145124329E2,-3.947776884E-2,-1.270219892E-1,-2.033525656E-1,2.429924812E-1
5.145224219E2,-3.769933820E-2,-2.101962930E-1,-2.587334454E-1,3.354798317E-1
5.145324109E2,-2.847097009E-2,-1.629735947E-1,-3.809556015E-1,4.153289768E-1
5.145423999E2,1.596494526E-2,-2.969859302E-2,-4.230869830E-1,4.244284169E-1
5.145523899E2,9.098618388E-2,1.561586648E-1,-3.994250554E-1,4.384112101E-1
5.145623789E2,2.253446746E-1,3.852180755E-1,-4.368462123E-1,6.245060458E-1
5.145723679E2,2.911539173E-1,4.498467654E-1,-5.246592584E-1,7.499333659E-1
5.145823579E2,4.021717849E-1,3.423538917E-1,-6.734916544E-1,8.558851210E-1
5.145923469E2,4.816065019E-1,1.470352542E-1,-8.391305561E-1,9.786236656E-1
5.146023359E2,5.768655387E-1,-1.364190495E-1,-9.081385182E-1,1.084481247E0
5.146123249E2,6.355090186E-1,-3.887024313E-1,-8.461540854E-1,1.127358873E0
5.146223149E2,5.289391279E-1,-4.760674345E-1,-7.923269570E-1,1.064987704E0
5.146323039E2,4.222803596E-1,-5.009683871E-1,-7.201438107E-1,9.736000899E-1
5.146422929E2,3.914751810E-1,-4.752739674E-1,-6.455980968E-1,8.921519288E-1
5.146522819E2,4.139056849E-1,-3.819067973E-1,-5.993593387E-1,8.224368272E-1
5.146622719E2,4.954383829E-1,-3.001036656E-1,-5.906214058E-1,8.272575454E-1
5.146722609E2,6.300506428E-1,-2.423776138E-1,-5.995138514E-1,9.028441605E-1
5.146822499E2,7.794434944E-1,-1.917050582E-1,-7.219013375E-1,1.079548300E0
5.146922399E2,8.808923936E-1,-2.516875505E-1,-6.936912994E-1,1.149141267E0
5.147022289E2,9.752220154E-1,-3.279457676E-1,-6.566328160E-1,1.220562600E0
5.147122179E2,1.075639466E0,-3.524578804E-1,-6.549320072E-1,1.307731911E0
5.147222069E2,1.154751124E0,-3.504400063E-1,-5.634284178E-1,1.331807020E0
5.147321969E2,1.224236219E0,-3.617988074E-1,-5.524238849E-1,1.390979815E0
5.147421859E2,1.261630625E0,-3.318955618E-1,-5.003824961E-1,1.397229094E0
5.147521749E2,1.263203233E0,-4.269432217E-1,-4.560443754E-1,1.409233620E0
5.147621639E2,9.720782599E-1,-8.676127821E-1,-3.927510434E-1,1.360860561E0
5.147721539E2,5.166131973E-1,-1.435570965E0,-1.822887752E-1,1.536548856E0
5.147821429E2,3.949095431E-1,-1.700624081E0,1.213454392E-1,1.750085863E0
5.147921319E2,6.200606748E-1,-1.668387796E0,2.141349044E-1,1.792720513E0
5.148021219E2,7.546366820E-1,-1.623008725E0,4.265309930E-2,1.790377929E0
5.148121109E2,9.834464166E-1,-1.713253482E0,5.449020267E-2,1.976201794E0
5.148220999E2,1.452803879E0,-1.886188978E0,3.764262021E-1,2.410403422E0
5.148320889E2,1.770000125E0,-2.230640266E0,2.778999605E-1,2.861098535E0
5.148420789E2,1.625075716E0,-2.199863446E0,-2.185983033E-1,2.743730213E0
5.148520679E2,1.198417546E0,-1.860018010E0,-5.206466798E-1,2.273091414E0
5.148620569E2,9.285369685E-1,-1.636632738E0,-4.431078494E-1,1.933156017E0
5.148720459E2,9.916132227E-1,-1.479915664E0,-3.119021773E-1,1.808516000E0
5.148820359E2,1.069915334E0,-1.281550042E0,-3.724056566E-1,1.710489785E0
5.148920249E2,8.484616891E-1,-1.037451593E0,-4.041987222E-1,1.399846296E0
5.149020139E2,3.550438115E-1,-7.197489774E-1,-2.647281571E-1,8.450891644E-1
5.149120039E2,-7.859184086E-2,-4.149973601E-1,-5.566023052E-2,4.260252899E-1
5.149219929E2,-4.860927781E-1,-1.235177529E-1,2.211403804E-1,5.481294483E-1
5.149319819E2,-9.981068480E-1,7.700666070E-2,5.125433891E-1,1.124654628E0
5.149419709E2,-1.609399331E0,1.873880589E-1,5.913949925E-1,1.724827101E0
5.149519609E2,-2.335738412E0,1.888790989E-1,5.116761008E-1,2.398574926E0
5.149619499E2,-3.059668149E0,3.616678298E-2,3.008801758E-1,3.074639182E0
5.149719389E2,-3.605438195E0,-7.346967995E-2,-4.465284705E-2,3.606463122E0
5.149819279E2,-3.929931474E0,-1.945023662E-1,-3.864152929E-1,3.953670363E0
5.149919179E2,-3.990905654E0,-3.341537565E-1,-5.313832641E-1,4.039969659E0
5.150019069E2,-3.610375876E0,-4.368408036E-1,-6.424739295E-1,3.693022692E0
5.150118959E2,-2.904890304E0,-6.114158589E-1,-1.022099728E0,3.139570812E0
5.150218859E2,-2.356733133E0,-6.555319315E-1,-1.547083215E0,2.894370336E0
5.150318749E2,-2.078666161E0,-5.752443981E-1,-1.745799961E0,2.774811098E0
5.150418639E2,-1.772509165E0,-5.881690836E-1,-1.436710587E0,2.356240421E0
5.150518529E2,-1.431021831E0,-5.712279457E-1,-9.229099005E-1,1.796075592E0
5.150618429E2,-1.105819869E0,-5.980935627E-1,-1.651212770E-1,1.267997843E0
5.150718319E2,-1.134482628E0,-5.438413417E-1,2.957474899E-1,1.292393445E0
5.150818209E2,-9.710260534E-1,-3.147439241E-1,3.311640751E-1,1.073137912E0
5.150918109E2,-5.803615889E-1,1.108573616E-2,5.081522763E-3,5.804896978E-1
5.151017999E2,-3.262240550E-1,5.511035836E-1,-3.679606032E-1,7.386015837E-1
5.151117889E2,-3.883355185E-1,1.034888758E0,-4.639923495E-1,1.198786101E0
5.151217779E2,-4.300306977E-1,1.152562219E0,-7.262616062E-1,1.428559411E0
5.151317679E2,-5.775351910E-1,1.407854578E0,-9.101787579E-1,1.773140373E0
5.151417569E2,-9.969958770E-1,1.321463721E0,-6.040431046E-1,1.762139386E0
5.151517459E2,-1.190019336E0,1.300610796E0,-5.381113628E-1,1.843176145E0
5.151617359E2,-1.134862259E0,1.209922235E0,-6.627140665E-1,1.786340979E0
5.151717249E2,-1.039973789E0,1.045182196E0,-9.121039537E-1,1.733748808E0
5.151817139E2,-8.818016356E-1,1.105763444E0,-1.229574142E0,1.874070300E0
5.151917029E2,-7.535306811E-1,1.431447508E0,-1.461696324E0,2.180230860E0
5.152016929E2,-7.011197484E-1,1.798823975E0,-1.483295354E0,2.434646114E0
5.152116819E2,-6.354628256E-1,2.219038221E0,-1.453229556E0,2.727603301E0
5.152216709E2,-6.192008418E-1,2.588243111E0,-1.299455386E0,2.961586802E0
5.152316599E2,-5.907132071E-1,3.019912637E0,-1.061453828E0,3.255072758E0
5.152416499E2,-6.884415230E-1,3.051220969E0,-8.055586213E-1,3.229988518E0
5.152516389E2,-7.375958490E-1,2.941172277E0,-6.008148569E-1,3.091200494E0
5.152616276E2,-7.343804651E-1,2.903657711E0,-6.395672786E-1,3.062611480E0
5.152716176E2,-6.953570250E-1,2.844537098E0,-7.460731423E-1,3.021843449E0
5.152816066E2,-7.791797850E-1,2.783276405E0,-6.157232103E-1,2.955141918E0
5.152915956E2,-9.983892685E-1,2.750529073E0,-2.792127335E-1,2.939413388E0
5.153015846E2,-1.145524803E0,2.601104647E0,2.349469721E-2,2.842274522E0
5.153115746E2,-1.257675568E0,2.173666166E0,2.941722500E-1,2.528459956E0
5.153215636E2,-1.272586260E0,1.421289141E0,7.421461523E-1,2.047026996E0
5.153315526E2,-1.058752707E0,4.943814987E-1,1.124968039E0,1.622012161E0
5.153415426E2,-7.511733761E-1,-4.460723877E-1,1.432425748E0,1.677821665E0
5.153515316E2,-3.163937160E-1,-1.275939639E0,1.768636847E0,2.203679478E0
5.153615206E2,8.686828226E-2,-1.904175013E0,1.962067711E0,2.735532541E0
5.153715096E2,3.347063184E-2,-2.231184642E0,1.959198190E0,2.969471794E0
5.153814996E2,-1.807912302E-1,-2.099956750E0,1.958222289E0,2.877001626E0
5.153914886E2,-2.686251801E-1,-1.694866328E0,1.834391126E0,2.511916033E0
5.154014776E2,-3.026697162E-1,-1.083789023E0,1.623666829E0,1.975475025E0
5.154114666E2,-4.063873351E-1,-4.433183491E-1,1.559219111E0,1.671181037E0
5.154214566E2,-2.083488652E-1,-7.094660640E-2,1.072263283E0,1.094619212E0
5.154314456E2,-2.363239914E-1,1.029028094E-1,7.414854169E-1,7.850086882E-1
5.154414346E2,-3.526055226E-1,1.917436498E-1,2.685778177E-1,4.829392570E-1
5.154514246E2,-4.405219182E-1,-3.482601643E-3,-2.366154751E-1,5.000585686E-1
5.154614136E2,-5.248884693E-1,-3.807882249E-1,-3.947095683E-1,7.591463764E-1
5.154714026E2,-6.846706536E-1,-6.093933070E-1,-1.425185725E-1,9.276020968E-1
5.154813916E2,-7.513584405E-1,-3.617508602E-1,1.806321859E-1,8.532474305E-1
5.154913816E2,-4.825540432E-1,-6.693249285E-2,4.688496315E-1,6.761348536E-1
5.155013706E2,-7.990249425E-2,3.863021493E-2,5.375605550E-1,5.448376386E-1
5.155113596E2,2.349732846E-1,2.608442903E-2,4.951281881E-1,5.486754638E-1
5.155213486E2,3.773635107E-1,7.267913640E-2,4.883711457E-1,6.214433619E-1
5.155313386E2,4.158013523E-1,2.975197810E-1,3.725708404E-1,6.326277071E-1
5.155413276E2,2.016988268E-1,4.493053132E-1,4.170816001E-1,6.453795336E-1
5.155513166E2,1.663825214E-3,4.123707908E-1,5.399801329E-1,6.794343098E-1
5.155613066E2,-2.069747695E-1,3.243824744E-1,5.995199910E-1,7.123810529E-1
5.155712956E2,-4.459267920E-1,1.981188691E-1,6.001090980E-1,7.734550534E-1
5.155812846E2,-7.295766851E-1,1.650932103E-1,5.470681277E-1,9.267261968E-1
5.155912736E2,-9.346560797E-1,2.632708848E-1,4.189483237E-1,1.057549641E0
5.156012636E2,-1.007610035E0,3.998899090E-1,1.181625804E-1,1.090482608E0
5.156112526E2,-1.133966611E0,5.221452481E-1,-1.116721711E-1,1.253390047E0
5.156212416E2,-1.155016588E0,5.845794779E-1,-2.718619063E-1,1.322764295E0
5.156312316E2,-1.015649080E0,4.917566836E-1,-3.794430730E-1,1.190522883E0
5.156412206E2,-8.040874618E-1,2.836870229E-1,-2.627463895E-1,8.922279072E-1
5.156512096E2,-4.134767917E-1,1.892644304E-1,-8.076203495E-2,4.618512619E-1
5.156611986E2,7.235344648E-3,1.469767821E-1,1.635056913E-2,1.480603451E-1
5.156711886E2,3.375471881E-1,7.427834988E-2,1.091002733E-1,3.624337830E-1
5.156811776E2,5.554965967E-1,-6.044851542E-2,2.393244901E-1,6.078706306E-1
5.156911666E2,6.781521776E-1,-2.320017296E-1,3.098454192E-1,7.808452871E-1
5.157011566E2,7.069429904E-1,-3.385029155E-1,3.276206625E-1,8.495221680E-1
5.157111456E2,7.150796834E-1,-2.779585057E-1,3.483268225E-1,8.425743052E-1
5.157211346E2,6.760714459E-1,-1.550552952E-1,3.486200604E-1,7.763057974E-1
5.157311236E2,6.293942928E-1,1.096294463E-2,3.547254306E-1,7.225562214E-1
5.157411136E2,6.175513422E-1,1.086295724E-1,3.318856215E-1,7.094491596E-1
5.157511026E2,5.607634762E-1,9.479096711E-2,2.679167899E-1,6.286655788E-1
5.157610916E2,5.214742801E-1,1.196527433E-1,2.504660672E-1,5.907499086E-1
5.157710816E2,5.331999940E-1,2.078012735E-1,2.724109599E-1,6.337912384E-1
5.157810706E2,5.519075757E-1,2.602636617E-1,2.861454847E-1,6.739572570E-1
5.157910596E2,5.608687261E-1,2.735736787E-1,3.098150137E-1,6.967077065E-1
5.158010486E2,5.218756914E-1,2.087134391E-1,3.030661574E-1,6.385645094E-1
5.158110386E2,4.251142126E-1,1.046756852E-1,3.480715916E-1,5.593146929E-1
5.158210276E2,2.791937301E-1,-3.225616515E-2,4.456525576E-1,5.268736103E-1
5.158310166E2,1.169937220E-1,-1.163771331E-1,5.269838190E-1,5.522165459E-1
5.158410056E2,-2.339295566E-2,-1.586577648E-1,5.572577780E-1,5.798756314E-1
5.158509956E2,-1.136704570E-1,-1.013182139E-1,5.539102471E-1,5.744588019E-1
5.158609846E2,-1.990105695E-1,-6.977716327E-2,5.416191074E-1,5.812274226E-1
5.158709736E2,-2.956650442E-1,-5.621162295E-2,5.254635429E-1,6.055489244E-1
5.158809636E2,-3.117741233E-1,-8.341170073E-2,5.167573312E-1,6.092608268E-1
5.158909526E2,-3.007070982E-1,-8.550091088E-2,4.772558811E-1,5.705333827E-1
5.159009416E2,-2.531651419E-1,2.763920367E-2,4.172160861E-1,4.888003449E-1
5.159109306E2,-1.893246567E-1,1.824617797E-1,3.859065852E-1,4.669689702E-1
5.159209206E2,-1.313237858E-1,3.622350097E-1,3.392849806E-1,5.133950107E-1
5.159309096E2,-1.273348153E-2,4.691390687E-1,2.895640594E-1,5.514534902E-1
5.159408986E2,6.837850928E-2,4.544666505E-1,2.517881227E-1,5.240351283E-1
5.159508876E2,1.361693734E-1,3.663046718E-1,2.128743178E-1,4.450131301E-1
5.159608776E2,1.877964869E-1,2.312714124E-1,1.743335652E-1,3.451755765E-1
5.159708666E2,1.933256140E-1,1.010697073E-1,1.568813807E-1,2.687036404E-1
5.159808556E2,2.052711833E-1,-1.464727521E-3,1.855070096E-1,2.766789741E-1
5.159908456E2,2.125974521E-1,-5.945156515E-2,2.537229663E-1,3.363145981E-1
5.160008346E2,2.436987922E-1,-9.182467461E-2,3.416697675E-1,4.296034243E-1
5.160108236E2,2.681044856E-1,-1.158812892E-1,3.702044722E-1,4.715504635E-1
5.160208126E2,2.332772997E-1,-1.392052478E-1,3.253776705E-1,4.238714758E-1
5.160308026E2,1.648154676E-1,-1.931165761E-1,2.670937943E-1,3.685067778E-1
5.160407916E2,7.073552191E-2,-2.258048505E-1,1.854836208E-1,3.006584742E-1
5.160507806E2,-3.364809483E-2,-1.988509405E-1,1.210259619E-1,2.352045371E-1
5.160607706E2,-1.536402690E-1,-1.358425140E-1,7.586528420E-2,2.186642683E-1
5.160707596E2,-2.110239664E-1,-4.566032231E-2,3.640067160E-2,2.189543064E-1
5.160807486E2,-1.981118524E-1,6.170040429E-2,-5.778803229E-3,2.075780348E-1
5.160907376E2,-1.506792390E-1,1.567182434E-1,-4.527908385E-2,2.220698906E-1
5.161007276E2,-5.085674286E-2,2.121369839E-1,-9.677141905E-2,2.386487288E-1
5.161107166E2,2.415075481E-2,1.894842857E-1,-5.811196804E-2,1.996610987E-1
5.161207056E2,5.908202112E-2,6.556716800E-2,-2.097337782E-2,9.071726030E-2
5.161306956E2,9.721112967E-2,-3.811449051E-2,-8.988018304E-2,1.377721504E-1
5.161406846E2,6.701201499E-2,-8.645108342E-2,-2.080839863E-1,2.350815717E-1
5.161506736E2,1.854707569E-2,-8.140318215E-2,-2.800827992E-1,2.922616062E-1
5.161606626E2,-3.771658748E-2,-9.209364653E-3,-3.292508662E-1,3.315320290E-1
5.161706526E2,-1.320979571E-1,6.005207419E-2,-2.854715931E-1,3.202345272E-1
5.161806416E2,-2.143451849E-1,6.249504089E-2,-2.012070760E-1,3.005557783E-1
5.161906306E2,-3.057742953E-1,-1.738084853E-2,-4.698150069E-2,3.098504074E-1
5.162006196E2,-3.171974158E-1,-1.028227025E-1,2.698723912E-2,3.345370231E-1
5.162106096E2,-2.136104822E-1,-1.873500520E-1,6.320284635E-2,2.910740110E-1
5.162205986E2,-5.529273301E-2,-2.262854916E-1,5.652064830E-2,2.397018851E-1
5.162305876E2,1.589127034E-1,-2.167638856E-1,4.213503599E-2,2.720573297E-1
5.162405776E2,4.036847520E-1,-1.364523786E-1,-2.311404347E-3,4.261290570E-1
5.162505666E2,5.538757485E-1,-5.722728431E-2,-9.460941106E-2,5.648046100E-1
5.162605555E2,6.045447958E-1,-4.975571215E-2,-2.267064911E-1,6.475692041E-1
5.162705445E2,5.176823607E-1,-8.666976929E-2,-3.248028892E-1,6.172548844E-1
5.162805345E2,3.357094082E-1,-1.915559542E-1,-3.464136136E-1,5.190345673E-1
5.162905235E2,5.564268887E-2,-3.059690076E-1,-3.612026837E-1,4.766345783E-1
5.163005125E2,-1.426162210E-1,-3.266278052E-1,-3.180253816E-1,4.776664662E-1
5.163105025E2,-2.459268737E-1,-2.612413162E-1,-3.288763520E-1,4.867100856E-1
5.163204915E2,-2.734245747E-1,-1.823588687E-1,-3.516269910E-1,4.813079013E-1
5.163304805E2,-2.913568157E-1,-8.187563717E-2,-3.357482922E-1,4.520169574E-1
5.163404695E2,-3.014847779E-1,5.703315675E-2,-3.506662935E-1,4.659535403E-1
5.163504595E2,-3.493804908E-1,1.682758498E-1,-3.295809415E-1,5.089273877E-1
5.163604485E2,-3.162434426E-1,2.784315455E-1,-2.498521096E-1,4.898572416E-1
5.163704375E2,-1.488993466E-1,3.694937432E-1,-1.608025235E-1,4.295975945E-1
5.163804275E2,8.848591447E-2,3.668092865E-1,-5.999857217E-2,3.820715095E-1
5.163904165E2,3.713894105E-1,2.925888240E-1,-3.384660780E-3,4.728105013E-1
5.164004055E2,5.812746316E-1,1.463862133E-1,8.219167918E-2,6.050327205E-1
5.164103945E2,6.691746551E-1,-3.324726820E-2,1.745089817E-1,6.923535835E-1
5.164203845E2,6.470613626E-1,-1.657223707E-1,2.361181694E-1,7.084519045E-1
5.164303735E2,5.199309075E-1,-2.131070369E-1,2.985749111E-1,6.363094650E-1
5.164403625E2,3.652358007E-1,-1.862156922E-1,3.064227515E-1,5.118284643E-1
5.164503525E2,1.521764186E-1,-1.341813201E-1,3.180264048E-1,3.772308089E-1
5.164603415E2,-7.707068771E-2,-6.751429081E-2,3.073407644E-1,3.239697761E-1
5.164703305E2,-2.925262588E-1,-1.825149894E-2,3.541836861E-1,4.597290646E-1
5.164803195E2,-4.996112484E-1,6.274413228E-2,3.188428223E-1,5.959941031E-1
5.164903095E2,-5.314551848E-1,1.748738480E-1,3.392221230E-1,6.542913150E-1
5.165002985E2,-4.245370924E-1,1.996075702E-1,3.665524475E-1,5.953449603E-1
5.165102875E2,-2.741619086E-1,1.733143955E-1,3.525887118E-1,4.790839504E-1
5.165202765E2,-1.791651195E-1,8.262817383E-2,3.224166405E-1,3.779947688E-1
5.165302665E2,-1.193074653E-1,-4.358397603E-2,3.047649197E-1,3.301749393E-1
5.165402555E2,-1.056188411E-1,-1.164104623E-1,2.319068585E-1,2.801562534E-1
5.165502445E2,-8.807485521E-2,-1.624859369E-1,1.652871917E-1,2.479490180E-1
5.165602345E2,-1.331364226E-1,-1.694347680E-1,8.960784897E-2,2.333731223E-1
5.165702235E2,-2.240360677E-1,-1.561615884E-1,1.252719176E-1,3.004524167E-1
5.165802125E2,-2.652212235E-1,-1.321172529E-1,1.952699594E-1,3.548628228E-1
5.165902015E2,-3.382394984E-1,-1.334907639E-1,2.092833965E-1,4.195536704E-1
5.166001915E2,-3.545777884E-1,-1.359740764E-1,1.878116897E-1,4.236597553E-1
5.166101805E2,-3.755327475E-1,-9.094291449E-2,1.151860553E-1,4.031913758E-1
5.166201695E2,-3.526116621E-1,-3.329638481E-2,6.243890762E-2,3.596418367E-1
5.166301595E2,-3.298887974E-1,5.787749469E-2,-1.532028973E-2,3.352776973E-1
5.166401485E2,-3.062218997E-1,8.178734422E-2,-3.335895002E-2,3.187065124E-1
5.166501375E2,-3.614544064E-1,6.637232959E-2,-1.351154128E-1,3.915491652E-1
5.166601265E2,-2.998311853E-1,7.555245817E-2,-1.764641444E-1,3.560147580E-1
5.166701165E2,-1.670020339E-1,1.179576355E-1,-2.169515812E-1,2.981135215E-1
5.166801055E2,-1.051493096E-1,1.754457057E-1,-2.739136943E-1,3.418571118E-1
5.166900945E2,-5.839672744E-2,2.148641253E-1,-2.483388501E-1,3.335400345E-1
5.167000845E2,-9.864457458E-2,1.469726890E-1,-2.085336372E-1,2.735287942E-1
5.167100735E2,-1.901637322E-1,1.170203269E-2,-2.206565233E-1,2.915278441E-1
5.167200625E2,-2.134780428E-1,-7.328666210E-2,-2.160476017E-1,3.124425960E-1
5.167300515E2,-1.658387303E-1,-1.649908841E-1,-2.468864018E-1,3.401137629E-1
5.167400415E2,-9.911673725E-2,-1.771209329E-1,-2.731330910E-1,3.402905199E-1
5.167500305E2,-6.454215109E-2,-1.206648964E-1,-2.454275215E-1,2.809988875E-1
5.167600195E2,-7.250225812E-2,-5.537137806E-2,-2.932302636E-1,3.070937225E-1
5.167700095E2,-1.260373181E-1,2.484540403E-2,-3.167132664E-1,3.417747690E-1
5.167799985E2,-1.575058633E-1,6.296164870E-2,-3.282676569E-1,3.695022608E-1
5.167899875E2,-2.465659744E-1,5.257465482E-2,-3.273534447E-1,4.131817418E-1
5.167999765E2,-3.040844500E-1,5.232848704E-2,-2.728936476E-1,4.119181547E-1
5.168099665E2,-2.589269882E-1,8.631601274E-2,-3.056380552E-1,4.097661041E-1
5.168199555E2,-1.928692389E-1,1.419774127E-1,-2.573871240E-1,3.515739760E-1
5.168299445E2,-1.840645015E-1,1.441081381E-1,-1.922903645E-1,3.026920555E-1
5.168399345E2,-1.231163415E-1,1.326312232E-1,-2.036482885E-1,2.724358647E-1
5.168499235E2,-7.794133812E-2,1.053685802E-1,-2.295268956E-1,2.643103965E-1
5.168599125E2,-7.485927075E-2,6.940644979E-2,-2.527255775E-1,2.725644570E-1
5.168699015E2,-1.237914026E-1,2.480213463E-2,-2.355518666E-1,2.672529496E-1
5.168798915E2,-2.995952502E-1,-4.247417450E-2,-2.796824111E-1,4.120480803E-1
5.168898805E2,-4.146330786E-1,-4.782437682E-3,-3.333152658E-1,5.320174132E-1
5.168998695E2,-5.694384053E-1,5.789737523E-2,-3.505984658E-1,6.712164239E-1
5.169098585E2,-6.329850680E-1,1.718941069E-1,-3.700816807E-1,7.531122962E-1
5.169198485E2,-5.948232150E-1,3.074892837E-1,-3.700927904E-1,7.650705786E-1
5.169298375E2,-5.366729477E-1,3.705310392E-1,-3.277180186E-1,7.298699909E-1
5.169398265E2,-4.772129041E-1,3.550978982E-1,-2.464275415E-1,6.438580639E-1
5.169498165E2,-3.598458374E-1,3.230493093E-1,-1.787926519E-1,5.155741414E-1
5.169598055E2,-1.764873871E-1,2.773971730E-1,-1.457238699E-1,3.596281909E-1
5.169697945E2,-4.513699651E-2,2.388295233E-1,-9.987102807E-2,2.627757826E-1
5.169797835E2,7.423215687E-2,2.529183894E-1,-1.144039902E-1,2.873436928E-1
5.169897735E2,1.258964002E-1,1.898281020E-1,-1.607026823E-1,2.787650695E-1
5.169997625E2,6.656879604E-2,6.592150927E-3,-2.597176780E-1,2.681942082E-1
5.170097515E2,-8.296789706E-2,-2.263837248E-1,-2.123118156E-1,3.212624626E-1
5.170197415E2,-2.179941398E-1,-3.885182440E-1,-8.754100442E-2,4.540168481E-1
5.170297305E2,-2.570231348E-1,-4.298428559E-1,-1.157631755E-2,5.009588643E-1
5.170397195E2,-1.807935691E-1,-3.933421969E-1,1.520568430E-3,4.329049672E-1
5.170497085E2,-1.984457284E-2,-3.342946744E-1,2.968017429E-2,3.361958494E-1
5.170596985E2,1.327762341E-1,-3.689335799E-1,-5.386513531E-2,3.957814644E-1
5.170696875E2,3.958509448E-1,-1.927201349E-1,-3.984015003E-2,4.420704225E-1
5.170796765E2,3.508060420E-1,-8.040974021E-2,1.599681258E-2,3.602589394E-1
5.170896665E2,5.105300465E-1,-2.365806842E-1,-2.135379767E-1,6.018386960E-1
5.170996555E2,8.212548870E-1,-1.247854292E-1,-1.313202775E-1,8.409970321E-1
5.171096445E2,8.106927690E-1,-1.774612409E-1,-1.706493808E-1,8.472523053E-1
5.171196335E2,5.918768030E-1,-2.366379869E-1,-2.042107907E-1,6.693412686E-1
5.171296235E2,6.942179874E-1,-2.139718401E-1,-8.460424036E-2,7.313552077E-1
5.171396125E2,8.323865238E-1,-1.706533277E-1,-1.979459377E-1,8.724519915E-1
5.171496015E2,8.189426056E-1,-1.646108150E-1,-2.532826710E-1,8.728778970E-1
5.171595915E2,9.625701025E-1,1.628794545E-1,-2.523437543E-1,1.008339372E0
5.171695805E2,4.515649697E-1,-2.592643726E-1,-4.097603014E-1,6.625952319E-1
5.171795695E2,3.655193907E-1,-4.610137779E-1,-2.053039277E-1,6.231274597E-1
5.171895585E2,3.255978182E-1,-5.850992954E-1,-1.853225300E-1,6.947658345E-1
5.171995485E2,4.580428076E-1,-2.875555408E-1,-1.969508877E-1,5.755701997E-1
5.172095375E2,3.584088841E-1,-2.539358050E-1,-2.069613209E-1,4.855649386E-1
5.172195265E2,2.550342044E-1,-2.070633548E-1,-1.672674975E-1,3.686408741E-1
5.172295165E2,1.340851334E-1,-2.074942946E-1,-1.675689214E-1,2.985164128E-1
5.172395055E2,1.859677702E-2,-1.680290973E-1,-1.200918692E-1,2.073684516E-1
5.172494945E2,-4.120679051E-2,-9.105108798E-2,-1.087210813E-1,1.476772621E-1
5.172594837E2,-2.570933014E-2,1.448004484E-2,-1.441923380E-1,1.471804053E-1
5.172694737E2,-3.951899171E-2,1.441139853E-1,-1.281768143E-1,1.968753087E-1
5.172794627E2,2.875777602E-2,2.725229341E-1,-9.266462713E-2,2.892792637E-1
5.172894517E2,1.220232046E-1,2.805856597E-1,-3.232355431E-2,3.076731822E-1
5.172994407E2,1.679551300E-1,1.880020165E-1,-1.357431114E-3,2.521022145E-1
5.173094307E2,1.194340575E-1,6.250439644E-2,-6.478948832E-2,1.495626005E-1
5.173194197E2,8.579356402E-2,-9.518097639E-3,-7.733322769E-2,1.158945983E-1
5.173294087E2,6.292919666E-2,8.586051464E-2,-1.046315387E-1,1.492644320E-1
5.173393987E2,3.698802441E-2,2.899376965E-1,-1.721926072E-1,3.392377865E-1
5.173493877E2,-6.931961864E-2,3.579490006E-1,-2.126015452E-1,4.220570027E-1
5.173593767E2,-3.235898843E-1,-1.024975973E-1,-4.722240597E-2,3.427041382E-1
5.173693667E2,-2.509776986E-1,-1.485315567E-1,5.924822822E-2,2.975933149E-1
5.173793557E2,-2.704079962E-1,-1.742546278E-1,-3.448146924E-2,3.235338181E-1
5.173893447E2,-2.040985242E-1,-2.863381505E-2,-6.187932909E-2,2.151863246E-1
5.173993337E2,-1.769890782E-1,7.183655262E-2,-3.934474468E-2,1.950221347E-1
5.174093237E2,-2.253090066E-1,3.073647380E-2,3.264734387E-2,2.297275089E-1
5.174193127E2,-1.787935290E-1,-2.721761942E-2,1.127195536E-1,2.131047221E-1
5.174293017E2,-6.116158336E-2,-5.799970150E-2,1.145279512E-1,1.422018152E-1
5.174392917E2,5.828182966E-2,-5.359148562E-2,8.869042084E-2,1.188899060E-1
5.174492807E2,1.395212898E-1,-7.751653790E-3,4.166024208E-2,1.458144513E-1
5.174592697E2,1.366997159E-1,-4.426342249E-3,3.882024944E-2,1.421738956E-1
5.174692587E2,9.553327113E-2,-4.973758578E-2,8.425136089E-2,1.367432819E-1
5.174792487E2,7.095537722E-2,-7.908008337E-2,1.079659134E-1,1.514759506E-1
5.174892377E2,8.006767809E-2,-9.888635695E-2,1.445191973E-1,1.925490666E-1
5.174992267E2,1.346777487E-1,-1.342678589E-1,1.511335677E-1,2.429142013E-1
5.175092157E2,1.944380468E-1,-1.116981912E-1,1.342854005E-1,2.613717826E-1
5.175192057E2,2.240430844E-1,-1.694575721E-1,1.007697451E-1,2.984387943E-1
5.175291947E2,3.174660954E-1,-1.594225806E-1,8.340161428E-2,3.649056182E-1
5.175391837E2,3.732517487E-1,-8.623181283E-2,5.824411511E-2,3.874857035E-1
5.175491737E2,3.469600359E-1,-5.496441185E-2,2.578505158E-2,3.522317730E-1
5.175591627E2,3.036780685E-1,-9.903604567E-2,1.334729299E-2,3.196977602E-1
5.175691517E2,2.471673605E-1,-1.116174996E-1,7.659852505E-2,2.818111147E-1
5.175791407E2,1.857689649E-1,-9.280115962E-2,1.375136483E-1,2.490625765E-1
5.175891307E2,3.500552595E-2,-1.306747448E-1,1.443909971E-1,1.978636799E-1
5.175991197E2,-2.641158074E-2,-1.121250379E-1,1.614632589E-1,1.983430858E-1
5.176091087E2,-6.259239703E-2,-4.491421759E-2,1.003515230E-1,1.265129372E-1
5.176190987E2,-5.919341058E-2,3.797415733E-2,5.206653178E-2,8.750325829E-2
5.176290877E2,-5.322340339E-2,1.026771069E-2,3.309524059E-4,5.420577535E-2
5.176390767E2,-1.243544894E-1,-8.734336853E-2,1.060860336E-2,1.523333369E-1
5.176490667E2,-2.215401837E-1,-1.383006835E-1,8.039336801E-2,2.732585327E-1
5.176590557E2,-2.567553324E-1,-1.233522767E-1,1.678677142E-1,3.306337162E-1
5.176690447E2,-1.982527703E-1,4.354246080E-2,1.538542771E-1,2.546983420E-1
5.176790337E2,-1.766192418E-1,2.463233149E-1,-2.142478287E-2,3.038561393E-1
5.176890237E2,-1.767516813E-1,2.645362222E-1,-7.608806312E-2,3.271237733E-1
5.176990127E2,-1.767051959E-1,3.134452575E-1,-3.011564568E-2,3.610811652E-1
5.177090017E2,-1.970941445E-1,3.739288563E-1,5.180486888E-3,4.227241758E-1
5.177189907E2,-1.569489160E-1,6.834518015E-1,-1.532441202E-1,7.177904204E-1
5.177289807E2,-1.683565414E-1,3.189515805E-1,-8.802515388E-2,3.712444794E-1
5.177389697E2,-3.218862981E-2,2.154465079E-2,1.997058034E-2,4.357870978E-2
5.177489587E2,8.168443322E-2,-1.128910232E-1,1.259899557E-2,1.399123455E-1
5.177589487E2,1.765879592E-1,-1.103030455E-1,2.307749838E-2,2.094818372E-1
5.177689377E2,9.452871948E-2,-2.656542099E-1,5.802849904E-2,2.878804348E-1
5.177789267E2,1.342263436E-1,-3.206770939E-1,1.244555001E-1,3.692420363E-1
5.177889167E2,1.422905311E-1,-3.470690864E-1,1.415672305E-1,4.009299524E-1
5.177989057E2,1.531812626E-1,-4.023293674E-1,2.798446713E-1,5.134651489E-1
5.178088947E2,1.616556323E-1,-3.059865493E-1,3.189895874E-1,4.706534486E-1
5.178188837E2,1.797477946E-1,-1.414488244E-1,2.611458604E-1,3.471515519E-1
5.178288737E2,2.704462954E-1,2.249347848E-1,7.290293857E-2,3.592376575E-1
5.178388627E2,2.437350449E-1,1.570620596E-1,-5.887239844E-2,2.958736588E-1
5.178488517E2,2.503128701E-1,-9.774848878E-2,-1.252064288E-2,2.690131345E-1
5.178588407E2,2.147644302E-1,-3.703801811E-2,1.177265243E-1,2.476996363E-1
5.178688307E2,1.656656528E-1,7.377782822E-2,1.295895016E-1,2.228939554E-1
5.178788197E2,1.700946262E-1,8.665690541E-2,1.802374989E-1,2.625398201E-1
5.178888087E2,9.797945380E-2,2.320701420E-2,2.094376168E-1,2.323847116E-1
5.178987987E2,-1.042997092E-2,-6.205240667E-2,1.809441349E-1,1.915726113E-1
5.179087877E2,1.476685077E-2,-1.979282498E-3,1.448704688E-1,1.456345776E-1
5.179187767E2,4.954082698E-2,5.391834497E-2,9.382237583E-2,1.190131071E-1
5.179287667E2,1.645456186E-1,1.981445968E-2,6.269136116E-2,1.771950343E-1
5.179387557E2,1.095440769E-1,8.122718096E-2,-1.556411862E-2,1.372588850E-1
5.179487447E2,1.831380102E-1,-3.768939793E-2,4.154958352E-2,1.915369139E-1
5.179587337E2,1.544305202E-1,-6.158755302E-2,-4.050044686E-2,1.711201288E-1
5.179687237E2,3.934766829E-2,-1.578268754E-1,-8.803743303E-2,1.849544572E-1
5.179787127E2,-7.504755110E-2,-2.885378730E-1,-1.046262762E-1,3.159634421E-1
5.179887017E2,-1.197650099E-1,-1.420054793E-2,-1.649289036E-1,2.043204747E-1
5.179986917E2,-1.999885163E-1,1.285919666E-1,-1.533796294E-1,2.829427703E-1
5.180086807E2,-2.788198006E-1,1.773881507E-1,-1.349332720E-1,3.569510122E-1
5.180186697E2,-2.300429124E-1,1.088383180E-1,-6.397497118E-2,2.624086849E-1
5.180286587E2,3.486402333E-2,5.576910567E-1,4.424938917E-2,5.605290566E-1
5.180386487E2,2.298964396E-1,1.049454757E0,-8.452939600E-2,1.077660837E0
5.180486377E2,1.729378349E-1,8.604516971E-1,-2.106424356E-1,9.025823250E-1
5.180586267E2,6.203735009E-1,1.461026233E0,-1.804373275E-1,1.597503854E0